time,log_type,rnti,format,prb1,prb2,symb,cs,occ,ack,metric,sinr,t,bwp,n_id,slot,cp,ports,status,epre,rsrp,t_align,cfo,sr,prb,csi1,n_id0
2025-07-30 21:14:18.807094,PHY,0x4601,1,0,50,"[0,",0,0,1,1387.7,+19.7dB,25.1us,"[0,",1,455.17,normal,0,valid,-16.2dB,-15.9dB,na,na,,,,
2025-07-30 21:14:18.812152,PHY,0x4601,1,4,na,"[0,",0,0,,0.3,-20.4dB,24.0us,"[0,",1,456.7,normal,0,invalid,-42.8dB,-63.9dB,na,na,no,,,
2025-07-30 21:14:18.812399,CSI,0x4601,2,,na,"[4,",,,,,+31.1dB,33.4us,"[0,",1,456.8,normal,0,valid,-12.2dB,-12.2dB,0.11us,-58.4Hz,,"[7,",0001,1
2025-07-30 21:14:18.832107,PHY,0x4601,1,4,na,"[0,",0,0,,2569.6,+19.9dB,16.9us,"[0,",1,458.7,normal,0,valid,-14.0dB,-14.0dB,na,na,yes,,,
2025-07-30 21:14:18.832385,CSI,0x4601,2,,na,"[4,",,,,,+33.2dB,12.7us,"[0,",1,458.8,normal,0,valid,-12.4dB,-12.4dB,0.15us,-17.0Hz,,"[7,",1111,1
2025-07-30 21:14:18.852175,PHY,0x4601,1,4,na,"[0,",0,0,2,0.2,-22.9dB,19.9us,"[0,",1,460.7,normal,0,invalid,-42.9dB,-66.8dB,na,na,,,,
2025-07-30 21:14:18.852197,PHY,0x4601,1,0,na,"[0,",0,0,1,2347.0,+19.4dB,12.0us,"[0,",1,460.7,normal,0,valid,-14.2dB,-14.3dB,na,na,,,,
2025-07-30 21:14:18.852308,CSI,0x4601,2,,na,"[4,",,,,,+30.5dB,23.2us,"[0,",1,460.8,normal,0,valid,-12.3dB,-12.3dB,0.18us,+32.8Hz,,"[7,",1111,1
2025-07-30 21:14:18.857608,PHY,0x4601,1,0,na,"[0,",0,0,1,1228.9,+16.6dB,16.8us,"[0,",1,460.18,normal,0,valid,-14.3dB,-14.4dB,na,na,,,,
2025-07-30 21:14:18.872122,PHY,0x4601,1,4,na,"[0,",0,0,,1331.5,+17.0dB,16.8us,"[0,",1,462.7,normal,0,valid,-14.0dB,-14.1dB,na,na,yes,,,
2025-07-30 21:14:18.872398,CSI,0x4601,2,,na,"[4,",,,,,+33.2dB,14.5us,"[0,",1,462.8,normal,0,valid,-12.3dB,-12.4dB,0.21us,-28.3Hz,,"[7,",1111,1
2025-07-30 21:14:18.892084,PHY,0x4601,1,4,na,"[0,",0,0,2,0.5,-17.8dB,15.0us,"[0,",1,464.7,normal,0,invalid,-42.6dB,-60.6dB,na,na,,,,
2025-07-30 21:14:18.892100,PHY,0x4601,1,0,na,"[0,",0,0,1,1270.8,+16.8dB,11.8us,"[0,",1,464.7,normal,0,valid,-14.3dB,-14.3dB,na,na,,,,
2025-07-30 21:14:18.892358,CSI,0x4601,2,,na,"[4,",,,,,+31.0dB,13.6us,"[0,",1,464.8,normal,0,valid,-12.4dB,-12.4dB,0.20us,-76.7Hz,,"[7,",1111,1
2025-07-30 21:14:18.893136,PHY,0x4601,1,0,na,"[0,",0,0,1,1263.1,+16.8dB,15.8us,"[0,",1,464.9,normal,0,valid,-14.3dB,-14.3dB,na,na,,,,
2025-07-30 21:14:18.912151,PHY,0x4601,1,4,na,"[0,",0,0,,1344.8,+17.0dB,17.2us,"[0,",1,466.7,normal,0,valid,-14.0dB,-14.1dB,na,na,yes,,,
2025-07-30 21:14:18.912378,CSI,0x4601,2,,na,"[4,",,,,,+29.4dB,14.1us,"[0,",1,466.8,normal,0,valid,-12.4dB,-12.4dB,0.20us,-36.1Hz,,"[7,",1111,1
2025-07-30 21:14:18.932343,CSI,0x4601,2,,na,"[4,",,,,,+29.3dB,11.0us,"[0,",1,468.8,normal,0,valid,-12.4dB,-12.5dB,0.20us,-14.3Hz,,"[7,",1111,1
2025-07-30 21:14:18.941671,PHY,0x4601,2,,na,"[0,",,,111,,+30.9dB,21.3us,"[0,",1,469.7,normal,0,valid,-13.6dB,-13.7dB,0.21us,+141.0Hz,,"[6,",,1
2025-07-30 21:14:18.952162,PHY,0x4601,1,4,na,"[0,",0,0,,1143.4,+16.3dB,15.7us,"[0,",1,470.7,normal,0,valid,-14.1dB,-14.2dB,na,na,yes,,,
2025-07-30 21:14:18.952321,CSI,0x4601,2,,na,"[4,",,,,,+29.7dB,12.4us,"[0,",1,470.8,normal,0,valid,-12.5dB,-12.5dB,0.21us,-33.5Hz,,"[7,",1111,1
2025-07-30 21:14:18.972116,PHY,0x4601,1,4,na,"[0,",0,0,2,0.2,-21.9dB,15.3us,"[0,",1,472.7,normal,0,invalid,-43.5dB,-66.4dB,na,na,,,,
2025-07-30 21:14:18.972131,PHY,0x4601,1,0,na,"[0,",0,0,1,1292.6,+16.8dB,11.6us,"[0,",1,472.7,normal,0,valid,-14.4dB,-14.5dB,na,na,,,,
2025-07-30 21:14:18.972356,CSI,0x4601,2,,na,"[4,",,,,,+28.9dB,12.5us,"[0,",1,472.8,normal,0,valid,-12.4dB,-12.5dB,0.20us,-55.6Hz,,"[7,",1111,1
2025-07-30 21:14:18.992073,PHY,0x4601,1,4,na,"[0,",0,0,,0.1,-36.4dB,15.2us,"[0,",1,474.7,normal,0,invalid,-43.3dB,-80.1dB,na,na,no,,,
2025-07-30 21:14:18.992304,CSI,0x4601,2,,na,"[4,",,,,,+30.2dB,11.8us,"[0,",1,474.8,normal,0,valid,-12.3dB,-12.4dB,0.21us,-59.2Hz,,"[7,",1111,1
2025-07-30 21:14:19.012132,PHY,0x4601,1,4,na,"[0,",0,0,,0.6,-13.5dB,16.5us,"[0,",1,476.7,normal,0,invalid,-43.7dB,-57.7dB,na,na,no,,,
2025-07-30 21:14:19.012367,CSI,0x4601,2,,na,"[4,",,,,,+30.1dB,17.7us,"[0,",1,476.8,normal,0,valid,-12.5dB,-12.5dB,0.20us,-71.7Hz,,"[7,",1111,1
2025-07-30 21:14:19.032084,PHY,0x4601,1,4,na,"[0,",0,0,,0.2,-16.8dB,15.0us,"[0,",1,478.7,normal,0,invalid,-43.1dB,-61.4dB,na,na,no,,,
2025-07-30 21:14:19.032319,CSI,0x4601,2,,na,"[4,",,,,,+30.6dB,13.0us,"[0,",1,478.8,normal,0,valid,-12.4dB,-12.5dB,0.20us,+14.7Hz,,"[7,",1111,1
2025-07-30 21:14:19.052146,PHY,0x4601,1,4,na,"[0,",0,0,,0.4,-14.6dB,14.7us,"[0,",1,480.7,normal,0,invalid,-43.4dB,-59.0dB,na,na,no,,,
2025-07-30 21:14:19.052276,CSI,0x4601,2,,na,"[4,",,,,,+30.5dB,11.9us,"[0,",1,480.8,normal,0,valid,-12.5dB,-12.5dB,0.21us,-19.1Hz,,"[7,",1111,1
2025-07-30 21:14:19.067154,PHY,0x4601,1,0,na,"[0,",0,0,1,1272.5,+16.8dB,20.8us,"[0,",1,481.17,normal,0,valid,-14.5dB,-14.6dB,na,na,,,,
2025-07-30 21:14:19.072106,PHY,0x4601,1,4,na,"[0,",0,0,,1280.7,+16.8dB,17.2us,"[0,",1,482.7,normal,0,valid,-14.2dB,-14.3dB,na,na,yes,,,
2025-07-30 21:14:19.072354,CSI,0x4601,2,,na,"[4,",,,,,+28.5dB,25.4us,"[0,",1,482.8,normal,0,valid,-12.5dB,-12.5dB,0.21us,-199.4Hz,,"[7,",1111,1
2025-07-30 21:14:19.092075,PHY,0x4601,1,4,na,"[0,",0,0,,0.2,-18.1dB,24.0us,"[0,",1,484.7,normal,0,invalid,-43.7dB,-61.9dB,na,na,no,,,
2025-07-30 21:14:19.092298,CSI,0x4601,2,,na,"[4,",,,,,+29.0dB,15.7us,"[0,",1,484.8,normal,0,valid,-12.4dB,-12.5dB,0.23us,+66.0Hz,,"[7,",1111,1
2025-07-30 21:14:19.112132,PHY,0x4601,1,4,na,"[0,",0,0,,0.4,-13.9dB,17.4us,"[0,",1,486.7,normal,0,invalid,-43.6dB,-58.5dB,na,na,no,,,
2025-07-30 21:14:19.112400,CSI,0x4601,2,,na,"[4,",,,,,+32.9dB,12.3us,"[0,",1,486.8,normal,0,valid,-12.6dB,-12.6dB,0.22us,+52.3Hz,,"[7,",1111,1
2025-07-30 21:14:19.132087,PHY,0x4601,1,4,na,"[0,",0,0,,0.2,-23.8dB,16.0us,"[0,",1,488.7,normal,0,invalid,-43.1dB,-67.0dB,na,na,no,,,
2025-07-30 21:14:19.132337,CSI,0x4601,2,,na,"[4,",,,,,+28.6dB,12.5us,"[0,",1,488.8,normal,0,valid,-12.6dB,-12.6dB,0.23us,-29.4Hz,,"[7,",1111,1
2025-07-30 21:14:19.152144,PHY,0x4601,1,4,na,"[0,",0,0,,0.3,-18.2dB,14.7us,"[0,",1,490.7,normal,0,invalid,-43.6dB,-62.4dB,na,na,no,,,
2025-07-30 21:14:19.152413,CSI,0x4601,2,,na,"[4,",,,,,+31.6dB,12.6us,"[0,",1,490.8,normal,0,valid,-12.6dB,-12.6dB,0.21us,-64.7Hz,,"[7,",1111,1
2025-07-30 21:14:19.172107,PHY,0x4601,1,4,na,"[0,",0,0,,0.4,-14.4dB,14.5us,"[0,",1,492.7,normal,0,invalid,-43.2dB,-58.3dB,na,na,no,,,
2025-07-30 21:14:19.172344,CSI,0x4601,2,,na,"[4,",,,,,+31.7dB,14.0us,"[0,",1,492.8,normal,0,valid,-12.5dB,-12.6dB,0.21us,-79.3Hz,,"[7,",1111,1
2025-07-30 21:14:19.192174,PHY,0x4601,1,4,na,"[0,",0,0,,0.2,-28.7dB,20.7us,"[0,",1,494.7,normal,0,invalid,-43.3dB,-72.7dB,na,na,no,,,
2025-07-30 21:14:19.192309,CSI,0x4601,2,,na,"[4,",,,,,+30.4dB,20.4us,"[0,",1,494.8,normal,0,valid,-12.6dB,-12.6dB,0.19us,-85.9Hz,,"[7,",1111,1
2025-07-30 21:14:19.212121,PHY,0x4601,1,4,na,"[0,",0,0,,0.3,-21.0dB,14.5us,"[0,",1,496.7,normal,0,invalid,-44.0dB,-65.0dB,na,na,no,,,
2025-07-30 21:14:19.212401,CSI,0x4601,2,,na,"[4,",,,,,+30.6dB,12.2us,"[0,",1,496.8,normal,0,valid,-12.6dB,-12.6dB,0.20us,+12.0Hz,,"[7,",1111,1
2025-07-30 21:14:19.232078,PHY,0x4601,1,4,na,"[0,",0,0,,0.2,-23.6dB,14.2us,"[0,",1,498.7,normal,0,invalid,-43.4dB,-67.8dB,na,na,no,,,
2025-07-30 21:14:19.232316,CSI,0x4601,2,,na,"[4,",,,,,+30.9dB,12.3us,"[0,",1,498.8,normal,0,valid,-12.6dB,-12.6dB,0.21us,-39.0Hz,,"[7,",1111,1
2025-07-30 21:14:19.252141,PHY,0x4601,1,4,na,"[0,",0,0,,1360.4,+17.1dB,15.4us,"[0,",1,500.7,normal,0,valid,-14.2dB,-14.3dB,na,na,yes,,,
2025-07-30 21:14:19.252423,CSI,0x4601,2,,na,"[4,",,,,,+32.1dB,15.3us,"[0,",1,500.8,normal,0,valid,-12.6dB,-12.6dB,0.21us,-2.1Hz,,"[7,",1111,1
2025-07-30 21:14:19.272111,PHY,0x4601,1,4,na,"[0,",0,0,2,0.1,-24.0dB,23.6us,"[0,",1,502.7,normal,0,invalid,-43.4dB,-68.0dB,na,na,,,,
2025-07-30 21:14:19.272131,PHY,0x4601,1,0,na,"[0,",0,0,1,1196.1,+16.5dB,12.1us,"[0,",1,502.7,normal,0,valid,-14.5dB,-14.6dB,na,na,,,,
2025-07-30 21:14:19.272392,CSI,0x4601,2,,na,"[4,",,,,,+36.0dB,27.7us,"[0,",1,502.8,normal,0,valid,-12.5dB,-12.5dB,0.23us,-181.6Hz,,"[7,",1111,1
2025-07-30 21:14:19.292171,PHY,0x4601,1,4,na,"[0,",0,0,,0.1,-20.7dB,22.1us,"[0,",1,504.7,normal,0,invalid,-43.7dB,-65.2dB,na,na,no,,,
2025-07-30 21:14:19.292302,CSI,0x4601,2,,na,"[4,",,,,,+29.0dB,23.5us,"[0,",1,504.8,normal,0,valid,-12.5dB,-12.5dB,0.21us,-50.6Hz,,"[7,",1111,1
2025-07-30 21:14:19.293116,PHY,0x4601,1,0,na,"[0,",0,0,1,1255.2,+16.7dB,17.6us,"[0,",1,504.9,normal,0,valid,-14.5dB,-14.6dB,na,na,,,,
2025-07-30 21:14:19.297127,PHY,0x4601,1,0,na,"[0,",0,0,1,1293.0,+16.8dB,16.4us,"[0,",1,504.17,normal,0,valid,-14.5dB,-14.6dB,na,na,,,,
2025-07-30 21:14:19.312117,PHY,0x4601,1,4,na,"[0,",0,0,,1332.3,+17.0dB,15.6us,"[0,",1,506.7,normal,0,valid,-14.2dB,-14.3dB,na,na,yes,,,
2025-07-30 21:14:19.312397,CSI,0x4601,2,,na,"[4,",,,,,+30.4dB,14.8us,"[0,",1,506.8,normal,0,valid,-12.6dB,-12.6dB,0.22us,-130.9Hz,,"[7,",1011,1
2025-07-30 21:14:19.332084,PHY,0x4601,1,4,na,"[0,",0,0,2,0.1,-26.0dB,24.5us,"[0,",1,508.7,normal,0,invalid,-43.5dB,-69.8dB,na,na,,,,
2025-07-30 21:14:19.332101,PHY,0x4601,1,0,na,"[0,",0,0,1,1235.3,+16.7dB,11.9us,"[0,",1,508.7,normal,0,valid,-14.5dB,-14.5dB,na,na,,,,
2025-07-30 21:14:19.332316,CSI,0x4601,2,,na,"[4,",,,,,+33.5dB,21.2us,"[0,",1,508.8,normal,0,valid,-12.6dB,-12.6dB,0.22us,-102.0Hz,,"[7,",1011,1
2025-07-30 21:14:19.352143,PHY,0x4601,1,4,na,"[0,",0,0,,0.1,-24.2dB,16.9us,"[0,",1,510.7,normal,0,invalid,-43.1dB,-67.4dB,na,na,no,,,
2025-07-30 21:14:19.352374,CSI,0x4601,2,,na,"[4,",,,,,+33.6dB,13.2us,"[0,",1,510.8,normal,0,valid,-12.5dB,-12.6dB,0.21us,-133.6Hz,,"[7,",1011,1
2025-07-30 21:14:19.372099,PHY,0x4601,1,4,na,"[0,",0,0,,0.5,-26.1dB,22.4us,"[0,",1,512.7,normal,0,invalid,-43.0dB,-69.2dB,na,na,no,,,
2025-07-30 21:14:19.372325,CSI,0x4601,2,,na,"[4,",,,,,+31.9dB,17.6us,"[0,",1,512.8,normal,0,valid,-12.5dB,-12.6dB,0.24us,-85.2Hz,,"[7,",1011,1
2025-07-30 21:14:19.392153,PHY,0x4601,1,4,na,"[0,",0,0,,0.5,-18.0dB,16.1us,"[0,",1,514.7,normal,0,invalid,-43.2dB,-61.7dB,na,na,no,,,
2025-07-30 21:14:19.392311,CSI,0x4601,2,,na,"[4,",,,,,+28.2dB,19.5us,"[0,",1,514.8,normal,0,valid,-12.5dB,-12.5dB,0.22us,-65.0Hz,,"[7,",1011,1
2025-07-30 21:14:19.412104,PHY,0x4601,1,4,na,"[0,",0,0,,0.7,-13.5dB,16.5us,"[0,",1,516.7,normal,0,invalid,-43.3dB,-57.7dB,na,na,no,,,
2025-07-30 21:14:19.412353,CSI,0x4601,2,,na,"[4,",,,,,+28.8dB,12.5us,"[0,",1,516.8,normal,0,valid,-12.6dB,-12.7dB,0.22us,-113.9Hz,,"[7,",1011,1
2025-07-30 21:14:19.432058,PHY,0x4601,1,4,na,"[0,",0,0,,0.3,-16.4dB,14.7us,"[0,",1,518.7,normal,0,invalid,-42.8dB,-60.0dB,na,na,no,,,
2025-07-30 21:14:19.432331,CSI,0x4601,2,,na,"[4,",,,,,+28.8dB,12.1us,"[0,",1,518.8,normal,0,valid,-12.7dB,-12.8dB,0.22us,-158.6Hz,,"[7,",1011,1
2025-07-30 21:14:19.452132,PHY,0x4601,1,4,na,"[0,",0,0,,1270.3,+16.8dB,14.5us,"[0,",1,520.7,normal,0,valid,-14.3dB,-14.4dB,na,na,yes,,,
2025-07-30 21:14:19.452358,CSI,0x4601,2,,na,"[4,",,,,,+30.8dB,11.8us,"[0,",1,520.8,normal,0,valid,-12.7dB,-12.7dB,0.23us,-90.2Hz,,"[7,",1011,1
2025-07-30 21:14:19.472092,PHY,0x4601,1,4,na,"[0,",0,0,2,0.3,-18.2dB,21.7us,"[0,",1,522.7,normal,0,invalid,-43.4dB,-62.2dB,na,na,,,,
2025-07-30 21:14:19.472107,PHY,0x4601,1,0,na,"[0,",0,0,1,1216.2,+16.6dB,11.6us,"[0,",1,522.7,normal,0,valid,-14.6dB,-14.7dB,na,na,,,,
2025-07-30 21:14:19.472358,CSI,0x4601,2,,na,"[4,",,,,,+34.6dB,21.2us,"[0,",1,522.8,normal,0,valid,-12.7dB,-12.8dB,0.23us,+134.7Hz,,"[7,",1011,1
2025-07-30 21:14:19.492148,PHY,0x4601,1,4,na,"[0,",0,0,,1292.7,+16.9dB,17.3us,"[0,",1,524.7,normal,0,valid,-14.3dB,-14.4dB,na,na,yes,,,
2025-07-30 21:14:19.492406,CSI,0x4601,2,,na,"[4,",,,,,+28.2dB,12.1us,"[0,",1,524.8,normal,0,valid,-12.7dB,-12.8dB,0.22us,-12.2Hz,,"[7,",1011,1
2025-07-30 21:14:19.512380,CSI,0x4601,2,,na,"[4,",,,,,+29.2dB,11.8us,"[0,",1,526.8,normal,0,valid,-12.8dB,-12.8dB,0.23us,-101.8Hz,,"[7,",1011,1
2025-07-30 21:14:19.522142,PHY,0x4601,1,0,na,"[0,",0,0,1,1187.5,+16.5dB,16.2us,"[0,",1,527.7,normal,0,valid,-14.7dB,-14.8dB,na,na,,,,
2025-07-30 21:14:19.532183,PHY,0x4601,1,4,na,"[0,",0,0,,1228.6,+16.6dB,15.9us,"[0,",1,528.7,normal,0,valid,-14.4dB,-14.5dB,na,na,yes,,,
2025-07-30 21:14:19.532327,CSI,0x4601,2,,na,"[4,",,,,,+30.8dB,17.8us,"[0,",1,528.8,normal,0,valid,-12.7dB,-12.8dB,0.22us,+52.1Hz,,"[7,",1011,1
2025-07-30 21:14:19.552127,PHY,0x4601,1,4,na,"[0,",0,0,1,1217.4,+16.6dB,17.0us,"[0,",1,530.7,normal,0,valid,-14.4dB,-14.5dB,na,na,,,,
2025-07-30 21:14:19.552143,PHY,0x4601,1,0,na,"[0,",0,0,2,0.3,-15.8dB,12.1us,"[0,",1,530.7,normal,0,invalid,-44.3dB,-61.4dB,na,na,,,,
2025-07-30 21:14:19.552402,CSI,0x4601,2,,na,"[4,",,,,,+28.6dB,15.1us,"[0,",1,530.8,normal,0,valid,-12.7dB,-12.8dB,0.22us,-98.1Hz,,"[7,",1011,1
2025-07-30 21:14:19.572355,CSI,0x4601,2,,na,"[4,",,,,,+30.4dB,12.7us,"[0,",1,532.8,normal,0,valid,-12.7dB,-12.8dB,0.20us,-6.6Hz,,"[7,",1011,1
2025-07-30 21:14:19.582111,PHY,0x4601,1,0,na,"[0,",0,0,1,1190.2,+16.5dB,16.8us,"[0,",1,533.7,normal,0,valid,-14.6dB,-14.7dB,na,na,,,,
2025-07-30 21:14:19.592137,PHY,0x4601,1,4,na,"[0,",0,0,,0.2,-23.3dB,13.3us,"[0,",1,534.7,normal,0,invalid,-43.2dB,-68.1dB,na,na,no,,,
2025-07-30 21:14:19.592406,CSI,0x4601,2,,na,"[4,",,,,,+31.9dB,12.5us,"[0,",1,534.8,normal,0,valid,-12.7dB,-12.8dB,0.23us,+30.3Hz,,"[7,",1011,1
2025-07-30 21:14:19.612097,PHY,0x4601,1,4,na,"[0,",0,0,,0.3,-16.7dB,14.9us,"[0,",1,536.7,normal,0,invalid,-43.0dB,-60.3dB,na,na,no,,,
2025-07-30 21:14:19.612377,CSI,0x4601,2,,na,"[4,",,,,,+28.0dB,13.5us,"[0,",1,536.8,normal,0,valid,-12.6dB,-12.7dB,0.22us,-35.5Hz,,"[7,",1011,1
2025-07-30 21:14:19.632164,PHY,0x4601,1,4,na,"[0,",0,0,,0.2,-25.0dB,15.9us,"[0,",1,538.7,normal,0,invalid,-43.2dB,-68.5dB,na,na,no,,,
2025-07-30 21:14:19.632308,CSI,0x4601,2,,na,"[4,",,,,,+32.5dB,15.9us,"[0,",1,538.8,normal,0,valid,-12.7dB,-12.7dB,0.20us,-16.4Hz,,"[7,",1011,1
2025-07-30 21:14:19.652125,PHY,0x4601,1,4,na,"[0,",0,0,,0.2,-31.5dB,23.6us,"[0,",1,540.7,normal,0,invalid,-43.1dB,-75.8dB,na,na,no,,,
2025-07-30 21:14:19.652382,CSI,0x4601,2,,na,"[4,",,,,,+34.0dB,12.5us,"[0,",1,540.8,normal,0,valid,-12.6dB,-12.7dB,0.21us,-90.8Hz,,"[7,",1011,1
2025-07-30 21:14:19.672079,PHY,0x4601,1,4,na,"[0,",0,0,,1204.1,+16.5dB,14.5us,"[0,",1,542.7,normal,0,valid,-14.2dB,-14.3dB,na,na,yes,,,
2025-07-30 21:14:19.672311,CSI,0x4601,2,,na,"[4,",,,,,+30.0dB,13.0us,"[0,",1,542.8,normal,0,valid,-12.5dB,-12.6dB,0.25us,-65.8Hz,,"[7,",1011,1
2025-07-30 21:14:19.692137,PHY,0x4601,1,4,na,"[0,",0,0,2,0.1,-24.4dB,15.1us,"[0,",1,544.7,normal,0,invalid,-43.9dB,-68.4dB,na,na,,,,
2025-07-30 21:14:19.692154,PHY,0x4601,1,0,na,"[0,",0,0,1,1153.7,+16.4dB,13.4us,"[0,",1,544.7,normal,0,valid,-14.5dB,-14.6dB,na,na,,,,
2025-07-30 21:14:19.692411,CSI,0x4601,2,,na,"[4,",,,,,+29.0dB,13.7us,"[0,",1,544.8,normal,0,valid,-12.5dB,-12.5dB,0.21us,-44.5Hz,,"[7,",1011,1
2025-07-30 21:14:19.712091,PHY,0x4601,1,4,na,"[0,",0,0,,0.4,-14.3dB,14.5us,"[0,",1,546.7,normal,0,invalid,-43.0dB,-57.9dB,na,na,no,,,
2025-07-30 21:14:19.712330,CSI,0x4601,2,,na,"[4,",,,,,+32.1dB,13.1us,"[0,",1,546.8,normal,0,valid,-12.7dB,-12.8dB,0.22us,-82.3Hz,,"[7,",1101,1
2025-07-30 21:14:19.732147,PHY,0x4601,1,4,na,"[0,",0,0,,0.6,-26.4dB,14.1us,"[0,",1,548.7,normal,0,invalid,-43.9dB,-70.9dB,na,na,no,,,
2025-07-30 21:14:19.732296,CSI,0x4601,2,,na,"[4,",,,,,+32.2dB,12.6us,"[0,",1,548.8,normal,0,valid,-12.4dB,-12.5dB,0.22us,-81.2Hz,,"[7,",1101,1
2025-07-30 21:14:19.752108,PHY,0x4601,1,4,na,"[0,",0,0,,0.5,-19.1dB,16.0us,"[0,",1,550.7,normal,0,invalid,-43.4dB,-63.2dB,na,na,no,,,
2025-07-30 21:14:19.752335,CSI,0x4601,2,,na,"[4,",,,,,+32.4dB,13.9us,"[0,",1,550.8,normal,0,valid,-12.6dB,-12.6dB,0.21us,-196.9Hz,,"[7,",1101,1
2025-07-30 21:14:19.772079,PHY,0x4601,1,4,na,"[0,",0,0,,0.7,-23.4dB,18.7us,"[0,",1,552.7,normal,0,invalid,-43.4dB,-68.1dB,na,na,no,,,
2025-07-30 21:14:19.772338,CSI,0x4601,2,,na,"[4,",,,,,+31.5dB,17.7us,"[0,",1,552.8,normal,0,valid,-12.5dB,-12.6dB,0.21us,-7.7Hz,,"[7,",1101,1
2025-07-30 21:14:19.792126,PHY,0x4601,1,4,na,"[0,",0,0,,1237.4,+16.7dB,16.6us,"[0,",1,554.7,normal,0,valid,-14.2dB,-14.3dB,na,na,yes,,,
2025-07-30 21:14:19.792367,CSI,0x4601,2,,na,"[4,",,,,,+31.7dB,12.1us,"[0,",1,554.8,normal,0,valid,-12.5dB,-12.5dB,0.22us,-62.6Hz,,"[7,",1101,1
2025-07-30 21:14:19.812079,PHY,0x4601,1,4,na,"[0,",0,0,2,0.4,-22.5dB,16.0us,"[0,",1,556.7,normal,0,invalid,-43.1dB,-66.9dB,na,na,,,,
2025-07-30 21:14:19.812094,PHY,0x4601,1,0,na,"[0,",0,0,1,1237.6,+16.7dB,11.7us,"[0,",1,556.7,normal,0,valid,-14.4dB,-14.5dB,na,na,,,,
2025-07-30 21:14:19.812324,CSI,0x4601,2,,na,"[4,",,,,,+34.5dB,14.7us,"[0,",1,556.8,normal,0,valid,-12.4dB,-12.5dB,0.21us,-107.9Hz,,"[7,",1101,1
2025-07-30 21:14:19.832146,PHY,0x4601,1,4,na,"[0,",0,0,,0.6,-11.8dB,22.0us,"[0,",1,558.7,normal,0,invalid,-43.5dB,-55.5dB,na,na,no,,,
2025-07-30 21:14:19.832387,CSI,0x4601,2,,na,"[4,",,,,,+35.2dB,12.0us,"[0,",1,558.8,normal,0,valid,-12.5dB,-12.5dB,0.21us,+32.6Hz,,"[7,",1101,1
2025-07-30 21:14:19.852104,PHY,0x4601,1,4,na,"[0,",0,0,,0.5,-13.2dB,14.3us,"[0,",1,560.7,normal,0,invalid,-43.7dB,-57.6dB,na,na,no,,,
2025-07-30 21:14:19.852335,CSI,0x4601,2,,na,"[4,",,,,,+34.8dB,12.0us,"[0,",1,560.8,normal,0,valid,-12.5dB,-12.6dB,0.20us,-15.4Hz,,"[7,",1101,1
2025-07-30 21:14:19.872167,PHY,0x4601,1,4,na,"[0,",0,0,,0.8,-15.1dB,15.0us,"[0,",1,562.7,normal,0,invalid,-43.3dB,-59.5dB,na,na,no,,,
2025-07-30 21:14:19.872319,CSI,0x4601,2,,na,"[4,",,,,,+31.0dB,12.7us,"[0,",1,562.8,normal,0,valid,-12.4dB,-12.5dB,0.24us,-39.7Hz,,"[7,",1101,1
2025-07-30 21:14:19.892121,PHY,0x4601,1,4,na,"[0,",0,0,,0.1,-24.5dB,14.5us,"[0,",1,564.7,normal,0,invalid,-43.2dB,-67.7dB,na,na,no,,,
2025-07-30 21:14:19.892368,CSI,0x4601,2,,na,"[4,",,,,,+32.8dB,11.8us,"[0,",1,564.8,normal,0,valid,-12.4dB,-12.5dB,0.23us,-14.0Hz,,"[7,",1101,1
2025-07-30 21:14:19.912085,PHY,0x4601,1,4,na,"[0,",0,0,,1288.8,+16.9dB,14.8us,"[0,",1,566.7,normal,0,valid,-14.2dB,-14.2dB,na,na,yes,,,
2025-07-30 21:14:19.912359,CSI,0x4601,2,,na,"[4,",,,,,+31.1dB,11.8us,"[0,",1,566.8,normal,0,valid,-12.4dB,-12.5dB,0.20us,+83.5Hz,,"[7,",1110,1
2025-07-30 21:14:19.932140,PHY,0x4601,1,4,na,"[0,",0,0,2,0.5,-25.2dB,15.2us,"[0,",1,568.7,normal,0,invalid,-43.4dB,-69.3dB,na,na,,,,
2025-07-30 21:14:19.932156,PHY,0x4601,1,0,na,"[0,",0,0,1,1232.7,+16.6dB,11.6us,"[0,",1,568.7,normal,0,valid,-14.3dB,-14.5dB,na,na,,,,
2025-07-30 21:14:19.932420,CSI,0x4601,2,,na,"[4,",,,,,+31.7dB,14.9us,"[0,",1,568.8,normal,0,valid,-12.5dB,-12.5dB,0.21us,+129.5Hz,,"[7,",1110,1
2025-07-30 21:14:19.952100,PHY,0x4601,1,4,na,"[0,",0,0,,0.2,-15.8dB,15.1us,"[0,",1,570.7,normal,0,invalid,-43.5dB,-60.2dB,na,na,no,,,
2025-07-30 21:14:19.952334,CSI,0x4601,2,,na,"[4,",,,,,+29.5dB,13.2us,"[0,",1,570.8,normal,0,valid,-12.4dB,-12.5dB,0.23us,+13.3Hz,,"[7,",1110,1
2025-07-30 21:14:19.972163,PHY,0x4601,1,4,na,"[0,",0,0,,0.3,-16.7dB,14.7us,"[0,",1,572.7,normal,0,invalid,-43.3dB,-60.5dB,na,na,no,,,
2025-07-30 21:14:19.972289,CSI,0x4601,2,,na,"[4,",,,,,+30.5dB,12.7us,"[0,",1,572.8,normal,0,valid,-12.5dB,-12.5dB,0.22us,+84.6Hz,,"[7,",1110,1
2025-07-30 21:14:19.982089,PHY,0x4601,1,0,na,"[0,",0,0,1,1134.1,+16.3dB,19.7us,"[0,",1,573.7,normal,0,valid,-14.4dB,-14.4dB,na,na,,,,
2025-07-30 21:14:19.992118,PHY,0x4601,1,4,na,"[0,",0,0,,1309.3,+16.9dB,14.6us,"[0,",1,574.7,normal,0,valid,-14.1dB,-14.3dB,na,na,yes,,,
2025-07-30 21:14:19.992397,CSI,0x4601,2,,na,"[4,",,,,,+32.9dB,14.3us,"[0,",1,574.8,normal,0,valid,-12.4dB,-12.5dB,0.23us,-17.1Hz,,"[7,",1110,1
2025-07-30 21:14:20.012079,PHY,0x4601,1,4,na,"[0,",0,0,,0.4,-30.5dB,16.5us,"[0,",1,576.7,normal,0,invalid,-43.3dB,-75.2dB,na,na,no,,,
2025-07-30 21:14:20.012324,CSI,0x4601,2,,na,"[4,",,,,,+29.0dB,16.4us,"[0,",1,576.8,normal,0,valid,-12.5dB,-12.6dB,0.23us,-39.7Hz,,"[7,",1110,1
2025-07-30 21:14:20.032139,PHY,0x4601,1,4,na,"[0,",0,0,,1272.4,+16.8dB,17.9us,"[0,",1,578.7,normal,0,valid,-14.2dB,-14.3dB,na,na,yes,,,
2025-07-30 21:14:20.032378,CSI,0x4601,2,,na,"[4,",,,,,+30.0dB,13.4us,"[0,",1,578.8,normal,0,valid,-12.4dB,-12.5dB,0.22us,-139.1Hz,,"[7,",1110,1
2025-07-30 21:14:20.052371,CSI,0x4601,2,,na,"[4,",,,,,+28.3dB,13.6us,"[0,",1,580.8,normal,0,valid,-12.4dB,-12.4dB,0.23us,-14.6Hz,,"[7,",1110,1
2025-07-30 21:14:20.072280,CSI,0x4601,2,,na,"[4,",,,,,+33.1dB,14.6us,"[0,",1,582.8,normal,0,valid,-12.4dB,-12.5dB,0.21us,-114.9Hz,,"[7,",1111,1
2025-07-30 21:14:20.092387,CSI,0x4601,2,,na,"[4,",,,,,+30.7dB,11.2us,"[0,",1,584.8,normal,0,valid,-12.4dB,-12.4dB,0.23us,-50.0Hz,,"[7,",1111,1
2025-07-30 21:14:20.112300,CSI,0x4601,2,,na,"[4,",,,,,+32.3dB,10.7us,"[0,",1,586.8,normal,0,valid,-12.3dB,-12.3dB,0.22us,-139.8Hz,,"[7,",1111,1
2025-07-30 21:14:20.132375,CSI,0x4601,2,,na,"[4,",,,,,+32.6dB,11.5us,"[0,",1,588.8,normal,0,valid,-12.4dB,-12.4dB,0.21us,-5.4Hz,,"[7,",1111,1
2025-07-30 21:14:20.152319,CSI,0x4601,2,,na,"[4,",,,,,+31.7dB,10.9us,"[0,",1,590.8,normal,0,valid,-12.3dB,-12.4dB,0.22us,-82.9Hz,,"[7,",1111,1
2025-07-30 21:14:20.172402,CSI,0x4601,2,,na,"[4,",,,,,+33.5dB,11.2us,"[0,",1,592.8,normal,0,valid,-12.3dB,-12.4dB,0.21us,-109.3Hz,,"[7,",1111,1
2025-07-30 21:14:20.192339,CSI,0x4601,2,,na,"[4,",,,,,+30.2dB,11.5us,"[0,",1,594.8,normal,0,valid,-12.4dB,-12.4dB,0.22us,-95.0Hz,,"[7,",1111,1
2025-07-30 21:14:20.212290,CSI,0x4601,2,,na,"[4,",,,,,+33.0dB,10.5us,"[0,",1,596.8,normal,0,valid,-12.2dB,-12.3dB,0.23us,+44.4Hz,,"[7,",1111,1
2025-07-30 21:14:20.232401,CSI,0x4601,2,,na,"[4,",,,,,+31.1dB,12.3us,"[0,",1,598.8,normal,0,valid,-12.4dB,-12.4dB,0.22us,-94.4Hz,,"[7,",1111,1
2025-07-30 21:14:20.252313,CSI,0x4601,2,,na,"[4,",,,,,+28.2dB,11.5us,"[0,",1,600.8,normal,0,valid,-12.3dB,-12.4dB,0.22us,-137.7Hz,,"[7,",1111,1
2025-07-30 21:14:20.272428,CSI,0x4601,2,,na,"[4,",,,,,+31.2dB,17.7us,"[0,",1,602.8,normal,0,valid,-12.3dB,-12.4dB,0.22us,-74.3Hz,,"[7,",1111,1
2025-07-30 21:14:20.292354,CSI,0x4601,2,,na,"[4,",,,,,+30.7dB,12.2us,"[0,",1,604.8,normal,0,valid,-12.3dB,-12.3dB,0.22us,+31.6Hz,,"[7,",1111,1
2025-07-30 21:14:20.312289,CSI,0x4601,2,,na,"[4,",,,,,+29.6dB,18.0us,"[0,",1,606.8,normal,0,valid,-12.4dB,-12.4dB,0.20us,-130.8Hz,,"[7,",1111,1
2025-07-30 21:14:20.332383,CSI,0x4601,2,,na,"[4,",,,,,+28.9dB,10.7us,"[0,",1,608.8,normal,0,valid,-12.3dB,-12.4dB,0.23us,-138.4Hz,,"[7,",1111,1
2025-07-30 21:14:20.352350,CSI,0x4601,2,,na,"[4,",,,,,+28.7dB,11.7us,"[0,",1,610.8,normal,0,valid,-12.2dB,-12.3dB,0.23us,-157.0Hz,,"[7,",1111,1
2025-07-30 21:14:20.372386,CSI,0x4601,2,,na,"[4,",,,,,+28.5dB,12.2us,"[0,",1,612.8,normal,0,valid,-12.3dB,-12.4dB,0.22us,-164.4Hz,,"[7,",1111,1
2025-07-30 21:14:20.392370,CSI,0x4601,2,,na,"[4,",,,,,+31.6dB,12.0us,"[0,",1,614.8,normal,0,valid,-12.4dB,-12.4dB,0.22us,-144.9Hz,,"[7,",1111,1
2025-07-30 21:14:20.412283,CSI,0x4601,2,,na,"[4,",,,,,+32.4dB,15.5us,"[0,",1,616.8,normal,0,valid,-12.4dB,-12.4dB,0.21us,-97.8Hz,,"[7,",1111,1
2025-07-30 21:14:20.432350,CSI,0x4601,2,,na,"[4,",,,,,+34.9dB,12.2us,"[0,",1,618.8,normal,0,valid,-12.3dB,-12.3dB,0.21us,-189.5Hz,,"[7,",1111,1
2025-07-30 21:14:20.452342,CSI,0x4601,2,,na,"[4,",,,,,+35.2dB,11.7us,"[0,",1,620.8,normal,0,valid,-12.3dB,-12.4dB,0.23us,-212.4Hz,,"[7,",1111,1
2025-07-30 21:14:20.472365,CSI,0x4601,2,,na,"[4,",,,,,+28.8dB,13.8us,"[0,",1,622.8,normal,0,valid,-12.2dB,-12.2dB,0.22us,+60.5Hz,,"[7,",1111,1
2025-07-30 21:14:20.492332,CSI,0x4601,2,,na,"[4,",,,,,+27.5dB,11.4us,"[0,",1,624.8,normal,0,valid,-12.4dB,-12.4dB,0.23us,-58.6Hz,,"[7,",1111,1
2025-07-30 21:14:20.512429,CSI,0x4601,2,,na,"[4,",,,,,+29.7dB,11.2us,"[0,",1,626.8,normal,0,valid,-12.1dB,-12.2dB,0.21us,-41.1Hz,,"[7,",1111,1
2025-07-30 21:14:20.532371,CSI,0x4601,2,,na,"[4,",,,,,+29.3dB,11.8us,"[0,",1,628.8,normal,0,valid,-12.3dB,-12.3dB,0.22us,-76.4Hz,,"[7,",1111,1
2025-07-30 21:14:20.552294,CSI,0x4601,2,,na,"[4,",,,,,+32.6dB,13.8us,"[0,",1,630.8,normal,0,valid,-12.3dB,-12.3dB,0.20us,-39.6Hz,,"[7,",1111,1
2025-07-30 21:14:20.572363,CSI,0x4601,2,,na,"[4,",,,,,+34.6dB,15.2us,"[0,",1,632.8,normal,0,valid,-12.3dB,-12.3dB,0.24us,-54.3Hz,,"[7,",1111,1
2025-07-30 21:14:20.592358,CSI,0x4601,2,,na,"[4,",,,,,+30.2dB,12.5us,"[0,",1,634.8,normal,0,valid,-12.3dB,-12.4dB,0.23us,-128.5Hz,,"[7,",1111,1
2025-07-30 21:14:20.612418,CSI,0x4601,2,,na,"[4,",,,,,+33.7dB,11.9us,"[0,",1,636.8,normal,0,valid,-12.2dB,-12.3dB,0.23us,-22.7Hz,,"[7,",1111,1
2025-07-30 21:14:20.632341,CSI,0x4601,2,,na,"[4,",,,,,+31.9dB,14.0us,"[0,",1,638.8,normal,0,valid,-12.3dB,-12.3dB,0.21us,+47.1Hz,,"[7,",1111,1
2025-07-30 21:14:20.652302,CSI,0x4601,2,,na,"[4,",,,,,+29.4dB,16.0us,"[0,",1,640.8,normal,0,valid,-12.4dB,-12.4dB,0.24us,-133.3Hz,,"[7,",1111,1
2025-07-30 21:14:20.672398,CSI,0x4601,2,,na,"[4,",,,,,+31.9dB,13.0us,"[0,",1,642.8,normal,0,valid,-12.3dB,-12.3dB,0.21us,-50.5Hz,,"[7,",1111,1
2025-07-30 21:14:20.692319,CSI,0x4601,2,,na,"[4,",,,,,+35.0dB,11.8us,"[0,",1,644.8,normal,0,valid,-12.2dB,-12.2dB,0.22us,-107.2Hz,,"[7,",1111,1
2025-07-30 21:14:20.712403,CSI,0x4601,2,,na,"[4,",,,,,+28.8dB,14.9us,"[0,",1,646.8,normal,0,valid,-12.2dB,-12.3dB,0.20us,-28.9Hz,,"[7,",1111,1
2025-07-30 21:14:20.732368,CSI,0x4601,2,,na,"[4,",,,,,+35.6dB,11.6us,"[0,",1,648.8,normal,0,valid,-12.3dB,-12.3dB,0.23us,-156.4Hz,,"[7,",1111,1
2025-07-30 21:14:20.752312,CSI,0x4601,2,,na,"[4,",,,,,+30.9dB,15.8us,"[0,",1,650.8,normal,0,valid,-12.2dB,-12.3dB,0.23us,-48.7Hz,,"[7,",1111,1
2025-07-30 21:14:20.772391,CSI,0x4601,2,,na,"[4,",,,,,+28.9dB,15.3us,"[0,",1,652.8,normal,0,valid,-12.4dB,-12.5dB,0.22us,-127.5Hz,,"[7,",1111,1
2025-07-30 21:14:20.792311,CSI,0x4601,2,,na,"[4,",,,,,+29.5dB,14.6us,"[0,",1,654.8,normal,0,valid,-12.2dB,-12.3dB,0.23us,-151.1Hz,,"[7,",1111,1
2025-07-30 21:14:20.812377,CSI,0x4601,2,,na,"[4,",,,,,+31.2dB,12.5us,"[0,",1,656.8,normal,0,valid,-12.3dB,-12.4dB,0.23us,-26.8Hz,,"[7,",1111,1
2025-07-30 21:14:20.832328,CSI,0x4601,2,,na,"[4,",,,,,+30.0dB,13.2us,"[0,",1,658.8,normal,0,valid,-12.2dB,-12.3dB,0.22us,+114.7Hz,,"[7,",1111,1
2025-07-30 21:14:20.852385,CSI,0x4601,2,,na,"[4,",,,,,+28.9dB,14.3us,"[0,",1,660.8,normal,0,valid,-12.4dB,-12.4dB,0.23us,-111.8Hz,,"[7,",1111,1
2025-07-30 21:14:20.872346,CSI,0x4601,2,,na,"[4,",,,,,+30.0dB,13.2us,"[0,",1,662.8,normal,0,valid,-12.4dB,-12.4dB,0.25us,-34.1Hz,,"[7,",1111,1
2025-07-30 21:14:20.892327,CSI,0x4601,2,,na,"[4,",,,,,+31.6dB,21.0us,"[0,",1,664.8,normal,0,valid,-12.4dB,-12.5dB,0.21us,-132.1Hz,,"[7,",1111,1
2025-07-30 21:14:20.912364,CSI,0x4601,2,,na,"[4,",,,,,+30.6dB,12.6us,"[0,",1,666.8,normal,0,valid,-12.4dB,-12.4dB,0.23us,-103.3Hz,,"[7,",1111,1
2025-07-30 21:14:20.932318,CSI,0x4601,2,,na,"[4,",,,,,+31.6dB,19.2us,"[0,",1,668.8,normal,0,valid,-12.4dB,-12.5dB,0.22us,-91.4Hz,,"[7,",1111,1
2025-07-30 21:14:20.952409,CSI,0x4601,2,,na,"[4,",,,,,+31.8dB,14.3us,"[0,",1,670.8,normal,0,valid,-12.3dB,-12.3dB,0.25us,-80.3Hz,,"[7,",1111,1
2025-07-30 21:14:20.972329,CSI,0x4601,2,,na,"[4,",,,,,+30.2dB,12.0us,"[0,",1,672.8,normal,0,valid,-12.4dB,-12.4dB,0.23us,-104.2Hz,,"[7,",1111,1
2025-07-30 21:14:20.992352,CSI,0x4601,2,,na,"[4,",,,,,+33.0dB,14.3us,"[0,",1,674.8,normal,0,valid,-12.3dB,-12.3dB,0.21us,+35.2Hz,,"[7,",1111,1
2025-07-30 21:14:21.012361,CSI,0x4601,2,,na,"[4,",,,,,+30.0dB,16.2us,"[0,",1,676.8,normal,0,valid,-12.5dB,-12.6dB,0.23us,-181.6Hz,,"[7,",1111,1
2025-07-30 21:14:21.032324,CSI,0x4601,2,,na,"[4,",,,,,+28.5dB,15.1us,"[0,",1,678.8,normal,0,valid,-12.4dB,-12.5dB,0.23us,-7.5Hz,,"[7,",1111,1
2025-07-30 21:14:21.052421,CSI,0x4601,2,,na,"[4,",,,,,+32.8dB,15.3us,"[0,",1,680.8,normal,0,valid,-12.5dB,-12.6dB,0.23us,-211.9Hz,,"[7,",1111,1
2025-07-30 21:14:21.072372,CSI,0x4601,2,,na,"[4,",,,,,+29.5dB,14.4us,"[0,",1,682.8,normal,0,valid,-12.5dB,-12.6dB,0.23us,-19.0Hz,,"[7,",1111,1
2025-07-30 21:14:21.092286,CSI,0x4601,2,,na,"[4,",,,,,+30.4dB,12.3us,"[0,",1,684.8,normal,0,valid,-12.4dB,-12.5dB,0.24us,+15.3Hz,,"[7,",1111,1
2025-07-30 21:14:21.112397,CSI,0x4601,2,,na,"[4,",,,,,+29.9dB,13.5us,"[0,",1,686.8,normal,0,valid,-12.5dB,-12.6dB,0.21us,+61.5Hz,,"[7,",1111,1
2025-07-30 21:14:21.132333,CSI,0x4601,2,,na,"[4,",,,,,+30.4dB,12.5us,"[0,",1,688.8,normal,0,valid,-12.4dB,-12.5dB,0.22us,-107.1Hz,,"[7,",1111,1
2025-07-30 21:14:21.152364,CSI,0x4601,2,,na,"[4,",,,,,+32.2dB,11.9us,"[0,",1,690.8,normal,0,valid,-12.5dB,-12.6dB,0.24us,+37.6Hz,,"[7,",1111,1
2025-07-30 21:14:21.172338,CSI,0x4601,2,,na,"[4,",,,,,+31.3dB,14.3us,"[0,",1,692.8,normal,0,valid,-12.5dB,-12.5dB,0.23us,-234.0Hz,,"[7,",1111,1
2025-07-30 21:14:21.192409,CSI,0x4601,2,,na,"[4,",,,,,+33.4dB,17.7us,"[0,",1,694.8,normal,0,valid,-12.5dB,-12.6dB,0.26us,-47.2Hz,,"[7,",1111,1
2025-07-30 21:14:21.212379,CSI,0x4601,2,,na,"[4,",,,,,+28.5dB,14.6us,"[0,",1,696.8,normal,0,valid,-12.5dB,-12.5dB,0.23us,-94.0Hz,,"[7,",1111,1
2025-07-30 21:14:21.232300,CSI,0x4601,2,,na,"[4,",,,,,+27.4dB,12.6us,"[0,",1,698.8,normal,0,valid,-12.3dB,-12.4dB,0.23us,-106.1Hz,,"[7,",1111,1
2025-07-30 21:14:21.252399,CSI,0x4601,2,,na,"[4,",,,,,+32.8dB,12.8us,"[0,",1,700.8,normal,0,valid,-12.5dB,-12.6dB,0.24us,-7.8Hz,,"[7,",1111,1
2025-07-30 21:14:21.272361,CSI,0x4601,2,,na,"[4,",,,,,+29.0dB,13.1us,"[0,",1,702.8,normal,0,valid,-12.5dB,-12.5dB,0.23us,-149.7Hz,,"[7,",1111,1
2025-07-30 21:14:21.292422,CSI,0x4601,2,,na,"[4,",,,,,+28.4dB,14.7us,"[0,",1,704.8,normal,0,valid,-12.4dB,-12.5dB,0.23us,-9.9Hz,,"[7,",1111,1
2025-07-30 21:14:21.312397,CSI,0x4601,2,,na,"[4,",,,,,+35.1dB,15.8us,"[0,",1,706.8,normal,0,valid,-12.5dB,-12.5dB,0.23us,-73.9Hz,,"[7,",1111,1
2025-07-30 21:14:21.332163,PHY,0x4601,1,4,na,"[0,",0,0,,0.5,-17.5dB,21.5us,"[0,",1,708.7,normal,0,invalid,-43.4dB,-61.8dB,na,na,no,,,
2025-07-30 21:14:21.332306,CSI,0x4601,2,,na,"[4,",,,,,+28.3dB,18.7us,"[0,",1,708.8,normal,0,valid,-12.5dB,-12.5dB,0.22us,-85.9Hz,,"[7,",1111,1
2025-07-30 21:14:21.352127,PHY,0x4601,1,4,na,"[0,",0,0,,0.3,-19.5dB,22.5us,"[0,",1,710.7,normal,0,invalid,-43.3dB,-63.8dB,na,na,no,,,
2025-07-30 21:14:21.352368,CSI,0x4601,2,,na,"[4,",,,,,+30.9dB,17.2us,"[0,",1,710.8,normal,0,valid,-12.5dB,-12.5dB,0.23us,-155.2Hz,,"[7,",1111,1
2025-07-30 21:14:21.372077,PHY,0x4601,1,4,na,"[0,",0,0,,0.1,-20.6dB,17.3us,"[0,",1,712.7,normal,0,invalid,-43.6dB,-64.6dB,na,na,no,,,
2025-07-30 21:14:21.372316,CSI,0x4601,2,,na,"[4,",,,,,+27.3dB,15.3us,"[0,",1,712.8,normal,0,valid,-12.4dB,-12.5dB,0.22us,-177.6Hz,,"[7,",1111,1
2025-07-30 21:14:21.392138,PHY,0x4601,1,4,na,"[0,",0,0,,0.3,-18.8dB,16.1us,"[0,",1,714.7,normal,0,invalid,-43.2dB,-62.6dB,na,na,no,,,
2025-07-30 21:14:21.392381,CSI,0x4601,2,,na,"[4,",,,,,+31.0dB,16.1us,"[0,",1,714.8,normal,0,valid,-12.4dB,-12.5dB,0.24us,-50.2Hz,,"[7,",1111,1
2025-07-30 21:14:21.412111,PHY,0x4601,1,4,na,"[0,",0,0,,0.1,-19.0dB,22.1us,"[0,",1,716.7,normal,0,invalid,-44.0dB,-64.0dB,na,na,no,,,
2025-07-30 21:14:21.412332,CSI,0x4601,2,,na,"[4,",,,,,+29.5dB,16.2us,"[0,",1,716.8,normal,0,valid,-12.4dB,-12.5dB,0.23us,-200.9Hz,,"[7,",1111,1
2025-07-30 21:14:21.432155,PHY,0x4601,1,4,na,"[0,",0,0,,0.1,-17.4dB,16.6us,"[0,",1,718.7,normal,0,invalid,-43.8dB,-61.3dB,na,na,no,,,
2025-07-30 21:14:21.432275,CSI,0x4601,2,,na,"[4,",,,,,+31.0dB,13.6us,"[0,",1,718.8,normal,0,valid,-12.5dB,-12.5dB,0.23us,-101.5Hz,,"[7,",1111,1
2025-07-30 21:14:21.452109,PHY,0x4601,1,4,na,"[0,",0,0,,0.2,-26.1dB,15.6us,"[0,",1,720.7,normal,0,invalid,-42.7dB,-69.2dB,na,na,no,,,
2025-07-30 21:14:21.452377,CSI,0x4601,2,,na,"[4,",,,,,+29.2dB,13.9us,"[0,",1,720.8,normal,0,valid,-12.4dB,-12.4dB,0.24us,-70.1Hz,,"[7,",1111,1
2025-07-30 21:14:21.472068,PHY,0x4601,1,4,na,"[0,",0,0,,0.4,-16.6dB,15.9us,"[0,",1,722.7,normal,0,invalid,-43.3dB,-60.7dB,na,na,no,,,
2025-07-30 21:14:21.472308,CSI,0x4601,2,,na,"[4,",,,,,+32.9dB,13.6us,"[0,",1,722.8,normal,0,valid,-12.3dB,-12.3dB,0.22us,-48.9Hz,,"[7,",1111,1
2025-07-30 21:14:21.492134,PHY,0x4601,1,4,na,"[0,",0,0,,0.5,-16.0dB,18.8us,"[0,",1,724.7,normal,0,invalid,-43.2dB,-59.7dB,na,na,no,,,
2025-07-30 21:14:21.492365,CSI,0x4601,2,,na,"[4,",,,,,+29.6dB,15.7us,"[0,",1,724.8,normal,0,valid,-12.6dB,-12.6dB,0.26us,-57.0Hz,,"[7,",1111,1
2025-07-30 21:14:21.512090,PHY,0x4601,1,4,na,"[0,",0,0,,0.1,-22.7dB,16.3us,"[0,",1,726.7,normal,0,invalid,-42.9dB,-66.3dB,na,na,no,,,
2025-07-30 21:14:21.512350,CSI,0x4601,2,,na,"[4,",,,,,+31.2dB,12.5us,"[0,",1,726.8,normal,0,valid,-12.4dB,-12.5dB,0.22us,-158.5Hz,,"[7,",1111,1
2025-07-30 21:14:21.532147,PHY,0x4601,1,4,na,"[0,",0,0,,0.4,-18.3dB,15.5us,"[0,",1,728.7,normal,0,invalid,-43.3dB,-61.7dB,na,na,no,,,
2025-07-30 21:14:21.532427,CSI,0x4601,2,,na,"[4,",,,,,+30.1dB,12.2us,"[0,",1,728.8,normal,0,valid,-12.4dB,-12.4dB,0.22us,-95.5Hz,,"[7,",1111,1
2025-07-30 21:14:21.552105,PHY,0x4601,1,4,na,"[0,",0,0,,0.3,-18.0dB,15.3us,"[0,",1,730.7,normal,0,invalid,-43.1dB,-61.2dB,na,na,no,,,
2025-07-30 21:14:21.552379,CSI,0x4601,2,,na,"[4,",,,,,+32.0dB,12.3us,"[0,",1,730.8,normal,0,valid,-12.4dB,-12.4dB,0.23us,+48.8Hz,,"[7,",1111,1
2025-07-30 21:14:21.572169,PHY,0x4601,1,4,na,"[0,",0,0,,0.3,-19.2dB,15.3us,"[0,",1,732.7,normal,0,invalid,-43.2dB,-63.6dB,na,na,no,,,
2025-07-30 21:14:21.572296,CSI,0x4601,2,,na,"[4,",,,,,+30.5dB,20.9us,"[0,",1,732.8,normal,0,valid,-12.6dB,-12.7dB,0.22us,-139.9Hz,,"[7,",1111,1
2025-07-30 21:14:21.592124,PHY,0x4601,1,4,na,"[0,",0,0,,0.3,-18.6dB,14.8us,"[0,",1,734.7,normal,0,invalid,-42.5dB,-61.6dB,na,na,no,,,
2025-07-30 21:14:21.592361,CSI,0x4601,2,,na,"[4,",,,,,+29.9dB,11.6us,"[0,",1,734.8,normal,0,valid,-12.5dB,-12.5dB,0.25us,-36.3Hz,,"[7,",1111,1
2025-07-30 21:14:21.612079,PHY,0x4601,1,4,na,"[0,",0,0,,1.1,-15.6dB,15.7us,"[0,",1,736.7,normal,0,valid,-43.8dB,-60.2dB,na,na,yes,,,
2025-07-30 21:14:21.612311,CSI,0x4601,2,,na,"[4,",,,,,+27.4dB,13.3us,"[0,",1,736.8,normal,0,valid,-12.5dB,-12.5dB,0.24us,-69.2Hz,,"[7,",1111,1
2025-07-30 21:14:21.632420,CSI,0x4601,2,,na,"[4,",,,,,+32.1dB,13.2us,"[0,",1,738.8,normal,0,valid,-12.5dB,-12.5dB,0.23us,-11.1Hz,,"[7,",1111,1
2025-07-30 21:14:21.652364,CSI,0x4601,2,,na,"[4,",,,,,+33.4dB,11.8us,"[0,",1,740.8,normal,0,valid,-12.5dB,-12.6dB,0.24us,-43.3Hz,,"[7,",1111,1
2025-07-30 21:14:21.672304,CSI,0x4601,2,,na,"[4,",,,,,+30.1dB,11.2us,"[0,",1,742.8,normal,0,valid,-12.5dB,-12.6dB,0.23us,-76.8Hz,,"[7,",1111,1
2025-07-30 21:14:21.692361,CSI,0x4601,2,,na,"[4,",,,,,+27.8dB,11.6us,"[0,",1,744.8,normal,0,valid,-12.4dB,-12.5dB,0.22us,-73.3Hz,,"[7,",1111,1
2025-07-30 21:14:21.712312,CSI,0x4601,2,,na,"[4,",,,,,+27.6dB,11.6us,"[0,",1,746.8,normal,0,valid,-12.5dB,-12.6dB,0.24us,-111.3Hz,,"[7,",1111,1
2025-07-30 21:14:21.732399,CSI,0x4601,2,,na,"[4,",,,,,+32.1dB,11.4us,"[0,",1,748.8,normal,0,valid,-12.4dB,-12.4dB,0.21us,-195.4Hz,,"[7,",1111,1
2025-07-30 21:14:21.752340,CSI,0x4601,2,,na,"[4,",,,,,+31.4dB,13.8us,"[0,",1,750.8,normal,0,valid,-12.5dB,-12.6dB,0.26us,-104.7Hz,,"[7,",1111,1
2025-07-30 21:14:21.772278,CSI,0x4601,2,,na,"[4,",,,,,+29.3dB,13.2us,"[0,",1,752.8,normal,0,valid,-12.3dB,-12.4dB,0.23us,-140.9Hz,,"[7,",1111,1
2025-07-30 21:14:21.792388,CSI,0x4601,2,,na,"[4,",,,,,+30.1dB,13.0us,"[0,",1,754.8,normal,0,valid,-12.5dB,-12.5dB,0.24us,-201.2Hz,,"[7,",1111,1
2025-07-30 21:14:21.812330,CSI,0x4601,2,,na,"[4,",,,,,+33.5dB,13.1us,"[0,",1,756.8,normal,0,valid,-12.6dB,-12.7dB,0.23us,-93.9Hz,,"[7,",1111,1
2025-07-30 21:14:21.832377,CSI,0x4601,2,,na,"[4,",,,,,+33.1dB,13.0us,"[0,",1,758.8,normal,0,valid,-12.5dB,-12.6dB,0.24us,+7.9Hz,,"[7,",1111,1
2025-07-30 21:14:21.852343,CSI,0x4601,2,,na,"[4,",,,,,+33.6dB,12.3us,"[0,",1,760.8,normal,0,valid,-12.4dB,-12.5dB,0.26us,-127.9Hz,,"[7,",1111,1
2025-07-30 21:14:21.872380,CSI,0x4601,2,,na,"[4,",,,,,+28.8dB,11.3us,"[0,",1,762.8,normal,0,valid,-12.4dB,-12.5dB,0.25us,-35.7Hz,,"[7,",1111,1
2025-07-30 21:14:21.892370,CSI,0x4601,2,,na,"[4,",,,,,+29.5dB,13.1us,"[0,",1,764.8,normal,0,valid,-12.4dB,-12.4dB,0.23us,-223.7Hz,,"[7,",1111,1
2025-07-30 21:14:21.912316,CSI,0x4601,2,,na,"[4,",,,,,+30.3dB,11.6us,"[0,",1,766.8,normal,0,valid,-12.6dB,-12.6dB,0.23us,-75.6Hz,,"[7,",1111,1
2025-07-30 21:14:21.932360,CSI,0x4601,2,,na,"[4,",,,,,+30.7dB,10.8us,"[0,",1,768.8,normal,0,valid,-12.5dB,-12.6dB,0.24us,-130.5Hz,,"[7,",1111,1
2025-07-30 21:14:21.952317,CSI,0x4601,2,,na,"[4,",,,,,+29.0dB,12.3us,"[0,",1,770.8,normal,0,valid,-12.5dB,-12.5dB,0.24us,-68.1Hz,,"[7,",1111,1
2025-07-30 21:14:21.972418,CSI,0x4601,2,,na,"[4,",,,,,+31.4dB,12.9us,"[0,",1,772.8,normal,0,valid,-12.5dB,-12.6dB,0.23us,-181.4Hz,,"[7,",1111,1
2025-07-30 21:14:21.982654,PHY,0x4601,1,0,na,"[0,",0,0,1,1018.3,+15.8dB,23.2us,"[0,",1,773.8,normal,0,valid,-14.4dB,-14.5dB,na,na,,,,
2025-07-30 21:14:21.992388,CSI,0x4601,2,,na,"[4,",,,,,+28.9dB,13.7us,"[0,",1,774.8,normal,0,valid,-12.5dB,-12.5dB,0.23us,+7.1Hz,,"[7,",1111,1
2025-07-30 21:14:22.012286,CSI,0x4601,2,,na,"[4,",,,,,+29.5dB,13.0us,"[0,",1,776.8,normal,0,valid,-12.5dB,-12.5dB,0.22us,-169.2Hz,,"[7,",1111,1
2025-07-30 21:14:22.032356,CSI,0x4601,2,,na,"[4,",,,,,+32.2dB,11.6us,"[0,",1,778.8,normal,0,valid,-12.5dB,-12.6dB,0.25us,-180.3Hz,,"[7,",1111,1
2025-07-30 21:14:22.052306,CSI,0x4601,2,,na,"[4,",,,,,+29.4dB,11.5us,"[0,",1,780.8,normal,0,valid,-12.5dB,-12.5dB,0.22us,-133.5Hz,,"[7,",1111,1
2025-07-30 21:14:22.072406,CSI,0x4601,2,,na,"[4,",,,,,+31.0dB,12.4us,"[0,",1,782.8,normal,0,valid,-12.4dB,-12.4dB,0.23us,+60.1Hz,,"[7,",1111,1
2025-07-30 21:14:22.092359,CSI,0x4601,2,,na,"[4,",,,,,+31.8dB,12.3us,"[0,",1,784.8,normal,0,valid,-12.5dB,-12.5dB,0.24us,-182.2Hz,,"[7,",1111,1
2025-07-30 21:14:22.112270,CSI,0x4601,2,,na,"[4,",,,,,+32.2dB,11.0us,"[0,",1,786.8,normal,0,valid,-12.6dB,-12.6dB,0.24us,-28.3Hz,,"[7,",1111,1
2025-07-30 21:14:22.132341,CSI,0x4601,2,,na,"[4,",,,,,+28.6dB,11.2us,"[0,",1,788.8,normal,0,valid,-12.4dB,-12.4dB,0.24us,-110.4Hz,,"[7,",1111,1
2025-07-30 21:14:22.152298,CSI,0x4601,2,,na,"[4,",,,,,+32.6dB,10.0us,"[0,",1,790.8,normal,0,valid,-12.5dB,-12.5dB,0.23us,-117.5Hz,,"[7,",1111,1
2025-07-30 21:14:22.172386,CSI,0x4601,2,,na,"[4,",,,,,+34.1dB,19.7us,"[0,",1,792.8,normal,0,valid,-12.5dB,-12.6dB,0.23us,-166.2Hz,,"[7,",1111,1
2025-07-30 21:14:22.192321,CSI,0x4601,2,,na,"[4,",,,,,+32.4dB,11.5us,"[0,",1,794.8,normal,0,valid,-12.4dB,-12.5dB,0.24us,-143.7Hz,,"[7,",1111,1
2025-07-30 21:14:22.212383,CSI,0x4601,2,,na,"[4,",,,,,+29.0dB,12.3us,"[0,",1,796.8,normal,0,valid,-12.5dB,-12.6dB,0.26us,-153.7Hz,,"[7,",1111,1
2025-07-30 21:14:22.232339,CSI,0x4601,2,,na,"[4,",,,,,+30.3dB,11.3us,"[0,",1,798.8,normal,0,valid,-12.6dB,-12.6dB,0.25us,-64.5Hz,,"[7,",1111,1
2025-07-30 21:14:22.252334,CSI,0x4601,2,,na,"[4,",,,,,+30.5dB,11.1us,"[0,",1,800.8,normal,0,valid,-12.5dB,-12.6dB,0.24us,-77.6Hz,,"[7,",1111,1
2025-07-30 21:14:22.272373,CSI,0x4601,2,,na,"[4,",,,,,+30.5dB,11.5us,"[0,",1,802.8,normal,0,valid,-12.5dB,-12.5dB,0.22us,-89.1Hz,,"[7,",1111,1
2025-07-30 21:14:22.292363,CSI,0x4601,2,,na,"[4,",,,,,+31.4dB,16.7us,"[0,",1,804.8,normal,0,valid,-12.4dB,-12.5dB,0.23us,-85.8Hz,,"[7,",1111,1
2025-07-30 21:14:22.312408,CSI,0x4601,2,,na,"[4,",,,,,+31.6dB,11.3us,"[0,",1,806.8,normal,0,valid,-12.5dB,-12.5dB,0.24us,-26.1Hz,,"[7,",1111,1
2025-07-30 21:14:22.332364,CSI,0x4601,2,,na,"[4,",,,,,+30.9dB,13.4us,"[0,",1,808.8,normal,0,valid,-12.5dB,-12.6dB,0.26us,-154.7Hz,,"[7,",1111,1
2025-07-30 21:14:22.352285,CSI,0x4601,2,,na,"[4,",,,,,+36.2dB,11.8us,"[0,",1,810.8,normal,0,valid,-12.5dB,-12.6dB,0.27us,-115.6Hz,,"[7,",1111,1
2025-07-30 21:14:22.372381,CSI,0x4601,2,,na,"[4,",,,,,+30.8dB,11.8us,"[0,",1,812.8,normal,0,valid,-12.5dB,-12.6dB,0.24us,-90.5Hz,,"[7,",1111,1
2025-07-30 21:14:22.392299,CSI,0x4601,2,,na,"[4,",,,,,+29.0dB,11.6us,"[0,",1,814.8,normal,0,valid,-12.4dB,-12.5dB,0.24us,-221.1Hz,,"[7,",1111,1
2025-07-30 21:14:22.412388,CSI,0x4601,2,,na,"[4,",,,,,+28.0dB,10.7us,"[0,",1,816.8,normal,0,valid,-12.5dB,-12.6dB,0.26us,-183.5Hz,,"[7,",1111,1
2025-07-30 21:14:22.432320,CSI,0x4601,2,,na,"[4,",,,,,+29.6dB,12.0us,"[0,",1,818.8,normal,0,valid,-12.5dB,-12.6dB,0.26us,+18.5Hz,,"[7,",1111,1
2025-07-30 21:14:22.452273,CSI,0x4601,2,,na,"[4,",,,,,+36.3dB,11.9us,"[0,",1,820.8,normal,0,valid,-12.5dB,-12.5dB,0.24us,-74.7Hz,,"[7,",1111,1
2025-07-30 21:14:22.472345,CSI,0x4601,2,,na,"[4,",,,,,+29.8dB,15.1us,"[0,",1,822.8,normal,0,valid,-12.5dB,-12.6dB,0.24us,-115.7Hz,,"[7,",1111,1
2025-07-30 21:14:22.492306,CSI,0x4601,2,,na,"[4,",,,,,+35.0dB,11.4us,"[0,",1,824.8,normal,0,valid,-12.5dB,-12.5dB,0.21us,-174.3Hz,,"[7,",1111,1
2025-07-30 21:14:22.512133,PHY,0x4601,1,4,na,"[0,",0,0,,1074.4,+16.0dB,18.9us,"[0,",1,826.7,normal,0,valid,-14.2dB,-14.3dB,na,na,yes,,,
2025-07-30 21:14:22.512403,CSI,0x4601,2,,na,"[4,",,,,,+29.7dB,13.0us,"[0,",1,826.8,normal,0,valid,-12.6dB,-12.7dB,0.22us,+82.6Hz,,"[7,",1111,1
2025-07-30 21:14:22.532368,CSI,0x4601,2,,na,"[4,",,,,,+30.7dB,17.5us,"[0,",1,828.8,normal,0,valid,-12.5dB,-12.5dB,0.23us,-117.2Hz,,"[7,",1111,1
2025-07-30 21:14:22.552428,CSI,0x4601,2,,na,"[4,",,,,,+29.5dB,11.7us,"[0,",1,830.8,normal,0,valid,-12.4dB,-12.5dB,0.25us,-97.1Hz,,"[7,",1111,1
2025-07-30 21:14:22.572392,CSI,0x4601,2,,na,"[4,",,,,,+32.4dB,14.9us,"[0,",1,832.8,normal,0,valid,-12.5dB,-12.5dB,0.24us,-121.4Hz,,"[7,",1111,1
2025-07-30 21:14:22.592300,CSI,0x4601,2,,na,"[4,",,,,,+31.4dB,14.8us,"[0,",1,834.8,normal,0,valid,-12.6dB,-12.7dB,0.24us,-67.7Hz,,"[7,",1111,1
2025-07-30 21:14:22.612359,CSI,0x4601,2,,na,"[4,",,,,,+31.0dB,12.9us,"[0,",1,836.8,normal,0,valid,-12.6dB,-12.6dB,0.23us,-269.6Hz,,"[7,",1111,1
2025-07-30 21:14:22.632323,CSI,0x4601,2,,na,"[4,",,,,,+30.0dB,10.8us,"[0,",1,838.8,normal,0,valid,-12.5dB,-12.6dB,0.23us,-93.8Hz,,"[7,",1111,1
2025-07-30 21:14:22.652418,CSI,0x4601,2,,na,"[4,",,,,,+29.5dB,11.7us,"[0,",1,840.8,normal,0,valid,-12.5dB,-12.6dB,0.23us,-163.2Hz,,"[7,",1111,1
2025-07-30 21:14:22.672362,CSI,0x4601,2,,na,"[4,",,,,,+31.1dB,11.9us,"[0,",1,842.8,normal,0,valid,-12.6dB,-12.6dB,0.22us,-91.3Hz,,"[7,",1111,1
2025-07-30 21:14:22.692299,CSI,0x4601,2,,na,"[4,",,,,,+32.2dB,11.6us,"[0,",1,844.8,normal,0,valid,-12.4dB,-12.5dB,0.23us,-59.4Hz,,"[7,",1111,1
2025-07-30 21:14:22.712408,CSI,0x4601,2,,na,"[4,",,,,,+31.3dB,19.0us,"[0,",1,846.8,normal,0,valid,-12.5dB,-12.5dB,0.24us,-218.0Hz,,"[7,",1111,1
2025-07-30 21:14:22.732349,CSI,0x4601,2,,na,"[4,",,,,,+33.5dB,11.6us,"[0,",1,848.8,normal,0,valid,-12.7dB,-12.7dB,0.24us,-75.8Hz,,"[7,",1111,1
2025-07-30 21:14:22.752419,CSI,0x4601,2,,na,"[4,",,,,,+30.2dB,15.6us,"[0,",1,850.8,normal,0,valid,-12.4dB,-12.5dB,0.24us,+25.4Hz,,"[7,",1111,1
2025-07-30 21:14:22.772374,CSI,0x4601,2,,na,"[4,",,,,,+33.4dB,10.8us,"[0,",1,852.8,normal,0,valid,-12.4dB,-12.5dB,0.23us,+20.1Hz,,"[7,",1111,1
2025-07-30 21:14:22.792305,CSI,0x4601,2,,na,"[4,",,,,,+31.0dB,12.6us,"[0,",1,854.8,normal,0,valid,-12.4dB,-12.4dB,0.25us,-8.2Hz,,"[7,",1111,1
2025-07-30 21:14:22.812120,PHY,0x4601,1,4,na,"[0,",0,0,1,994.4,+15.7dB,19.9us,"[0,",1,856.7,normal,0,valid,-14.2dB,-14.3dB,na,na,,,,
2025-07-30 21:14:22.812137,PHY,0x4601,1,0,na,"[0,",0,0,2,0.2,-24.4dB,12.1us,"[0,",1,856.7,normal,0,invalid,-43.4dB,-68.5dB,na,na,,,,
2025-07-30 21:14:22.812350,CSI,0x4601,2,,na,"[4,",,,,,+30.8dB,15.7us,"[0,",1,856.8,normal,0,valid,-12.5dB,-12.6dB,0.24us,-33.3Hz,,"[7,",1111,1
2025-07-30 21:14:22.832316,CSI,0x4601,2,,na,"[4,",,,,,+30.0dB,12.2us,"[0,",1,858.8,normal,0,valid,-12.5dB,-12.5dB,0.24us,-4.0Hz,,"[7,",1111,1
2025-07-30 21:14:22.852407,CSI,0x4601,2,,na,"[4,",,,,,+33.2dB,14.3us,"[0,",1,860.8,normal,0,valid,-12.4dB,-12.5dB,0.24us,-28.2Hz,,"[7,",1111,1
2025-07-30 21:14:22.872325,CSI,0x4601,2,,na,"[4,",,,,,+32.5dB,13.5us,"[0,",1,862.8,normal,0,valid,-12.4dB,-12.5dB,0.24us,-100.7Hz,,"[7,",1111,1
2025-07-30 21:14:22.892416,CSI,0x4601,2,,na,"[4,",,,,,+30.7dB,11.6us,"[0,",1,864.8,normal,0,valid,-12.5dB,-12.5dB,0.26us,-40.4Hz,,"[7,",1111,1
2025-07-30 21:14:22.912337,CSI,0x4601,2,,na,"[4,",,,,,+30.4dB,11.9us,"[0,",1,866.8,normal,0,valid,-12.5dB,-12.5dB,0.23us,-49.3Hz,,"[7,",1111,1
2025-07-30 21:14:22.932292,CSI,0x4601,2,,na,"[4,",,,,,+35.1dB,12.6us,"[0,",1,868.8,normal,0,valid,-12.7dB,-12.7dB,0.20us,-13.4Hz,,"[7,",1111,1
2025-07-30 21:14:22.952355,CSI,0x4601,2,,na,"[4,",,,,,+28.7dB,13.7us,"[0,",1,870.8,normal,0,valid,-12.5dB,-12.5dB,0.19us,-44.9Hz,,"[7,",1111,1
2025-07-30 21:14:22.967602,PHY,0x4601,1,0,na,"[0,",0,0,1,1696.5,+18.0dB,19.8us,"[0,",1,871.18,normal,0,valid,-14.4dB,-14.5dB,na,na,,,,
2025-07-30 21:14:22.968068,PHY,0x4601,1,0,na,"[0,",0,0,1,1683.8,+18.0dB,16.7us,"[0,",1,871.19,normal,0,valid,-14.4dB,-14.5dB,na,na,,,,
2025-07-30 21:14:22.972349,CSI,0x4601,2,,na,"[4,",,,,,+31.5dB,17.2us,"[0,",1,872.8,normal,0,valid,-12.4dB,-12.4dB,0.15us,-106.0Hz,,"[7,",1111,1
2025-07-30 21:14:22.982586,PHY,0x4601,1,0,na,"[0,",0,0,1,1725.7,+18.1dB,18.5us,"[0,",1,873.8,normal,0,valid,-14.4dB,-14.4dB,na,na,,,,
2025-07-30 21:14:22.983169,PHY,0x4601,1,0,na,"[0,",0,0,1,1835.1,+18.4dB,15.4us,"[0,",1,873.9,normal,0,valid,-14.4dB,-14.5dB,na,na,,,,
2025-07-30 21:14:22.987660,PHY,0x4601,1,0,na,"[0,",0,0,1,1638.0,+17.9dB,17.1us,"[0,",1,873.18,normal,0,valid,-14.5dB,-14.5dB,na,na,,,,
2025-07-30 21:14:22.992436,CSI,0x4601,2,,na,"[4,",,,,,+27.8dB,18.7us,"[0,",1,874.8,normal,0,valid,-12.5dB,-12.5dB,0.17us,+20.9Hz,,"[7,",1111,1
2025-07-30 21:14:22.997581,PHY,0x4601,1,0,na,"[0,",0,0,1,1814.9,+18.3dB,16.3us,"[0,",1,874.18,normal,0,valid,-14.5dB,-14.5dB,na,na,,,,
2025-07-30 21:14:22.998172,PHY,0x4601,1,0,na,"[0,",0,0,1,1758.5,+18.2dB,22.5us,"[0,",1,874.19,normal,0,valid,-14.5dB,-14.5dB,na,na,,,,
2025-07-30 21:14:23.002662,PHY,0x4601,1,0,na,"[0,",0,0,1,1748.4,+18.2dB,21.2us,"[0,",1,875.8,normal,0,valid,-14.4dB,-14.5dB,na,na,,,,
2025-07-30 21:14:23.003122,PHY,0x4601,1,0,na,"[0,",0,0,1,1639.2,+17.9dB,15.9us,"[0,",1,875.9,normal,0,valid,-14.4dB,-14.5dB,na,na,,,,
2025-07-30 21:14:23.007623,PHY,0x4601,1,0,na,"[0,",0,0,1,1759.1,+18.2dB,20.5us,"[0,",1,875.18,normal,0,valid,-14.4dB,-14.5dB,na,na,,,,
2025-07-30 21:14:23.008093,PHY,0x4601,1,0,na,"[0,",0,0,1,1732.0,+18.1dB,18.7us,"[0,",1,875.19,normal,0,valid,-14.5dB,-14.5dB,na,na,,,,
2025-07-30 21:14:23.012225,CSI,0x4601,2,,na,"[0,",,,1,,+32.1dB,17.8us,"[0,",1,876.8,normal,0,valid,-11.4dB,-11.4dB,0.17us,+80.3Hz,,"[6,",1111,1
2025-07-30 21:14:23.013160,PHY,0x4601,1,0,na,"[0,",0,0,1,1161.0,+16.4dB,17.1us,"[0,",1,876.9,normal,0,valid,-14.5dB,-14.6dB,na,na,,,,
2025-07-30 21:14:23.017644,PHY,0x4601,1,0,na,"[0,",0,0,1,1713.7,+18.1dB,16.6us,"[0,",1,876.18,normal,0,valid,-14.5dB,-14.6dB,na,na,,,,
2025-07-30 21:14:23.018119,PHY,0x4601,1,0,na,"[0,",0,0,1,1694.5,+18.0dB,15.4us,"[0,",1,876.19,normal,0,valid,-14.5dB,-14.5dB,na,na,,,,
2025-07-30 21:14:23.022620,PHY,0x4601,1,0,na,"[0,",0,0,1,1881.6,+18.5dB,18.0us,"[0,",1,877.8,normal,0,valid,-14.4dB,-14.4dB,na,na,,,,
2025-07-30 21:14:23.023076,PHY,0x4601,1,0,na,"[0,",0,0,1,1640.8,+17.9dB,14.2us,"[0,",1,877.9,normal,0,valid,-14.4dB,-14.5dB,na,na,,,,
2025-07-30 21:14:23.027573,PHY,0x4601,1,0,na,"[0,",0,0,1,1722.1,+18.1dB,16.1us,"[0,",1,877.18,normal,0,valid,-14.5dB,-14.5dB,na,na,,,,
2025-07-30 21:14:23.028155,PHY,0x4601,1,0,na,"[0,",0,0,1,1704.8,+18.1dB,16.4us,"[0,",1,877.19,normal,0,valid,-14.5dB,-14.5dB,na,na,,,,
2025-07-30 21:14:23.032235,CSI,0x4601,2,,na,"[0,",,,1,,+32.9dB,12.8us,"[0,",1,878.8,normal,0,valid,-11.3dB,-11.3dB,0.16us,+64.5Hz,,"[6,",1111,1
2025-07-30 21:14:23.033110,PHY,0x4601,1,0,na,"[0,",0,0,1,1719.9,+18.1dB,15.9us,"[0,",1,878.9,normal,0,valid,-14.4dB,-14.5dB,na,na,,,,
2025-07-30 21:14:23.037611,PHY,0x4601,1,0,na,"[0,",0,0,1,1646.4,+17.9dB,19.1us,"[0,",1,878.18,normal,0,valid,-14.5dB,-14.5dB,na,na,,,,
2025-07-30 21:14:23.038083,PHY,0x4601,1,0,na,"[0,",0,0,1,1709.7,+18.1dB,17.7us,"[0,",1,878.19,normal,0,valid,-14.5dB,-14.5dB,na,na,,,,
2025-07-30 21:14:23.042671,PHY,0x4601,1,0,na,"[0,",0,0,1,1770.3,+18.2dB,17.8us,"[0,",1,879.8,normal,0,valid,-14.4dB,-14.5dB,na,na,,,,
2025-07-30 21:14:23.043139,PHY,0x4601,1,0,na,"[0,",0,0,1,1693.5,+18.0dB,15.4us,"[0,",1,879.9,normal,0,valid,-14.4dB,-14.5dB,na,na,,,,
2025-07-30 21:14:23.047641,PHY,0x4601,1,0,na,"[0,",0,0,1,1741.3,+18.2dB,22.7us,"[0,",1,879.18,normal,0,valid,-14.5dB,-14.5dB,na,na,,,,
2025-07-30 21:14:23.048108,PHY,0x4601,1,0,na,"[0,",0,0,1,1841.0,+18.4dB,15.1us,"[0,",1,879.19,normal,0,valid,-14.5dB,-14.5dB,na,na,,,,
2025-07-30 21:14:23.052236,CSI,0x4601,2,,na,"[0,",,,1,,+29.5dB,15.0us,"[0,",1,880.8,normal,0,valid,-11.5dB,-11.5dB,0.18us,-44.5Hz,,"[6,",1111,1
2025-07-30 21:14:23.053070,PHY,0x4601,1,0,na,"[0,",0,0,1,1214.6,+16.6dB,16.4us,"[0,",1,880.9,normal,0,valid,-14.5dB,-14.6dB,na,na,,,,
2025-07-30 21:14:23.057673,PHY,0x4601,1,0,na,"[0,",0,0,1,1722.5,+18.1dB,16.7us,"[0,",1,880.18,normal,0,valid,-14.4dB,-14.5dB,na,na,,,,
2025-07-30 21:14:23.058145,PHY,0x4601,1,0,na,"[0,",0,0,1,1662.9,+18.0dB,16.2us,"[0,",1,880.19,normal,0,valid,-14.4dB,-14.4dB,na,na,,,,
2025-07-30 21:14:23.062631,PHY,0x4601,1,0,na,"[0,",0,0,1,1760.5,+18.2dB,16.7us,"[0,",1,881.8,normal,0,valid,-14.4dB,-14.5dB,na,na,,,,
2025-07-30 21:14:23.063097,PHY,0x4601,1,0,na,"[0,",0,0,1,1767.7,+18.2dB,14.4us,"[0,",1,881.9,normal,0,valid,-14.4dB,-14.5dB,na,na,,,,
2025-07-30 21:14:23.067593,PHY,0x4601,1,0,na,"[0,",0,0,1,1770.4,+18.2dB,20.3us,"[0,",1,881.18,normal,0,valid,-14.4dB,-14.5dB,na,na,,,,
2025-07-30 21:14:23.068181,PHY,0x4601,1,0,na,"[0,",0,0,1,1646.1,+17.9dB,16.0us,"[0,",1,881.19,normal,0,valid,-14.4dB,-14.5dB,na,na,,,,
2025-07-30 21:14:23.072195,CSI,0x4601,2,,na,"[0,",,,1,,+30.7dB,15.2us,"[0,",1,882.8,normal,0,valid,-11.5dB,-11.5dB,0.18us,+3.2Hz,,"[6,",1111,1
2025-07-30 21:14:23.073138,PHY,0x4601,1,0,na,"[0,",0,0,1,1267.1,+16.7dB,24.0us,"[0,",1,882.9,normal,0,valid,-14.5dB,-14.6dB,na,na,,,,
2025-07-30 21:14:23.077633,PHY,0x4601,1,0,na,"[0,",0,0,1,1697.8,+18.0dB,16.0us,"[0,",1,882.18,normal,0,valid,-14.4dB,-14.5dB,na,na,,,,
2025-07-30 21:14:23.078099,PHY,0x4601,1,0,na,"[0,",0,0,1,1689.2,+18.0dB,17.7us,"[0,",1,882.19,normal,0,valid,-14.4dB,-14.5dB,na,na,,,,
2025-07-30 21:14:23.082580,PHY,0x4601,1,0,na,"[0,",0,0,1,1685.7,+18.0dB,17.3us,"[0,",1,883.8,normal,0,valid,-14.5dB,-14.5dB,na,na,,,,
2025-07-30 21:14:23.083159,PHY,0x4601,1,0,na,"[0,",0,0,1,1604.8,+17.8dB,14.5us,"[0,",1,883.9,normal,0,valid,-14.5dB,-14.5dB,na,na,,,,
2025-07-30 21:14:23.087654,PHY,0x4601,1,0,na,"[0,",0,0,1,1739.6,+18.2dB,16.2us,"[0,",1,883.18,normal,0,valid,-14.4dB,-14.5dB,na,na,,,,
2025-07-30 21:14:23.088126,PHY,0x4601,1,0,na,"[0,",0,0,1,1651.2,+17.9dB,14.8us,"[0,",1,883.19,normal,0,valid,-14.4dB,-14.4dB,na,na,,,,
2025-07-30 21:14:23.092205,CSI,0x4601,2,,na,"[0,",,,1,,+30.5dB,14.0us,"[0,",1,884.8,normal,0,valid,-11.5dB,-11.5dB,0.18us,+53.2Hz,,"[6,",1111,1
2025-07-30 21:14:23.093084,PHY,0x4601,1,0,na,"[0,",0,0,1,1709.6,+18.0dB,15.8us,"[0,",1,884.9,normal,0,valid,-14.5dB,-14.6dB,na,na,,,,
2025-07-30 21:14:23.097577,PHY,0x4601,1,0,na,"[0,",0,0,1,1682.2,+18.0dB,17.1us,"[0,",1,884.18,normal,0,valid,-14.4dB,-14.4dB,na,na,,,,
2025-07-30 21:14:23.098157,PHY,0x4601,1,0,na,"[0,",0,0,1,1714.9,+18.1dB,14.8us,"[0,",1,884.19,normal,0,valid,-14.4dB,-14.5dB,na,na,,,,
2025-07-30 21:14:23.102654,PHY,0x4601,1,0,na,"[0,",0,0,1,1727.8,+18.1dB,20.5us,"[0,",1,885.8,normal,0,valid,-14.5dB,-14.5dB,na,na,,,,
2025-07-30 21:14:23.103117,PHY,0x4601,1,0,na,"[0,",0,0,1,1759.9,+18.2dB,13.7us,"[0,",1,885.9,normal,0,valid,-14.4dB,-14.5dB,na,na,,,,
2025-07-30 21:14:23.107610,PHY,0x4601,1,0,na,"[0,",0,0,1,1611.2,+17.8dB,17.8us,"[0,",1,885.18,normal,0,valid,-14.4dB,-14.5dB,na,na,,,,
2025-07-30 21:14:23.108081,PHY,0x4601,1,0,na,"[0,",0,0,1,1798.5,+18.3dB,15.4us,"[0,",1,885.19,normal,0,valid,-14.4dB,-14.5dB,na,na,,,,
2025-07-30 21:14:23.112210,CSI,0x4601,2,,na,"[0,",,,1,,+31.4dB,14.1us,"[0,",1,886.8,normal,0,valid,-11.4dB,-11.4dB,0.18us,+13.1Hz,,"[6,",1111,1
2025-07-30 21:14:23.113150,PHY,0x4601,1,0,na,"[0,",0,0,1,1721.8,+18.1dB,16.1us,"[0,",1,886.9,normal,0,valid,-14.5dB,-14.6dB,na,na,,,,
2025-07-30 21:14:23.117641,PHY,0x4601,1,0,na,"[0,",0,0,1,1622.3,+17.8dB,16.5us,"[0,",1,886.18,normal,0,valid,-14.4dB,-14.4dB,na,na,,,,
2025-07-30 21:14:23.118110,PHY,0x4601,1,0,na,"[0,",0,0,1,1677.2,+18.0dB,16.6us,"[0,",1,886.19,normal,0,valid,-14.4dB,-14.5dB,na,na,,,,
2025-07-30 21:14:23.122605,PHY,0x4601,1,0,na,"[0,",0,0,1,1879.4,+18.5dB,16.7us,"[0,",1,887.8,normal,0,valid,-14.4dB,-14.5dB,na,na,,,,
2025-07-30 21:14:23.123070,PHY,0x4601,1,0,na,"[0,",0,0,1,1762.3,+18.2dB,14.5us,"[0,",1,887.9,normal,0,valid,-14.5dB,-14.5dB,na,na,,,,
2025-07-30 21:14:23.127671,PHY,0x4601,1,0,na,"[0,",0,0,1,1688.7,+18.0dB,16.5us,"[0,",1,887.18,normal,0,valid,-14.4dB,-14.5dB,na,na,,,,
2025-07-30 21:14:23.128139,PHY,0x4601,1,0,na,"[0,",0,0,1,1744.8,+18.2dB,14.6us,"[0,",1,887.19,normal,0,valid,-14.4dB,-14.5dB,na,na,,,,
2025-07-30 21:14:23.132213,CSI,0x4601,2,,na,"[0,",,,1,,+31.5dB,13.0us,"[0,",1,888.8,normal,0,valid,-11.4dB,-11.4dB,0.18us,-81.6Hz,,"[6,",1111,1
2025-07-30 21:14:23.133106,PHY,0x4601,1,0,na,"[0,",0,0,1,1674.2,+18.0dB,16.2us,"[0,",1,888.9,normal,0,valid,-14.4dB,-14.5dB,na,na,,,,
2025-07-30 21:14:23.137604,PHY,0x4601,1,0,na,"[0,",0,0,1,1622.6,+17.8dB,16.3us,"[0,",1,888.18,normal,0,valid,-14.4dB,-14.5dB,na,na,,,,
2025-07-30 21:14:23.138069,PHY,0x4601,1,0,na,"[0,",0,0,1,1619.4,+17.8dB,15.6us,"[0,",1,888.19,normal,0,valid,-14.4dB,-14.5dB,na,na,,,,
2025-07-30 21:14:23.142665,PHY,0x4601,1,0,na,"[0,",0,0,1,1694.9,+18.0dB,18.5us,"[0,",1,889.8,normal,0,valid,-14.5dB,-14.5dB,na,na,,,,
2025-07-30 21:14:23.143138,PHY,0x4601,1,0,na,"[0,",0,0,1,1679.4,+18.0dB,15.2us,"[0,",1,889.9,normal,0,valid,-14.5dB,-14.5dB,na,na,,,,
2025-07-30 21:14:23.147628,PHY,0x4601,1,0,na,"[0,",0,0,1,1657.5,+17.9dB,17.5us,"[0,",1,889.18,normal,0,valid,-14.4dB,-14.5dB,na,na,,,,
2025-07-30 21:14:23.148099,PHY,0x4601,1,0,na,"[0,",0,0,1,1766.7,+18.2dB,14.9us,"[0,",1,889.19,normal,0,valid,-14.4dB,-14.5dB,na,na,,,,
2025-07-30 21:14:23.152223,CSI,0x4601,2,,na,"[0,",,,1,,+31.7dB,16.9us,"[0,",1,890.8,normal,0,valid,-11.4dB,-11.5dB,0.19us,+29.8Hz,,"[6,",1111,1
2025-07-30 21:14:23.153170,PHY,0x4601,1,0,na,"[0,",0,0,1,1281.5,+16.8dB,17.1us,"[0,",1,890.9,normal,0,valid,-14.4dB,-14.5dB,na,na,,,,
2025-07-30 21:14:23.157680,PHY,0x4601,1,0,na,"[0,",0,0,1,1614.8,+17.8dB,17.1us,"[0,",1,890.18,normal,0,valid,-14.4dB,-14.5dB,na,na,,,,
2025-07-30 21:14:23.158135,PHY,0x4601,1,0,na,"[0,",0,0,1,1786.0,+18.3dB,17.0us,"[0,",1,890.19,normal,0,valid,-14.4dB,-14.4dB,na,na,,,,
2025-07-30 21:14:23.162619,PHY,0x4601,1,0,na,"[0,",0,0,1,1706.3,+18.0dB,16.3us,"[0,",1,891.8,normal,0,valid,-14.5dB,-14.6dB,na,na,,,,
2025-07-30 21:14:23.163112,PHY,0x4601,1,0,na,"[0,",0,0,1,1639.5,+17.9dB,13.6us,"[0,",1,891.9,normal,0,valid,-14.5dB,-14.6dB,na,na,,,,
2025-07-30 21:14:23.167591,PHY,0x4601,1,0,na,"[0,",0,0,1,1646.5,+17.9dB,16.2us,"[0,",1,891.18,normal,0,valid,-14.4dB,-14.5dB,na,na,,,,
2025-07-30 21:14:23.168178,PHY,0x4601,1,0,na,"[0,",0,0,1,1709.6,+18.1dB,24.5us,"[0,",1,891.19,normal,0,valid,-14.4dB,-14.4dB,na,na,,,,
2025-07-30 21:14:23.172180,CSI,0x4601,2,,na,"[0,",,,1,,+36.1dB,16.2us,"[0,",1,892.8,normal,0,valid,-11.5dB,-11.5dB,0.16us,+69.6Hz,,"[6,",1111,1
2025-07-30 21:14:23.173124,PHY,0x4601,1,0,na,"[0,",0,0,1,1294.0,+16.8dB,17.2us,"[0,",1,892.9,normal,0,valid,-14.5dB,-14.6dB,na,na,,,,
2025-07-30 21:14:23.177615,PHY,0x4601,1,0,na,"[0,",0,0,1,1846.1,+18.4dB,16.4us,"[0,",1,892.18,normal,0,valid,-14.4dB,-14.5dB,na,na,,,,
2025-07-30 21:14:23.178094,PHY,0x4601,1,0,na,"[0,",0,0,1,1700.1,+18.1dB,13.3us,"[0,",1,892.19,normal,0,valid,-14.4dB,-14.5dB,na,na,,,,
2025-07-30 21:14:23.182584,PHY,0x4601,1,0,na,"[0,",0,0,1,1786.7,+18.3dB,17.5us,"[0,",1,893.8,normal,0,valid,-14.4dB,-14.5dB,na,na,,,,
2025-07-30 21:14:23.183155,PHY,0x4601,1,0,na,"[0,",0,0,1,1868.7,+18.5dB,15.7us,"[0,",1,893.9,normal,0,valid,-14.5dB,-14.5dB,na,na,,,,
2025-07-30 21:14:23.187644,PHY,0x4601,1,0,na,"[0,",0,0,1,1744.5,+18.1dB,16.5us,"[0,",1,893.18,normal,0,valid,-14.4dB,-14.5dB,na,na,,,,
2025-07-30 21:14:23.188117,PHY,0x4601,1,0,na,"[0,",0,0,1,1655.7,+17.9dB,15.7us,"[0,",1,893.19,normal,0,valid,-14.4dB,-14.5dB,na,na,,,,
2025-07-30 21:14:23.192271,CSI,0x4601,2,,na,"[0,",,,1,,+30.7dB,12.9us,"[0,",1,894.8,normal,0,valid,-11.4dB,-11.4dB,0.19us,+51.4Hz,,"[6,",1111,1
2025-07-30 21:14:23.193087,PHY,0x4601,1,0,na,"[0,",0,0,1,1231.6,+16.6dB,16.5us,"[0,",1,894.9,normal,0,valid,-14.4dB,-14.5dB,na,na,,,,
2025-07-30 21:14:23.197625,PHY,0x4601,1,0,na,"[0,",0,0,1,1667.1,+18.0dB,16.8us,"[0,",1,894.18,normal,0,valid,-14.4dB,-14.5dB,na,na,,,,
2025-07-30 21:14:23.198150,PHY,0x4601,1,0,na,"[0,",0,0,1,1625.9,+17.9dB,16.5us,"[0,",1,894.19,normal,0,valid,-14.5dB,-14.5dB,na,na,,,,
2025-07-30 21:14:23.202649,PHY,0x4601,1,0,na,"[0,",0,0,1,1792.5,+18.3dB,20.9us,"[0,",1,895.8,normal,0,valid,-14.5dB,-14.6dB,na,na,,,,
2025-07-30 21:14:23.203112,PHY,0x4601,1,0,na,"[0,",0,0,1,1682.5,+18.0dB,16.2us,"[0,",1,895.9,normal,0,valid,-14.5dB,-14.6dB,na,na,,,,
2025-07-30 21:14:23.207612,PHY,0x4601,1,0,na,"[0,",0,0,1,1630.5,+17.9dB,16.5us,"[0,",1,895.18,normal,0,valid,-14.4dB,-14.5dB,na,na,,,,
2025-07-30 21:14:23.208074,PHY,0x4601,1,0,na,"[0,",0,0,1,1616.9,+17.8dB,16.0us,"[0,",1,895.19,normal,0,valid,-14.4dB,-14.5dB,na,na,,,,
2025-07-30 21:14:23.212218,CSI,0x4601,2,,na,"[0,",,,1,,+29.5dB,13.4us,"[0,",1,896.8,normal,0,valid,-11.4dB,-11.4dB,0.19us,-57.9Hz,,"[6,",1111,1
2025-07-30 21:14:23.213149,PHY,0x4601,1,0,na,"[0,",0,0,1,1290.4,+16.9dB,21.7us,"[0,",1,896.9,normal,0,valid,-14.4dB,-14.5dB,na,na,,,,
2025-07-30 21:14:23.217635,PHY,0x4601,1,0,na,"[0,",0,0,1,1629.9,+17.9dB,16.4us,"[0,",1,896.18,normal,0,valid,-14.4dB,-14.4dB,na,na,,,,
2025-07-30 21:14:23.218111,PHY,0x4601,1,0,na,"[0,",0,0,1,1797.0,+18.3dB,14.7us,"[0,",1,896.19,normal,0,valid,-14.5dB,-14.5dB,na,na,,,,
2025-07-30 21:14:23.222615,PHY,0x4601,1,0,na,"[0,",0,0,1,1706.3,+18.0dB,24.1us,"[0,",1,897.8,normal,0,valid,-14.5dB,-14.6dB,na,na,,,,
2025-07-30 21:14:23.223064,PHY,0x4601,1,0,na,"[0,",0,0,1,1789.8,+18.3dB,14.0us,"[0,",1,897.9,normal,0,valid,-14.5dB,-14.5dB,na,na,,,,
2025-07-30 21:14:23.227666,PHY,0x4601,1,0,na,"[0,",0,0,1,1745.7,+18.2dB,16.4us,"[0,",1,897.18,normal,0,valid,-14.4dB,-14.5dB,na,na,,,,
2025-07-30 21:14:23.228136,PHY,0x4601,1,0,na,"[0,",0,0,1,1615.2,+17.8dB,14.6us,"[0,",1,897.19,normal,0,valid,-14.4dB,-14.5dB,na,na,,,,
2025-07-30 21:14:23.232218,CSI,0x4601,2,,na,"[0,",,,1,,+30.8dB,14.4us,"[0,",1,898.8,normal,0,valid,-11.5dB,-11.5dB,0.19us,+68.5Hz,,"[6,",1111,1
2025-07-30 21:14:23.233105,PHY,0x4601,1,0,na,"[0,",0,0,1,1267.6,+16.8dB,20.1us,"[0,",1,898.9,normal,0,valid,-14.5dB,-14.5dB,na,na,,,,
2025-07-30 21:14:23.237595,PHY,0x4601,1,0,na,"[0,",0,0,1,1798.6,+18.3dB,20.3us,"[0,",1,898.18,normal,0,valid,-14.4dB,-14.5dB,na,na,,,,
2025-07-30 21:14:23.238172,PHY,0x4601,1,0,na,"[0,",0,0,1,1719.5,+18.1dB,17.0us,"[0,",1,898.19,normal,0,valid,-14.4dB,-14.5dB,na,na,,,,
2025-07-30 21:14:23.242667,PHY,0x4601,1,0,na,"[0,",0,0,1,1832.8,+18.4dB,17.6us,"[0,",1,899.8,normal,0,valid,-14.5dB,-14.5dB,na,na,,,,
2025-07-30 21:14:23.243133,PHY,0x4601,1,0,na,"[0,",0,0,1,1667.4,+18.0dB,16.0us,"[0,",1,899.9,normal,0,valid,-14.5dB,-14.5dB,na,na,,,,
2025-07-30 21:14:23.247626,PHY,0x4601,1,0,na,"[0,",0,0,1,1636.9,+17.9dB,16.4us,"[0,",1,899.18,normal,0,valid,-14.4dB,-14.5dB,na,na,,,,
2025-07-30 21:14:23.248096,PHY,0x4601,1,0,na,"[0,",0,0,1,1682.6,+18.0dB,15.6us,"[0,",1,899.19,normal,0,valid,-14.4dB,-14.5dB,na,na,,,,
2025-07-30 21:14:23.252233,CSI,0x4601,2,,na,"[0,",,,1,,+30.1dB,17.2us,"[0,",1,900.8,normal,0,valid,-11.6dB,-11.6dB,0.19us,-53.6Hz,,"[6,",1111,1
2025-07-30 21:14:23.253165,PHY,0x4601,1,0,na,"[0,",0,0,1,1257.6,+16.7dB,15.9us,"[0,",1,900.9,normal,0,valid,-14.5dB,-14.6dB,na,na,,,,
2025-07-30 21:14:23.257652,PHY,0x4601,1,0,na,"[0,",0,0,1,1774.4,+18.2dB,18.7us,"[0,",1,900.18,normal,0,valid,-14.4dB,-14.5dB,na,na,,,,
2025-07-30 21:14:23.258122,PHY,0x4601,1,0,na,"[0,",0,0,1,1503.7,+17.5dB,15.3us,"[0,",1,900.19,normal,0,valid,-14.4dB,-14.5dB,na,na,,,,
2025-07-30 21:14:23.262617,PHY,0x4601,1,0,na,"[0,",0,0,1,1707.1,+18.1dB,17.9us,"[0,",1,901.8,normal,0,valid,-14.5dB,-14.5dB,na,na,,,,
2025-07-30 21:14:23.263081,PHY,0x4601,1,0,na,"[0,",0,0,1,1698.7,+18.0dB,14.2us,"[0,",1,901.9,normal,0,valid,-14.5dB,-14.6dB,na,na,,,,
2025-07-30 21:14:23.267593,PHY,0x4601,1,0,na,"[0,",0,0,1,1643.2,+17.9dB,23.7us,"[0,",1,901.18,normal,0,valid,-14.4dB,-14.4dB,na,na,,,,
2025-07-30 21:14:23.268158,PHY,0x4601,1,0,na,"[0,",0,0,1,1620.5,+17.8dB,20.8us,"[0,",1,901.19,normal,0,valid,-14.4dB,-14.5dB,na,na,,,,
2025-07-30 21:14:23.272237,CSI,0x4601,2,,na,"[0,",,,1,,+35.3dB,12.6us,"[0,",1,902.8,normal,0,valid,-11.5dB,-11.5dB,0.19us,-133.8Hz,,"[6,",1111,1
2025-07-30 21:14:23.273115,PHY,0x4601,1,0,na,"[0,",0,0,1,1649.9,+17.9dB,16.1us,"[0,",1,902.9,normal,0,valid,-14.5dB,-14.6dB,na,na,,,,
2025-07-30 21:14:23.277616,PHY,0x4601,1,0,na,"[0,",0,0,1,1623.6,+17.8dB,18.0us,"[0,",1,902.18,normal,0,valid,-14.4dB,-14.5dB,na,na,,,,
2025-07-30 21:14:23.278084,PHY,0x4601,1,0,na,"[0,",0,0,1,1640.7,+17.9dB,18.0us,"[0,",1,902.19,normal,0,valid,-14.4dB,-14.5dB,na,na,,,,
2025-07-30 21:14:23.282572,PHY,0x4601,1,0,na,"[0,",0,0,1,1586.2,+17.7dB,16.8us,"[0,",1,903.8,normal,0,valid,-14.5dB,-14.6dB,na,na,,,,
2025-07-30 21:14:23.283146,PHY,0x4601,1,0,na,"[0,",0,0,1,1696.4,+18.0dB,14.2us,"[0,",1,903.9,normal,0,valid,-14.5dB,-14.6dB,na,na,,,,
2025-07-30 21:14:23.287645,PHY,0x4601,1,0,na,"[0,",0,0,1,1581.0,+17.7dB,16.0us,"[0,",1,903.18,normal,0,valid,-14.4dB,-14.5dB,na,na,,,,
2025-07-30 21:14:23.288115,PHY,0x4601,1,0,na,"[0,",0,0,1,1732.0,+18.2dB,16.0us,"[0,",1,903.19,normal,0,valid,-14.5dB,-14.5dB,na,na,,,,
2025-07-30 21:14:23.292263,CSI,0x4601,2,,na,"[0,",,,1,,+30.1dB,15.0us,"[0,",1,904.8,normal,0,valid,-11.5dB,-11.5dB,0.18us,-89.0Hz,,"[6,",1111,1
2025-07-30 21:14:23.293079,PHY,0x4601,1,0,na,"[0,",0,0,1,1199.0,+16.5dB,17.3us,"[0,",1,904.9,normal,0,valid,-14.4dB,-14.5dB,na,na,,,,
2025-07-30 21:14:23.297667,PHY,0x4601,1,0,na,"[0,",0,0,1,1769.2,+18.2dB,15.7us,"[0,",1,904.18,normal,0,valid,-14.3dB,-14.4dB,na,na,,,,
2025-07-30 21:14:23.298142,PHY,0x4601,1,0,na,"[0,",0,0,1,1784.2,+18.2dB,16.6us,"[0,",1,904.19,normal,0,valid,-14.3dB,-14.4dB,na,na,,,,
2025-07-30 21:14:23.302638,PHY,0x4601,1,0,na,"[0,",0,0,1,1697.5,+18.0dB,16.0us,"[0,",1,905.8,normal,0,valid,-14.4dB,-14.5dB,na,na,,,,
2025-07-30 21:14:23.303107,PHY,0x4601,1,0,na,"[0,",0,0,1,1848.1,+18.4dB,15.3us,"[0,",1,905.9,normal,0,valid,-14.4dB,-14.4dB,na,na,,,,
2025-07-30 21:14:23.307600,PHY,0x4601,1,0,na,"[0,",0,0,1,1739.0,+18.1dB,21.6us,"[0,",1,905.18,normal,0,valid,-14.3dB,-14.4dB,na,na,,,,
2025-07-30 21:14:23.308074,PHY,0x4601,1,0,na,"[0,",0,0,1,1717.2,+18.1dB,14.3us,"[0,",1,905.19,normal,0,valid,-14.3dB,-14.4dB,na,na,,,,
2025-07-30 21:14:23.312218,CSI,0x4601,2,,na,"[0,",,,1,,+30.8dB,13.4us,"[0,",1,906.8,normal,0,valid,-11.4dB,-11.4dB,0.17us,-26.1Hz,,"[6,",1111,1
2025-07-30 21:14:23.313143,PHY,0x4601,1,0,na,"[0,",0,0,1,1244.2,+16.7dB,22.4us,"[0,",1,906.9,normal,0,valid,-14.4dB,-14.4dB,na,na,,,,
2025-07-30 21:14:23.317624,PHY,0x4601,1,0,na,"[0,",0,0,1,1709.0,+18.0dB,16.6us,"[0,",1,906.18,normal,0,valid,-14.3dB,-14.4dB,na,na,,,,
2025-07-30 21:14:23.318101,PHY,0x4601,1,0,na,"[0,",0,0,1,1628.5,+17.9dB,17.0us,"[0,",1,906.19,normal,0,valid,-14.3dB,-14.4dB,na,na,,,,
2025-07-30 21:14:23.322592,PHY,0x4601,1,0,na,"[0,",0,0,1,1766.2,+18.2dB,16.1us,"[0,",1,907.8,normal,0,valid,-14.4dB,-14.4dB,na,na,,,,
2025-07-30 21:14:23.323166,PHY,0x4601,1,0,na,"[0,",0,0,1,1613.0,+17.8dB,14.6us,"[0,",1,907.9,normal,0,valid,-14.4dB,-14.5dB,na,na,,,,
2025-07-30 21:14:23.327658,PHY,0x4601,1,0,na,"[0,",0,0,1,1572.2,+17.7dB,16.3us,"[0,",1,907.18,normal,0,valid,-14.3dB,-14.3dB,na,na,,,,
2025-07-30 21:14:23.328140,PHY,0x4601,1,0,na,"[0,",0,0,1,1731.8,+18.1dB,15.2us,"[0,",1,907.19,normal,0,valid,-14.3dB,-14.4dB,na,na,,,,
2025-07-30 21:14:23.332197,CSI,0x4601,2,,na,"[0,",,,1,,+31.7dB,12.1us,"[0,",1,908.8,normal,0,valid,-11.5dB,-11.5dB,0.17us,-140.4Hz,,"[6,",1111,1
2025-07-30 21:14:23.333097,PHY,0x4601,1,0,na,"[0,",0,0,1,1251.6,+16.7dB,18.9us,"[0,",1,908.9,normal,0,valid,-14.3dB,-14.4dB,na,na,,,,
2025-07-30 21:14:23.337593,PHY,0x4601,1,0,na,"[0,",0,0,1,1660.4,+17.9dB,16.8us,"[0,",1,908.18,normal,0,valid,-14.3dB,-14.4dB,na,na,,,,
2025-07-30 21:14:23.338162,PHY,0x4601,1,0,na,"[0,",0,0,1,1608.2,+17.8dB,15.8us,"[0,",1,908.19,normal,0,valid,-14.3dB,-14.4dB,na,na,,,,
2025-07-30 21:14:23.342656,PHY,0x4601,1,0,na,"[0,",0,0,1,1655.8,+17.9dB,22.7us,"[0,",1,909.8,normal,0,valid,-14.4dB,-14.5dB,na,na,,,,
2025-07-30 21:14:23.343122,PHY,0x4601,1,0,na,"[0,",0,0,1,1721.3,+18.1dB,14.6us,"[0,",1,909.9,normal,0,valid,-14.4dB,-14.5dB,na,na,,,,
2025-07-30 21:14:23.347611,PHY,0x4601,1,0,na,"[0,",0,0,1,1674.4,+18.0dB,16.3us,"[0,",1,909.18,normal,0,valid,-14.3dB,-14.4dB,na,na,,,,
2025-07-30 21:14:23.348086,PHY,0x4601,1,0,na,"[0,",0,0,1,1715.5,+18.1dB,14.5us,"[0,",1,909.19,normal,0,valid,-14.3dB,-14.4dB,na,na,,,,
2025-07-30 21:14:23.352230,CSI,0x4601,2,,na,"[0,",,,1,,+30.9dB,15.3us,"[0,",1,910.8,normal,0,valid,-11.4dB,-11.4dB,0.18us,+15.1Hz,,"[6,",1111,1
2025-07-30 21:14:23.353160,PHY,0x4601,1,0,na,"[0,",0,0,1,1637.4,+17.9dB,16.0us,"[0,",1,910.9,normal,0,valid,-14.4dB,-14.4dB,na,na,,,,
2025-07-30 21:14:23.357644,PHY,0x4601,1,0,na,"[0,",0,0,1,1673.4,+18.0dB,16.7us,"[0,",1,910.18,normal,0,valid,-14.3dB,-14.4dB,na,na,,,,
2025-07-30 21:14:23.358117,PHY,0x4601,1,0,na,"[0,",0,0,1,1720.7,+18.1dB,16.6us,"[0,",1,910.19,normal,0,valid,-14.3dB,-14.4dB,na,na,,,,
2025-07-30 21:14:23.362616,PHY,0x4601,1,0,na,"[0,",0,0,1,1605.2,+17.8dB,17.1us,"[0,",1,911.8,normal,0,valid,-14.4dB,-14.4dB,na,na,,,,
2025-07-30 21:14:23.363076,PHY,0x4601,1,0,na,"[0,",0,0,1,1692.2,+18.0dB,14.4us,"[0,",1,911.9,normal,0,valid,-14.4dB,-14.5dB,na,na,,,,
2025-07-30 21:14:23.367576,PHY,0x4601,1,0,na,"[0,",0,0,1,1756.1,+18.2dB,16.7us,"[0,",1,911.18,normal,0,valid,-14.3dB,-14.4dB,na,na,,,,
2025-07-30 21:14:23.368148,PHY,0x4601,1,0,na,"[0,",0,0,1,1803.1,+18.3dB,15.8us,"[0,",1,911.19,normal,0,valid,-14.3dB,-14.4dB,na,na,,,,
2025-07-30 21:14:23.372222,CSI,0x4601,2,,na,"[0,",,,1,,+31.5dB,14.8us,"[0,",1,912.8,normal,0,valid,-11.4dB,-11.4dB,0.16us,-89.3Hz,,"[6,",1111,1
2025-07-30 21:14:23.373111,PHY,0x4601,1,0,na,"[0,",0,0,1,1649.7,+17.9dB,15.5us,"[0,",1,912.9,normal,0,valid,-14.4dB,-14.5dB,na,na,,,,
2025-07-30 21:14:23.377611,PHY,0x4601,1,0,na,"[0,",0,0,1,1652.9,+17.9dB,16.3us,"[0,",1,912.18,normal,0,valid,-14.3dB,-14.4dB,na,na,,,,
2025-07-30 21:14:23.378078,PHY,0x4601,1,0,na,"[0,",0,0,1,1777.4,+18.2dB,14.7us,"[0,",1,912.19,normal,0,valid,-14.3dB,-14.4dB,na,na,,,,
2025-07-30 21:14:23.382676,PHY,0x4601,1,0,na,"[0,",0,0,1,1738.9,+18.1dB,22.9us,"[0,",1,913.8,normal,0,valid,-14.4dB,-14.5dB,na,na,,,,
2025-07-30 21:14:23.383139,PHY,0x4601,1,0,na,"[0,",0,0,1,1670.4,+18.0dB,14.4us,"[0,",1,913.9,normal,0,valid,-14.4dB,-14.5dB,na,na,,,,
2025-07-30 21:14:23.387636,PHY,0x4601,1,0,na,"[0,",0,0,1,1702.7,+18.1dB,16.4us,"[0,",1,913.18,normal,0,valid,-14.3dB,-14.4dB,na,na,,,,
2025-07-30 21:14:23.388114,PHY,0x4601,1,0,na,"[0,",0,0,1,1825.3,+18.4dB,15.4us,"[0,",1,913.19,normal,0,valid,-14.3dB,-14.4dB,na,na,,,,
2025-07-30 21:14:23.392275,CSI,0x4601,2,,na,"[0,",,,1,,+31.1dB,23.4us,"[0,",1,914.8,normal,0,valid,-11.4dB,-11.4dB,0.19us,-52.9Hz,,"[6,",1111,1
2025-07-30 21:14:23.393073,PHY,0x4601,1,0,na,"[0,",0,0,1,1711.5,+18.1dB,21.3us,"[0,",1,914.9,normal,0,valid,-14.4dB,-14.4dB,na,na,,,,
2025-07-30 21:14:23.397663,PHY,0x4601,1,0,na,"[0,",0,0,1,1781.2,+18.2dB,16.6us,"[0,",1,914.18,normal,0,valid,-14.3dB,-14.4dB,na,na,,,,
2025-07-30 21:14:23.398143,PHY,0x4601,1,0,na,"[0,",0,0,1,1763.1,+18.2dB,15.1us,"[0,",1,914.19,normal,0,valid,-14.3dB,-14.4dB,na,na,,,,
2025-07-30 21:14:23.402634,PHY,0x4601,1,0,na,"[0,",0,0,1,1639.6,+17.9dB,17.6us,"[0,",1,915.8,normal,0,valid,-14.4dB,-14.5dB,na,na,,,,
2025-07-30 21:14:23.403098,PHY,0x4601,1,0,na,"[0,",0,0,1,1582.4,+17.7dB,15.4us,"[0,",1,915.9,normal,0,valid,-14.4dB,-14.5dB,na,na,,,,
2025-07-30 21:14:23.407593,PHY,0x4601,1,0,na,"[0,",0,0,1,1750.0,+18.2dB,16.7us,"[0,",1,915.18,normal,0,valid,-14.3dB,-14.3dB,na,na,,,,
2025-07-30 21:14:23.408176,PHY,0x4601,1,0,na,"[0,",0,0,1,1688.5,+18.0dB,15.4us,"[0,",1,915.19,normal,0,valid,-14.3dB,-14.4dB,na,na,,,,
2025-07-30 21:14:23.412186,CSI,0x4601,2,,na,"[0,",,,1,,+33.4dB,14.2us,"[0,",1,916.8,normal,0,valid,-11.4dB,-11.4dB,0.18us,-146.8Hz,,"[6,",1111,1
2025-07-30 21:14:23.413130,PHY,0x4601,1,0,na,"[0,",0,0,1,1501.1,+17.5dB,16.0us,"[0,",1,916.9,normal,0,valid,-14.3dB,-14.4dB,na,na,,,,
2025-07-30 21:14:23.417620,PHY,0x4601,1,0,na,"[0,",0,0,1,1640.4,+17.9dB,16.3us,"[0,",1,916.18,normal,0,valid,-14.3dB,-14.4dB,na,na,,,,
2025-07-30 21:14:23.418097,PHY,0x4601,1,0,na,"[0,",0,0,1,1462.5,+17.4dB,14.6us,"[0,",1,916.19,normal,0,valid,-14.3dB,-14.4dB,na,na,,,,
2025-07-30 21:14:23.422580,PHY,0x4601,1,0,na,"[0,",0,0,1,1632.3,+17.9dB,16.9us,"[0,",1,917.8,normal,0,valid,-14.4dB,-14.4dB,na,na,,,,
2025-07-30 21:14:23.423164,PHY,0x4601,1,0,na,"[0,",0,0,1,1635.9,+17.9dB,14.6us,"[0,",1,917.9,normal,0,valid,-14.4dB,-14.4dB,na,na,,,,
2025-07-30 21:14:23.427650,PHY,0x4601,1,0,na,"[0,",0,0,1,1619.7,+17.8dB,16.9us,"[0,",1,917.18,normal,0,valid,-14.3dB,-14.4dB,na,na,,,,
2025-07-30 21:14:23.428135,PHY,0x4601,1,0,na,"[0,",0,0,1,1621.9,+17.8dB,14.2us,"[0,",1,917.19,normal,0,valid,-14.3dB,-14.4dB,na,na,,,,
2025-07-30 21:14:23.432197,CSI,0x4601,2,,na,"[0,",,,1,,+31.6dB,15.5us,"[0,",1,918.8,normal,0,valid,-11.3dB,-11.3dB,0.17us,+6.7Hz,,"[6,",1111,1
2025-07-30 21:14:23.433094,PHY,0x4601,1,0,na,"[0,",0,0,1,1508.3,+17.5dB,23.1us,"[0,",1,918.9,normal,0,valid,-14.4dB,-14.5dB,na,na,,,,
2025-07-30 21:14:23.437581,PHY,0x4601,1,0,na,"[0,",0,0,1,1618.5,+17.9dB,16.5us,"[0,",1,918.18,normal,0,valid,-14.3dB,-14.4dB,na,na,,,,
2025-07-30 21:14:23.438161,PHY,0x4601,1,0,na,"[0,",0,0,1,1743.2,+18.2dB,16.1us,"[0,",1,918.19,normal,0,valid,-14.3dB,-14.4dB,na,na,,,,
2025-07-30 21:14:23.442644,PHY,0x4601,1,0,na,"[0,",0,0,1,1715.5,+18.1dB,16.7us,"[0,",1,919.8,normal,0,valid,-14.4dB,-14.4dB,na,na,,,,
2025-07-30 21:14:23.443119,PHY,0x4601,1,0,na,"[0,",0,0,1,1657.5,+17.9dB,14.4us,"[0,",1,919.9,normal,0,valid,-14.4dB,-14.5dB,na,na,,,,
2025-07-30 21:14:23.447619,PHY,0x4601,1,0,na,"[0,",0,0,1,1554.4,+17.7dB,17.7us,"[0,",1,919.18,normal,0,valid,-14.3dB,-14.3dB,na,na,,,,
2025-07-30 21:14:23.448080,PHY,0x4601,1,0,na,"[0,",0,0,1,1643.2,+17.9dB,15.2us,"[0,",1,919.19,normal,0,valid,-14.3dB,-14.4dB,na,na,,,,
2025-07-30 21:14:23.452221,CSI,0x4601,2,,na,"[0,",,,1,,+29.7dB,14.3us,"[0,",1,920.8,normal,0,valid,-11.3dB,-11.4dB,0.18us,-120.7Hz,,"[6,",1111,1
2025-07-30 21:14:23.453155,PHY,0x4601,1,0,na,"[0,",0,0,1,1583.4,+17.7dB,23.3us,"[0,",1,920.9,normal,0,valid,-14.3dB,-14.4dB,na,na,,,,
2025-07-30 21:14:23.457647,PHY,0x4601,1,0,na,"[0,",0,0,1,1704.9,+18.1dB,16.3us,"[0,",1,920.18,normal,0,valid,-14.3dB,-14.4dB,na,na,,,,
2025-07-30 21:14:23.458107,PHY,0x4601,1,0,na,"[0,",0,0,1,1643.9,+17.9dB,14.5us,"[0,",1,920.19,normal,0,valid,-14.3dB,-14.4dB,na,na,,,,
2025-07-30 21:14:23.462608,PHY,0x4601,1,0,na,"[0,",0,0,1,1725.0,+18.1dB,16.7us,"[0,",1,921.8,normal,0,valid,-14.4dB,-14.5dB,na,na,,,,
2025-07-30 21:14:23.463071,PHY,0x4601,1,0,na,"[0,",0,0,1,1613.0,+17.8dB,14.5us,"[0,",1,921.9,normal,0,valid,-14.4dB,-14.5dB,na,na,,,,
2025-07-30 21:14:23.467677,PHY,0x4601,1,0,na,"[0,",0,0,1,1771.5,+18.2dB,19.0us,"[0,",1,921.18,normal,0,valid,-14.3dB,-14.4dB,na,na,,,,
2025-07-30 21:14:23.468141,PHY,0x4601,1,0,na,"[0,",0,0,1,1659.0,+17.9dB,15.1us,"[0,",1,921.19,normal,0,valid,-14.3dB,-14.4dB,na,na,,,,
2025-07-30 21:14:23.472223,CSI,0x4601,2,,na,"[0,",,,1,,+32.5dB,13.2us,"[0,",1,922.8,normal,0,valid,-11.5dB,-11.5dB,0.19us,+34.2Hz,,"[6,",1111,1
2025-07-30 21:14:23.473110,PHY,0x4601,1,0,na,"[0,",0,0,1,1210.0,+16.6dB,15.8us,"[0,",1,922.9,normal,0,valid,-14.4dB,-14.5dB,na,na,,,,
2025-07-30 21:14:23.477602,PHY,0x4601,1,0,na,"[0,",0,0,1,1756.2,+18.2dB,16.4us,"[0,",1,922.18,normal,0,valid,-14.3dB,-14.4dB,na,na,,,,
2025-07-30 21:14:23.478072,PHY,0x4601,1,0,na,"[0,",0,0,1,1663.8,+17.9dB,15.0us,"[0,",1,922.19,normal,0,valid,-14.3dB,-14.4dB,na,na,,,,
2025-07-30 21:14:23.482670,PHY,0x4601,1,0,na,"[0,",0,0,1,1902.8,+18.5dB,18.6us,"[0,",1,923.8,normal,0,valid,-14.4dB,-14.4dB,na,na,,,,
2025-07-30 21:14:23.483160,PHY,0x4601,1,0,na,"[0,",0,0,1,1575.2,+17.7dB,16.2us,"[0,",1,923.9,normal,0,valid,-14.4dB,-14.5dB,na,na,,,,
2025-07-30 21:14:23.487626,PHY,0x4601,1,0,na,"[0,",0,0,1,1707.4,+18.1dB,16.8us,"[0,",1,923.18,normal,0,valid,-14.3dB,-14.4dB,na,na,,,,
2025-07-30 21:14:23.488108,PHY,0x4601,1,0,na,"[0,",0,0,1,1737.3,+18.1dB,15.9us,"[0,",1,923.19,normal,0,valid,-14.3dB,-14.4dB,na,na,,,,
2025-07-30 21:14:23.492244,CSI,0x4601,2,,na,"[0,",,,1,,+31.0dB,16.0us,"[0,",1,924.8,normal,0,valid,-11.5dB,-11.5dB,0.17us,+15.3Hz,,"[6,",1111,1
2025-07-30 21:14:23.493171,PHY,0x4601,1,0,na,"[0,",0,0,1,1603.5,+17.8dB,16.4us,"[0,",1,924.9,normal,0,valid,-14.3dB,-14.4dB,na,na,,,,
2025-07-30 21:14:23.497655,PHY,0x4601,1,0,na,"[0,",0,0,1,1750.8,+18.2dB,15.7us,"[0,",1,924.18,normal,0,valid,-14.3dB,-14.4dB,na,na,,,,
2025-07-30 21:14:23.498133,PHY,0x4601,1,0,na,"[0,",0,0,1,1682.9,+18.0dB,18.7us,"[0,",1,924.19,normal,0,valid,-14.3dB,-14.4dB,na,na,,,,
2025-07-30 21:14:23.502649,PHY,0x4601,1,0,na,"[0,",0,0,1,1733.9,+18.1dB,18.2us,"[0,",1,925.8,normal,0,valid,-14.4dB,-14.5dB,na,na,,,,
2025-07-30 21:14:23.503092,PHY,0x4601,1,0,na,"[0,",0,0,1,1698.8,+18.0dB,16.3us,"[0,",1,925.9,normal,0,valid,-14.4dB,-14.5dB,na,na,,,,
2025-07-30 21:14:23.507581,PHY,0x4601,1,0,na,"[0,",0,0,1,1712.9,+18.1dB,15.6us,"[0,",1,925.18,normal,0,valid,-14.3dB,-14.4dB,na,na,,,,
2025-07-30 21:14:23.508184,PHY,0x4601,1,0,na,"[0,",0,0,1,1620.0,+17.8dB,21.2us,"[0,",1,925.19,normal,0,valid,-14.3dB,-14.4dB,na,na,,,,
2025-07-30 21:14:23.512189,CSI,0x4601,2,,na,"[0,",,,1,,+29.1dB,14.2us,"[0,",1,926.8,normal,0,valid,-11.4dB,-11.5dB,0.17us,+28.9Hz,,"[6,",1111,1
2025-07-30 21:14:23.513129,PHY,0x4601,1,0,na,"[0,",0,0,1,1262.7,+16.8dB,17.3us,"[0,",1,926.9,normal,0,valid,-14.4dB,-14.5dB,na,na,,,,
2025-07-30 21:14:23.517620,PHY,0x4601,1,0,na,"[0,",0,0,1,1597.6,+17.8dB,16.1us,"[0,",1,926.18,normal,0,valid,-14.3dB,-14.4dB,na,na,,,,
2025-07-30 21:14:23.518089,PHY,0x4601,1,0,na,"[0,",0,0,1,1644.0,+17.9dB,14.4us,"[0,",1,926.19,normal,0,valid,-14.3dB,-14.4dB,na,na,,,,
2025-07-30 21:14:23.522586,PHY,0x4601,1,0,na,"[0,",0,0,1,1798.1,+18.3dB,21.8us,"[0,",1,927.8,normal,0,valid,-14.4dB,-14.5dB,na,na,,,,
2025-07-30 21:14:23.523159,PHY,0x4601,1,0,na,"[0,",0,0,1,1668.3,+18.0dB,20.7us,"[0,",1,927.9,normal,0,valid,-14.4dB,-14.5dB,na,na,,,,
2025-07-30 21:14:23.527645,PHY,0x4601,1,0,na,"[0,",0,0,1,1656.7,+17.9dB,16.0us,"[0,",1,927.18,normal,0,valid,-14.3dB,-14.4dB,na,na,,,,
2025-07-30 21:14:23.528123,PHY,0x4601,1,0,na,"[0,",0,0,1,1699.7,+18.0dB,14.2us,"[0,",1,927.19,normal,0,valid,-14.3dB,-14.4dB,na,na,,,,
2025-07-30 21:14:23.532247,CSI,0x4601,2,,na,"[0,",,,1,,+33.2dB,15.7us,"[0,",1,928.8,normal,0,valid,-11.4dB,-11.5dB,0.18us,-71.1Hz,,"[6,",1111,1
2025-07-30 21:14:23.533076,PHY,0x4601,1,0,na,"[0,",0,0,1,1236.1,+16.7dB,15.3us,"[0,",1,928.9,normal,0,valid,-14.4dB,-14.5dB,na,na,,,,
2025-07-30 21:14:23.537568,PHY,0x4601,1,0,na,"[0,",0,0,1,1731.2,+18.1dB,15.9us,"[0,",1,928.18,normal,0,valid,-14.3dB,-14.4dB,na,na,,,,
2025-07-30 21:14:23.538151,PHY,0x4601,1,0,na,"[0,",0,0,1,1724.7,+18.1dB,15.2us,"[0,",1,928.19,normal,0,valid,-14.4dB,-14.4dB,na,na,,,,
2025-07-30 21:14:23.542642,PHY,0x4601,1,0,na,"[0,",0,0,1,1798.2,+18.3dB,16.7us,"[0,",1,929.8,normal,0,valid,-14.4dB,-14.4dB,na,na,,,,
2025-07-30 21:14:23.543113,PHY,0x4601,1,0,na,"[0,",0,0,1,1588.9,+17.7dB,14.0us,"[0,",1,929.9,normal,0,valid,-14.4dB,-14.5dB,na,na,,,,
2025-07-30 21:14:23.547604,PHY,0x4601,1,0,na,"[0,",0,0,1,1766.0,+18.2dB,15.5us,"[0,",1,929.18,normal,0,valid,-14.3dB,-14.4dB,na,na,,,,
2025-07-30 21:14:23.548080,PHY,0x4601,1,0,na,"[0,",0,0,1,1715.9,+18.1dB,16.0us,"[0,",1,929.19,normal,0,valid,-14.3dB,-14.4dB,na,na,,,,
2025-07-30 21:14:23.552216,CSI,0x4601,2,,na,"[0,",,,1,,+30.0dB,17.9us,"[0,",1,930.8,normal,0,valid,-11.4dB,-11.4dB,0.18us,-35.7Hz,,"[6,",1111,1
2025-07-30 21:14:23.553143,PHY,0x4601,1,0,na,"[0,",0,0,1,1196.8,+16.5dB,16.4us,"[0,",1,930.9,normal,0,valid,-14.4dB,-14.5dB,na,na,,,,
2025-07-30 21:14:23.557634,PHY,0x4601,1,0,na,"[0,",0,0,1,1665.3,+18.0dB,16.0us,"[0,",1,930.18,normal,0,valid,-14.3dB,-14.4dB,na,na,,,,
2025-07-30 21:14:23.558109,PHY,0x4601,1,0,na,"[0,",0,0,1,1659.6,+17.9dB,15.5us,"[0,",1,930.19,normal,0,valid,-14.3dB,-14.4dB,na,na,,,,
2025-07-30 21:14:23.562610,PHY,0x4601,1,0,na,"[0,",0,0,1,1731.9,+18.1dB,17.5us,"[0,",1,931.8,normal,0,valid,-14.4dB,-14.5dB,na,na,,,,
2025-07-30 21:14:23.563077,PHY,0x4601,1,0,na,"[0,",0,0,1,1643.4,+17.9dB,16.2us,"[0,",1,931.9,normal,0,valid,-14.4dB,-14.5dB,na,na,,,,
2025-07-30 21:14:23.567666,PHY,0x4601,1,0,na,"[0,",0,0,1,1681.6,+18.0dB,18.0us,"[0,",1,931.18,normal,0,valid,-14.0dB,-14.1dB,na,na,,,,
2025-07-30 21:14:23.568137,PHY,0x4601,1,0,na,"[0,",0,0,2,0.6,-13.6dB,16.5us,"[0,",1,931.19,normal,0,invalid,-47.1dB,-61.3dB,na,na,,,,
2025-07-30 21:14:23.573107,PHY,0x4601,1,0,na,"[0,",0,0,1,1660.8,+17.9dB,20.5us,"[0,",1,932.9,normal,0,valid,-14.4dB,-14.4dB,na,na,,,,
2025-07-30 21:14:23.576657,PHY,0x4601,2,,na,"[0,",,,1111,,+30.4dB,27.3us,"[0,",1,932.17,normal,0,valid,-12.5dB,-12.6dB,0.20us,-32.9Hz,,"[6,",,1
2025-07-30 21:14:23.577590,PHY,0x4601,1,0,na,"[0,",0,0,1,1193.0,+16.5dB,18.2us,"[0,",1,932.18,normal,0,valid,-14.3dB,-14.4dB,na,na,,,,
2025-07-30 21:14:23.578175,PHY,0x4601,1,0,na,"[0,",0,0,1,1204.9,+16.5dB,15.5us,"[0,",1,932.19,normal,0,valid,-14.4dB,-14.5dB,na,na,,,,
2025-07-30 21:14:23.581713,PHY,0x4601,2,,na,"[0,",,,1111,,+31.3dB,17.0us,"[0,",1,933.7,normal,0,valid,-12.5dB,-12.5dB,0.20us,-4.3Hz,,"[6,",,1
2025-07-30 21:14:23.586672,PHY,0x4601,2,,na,"[0,",,,11111,,+28.9dB,12.9us,"[0,",1,933.17,normal,0,valid,-11.4dB,-11.5dB,0.16us,-72.1Hz,,"[6,",,1
2025-07-30 21:14:23.587619,PHY,0x4601,1,0,na,"[0,",0,0,1,1210.0,+16.6dB,16.7us,"[0,",1,933.18,normal,0,valid,-14.3dB,-14.4dB,na,na,,,,
2025-07-30 21:14:23.591743,PHY,0x4601,2,,na,"[0,",,,1111,,+31.2dB,15.3us,"[0,",1,934.7,normal,0,valid,-11.5dB,-11.5dB,0.20us,-6.1Hz,1,"[6,",,1
2025-07-30 21:14:23.592388,CSI,0x4601,2,,na,"[4,",,,,,+32.4dB,12.2us,"[0,",1,934.8,normal,0,valid,-12.5dB,-12.5dB,0.24us,-227.4Hz,,"[7,",1111,1
2025-07-30 21:14:23.593166,PHY,0x4601,1,0,na,"[0,",0,0,1,1207.2,+16.5dB,16.3us,"[0,",1,934.9,normal,0,valid,-14.4dB,-14.5dB,na,na,,,,
2025-07-30 21:14:23.596718,PHY,0x4601,2,,na,"[0,",,,11111,,+29.2dB,14.6us,"[0,",1,934.17,normal,0,valid,-11.3dB,-11.4dB,0.17us,-62.8Hz,,"[6,",,1
2025-07-30 21:14:23.606764,PHY,0x4601,2,,na,"[0,",,,11111,,+29.6dB,14.7us,"[0,",1,935.17,normal,0,valid,-11.4dB,-11.4dB,0.17us,-3.4Hz,,"[6,",,1
2025-07-30 21:14:23.611715,PHY,0x4601,2,,na,"[0,",,,11111,,+31.4dB,14.4us,"[0,",1,936.7,normal,0,valid,-10.6dB,-10.7dB,0.20us,-107.3Hz,1,"[6,",,1
2025-07-30 21:14:23.612304,CSI,0x4601,2,,na,"[4,",,,,,+33.1dB,11.4us,"[0,",1,936.8,normal,0,valid,-12.4dB,-12.5dB,0.20us,-186.2Hz,,"[7,",1111,1
2025-07-30 21:14:23.616669,PHY,0x4601,2,,na,"[0,",,,11111,,+30.8dB,20.4us,"[0,",1,936.17,normal,0,valid,-11.4dB,-11.4dB,0.16us,-67.2Hz,,"[6,",,1
2025-07-30 21:14:23.626710,PHY,0x4601,2,,na,"[0,",,,11111,,+31.7dB,15.6us,"[0,",1,937.17,normal,0,valid,-11.4dB,-11.4dB,0.16us,-182.7Hz,,"[6,",,1
2025-07-30 21:14:23.631652,PHY,0x4601,2,,na,"[0,",,,11111,,+32.2dB,13.7us,"[0,",1,938.7,normal,0,valid,-10.7dB,-10.7dB,0.17us,-5.5Hz,1,"[6,",,1
2025-07-30 21:14:23.632402,CSI,0x4601,2,,na,"[4,",,,,,+30.5dB,13.6us,"[0,",1,938.8,normal,0,valid,-12.5dB,-12.5dB,0.18us,-78.0Hz,,"[7,",1111,1
2025-07-30 21:14:23.636725,PHY,0x4601,2,,na,"[0,",,,11111,,+30.7dB,14.7us,"[0,",1,938.17,normal,0,valid,-11.4dB,-11.4dB,0.18us,+85.1Hz,,"[6,",,1
2025-07-30 21:14:23.641709,PHY,0x4601,2,,na,"[0,",,,1111,,+27.0dB,15.0us,"[0,",1,939.7,normal,0,valid,-12.4dB,-12.4dB,0.16us,-92.6Hz,,"[6,",,1
2025-07-30 21:14:23.646653,PHY,0x4601,2,,na,"[0,",,,11111,,+32.0dB,13.7us,"[0,",1,939.17,normal,0,valid,-11.5dB,-11.5dB,0.19us,-32.0Hz,,"[6,",,1
2025-07-30 21:14:23.647603,PHY,0x4601,1,0,na,"[0,",0,0,1,1582.5,+17.7dB,18.4us,"[0,",1,939.18,normal,0,valid,-14.3dB,-14.4dB,na,na,,,,
2025-07-30 21:14:23.651713,PHY,0x4601,2,,na,"[0,",,,1111,,+35.4dB,14.6us,"[0,",1,940.7,normal,0,valid,-11.5dB,-11.5dB,0.19us,+20.4Hz,1,"[6,",,1
2025-07-30 21:14:23.652319,CSI,0x4601,2,,na,"[4,",,,,,+31.4dB,12.7us,"[0,",1,940.8,normal,0,valid,-12.4dB,-12.4dB,0.19us,+8.7Hz,,"[7,",1111,1
2025-07-30 21:14:23.653135,PHY,0x4601,1,0,na,"[0,",0,0,1,1602.4,+17.8dB,16.3us,"[0,",1,940.9,normal,0,valid,-14.4dB,-14.4dB,na,na,,,,
2025-07-30 21:14:23.656693,PHY,0x4601,2,,na,"[0,",,,11111,,+33.9dB,20.0us,"[0,",1,940.17,normal,0,valid,-11.4dB,-11.4dB,0.17us,+47.6Hz,,"[6,",,1
2025-07-30 21:14:23.666725,PHY,0x4601,2,,na,"[0,",,,11111,,+30.2dB,16.8us,"[0,",1,941.17,normal,0,valid,-11.3dB,-11.3dB,0.17us,+10.1Hz,,"[6,",,1
2025-07-30 21:14:23.671678,PHY,0x4601,2,,na,"[0,",,,11111,,+34.7dB,13.4us,"[0,",1,942.7,normal,0,valid,-10.7dB,-10.7dB,0.19us,-69.5Hz,1,"[6,",,1
2025-07-30 21:14:23.672417,CSI,0x4601,2,,na,"[4,",,,,,+30.9dB,11.8us,"[0,",1,942.8,normal,0,valid,-12.3dB,-12.4dB,0.19us,-153.2Hz,,"[7,",1111,1
2025-07-30 21:14:23.676743,PHY,0x4601,2,,na,"[0,",,,11111,,+33.4dB,14.8us,"[0,",1,942.17,normal,0,valid,-11.4dB,-11.4dB,0.17us,-14.4Hz,,"[6,",,1
2025-07-30 21:14:23.681721,PHY,0x4601,2,,na,"[0,",,,1111,,+28.4dB,13.7us,"[0,",1,943.7,normal,0,valid,-12.3dB,-12.4dB,0.19us,-126.9Hz,,"[6,",,1
2025-07-30 21:14:23.686664,PHY,0x4601,2,,na,"[0,",,,11111,,+31.3dB,12.2us,"[0,",1,943.17,normal,0,valid,-11.3dB,-11.4dB,0.19us,+52.1Hz,,"[6,",,1
2025-07-30 21:14:23.687620,PHY,0x4601,1,0,na,"[0,",0,0,1,1185.0,+16.5dB,24.3us,"[0,",1,943.18,normal,0,valid,-14.3dB,-14.4dB,na,na,,,,
2025-07-30 21:14:23.691736,PHY,0x4601,2,,na,"[0,",,,1111,,+30.4dB,14.8us,"[0,",1,944.7,normal,0,valid,-11.3dB,-11.4dB,0.19us,+34.7Hz,1,"[6,",,1
2025-07-30 21:14:23.692329,CSI,0x4601,2,,na,"[4,",,,,,+30.6dB,11.3us,"[0,",1,944.8,normal,0,valid,-12.4dB,-12.4dB,0.16us,-60.9Hz,,"[7,",1111,1
2025-07-30 21:14:23.693155,PHY,0x4601,1,0,na,"[0,",0,0,1,1542.1,+17.6dB,17.1us,"[0,",1,944.9,normal,0,valid,-14.3dB,-14.4dB,na,na,,,,
2025-07-30 21:14:23.696728,PHY,0x4601,2,,na,"[0,",,,11111,,+33.1dB,12.6us,"[0,",1,944.17,normal,0,valid,-11.4dB,-11.4dB,0.18us,-144.6Hz,,"[6,",,1
2025-07-30 21:14:23.702609,PHY,0x4601,1,0,na,"[0,",0,0,1,1755.4,+18.2dB,17.8us,"[0,",1,945.8,normal,0,valid,-14.4dB,-14.5dB,na,na,,,,
2025-07-30 21:14:23.703080,PHY,0x4601,1,0,na,"[0,",0,0,1,1695.7,+18.1dB,16.4us,"[0,",1,945.9,normal,0,valid,-14.4dB,-14.5dB,na,na,,,,
2025-07-30 21:14:23.706745,PHY,0x4601,2,,na,"[0,",,,11111,,+31.2dB,15.5us,"[0,",1,945.17,normal,0,valid,-11.4dB,-11.4dB,0.18us,-21.1Hz,,"[6,",,1
2025-07-30 21:14:23.707574,PHY,0x4601,1,0,na,"[0,",0,0,1,1734.3,+18.1dB,17.8us,"[0,",1,945.18,normal,0,valid,-14.4dB,-14.4dB,na,na,,,,
2025-07-30 21:14:23.708145,PHY,0x4601,1,0,na,"[0,",0,0,1,1628.9,+17.9dB,15.6us,"[0,",1,945.19,normal,0,valid,-14.4dB,-14.4dB,na,na,,,,
2025-07-30 21:14:23.712258,CSI,0x4601,2,,na,"[0,",,,1,,+30.6dB,13.0us,"[0,",1,946.8,normal,0,valid,-11.4dB,-11.4dB,0.19us,-66.1Hz,,"[6,",1111,1
2025-07-30 21:14:23.713109,PHY,0x4601,1,0,na,"[0,",0,0,1,1787.7,+18.2dB,16.0us,"[0,",1,946.9,normal,0,valid,-14.4dB,-14.5dB,na,na,,,,
2025-07-30 21:14:23.716653,PHY,0x4601,2,,na,"[0,",,,11111,,+33.4dB,12.9us,"[0,",1,946.17,normal,0,valid,-11.5dB,-11.5dB,0.18us,+27.4Hz,,"[6,",,1
2025-07-30 21:14:23.717602,PHY,0x4601,1,0,na,"[0,",0,0,1,1207.9,+16.6dB,17.3us,"[0,",1,946.18,normal,0,valid,-14.4dB,-14.5dB,na,na,,,,
2025-07-30 21:14:23.718080,PHY,0x4601,1,0,na,"[0,",0,0,1,1177.9,+16.5dB,14.9us,"[0,",1,946.19,normal,0,valid,-14.4dB,-14.5dB,na,na,,,,
2025-07-30 21:14:23.722673,PHY,0x4601,1,0,na,"[0,",0,0,1,1723.0,+18.1dB,16.1us,"[0,",1,947.8,normal,0,valid,-14.4dB,-14.5dB,na,na,,,,
2025-07-30 21:14:23.723140,PHY,0x4601,1,0,na,"[0,",0,0,1,1576.7,+17.7dB,15.0us,"[0,",1,947.9,normal,0,valid,-14.4dB,-14.5dB,na,na,,,,
2025-07-30 21:14:23.726699,PHY,0x4601,2,,na,"[0,",,,11111,,+33.2dB,16.3us,"[0,",1,947.17,normal,0,valid,-11.5dB,-11.5dB,0.16us,+54.1Hz,,"[6,",,1
2025-07-30 21:14:23.727632,PHY,0x4601,1,0,na,"[0,",0,0,1,1587.6,+17.7dB,17.4us,"[0,",1,947.18,normal,0,valid,-14.4dB,-14.4dB,na,na,,,,
2025-07-30 21:14:23.728103,PHY,0x4601,1,0,na,"[0,",0,0,1,1529.5,+17.6dB,13.3us,"[0,",1,947.19,normal,0,valid,-14.4dB,-14.4dB,na,na,,,,
2025-07-30 21:14:23.732257,CSI,0x4601,2,,na,"[0,",,,1,,+32.8dB,12.7us,"[0,",1,948.8,normal,0,valid,-11.4dB,-11.4dB,0.17us,-11.8Hz,,"[6,",1111,1
2025-07-30 21:14:23.733067,PHY,0x4601,1,0,na,"[0,",0,0,1,1613.9,+17.8dB,16.6us,"[0,",1,948.9,normal,0,valid,-14.4dB,-14.4dB,na,na,,,,
2025-07-30 21:14:23.736752,PHY,0x4601,2,,na,"[0,",,,11111,,+30.6dB,13.9us,"[0,",1,948.17,normal,0,valid,-11.3dB,-11.3dB,0.17us,+31.5Hz,,"[6,",,1
2025-07-30 21:14:23.737661,PHY,0x4601,1,0,na,"[0,",0,0,1,1255.6,+16.8dB,15.3us,"[0,",1,948.18,normal,0,valid,-14.3dB,-14.3dB,na,na,,,,
2025-07-30 21:14:23.738138,PHY,0x4601,1,0,na,"[0,",0,0,1,1221.6,+16.6dB,14.0us,"[0,",1,948.19,normal,0,valid,-14.4dB,-14.5dB,na,na,,,,
2025-07-30 21:14:23.742625,PHY,0x4601,1,0,na,"[0,",0,0,1,1599.3,+17.8dB,16.7us,"[0,",1,949.8,normal,0,valid,-14.4dB,-14.4dB,na,na,,,,
2025-07-30 21:14:23.743097,PHY,0x4601,1,0,na,"[0,",0,0,1,1685.9,+18.0dB,14.2us,"[0,",1,949.9,normal,0,valid,-14.4dB,-14.4dB,na,na,,,,
2025-07-30 21:14:23.746643,PHY,0x4601,2,,na,"[0,",,,11111,,+34.8dB,14.6us,"[0,",1,949.17,normal,0,valid,-11.5dB,-11.6dB,0.16us,+74.4Hz,,"[6,",,1
2025-07-30 21:14:23.747585,PHY,0x4601,1,0,na,"[0,",0,0,1,1516.5,+17.5dB,15.2us,"[0,",1,949.18,normal,0,valid,-14.4dB,-14.4dB,na,na,,,,
2025-07-30 21:14:23.748173,PHY,0x4601,1,0,na,"[0,",0,0,1,1650.4,+17.9dB,14.0us,"[0,",1,949.19,normal,0,valid,-14.3dB,-14.4dB,na,na,,,,
2025-07-30 21:14:23.752224,CSI,0x4601,2,,na,"[0,",,,1,,+34.8dB,14.9us,"[0,",1,950.8,normal,0,valid,-11.3dB,-11.3dB,0.16us,-51.5Hz,,"[6,",1111,1
2025-07-30 21:14:23.753136,PHY,0x4601,1,0,na,"[0,",0,0,1,1205.5,+16.6dB,16.9us,"[0,",1,950.9,normal,0,valid,-14.4dB,-14.5dB,na,na,,,,
2025-07-30 21:14:23.756676,PHY,0x4601,2,,na,"[0,",,,11111,,+30.0dB,14.3us,"[0,",1,950.17,normal,0,valid,-11.4dB,-11.5dB,0.17us,+4.2Hz,,"[6,",,1
2025-07-30 21:14:23.757623,PHY,0x4601,1,0,na,"[0,",0,0,1,1254.5,+16.7dB,17.7us,"[0,",1,950.18,normal,0,valid,-14.4dB,-14.5dB,na,na,,,,
2025-07-30 21:14:23.758092,PHY,0x4601,1,0,na,"[0,",0,0,1,1107.9,+16.2dB,14.7us,"[0,",1,950.19,normal,0,valid,-14.4dB,-14.5dB,na,na,,,,
2025-07-30 21:14:23.762585,PHY,0x4601,1,0,na,"[0,",0,0,1,1697.1,+18.1dB,16.1us,"[0,",1,951.8,normal,0,valid,-14.3dB,-14.3dB,na,na,,,,
2025-07-30 21:14:23.763161,PHY,0x4601,1,0,na,"[0,",0,0,1,1684.1,+18.0dB,17.0us,"[0,",1,951.9,normal,0,valid,-14.3dB,-14.4dB,na,na,,,,
2025-07-30 21:14:23.766710,PHY,0x4601,2,,na,"[0,",,,11111,,+32.6dB,18.0us,"[0,",1,951.17,normal,0,valid,-11.3dB,-11.4dB,0.18us,-0.3Hz,,"[6,",,1
2025-07-30 21:14:23.767646,PHY,0x4601,1,0,na,"[0,",0,0,1,1525.2,+17.5dB,16.2us,"[0,",1,951.18,normal,0,valid,-14.4dB,-14.5dB,na,na,,,,
2025-07-30 21:14:23.768121,PHY,0x4601,1,0,na,"[0,",0,0,1,1627.0,+17.8dB,14.8us,"[0,",1,951.19,normal,0,valid,-14.4dB,-14.4dB,na,na,,,,
2025-07-30 21:14:23.772248,CSI,0x4601,2,,na,"[0,",,,1,,+33.0dB,11.0us,"[0,",1,952.8,normal,0,valid,-11.2dB,-11.2dB,0.18us,-82.9Hz,,"[6,",1111,1
2025-07-30 21:14:23.773087,PHY,0x4601,1,0,na,"[0,",0,0,1,1557.8,+17.7dB,15.8us,"[0,",1,952.9,normal,0,valid,-14.4dB,-14.5dB,na,na,,,,
2025-07-30 21:14:23.776740,PHY,0x4601,2,,na,"[0,",,,11111,,+30.7dB,13.7us,"[0,",1,952.17,normal,0,valid,-11.3dB,-11.3dB,0.19us,-45.1Hz,,"[6,",,1
2025-07-30 21:14:23.777573,PHY,0x4601,1,0,na,"[0,",0,0,1,1134.4,+16.3dB,15.4us,"[0,",1,952.18,normal,0,valid,-14.4dB,-14.4dB,na,na,,,,
2025-07-30 21:14:23.778155,PHY,0x4601,1,0,na,"[0,",0,0,1,1256.4,+16.7dB,14.2us,"[0,",1,952.19,normal,0,valid,-14.4dB,-14.5dB,na,na,,,,
2025-07-30 21:14:23.782649,PHY,0x4601,1,0,na,"[0,",0,0,1,1656.5,+17.9dB,19.6us,"[0,",1,953.8,normal,0,valid,-14.3dB,-14.4dB,na,na,,,,
2025-07-30 21:14:23.783124,PHY,0x4601,1,0,na,"[0,",0,0,1,1600.8,+17.8dB,17.6us,"[0,",1,953.9,normal,0,valid,-14.3dB,-14.4dB,na,na,,,,
2025-07-30 21:14:23.786668,PHY,0x4601,2,,na,"[0,",,,11111,,+33.6dB,16.1us,"[0,",1,953.17,normal,0,valid,-11.4dB,-11.5dB,0.17us,+7.2Hz,,"[6,",,1
2025-07-30 21:14:23.787607,PHY,0x4601,1,0,na,"[0,",0,0,1,1181.4,+16.5dB,16.5us,"[0,",1,953.18,normal,0,valid,-14.4dB,-14.5dB,na,na,,,,
2025-07-30 21:14:23.788086,PHY,0x4601,1,0,na,"[0,",0,0,1,1127.7,+16.3dB,21.3us,"[0,",1,953.19,normal,0,valid,-14.4dB,-14.4dB,na,na,,,,
2025-07-30 21:14:23.792237,CSI,0x4601,2,,na,"[0,",,,1,,+31.4dB,15.1us,"[0,",1,954.8,normal,0,valid,-11.3dB,-11.3dB,0.18us,-21.2Hz,,"[6,",1111,1
2025-07-30 21:14:23.793157,PHY,0x4601,1,0,na,"[0,",0,0,1,1584.2,+17.7dB,23.1us,"[0,",1,954.9,normal,0,valid,-14.4dB,-14.4dB,na,na,,,,
2025-07-30 21:14:23.796727,PHY,0x4601,2,,na,"[0,",,,11111,,+29.9dB,16.9us,"[0,",1,954.17,normal,0,valid,-11.4dB,-11.4dB,0.18us,+41.6Hz,,"[6,",,1
2025-07-30 21:14:23.797639,PHY,0x4601,1,0,na,"[0,",0,0,1,1774.1,+18.2dB,16.3us,"[0,",1,954.18,normal,0,valid,-14.4dB,-14.5dB,na,na,,,,
2025-07-30 21:14:23.798111,PHY,0x4601,1,0,na,"[0,",0,0,1,1711.3,+18.0dB,16.5us,"[0,",1,954.19,normal,0,valid,-14.3dB,-14.4dB,na,na,,,,
2025-07-30 21:14:23.802619,PHY,0x4601,1,0,na,"[0,",0,0,1,1641.6,+17.9dB,25.0us,"[0,",1,955.8,normal,0,valid,-14.4dB,-14.5dB,na,na,,,,
2025-07-30 21:14:23.803073,PHY,0x4601,1,0,na,"[0,",0,0,1,1684.1,+18.0dB,14.8us,"[0,",1,955.9,normal,0,valid,-14.4dB,-14.5dB,na,na,,,,
2025-07-30 21:14:23.806747,PHY,0x4601,2,,na,"[0,",,,11111,,+30.7dB,15.1us,"[0,",1,955.17,normal,0,valid,-11.3dB,-11.4dB,0.17us,+138.9Hz,,"[6,",,1
2025-07-30 21:14:23.807667,PHY,0x4601,1,0,na,"[0,",0,0,1,1640.3,+17.8dB,15.7us,"[0,",1,955.18,normal,0,valid,-14.3dB,-14.4dB,na,na,,,,
2025-07-30 21:14:23.808141,PHY,0x4601,1,0,na,"[0,",0,0,1,1768.8,+18.2dB,16.3us,"[0,",1,955.19,normal,0,valid,-14.4dB,-14.4dB,na,na,,,,
2025-07-30 21:14:23.812233,CSI,0x4601,2,,na,"[0,",,,1,,+33.4dB,19.2us,"[0,",1,956.8,normal,0,valid,-11.4dB,-11.4dB,0.18us,-49.1Hz,,"[6,",1111,1
2025-07-30 21:14:23.813102,PHY,0x4601,1,0,na,"[0,",0,0,1,1696.9,+18.0dB,17.7us,"[0,",1,956.9,normal,0,valid,-14.4dB,-14.4dB,na,na,,,,
2025-07-30 21:14:23.816652,PHY,0x4601,2,,na,"[0,",,,11111,,+33.8dB,16.0us,"[0,",1,956.17,normal,0,valid,-11.4dB,-11.4dB,0.19us,+24.5Hz,,"[6,",,1
2025-07-30 21:14:23.817586,PHY,0x4601,1,0,na,"[0,",0,0,1,1183.8,+16.5dB,18.2us,"[0,",1,956.18,normal,0,valid,-14.3dB,-14.4dB,na,na,,,,
2025-07-30 21:14:23.818060,PHY,0x4601,1,0,na,"[0,",0,0,1,1195.5,+16.5dB,16.0us,"[0,",1,956.19,normal,0,valid,-14.4dB,-14.5dB,na,na,,,,
2025-07-30 21:14:23.822659,PHY,0x4601,1,0,na,"[0,",0,0,1,1581.2,+17.7dB,16.3us,"[0,",1,957.8,normal,0,valid,-14.4dB,-14.5dB,na,na,,,,
2025-07-30 21:14:23.823128,PHY,0x4601,1,0,na,"[0,",0,0,1,1635.5,+17.9dB,14.7us,"[0,",1,957.9,normal,0,valid,-14.4dB,-14.5dB,na,na,,,,
2025-07-30 21:14:23.826681,PHY,0x4601,2,,na,"[0,",,,11111,,+35.5dB,14.9us,"[0,",1,957.17,normal,0,valid,-11.4dB,-11.4dB,0.17us,-166.9Hz,,"[6,",,1
2025-07-30 21:14:23.827623,PHY,0x4601,1,0,na,"[0,",0,0,1,1227.3,+16.6dB,16.3us,"[0,",1,957.18,normal,0,valid,-14.3dB,-14.4dB,na,na,,,,
2025-07-30 21:14:23.828095,PHY,0x4601,1,0,na,"[0,",0,0,1,1235.3,+16.7dB,14.1us,"[0,",1,957.19,normal,0,valid,-14.4dB,-14.5dB,na,na,,,,
2025-07-30 21:14:23.832224,CSI,0x4601,2,,na,"[0,",,,1,,+31.8dB,14.4us,"[0,",1,958.8,normal,0,valid,-11.4dB,-11.4dB,0.15us,-96.2Hz,,"[6,",1111,1
2025-07-30 21:14:23.833162,PHY,0x4601,1,0,na,"[0,",0,0,1,1189.5,+16.5dB,16.2us,"[0,",1,958.9,normal,0,valid,-14.4dB,-14.5dB,na,na,,,,
2025-07-30 21:14:23.836727,PHY,0x4601,2,,na,"[0,",,,11111,,+29.5dB,22.3us,"[0,",1,958.17,normal,0,valid,-11.3dB,-11.3dB,0.18us,+63.1Hz,,"[6,",,1
2025-07-30 21:14:23.837657,PHY,0x4601,1,0,na,"[0,",0,0,1,1734.7,+18.1dB,23.6us,"[0,",1,958.18,normal,0,valid,-14.4dB,-14.5dB,na,na,,,,
2025-07-30 21:14:23.838124,PHY,0x4601,1,0,na,"[0,",0,0,1,1720.5,+18.1dB,15.3us,"[0,",1,958.19,normal,0,valid,-14.4dB,-14.5dB,na,na,,,,
2025-07-30 21:14:23.842612,PHY,0x4601,1,0,na,"[0,",0,0,1,1777.0,+18.2dB,16.4us,"[0,",1,959.8,normal,0,valid,-14.4dB,-14.5dB,na,na,,,,
2025-07-30 21:14:23.843084,PHY,0x4601,1,0,na,"[0,",0,0,1,1638.3,+17.9dB,14.6us,"[0,",1,959.9,normal,0,valid,-14.4dB,-14.5dB,na,na,,,,
2025-07-30 21:14:23.846747,PHY,0x4601,2,,na,"[0,",,,11111,,+29.3dB,15.3us,"[0,",1,959.17,normal,0,valid,-11.3dB,-11.3dB,0.17us,+6.3Hz,,"[6,",,1
2025-07-30 21:14:23.847570,PHY,0x4601,1,0,na,"[0,",0,0,1,1175.4,+16.5dB,16.6us,"[0,",1,959.18,normal,0,valid,-14.4dB,-14.5dB,na,na,,,,
2025-07-30 21:14:23.848155,PHY,0x4601,1,0,na,"[0,",0,0,1,1154.4,+16.4dB,14.7us,"[0,",1,959.19,normal,0,valid,-14.3dB,-14.4dB,na,na,,,,
2025-07-30 21:14:23.852174,CSI,0x4601,2,,na,"[0,",,,1,,+31.7dB,13.0us,"[0,",1,960.8,normal,0,valid,-11.4dB,-11.4dB,0.19us,-85.1Hz,,"[6,",1111,1
2025-07-30 21:14:23.853125,PHY,0x4601,1,0,na,"[0,",0,0,1,1181.0,+16.4dB,16.4us,"[0,",1,960.9,normal,0,valid,-14.4dB,-14.5dB,na,na,,,,
2025-07-30 21:14:23.856657,PHY,0x4601,2,,na,"[0,",,,11111,,+29.6dB,13.2us,"[0,",1,960.17,normal,0,valid,-11.3dB,-11.3dB,0.15us,+82.5Hz,,"[6,",,1
2025-07-30 21:14:23.857603,PHY,0x4601,1,0,na,"[0,",0,0,1,1614.9,+17.8dB,17.0us,"[0,",1,960.18,normal,0,valid,-14.4dB,-14.4dB,na,na,,,,
2025-07-30 21:14:23.858079,PHY,0x4601,1,0,na,"[0,",0,0,1,1658.4,+18.0dB,14.3us,"[0,",1,960.19,normal,0,valid,-14.4dB,-14.4dB,na,na,,,,
2025-07-30 21:14:23.862578,PHY,0x4601,1,0,na,"[0,",0,0,1,1730.6,+18.1dB,17.6us,"[0,",1,961.8,normal,0,valid,-14.4dB,-14.5dB,na,na,,,,
2025-07-30 21:14:23.863147,PHY,0x4601,1,0,na,"[0,",0,0,1,1699.4,+18.1dB,15.3us,"[0,",1,961.9,normal,0,valid,-14.4dB,-14.5dB,na,na,,,,
2025-07-30 21:14:23.866709,PHY,0x4601,2,,na,"[0,",,,11111,,+30.2dB,16.0us,"[0,",1,961.17,normal,0,valid,-11.3dB,-11.4dB,0.18us,+84.5Hz,,"[6,",,1
2025-07-30 21:14:23.867635,PHY,0x4601,1,0,na,"[0,",0,0,1,1633.0,+17.9dB,16.8us,"[0,",1,961.18,normal,0,valid,-14.4dB,-14.4dB,na,na,,,,
2025-07-30 21:14:23.868113,PHY,0x4601,1,0,na,"[0,",0,0,1,1585.7,+17.7dB,15.0us,"[0,",1,961.19,normal,0,valid,-14.4dB,-14.4dB,na,na,,,,
2025-07-30 21:14:23.872275,CSI,0x4601,2,,na,"[0,",,,1,,+32.1dB,14.0us,"[0,",1,962.8,normal,0,valid,-11.3dB,-11.4dB,0.18us,-55.0Hz,,"[6,",1111,1
2025-07-30 21:14:23.873074,PHY,0x4601,1,0,na,"[0,",0,0,1,1673.0,+18.0dB,16.7us,"[0,",1,962.9,normal,0,valid,-14.4dB,-14.4dB,na,na,,,,
2025-07-30 21:14:23.876777,PHY,0x4601,2,,na,"[0,",,,11111,,+29.5dB,14.5us,"[0,",1,962.17,normal,0,valid,-11.3dB,-11.4dB,0.19us,+8.9Hz,,"[6,",,1
2025-07-30 21:14:23.877563,PHY,0x4601,1,0,na,"[0,",0,0,1,1259.4,+16.8dB,18.5us,"[0,",1,962.18,normal,0,valid,-14.3dB,-14.4dB,na,na,,,,
2025-07-30 21:14:23.878142,PHY,0x4601,1,0,na,"[0,",0,0,1,1217.4,+16.6dB,14.3us,"[0,",1,962.19,normal,0,valid,-14.4dB,-14.5dB,na,na,,,,
2025-07-30 21:14:23.882634,PHY,0x4601,1,0,na,"[0,",0,0,1,1631.2,+17.9dB,16.0us,"[0,",1,963.8,normal,0,valid,-14.4dB,-14.5dB,na,na,,,,
2025-07-30 21:14:23.883101,PHY,0x4601,1,0,na,"[0,",0,0,1,1584.4,+17.7dB,14.5us,"[0,",1,963.9,normal,0,valid,-14.4dB,-14.5dB,na,na,,,,
2025-07-30 21:14:23.886653,PHY,0x4601,2,,na,"[0,",,,11111,,+30.3dB,17.6us,"[0,",1,963.17,normal,0,valid,-11.4dB,-11.5dB,0.18us,+12.4Hz,,"[6,",,1
2025-07-30 21:14:23.887599,PHY,0x4601,1,0,na,"[0,",0,0,1,1634.0,+17.9dB,16.5us,"[0,",1,963.18,normal,0,valid,-14.4dB,-14.4dB,na,na,,,,
2025-07-30 21:14:23.888074,PHY,0x4601,1,0,na,"[0,",0,0,1,1713.1,+18.1dB,19.6us,"[0,",1,963.19,normal,0,valid,-14.4dB,-14.4dB,na,na,,,,
2025-07-30 21:14:23.892209,CSI,0x4601,2,,na,"[0,",,,1,,+33.9dB,13.0us,"[0,",1,964.8,normal,0,valid,-11.4dB,-11.4dB,0.19us,-54.6Hz,,"[6,",1111,1
2025-07-30 21:14:23.893137,PHY,0x4601,1,0,na,"[0,",0,0,1,1582.4,+17.7dB,17.7us,"[0,",1,964.9,normal,0,valid,-14.4dB,-14.4dB,na,na,,,,
2025-07-30 21:14:23.896725,PHY,0x4601,2,,na,"[0,",,,11111,,+30.5dB,14.4us,"[0,",1,964.17,normal,0,valid,-11.4dB,-11.4dB,0.18us,-11.3Hz,,"[6,",,1
2025-07-30 21:14:23.897626,PHY,0x4601,1,0,na,"[0,",0,0,1,1149.7,+16.3dB,17.9us,"[0,",1,964.18,normal,0,valid,-14.4dB,-14.5dB,na,na,,,,
2025-07-30 21:14:23.898099,PHY,0x4601,1,0,na,"[0,",0,0,1,1210.3,+16.6dB,13.7us,"[0,",1,964.19,normal,0,valid,-14.3dB,-14.4dB,na,na,,,,
2025-07-30 21:14:23.902588,PHY,0x4601,1,0,na,"[0,",0,0,1,1603.0,+17.8dB,16.3us,"[0,",1,965.8,normal,0,valid,-14.4dB,-14.5dB,na,na,,,,
2025-07-30 21:14:23.903092,PHY,0x4601,1,0,na,"[0,",0,0,1,1628.7,+17.8dB,14.9us,"[0,",1,965.9,normal,0,valid,-14.4dB,-14.5dB,na,na,,,,
2025-07-30 21:14:23.906755,PHY,0x4601,2,,na,"[0,",,,11111,,+34.1dB,15.1us,"[0,",1,965.17,normal,0,valid,-11.4dB,-11.5dB,0.18us,+108.7Hz,,"[6,",,1
2025-07-30 21:14:23.907654,PHY,0x4601,1,0,na,"[0,",0,0,1,1621.1,+17.9dB,15.8us,"[0,",1,965.18,normal,0,valid,-14.4dB,-14.4dB,na,na,,,,
2025-07-30 21:14:23.908142,PHY,0x4601,1,0,na,"[0,",0,0,1,1798.2,+18.3dB,16.3us,"[0,",1,965.19,normal,0,valid,-14.3dB,-14.4dB,na,na,,,,
2025-07-30 21:14:23.912227,CSI,0x4601,2,,na,"[0,",,,1,,+30.2dB,16.1us,"[0,",1,966.8,normal,0,valid,-11.4dB,-11.4dB,0.20us,-86.9Hz,,"[6,",1111,1
2025-07-30 21:14:23.913111,PHY,0x4601,1,0,na,"[0,",0,0,1,1198.6,+16.5dB,17.0us,"[0,",1,966.9,normal,0,valid,-14.4dB,-14.5dB,na,na,,,,
2025-07-30 21:14:23.916642,PHY,0x4601,2,,na,"[0,",,,11111,,+32.1dB,13.9us,"[0,",1,966.17,normal,0,valid,-11.6dB,-11.6dB,0.18us,-36.5Hz,,"[6,",,1
2025-07-30 21:14:23.917584,PHY,0x4601,1,0,na,"[0,",0,0,1,1785.0,+18.2dB,15.8us,"[0,",1,966.18,normal,0,valid,-14.4dB,-14.5dB,na,na,,,,
2025-07-30 21:14:23.918171,PHY,0x4601,1,0,na,"[0,",0,0,1,1537.9,+17.6dB,14.6us,"[0,",1,966.19,normal,0,valid,-14.4dB,-14.4dB,na,na,,,,
2025-07-30 21:14:23.922657,PHY,0x4601,1,0,na,"[0,",0,0,1,1655.6,+17.9dB,18.7us,"[0,",1,967.8,normal,0,valid,-14.4dB,-14.5dB,na,na,,,,
2025-07-30 21:14:23.923130,PHY,0x4601,1,0,na,"[0,",0,0,1,1696.6,+18.0dB,15.3us,"[0,",1,967.9,normal,0,valid,-14.4dB,-14.5dB,na,na,,,,
2025-07-30 21:14:23.926676,PHY,0x4601,2,,na,"[0,",,,11111,,+33.5dB,16.2us,"[0,",1,967.17,normal,0,valid,-11.4dB,-11.4dB,0.17us,+31.2Hz,,"[6,",,1
2025-07-30 21:14:23.927622,PHY,0x4601,1,0,na,"[0,",0,0,1,1202.1,+16.6dB,22.2us,"[0,",1,967.18,normal,0,valid,-14.4dB,-14.5dB,na,na,,,,
2025-07-30 21:14:23.928092,PHY,0x4601,1,0,na,"[0,",0,0,1,1220.9,+16.6dB,14.1us,"[0,",1,967.19,normal,0,valid,-14.4dB,-14.5dB,na,na,,,,
2025-07-30 21:14:23.932301,CSI,0x4601,2,,na,"[0,",,,1,,+31.2dB,13.3us,"[0,",1,968.8,normal,0,valid,-11.4dB,-11.4dB,0.16us,+102.0Hz,,"[6,",1111,1
2025-07-30 21:14:23.933163,PHY,0x4601,1,0,na,"[0,",0,0,1,1215.1,+16.6dB,16.6us,"[0,",1,968.9,normal,0,valid,-14.4dB,-14.5dB,na,na,,,,
2025-07-30 21:14:23.936709,PHY,0x4601,2,,na,"[0,",,,11111,,+31.8dB,15.1us,"[0,",1,968.17,normal,0,valid,-11.5dB,-11.5dB,0.19us,+39.5Hz,,"[6,",,1
2025-07-30 21:14:23.937652,PHY,0x4601,1,0,na,"[0,",0,0,1,1206.3,+16.5dB,17.4us,"[0,",1,968.18,normal,0,valid,-14.4dB,-14.5dB,na,na,,,,
2025-07-30 21:14:23.938128,PHY,0x4601,1,0,na,"[0,",0,0,1,1202.9,+16.5dB,15.0us,"[0,",1,968.19,normal,0,valid,-14.4dB,-14.5dB,na,na,,,,
2025-07-30 21:14:23.942618,PHY,0x4601,1,0,na,"[0,",0,0,1,1712.5,+18.1dB,15.9us,"[0,",1,969.8,normal,0,valid,-14.4dB,-14.5dB,na,na,,,,
2025-07-30 21:14:23.943084,PHY,0x4601,1,0,na,"[0,",0,0,1,1731.0,+18.1dB,14.5us,"[0,",1,969.9,normal,0,valid,-14.4dB,-14.5dB,na,na,,,,
2025-07-30 21:14:23.946742,PHY,0x4601,2,,na,"[0,",,,11111,,+30.7dB,15.2us,"[0,",1,969.17,normal,0,valid,-11.5dB,-11.5dB,0.17us,+67.3Hz,,"[6,",,1
2025-07-30 21:14:23.947583,PHY,0x4601,1,0,na,"[0,",0,0,1,1198.1,+16.5dB,23.9us,"[0,",1,969.18,normal,0,valid,-14.3dB,-14.4dB,na,na,,,,
2025-07-30 21:14:23.948156,PHY,0x4601,1,0,na,"[0,",0,0,1,1206.4,+16.6dB,14.3us,"[0,",1,969.19,normal,0,valid,-14.4dB,-14.5dB,na,na,,,,
2025-07-30 21:14:23.952269,CSI,0x4601,2,,na,"[0,",,,1,,+29.9dB,15.4us,"[0,",1,970.8,normal,0,valid,-11.4dB,-11.4dB,0.20us,+55.8Hz,,"[6,",1111,1
2025-07-30 21:14:23.953111,PHY,0x4601,1,0,na,"[0,",0,0,1,1743.8,+18.1dB,16.3us,"[0,",1,970.9,normal,0,valid,-14.4dB,-14.5dB,na,na,,,,
2025-07-30 21:14:23.956661,PHY,0x4601,2,,na,"[0,",,,11111,,+32.7dB,13.7us,"[0,",1,970.17,normal,0,valid,-11.4dB,-11.4dB,0.19us,+13.2Hz,,"[6,",,1
2025-07-30 21:14:23.957612,PHY,0x4601,1,0,na,"[0,",0,0,1,1607.1,+17.8dB,21.9us,"[0,",1,970.18,normal,0,valid,-14.4dB,-14.5dB,na,na,,,,
2025-07-30 21:14:23.958081,PHY,0x4601,1,0,na,"[0,",0,0,1,1586.2,+17.7dB,16.5us,"[0,",1,970.19,normal,0,valid,-14.4dB,-14.5dB,na,na,,,,
2025-07-30 21:14:23.962577,PHY,0x4601,1,0,na,"[0,",0,0,1,1507.2,+17.5dB,23.4us,"[0,",1,971.8,normal,0,valid,-14.4dB,-14.5dB,na,na,,,,
2025-07-30 21:14:23.963148,PHY,0x4601,1,0,na,"[0,",0,0,1,1545.9,+17.6dB,14.6us,"[0,",1,971.9,normal,0,valid,-14.5dB,-14.5dB,na,na,,,,
2025-07-30 21:14:23.966702,PHY,0x4601,2,,na,"[0,",,,11111,,+31.9dB,14.7us,"[0,",1,971.17,normal,0,valid,-11.4dB,-11.5dB,0.17us,-1.2Hz,,"[6,",,1
2025-07-30 21:14:23.967644,PHY,0x4601,1,0,na,"[0,",0,0,1,1556.3,+17.7dB,18.2us,"[0,",1,971.18,normal,0,valid,-14.4dB,-14.5dB,na,na,,,,
2025-07-30 21:14:23.968109,PHY,0x4601,1,0,na,"[0,",0,0,1,1656.5,+17.9dB,16.2us,"[0,",1,971.19,normal,0,valid,-14.4dB,-14.4dB,na,na,,,,
2025-07-30 21:14:23.972271,CSI,0x4601,2,,na,"[0,",,,1,,+27.3dB,17.9us,"[0,",1,972.8,normal,0,valid,-11.3dB,-11.3dB,0.19us,-74.8Hz,,"[6,",1111,1
2025-07-30 21:14:23.973084,PHY,0x4601,1,0,na,"[0,",0,0,1,1595.4,+17.8dB,17.8us,"[0,",1,972.9,normal,0,valid,-14.3dB,-14.4dB,na,na,,,,
2025-07-30 21:14:23.976731,PHY,0x4601,2,,na,"[0,",,,11111,,+33.1dB,14.0us,"[0,",1,972.17,normal,0,valid,-11.4dB,-11.4dB,0.16us,-63.6Hz,,"[6,",,1
2025-07-30 21:14:23.977669,PHY,0x4601,1,0,na,"[0,",0,0,1,1165.4,+16.4dB,17.2us,"[0,",1,972.18,normal,0,valid,-14.4dB,-14.5dB,na,na,,,,
2025-07-30 21:14:23.978143,PHY,0x4601,1,0,na,"[0,",0,0,1,1148.6,+16.3dB,14.1us,"[0,",1,972.19,normal,0,valid,-14.3dB,-14.4dB,na,na,,,,
2025-07-30 21:14:23.982642,PHY,0x4601,1,0,na,"[0,",0,0,1,1680.9,+18.0dB,17.8us,"[0,",1,973.8,normal,0,valid,-14.4dB,-14.5dB,na,na,,,,
2025-07-30 21:14:23.983108,PHY,0x4601,1,0,na,"[0,",0,0,1,1569.3,+17.7dB,18.7us,"[0,",1,973.9,normal,0,valid,-14.4dB,-14.5dB,na,na,,,,
2025-07-30 21:14:23.986647,PHY,0x4601,2,,na,"[0,",,,11111,,+33.5dB,15.3us,"[0,",1,973.17,normal,0,valid,-11.5dB,-11.5dB,0.17us,+67.5Hz,,"[6,",,1
2025-07-30 21:14:23.987592,PHY,0x4601,1,0,na,"[0,",0,0,1,1648.3,+17.9dB,15.6us,"[0,",1,973.18,normal,0,valid,-14.4dB,-14.4dB,na,na,,,,
2025-07-30 21:14:23.988067,PHY,0x4601,1,0,na,"[0,",0,0,1,1595.2,+17.8dB,20.6us,"[0,",1,973.19,normal,0,valid,-14.3dB,-14.4dB,na,na,,,,
2025-07-30 21:14:23.992198,CSI,0x4601,2,,na,"[0,",,,1,,+32.3dB,16.1us,"[0,",1,974.8,normal,0,valid,-11.4dB,-11.4dB,0.18us,+14.0Hz,,"[6,",1111,1
2025-07-30 21:14:23.993136,PHY,0x4601,1,0,na,"[0,",0,0,1,1266.1,+16.8dB,15.6us,"[0,",1,974.9,normal,0,valid,-14.3dB,-14.4dB,na,na,,,,
2025-07-30 21:14:23.996721,PHY,0x4601,2,,na,"[0,",,,11111,,+29.0dB,13.5us,"[0,",1,974.17,normal,0,valid,-11.3dB,-11.4dB,0.20us,+41.9Hz,,"[6,",,1
2025-07-30 21:14:23.997623,PHY,0x4601,1,0,na,"[0,",0,0,1,1635.2,+17.9dB,16.5us,"[0,",1,974.18,normal,0,valid,-14.3dB,-14.4dB,na,na,,,,
2025-07-30 21:14:23.998107,PHY,0x4601,1,0,na,"[0,",0,0,1,1585.3,+17.8dB,19.5us,"[0,",1,974.19,normal,0,valid,-14.4dB,-14.4dB,na,na,,,,
2025-07-30 21:14:24.002601,PHY,0x4601,1,0,na,"[0,",0,0,1,1709.6,+18.1dB,18.6us,"[0,",1,975.8,normal,0,valid,-14.4dB,-14.4dB,na,na,,,,
2025-07-30 21:14:24.003166,PHY,0x4601,1,0,na,"[0,",0,0,1,1516.3,+17.6dB,14.6us,"[0,",1,975.9,normal,0,valid,-14.4dB,-14.5dB,na,na,,,,
2025-07-30 21:14:24.006733,PHY,0x4601,2,,na,"[0,",,,11111,,+31.4dB,25.3us,"[0,",1,975.17,normal,0,valid,-11.4dB,-11.4dB,0.17us,-28.1Hz,,"[6,",,1
2025-07-30 21:14:24.007654,PHY,0x4601,1,0,na,"[0,",0,0,1,1124.7,+16.3dB,16.6us,"[0,",1,975.18,normal,0,valid,-14.4dB,-14.4dB,na,na,,,,
2025-07-30 21:14:24.008132,PHY,0x4601,1,0,na,"[0,",0,0,1,1167.0,+16.4dB,14.8us,"[0,",1,975.19,normal,0,valid,-14.4dB,-14.5dB,na,na,,,,
2025-07-30 21:14:24.012231,CSI,0x4601,2,,na,"[0,",,,1,,+32.1dB,15.6us,"[0,",1,976.8,normal,0,valid,-11.3dB,-11.4dB,0.19us,-72.1Hz,,"[6,",1111,1
2025-07-30 21:14:24.013096,PHY,0x4601,1,0,na,"[0,",0,0,1,1191.9,+16.5dB,18.7us,"[0,",1,976.9,normal,0,valid,-14.4dB,-14.5dB,na,na,,,,
2025-07-30 21:14:24.016749,PHY,0x4601,2,,na,"[0,",,,11111,,+33.5dB,15.6us,"[0,",1,976.17,normal,0,valid,-11.3dB,-11.3dB,0.19us,+9.8Hz,,"[6,",,1
2025-07-30 21:14:24.017599,PHY,0x4601,1,0,na,"[0,",0,0,1,1161.0,+16.4dB,21.4us,"[0,",1,976.18,normal,0,valid,-14.3dB,-14.4dB,na,na,,,,
2025-07-30 21:14:24.018160,PHY,0x4601,1,0,na,"[0,",0,0,1,1219.7,+16.6dB,14.6us,"[0,",1,976.19,normal,0,valid,-14.3dB,-14.4dB,na,na,,,,
2025-07-30 21:14:24.022651,PHY,0x4601,1,0,na,"[0,",0,0,1,1674.2,+18.0dB,17.2us,"[0,",1,977.8,normal,0,valid,-14.4dB,-14.5dB,na,na,,,,
2025-07-30 21:14:24.023121,PHY,0x4601,1,0,na,"[0,",0,0,1,1649.4,+17.9dB,14.1us,"[0,",1,977.9,normal,0,valid,-14.4dB,-14.5dB,na,na,,,,
2025-07-30 21:14:24.026669,PHY,0x4601,2,,na,"[0,",,,11111,,+30.4dB,15.1us,"[0,",1,977.17,normal,0,valid,-11.3dB,-11.3dB,0.18us,-71.4Hz,,"[6,",,1
2025-07-30 21:14:24.027609,PHY,0x4601,1,0,na,"[0,",0,0,1,1207.2,+16.6dB,16.3us,"[0,",1,977.18,normal,0,valid,-14.4dB,-14.5dB,na,na,,,,
2025-07-30 21:14:24.028091,PHY,0x4601,1,0,na,"[0,",0,0,1,1182.0,+16.5dB,14.6us,"[0,",1,977.19,normal,0,valid,-14.4dB,-14.4dB,na,na,,,,
2025-07-30 21:14:24.032226,CSI,0x4601,2,,na,"[0,",,,1,,+31.8dB,12.6us,"[0,",1,978.8,normal,0,valid,-11.3dB,-11.3dB,0.18us,-65.5Hz,,"[6,",1111,1
2025-07-30 21:14:24.033154,PHY,0x4601,1,0,na,"[0,",0,0,1,1182.0,+16.4dB,15.5us,"[0,",1,978.9,normal,0,valid,-14.4dB,-14.5dB,na,na,,,,
2025-07-30 21:14:24.036706,PHY,0x4601,2,,na,"[0,",,,11111,,+32.5dB,15.6us,"[0,",1,978.17,normal,0,valid,-11.4dB,-11.5dB,0.19us,-96.4Hz,,"[6,",,1
2025-07-30 21:14:24.037644,PHY,0x4601,1,0,na,"[0,",0,0,1,1197.8,+16.5dB,16.3us,"[0,",1,978.18,normal,0,valid,-14.3dB,-14.4dB,na,na,,,,
2025-07-30 21:14:24.038115,PHY,0x4601,1,0,na,"[0,",0,0,1,1191.7,+16.5dB,15.5us,"[0,",1,978.19,normal,0,valid,-14.4dB,-14.5dB,na,na,,,,
2025-07-30 21:14:24.042622,PHY,0x4601,1,0,na,"[0,",0,0,1,1628.8,+17.9dB,18.8us,"[0,",1,979.8,normal,0,valid,-14.4dB,-14.5dB,na,na,,,,
2025-07-30 21:14:24.043078,PHY,0x4601,1,0,na,"[0,",0,0,1,1656.1,+17.9dB,15.3us,"[0,",1,979.9,normal,0,valid,-14.4dB,-14.5dB,na,na,,,,
2025-07-30 21:14:24.046736,PHY,0x4601,2,,na,"[0,",,,11111,,+33.0dB,14.9us,"[0,",1,979.17,normal,0,valid,-11.4dB,-11.4dB,0.18us,+224.5Hz,,"[6,",,1
2025-07-30 21:14:24.047570,PHY,0x4601,1,0,na,"[0,",0,0,1,1210.7,+16.6dB,16.3us,"[0,",1,979.18,normal,0,valid,-14.4dB,-14.5dB,na,na,,,,
2025-07-30 21:14:24.048147,PHY,0x4601,1,0,na,"[0,",0,0,1,1228.2,+16.6dB,14.7us,"[0,",1,979.19,normal,0,valid,-14.4dB,-14.5dB,na,na,,,,
2025-07-30 21:14:24.052247,CSI,0x4601,2,,na,"[0,",,,1,,+30.4dB,11.8us,"[0,",1,980.8,normal,0,valid,-11.4dB,-11.4dB,0.17us,-74.4Hz,,"[6,",1111,1
2025-07-30 21:14:24.053118,PHY,0x4601,1,0,na,"[0,",0,0,1,1636.5,+17.9dB,19.6us,"[0,",1,980.9,normal,0,valid,-14.4dB,-14.4dB,na,na,,,,
2025-07-30 21:14:24.056653,PHY,0x4601,2,,na,"[0,",,,11111,,+31.3dB,15.1us,"[0,",1,980.17,normal,0,valid,-11.4dB,-11.4dB,0.17us,-59.9Hz,,"[6,",,1
2025-07-30 21:14:24.057601,PHY,0x4601,1,0,na,"[0,",0,0,1,1117.1,+16.2dB,16.7us,"[0,",1,980.18,normal,0,valid,-14.4dB,-14.5dB,na,na,,,,
2025-07-30 21:14:24.058080,PHY,0x4601,1,0,na,"[0,",0,0,1,1096.3,+16.1dB,18.6us,"[0,",1,980.19,normal,0,valid,-14.4dB,-14.5dB,na,na,,,,
2025-07-30 21:14:24.062675,PHY,0x4601,1,0,na,"[0,",0,0,1,1717.7,+18.1dB,17.2us,"[0,",1,981.8,normal,0,valid,-14.4dB,-14.5dB,na,na,,,,
2025-07-30 21:14:24.063139,PHY,0x4601,1,0,na,"[0,",0,0,1,1603.3,+17.8dB,14.6us,"[0,",1,981.9,normal,0,valid,-14.4dB,-14.5dB,na,na,,,,
2025-07-30 21:14:24.066718,PHY,0x4601,2,,na,"[0,",,,11111,,+34.6dB,16.8us,"[0,",1,981.17,normal,0,valid,-11.4dB,-11.4dB,0.15us,+151.1Hz,,"[6,",,1
2025-07-30 21:14:24.067630,PHY,0x4601,1,0,na,"[0,",0,0,1,1226.3,+16.6dB,15.8us,"[0,",1,981.18,normal,0,valid,-14.3dB,-14.4dB,na,na,,,,
2025-07-30 21:14:24.068117,PHY,0x4601,1,0,na,"[0,",0,0,1,1157.3,+16.4dB,17.2us,"[0,",1,981.19,normal,0,valid,-14.4dB,-14.4dB,na,na,,,,
2025-07-30 21:14:24.072253,CSI,0x4601,2,,na,"[0,",,,1,,+31.7dB,14.8us,"[0,",1,982.8,normal,0,valid,-11.3dB,-11.4dB,0.19us,-54.7Hz,,"[6,",1111,1
2025-07-30 21:14:24.073074,PHY,0x4601,1,0,na,"[0,",0,0,1,1625.7,+17.9dB,16.9us,"[0,",1,982.9,normal,0,valid,-14.3dB,-14.4dB,na,na,,,,
2025-07-30 21:14:24.076731,PHY,0x4601,2,,na,"[0,",,,11111,,+31.8dB,23.7us,"[0,",1,982.17,normal,0,valid,-11.5dB,-11.6dB,0.18us,-52.2Hz,,"[6,",,1
2025-07-30 21:14:24.077661,PHY,0x4601,1,0,na,"[0,",0,0,1,1701.7,+18.0dB,16.6us,"[0,",1,982.18,normal,0,valid,-14.4dB,-14.4dB,na,na,,,,
2025-07-30 21:14:24.078142,PHY,0x4601,1,0,na,"[0,",0,0,1,1508.6,+17.5dB,16.1us,"[0,",1,982.19,normal,0,valid,-14.4dB,-14.4dB,na,na,,,,
2025-07-30 21:14:24.082625,PHY,0x4601,1,0,na,"[0,",0,0,1,1585.4,+17.8dB,15.9us,"[0,",1,983.8,normal,0,valid,-14.4dB,-14.5dB,na,na,,,,
2025-07-30 21:14:24.083104,PHY,0x4601,1,0,na,"[0,",0,0,1,1577.5,+17.7dB,14.7us,"[0,",1,983.9,normal,0,valid,-14.4dB,-14.5dB,na,na,,,,
2025-07-30 21:14:24.086643,PHY,0x4601,2,,na,"[0,",,,11111,,+30.4dB,16.3us,"[0,",1,983.17,normal,0,valid,-11.4dB,-11.4dB,0.19us,+98.0Hz,,"[6,",,1
2025-07-30 21:14:24.087588,PHY,0x4601,1,0,na,"[0,",0,0,1,1204.6,+16.6dB,16.5us,"[0,",1,983.18,normal,0,valid,-14.4dB,-14.4dB,na,na,,,,
2025-07-30 21:14:24.088167,PHY,0x4601,1,0,na,"[0,",0,0,1,1161.2,+16.4dB,14.6us,"[0,",1,983.19,normal,0,valid,-14.4dB,-14.5dB,na,na,,,,
2025-07-30 21:14:24.092196,CSI,0x4601,2,,na,"[0,",,,1,,+33.5dB,16.6us,"[0,",1,984.8,normal,0,valid,-11.4dB,-11.4dB,0.19us,-81.3Hz,,"[6,",1111,1
2025-07-30 21:14:24.093141,PHY,0x4601,1,0,na,"[0,",0,0,1,1585.1,+17.7dB,17.8us,"[0,",1,984.9,normal,0,valid,-14.4dB,-14.5dB,na,na,,,,
2025-07-30 21:14:24.096676,PHY,0x4601,2,,na,"[0,",,,11111,,+29.7dB,17.3us,"[0,",1,984.17,normal,0,valid,-11.5dB,-11.5dB,0.17us,-65.5Hz,,"[6,",,1
2025-07-30 21:14:24.097626,PHY,0x4601,1,0,na,"[0,",0,0,1,1226.2,+16.6dB,25.8us,"[0,",1,984.18,normal,0,valid,-14.3dB,-14.4dB,na,na,,,,
2025-07-30 21:14:24.098106,PHY,0x4601,1,0,na,"[0,",0,0,1,1168.9,+16.4dB,17.9us,"[0,",1,984.19,normal,0,valid,-14.4dB,-14.4dB,na,na,,,,
2025-07-30 21:14:24.102581,PHY,0x4601,1,0,na,"[0,",0,0,1,1517.8,+17.6dB,18.0us,"[0,",1,985.8,normal,0,valid,-14.4dB,-14.5dB,na,na,,,,
2025-07-30 21:14:24.103155,PHY,0x4601,1,0,na,"[0,",0,0,1,1781.5,+18.2dB,15.4us,"[0,",1,985.9,normal,0,valid,-14.4dB,-14.5dB,na,na,,,,
2025-07-30 21:14:24.106717,PHY,0x4601,2,,na,"[0,",,,11111,,+29.1dB,19.7us,"[0,",1,985.17,normal,0,valid,-11.4dB,-11.4dB,0.17us,+44.1Hz,,"[6,",,1
2025-07-30 21:14:24.107643,PHY,0x4601,1,0,na,"[0,",0,0,1,1694.7,+18.0dB,18.1us,"[0,",1,985.18,normal,0,valid,-14.4dB,-14.4dB,na,na,,,,
2025-07-30 21:14:24.108117,PHY,0x4601,1,0,na,"[0,",0,0,1,1624.4,+17.8dB,15.1us,"[0,",1,985.19,normal,0,valid,-14.3dB,-14.4dB,na,na,,,,
2025-07-30 21:14:24.112219,CSI,0x4601,2,,na,"[0,",,,1,,+31.5dB,15.3us,"[0,",1,986.8,normal,0,valid,-11.3dB,-11.3dB,0.18us,-25.2Hz,,"[6,",1111,1
2025-07-30 21:14:24.113078,PHY,0x4601,1,0,na,"[0,",0,0,1,1245.5,+16.7dB,17.0us,"[0,",1,986.9,normal,0,valid,-14.4dB,-14.5dB,na,na,,,,
2025-07-30 21:14:24.116736,PHY,0x4601,2,,na,"[0,",,,11111,,+30.6dB,15.0us,"[0,",1,986.17,normal,0,valid,-11.4dB,-11.4dB,0.17us,+0.4Hz,,"[6,",,1
2025-07-30 21:14:24.117568,PHY,0x4601,1,0,na,"[0,",0,0,1,1150.5,+16.3dB,17.8us,"[0,",1,986.18,normal,0,valid,-14.3dB,-14.4dB,na,na,,,,
2025-07-30 21:14:24.118146,PHY,0x4601,1,0,na,"[0,",0,0,1,1122.4,+16.2dB,14.7us,"[0,",1,986.19,normal,0,valid,-14.3dB,-14.5dB,na,na,,,,
2025-07-30 21:14:24.122642,PHY,0x4601,1,0,na,"[0,",0,0,1,1721.1,+18.1dB,19.0us,"[0,",1,987.8,normal,0,valid,-14.4dB,-14.5dB,na,na,,,,
2025-07-30 21:14:24.123112,PHY,0x4601,1,0,na,"[0,",0,0,1,1576.4,+17.7dB,16.0us,"[0,",1,987.9,normal,0,valid,-14.4dB,-14.5dB,na,na,,,,
2025-07-30 21:14:24.126659,PHY,0x4601,2,,na,"[0,",,,11111,,+27.6dB,18.0us,"[0,",1,987.17,normal,0,valid,-11.4dB,-11.4dB,0.16us,+92.0Hz,,"[6,",,1
2025-07-30 21:14:24.127606,PHY,0x4601,1,0,na,"[0,",0,0,1,1242.0,+16.7dB,17.5us,"[0,",1,987.18,normal,0,valid,-14.4dB,-14.5dB,na,na,,,,
2025-07-30 21:14:24.128072,PHY,0x4601,1,0,na,"[0,",0,0,1,1246.8,+16.7dB,15.3us,"[0,",1,987.19,normal,0,valid,-14.4dB,-14.5dB,na,na,,,,
2025-07-30 21:14:24.132199,CSI,0x4601,2,,na,"[0,",,,1,,+29.7dB,13.5us,"[0,",1,988.8,normal,0,valid,-11.3dB,-11.4dB,0.20us,+54.9Hz,,"[6,",1111,1
2025-07-30 21:14:24.133149,PHY,0x4601,1,0,na,"[0,",0,0,1,1161.1,+16.4dB,23.6us,"[0,",1,988.9,normal,0,valid,-14.4dB,-14.5dB,na,na,,,,
2025-07-30 21:14:24.136701,PHY,0x4601,2,,na,"[0,",,,11111,,+30.7dB,14.3us,"[0,",1,988.17,normal,0,valid,-11.3dB,-11.3dB,0.18us,+9.6Hz,,"[6,",,1
2025-07-30 21:14:24.137630,PHY,0x4601,1,0,na,"[0,",0,0,1,1172.2,+16.4dB,16.6us,"[0,",1,988.18,normal,0,valid,-14.4dB,-14.5dB,na,na,,,,
2025-07-30 21:14:24.138103,PHY,0x4601,1,0,na,"[0,",0,0,1,1231.3,+16.6dB,16.2us,"[0,",1,988.19,normal,0,valid,-14.4dB,-14.5dB,na,na,,,,
2025-07-30 21:14:24.142611,PHY,0x4601,1,0,na,"[0,",0,0,1,1608.1,+17.8dB,19.0us,"[0,",1,989.8,normal,0,valid,-14.4dB,-14.5dB,na,na,,,,
2025-07-30 21:14:24.143078,PHY,0x4601,1,0,na,"[0,",0,0,1,1522.2,+17.5dB,14.4us,"[0,",1,989.9,normal,0,valid,-14.4dB,-14.5dB,na,na,,,,
2025-07-30 21:14:24.146732,PHY,0x4601,2,,na,"[0,",,,11111,,+33.9dB,18.1us,"[0,",1,989.17,normal,0,valid,-11.6dB,-11.6dB,0.17us,+10.8Hz,,"[6,",,1
2025-07-30 21:14:24.147670,PHY,0x4601,1,0,na,"[0,",0,0,1,1223.5,+16.6dB,20.1us,"[0,",1,989.18,normal,0,valid,-14.4dB,-14.4dB,na,na,,,,
2025-07-30 21:14:24.148137,PHY,0x4601,1,0,na,"[0,",0,0,1,1137.6,+16.3dB,16.1us,"[0,",1,989.19,normal,0,valid,-14.4dB,-14.5dB,na,na,,,,
2025-07-30 21:14:24.152241,CSI,0x4601,2,,na,"[0,",,,1,,+31.5dB,15.4us,"[0,",1,990.8,normal,0,valid,-11.4dB,-11.4dB,0.19us,-138.5Hz,,"[6,",1111,1
2025-07-30 21:14:24.153101,PHY,0x4601,1,0,na,"[0,",0,0,1,1497.9,+17.5dB,15.9us,"[0,",1,990.9,normal,0,valid,-14.4dB,-14.4dB,na,na,,,,
2025-07-30 21:14:24.156649,PHY,0x4601,2,,na,"[0,",,,11111,,+34.4dB,14.1us,"[0,",1,990.17,normal,0,valid,-11.4dB,-11.5dB,0.19us,+59.6Hz,,"[6,",,1
2025-07-30 21:14:24.157589,PHY,0x4601,1,0,na,"[0,",0,0,1,1675.3,+18.0dB,20.5us,"[0,",1,990.18,normal,0,valid,-14.4dB,-14.4dB,na,na,,,,
2025-07-30 21:14:24.158071,PHY,0x4601,1,0,na,"[0,",0,0,1,1554.3,+17.7dB,14.6us,"[0,",1,990.19,normal,0,valid,-14.4dB,-14.5dB,na,na,,,,
2025-07-30 21:14:24.162677,PHY,0x4601,1,0,na,"[0,",0,0,1,1537.2,+17.6dB,19.2us,"[0,",1,991.8,normal,0,valid,-14.4dB,-14.5dB,na,na,,,,
2025-07-30 21:14:24.163129,PHY,0x4601,1,0,na,"[0,",0,0,1,1604.2,+17.8dB,14.9us,"[0,",1,991.9,normal,0,valid,-14.4dB,-14.5dB,na,na,,,,
2025-07-30 21:14:24.166712,PHY,0x4601,2,,na,"[0,",,,11111,,+32.6dB,17.0us,"[0,",1,991.17,normal,0,valid,-11.4dB,-11.4dB,0.18us,+35.2Hz,,"[6,",,1
2025-07-30 21:14:24.167618,PHY,0x4601,1,0,na,"[0,",0,0,1,1238.1,+16.7dB,16.0us,"[0,",1,991.18,normal,0,valid,-14.4dB,-14.5dB,na,na,,,,
2025-07-30 21:14:24.168098,PHY,0x4601,1,0,na,"[0,",0,0,1,1214.7,+16.6dB,15.0us,"[0,",1,991.19,normal,0,valid,-14.4dB,-14.4dB,na,na,,,,
2025-07-30 21:14:24.172223,CSI,0x4601,2,,na,"[0,",,,1,,+30.4dB,12.4us,"[0,",1,992.8,normal,0,valid,-11.3dB,-11.4dB,0.19us,-3.1Hz,,"[6,",1111,1
2025-07-30 21:14:24.173164,PHY,0x4601,1,0,na,"[0,",0,0,1,1260.5,+16.7dB,16.9us,"[0,",1,992.9,normal,0,valid,-14.4dB,-14.5dB,na,na,,,,
2025-07-30 21:14:24.176723,PHY,0x4601,2,,na,"[0,",,,11111,,+33.1dB,14.8us,"[0,",1,992.17,normal,0,valid,-11.4dB,-11.4dB,0.17us,+24.4Hz,,"[6,",,1
2025-07-30 21:14:24.177661,PHY,0x4601,1,0,na,"[0,",0,0,1,1183.1,+16.5dB,15.9us,"[0,",1,992.18,normal,0,valid,-14.4dB,-14.5dB,na,na,,,,
2025-07-30 21:14:24.178132,PHY,0x4601,1,0,na,"[0,",0,0,1,1205.5,+16.6dB,15.5us,"[0,",1,992.19,normal,0,valid,-14.4dB,-14.5dB,na,na,,,,
2025-07-30 21:14:24.182638,PHY,0x4601,1,0,na,"[0,",0,0,1,1621.8,+17.9dB,18.4us,"[0,",1,993.8,normal,0,valid,-14.4dB,-14.5dB,na,na,,,,
2025-07-30 21:14:24.183106,PHY,0x4601,1,0,na,"[0,",0,0,1,1605.2,+17.8dB,21.3us,"[0,",1,993.9,normal,0,valid,-14.4dB,-14.4dB,na,na,,,,
2025-07-30 21:14:24.186770,PHY,0x4601,2,,na,"[0,",,,11111,,+31.5dB,23.5us,"[0,",1,993.17,normal,0,valid,-11.3dB,-11.4dB,0.17us,+141.0Hz,,"[6,",,1
2025-07-30 21:14:24.187582,PHY,0x4601,1,0,na,"[0,",0,0,1,1234.3,+16.7dB,16.4us,"[0,",1,993.18,normal,0,valid,-14.4dB,-14.4dB,na,na,,,,
2025-07-30 21:14:24.188163,PHY,0x4601,1,0,na,"[0,",0,0,1,1185.2,+16.5dB,16.7us,"[0,",1,993.19,normal,0,valid,-14.4dB,-14.5dB,na,na,,,,
2025-07-30 21:14:24.192187,CSI,0x4601,2,,na,"[0,",,,1,,+34.5dB,14.6us,"[0,",1,994.8,normal,0,valid,-11.4dB,-11.5dB,0.18us,-93.1Hz,,"[6,",1111,1
2025-07-30 21:14:24.193130,PHY,0x4601,1,0,na,"[0,",0,0,1,1226.2,+16.6dB,16.0us,"[0,",1,994.9,normal,0,valid,-14.4dB,-14.5dB,na,na,,,,
2025-07-30 21:14:24.196667,PHY,0x4601,2,,na,"[0,",,,11111,,+35.4dB,14.4us,"[0,",1,994.17,normal,0,valid,-11.4dB,-11.5dB,0.17us,+17.6Hz,,"[6,",,1
2025-07-30 21:14:24.197609,PHY,0x4601,1,0,na,"[0,",0,0,1,1197.8,+16.5dB,16.0us,"[0,",1,994.18,normal,0,valid,-14.4dB,-14.5dB,na,na,,,,
2025-07-30 21:14:24.198095,PHY,0x4601,1,0,na,"[0,",0,0,1,1185.6,+16.5dB,15.7us,"[0,",1,994.19,normal,0,valid,-14.3dB,-14.4dB,na,na,,,,
2025-07-30 21:14:24.202589,PHY,0x4601,1,0,na,"[0,",0,0,1,1623.1,+17.8dB,18.3us,"[0,",1,995.8,normal,0,valid,-14.4dB,-14.5dB,na,na,,,,
2025-07-30 21:14:24.203152,PHY,0x4601,1,0,na,"[0,",0,0,1,1581.1,+17.7dB,14.8us,"[0,",1,995.9,normal,0,valid,-14.4dB,-14.5dB,na,na,,,,
2025-07-30 21:14:24.206708,PHY,0x4601,2,,na,"[0,",,,11111,,+31.4dB,16.5us,"[0,",1,995.17,normal,0,valid,-11.4dB,-11.4dB,0.17us,+58.3Hz,,"[6,",,1
2025-07-30 21:14:24.207639,PHY,0x4601,1,0,na,"[0,",0,0,1,1083.9,+16.1dB,15.6us,"[0,",1,995.18,normal,0,valid,-14.4dB,-14.5dB,na,na,,,,
2025-07-30 21:14:24.208126,PHY,0x4601,1,0,na,"[0,",0,0,1,1171.1,+16.4dB,17.4us,"[0,",1,995.19,normal,0,valid,-14.4dB,-14.5dB,na,na,,,,
2025-07-30 21:14:24.212247,CSI,0x4601,2,,na,"[0,",,,1,,+33.2dB,12.3us,"[0,",1,996.8,normal,0,valid,-11.3dB,-11.3dB,0.21us,+30.1Hz,,"[6,",1111,1
2025-07-30 21:14:24.213082,PHY,0x4601,1,0,na,"[0,",0,0,1,1523.1,+17.6dB,19.3us,"[0,",1,996.9,normal,0,valid,-14.4dB,-14.4dB,na,na,,,,
2025-07-30 21:14:24.216735,PHY,0x4601,2,,na,"[0,",,,11111,,+31.9dB,16.5us,"[0,",1,996.17,normal,0,valid,-11.5dB,-11.5dB,0.18us,+76.4Hz,,"[6,",,1
2025-07-30 21:14:24.217564,PHY,0x4601,1,0,na,"[0,",0,0,1,1524.5,+17.6dB,16.1us,"[0,",1,996.18,normal,0,valid,-14.3dB,-14.4dB,na,na,,,,
2025-07-30 21:14:24.218150,PHY,0x4601,1,0,na,"[0,",0,0,1,1532.4,+17.6dB,15.6us,"[0,",1,996.19,normal,0,valid,-14.4dB,-14.4dB,na,na,,,,
2025-07-30 21:14:24.222648,PHY,0x4601,1,0,na,"[0,",0,0,1,1645.2,+17.9dB,18.3us,"[0,",1,997.8,normal,0,valid,-14.4dB,-14.5dB,na,na,,,,
2025-07-30 21:14:24.223109,PHY,0x4601,1,0,na,"[0,",0,0,1,1585.9,+17.7dB,15.8us,"[0,",1,997.9,normal,0,valid,-14.4dB,-14.5dB,na,na,,,,
2025-07-30 21:14:24.226659,PHY,0x4601,2,,na,"[0,",,,11111,,+30.5dB,16.3us,"[0,",1,997.17,normal,0,valid,-11.3dB,-11.4dB,0.16us,-44.5Hz,,"[6,",,1
2025-07-30 21:14:24.227601,PHY,0x4601,1,0,na,"[0,",0,0,1,1253.4,+16.7dB,17.2us,"[0,",1,997.18,normal,0,valid,-14.4dB,-14.5dB,na,na,,,,
2025-07-30 21:14:24.228074,PHY,0x4601,1,0,na,"[0,",0,0,1,1185.2,+16.5dB,14.3us,"[0,",1,997.19,normal,0,valid,-14.4dB,-14.5dB,na,na,,,,
2025-07-30 21:14:24.232208,CSI,0x4601,2,,na,"[0,",,,1,,+30.8dB,12.9us,"[0,",1,998.8,normal,0,valid,-11.4dB,-11.4dB,0.19us,+76.8Hz,,"[6,",1111,1
2025-07-30 21:14:24.233143,PHY,0x4601,1,0,na,"[0,",0,0,1,1618.3,+17.8dB,15.3us,"[0,",1,998.9,normal,0,valid,-14.4dB,-14.5dB,na,na,,,,
2025-07-30 21:14:24.236695,PHY,0x4601,2,,na,"[0,",,,11111,,+30.3dB,13.4us,"[0,",1,998.17,normal,0,valid,-11.3dB,-11.4dB,0.18us,-18.7Hz,,"[6,",,1
2025-07-30 21:14:24.237629,PHY,0x4601,1,0,na,"[0,",0,0,1,1232.3,+16.6dB,15.5us,"[0,",1,998.18,normal,0,valid,-14.4dB,-14.5dB,na,na,,,,
2025-07-30 21:14:24.238106,PHY,0x4601,1,0,na,"[0,",0,0,1,1202.4,+16.5dB,14.4us,"[0,",1,998.19,normal,0,valid,-14.3dB,-14.4dB,na,na,,,,
2025-07-30 21:14:24.242590,PHY,0x4601,1,0,na,"[0,",0,0,1,1604.9,+17.8dB,15.8us,"[0,",1,999.8,normal,0,valid,-14.4dB,-14.5dB,na,na,,,,
2025-07-30 21:14:24.243058,PHY,0x4601,1,0,na,"[0,",0,0,1,1624.0,+17.9dB,14.3us,"[0,",1,999.9,normal,0,valid,-14.4dB,-14.5dB,na,na,,,,
2025-07-30 21:14:24.246734,PHY,0x4601,2,,na,"[0,",,,11111,,+31.5dB,14.2us,"[0,",1,999.17,normal,0,valid,-11.4dB,-11.4dB,0.19us,+19.6Hz,,"[6,",,1
2025-07-30 21:14:24.247674,PHY,0x4601,1,0,na,"[0,",0,0,1,1601.4,+17.8dB,16.1us,"[0,",1,999.18,normal,0,valid,-14.4dB,-14.5dB,na,na,,,,
2025-07-30 21:14:24.248142,PHY,0x4601,1,0,na,"[0,",0,0,1,1581.5,+17.7dB,18.4us,"[0,",1,999.19,normal,0,valid,-14.3dB,-14.4dB,na,na,,,,
2025-07-30 21:14:24.252238,CSI,0x4601,2,,na,"[0,",,,1,,+30.1dB,13.3us,"[0,",1,1000.8,normal,0,valid,-11.2dB,-11.3dB,0.17us,+73.3Hz,,"[6,",1111,1
2025-07-30 21:14:24.253106,PHY,0x4601,1,0,na,"[0,",0,0,1,1585.0,+17.7dB,15.8us,"[0,",1,1000.9,normal,0,valid,-14.4dB,-14.4dB,na,na,,,,
2025-07-30 21:14:24.256658,PHY,0x4601,2,,na,"[0,",,,11111,,+33.3dB,21.7us,"[0,",1,1000.17,normal,0,valid,-11.5dB,-11.5dB,0.20us,-24.5Hz,,"[6,",,1
2025-07-30 21:14:24.257593,PHY,0x4601,1,0,na,"[0,",0,0,1,1180.1,+16.5dB,16.8us,"[0,",1,1000.18,normal,0,valid,-14.3dB,-14.4dB,na,na,,,,
2025-07-30 21:14:24.258173,PHY,0x4601,1,0,na,"[0,",0,0,1,1223.2,+16.6dB,15.8us,"[0,",1,1000.19,normal,0,valid,-14.4dB,-14.5dB,na,na,,,,
2025-07-30 21:14:24.262668,PHY,0x4601,1,0,na,"[0,",0,0,1,1557.3,+17.7dB,18.9us,"[0,",1,1001.8,normal,0,valid,-14.4dB,-14.5dB,na,na,,,,
2025-07-30 21:14:24.263131,PHY,0x4601,1,0,na,"[0,",0,0,1,1578.4,+17.7dB,14.9us,"[0,",1,1001.9,normal,0,valid,-14.4dB,-14.5dB,na,na,,,,
2025-07-30 21:14:24.266676,PHY,0x4601,2,,na,"[0,",,,11111,,+33.0dB,16.9us,"[0,",1,1001.17,normal,0,valid,-11.3dB,-11.4dB,0.18us,+41.8Hz,,"[6,",,1
2025-07-30 21:14:24.267616,PHY,0x4601,1,0,na,"[0,",0,0,1,1199.4,+16.5dB,15.7us,"[0,",1,1001.18,normal,0,valid,-14.4dB,-14.5dB,na,na,,,,
2025-07-30 21:14:24.268101,PHY,0x4601,1,0,na,"[0,",0,0,1,1184.8,+16.5dB,15.0us,"[0,",1,1001.19,normal,0,valid,-14.4dB,-14.5dB,na,na,,,,
2025-07-30 21:14:24.272230,CSI,0x4601,2,,na,"[0,",,,1,,+29.7dB,13.9us,"[0,",1,1002.8,normal,0,valid,-11.4dB,-11.5dB,0.20us,+157.2Hz,,"[6,",1111,1
2025-07-30 21:14:24.273167,PHY,0x4601,1,0,na,"[0,",0,0,1,1571.5,+17.7dB,21.6us,"[0,",1,1002.9,normal,0,valid,-14.4dB,-14.4dB,na,na,,,,
2025-07-30 21:14:24.276715,PHY,0x4601,2,,na,"[0,",,,11111,,+34.5dB,16.9us,"[0,",1,1002.17,normal,0,valid,-11.4dB,-11.5dB,0.19us,+94.2Hz,,"[6,",,1
2025-07-30 21:14:24.277650,PHY,0x4601,1,0,na,"[0,",0,0,1,1590.9,+17.8dB,19.7us,"[0,",1,1002.18,normal,0,valid,-14.3dB,-14.4dB,na,na,,,,
2025-07-30 21:14:24.278129,PHY,0x4601,1,0,na,"[0,",0,0,1,1614.1,+17.8dB,21.8us,"[0,",1,1002.19,normal,0,valid,-14.4dB,-14.4dB,na,na,,,,
2025-07-30 21:14:24.282634,PHY,0x4601,1,0,na,"[0,",0,0,1,1586.3,+17.7dB,18.1us,"[0,",1,1003.8,normal,0,valid,-14.4dB,-14.5dB,na,na,,,,
2025-07-30 21:14:24.283085,PHY,0x4601,1,0,na,"[0,",0,0,1,1502.3,+17.5dB,14.0us,"[0,",1,1003.9,normal,0,valid,-14.4dB,-14.5dB,na,na,,,,
2025-07-30 21:14:24.286764,PHY,0x4601,2,,na,"[0,",,,11111,,+31.2dB,26.2us,"[0,",1,1003.17,normal,0,valid,-11.4dB,-11.4dB,0.19us,+95.2Hz,,"[6,",,1
2025-07-30 21:14:24.287578,PHY,0x4601,1,0,na,"[0,",0,0,1,1562.8,+17.7dB,16.3us,"[0,",1,1003.18,normal,0,valid,-14.4dB,-14.4dB,na,na,,,,
2025-07-30 21:14:24.288159,PHY,0x4601,1,0,na,"[0,",0,0,1,1616.7,+17.9dB,17.1us,"[0,",1,1003.19,normal,0,valid,-14.4dB,-14.4dB,na,na,,,,
2025-07-30 21:14:24.292255,CSI,0x4601,2,,na,"[0,",,,1,,+29.8dB,11.6us,"[0,",1,1004.8,normal,0,valid,-11.3dB,-11.3dB,0.20us,-70.7Hz,,"[6,",1111,1
2025-07-30 21:14:24.293116,PHY,0x4601,1,0,na,"[0,",0,0,1,1508.0,+17.5dB,15.9us,"[0,",1,1004.9,normal,0,valid,-14.4dB,-14.5dB,na,na,,,,
2025-07-30 21:14:24.296660,PHY,0x4601,2,,na,"[0,",,,11111,,+31.6dB,14.3us,"[0,",1,1004.17,normal,0,valid,-11.5dB,-11.5dB,0.17us,-28.5Hz,,"[6,",,1
2025-07-30 21:14:24.297613,PHY,0x4601,1,0,na,"[0,",0,0,1,1190.0,+16.5dB,16.0us,"[0,",1,1004.18,normal,0,valid,-14.4dB,-14.4dB,na,na,,,,
2025-07-30 21:14:24.298080,PHY,0x4601,1,0,na,"[0,",0,0,1,1146.8,+16.3dB,15.5us,"[0,",1,1004.19,normal,0,valid,-14.4dB,-14.5dB,na,na,,,,
2025-07-30 21:14:24.302564,PHY,0x4601,1,0,na,"[0,",0,0,1,1637.1,+17.9dB,16.7us,"[0,",1,1005.8,normal,0,valid,-14.4dB,-14.5dB,na,na,,,,
2025-07-30 21:14:24.303153,PHY,0x4601,1,0,na,"[0,",0,0,1,1576.4,+17.7dB,15.6us,"[0,",1,1005.9,normal,0,valid,-14.4dB,-14.4dB,na,na,,,,
2025-07-30 21:14:24.306720,PHY,0x4601,2,,na,"[0,",,,11111,,+31.1dB,14.2us,"[0,",1,1005.17,normal,0,valid,-11.3dB,-11.3dB,0.18us,-0.1Hz,,"[6,",,1
2025-07-30 21:14:24.307638,PHY,0x4601,1,0,na,"[0,",0,0,1,1539.3,+17.6dB,16.8us,"[0,",1,1005.18,normal,0,valid,-14.4dB,-14.4dB,na,na,,,,
2025-07-30 21:14:24.308112,PHY,0x4601,1,0,na,"[0,",0,0,1,1541.1,+17.6dB,16.6us,"[0,",1,1005.19,normal,0,valid,-14.4dB,-14.5dB,na,na,,,,
2025-07-30 21:14:24.312243,CSI,0x4601,2,,na,"[0,",,,1,,+29.7dB,14.3us,"[0,",1,1006.8,normal,0,valid,-11.3dB,-11.4dB,0.20us,+92.0Hz,,"[6,",1111,1
2025-07-30 21:14:24.313079,PHY,0x4601,1,0,na,"[0,",0,0,1,1174.7,+16.4dB,16.7us,"[0,",1,1006.9,normal,0,valid,-14.4dB,-14.5dB,na,na,,,,
2025-07-30 21:14:24.316747,PHY,0x4601,2,,na,"[0,",,,11111,,+33.5dB,23.4us,"[0,",1,1006.17,normal,0,valid,-11.4dB,-11.4dB,0.19us,+81.1Hz,,"[6,",,1
2025-07-30 21:14:24.317676,PHY,0x4601,1,0,na,"[0,",0,0,1,1165.2,+16.4dB,22.3us,"[0,",1,1006.18,normal,0,valid,-14.4dB,-14.5dB,na,na,,,,
2025-07-30 21:14:24.318151,PHY,0x4601,1,0,na,"[0,",0,0,1,1178.3,+16.4dB,23.2us,"[0,",1,1006.19,normal,0,valid,-14.4dB,-14.5dB,na,na,,,,
2025-07-30 21:14:24.322639,PHY,0x4601,1,0,na,"[0,",0,0,1,1667.5,+18.0dB,16.3us,"[0,",1,1007.8,normal,0,valid,-14.4dB,-14.5dB,na,na,,,,
2025-07-30 21:14:24.323103,PHY,0x4601,1,0,na,"[0,",0,0,1,1647.3,+17.9dB,14.4us,"[0,",1,1007.9,normal,0,valid,-14.4dB,-14.5dB,na,na,,,,
2025-07-30 21:14:24.326646,PHY,0x4601,2,,na,"[0,",,,11111,,+29.9dB,14.7us,"[0,",1,1007.17,normal,0,valid,-11.4dB,-11.4dB,0.18us,+1.9Hz,,"[6,",,1
2025-07-30 21:14:24.327593,PHY,0x4601,1,0,na,"[0,",0,0,1,1507.7,+17.5dB,15.6us,"[0,",1,1007.18,normal,0,valid,-14.4dB,-14.4dB,na,na,,,,
2025-07-30 21:14:24.328065,PHY,0x4601,1,0,na,"[0,",0,0,1,1555.1,+17.7dB,16.9us,"[0,",1,1007.19,normal,0,valid,-14.4dB,-14.4dB,na,na,,,,
2025-07-30 21:14:24.332199,CSI,0x4601,2,,na,"[0,",,,1,,+32.5dB,13.8us,"[0,",1,1008.8,normal,0,valid,-11.4dB,-11.5dB,0.19us,+3.0Hz,,"[6,",1111,1
2025-07-30 21:14:24.333138,PHY,0x4601,1,0,na,"[0,",0,0,1,1512.3,+17.6dB,17.4us,"[0,",1,1008.9,normal,0,valid,-14.4dB,-14.4dB,na,na,,,,
2025-07-30 21:14:24.336719,PHY,0x4601,2,,na,"[0,",,,11111,,+31.5dB,14.9us,"[0,",1,1008.17,normal,0,valid,-11.4dB,-11.4dB,0.19us,+128.0Hz,,"[6,",,1
2025-07-30 21:14:24.337625,PHY,0x4601,1,0,na,"[0,",0,0,1,1167.4,+16.4dB,16.4us,"[0,",1,1008.18,normal,0,valid,-14.3dB,-14.5dB,na,na,,,,
2025-07-30 21:14:24.338102,PHY,0x4601,1,0,na,"[0,",0,0,1,1153.8,+16.4dB,13.8us,"[0,",1,1008.19,normal,0,valid,-14.4dB,-14.5dB,na,na,,,,
2025-07-30 21:14:24.342593,PHY,0x4601,1,0,na,"[0,",0,0,1,1576.1,+17.7dB,16.6us,"[0,",1,1009.8,normal,0,valid,-14.4dB,-14.5dB,na,na,,,,
2025-07-30 21:14:24.343168,PHY,0x4601,1,0,na,"[0,",0,0,1,1637.5,+17.9dB,14.3us,"[0,",1,1009.9,normal,0,valid,-14.4dB,-14.5dB,na,na,,,,
2025-07-30 21:14:24.346743,PHY,0x4601,2,,na,"[0,",,,11111,,+31.6dB,16.0us,"[0,",1,1009.17,normal,0,valid,-11.4dB,-11.4dB,0.18us,-47.0Hz,,"[6,",,1
2025-07-30 21:14:24.347655,PHY,0x4601,1,0,na,"[0,",0,0,1,1123.4,+16.2dB,16.9us,"[0,",1,1009.18,normal,0,valid,-14.4dB,-14.5dB,na,na,,,,
2025-07-30 21:14:24.348134,PHY,0x4601,1,0,na,"[0,",0,0,1,1195.6,+16.5dB,16.6us,"[0,",1,1009.19,normal,0,valid,-14.4dB,-14.5dB,na,na,,,,
2025-07-30 21:14:24.352223,CSI,0x4601,2,,na,"[0,",,,1,,+28.8dB,12.5us,"[0,",1,1010.8,normal,0,valid,-11.5dB,-11.5dB,0.18us,+38.7Hz,,"[6,",1111,1
2025-07-30 21:14:24.353094,PHY,0x4601,1,0,na,"[0,",0,0,1,1154.5,+16.4dB,15.9us,"[0,",1,1010.9,normal,0,valid,-14.4dB,-14.5dB,na,na,,,,
2025-07-30 21:14:24.356755,PHY,0x4601,2,,na,"[0,",,,11111,,+31.1dB,14.9us,"[0,",1,1010.17,normal,0,valid,-11.4dB,-11.4dB,0.17us,+93.1Hz,,"[6,",,1
2025-07-30 21:14:24.357580,PHY,0x4601,1,0,na,"[0,",0,0,1,1594.4,+17.7dB,22.5us,"[0,",1,1010.18,normal,0,valid,-14.4dB,-14.5dB,na,na,,,,
2025-07-30 21:14:24.358158,PHY,0x4601,1,0,na,"[0,",0,0,1,1452.2,+17.4dB,14.4us,"[0,",1,1010.19,normal,0,valid,-14.4dB,-14.5dB,na,na,,,,
2025-07-30 21:14:24.362657,PHY,0x4601,1,0,na,"[0,",0,0,1,1479.8,+17.4dB,19.4us,"[0,",1,1011.8,normal,0,valid,-14.4dB,-14.5dB,na,na,,,,
2025-07-30 21:14:24.363116,PHY,0x4601,1,0,na,"[0,",0,0,1,1558.5,+17.7dB,15.4us,"[0,",1,1011.9,normal,0,valid,-14.4dB,-14.5dB,na,na,,,,
2025-07-30 21:14:24.366660,PHY,0x4601,2,,na,"[0,",,,11111,,+31.4dB,14.7us,"[0,",1,1011.17,normal,0,valid,-11.4dB,-11.5dB,0.18us,-1.0Hz,,"[6,",,1
2025-07-30 21:14:24.367604,PHY,0x4601,1,0,na,"[0,",0,0,1,1475.3,+17.4dB,17.7us,"[0,",1,1011.18,normal,0,valid,-14.4dB,-14.5dB,na,na,,,,
2025-07-30 21:14:24.368085,PHY,0x4601,1,0,na,"[0,",0,0,1,1490.9,+17.5dB,15.4us,"[0,",1,1011.19,normal,0,valid,-14.4dB,-14.4dB,na,na,,,,
2025-07-30 21:14:24.372249,CSI,0x4601,2,,na,"[0,",,,1,,+29.1dB,15.5us,"[0,",1,1012.8,normal,0,valid,-11.3dB,-11.4dB,0.20us,-56.2Hz,,"[6,",1111,1
2025-07-30 21:14:24.373149,PHY,0x4601,1,0,na,"[0,",0,0,1,1593.4,+17.7dB,16.1us,"[0,",1,1012.9,normal,0,valid,-14.4dB,-14.5dB,na,na,,,,
2025-07-30 21:14:24.376720,PHY,0x4601,2,,na,"[0,",,,11111,,+32.0dB,20.4us,"[0,",1,1012.17,normal,0,valid,-11.5dB,-11.5dB,0.17us,+83.7Hz,,"[6,",,1
2025-07-30 21:14:24.377643,PHY,0x4601,1,0,na,"[0,",0,0,1,1647.2,+17.9dB,19.6us,"[0,",1,1012.18,normal,0,valid,-14.4dB,-14.4dB,na,na,,,,
2025-07-30 21:14:24.378114,PHY,0x4601,1,0,na,"[0,",0,0,1,1645.1,+17.9dB,22.1us,"[0,",1,1012.19,normal,0,valid,-14.4dB,-14.4dB,na,na,,,,
2025-07-30 21:14:24.382605,PHY,0x4601,1,0,na,"[0,",0,0,1,1510.9,+17.5dB,18.4us,"[0,",1,1013.8,normal,0,valid,-14.4dB,-14.5dB,na,na,,,,
2025-07-30 21:14:24.383078,PHY,0x4601,1,0,na,"[0,",0,0,1,1593.1,+17.8dB,17.2us,"[0,",1,1013.9,normal,0,valid,-14.4dB,-14.5dB,na,na,,,,
2025-07-30 21:14:24.386731,PHY,0x4601,2,,na,"[0,",,,11111,,+33.1dB,17.0us,"[0,",1,1013.17,normal,0,valid,-11.4dB,-11.5dB,0.16us,+39.4Hz,,"[6,",,1
2025-07-30 21:14:24.387560,PHY,0x4601,1,0,na,"[0,",0,0,1,1182.8,+16.5dB,15.9us,"[0,",1,1013.18,normal,0,valid,-14.4dB,-14.5dB,na,na,,,,
2025-07-30 21:14:24.388152,PHY,0x4601,1,0,na,"[0,",0,0,1,1194.9,+16.5dB,20.5us,"[0,",1,1013.19,normal,0,valid,-14.4dB,-14.5dB,na,na,,,,
2025-07-30 21:14:24.392230,CSI,0x4601,2,,na,"[0,",,,1,,+33.3dB,11.3us,"[0,",1,1014.8,normal,0,valid,-11.4dB,-11.4dB,0.18us,-58.0Hz,,"[6,",1111,1
2025-07-30 21:14:24.393105,PHY,0x4601,1,0,na,"[0,",0,0,1,1606.4,+17.8dB,17.2us,"[0,",1,1014.9,normal,0,valid,-14.4dB,-14.5dB,na,na,,,,
2025-07-30 21:14:24.396647,PHY,0x4601,2,,na,"[0,",,,11111,,+32.7dB,14.2us,"[0,",1,1014.17,normal,0,valid,-11.3dB,-11.4dB,0.19us,+16.4Hz,,"[6,",,1
2025-07-30 21:14:24.397600,PHY,0x4601,1,0,na,"[0,",0,0,1,1159.6,+16.4dB,16.8us,"[0,",1,1014.18,normal,0,valid,-14.4dB,-14.5dB,na,na,,,,
2025-07-30 21:14:24.398074,PHY,0x4601,1,0,na,"[0,",0,0,1,1156.9,+16.4dB,16.2us,"[0,",1,1014.19,normal,0,valid,-14.4dB,-14.5dB,na,na,,,,
2025-07-30 21:14:24.402667,PHY,0x4601,1,0,na,"[0,",0,0,1,1565.0,+17.7dB,17.0us,"[0,",1,1015.8,normal,0,valid,-14.4dB,-14.5dB,na,na,,,,
2025-07-30 21:14:24.403132,PHY,0x4601,1,0,na,"[0,",0,0,1,1454.6,+17.4dB,14.4us,"[0,",1,1015.9,normal,0,valid,-14.4dB,-14.5dB,na,na,,,,
2025-07-30 21:14:24.406716,PHY,0x4601,2,,na,"[0,",,,11111,,+33.5dB,21.0us,"[0,",1,1015.17,normal,0,valid,-11.4dB,-11.4dB,0.19us,-9.4Hz,,"[6,",,1
2025-07-30 21:14:24.407623,PHY,0x4601,1,0,na,"[0,",0,0,1,1215.0,+16.6dB,15.5us,"[0,",1,1015.18,normal,0,valid,-14.4dB,-14.5dB,na,na,,,,
2025-07-30 21:14:24.408100,PHY,0x4601,1,0,na,"[0,",0,0,1,1193.8,+16.5dB,16.1us,"[0,",1,1015.19,normal,0,valid,-14.4dB,-14.5dB,na,na,,,,
2025-07-30 21:14:24.412262,CSI,0x4601,2,,na,"[0,",,,1,,+34.7dB,16.1us,"[0,",1,1016.8,normal,0,valid,-11.4dB,-11.4dB,0.17us,-45.2Hz,,"[6,",1111,1
2025-07-30 21:14:24.413063,PHY,0x4601,1,0,na,"[0,",0,0,1,1170.4,+16.4dB,16.3us,"[0,",1,1016.9,normal,0,valid,-14.4dB,-14.5dB,na,na,,,,
2025-07-30 21:14:24.416741,PHY,0x4601,2,,na,"[0,",,,11111,,+33.4dB,16.7us,"[0,",1,1016.17,normal,0,valid,-11.4dB,-11.4dB,0.20us,+21.0Hz,,"[6,",,1
2025-07-30 21:14:24.417656,PHY,0x4601,1,0,na,"[0,",0,0,1,1516.8,+17.6dB,17.7us,"[0,",1,1016.18,normal,0,valid,-14.4dB,-14.4dB,na,na,,,,
2025-07-30 21:14:24.418129,PHY,0x4601,1,0,na,"[0,",0,0,1,1464.4,+17.4dB,15.0us,"[0,",1,1016.19,normal,0,valid,-14.4dB,-14.4dB,na,na,,,,
2025-07-30 21:14:24.422629,PHY,0x4601,1,0,na,"[0,",0,0,1,1496.3,+17.5dB,25.3us,"[0,",1,1017.8,normal,0,valid,-14.4dB,-14.5dB,na,na,,,,
2025-07-30 21:14:24.423098,PHY,0x4601,1,0,na,"[0,",0,0,1,1539.0,+17.6dB,14.5us,"[0,",1,1017.9,normal,0,valid,-14.4dB,-14.5dB,na,na,,,,
2025-07-30 21:14:24.426634,PHY,0x4601,2,,na,"[0,",,,11111,,+33.3dB,16.0us,"[0,",1,1017.17,normal,0,valid,-11.4dB,-11.4dB,0.18us,-50.2Hz,,"[6,",,1
2025-07-30 21:14:24.427580,PHY,0x4601,1,0,na,"[0,",0,0,1,1574.5,+17.7dB,16.8us,"[0,",1,1017.18,normal,0,valid,-14.4dB,-14.4dB,na,na,,,,
2025-07-30 21:14:24.428166,PHY,0x4601,1,0,na,"[0,",0,0,1,1478.6,+17.5dB,14.7us,"[0,",1,1017.19,normal,0,valid,-14.4dB,-14.4dB,na,na,,,,
2025-07-30 21:14:24.432178,CSI,0x4601,2,,na,"[0,",,,1,,+34.6dB,13.6us,"[0,",1,1018.8,normal,0,valid,-11.2dB,-11.2dB,0.19us,-13.6Hz,,"[6,",1111,1
2025-07-30 21:14:24.433128,PHY,0x4601,1,0,na,"[0,",0,0,1,1204.4,+16.5dB,15.8us,"[0,",1,1018.9,normal,0,valid,-14.4dB,-14.5dB,na,na,,,,
2025-07-30 21:14:24.436687,PHY,0x4601,2,,na,"[0,",,,11111,,+29.2dB,22.8us,"[0,",1,1018.17,normal,0,valid,-11.5dB,-11.5dB,0.19us,-54.0Hz,,"[6,",,1
2025-07-30 21:14:24.437616,PHY,0x4601,1,0,na,"[0,",0,0,1,1215.2,+16.6dB,16.7us,"[0,",1,1018.18,normal,0,valid,-14.4dB,-14.5dB,na,na,,,,
2025-07-30 21:14:24.438097,PHY,0x4601,1,0,na,"[0,",0,0,1,1122.9,+16.2dB,20.8us,"[0,",1,1018.19,normal,0,valid,-14.4dB,-14.5dB,na,na,,,,
2025-07-30 21:14:24.442591,PHY,0x4601,1,0,na,"[0,",0,0,1,1600.3,+17.7dB,23.0us,"[0,",1,1019.8,normal,0,valid,-14.4dB,-14.6dB,na,na,,,,
2025-07-30 21:14:24.443162,PHY,0x4601,1,0,na,"[0,",0,0,1,1482.4,+17.5dB,16.2us,"[0,",1,1019.9,normal,0,valid,-14.5dB,-14.5dB,na,na,,,,
2025-07-30 21:14:24.446724,PHY,0x4601,2,,na,"[0,",,,11111,,+29.7dB,14.6us,"[0,",1,1019.17,normal,0,valid,-11.4dB,-11.4dB,0.19us,+140.4Hz,,"[6,",,1
2025-07-30 21:14:24.447651,PHY,0x4601,1,0,na,"[0,",0,0,1,1252.0,+16.7dB,18.0us,"[0,",1,1019.18,normal,0,valid,-14.4dB,-14.5dB,na,na,,,,
2025-07-30 21:14:24.448121,PHY,0x4601,1,0,na,"[0,",0,0,1,1149.9,+16.4dB,14.0us,"[0,",1,1019.19,normal,0,valid,-14.4dB,-14.5dB,na,na,,,,
2025-07-30 21:14:24.452216,CSI,0x4601,2,,na,"[0,",,,1,,+32.4dB,13.5us,"[0,",1,1020.8,normal,0,valid,-11.4dB,-11.4dB,0.21us,-47.2Hz,,"[6,",1111,1
2025-07-30 21:14:24.453086,PHY,0x4601,1,0,na,"[0,",0,0,1,1721.2,+18.1dB,15.8us,"[0,",1,1020.9,normal,0,valid,-14.4dB,-14.5dB,na,na,,,,
2025-07-30 21:14:24.456771,PHY,0x4601,2,,na,"[0,",,,11111,,+32.6dB,17.0us,"[0,",1,1020.17,normal,0,valid,-11.4dB,-11.4dB,0.16us,+105.9Hz,,"[6,",,1
2025-07-30 21:14:24.457576,PHY,0x4601,1,0,na,"[0,",0,0,1,1178.6,+16.5dB,17.9us,"[0,",1,1020.18,normal,0,valid,-14.4dB,-14.5dB,na,na,,,,
2025-07-30 21:14:24.458156,PHY,0x4601,1,0,na,"[0,",0,0,1,1130.9,+16.3dB,15.8us,"[0,",1,1020.19,normal,0,valid,-14.4dB,-14.5dB,na,na,,,,
2025-07-30 21:14:24.462650,PHY,0x4601,1,0,na,"[0,",0,0,1,1475.8,+17.4dB,18.0us,"[0,",1,1021.8,normal,0,valid,-14.4dB,-14.5dB,na,na,,,,
2025-07-30 21:14:24.463116,PHY,0x4601,1,0,na,"[0,",0,0,1,1582.1,+17.7dB,14.7us,"[0,",1,1021.9,normal,0,valid,-14.4dB,-14.5dB,na,na,,,,
2025-07-30 21:14:24.466665,PHY,0x4601,2,,na,"[0,",,,11111,,+34.0dB,15.5us,"[0,",1,1021.17,normal,0,valid,-11.4dB,-11.4dB,0.16us,+0.3Hz,,"[6,",,1
2025-07-30 21:14:24.467610,PHY,0x4601,1,0,na,"[0,",0,0,1,1186.0,+16.5dB,16.9us,"[0,",1,1021.18,normal,0,valid,-14.4dB,-14.5dB,na,na,,,,
2025-07-30 21:14:24.468078,PHY,0x4601,1,0,na,"[0,",0,0,1,1188.2,+16.5dB,14.1us,"[0,",1,1021.19,normal,0,valid,-14.4dB,-14.5dB,na,na,,,,
2025-07-30 21:14:24.472216,CSI,0x4601,2,,na,"[0,",,,1,,+34.0dB,15.0us,"[0,",1,1022.8,normal,0,valid,-11.3dB,-11.4dB,0.19us,-30.3Hz,,"[6,",1111,1
2025-07-30 21:14:24.473156,PHY,0x4601,1,0,na,"[0,",0,0,1,1162.2,+16.4dB,23.0us,"[0,",1,1022.9,normal,0,valid,-14.4dB,-14.5dB,na,na,,,,
2025-07-30 21:14:24.476737,PHY,0x4601,2,,na,"[0,",,,11111,,+31.0dB,13.4us,"[0,",1,1022.17,normal,0,valid,-11.4dB,-11.4dB,0.18us,+52.7Hz,,"[6,",,1
2025-07-30 21:14:24.477642,PHY,0x4601,1,0,na,"[0,",0,0,1,1134.2,+16.3dB,17.6us,"[0,",1,1022.18,normal,0,valid,-14.4dB,-14.5dB,na,na,,,,
2025-07-30 21:14:24.478110,PHY,0x4601,1,0,na,"[0,",0,0,1,1185.7,+16.5dB,15.6us,"[0,",1,1022.19,normal,0,valid,-14.4dB,-14.5dB,na,na,,,,
2025-07-30 21:14:24.482614,PHY,0x4601,1,0,na,"[0,",0,0,1,1608.3,+17.8dB,16.6us,"[0,",1,1023.8,normal,0,valid,-14.4dB,-14.5dB,na,na,,,,
2025-07-30 21:14:24.483075,PHY,0x4601,1,0,na,"[0,",0,0,1,1470.7,+17.4dB,14.8us,"[0,",1,1023.9,normal,0,valid,-14.4dB,-14.5dB,na,na,,,,
2025-07-30 21:14:24.486728,PHY,0x4601,2,,na,"[0,",,,11111,,+30.5dB,16.6us,"[0,",1,1023.17,normal,0,valid,-11.3dB,-11.4dB,0.19us,+87.9Hz,,"[6,",,1
2025-07-30 21:14:24.487673,PHY,0x4601,1,0,na,"[0,",0,0,1,1615.6,+17.8dB,19.3us,"[0,",1,1023.18,normal,0,valid,-14.4dB,-14.5dB,na,na,,,,
2025-07-30 21:14:24.488140,PHY,0x4601,1,0,na,"[0,",0,0,1,1515.8,+17.6dB,14.9us,"[0,",1,1023.19,normal,0,valid,-14.4dB,-14.5dB,na,na,,,,
2025-07-30 21:14:24.492248,CSI,0x4601,2,,na,"[0,",,,1,,+29.9dB,14.2us,"[0,",1,0.8,normal,0,valid,-11.4dB,-11.4dB,0.20us,-98.9Hz,,"[6,",1111,1
2025-07-30 21:14:24.493108,PHY,0x4601,1,0,na,"[0,",0,0,1,1548.9,+17.6dB,15.5us,"[0,",1,0.9,normal,0,valid,-14.4dB,-14.5dB,na,na,,,,
2025-07-30 21:14:24.496652,PHY,0x4601,2,,na,"[0,",,,11111,,+32.7dB,20.5us,"[0,",1,0.17,normal,0,valid,-11.4dB,-11.4dB,0.18us,+2.0Hz,,"[6,",,1
2025-07-30 21:14:24.497592,PHY,0x4601,1,0,na,"[0,",0,0,1,1187.7,+16.5dB,16.5us,"[0,",1,0.18,normal,0,valid,-14.3dB,-14.4dB,na,na,,,,
2025-07-30 21:14:24.498067,PHY,0x4601,1,0,na,"[0,",0,0,1,1193.0,+16.5dB,16.6us,"[0,",1,0.19,normal,0,valid,-14.4dB,-14.5dB,na,na,,,,
2025-07-30 21:14:24.502663,PHY,0x4601,1,0,na,"[0,",0,0,1,1483.8,+17.4dB,16.1us,"[0,",1,1.8,normal,0,valid,-14.4dB,-14.5dB,na,na,,,,
2025-07-30 21:14:24.503182,PHY,0x4601,1,0,na,"[0,",0,0,1,1577.2,+17.7dB,14.4us,"[0,",1,1.9,normal,0,valid,-14.4dB,-14.5dB,na,na,,,,
2025-07-30 21:14:24.506685,PHY,0x4601,2,,na,"[0,",,,11111,,+31.8dB,14.8us,"[0,",1,1.17,normal,0,valid,-11.4dB,-11.4dB,0.17us,+106.7Hz,,"[6,",,1
2025-07-30 21:14:24.507624,PHY,0x4601,1,0,na,"[0,",0,0,1,1549.1,+17.7dB,15.8us,"[0,",1,1.18,normal,0,valid,-14.4dB,-14.5dB,na,na,,,,
2025-07-30 21:14:24.508098,PHY,0x4601,1,0,na,"[0,",0,0,1,1621.3,+17.9dB,14.8us,"[0,",1,1.19,normal,0,valid,-14.4dB,-14.4dB,na,na,,,,
2025-07-30 21:14:24.512223,CSI,0x4601,2,,na,"[0,",,,1,,+34.4dB,12.4us,"[0,",1,2.8,normal,0,valid,-11.4dB,-11.4dB,0.18us,+26.3Hz,,"[6,",1111,1
2025-07-30 21:14:24.513172,PHY,0x4601,1,0,na,"[0,",0,0,1,1173.7,+16.4dB,18.0us,"[0,",1,2.9,normal,0,valid,-14.4dB,-14.5dB,na,na,,,,
2025-07-30 21:14:24.516712,PHY,0x4601,2,,na,"[0,",,,11111,,+31.7dB,14.2us,"[0,",1,2.17,normal,0,valid,-11.4dB,-11.4dB,0.19us,-101.9Hz,,"[6,",,1
2025-07-30 21:14:24.517658,PHY,0x4601,1,0,na,"[0,",0,0,1,1618.7,+17.8dB,17.1us,"[0,",1,2.18,normal,0,valid,-14.4dB,-14.4dB,na,na,,,,
2025-07-30 21:14:24.518132,PHY,0x4601,1,0,na,"[0,",0,0,1,1479.9,+17.4dB,14.6us,"[0,",1,2.19,normal,0,valid,-14.4dB,-14.5dB,na,na,,,,
2025-07-30 21:14:24.522624,PHY,0x4601,1,0,na,"[0,",0,0,1,1485.5,+17.5dB,20.2us,"[0,",1,3.8,normal,0,valid,-14.4dB,-14.5dB,na,na,,,,
2025-07-30 21:14:24.523090,PHY,0x4601,1,0,na,"[0,",0,0,1,1642.3,+17.9dB,14.3us,"[0,",1,3.9,normal,0,valid,-14.4dB,-14.4dB,na,na,,,,
2025-07-30 21:14:24.526764,PHY,0x4601,2,,na,"[0,",,,11111,,+32.7dB,15.2us,"[0,",1,3.17,normal,0,valid,-11.5dB,-11.5dB,0.17us,+27.6Hz,,"[6,",,1
2025-07-30 21:14:24.527587,PHY,0x4601,1,0,na,"[0,",0,0,1,1540.2,+17.6dB,22.2us,"[0,",1,3.18,normal,0,valid,-14.4dB,-14.5dB,na,na,,,,
2025-07-30 21:14:24.528170,PHY,0x4601,1,0,na,"[0,",0,0,1,1574.6,+17.7dB,18.6us,"[0,",1,3.19,normal,0,valid,-14.4dB,-14.5dB,na,na,,,,
2025-07-30 21:14:24.532180,CSI,0x4601,2,,na,"[0,",,,1,,+29.3dB,12.2us,"[0,",1,4.8,normal,0,valid,-11.4dB,-11.4dB,0.19us,+26.0Hz,,"[6,",1111,1
2025-07-30 21:14:24.533126,PHY,0x4601,1,0,na,"[0,",0,0,1,1531.7,+17.6dB,15.7us,"[0,",1,4.9,normal,0,valid,-14.4dB,-14.5dB,na,na,,,,
2025-07-30 21:14:24.536665,PHY,0x4601,2,,na,"[0,",,,11111,,+31.9dB,12.5us,"[0,",1,4.17,normal,0,valid,-11.5dB,-11.5dB,0.19us,-3.6Hz,,"[6,",,1
2025-07-30 21:14:24.537608,PHY,0x4601,1,0,na,"[0,",0,0,1,1152.9,+16.3dB,15.8us,"[0,",1,4.18,normal,0,valid,-14.4dB,-14.5dB,na,na,,,,
2025-07-30 21:14:24.538089,PHY,0x4601,1,0,na,"[0,",0,0,1,1133.0,+16.3dB,18.1us,"[0,",1,4.19,normal,0,valid,-14.4dB,-14.5dB,na,na,,,,
2025-07-30 21:14:24.542581,PHY,0x4601,1,0,na,"[0,",0,0,1,1505.1,+17.5dB,16.7us,"[0,",1,5.8,normal,0,valid,-14.5dB,-14.5dB,na,na,,,,
2025-07-30 21:14:24.543152,PHY,0x4601,1,0,na,"[0,",0,0,1,1604.8,+17.8dB,14.7us,"[0,",1,5.9,normal,0,valid,-14.4dB,-14.5dB,na,na,,,,
2025-07-30 21:14:24.546719,PHY,0x4601,2,,na,"[0,",,,11111,,+31.7dB,14.3us,"[0,",1,5.17,normal,0,valid,-11.5dB,-11.5dB,0.19us,-65.7Hz,,"[6,",,1
2025-07-30 21:14:24.547640,PHY,0x4601,1,0,na,"[0,",0,0,1,1157.8,+16.4dB,15.8us,"[0,",1,5.18,normal,0,valid,-14.4dB,-14.5dB,na,na,,,,
2025-07-30 21:14:24.548123,PHY,0x4601,1,0,na,"[0,",0,0,1,1149.9,+16.4dB,18.4us,"[0,",1,5.19,normal,0,valid,-14.4dB,-14.5dB,na,na,,,,
2025-07-30 21:14:24.552251,CSI,0x4601,2,,na,"[0,",,,1,,+29.0dB,14.5us,"[0,",1,6.8,normal,0,valid,-11.3dB,-11.4dB,0.19us,-139.6Hz,,"[6,",1111,1
2025-07-30 21:14:24.553081,PHY,0x4601,1,0,na,"[0,",0,0,1,1411.8,+17.3dB,16.9us,"[0,",1,6.9,normal,0,valid,-14.4dB,-14.5dB,na,na,,,,
2025-07-30 21:14:24.556745,PHY,0x4601,2,,na,"[0,",,,11111,,+33.1dB,14.8us,"[0,",1,6.17,normal,0,valid,-11.4dB,-11.5dB,0.20us,-43.6Hz,,"[6,",,1
2025-07-30 21:14:24.557577,PHY,0x4601,1,0,na,"[0,",0,0,1,1607.9,+17.8dB,17.5us,"[0,",1,6.18,normal,0,valid,-14.4dB,-14.4dB,na,na,,,,
2025-07-30 21:14:24.558159,PHY,0x4601,1,0,na,"[0,",0,0,1,1550.9,+17.6dB,18.4us,"[0,",1,6.19,normal,0,valid,-14.4dB,-14.5dB,na,na,,,,
2025-07-30 21:14:24.562644,PHY,0x4601,1,0,na,"[0,",0,0,1,1585.4,+17.7dB,16.5us,"[0,",1,7.8,normal,0,valid,-14.4dB,-14.5dB,na,na,,,,
2025-07-30 21:14:24.563115,PHY,0x4601,1,0,na,"[0,",0,0,1,1508.8,+17.6dB,16.8us,"[0,",1,7.9,normal,0,valid,-14.4dB,-14.5dB,na,na,,,,
2025-07-30 21:14:24.566656,PHY,0x4601,2,,na,"[0,",,,11111,,+31.1dB,14.6us,"[0,",1,7.17,normal,0,valid,-11.4dB,-11.5dB,0.18us,-17.2Hz,,"[6,",,1
2025-07-30 21:14:24.567598,PHY,0x4601,1,0,na,"[0,",0,0,1,1574.1,+17.7dB,15.2us,"[0,",1,7.18,normal,0,valid,-14.4dB,-14.5dB,na,na,,,,
2025-07-30 21:14:24.568078,PHY,0x4601,1,0,na,"[0,",0,0,1,1604.0,+17.8dB,17.3us,"[0,",1,7.19,normal,0,valid,-14.4dB,-14.4dB,na,na,,,,
2025-07-30 21:14:24.572201,CSI,0x4601,2,,na,"[0,",,,1,,+32.5dB,11.9us,"[0,",1,8.8,normal,0,valid,-11.3dB,-11.3dB,0.19us,-61.9Hz,,"[6,",1111,1
2025-07-30 21:14:24.573147,PHY,0x4601,1,0,na,"[0,",0,0,1,1455.1,+17.4dB,15.8us,"[0,",1,8.9,normal,0,valid,-14.4dB,-14.4dB,na,na,,,,
2025-07-30 21:14:24.576696,PHY,0x4601,2,,na,"[0,",,,11111,,+30.8dB,14.4us,"[0,",1,8.17,normal,0,valid,-11.5dB,-11.5dB,0.19us,-51.9Hz,,"[6,",,1
2025-07-30 21:14:24.577638,PHY,0x4601,1,0,na,"[0,",0,0,1,1609.5,+17.8dB,17.8us,"[0,",1,8.18,normal,0,valid,-14.4dB,-14.5dB,na,na,,,,
2025-07-30 21:14:24.578105,PHY,0x4601,1,0,na,"[0,",0,0,1,1552.7,+17.6dB,14.1us,"[0,",1,8.19,normal,0,valid,-14.4dB,-14.5dB,na,na,,,,
2025-07-30 21:14:24.582595,PHY,0x4601,1,0,na,"[0,",0,0,1,1539.0,+17.6dB,16.9us,"[0,",1,9.8,normal,0,valid,-14.4dB,-14.5dB,na,na,,,,
2025-07-30 21:14:24.583073,PHY,0x4601,1,0,na,"[0,",0,0,1,1501.9,+17.5dB,14.7us,"[0,",1,9.9,normal,0,valid,-14.4dB,-14.5dB,na,na,,,,
2025-07-30 21:14:24.586727,PHY,0x4601,2,,na,"[0,",,,11111,,+33.1dB,14.5us,"[0,",1,9.17,normal,0,valid,-11.4dB,-11.5dB,0.18us,+61.8Hz,,"[6,",,1
2025-07-30 21:14:24.587661,PHY,0x4601,1,0,na,"[0,",0,0,1,1180.0,+16.5dB,15.9us,"[0,",1,9.18,normal,0,valid,-14.4dB,-14.5dB,na,na,,,,
2025-07-30 21:14:24.588136,PHY,0x4601,1,0,na,"[0,",0,0,1,1170.0,+16.4dB,14.1us,"[0,",1,9.19,normal,0,valid,-14.4dB,-14.5dB,na,na,,,,
2025-07-30 21:14:24.592222,CSI,0x4601,2,,na,"[0,",,,1,,+33.1dB,11.0us,"[0,",1,10.8,normal,0,valid,-11.3dB,-11.4dB,0.20us,-15.9Hz,,"[6,",1111,1
2025-07-30 21:14:24.593101,PHY,0x4601,1,0,na,"[0,",0,0,1,1108.7,+16.2dB,15.6us,"[0,",1,10.9,normal,0,valid,-14.4dB,-14.5dB,na,na,,,,
2025-07-30 21:14:24.596639,PHY,0x4601,2,,na,"[0,",,,11111,,+32.2dB,13.0us,"[0,",1,10.17,normal,0,valid,-11.4dB,-11.5dB,0.19us,+57.5Hz,,"[6,",,1
2025-07-30 21:14:24.597586,PHY,0x4601,1,0,na,"[0,",0,0,1,1600.0,+17.8dB,15.9us,"[0,",1,10.18,normal,0,valid,-14.4dB,-14.5dB,na,na,,,,
2025-07-30 21:14:24.598165,PHY,0x4601,1,0,na,"[0,",0,0,1,1524.0,+17.6dB,13.6us,"[0,",1,10.19,normal,0,valid,-14.4dB,-14.5dB,na,na,,,,
2025-07-30 21:14:24.602661,PHY,0x4601,1,0,na,"[0,",0,0,1,1634.1,+17.9dB,19.6us,"[0,",1,11.8,normal,0,valid,-14.4dB,-14.5dB,na,na,,,,
2025-07-30 21:14:24.603127,PHY,0x4601,1,0,na,"[0,",0,0,1,1493.2,+17.5dB,14.4us,"[0,",1,11.9,normal,0,valid,-14.4dB,-14.5dB,na,na,,,,
2025-07-30 21:14:24.606681,PHY,0x4601,2,,na,"[0,",,,11111,,+28.9dB,23.0us,"[0,",1,11.17,normal,0,valid,-11.4dB,-11.4dB,0.16us,+40.0Hz,,"[6,",,1
2025-07-30 21:14:24.607632,PHY,0x4601,1,0,na,"[0,",0,0,1,1141.8,+16.3dB,15.6us,"[0,",1,11.18,normal,0,valid,-14.4dB,-14.5dB,na,na,,,,
2025-07-30 21:14:24.608091,PHY,0x4601,1,0,na,"[0,",0,0,1,1160.1,+16.4dB,14.7us,"[0,",1,11.19,normal,0,valid,-14.4dB,-14.5dB,na,na,,,,
2025-07-30 21:14:24.612219,CSI,0x4601,2,,na,"[0,",,,1,,+35.1dB,13.0us,"[0,",1,12.8,normal,0,valid,-11.3dB,-11.3dB,0.18us,-53.6Hz,,"[6,",1111,1
2025-07-30 21:14:24.613168,PHY,0x4601,1,0,na,"[0,",0,0,1,1144.2,+16.3dB,16.4us,"[0,",1,12.9,normal,0,valid,-14.4dB,-14.5dB,na,na,,,,
2025-07-30 21:14:24.616714,PHY,0x4601,2,,na,"[0,",,,11111,,+27.5dB,15.9us,"[0,",1,12.17,normal,0,valid,-11.3dB,-11.3dB,0.19us,-39.9Hz,,"[6,",,1
2025-07-30 21:14:24.617650,PHY,0x4601,1,0,na,"[0,",0,0,1,1162.0,+16.4dB,15.6us,"[0,",1,12.18,normal,0,valid,-14.4dB,-14.5dB,na,na,,,,
2025-07-30 21:14:24.618125,PHY,0x4601,1,0,na,"[0,",0,0,1,1228.1,+16.6dB,13.7us,"[0,",1,12.19,normal,0,valid,-14.4dB,-14.5dB,na,na,,,,
2025-07-30 21:14:24.622623,PHY,0x4601,1,0,na,"[0,",0,0,1,1597.6,+17.8dB,19.9us,"[0,",1,13.8,normal,0,valid,-14.4dB,-14.5dB,na,na,,,,
2025-07-30 21:14:24.623084,PHY,0x4601,1,0,na,"[0,",0,0,1,1528.9,+17.6dB,14.4us,"[0,",1,13.9,normal,0,valid,-14.5dB,-14.5dB,na,na,,,,
2025-07-30 21:14:24.626742,PHY,0x4601,2,,na,"[0,",,,11111,,+31.3dB,14.9us,"[0,",1,13.17,normal,0,valid,-11.5dB,-11.6dB,0.19us,-20.6Hz,,"[6,",,1
2025-07-30 21:14:24.627591,PHY,0x4601,1,0,na,"[0,",0,0,1,1470.2,+17.4dB,29.9us,"[0,",1,13.18,normal,0,valid,-14.4dB,-14.5dB,na,na,,,,
2025-07-30 21:14:24.628159,PHY,0x4601,1,0,na,"[0,",0,0,1,1552.3,+17.7dB,14.4us,"[0,",1,13.19,normal,0,valid,-14.4dB,-14.4dB,na,na,,,,
2025-07-30 21:14:24.632249,CSI,0x4601,2,,na,"[0,",,,1,,+30.8dB,12.2us,"[0,",1,14.8,normal,0,valid,-11.4dB,-11.5dB,0.21us,+18.4Hz,,"[6,",1111,1
2025-07-30 21:14:24.633118,PHY,0x4601,1,0,na,"[0,",0,0,1,1205.2,+16.6dB,16.5us,"[0,",1,14.9,normal,0,valid,-14.4dB,-14.4dB,na,na,,,,
2025-07-30 21:14:24.636660,PHY,0x4601,2,,na,"[0,",,,11111,,+30.3dB,13.5us,"[0,",1,14.17,normal,0,valid,-11.4dB,-11.4dB,0.18us,-9.8Hz,,"[6,",,1
2025-07-30 21:14:24.637612,PHY,0x4601,1,0,na,"[0,",0,0,1,1571.7,+17.7dB,16.4us,"[0,",1,14.18,normal,0,valid,-14.3dB,-14.4dB,na,na,,,,
2025-07-30 21:14:24.638077,PHY,0x4601,1,0,na,"[0,",0,0,1,1546.5,+17.6dB,14.6us,"[0,",1,14.19,normal,0,valid,-14.4dB,-14.4dB,na,na,,,,
2025-07-30 21:14:24.642575,PHY,0x4601,1,0,na,"[0,",0,0,1,1666.5,+18.0dB,20.1us,"[0,",1,15.8,normal,0,valid,-14.4dB,-14.5dB,na,na,,,,
2025-07-30 21:14:24.643149,PHY,0x4601,1,0,na,"[0,",0,0,1,1573.5,+17.7dB,15.5us,"[0,",1,15.9,normal,0,valid,-14.4dB,-14.5dB,na,na,,,,
2025-07-30 21:14:24.646707,PHY,0x4601,2,,na,"[0,",,,11111,,+33.3dB,15.9us,"[0,",1,15.17,normal,0,valid,-11.4dB,-11.4dB,0.15us,+178.6Hz,,"[6,",,1
2025-07-30 21:14:24.647639,PHY,0x4601,1,0,na,"[0,",0,0,1,1181.1,+16.4dB,18.1us,"[0,",1,15.18,normal,0,valid,-14.4dB,-14.5dB,na,na,,,,
2025-07-30 21:14:24.648108,PHY,0x4601,1,0,na,"[0,",0,0,1,1205.5,+16.5dB,14.8us,"[0,",1,15.19,normal,0,valid,-14.4dB,-14.5dB,na,na,,,,
2025-07-30 21:14:24.652248,CSI,0x4601,2,,na,"[0,",,,1,,+28.9dB,15.8us,"[0,",1,16.8,normal,0,valid,-11.4dB,-11.4dB,0.19us,-17.5Hz,,"[6,",1111,1
2025-07-30 21:14:24.653080,PHY,0x4601,1,0,na,"[0,",0,0,1,1498.3,+17.5dB,15.7us,"[0,",1,16.9,normal,0,valid,-14.4dB,-14.5dB,na,na,,,,
2025-07-30 21:14:24.656725,PHY,0x4601,2,,na,"[0,",,,11111,,+28.8dB,16.1us,"[0,",1,16.17,normal,0,valid,-11.5dB,-11.5dB,0.18us,+14.6Hz,,"[6,",,1
2025-07-30 21:14:24.657672,PHY,0x4601,1,0,na,"[0,",0,0,1,1477.5,+17.4dB,19.5us,"[0,",1,16.18,normal,0,valid,-14.4dB,-14.5dB,na,na,,,,
2025-07-30 21:14:24.658139,PHY,0x4601,1,0,na,"[0,",0,0,1,1545.5,+17.6dB,14.8us,"[0,",1,16.19,normal,0,valid,-14.4dB,-14.5dB,na,na,,,,
2025-07-30 21:14:24.662674,PHY,0x4601,1,0,na,"[0,",0,0,1,1676.0,+18.0dB,28.2us,"[0,",1,17.8,normal,0,valid,-14.4dB,-14.5dB,na,na,,,,
2025-07-30 21:14:24.663111,PHY,0x4601,1,0,na,"[0,",0,0,1,1586.7,+17.7dB,19.5us,"[0,",1,17.9,normal,0,valid,-14.4dB,-14.5dB,na,na,,,,
2025-07-30 21:14:24.666649,PHY,0x4601,2,,na,"[0,",,,11111,,+29.9dB,14.5us,"[0,",1,17.17,normal,0,valid,-11.5dB,-11.5dB,0.18us,+61.3Hz,,"[6,",,1
2025-07-30 21:14:24.667595,PHY,0x4601,1,0,na,"[0,",0,0,1,1088.9,+16.1dB,15.6us,"[0,",1,17.18,normal,0,valid,-14.4dB,-14.5dB,na,na,,,,
2025-07-30 21:14:24.668072,PHY,0x4601,1,0,na,"[0,",0,0,1,1173.8,+16.4dB,14.2us,"[0,",1,17.19,normal,0,valid,-14.4dB,-14.5dB,na,na,,,,
2025-07-30 21:14:24.672242,CSI,0x4601,2,,na,"[0,",,,1,,+31.0dB,15.0us,"[0,",1,18.8,normal,0,valid,-11.5dB,-11.5dB,0.19us,-7.7Hz,,"[6,",1111,1
2025-07-30 21:14:24.673139,PHY,0x4601,1,0,na,"[0,",0,0,1,1594.3,+17.7dB,16.4us,"[0,",1,18.9,normal,0,valid,-14.4dB,-14.5dB,na,na,,,,
2025-07-30 21:14:24.676685,PHY,0x4601,2,,na,"[0,",,,11111,,+32.1dB,13.8us,"[0,",1,18.17,normal,0,valid,-11.4dB,-11.4dB,0.18us,-38.4Hz,,"[6,",,1
2025-07-30 21:14:24.677626,PHY,0x4601,1,0,na,"[0,",0,0,1,1115.1,+16.2dB,15.9us,"[0,",1,18.18,normal,0,valid,-14.4dB,-14.4dB,na,na,,,,
2025-07-30 21:14:24.678103,PHY,0x4601,1,0,na,"[0,",0,0,1,1200.8,+16.5dB,14.1us,"[0,",1,18.19,normal,0,valid,-14.4dB,-14.5dB,na,na,,,,
2025-07-30 21:14:24.682589,PHY,0x4601,1,0,na,"[0,",0,0,1,1588.5,+17.7dB,19.5us,"[0,",1,19.8,normal,0,valid,-14.5dB,-14.5dB,na,na,,,,
2025-07-30 21:14:24.683171,PHY,0x4601,1,0,na,"[0,",0,0,1,1495.3,+17.5dB,14.6us,"[0,",1,19.9,normal,0,valid,-14.4dB,-14.5dB,na,na,,,,
2025-07-30 21:14:24.686757,PHY,0x4601,2,,na,"[0,",,,11111,,+31.6dB,29.4us,"[0,",1,19.17,normal,0,valid,-11.3dB,-11.3dB,0.17us,+67.4Hz,,"[6,",,1
2025-07-30 21:14:24.687655,PHY,0x4601,1,0,na,"[0,",0,0,1,1484.0,+17.5dB,16.2us,"[0,",1,19.18,normal,0,valid,-14.4dB,-14.4dB,na,na,,,,
2025-07-30 21:14:24.688131,PHY,0x4601,1,0,na,"[0,",0,0,1,1483.5,+17.5dB,14.3us,"[0,",1,19.19,normal,0,valid,-14.4dB,-14.4dB,na,na,,,,
2025-07-30 21:14:24.692219,CSI,0x4601,2,,na,"[0,",,,1,,+31.9dB,11.6us,"[0,",1,20.8,normal,0,valid,-11.3dB,-11.3dB,0.20us,-53.4Hz,,"[6,",1111,1
2025-07-30 21:14:24.693094,PHY,0x4601,1,0,na,"[0,",0,0,1,1123.8,+16.3dB,15.9us,"[0,",1,20.9,normal,0,valid,-14.4dB,-14.5dB,na,na,,,,
2025-07-30 21:14:24.696753,PHY,0x4601,2,,na,"[0,",,,11111,,+31.4dB,15.1us,"[0,",1,20.17,normal,0,valid,-11.3dB,-11.4dB,0.19us,-25.8Hz,,"[6,",,1
2025-07-30 21:14:24.697581,PHY,0x4601,1,0,na,"[0,",0,0,1,1419.6,+17.3dB,20.0us,"[0,",1,20.18,normal,0,valid,-14.4dB,-14.5dB,na,na,,,,
2025-07-30 21:14:24.698175,PHY,0x4601,1,0,na,"[0,",0,0,1,1517.3,+17.6dB,18.6us,"[0,",1,20.19,normal,0,valid,-14.4dB,-14.5dB,na,na,,,,
2025-07-30 21:14:24.702656,PHY,0x4601,1,0,na,"[0,",0,0,1,1647.5,+17.9dB,19.7us,"[0,",1,21.8,normal,0,valid,-14.4dB,-14.5dB,na,na,,,,
2025-07-30 21:14:24.703122,PHY,0x4601,1,0,na,"[0,",0,0,1,1573.8,+17.7dB,14.1us,"[0,",1,21.9,normal,0,valid,-14.4dB,-14.6dB,na,na,,,,
2025-07-30 21:14:24.706669,PHY,0x4601,2,,na,"[0,",,,11111,,+28.2dB,15.4us,"[0,",1,21.17,normal,0,valid,-11.3dB,-11.4dB,0.18us,-5.6Hz,,"[6,",,1
2025-07-30 21:14:24.707608,PHY,0x4601,1,0,na,"[0,",0,0,1,1633.0,+17.9dB,15.2us,"[0,",1,21.18,normal,0,valid,-14.4dB,-14.5dB,na,na,,,,
2025-07-30 21:14:24.708088,PHY,0x4601,1,0,na,"[0,",0,0,1,1541.8,+17.6dB,13.6us,"[0,",1,21.19,normal,0,valid,-14.4dB,-14.5dB,na,na,,,,
2025-07-30 21:14:24.712220,CSI,0x4601,2,,na,"[0,",,,1,,+34.7dB,14.2us,"[0,",1,22.8,normal,0,valid,-11.3dB,-11.3dB,0.19us,-58.0Hz,,"[6,",1111,1
2025-07-30 21:14:24.713161,PHY,0x4601,1,0,na,"[0,",0,0,1,1465.7,+17.4dB,17.6us,"[0,",1,22.9,normal,0,valid,-14.4dB,-14.5dB,na,na,,,,
2025-07-30 21:14:24.716699,PHY,0x4601,2,,na,"[0,",,,11111,,+31.6dB,16.7us,"[0,",1,22.17,normal,0,valid,-11.4dB,-11.4dB,0.18us,+65.8Hz,,"[6,",,1
2025-07-30 21:14:24.717641,PHY,0x4601,1,0,na,"[0,",0,0,1,1061.7,+16.0dB,15.3us,"[0,",1,22.18,normal,0,valid,-14.3dB,-14.5dB,na,na,,,,
2025-07-30 21:14:24.718122,PHY,0x4601,1,0,na,"[0,",0,0,1,1213.1,+16.6dB,16.5us,"[0,",1,22.19,normal,0,valid,-14.4dB,-14.5dB,na,na,,,,
2025-07-30 21:14:24.722626,PHY,0x4601,1,0,na,"[0,",0,0,1,1549.3,+17.7dB,20.0us,"[0,",1,23.8,normal,0,valid,-14.4dB,-14.5dB,na,na,,,,
2025-07-30 21:14:24.723077,PHY,0x4601,1,0,na,"[0,",0,0,1,1483.3,+17.5dB,14.6us,"[0,",1,23.9,normal,0,valid,-14.4dB,-14.5dB,na,na,,,,
2025-07-30 21:14:24.726757,PHY,0x4601,2,,na,"[0,",,,11111,,+30.7dB,21.1us,"[0,",1,23.17,normal,0,valid,-11.4dB,-11.4dB,0.20us,+30.4Hz,,"[6,",,1
2025-07-30 21:14:24.727568,PHY,0x4601,1,0,na,"[0,",0,0,1,1250.1,+16.7dB,14.6us,"[0,",1,23.18,normal,0,valid,-14.4dB,-14.4dB,na,na,,,,
2025-07-30 21:14:24.728148,PHY,0x4601,1,0,na,"[0,",0,0,1,1088.9,+16.1dB,16.4us,"[0,",1,23.19,normal,0,valid,-14.4dB,-14.5dB,na,na,,,,
2025-07-30 21:14:24.732253,CSI,0x4601,2,,na,"[0,",,,1,,+34.7dB,12.2us,"[0,",1,24.8,normal,0,valid,-11.4dB,-11.4dB,0.19us,-93.0Hz,,"[6,",1111,1
2025-07-30 21:14:24.733118,PHY,0x4601,1,0,na,"[0,",0,0,1,1202.6,+16.5dB,16.7us,"[0,",1,24.9,normal,0,valid,-14.4dB,-14.5dB,na,na,,,,
2025-07-30 21:14:24.736652,PHY,0x4601,2,,na,"[0,",,,11111,,+35.1dB,13.7us,"[0,",1,24.17,normal,0,valid,-11.5dB,-11.5dB,0.20us,+133.5Hz,,"[6,",,1
2025-07-30 21:14:24.737599,PHY,0x4601,1,0,na,"[0,",0,0,1,1494.3,+17.5dB,15.8us,"[0,",1,24.18,normal,0,valid,-14.4dB,-14.4dB,na,na,,,,
2025-07-30 21:14:24.738077,PHY,0x4601,1,0,na,"[0,",0,0,1,1552.8,+17.7dB,16.7us,"[0,",1,24.19,normal,0,valid,-14.4dB,-14.5dB,na,na,,,,
2025-07-30 21:14:24.742672,PHY,0x4601,1,0,na,"[0,",0,0,1,1520.1,+17.5dB,17.6us,"[0,",1,25.8,normal,0,valid,-14.4dB,-14.5dB,na,na,,,,
2025-07-30 21:14:24.743139,PHY,0x4601,1,0,na,"[0,",0,0,1,1474.8,+17.4dB,14.5us,"[0,",1,25.9,normal,0,valid,-14.4dB,-14.5dB,na,na,,,,
2025-07-30 21:14:24.746712,PHY,0x4601,2,,na,"[0,",,,11111,,+32.0dB,16.1us,"[0,",1,25.17,normal,0,valid,-11.6dB,-11.7dB,0.19us,-61.6Hz,,"[6,",,1
2025-07-30 21:14:24.747630,PHY,0x4601,1,0,na,"[0,",0,0,1,1460.8,+17.4dB,15.4us,"[0,",1,25.18,normal,0,valid,-14.4dB,-14.5dB,na,na,,,,
2025-07-30 21:14:24.748108,PHY,0x4601,1,0,na,"[0,",0,0,1,1516.7,+17.5dB,15.0us,"[0,",1,25.19,normal,0,valid,-14.4dB,-14.5dB,na,na,,,,
2025-07-30 21:14:24.752249,CSI,0x4601,2,,na,"[0,",,,1,,+30.1dB,18.6us,"[0,",1,26.8,normal,0,valid,-11.4dB,-11.4dB,0.20us,+9.9Hz,,"[6,",1111,1
2025-07-30 21:14:24.753071,PHY,0x4601,1,0,na,"[0,",0,0,1,1460.5,+17.4dB,16.4us,"[0,",1,26.9,normal,0,valid,-14.4dB,-14.5dB,na,na,,,,
2025-07-30 21:14:24.756760,PHY,0x4601,2,,na,"[0,",,,11111,,+32.6dB,16.3us,"[0,",1,26.17,normal,0,valid,-11.5dB,-11.5dB,0.17us,-7.1Hz,,"[6,",,1
2025-07-30 21:14:24.757662,PHY,0x4601,1,0,na,"[0,",0,0,1,1554.7,+17.7dB,16.3us,"[0,",1,26.18,normal,0,valid,-14.4dB,-14.4dB,na,na,,,,
2025-07-30 21:14:24.758136,PHY,0x4601,1,0,na,"[0,",0,0,1,1545.1,+17.6dB,14.6us,"[0,",1,26.19,normal,0,valid,-14.4dB,-14.4dB,na,na,,,,
2025-07-30 21:14:24.762631,PHY,0x4601,1,0,na,"[0,",0,0,1,1514.9,+17.6dB,16.4us,"[0,",1,27.8,normal,0,valid,-14.4dB,-14.5dB,na,na,,,,
2025-07-30 21:14:24.763107,PHY,0x4601,1,0,na,"[0,",0,0,1,1631.0,+17.8dB,22.4us,"[0,",1,27.9,normal,0,valid,-14.4dB,-14.5dB,na,na,,,,
2025-07-30 21:14:24.766641,PHY,0x4601,2,,na,"[0,",,,11111,,+31.2dB,14.6us,"[0,",1,27.17,normal,0,valid,-11.5dB,-11.5dB,0.18us,+8.5Hz,,"[6,",,1
2025-07-30 21:14:24.767586,PHY,0x4601,1,0,na,"[0,",0,0,1,1502.2,+17.5dB,16.0us,"[0,",1,27.18,normal,0,valid,-14.4dB,-14.4dB,na,na,,,,
2025-07-30 21:14:24.768167,PHY,0x4601,1,0,na,"[0,",0,0,1,1471.9,+17.4dB,14.5us,"[0,",1,27.19,normal,0,valid,-14.4dB,-14.5dB,na,na,,,,
2025-07-30 21:14:24.772197,CSI,0x4601,2,,na,"[0,",,,1,,+34.1dB,12.8us,"[0,",1,28.8,normal,0,valid,-11.3dB,-11.3dB,0.19us,-27.1Hz,,"[6,",1111,1
2025-07-30 21:14:24.773133,PHY,0x4601,1,0,na,"[0,",0,0,1,1114.0,+16.2dB,16.1us,"[0,",1,28.9,normal,0,valid,-14.4dB,-14.5dB,na,na,,,,
2025-07-30 21:14:24.776675,PHY,0x4601,2,,na,"[0,",,,11111,,+32.4dB,14.0us,"[0,",1,28.17,normal,0,valid,-11.4dB,-11.5dB,0.17us,+34.0Hz,,"[6,",,1
2025-07-30 21:14:24.777615,PHY,0x4601,1,0,na,"[0,",0,0,1,1056.7,+15.9dB,15.5us,"[0,",1,28.18,normal,0,valid,-14.4dB,-14.5dB,na,na,,,,
2025-07-30 21:14:24.778094,PHY,0x4601,1,0,na,"[0,",0,0,1,1153.5,+16.4dB,13.7us,"[0,",1,28.19,normal,0,valid,-14.4dB,-14.5dB,na,na,,,,
2025-07-30 21:14:24.782585,PHY,0x4601,1,0,na,"[0,",0,0,1,1649.0,+17.9dB,16.7us,"[0,",1,29.8,normal,0,valid,-14.4dB,-14.5dB,na,na,,,,
2025-07-30 21:14:24.783161,PHY,0x4601,1,0,na,"[0,",0,0,1,1491.1,+17.5dB,14.4us,"[0,",1,29.9,normal,0,valid,-14.4dB,-14.5dB,na,na,,,,
2025-07-30 21:14:24.786711,PHY,0x4601,2,,na,"[0,",,,11111,,+32.5dB,17.0us,"[0,",1,29.17,normal,0,valid,-11.4dB,-11.4dB,0.18us,-60.8Hz,,"[6,",,1
2025-07-30 21:14:24.787651,PHY,0x4601,1,0,na,"[0,",0,0,1,1192.9,+16.5dB,18.7us,"[0,",1,29.18,normal,0,valid,-14.4dB,-14.5dB,na,na,,,,
2025-07-30 21:14:24.788121,PHY,0x4601,1,0,na,"[0,",0,0,1,1087.1,+16.1dB,14.7us,"[0,",1,29.19,normal,0,valid,-14.4dB,-14.5dB,na,na,,,,
2025-07-30 21:14:24.792216,CSI,0x4601,2,,na,"[0,",,,1,,+33.1dB,14.0us,"[0,",1,30.8,normal,0,valid,-11.3dB,-11.3dB,0.17us,+11.0Hz,,"[6,",1111,1
2025-07-30 21:14:24.793095,PHY,0x4601,1,0,na,"[0,",0,0,1,1239.4,+16.7dB,16.7us,"[0,",1,30.9,normal,0,valid,-14.4dB,-14.5dB,na,na,,,,
2025-07-30 21:14:24.796747,PHY,0x4601,2,,na,"[0,",,,11111,,+31.3dB,15.0us,"[0,",1,30.17,normal,0,valid,-11.5dB,-11.5dB,0.20us,-34.2Hz,,"[6,",,1
2025-07-30 21:14:24.797582,PHY,0x4601,1,0,na,"[0,",0,0,1,1174.2,+16.4dB,17.4us,"[0,",1,30.18,normal,0,valid,-14.4dB,-14.5dB,na,na,,,,
2025-07-30 21:14:24.798162,PHY,0x4601,1,0,na,"[0,",0,0,1,1115.6,+16.2dB,17.7us,"[0,",1,30.19,normal,0,valid,-14.4dB,-14.5dB,na,na,,,,
2025-07-30 21:14:24.802652,PHY,0x4601,1,0,na,"[0,",0,0,1,1505.7,+17.5dB,20.0us,"[0,",1,31.8,normal,0,valid,-14.4dB,-14.5dB,na,na,,,,
2025-07-30 21:14:24.803116,PHY,0x4601,1,0,na,"[0,",0,0,1,1613.8,+17.8dB,14.4us,"[0,",1,31.9,normal,0,valid,-14.4dB,-14.5dB,na,na,,,,
2025-07-30 21:14:24.806660,PHY,0x4601,2,,na,"[0,",,,11111,,+30.0dB,14.4us,"[0,",1,31.17,normal,0,valid,-11.5dB,-11.5dB,0.19us,-2.1Hz,,"[6,",,1
2025-07-30 21:14:24.807613,PHY,0x4601,1,0,na,"[0,",0,0,1,1123.3,+16.3dB,15.6us,"[0,",1,31.18,normal,0,valid,-14.4dB,-14.5dB,na,na,,,,
2025-07-30 21:14:24.808079,PHY,0x4601,1,0,na,"[0,",0,0,1,1118.1,+16.2dB,14.3us,"[0,",1,31.19,normal,0,valid,-14.4dB,-14.5dB,na,na,,,,
2025-07-30 21:14:24.812283,CSI,0x4601,2,,na,"[0,",,,1,,+33.7dB,14.5us,"[0,",1,32.8,normal,0,valid,-11.4dB,-11.4dB,0.21us,-68.3Hz,,"[6,",1111,1
2025-07-30 21:14:24.813148,PHY,0x4601,1,0,na,"[0,",0,0,1,1118.9,+16.2dB,15.6us,"[0,",1,32.9,normal,0,valid,-14.4dB,-14.5dB,na,na,,,,
2025-07-30 21:14:24.816701,PHY,0x4601,2,,na,"[0,",,,11111,,+32.6dB,14.1us,"[0,",1,32.17,normal,0,valid,-11.4dB,-11.4dB,0.16us,-22.0Hz,,"[6,",,1
2025-07-30 21:14:24.817637,PHY,0x4601,1,0,na,"[0,",0,0,1,1470.7,+17.4dB,16.6us,"[0,",1,32.18,normal,0,valid,-14.4dB,-14.4dB,na,na,,,,
2025-07-30 21:14:24.818108,PHY,0x4601,1,0,na,"[0,",0,0,1,1509.3,+17.5dB,13.6us,"[0,",1,32.19,normal,0,valid,-14.4dB,-14.5dB,na,na,,,,
2025-07-30 21:14:24.822909,PHY,0x4601,1,0,na,"[0,",0,0,1,1529.4,+17.6dB,19.2us,"[0,",1,33.8,normal,0,valid,-14.4dB,-14.5dB,na,na,,,,
2025-07-30 21:14:24.823103,PHY,0x4601,1,0,na,"[0,",0,0,1,1491.1,+17.4dB,14.7us,"[0,",1,33.9,normal,0,valid,-14.4dB,-14.5dB,na,na,,,,
2025-07-30 21:14:24.826782,PHY,0x4601,2,,na,"[0,",,,11111,,+28.8dB,25.7us,"[0,",1,33.17,normal,0,valid,-11.4dB,-11.4dB,0.17us,-64.9Hz,,"[6,",,1
2025-07-30 21:14:24.827668,PHY,0x4601,1,0,na,"[0,",0,0,1,1176.7,+16.4dB,16.6us,"[0,",1,33.18,normal,0,valid,-14.4dB,-14.5dB,na,na,,,,
2025-07-30 21:14:24.828143,PHY,0x4601,1,0,na,"[0,",0,0,1,1079.7,+16.1dB,14.1us,"[0,",1,33.19,normal,0,valid,-14.4dB,-14.5dB,na,na,,,,
2025-07-30 21:14:24.832238,CSI,0x4601,2,,na,"[0,",,,1,,+31.8dB,14.0us,"[0,",1,34.8,normal,0,valid,-11.4dB,-11.4dB,0.20us,-66.0Hz,,"[6,",1111,1
2025-07-30 21:14:24.833107,PHY,0x4601,1,0,na,"[0,",0,0,1,1546.7,+17.7dB,16.3us,"[0,",1,34.9,normal,0,valid,-14.4dB,-14.5dB,na,na,,,,
2025-07-30 21:14:24.836649,PHY,0x4601,2,,na,"[0,",,,11111,,+34.0dB,14.1us,"[0,",1,34.17,normal,0,valid,-11.6dB,-11.6dB,0.19us,-77.6Hz,,"[6,",,1
2025-07-30 21:14:24.837591,PHY,0x4601,1,0,na,"[0,",0,0,1,1152.9,+16.4dB,16.1us,"[0,",1,34.18,normal,0,valid,-14.4dB,-14.5dB,na,na,,,,
2025-07-30 21:14:24.838076,PHY,0x4601,1,0,na,"[0,",0,0,1,1125.6,+16.2dB,18.0us,"[0,",1,34.19,normal,0,valid,-14.4dB,-14.5dB,na,na,,,,
2025-07-30 21:14:24.842673,PHY,0x4601,1,0,na,"[0,",0,0,1,1661.3,+17.9dB,23.1us,"[0,",1,35.8,normal,0,valid,-14.4dB,-14.5dB,na,na,,,,
2025-07-30 21:14:24.843138,PHY,0x4601,1,0,na,"[0,",0,0,1,1425.2,+17.3dB,15.7us,"[0,",1,35.9,normal,0,valid,-14.4dB,-14.5dB,na,na,,,,
2025-07-30 21:14:24.846683,PHY,0x4601,2,,na,"[0,",,,11111,,+33.5dB,18.2us,"[0,",1,35.17,normal,0,valid,-11.4dB,-11.5dB,0.17us,+14.0Hz,,"[6,",,1
2025-07-30 21:14:24.847625,PHY,0x4601,1,0,na,"[0,",0,0,1,1612.6,+17.8dB,18.3us,"[0,",1,35.18,normal,0,valid,-14.4dB,-14.4dB,na,na,,,,
2025-07-30 21:14:24.848107,PHY,0x4601,1,0,na,"[0,",0,0,1,1370.5,+17.1dB,15.8us,"[0,",1,35.19,normal,0,valid,-14.4dB,-14.5dB,na,na,,,,
2025-07-30 21:14:24.852231,CSI,0x4601,2,,na,"[0,",,,1,,+31.0dB,16.4us,"[0,",1,36.8,normal,0,valid,-11.4dB,-11.4dB,0.20us,-15.7Hz,,"[6,",1111,1
2025-07-30 21:14:24.853171,PHY,0x4601,1,0,na,"[0,",0,0,1,1445.3,+17.3dB,16.1us,"[0,",1,36.9,normal,0,valid,-14.4dB,-14.5dB,na,na,,,,
2025-07-30 21:14:24.856724,PHY,0x4601,2,,na,"[0,",,,11111,,+30.9dB,16.2us,"[0,",1,36.17,normal,0,valid,-11.4dB,-11.4dB,0.19us,+15.6Hz,,"[6,",,1
2025-07-30 21:14:24.857661,PHY,0x4601,1,0,na,"[0,",0,0,1,1543.9,+17.7dB,23.5us,"[0,",1,36.18,normal,0,valid,-14.4dB,-14.4dB,na,na,,,,
2025-07-30 21:14:24.858127,PHY,0x4601,1,0,na,"[0,",0,0,1,1556.9,+17.7dB,14.7us,"[0,",1,36.19,normal,0,valid,-14.4dB,-14.4dB,na,na,,,,
2025-07-30 21:14:24.862632,PHY,0x4601,1,0,na,"[0,",0,0,1,1490.2,+17.5dB,16.5us,"[0,",1,37.8,normal,0,valid,-14.4dB,-14.5dB,na,na,,,,
2025-07-30 21:14:24.863096,PHY,0x4601,1,0,na,"[0,",0,0,1,1479.1,+17.5dB,20.9us,"[0,",1,37.9,normal,0,valid,-14.4dB,-14.5dB,na,na,,,,
2025-07-30 21:14:24.866750,PHY,0x4601,2,,na,"[0,",,,11111,,+34.8dB,15.1us,"[0,",1,37.17,normal,0,valid,-11.5dB,-11.5dB,0.20us,-47.6Hz,,"[6,",,1
2025-07-30 21:14:24.867578,PHY,0x4601,1,0,na,"[0,",0,0,1,1553.0,+17.6dB,15.8us,"[0,",1,37.18,normal,0,valid,-14.4dB,-14.5dB,na,na,,,,
2025-07-30 21:14:24.868167,PHY,0x4601,1,0,na,"[0,",0,0,1,1527.4,+17.6dB,14.7us,"[0,",1,37.19,normal,0,valid,-14.4dB,-14.4dB,na,na,,,,
2025-07-30 21:14:24.872191,CSI,0x4601,2,,na,"[0,",,,1,,+31.9dB,15.9us,"[0,",1,38.8,normal,0,valid,-11.4dB,-11.4dB,0.17us,-103.1Hz,,"[6,",1111,1
2025-07-30 21:14:24.873132,PHY,0x4601,1,0,na,"[0,",0,0,1,1204.5,+16.6dB,22.0us,"[0,",1,38.9,normal,0,valid,-14.4dB,-14.5dB,na,na,,,,
2025-07-30 21:14:24.876672,PHY,0x4601,2,,na,"[0,",,,11111,,+32.9dB,14.2us,"[0,",1,38.17,normal,0,valid,-11.5dB,-11.5dB,0.20us,+49.9Hz,,"[6,",,1
2025-07-30 21:14:24.877610,PHY,0x4601,1,0,na,"[0,",0,0,1,1159.0,+16.4dB,16.4us,"[0,",1,38.18,normal,0,valid,-14.4dB,-14.5dB,na,na,,,,
2025-07-30 21:14:24.878088,PHY,0x4601,1,0,na,"[0,",0,0,1,1136.4,+16.3dB,14.4us,"[0,",1,38.19,normal,0,valid,-14.4dB,-14.5dB,na,na,,,,
2025-07-30 21:14:24.882912,PHY,0x4601,1,0,na,"[0,",0,0,1,1579.6,+17.7dB,17.1us,"[0,",1,39.8,normal,0,valid,-14.4dB,-14.5dB,na,na,,,,
2025-07-30 21:14:24.883196,PHY,0x4601,1,0,na,"[0,",0,0,1,1488.2,+17.5dB,20.9us,"[0,",1,39.9,normal,0,valid,-14.5dB,-14.5dB,na,na,,,,
2025-07-30 21:14:24.886707,PHY,0x4601,2,,na,"[0,",,,11111,,+31.3dB,15.2us,"[0,",1,39.17,normal,0,valid,-11.5dB,-11.5dB,0.18us,-53.5Hz,,"[6,",,1
2025-07-30 21:14:24.887643,PHY,0x4601,1,0,na,"[0,",0,0,1,1115.7,+16.2dB,16.4us,"[0,",1,39.18,normal,0,valid,-14.4dB,-14.5dB,na,na,,,,
2025-07-30 21:14:24.888119,PHY,0x4601,1,0,na,"[0,",0,0,1,1102.1,+16.1dB,17.0us,"[0,",1,39.19,normal,0,valid,-14.4dB,-14.5dB,na,na,,,,
2025-07-30 21:14:24.892248,CSI,0x4601,2,,na,"[0,",,,1,,+32.3dB,15.9us,"[0,",1,40.8,normal,0,valid,-11.3dB,-11.4dB,0.17us,-68.2Hz,,"[6,",1111,1
2025-07-30 21:14:24.893079,PHY,0x4601,1,0,na,"[0,",0,0,1,1449.5,+17.4dB,17.8us,"[0,",1,40.9,normal,0,valid,-14.4dB,-14.5dB,na,na,,,,
2025-07-30 21:14:24.896753,PHY,0x4601,2,,na,"[0,",,,11111,,+33.3dB,28.7us,"[0,",1,40.17,normal,0,valid,-11.4dB,-11.4dB,0.17us,-15.0Hz,,"[6,",,1
2025-07-30 21:14:24.897566,PHY,0x4601,1,0,na,"[0,",0,0,1,1192.1,+16.5dB,16.7us,"[0,",1,40.18,normal,0,valid,-14.4dB,-14.5dB,na,na,,,,
2025-07-30 21:14:24.898148,PHY,0x4601,1,0,na,"[0,",0,0,1,1129.0,+16.3dB,16.2us,"[0,",1,40.19,normal,0,valid,-14.4dB,-14.5dB,na,na,,,,
2025-07-30 21:14:24.902640,PHY,0x4601,1,0,na,"[0,",0,0,1,1571.6,+17.7dB,17.4us,"[0,",1,41.8,normal,0,valid,-14.4dB,-14.5dB,na,na,,,,
2025-07-30 21:14:24.903123,PHY,0x4601,1,0,na,"[0,",0,0,1,1503.7,+17.5dB,16.0us,"[0,",1,41.9,normal,0,valid,-14.4dB,-14.5dB,na,na,,,,
2025-07-30 21:14:24.906669,PHY,0x4601,2,,na,"[0,",,,11111,,+30.0dB,16.6us,"[0,",1,41.17,normal,0,valid,-11.4dB,-11.4dB,0.19us,+64.7Hz,,"[6,",,1
2025-07-30 21:14:24.907601,PHY,0x4601,1,0,na,"[0,",0,0,1,1116.2,+16.2dB,15.8us,"[0,",1,41.18,normal,0,valid,-14.4dB,-14.5dB,na,na,,,,
2025-07-30 21:14:24.908078,PHY,0x4601,1,0,na,"[0,",0,0,1,1171.5,+16.5dB,18.5us,"[0,",1,41.19,normal,0,valid,-14.4dB,-14.4dB,na,na,,,,
2025-07-30 21:14:24.912209,CSI,0x4601,2,,na,"[0,",,,1,,+33.2dB,14.0us,"[0,",1,42.8,normal,0,valid,-11.3dB,-11.3dB,0.18us,+50.8Hz,,"[6,",1111,1
2025-07-30 21:14:24.913143,PHY,0x4601,1,0,na,"[0,",0,0,1,1116.2,+16.2dB,15.6us,"[0,",1,42.9,normal,0,valid,-14.4dB,-14.5dB,na,na,,,,
2025-07-30 21:14:24.916695,PHY,0x4601,2,,na,"[0,",,,11111,,+31.8dB,15.7us,"[0,",1,42.17,normal,0,valid,-11.4dB,-11.5dB,0.20us,-53.0Hz,,"[6,",,1
2025-07-30 21:14:24.917630,PHY,0x4601,1,0,na,"[0,",0,0,1,1635.1,+17.9dB,15.7us,"[0,",1,42.18,normal,0,valid,-14.4dB,-14.5dB,na,na,,,,
2025-07-30 21:14:24.918113,PHY,0x4601,1,0,na,"[0,",0,0,1,1475.4,+17.4dB,17.6us,"[0,",1,42.19,normal,0,valid,-14.4dB,-14.5dB,na,na,,,,
2025-07-30 21:14:24.922598,PHY,0x4601,1,0,na,"[0,",0,0,1,1434.6,+17.3dB,17.3us,"[0,",1,43.8,normal,0,valid,-14.4dB,-14.5dB,na,na,,,,
2025-07-30 21:14:24.923065,PHY,0x4601,1,0,na,"[0,",0,0,1,1574.2,+17.7dB,14.7us,"[0,",1,43.9,normal,0,valid,-14.4dB,-14.5dB,na,na,,,,
2025-07-30 21:14:24.926728,PHY,0x4601,2,,na,"[0,",,,11111,,+33.0dB,18.9us,"[0,",1,43.17,normal,0,valid,-11.5dB,-11.5dB,0.18us,-55.8Hz,,"[6,",,1
2025-07-30 21:14:24.927662,PHY,0x4601,1,0,na,"[0,",0,0,1,1509.8,+17.5dB,16.0us,"[0,",1,43.18,normal,0,valid,-14.4dB,-14.5dB,na,na,,,,
2025-07-30 21:14:24.928138,PHY,0x4601,1,0,na,"[0,",0,0,1,1457.4,+17.4dB,15.9us,"[0,",1,43.19,normal,0,valid,-14.4dB,-14.4dB,na,na,,,,
2025-07-30 21:14:24.932221,CSI,0x4601,2,,na,"[0,",,,1,,+33.7dB,11.3us,"[0,",1,44.8,normal,0,valid,-11.4dB,-11.4dB,0.19us,-28.3Hz,,"[6,",1111,1
2025-07-30 21:14:24.933102,PHY,0x4601,1,0,na,"[0,",0,0,1,1083.7,+16.1dB,16.5us,"[0,",1,44.9,normal,0,valid,-14.4dB,-14.5dB,na,na,,,,
2025-07-30 21:14:24.936638,PHY,0x4601,2,,na,"[0,",,,11111,,+32.2dB,13.9us,"[0,",1,44.17,normal,0,valid,-11.4dB,-11.4dB,0.18us,+25.2Hz,,"[6,",,1
2025-07-30 21:14:24.937585,PHY,0x4601,1,0,na,"[0,",0,0,1,1480.9,+17.4dB,16.6us,"[0,",1,44.18,normal,0,valid,-14.4dB,-14.5dB,na,na,,,,
2025-07-30 21:14:24.938173,PHY,0x4601,1,0,na,"[0,",0,0,1,1613.5,+17.8dB,16.7us,"[0,",1,44.19,normal,0,valid,-14.4dB,-14.5dB,na,na,,,,
2025-07-30 21:14:24.942666,PHY,0x4601,1,0,na,"[0,",0,0,1,1600.4,+17.8dB,18.3us,"[0,",1,45.8,normal,0,valid,-14.4dB,-14.5dB,na,na,,,,
2025-07-30 21:14:24.943131,PHY,0x4601,1,0,na,"[0,",0,0,1,1619.0,+17.8dB,14.8us,"[0,",1,45.9,normal,0,valid,-14.5dB,-14.5dB,na,na,,,,
2025-07-30 21:14:24.946676,PHY,0x4601,2,,na,"[0,",,,11111,,+28.9dB,14.4us,"[0,",1,45.17,normal,0,valid,-11.4dB,-11.4dB,0.19us,+63.9Hz,,"[6,",,1
2025-07-30 21:14:24.947617,PHY,0x4601,1,0,na,"[0,",0,0,1,1439.3,+17.3dB,16.3us,"[0,",1,45.18,normal,0,valid,-14.4dB,-14.5dB,na,na,,,,
2025-07-30 21:14:24.948095,PHY,0x4601,1,0,na,"[0,",0,0,1,1456.8,+17.3dB,14.0us,"[0,",1,45.19,normal,0,valid,-14.4dB,-14.5dB,na,na,,,,
2025-07-30 21:14:24.952219,CSI,0x4601,2,,na,"[0,",,,1,,+31.9dB,12.3us,"[0,",1,46.8,normal,0,valid,-11.3dB,-11.4dB,0.17us,-134.5Hz,,"[6,",1111,1
2025-07-30 21:14:24.953162,PHY,0x4601,1,0,na,"[0,",0,0,1,1148.1,+16.3dB,16.4us,"[0,",1,46.9,normal,0,valid,-14.4dB,-14.5dB,na,na,,,,
2025-07-30 21:14:24.956743,PHY,0x4601,2,,na,"[0,",,,11111,,+33.2dB,15.2us,"[0,",1,46.17,normal,0,valid,-11.4dB,-11.5dB,0.20us,-8.9Hz,,"[6,",,1
2025-07-30 21:14:24.957649,PHY,0x4601,1,0,na,"[0,",0,0,1,1053.1,+16.0dB,17.2us,"[0,",1,46.18,normal,0,valid,-14.4dB,-14.5dB,na,na,,,,
2025-07-30 21:14:24.958121,PHY,0x4601,1,0,na,"[0,",0,0,1,1051.3,+16.0dB,14.6us,"[0,",1,46.19,normal,0,valid,-14.4dB,-14.5dB,na,na,,,,
2025-07-30 21:14:24.962617,PHY,0x4601,1,0,na,"[0,",0,0,1,1479.2,+17.5dB,20.2us,"[0,",1,47.8,normal,0,valid,-14.4dB,-14.5dB,na,na,,,,
2025-07-30 21:14:24.963089,PHY,0x4601,1,0,na,"[0,",0,0,1,1472.3,+17.4dB,19.1us,"[0,",1,47.9,normal,0,valid,-14.5dB,-14.6dB,na,na,,,,
2025-07-30 21:14:24.966754,PHY,0x4601,2,,na,"[0,",,,11111,,+30.9dB,18.6us,"[0,",1,47.17,normal,0,valid,-11.4dB,-11.4dB,0.16us,+107.8Hz,,"[6,",,1
2025-07-30 21:14:24.967569,PHY,0x4601,1,0,na,"[0,",0,0,1,1451.4,+17.3dB,16.0us,"[0,",1,47.18,normal,0,valid,-14.4dB,-14.5dB,na,na,,,,
2025-07-30 21:14:24.968157,PHY,0x4601,1,0,na,"[0,",0,0,1,1490.9,+17.4dB,14.7us,"[0,",1,47.19,normal,0,valid,-14.4dB,-14.5dB,na,na,,,,
2025-07-30 21:14:24.972253,CSI,0x4601,2,,na,"[0,",,,1,,+30.7dB,21.9us,"[0,",1,48.8,normal,0,valid,-11.4dB,-11.4dB,0.20us,-104.2Hz,,"[6,",1111,1
2025-07-30 21:14:24.973118,PHY,0x4601,1,0,na,"[0,",0,0,1,1519.1,+17.5dB,16.6us,"[0,",1,48.9,normal,0,valid,-14.4dB,-14.5dB,na,na,,,,
2025-07-30 21:14:24.976659,PHY,0x4601,2,,na,"[0,",,,11111,,+35.5dB,13.6us,"[0,",1,48.17,normal,0,valid,-11.4dB,-11.5dB,0.19us,-85.5Hz,,"[6,",,1
2025-07-30 21:14:24.977614,PHY,0x4601,1,0,na,"[0,",0,0,1,1070.3,+16.0dB,16.2us,"[0,",1,48.18,normal,0,valid,-14.4dB,-14.5dB,na,na,,,,
2025-07-30 21:14:24.978090,PHY,0x4601,1,0,na,"[0,",0,0,1,1084.2,+16.1dB,13.9us,"[0,",1,48.19,normal,0,valid,-14.4dB,-14.5dB,na,na,,,,
2025-07-30 21:14:24.982578,PHY,0x4601,1,0,na,"[0,",0,0,1,1561.8,+17.7dB,16.2us,"[0,",1,49.8,normal,0,valid,-14.4dB,-14.5dB,na,na,,,,
2025-07-30 21:14:24.983148,PHY,0x4601,1,0,na,"[0,",0,0,1,1415.6,+17.2dB,14.9us,"[0,",1,49.9,normal,0,valid,-14.4dB,-14.5dB,na,na,,,,
2025-07-30 21:14:24.986712,PHY,0x4601,2,,na,"[0,",,,11111,,+33.2dB,14.6us,"[0,",1,49.17,normal,0,valid,-11.3dB,-11.3dB,0.18us,+1.8Hz,,"[6,",,1
2025-07-30 21:14:24.987637,PHY,0x4601,1,0,na,"[0,",0,0,1,1499.4,+17.5dB,16.0us,"[0,",1,49.18,normal,0,valid,-14.4dB,-14.4dB,na,na,,,,
2025-07-30 21:14:24.988108,PHY,0x4601,1,0,na,"[0,",0,0,1,1514.5,+17.5dB,15.7us,"[0,",1,49.19,normal,0,valid,-14.4dB,-14.4dB,na,na,,,,
2025-07-30 21:14:24.992250,CSI,0x4601,2,,na,"[0,",,,1,,+30.9dB,12.1us,"[0,",1,50.8,normal,0,valid,-11.4dB,-11.4dB,0.19us,-85.4Hz,,"[6,",1111,1
2025-07-30 21:14:24.993069,PHY,0x4601,1,0,na,"[0,",0,0,1,1437.7,+17.3dB,15.2us,"[0,",1,50.9,normal,0,valid,-14.4dB,-14.5dB,na,na,,,,
2025-07-30 21:14:24.996745,PHY,0x4601,2,,na,"[0,",,,11111,,+28.1dB,14.1us,"[0,",1,50.17,normal,0,valid,-11.6dB,-11.6dB,0.18us,+17.8Hz,,"[6,",,1
2025-07-30 21:14:24.997674,PHY,0x4601,1,0,na,"[0,",0,0,1,1162.2,+16.4dB,20.4us,"[0,",1,50.18,normal,0,valid,-14.4dB,-14.5dB,na,na,,,,
2025-07-30 21:14:24.998146,PHY,0x4601,1,0,na,"[0,",0,0,1,1182.0,+16.4dB,13.9us,"[0,",1,50.19,normal,0,valid,-14.4dB,-14.5dB,na,na,,,,
2025-07-30 21:14:25.002645,PHY,0x4601,1,0,na,"[0,",0,0,1,1459.7,+17.4dB,16.9us,"[0,",1,51.8,normal,0,valid,-14.4dB,-14.5dB,na,na,,,,
2025-07-30 21:14:25.003111,PHY,0x4601,1,0,na,"[0,",0,0,1,1572.8,+17.7dB,14.8us,"[0,",1,51.9,normal,0,valid,-14.4dB,-14.5dB,na,na,,,,
2025-07-30 21:14:25.006650,PHY,0x4601,2,,na,"[0,",,,11111,,+32.0dB,16.7us,"[0,",1,51.17,normal,0,valid,-11.3dB,-11.3dB,0.18us,+165.1Hz,,"[6,",,1
2025-07-30 21:14:25.007602,PHY,0x4601,1,0,na,"[0,",0,0,1,1470.4,+17.4dB,22.0us,"[0,",1,51.18,normal,0,valid,-14.3dB,-14.4dB,na,na,,,,
2025-07-30 21:14:25.008073,PHY,0x4601,1,0,na,"[0,",0,0,1,1551.0,+17.7dB,15.0us,"[0,",1,51.19,normal,0,valid,-14.4dB,-14.4dB,na,na,,,,
2025-07-30 21:14:25.012209,CSI,0x4601,2,,na,"[0,",,,1,,+35.6dB,16.4us,"[0,",1,52.8,normal,0,valid,-11.3dB,-11.4dB,0.19us,-144.1Hz,,"[6,",1111,1
2025-07-30 21:14:25.013138,PHY,0x4601,1,0,na,"[0,",0,0,1,1487.1,+17.5dB,16.4us,"[0,",1,52.9,normal,0,valid,-14.4dB,-14.5dB,na,na,,,,
2025-07-30 21:14:25.016690,PHY,0x4601,2,,na,"[0,",,,11111,,+30.2dB,17.1us,"[0,",1,52.17,normal,0,valid,-11.5dB,-11.5dB,0.19us,+0.9Hz,,"[6,",,1
2025-07-30 21:14:25.017625,PHY,0x4601,1,0,na,"[0,",0,0,1,1431.9,+17.3dB,16.5us,"[0,",1,52.18,normal,0,valid,-14.3dB,-14.4dB,na,na,,,,
2025-07-30 21:14:25.018114,PHY,0x4601,1,0,na,"[0,",0,0,1,1472.9,+17.4dB,19.3us,"[0,",1,52.19,normal,0,valid,-14.4dB,-14.4dB,na,na,,,,
2025-07-30 21:14:25.022587,PHY,0x4601,1,0,na,"[0,",0,0,1,1483.8,+17.4dB,16.0us,"[0,",1,53.8,normal,0,valid,-14.4dB,-14.5dB,na,na,,,,
2025-07-30 21:14:25.023178,PHY,0x4601,1,0,na,"[0,",0,0,1,1484.6,+17.5dB,14.7us,"[0,",1,53.9,normal,0,valid,-14.5dB,-14.5dB,na,na,,,,
2025-07-30 21:14:25.026720,PHY,0x4601,2,,na,"[0,",,,11111,,+32.1dB,14.7us,"[0,",1,53.17,normal,0,valid,-11.4dB,-11.4dB,0.18us,-19.0Hz,,"[6,",,1
2025-07-30 21:14:25.027656,PHY,0x4601,1,0,na,"[0,",0,0,1,1145.5,+16.3dB,18.2us,"[0,",1,53.18,normal,0,valid,-14.3dB,-14.4dB,na,na,,,,
2025-07-30 21:14:25.028131,PHY,0x4601,1,0,na,"[0,",0,0,1,1098.2,+16.1dB,14.6us,"[0,",1,53.19,normal,0,valid,-14.4dB,-14.5dB,na,na,,,,
2025-07-30 21:14:25.032219,CSI,0x4601,2,,na,"[0,",,,1,,+30.1dB,12.8us,"[0,",1,54.8,normal,0,valid,-11.3dB,-11.4dB,0.20us,+27.2Hz,,"[6,",1111,1
2025-07-30 21:14:25.033094,PHY,0x4601,1,0,na,"[0,",0,0,1,1154.8,+16.3dB,16.7us,"[0,",1,54.9,normal,0,valid,-14.4dB,-14.5dB,na,na,,,,
2025-07-30 21:14:25.036748,PHY,0x4601,2,,na,"[0,",,,11111,,+31.1dB,14.2us,"[0,",1,54.17,normal,0,valid,-11.5dB,-11.5dB,0.18us,-41.6Hz,,"[6,",,1
2025-07-30 21:14:25.037586,PHY,0x4601,1,0,na,"[0,",0,0,1,1047.8,+15.9dB,16.2us,"[0,",1,54.18,normal,0,valid,-14.4dB,-14.5dB,na,na,,,,
2025-07-30 21:14:25.038165,PHY,0x4601,1,0,na,"[0,",0,0,1,1117.1,+16.2dB,16.3us,"[0,",1,54.19,normal,0,valid,-14.4dB,-14.5dB,na,na,,,,
2025-07-30 21:14:25.042662,PHY,0x4601,1,0,na,"[0,",0,0,1,1481.1,+17.4dB,16.0us,"[0,",1,55.8,normal,0,valid,-14.4dB,-14.5dB,na,na,,,,
2025-07-30 21:14:25.043125,PHY,0x4601,1,0,na,"[0,",0,0,1,1477.7,+17.4dB,14.6us,"[0,",1,55.9,normal,0,valid,-14.4dB,-14.5dB,na,na,,,,
2025-07-30 21:14:25.046676,PHY,0x4601,2,,na,"[0,",,,11111,,+30.4dB,21.5us,"[0,",1,55.17,normal,0,valid,-11.5dB,-11.5dB,0.19us,-59.5Hz,,"[6,",,1
2025-07-30 21:14:25.047607,PHY,0x4601,1,0,na,"[0,",0,0,1,1624.1,+17.8dB,15.7us,"[0,",1,55.18,normal,0,valid,-14.4dB,-14.5dB,na,na,,,,
2025-07-30 21:14:25.048083,PHY,0x4601,1,0,na,"[0,",0,0,1,1439.8,+17.3dB,14.2us,"[0,",1,55.19,normal,0,valid,-14.4dB,-14.4dB,na,na,,,,
2025-07-30 21:14:25.052211,CSI,0x4601,2,,na,"[0,",,,1,,+29.5dB,12.6us,"[0,",1,56.8,normal,0,valid,-11.5dB,-11.5dB,0.20us,-86.6Hz,,"[6,",1111,1
2025-07-30 21:14:25.053157,PHY,0x4601,1,0,na,"[0,",0,0,1,1107.9,+16.2dB,18.2us,"[0,",1,56.9,normal,0,valid,-14.4dB,-14.5dB,na,na,,,,
2025-07-30 21:14:25.056730,PHY,0x4601,2,,na,"[0,",,,11111,,+30.0dB,14.0us,"[0,",1,56.17,normal,0,valid,-11.3dB,-11.4dB,0.18us,-79.2Hz,,"[6,",,1
2025-07-30 21:14:25.057645,PHY,0x4601,1,0,na,"[0,",0,0,1,1099.9,+16.2dB,18.1us,"[0,",1,56.18,normal,0,valid,-14.4dB,-14.5dB,na,na,,,,
2025-07-30 21:14:25.058123,PHY,0x4601,1,0,na,"[0,",0,0,1,1109.5,+16.2dB,13.9us,"[0,",1,56.19,normal,0,valid,-14.4dB,-14.5dB,na,na,,,,
2025-07-30 21:14:25.062608,PHY,0x4601,1,0,na,"[0,",0,0,1,1493.6,+17.5dB,16.1us,"[0,",1,57.8,normal,0,valid,-14.5dB,-14.5dB,na,na,,,,
2025-07-30 21:14:25.063076,PHY,0x4601,1,0,na,"[0,",0,0,1,1460.7,+17.4dB,14.8us,"[0,",1,57.9,normal,0,valid,-14.4dB,-14.5dB,na,na,,,,
2025-07-30 21:14:25.066754,PHY,0x4601,2,,na,"[0,",,,11111,,+31.3dB,15.2us,"[0,",1,57.17,normal,0,valid,-11.5dB,-11.5dB,0.19us,-5.2Hz,,"[6,",,1
2025-07-30 21:14:25.067572,PHY,0x4601,1,0,na,"[0,",0,0,1,1113.5,+16.2dB,16.2us,"[0,",1,57.18,normal,0,valid,-14.4dB,-14.5dB,na,na,,,,
2025-07-30 21:14:25.068149,PHY,0x4601,1,0,na,"[0,",0,0,1,1181.7,+16.5dB,14.4us,"[0,",1,57.19,normal,0,valid,-14.3dB,-14.4dB,na,na,,,,
2025-07-30 21:14:25.072258,CSI,0x4601,2,,na,"[0,",,,1,,+29.1dB,15.1us,"[0,",1,58.8,normal,0,valid,-11.3dB,-11.3dB,0.19us,+223.2Hz,,"[6,",1111,1
2025-07-30 21:14:25.073113,PHY,0x4601,1,0,na,"[0,",0,0,1,1486.2,+17.4dB,15.5us,"[0,",1,58.9,normal,0,valid,-14.4dB,-14.5dB,na,na,,,,
2025-07-30 21:14:25.076665,PHY,0x4601,2,,na,"[0,",,,11111,,+31.1dB,15.0us,"[0,",1,58.17,normal,0,valid,-11.4dB,-11.5dB,0.18us,-113.2Hz,,"[6,",,1
2025-07-30 21:14:25.077602,PHY,0x4601,1,0,na,"[0,",0,0,1,1525.9,+17.6dB,16.3us,"[0,",1,58.18,normal,0,valid,-14.3dB,-14.4dB,na,na,,,,
2025-07-30 21:14:25.078077,PHY,0x4601,1,0,na,"[0,",0,0,1,1531.4,+17.6dB,19.8us,"[0,",1,58.19,normal,0,valid,-14.4dB,-14.5dB,na,na,,,,
2025-07-30 21:14:25.082698,PHY,0x4601,1,0,na,"[0,",0,0,1,1550.4,+17.7dB,30.2us,"[0,",1,59.8,normal,0,valid,-14.4dB,-14.4dB,na,na,,,,
2025-07-30 21:14:25.083145,PHY,0x4601,1,0,na,"[0,",0,0,1,1472.8,+17.4dB,14.1us,"[0,",1,59.9,normal,0,valid,-14.4dB,-14.5dB,na,na,,,,
2025-07-30 21:14:25.086698,PHY,0x4601,2,,na,"[0,",,,11111,,+29.9dB,14.2us,"[0,",1,59.17,normal,0,valid,-11.5dB,-11.5dB,0.17us,+139.0Hz,,"[6,",,1
2025-07-30 21:14:25.087629,PHY,0x4601,1,0,na,"[0,",0,0,1,1569.6,+17.7dB,15.9us,"[0,",1,59.18,normal,0,valid,-14.4dB,-14.5dB,na,na,,,,
2025-07-30 21:14:25.088120,PHY,0x4601,1,0,na,"[0,",0,0,1,1467.2,+17.4dB,14.8us,"[0,",1,59.19,normal,0,valid,-14.4dB,-14.5dB,na,na,,,,
2025-07-30 21:14:25.092253,CSI,0x4601,2,,na,"[0,",,,1,,+33.0dB,15.9us,"[0,",1,60.8,normal,0,valid,-11.4dB,-11.4dB,0.21us,-23.4Hz,,"[6,",1111,1
2025-07-30 21:14:25.093075,PHY,0x4601,1,0,na,"[0,",0,0,1,1421.4,+17.3dB,17.8us,"[0,",1,60.9,normal,0,valid,-14.4dB,-14.5dB,na,na,,,,
2025-07-30 21:14:25.096734,PHY,0x4601,2,,na,"[0,",,,11111,,+30.1dB,14.8us,"[0,",1,60.17,normal,0,valid,-11.4dB,-11.5dB,0.19us,-27.7Hz,,"[6,",,1
2025-07-30 21:14:25.097662,PHY,0x4601,1,0,na,"[0,",0,0,1,1517.7,+17.5dB,16.6us,"[0,",1,60.18,normal,0,valid,-14.4dB,-14.5dB,na,na,,,,
2025-07-30 21:14:25.098143,PHY,0x4601,1,0,na,"[0,",0,0,1,1435.3,+17.3dB,14.4us,"[0,",1,60.19,normal,0,valid,-14.4dB,-14.4dB,na,na,,,,
2025-07-30 21:14:25.102629,PHY,0x4601,1,0,na,"[0,",0,0,1,1536.0,+17.6dB,17.3us,"[0,",1,61.8,normal,0,valid,-14.4dB,-14.5dB,na,na,,,,
2025-07-30 21:14:25.103098,PHY,0x4601,1,0,na,"[0,",0,0,1,1529.8,+17.6dB,15.0us,"[0,",1,61.9,normal,0,valid,-14.4dB,-14.5dB,na,na,,,,
2025-07-30 21:14:25.106641,PHY,0x4601,2,,na,"[0,",,,11111,,+32.7dB,14.6us,"[0,",1,61.17,normal,0,valid,-11.5dB,-11.5dB,0.19us,-92.6Hz,,"[6,",,1
2025-07-30 21:14:25.107594,PHY,0x4601,1,0,na,"[0,",0,0,1,1543.1,+17.6dB,22.7us,"[0,",1,61.18,normal,0,valid,-14.4dB,-14.5dB,na,na,,,,
2025-07-30 21:14:25.108169,PHY,0x4601,1,0,na,"[0,",0,0,1,1647.5,+17.9dB,15.4us,"[0,",1,61.19,normal,0,valid,-14.4dB,-14.5dB,na,na,,,,
2025-07-30 21:14:25.112194,CSI,0x4601,2,,na,"[0,",,,1,,+28.4dB,13.2us,"[0,",1,62.8,normal,0,valid,-11.5dB,-11.5dB,0.19us,-29.8Hz,,"[6,",1111,1
2025-07-30 21:14:25.113135,PHY,0x4601,1,0,na,"[0,",0,0,1,1090.2,+16.1dB,15.6us,"[0,",1,62.9,normal,0,valid,-14.4dB,-14.5dB,na,na,,,,
2025-07-30 21:14:25.116681,PHY,0x4601,2,,na,"[0,",,,11111,,+34.3dB,14.1us,"[0,",1,62.17,normal,0,valid,-11.4dB,-11.4dB,0.19us,+30.7Hz,,"[6,",,1
2025-07-30 21:14:25.117616,PHY,0x4601,1,0,na,"[0,",0,0,1,1112.0,+16.2dB,16.8us,"[0,",1,62.18,normal,0,valid,-14.3dB,-14.4dB,na,na,,,,
2025-07-30 21:14:25.118095,PHY,0x4601,1,0,na,"[0,",0,0,1,1092.2,+16.1dB,14.3us,"[0,",1,62.19,normal,0,valid,-14.4dB,-14.4dB,na,na,,,,
2025-07-30 21:14:25.122590,PHY,0x4601,1,0,na,"[0,",0,0,1,1493.4,+17.5dB,16.7us,"[0,",1,63.8,normal,0,valid,-14.4dB,-14.5dB,na,na,,,,
2025-07-30 21:14:25.123169,PHY,0x4601,1,0,na,"[0,",0,0,1,1528.3,+17.6dB,22.3us,"[0,",1,63.9,normal,0,valid,-14.4dB,-14.5dB,na,na,,,,
2025-07-30 21:14:25.126714,PHY,0x4601,2,,na,"[0,",,,11111,,+34.6dB,14.3us,"[0,",1,63.17,normal,0,valid,-11.4dB,-11.4dB,0.19us,-15.3Hz,,"[6,",,1
2025-07-30 21:14:25.127648,PHY,0x4601,1,0,na,"[0,",0,0,1,1392.5,+17.2dB,16.0us,"[0,",1,63.18,normal,0,valid,-14.3dB,-14.4dB,na,na,,,,
2025-07-30 21:14:25.128123,PHY,0x4601,1,0,na,"[0,",0,0,1,1435.3,+17.3dB,17.1us,"[0,",1,63.19,normal,0,valid,-14.4dB,-14.5dB,na,na,,,,
2025-07-30 21:14:25.132228,CSI,0x4601,2,,na,"[0,",,,1,,+34.7dB,15.5us,"[0,",1,64.8,normal,0,valid,-11.4dB,-11.4dB,0.19us,+6.8Hz,,"[6,",1111,1
2025-07-30 21:14:25.133087,PHY,0x4601,1,0,na,"[0,",0,0,1,1098.1,+16.1dB,16.6us,"[0,",1,64.9,normal,0,valid,-14.4dB,-14.5dB,na,na,,,,
2025-07-30 21:14:25.136754,PHY,0x4601,2,,na,"[0,",,,11111,,+32.3dB,14.9us,"[0,",1,64.17,normal,0,valid,-11.5dB,-11.5dB,0.19us,+66.0Hz,,"[6,",,1
2025-07-30 21:14:25.137573,PHY,0x4601,1,0,na,"[0,",0,0,1,1407.6,+17.2dB,22.4us,"[0,",1,64.18,normal,0,valid,-14.4dB,-14.4dB,na,na,,,,
2025-07-30 21:14:25.138154,PHY,0x4601,1,0,na,"[0,",0,0,1,1572.4,+17.7dB,14.6us,"[0,",1,64.19,normal,0,valid,-14.4dB,-14.5dB,na,na,,,,
2025-07-30 21:14:25.142658,PHY,0x4601,1,0,na,"[0,",0,0,1,1510.4,+17.5dB,16.2us,"[0,",1,65.8,normal,0,valid,-14.4dB,-14.5dB,na,na,,,,
2025-07-30 21:14:25.143118,PHY,0x4601,1,0,na,"[0,",0,0,1,1535.6,+17.6dB,14.0us,"[0,",1,65.9,normal,0,valid,-14.4dB,-14.5dB,na,na,,,,
2025-07-30 21:14:25.146661,PHY,0x4601,2,,na,"[0,",,,11111,,+32.3dB,15.0us,"[0,",1,65.17,normal,0,valid,-11.4dB,-11.4dB,0.14us,-45.9Hz,,"[6,",,1
2025-07-30 21:14:25.147629,PHY,0x4601,1,0,na,"[0,",0,0,1,1565.1,+17.7dB,16.6us,"[0,",1,65.18,normal,0,valid,-14.4dB,-14.4dB,na,na,,,,
2025-07-30 21:14:25.148080,PHY,0x4601,1,0,na,"[0,",0,0,1,1450.8,+17.4dB,16.1us,"[0,",1,65.19,normal,0,valid,-14.4dB,-14.5dB,na,na,,,,
2025-07-30 21:14:25.152222,CSI,0x4601,2,,na,"[0,",,,1,,+31.7dB,15.6us,"[0,",1,66.8,normal,0,valid,-11.3dB,-11.3dB,0.19us,-22.3Hz,,"[6,",1111,1
2025-07-30 21:14:25.153148,PHY,0x4601,1,0,na,"[0,",0,0,1,1114.0,+16.2dB,16.1us,"[0,",1,66.9,normal,0,valid,-14.4dB,-14.5dB,na,na,,,,
2025-07-30 21:14:25.156692,PHY,0x4601,2,,na,"[0,",,,11111,,+32.0dB,15.9us,"[0,",1,66.17,normal,0,valid,-11.5dB,-11.5dB,0.19us,-46.8Hz,,"[6,",,1
2025-07-30 21:14:25.157642,PHY,0x4601,1,0,na,"[0,",0,0,1,1472.6,+17.4dB,22.4us,"[0,",1,66.18,normal,0,valid,-14.4dB,-14.4dB,na,na,,,,
2025-07-30 21:14:25.158120,PHY,0x4601,1,0,na,"[0,",0,0,1,1410.9,+17.2dB,14.6us,"[0,",1,66.19,normal,0,valid,-14.4dB,-14.5dB,na,na,,,,
2025-07-30 21:14:25.162611,PHY,0x4601,1,0,na,"[0,",0,0,1,1402.6,+17.2dB,21.3us,"[0,",1,67.8,normal,0,valid,-14.4dB,-14.5dB,na,na,,,,
2025-07-30 21:14:25.163085,PHY,0x4601,1,0,na,"[0,",0,0,1,1551.3,+17.7dB,18.1us,"[0,",1,67.9,normal,0,valid,-14.4dB,-14.5dB,na,na,,,,
2025-07-30 21:14:25.166737,PHY,0x4601,2,,na,"[0,",,,11111,,+33.2dB,16.0us,"[0,",1,67.17,normal,0,valid,-11.5dB,-11.5dB,0.18us,+11.8Hz,,"[6,",,1
2025-07-30 21:14:25.167679,PHY,0x4601,1,0,na,"[0,",0,0,1,1599.8,+17.8dB,16.2us,"[0,",1,67.18,normal,0,valid,-14.4dB,-14.5dB,na,na,,,,
2025-07-30 21:14:25.168147,PHY,0x4601,1,0,na,"[0,",0,0,1,1358.8,+17.1dB,16.1us,"[0,",1,67.19,normal,0,valid,-14.4dB,-14.5dB,na,na,,,,
2025-07-30 21:14:25.172253,CSI,0x4601,2,,na,"[0,",,,1,,+33.1dB,15.3us,"[0,",1,68.8,normal,0,valid,-11.4dB,-11.4dB,0.19us,-24.6Hz,,"[6,",1111,1
2025-07-30 21:14:25.173111,PHY,0x4601,1,0,na,"[0,",0,0,1,1361.5,+17.1dB,15.6us,"[0,",1,68.9,normal,0,valid,-14.4dB,-14.5dB,na,na,,,,
2025-07-30 21:14:25.176646,PHY,0x4601,2,,na,"[0,",,,11111,,+30.7dB,13.4us,"[0,",1,68.17,normal,0,valid,-11.5dB,-11.5dB,0.18us,-16.5Hz,,"[6,",,1
2025-07-30 21:14:25.177594,PHY,0x4601,1,0,na,"[0,",0,0,1,1480.8,+17.5dB,15.5us,"[0,",1,68.18,normal,0,valid,-14.4dB,-14.4dB,na,na,,,,
2025-07-30 21:14:25.178068,PHY,0x4601,1,0,na,"[0,",0,0,1,1586.0,+17.8dB,13.9us,"[0,",1,68.19,normal,0,valid,-14.4dB,-14.4dB,na,na,,,,
2025-07-30 21:14:25.182672,PHY,0x4601,1,0,na,"[0,",0,0,1,1522.6,+17.6dB,17.6us,"[0,",1,69.8,normal,0,valid,-14.4dB,-14.5dB,na,na,,,,
2025-07-30 21:14:25.183139,PHY,0x4601,1,0,na,"[0,",0,0,1,1556.7,+17.7dB,16.1us,"[0,",1,69.9,normal,0,valid,-14.4dB,-14.5dB,na,na,,,,
2025-07-30 21:14:25.186690,PHY,0x4601,2,,na,"[0,",,,11111,,+33.3dB,13.7us,"[0,",1,69.17,normal,0,valid,-11.4dB,-11.4dB,0.19us,-6.1Hz,,"[6,",,1
2025-07-30 21:14:25.187623,PHY,0x4601,1,0,na,"[0,",0,0,1,1500.1,+17.5dB,15.7us,"[0,",1,69.18,normal,0,valid,-14.4dB,-14.5dB,na,na,,,,
2025-07-30 21:14:25.188100,PHY,0x4601,1,0,na,"[0,",0,0,1,1369.8,+17.1dB,14.8us,"[0,",1,69.19,normal,0,valid,-14.4dB,-14.4dB,na,na,,,,
2025-07-30 21:14:25.192260,CSI,0x4601,2,,na,"[0,",,,1,,+34.7dB,19.5us,"[0,",1,70.8,normal,0,valid,-11.4dB,-11.5dB,0.19us,-15.5Hz,,"[6,",1111,1
2025-07-30 21:14:25.193170,PHY,0x4601,1,0,na,"[0,",0,0,1,1462.8,+17.4dB,16.1us,"[0,",1,70.9,normal,0,valid,-14.4dB,-14.5dB,na,na,,,,
2025-07-30 21:14:25.196725,PHY,0x4601,2,,na,"[0,",,,11111,,+32.3dB,14.6us,"[0,",1,70.17,normal,0,valid,-11.4dB,-11.4dB,0.19us,+2.7Hz,,"[6,",,1
2025-07-30 21:14:25.197653,PHY,0x4601,1,0,na,"[0,",0,0,1,1116.4,+16.2dB,16.5us,"[0,",1,70.18,normal,0,valid,-14.4dB,-14.5dB,na,na,,,,
2025-07-30 21:14:25.198135,PHY,0x4601,1,0,na,"[0,",0,0,1,1102.0,+16.2dB,18.4us,"[0,",1,70.19,normal,0,valid,-14.4dB,-14.5dB,na,na,,,,
2025-07-30 21:14:25.202621,PHY,0x4601,1,0,na,"[0,",0,0,1,1475.9,+17.4dB,16.0us,"[0,",1,71.8,normal,0,valid,-14.4dB,-14.5dB,na,na,,,,
2025-07-30 21:14:25.203093,PHY,0x4601,1,0,na,"[0,",0,0,1,1530.0,+17.6dB,15.8us,"[0,",1,71.9,normal,0,valid,-14.4dB,-14.5dB,na,na,,,,
2025-07-30 21:14:25.206756,PHY,0x4601,2,,na,"[0,",,,11111,,+32.7dB,18.2us,"[0,",1,71.17,normal,0,valid,-11.5dB,-11.5dB,0.18us,-52.9Hz,,"[6,",,1
2025-07-30 21:14:25.207577,PHY,0x4601,1,0,na,"[0,",0,0,1,1132.4,+16.3dB,15.7us,"[0,",1,71.18,normal,0,valid,-14.4dB,-14.5dB,na,na,,,,
2025-07-30 21:14:25.208173,PHY,0x4601,1,0,na,"[0,",0,0,1,1097.8,+16.2dB,18.2us,"[0,",1,71.19,normal,0,valid,-14.4dB,-14.5dB,na,na,,,,
2025-07-30 21:14:25.212182,CSI,0x4601,2,,na,"[0,",,,1,,+32.2dB,13.3us,"[0,",1,72.8,normal,0,valid,-11.3dB,-11.3dB,0.19us,+1.1Hz,,"[6,",1111,1
2025-07-30 21:14:25.213125,PHY,0x4601,1,0,na,"[0,",0,0,1,1483.1,+17.4dB,16.2us,"[0,",1,72.9,normal,0,valid,-14.4dB,-14.5dB,na,na,,,,
2025-07-30 21:14:25.216666,PHY,0x4601,2,,na,"[0,",,,11111,,+32.7dB,13.0us,"[0,",1,72.17,normal,0,valid,-11.4dB,-11.4dB,0.20us,-148.9Hz,,"[6,",,1
2025-07-30 21:14:25.217611,PHY,0x4601,1,0,na,"[0,",0,0,1,1092.1,+16.1dB,16.5us,"[0,",1,72.18,normal,0,valid,-14.4dB,-14.5dB,na,na,,,,
2025-07-30 21:14:25.218089,PHY,0x4601,1,0,na,"[0,",0,0,1,1069.3,+16.0dB,18.0us,"[0,",1,72.19,normal,0,valid,-14.4dB,-14.5dB,na,na,,,,
2025-07-30 21:14:25.222574,PHY,0x4601,1,0,na,"[0,",0,0,1,1454.0,+17.4dB,16.4us,"[0,",1,73.8,normal,0,valid,-14.4dB,-14.5dB,na,na,,,,
2025-07-30 21:14:25.223155,PHY,0x4601,1,0,na,"[0,",0,0,1,1459.5,+17.4dB,15.2us,"[0,",1,73.9,normal,0,valid,-14.4dB,-14.5dB,na,na,,,,
2025-07-30 21:14:25.226706,PHY,0x4601,2,,na,"[0,",,,11111,,+31.0dB,18.3us,"[0,",1,73.17,normal,0,valid,-11.5dB,-11.5dB,0.17us,-65.6Hz,,"[6,",,1
2025-07-30 21:14:25.227648,PHY,0x4601,1,0,na,"[0,",0,0,1,1107.1,+16.2dB,16.5us,"[0,",1,73.18,normal,0,valid,-14.4dB,-14.5dB,na,na,,,,
2025-07-30 21:14:25.228120,PHY,0x4601,1,0,na,"[0,",0,0,1,1126.6,+16.2dB,18.6us,"[0,",1,73.19,normal,0,valid,-14.4dB,-14.5dB,na,na,,,,
2025-07-30 21:14:25.232248,CSI,0x4601,2,,na,"[0,",,,1,,+30.1dB,11.8us,"[0,",1,74.8,normal,0,valid,-11.3dB,-11.4dB,0.18us,+17.5Hz,,"[6,",1111,1
2025-07-30 21:14:25.233076,PHY,0x4601,1,0,na,"[0,",0,0,1,1507.1,+17.5dB,15.7us,"[0,",1,74.9,normal,0,valid,-14.4dB,-14.5dB,na,na,,,,
2025-07-30 21:14:25.236784,PHY,0x4601,2,,na,"[0,",,,11111,,+33.9dB,13.3us,"[0,",1,74.17,normal,0,valid,-11.3dB,-11.4dB,0.18us,+153.3Hz,,"[6,",,1
2025-07-30 21:14:25.237565,PHY,0x4601,1,0,na,"[0,",0,0,1,1552.3,+17.7dB,14.8us,"[0,",1,74.18,normal,0,valid,-14.4dB,-14.5dB,na,na,,,,
2025-07-30 21:14:25.238151,PHY,0x4601,1,0,na,"[0,",0,0,1,1515.9,+17.5dB,18.2us,"[0,",1,74.19,normal,0,valid,-14.4dB,-14.5dB,na,na,,,,
2025-07-30 21:14:25.242913,PHY,0x4601,1,0,na,"[0,",0,0,1,1535.7,+17.6dB,17.0us,"[0,",1,75.8,normal,0,valid,-14.4dB,-14.5dB,na,na,,,,
2025-07-30 21:14:25.243130,PHY,0x4601,1,0,na,"[0,",0,0,1,1448.0,+17.3dB,13.4us,"[0,",1,75.9,normal,0,valid,-14.5dB,-14.6dB,na,na,,,,
2025-07-30 21:14:25.246653,PHY,0x4601,2,,na,"[0,",,,11111,,+35.0dB,14.6us,"[0,",1,75.17,normal,0,valid,-11.3dB,-11.3dB,0.19us,+146.0Hz,,"[6,",,1
2025-07-30 21:14:25.247598,PHY,0x4601,1,0,na,"[0,",0,0,1,1132.8,+16.3dB,15.6us,"[0,",1,75.18,normal,0,valid,-14.4dB,-14.5dB,na,na,,,,
2025-07-30 21:14:25.248073,PHY,0x4601,1,0,na,"[0,",0,0,1,1065.5,+16.0dB,18.2us,"[0,",1,75.19,normal,0,valid,-14.4dB,-14.5dB,na,na,,,,
2025-07-30 21:14:25.252199,CSI,0x4601,2,,na,"[0,",,,1,,+30.2dB,13.7us,"[0,",1,76.8,normal,0,valid,-11.5dB,-11.5dB,0.19us,+57.6Hz,,"[6,",1111,1
2025-07-30 21:14:25.253139,PHY,0x4601,1,0,na,"[0,",0,0,1,1051.7,+15.9dB,15.1us,"[0,",1,76.9,normal,0,valid,-14.4dB,-14.5dB,na,na,,,,
2025-07-30 21:14:25.256716,PHY,0x4601,2,,na,"[0,",,,11111,,+34.7dB,12.5us,"[0,",1,76.17,normal,0,valid,-11.4dB,-11.4dB,0.18us,+77.6Hz,,"[6,",,1
2025-07-30 21:14:25.257627,PHY,0x4601,1,0,na,"[0,",0,0,1,1117.4,+16.2dB,16.0us,"[0,",1,76.18,normal,0,valid,-14.3dB,-14.5dB,na,na,,,,
2025-07-30 21:14:25.258115,PHY,0x4601,1,0,na,"[0,",0,0,1,1071.7,+16.0dB,17.4us,"[0,",1,76.19,normal,0,valid,-14.4dB,-14.5dB,na,na,,,,
2025-07-30 21:14:25.262593,PHY,0x4601,1,0,na,"[0,",0,0,1,1579.4,+17.7dB,16.6us,"[0,",1,77.8,normal,0,valid,-14.4dB,-14.5dB,na,na,,,,
2025-07-30 21:14:25.263073,PHY,0x4601,1,0,na,"[0,",0,0,1,1447.0,+17.3dB,14.2us,"[0,",1,77.9,normal,0,valid,-14.4dB,-14.5dB,na,na,,,,
2025-07-30 21:14:25.266724,PHY,0x4601,2,,na,"[0,",,,11111,,+33.6dB,22.0us,"[0,",1,77.17,normal,0,valid,-11.5dB,-11.5dB,0.19us,+99.7Hz,,"[6,",,1
2025-07-30 21:14:25.267661,PHY,0x4601,1,0,na,"[0,",0,0,1,1356.9,+17.1dB,15.3us,"[0,",1,77.18,normal,0,valid,-14.4dB,-14.4dB,na,na,,,,
2025-07-30 21:14:25.268146,PHY,0x4601,1,0,na,"[0,",0,0,1,1584.3,+17.8dB,18.0us,"[0,",1,77.19,normal,0,valid,-14.4dB,-14.5dB,na,na,,,,
2025-07-30 21:14:25.272244,CSI,0x4601,2,,na,"[0,",,,1,,+31.5dB,11.5us,"[0,",1,78.8,normal,0,valid,-11.3dB,-11.3dB,0.18us,-12.4Hz,,"[6,",1111,1
2025-07-30 21:14:25.273102,PHY,0x4601,1,0,na,"[0,",0,0,1,1457.4,+17.4dB,16.3us,"[0,",1,78.9,normal,0,valid,-14.4dB,-14.5dB,na,na,,,,
2025-07-30 21:14:25.276641,PHY,0x4601,2,,na,"[0,",,,11111,,+31.5dB,13.2us,"[0,",1,78.17,normal,0,valid,-11.5dB,-11.5dB,0.20us,+21.2Hz,,"[6,",,1
2025-07-30 21:14:25.277586,PHY,0x4601,1,0,na,"[0,",0,0,1,1096.4,+16.1dB,15.9us,"[0,",1,78.18,normal,0,valid,-14.4dB,-14.5dB,na,na,,,,
2025-07-30 21:14:25.278169,PHY,0x4601,1,0,na,"[0,",0,0,1,1078.7,+16.1dB,18.0us,"[0,",1,78.19,normal,0,valid,-14.4dB,-14.5dB,na,na,,,,
2025-07-30 21:14:25.282676,PHY,0x4601,1,0,na,"[0,",0,0,1,1521.1,+17.6dB,20.2us,"[0,",1,79.8,normal,0,valid,-14.4dB,-14.5dB,na,na,,,,
2025-07-30 21:14:25.283132,PHY,0x4601,1,0,na,"[0,",0,0,1,1615.5,+17.8dB,14.7us,"[0,",1,79.9,normal,0,valid,-14.4dB,-14.5dB,na,na,,,,
2025-07-30 21:14:25.286672,PHY,0x4601,2,,na,"[0,",,,11111,,+32.8dB,14.3us,"[0,",1,79.17,normal,0,valid,-11.5dB,-11.5dB,0.22us,-9.7Hz,,"[6,",,1
2025-07-30 21:14:25.287615,PHY,0x4601,1,0,na,"[0,",0,0,1,1403.8,+17.2dB,16.5us,"[0,",1,79.18,normal,0,valid,-14.4dB,-14.4dB,na,na,,,,
2025-07-30 21:14:25.288096,PHY,0x4601,1,0,na,"[0,",0,0,1,1501.9,+17.5dB,18.1us,"[0,",1,79.19,normal,0,valid,-14.4dB,-14.5dB,na,na,,,,
2025-07-30 21:14:25.292217,CSI,0x4601,2,,na,"[0,",,,1,,+32.0dB,12.5us,"[0,",1,80.8,normal,0,valid,-11.4dB,-11.4dB,0.20us,-200.4Hz,,"[6,",1111,1
2025-07-30 21:14:25.293164,PHY,0x4601,1,0,na,"[0,",0,0,1,1142.4,+16.3dB,17.7us,"[0,",1,80.9,normal,0,valid,-14.4dB,-14.5dB,na,na,,,,
2025-07-30 21:14:25.296744,PHY,0x4601,2,,na,"[0,",,,11111,,+27.7dB,16.8us,"[0,",1,80.17,normal,0,valid,-11.5dB,-11.5dB,0.18us,-25.9Hz,,"[6,",,1
2025-07-30 21:14:25.297650,PHY,0x4601,1,0,na,"[0,",0,0,1,1154.0,+16.4dB,19.0us,"[0,",1,80.18,normal,0,valid,-14.4dB,-14.5dB,na,na,,,,
2025-07-30 21:14:25.298123,PHY,0x4601,1,0,na,"[0,",0,0,1,1057.4,+16.0dB,15.5us,"[0,",1,80.19,normal,0,valid,-14.4dB,-14.5dB,na,na,,,,
2025-07-30 21:14:25.302619,PHY,0x4601,1,0,na,"[0,",0,0,1,1438.7,+17.3dB,16.4us,"[0,",1,81.8,normal,0,valid,-14.4dB,-14.5dB,na,na,,,,
2025-07-30 21:14:25.303088,PHY,0x4601,1,0,na,"[0,",0,0,1,1460.7,+17.4dB,19.2us,"[0,",1,81.9,normal,0,valid,-14.4dB,-14.5dB,na,na,,,,
2025-07-30 21:14:25.306765,PHY,0x4601,2,,na,"[0,",,,11111,,+31.1dB,14.3us,"[0,",1,81.17,normal,0,valid,-11.3dB,-11.4dB,0.19us,+77.9Hz,,"[6,",,1
2025-07-30 21:14:25.307572,PHY,0x4601,1,0,na,"[0,",0,0,1,1485.9,+17.5dB,16.1us,"[0,",1,81.18,normal,0,valid,-14.4dB,-14.4dB,na,na,,,,
2025-07-30 21:14:25.308155,PHY,0x4601,1,0,na,"[0,",0,0,1,1577.1,+17.7dB,15.8us,"[0,",1,81.19,normal,0,valid,-14.4dB,-14.5dB,na,na,,,,
2025-07-30 21:14:25.312267,CSI,0x4601,2,,na,"[0,",,,1,,+31.2dB,15.9us,"[0,",1,82.8,normal,0,valid,-11.3dB,-11.3dB,0.21us,+116.6Hz,,"[6,",1111,1
2025-07-30 21:14:25.313132,PHY,0x4601,1,0,na,"[0,",0,0,1,1521.9,+17.5dB,16.6us,"[0,",1,82.9,normal,0,valid,-14.4dB,-14.5dB,na,na,,,,
2025-07-30 21:14:25.316661,PHY,0x4601,2,,na,"[0,",,,11111,,+32.7dB,13.9us,"[0,",1,82.17,normal,0,valid,-11.4dB,-11.5dB,0.19us,-2.2Hz,,"[6,",,1
2025-07-30 21:14:25.317610,PHY,0x4601,1,0,na,"[0,",0,0,1,1066.0,+16.0dB,15.9us,"[0,",1,82.18,normal,0,valid,-14.4dB,-14.5dB,na,na,,,,
2025-07-30 21:14:25.318077,PHY,0x4601,1,0,na,"[0,",0,0,1,1079.1,+16.1dB,14.6us,"[0,",1,82.19,normal,0,valid,-14.4dB,-14.5dB,na,na,,,,
2025-07-30 21:14:25.322569,PHY,0x4601,1,0,na,"[0,",0,0,1,1498.5,+17.5dB,15.9us,"[0,",1,83.8,normal,0,valid,-14.4dB,-14.5dB,na,na,,,,
2025-07-30 21:14:25.323150,PHY,0x4601,1,0,na,"[0,",0,0,1,1433.2,+17.3dB,15.5us,"[0,",1,83.9,normal,0,valid,-14.4dB,-14.5dB,na,na,,,,
2025-07-30 21:14:25.326694,PHY,0x4601,2,,na,"[0,",,,11111,,+30.1dB,16.5us,"[0,",1,83.17,normal,0,valid,-11.3dB,-11.3dB,0.18us,+17.6Hz,,"[6,",,1
2025-07-30 21:14:25.327636,PHY,0x4601,1,0,na,"[0,",0,0,1,1066.9,+16.0dB,16.7us,"[0,",1,83.18,normal,0,valid,-14.4dB,-14.5dB,na,na,,,,
2025-07-30 21:14:25.328113,PHY,0x4601,1,0,na,"[0,",0,0,1,1092.7,+16.1dB,16.3us,"[0,",1,83.19,normal,0,valid,-14.4dB,-14.5dB,na,na,,,,
2025-07-30 21:14:25.332240,CSI,0x4601,2,,na,"[0,",,,1,,+31.0dB,13.9us,"[0,",1,84.8,normal,0,valid,-11.5dB,-11.5dB,0.19us,+32.2Hz,,"[6,",1111,1
2025-07-30 21:14:25.333076,PHY,0x4601,1,0,na,"[0,",0,0,1,989.9,+15.7dB,21.2us,"[0,",1,84.9,normal,0,valid,-14.4dB,-14.5dB,na,na,,,,
2025-07-30 21:14:25.336749,PHY,0x4601,2,,na,"[0,",,,11111,,+32.3dB,17.5us,"[0,",1,84.17,normal,0,valid,-11.5dB,-11.5dB,0.18us,-3.7Hz,,"[6,",,1
2025-07-30 21:14:25.337670,PHY,0x4601,1,0,na,"[0,",0,0,1,1012.1,+15.8dB,16.7us,"[0,",1,84.18,normal,0,valid,-14.3dB,-14.4dB,na,na,,,,
2025-07-30 21:14:25.338139,PHY,0x4601,1,0,na,"[0,",0,0,1,1081.9,+16.1dB,14.6us,"[0,",1,84.19,normal,0,valid,-14.4dB,-14.5dB,na,na,,,,
2025-07-30 21:14:25.342639,PHY,0x4601,1,0,na,"[0,",0,0,1,1399.4,+17.2dB,16.3us,"[0,",1,85.8,normal,0,valid,-14.4dB,-14.5dB,na,na,,,,
2025-07-30 21:14:25.343106,PHY,0x4601,1,0,na,"[0,",0,0,1,1500.4,+17.5dB,14.2us,"[0,",1,85.9,normal,0,valid,-14.4dB,-14.5dB,na,na,,,,
2025-07-30 21:14:25.346656,PHY,0x4601,2,,na,"[0,",,,11111,,+31.6dB,13.9us,"[0,",1,85.17,normal,0,valid,-11.4dB,-11.4dB,0.19us,+51.0Hz,,"[6,",,1
2025-07-30 21:14:25.347594,PHY,0x4601,1,0,na,"[0,",0,0,1,1463.3,+17.4dB,16.7us,"[0,",1,85.18,normal,0,valid,-14.4dB,-14.5dB,na,na,,,,
2025-07-30 21:14:25.348070,PHY,0x4601,1,0,na,"[0,",0,0,1,1549.1,+17.7dB,17.7us,"[0,",1,85.19,normal,0,valid,-14.4dB,-14.5dB,na,na,,,,
2025-07-30 21:14:25.352215,CSI,0x4601,2,,na,"[0,",,,1,,+33.5dB,15.0us,"[0,",1,86.8,normal,0,valid,-11.3dB,-11.3dB,0.20us,-15.7Hz,,"[6,",1111,1
2025-07-30 21:14:25.353142,PHY,0x4601,1,0,na,"[0,",0,0,1,1437.6,+17.3dB,16.0us,"[0,",1,86.9,normal,0,valid,-14.4dB,-14.5dB,na,na,,,,
2025-07-30 21:14:25.356720,PHY,0x4601,2,,na,"[0,",,,11111,,+32.1dB,14.7us,"[0,",1,86.17,normal,0,valid,-11.4dB,-11.5dB,0.19us,+83.0Hz,,"[6,",,1
2025-07-30 21:14:25.357625,PHY,0x4601,1,0,na,"[0,",0,0,1,1048.4,+15.9dB,15.9us,"[0,",1,86.18,normal,0,valid,-14.4dB,-14.5dB,na,na,,,,
2025-07-30 21:14:25.358098,PHY,0x4601,1,0,na,"[0,",0,0,1,1197.1,+16.5dB,13.9us,"[0,",1,86.19,normal,0,valid,-14.4dB,-14.5dB,na,na,,,,
2025-07-30 21:14:25.362589,PHY,0x4601,1,0,na,"[0,",0,0,1,1536.8,+17.6dB,16.3us,"[0,",1,87.8,normal,0,valid,-14.4dB,-14.5dB,na,na,,,,
2025-07-30 21:14:25.363168,PHY,0x4601,1,0,na,"[0,",0,0,1,1375.5,+17.1dB,15.3us,"[0,",1,87.9,normal,0,valid,-14.4dB,-14.5dB,na,na,,,,
2025-07-30 21:14:25.366724,PHY,0x4601,2,,na,"[0,",,,11111,,+32.3dB,14.1us,"[0,",1,87.17,normal,0,valid,-11.4dB,-11.4dB,0.17us,+92.3Hz,,"[6,",,1
2025-07-30 21:14:25.367653,PHY,0x4601,1,0,na,"[0,",0,0,1,1074.7,+16.1dB,15.3us,"[0,",1,87.18,normal,0,valid,-14.4dB,-14.5dB,na,na,,,,
2025-07-30 21:14:25.368127,PHY,0x4601,1,0,na,"[0,",0,0,1,1062.4,+16.0dB,14.1us,"[0,",1,87.19,normal,0,valid,-14.4dB,-14.5dB,na,na,,,,
2025-07-30 21:14:25.372248,CSI,0x4601,2,,na,"[0,",,,1,,+30.4dB,15.6us,"[0,",1,88.8,normal,0,valid,-11.5dB,-11.5dB,0.20us,-81.6Hz,,"[6,",1111,1
2025-07-30 21:14:25.373097,PHY,0x4601,1,0,na,"[0,",0,0,1,1383.8,+17.1dB,16.0us,"[0,",1,88.9,normal,0,valid,-14.4dB,-14.5dB,na,na,,,,
2025-07-30 21:14:25.376762,PHY,0x4601,2,,na,"[0,",,,11111,,+31.4dB,21.3us,"[0,",1,88.17,normal,0,valid,-11.3dB,-11.3dB,0.19us,+10.2Hz,,"[6,",,1
2025-07-30 21:14:25.377584,PHY,0x4601,1,0,na,"[0,",0,0,1,1045.9,+15.9dB,16.7us,"[0,",1,88.18,normal,0,valid,-14.4dB,-14.5dB,na,na,,,,
2025-07-30 21:14:25.378166,PHY,0x4601,1,0,na,"[0,",0,0,1,1058.3,+16.0dB,14.5us,"[0,",1,88.19,normal,0,valid,-14.4dB,-14.5dB,na,na,,,,
2025-07-30 21:14:25.382671,PHY,0x4601,1,0,na,"[0,",0,0,1,1450.2,+17.4dB,19.5us,"[0,",1,89.8,normal,0,valid,-14.4dB,-14.5dB,na,na,,,,
2025-07-30 21:14:25.383131,PHY,0x4601,1,0,na,"[0,",0,0,1,1450.8,+17.4dB,15.7us,"[0,",1,89.9,normal,0,valid,-14.4dB,-14.5dB,na,na,,,,
2025-07-30 21:14:25.386670,PHY,0x4601,2,,na,"[0,",,,11111,,+30.5dB,14.6us,"[0,",1,89.17,normal,0,valid,-11.4dB,-11.5dB,0.17us,+53.5Hz,,"[6,",,1
2025-07-30 21:14:25.387615,PHY,0x4601,1,0,na,"[0,",0,0,1,1050.5,+16.0dB,16.5us,"[0,",1,89.18,normal,0,valid,-14.4dB,-14.5dB,na,na,,,,
2025-07-30 21:14:25.388085,PHY,0x4601,1,0,na,"[0,",0,0,1,1067.8,+16.0dB,15.6us,"[0,",1,89.19,normal,0,valid,-14.4dB,-14.5dB,na,na,,,,
2025-07-30 21:14:25.392224,CSI,0x4601,2,,na,"[0,",,,1,,+31.6dB,12.9us,"[0,",1,90.8,normal,0,valid,-11.4dB,-11.4dB,0.18us,+108.4Hz,,"[6,",1111,1
2025-07-30 21:14:25.393166,PHY,0x4601,1,0,na,"[0,",0,0,1,1392.1,+17.2dB,18.0us,"[0,",1,90.9,normal,0,valid,-14.4dB,-14.5dB,na,na,,,,
2025-07-30 21:14:25.396723,PHY,0x4601,2,,na,"[0,",,,11111,,+30.5dB,15.1us,"[0,",1,90.17,normal,0,valid,-11.5dB,-11.6dB,0.19us,+90.4Hz,,"[6,",,1
2025-07-30 21:14:25.397648,PHY,0x4601,1,0,na,"[0,",0,0,1,1505.6,+17.5dB,21.9us,"[0,",1,90.18,normal,0,valid,-14.4dB,-14.5dB,na,na,,,,
2025-07-30 21:14:25.398119,PHY,0x4601,1,0,na,"[0,",0,0,1,1420.4,+17.3dB,14.2us,"[0,",1,90.19,normal,0,valid,-14.4dB,-14.5dB,na,na,,,,
2025-07-30 21:14:25.402613,PHY,0x4601,1,0,na,"[0,",0,0,1,1552.9,+17.6dB,17.9us,"[0,",1,91.8,normal,0,valid,-14.4dB,-14.5dB,na,na,,,,
2025-07-30 21:14:25.403076,PHY,0x4601,1,0,na,"[0,",0,0,1,1423.2,+17.3dB,14.8us,"[0,",1,91.9,normal,0,valid,-14.4dB,-14.5dB,na,na,,,,
2025-07-30 21:14:25.406737,PHY,0x4601,2,,na,"[0,",,,11111,,+32.1dB,15.1us,"[0,",1,91.17,normal,0,valid,-11.5dB,-11.6dB,0.16us,+125.3Hz,,"[6,",,1
2025-07-30 21:14:25.407572,PHY,0x4601,1,0,na,"[0,",0,0,1,1116.4,+16.2dB,17.2us,"[0,",1,91.18,normal,0,valid,-14.4dB,-14.5dB,na,na,,,,
2025-07-30 21:14:25.408146,PHY,0x4601,1,0,na,"[0,",0,0,1,1106.7,+16.2dB,14.8us,"[0,",1,91.19,normal,0,valid,-14.4dB,-14.5dB,na,na,,,,
2025-07-30 21:14:25.412258,CSI,0x4601,2,,na,"[0,",,,1,,+32.4dB,19.1us,"[0,",1,92.8,normal,0,valid,-11.3dB,-11.3dB,0.21us,-49.5Hz,,"[6,",1111,1
2025-07-30 21:14:25.413113,PHY,0x4601,1,0,na,"[0,",0,0,1,1017.7,+15.8dB,15.5us,"[0,",1,92.9,normal,0,valid,-14.4dB,-14.5dB,na,na,,,,
2025-07-30 21:14:25.416650,PHY,0x4601,2,,na,"[0,",,,11111,,+30.5dB,13.4us,"[0,",1,92.17,normal,0,valid,-11.4dB,-11.5dB,0.20us,+37.1Hz,,"[6,",,1
2025-07-30 21:14:25.417598,PHY,0x4601,1,0,na,"[0,",0,0,1,1434.9,+17.4dB,16.0us,"[0,",1,92.18,normal,0,valid,-14.4dB,-14.4dB,na,na,,,,
2025-07-30 21:14:25.418079,PHY,0x4601,1,0,na,"[0,",0,0,1,1381.5,+17.1dB,16.2us,"[0,",1,92.19,normal,0,valid,-14.4dB,-14.5dB,na,na,,,,
2025-07-30 21:14:25.422679,PHY,0x4601,1,0,na,"[0,",0,0,1,1413.3,+17.3dB,16.6us,"[0,",1,93.8,normal,0,valid,-14.4dB,-14.5dB,na,na,,,,
2025-07-30 21:14:25.423137,PHY,0x4601,1,0,na,"[0,",0,0,1,1494.4,+17.5dB,14.5us,"[0,",1,93.9,normal,0,valid,-14.5dB,-14.5dB,na,na,,,,
2025-07-30 21:14:25.426692,PHY,0x4601,2,,na,"[0,",,,11111,,+32.9dB,14.1us,"[0,",1,93.17,normal,0,valid,-11.5dB,-11.5dB,0.19us,+35.7Hz,,"[6,",,1
2025-07-30 21:14:25.427636,PHY,0x4601,1,0,na,"[0,",0,0,1,1488.5,+17.5dB,18.4us,"[0,",1,93.18,normal,0,valid,-14.4dB,-14.4dB,na,na,,,,
2025-07-30 21:14:25.428105,PHY,0x4601,1,0,na,"[0,",0,0,1,1387.4,+17.2dB,14.8us,"[0,",1,93.19,normal,0,valid,-14.4dB,-14.5dB,na,na,,,,
2025-07-30 21:14:25.432243,CSI,0x4601,2,,na,"[0,",,,1,,+31.6dB,16.0us,"[0,",1,94.8,normal,0,valid,-11.4dB,-11.4dB,0.19us,-92.2Hz,,"[6,",1111,1
2025-07-30 21:14:25.433077,PHY,0x4601,1,0,na,"[0,",0,0,1,1113.1,+16.2dB,15.7us,"[0,",1,94.9,normal,0,valid,-14.4dB,-14.5dB,na,na,,,,
2025-07-30 21:14:25.436733,PHY,0x4601,2,,na,"[0,",,,11111,,+31.0dB,17.5us,"[0,",1,94.17,normal,0,valid,-11.4dB,-11.5dB,0.21us,+80.0Hz,,"[6,",,1
2025-07-30 21:14:25.437662,PHY,0x4601,1,0,na,"[0,",0,0,1,1119.7,+16.2dB,16.2us,"[0,",1,94.18,normal,0,valid,-14.4dB,-14.5dB,na,na,,,,
2025-07-30 21:14:25.438140,PHY,0x4601,1,0,na,"[0,",0,0,1,1064.4,+16.0dB,15.8us,"[0,",1,94.19,normal,0,valid,-14.4dB,-14.5dB,na,na,,,,
2025-07-30 21:14:25.442632,PHY,0x4601,1,0,na,"[0,",0,0,0,1447.6,+17.3dB,16.1us,"[0,",1,95.8,normal,0,valid,-14.5dB,-14.6dB,na,na,,,,
2025-07-30 21:14:25.443097,PHY,0x4601,1,0,na,"[0,",0,0,1,1397.5,+17.2dB,14.3us,"[0,",1,95.9,normal,0,valid,-14.4dB,-14.5dB,na,na,,,,
2025-07-30 21:14:25.446639,PHY,0x4601,2,,na,"[0,",,,11111,,+31.7dB,14.2us,"[0,",1,95.17,normal,0,valid,-11.4dB,-11.4dB,0.20us,-45.8Hz,,"[6,",,1
2025-07-30 21:14:25.447586,PHY,0x4601,1,0,na,"[0,",0,0,1,1564.1,+17.7dB,16.6us,"[0,",1,95.18,normal,0,valid,-14.4dB,-14.5dB,na,na,,,,
2025-07-30 21:14:25.448173,PHY,0x4601,1,0,na,"[0,",0,0,1,1514.3,+17.5dB,14.5us,"[0,",1,95.19,normal,0,valid,-14.4dB,-14.5dB,na,na,,,,
2025-07-30 21:14:25.452195,CSI,0x4601,2,,na,"[0,",,,1,,+31.6dB,12.8us,"[0,",1,96.8,normal,0,valid,-11.4dB,-11.5dB,0.19us,+5.6Hz,,"[6,",1111,1
2025-07-30 21:14:25.453133,PHY,0x4601,1,0,na,"[0,",0,0,1,1139.5,+16.3dB,16.9us,"[0,",1,96.9,normal,0,valid,-14.4dB,-14.5dB,na,na,,,,
2025-07-30 21:14:25.456673,PHY,0x4601,2,,na,"[0,",,,11111,,+34.2dB,14.2us,"[0,",1,96.17,normal,0,valid,-11.3dB,-11.3dB,0.20us,-81.4Hz,,"[6,",,1
2025-07-30 21:14:25.457621,PHY,0x4601,1,0,na,"[0,",0,0,1,1126.1,+16.3dB,18.3us,"[0,",1,96.18,normal,0,valid,-14.4dB,-14.5dB,na,na,,,,
2025-07-30 21:14:25.458102,PHY,0x4601,1,0,na,"[0,",0,0,1,1054.4,+16.0dB,16.9us,"[0,",1,96.19,normal,0,valid,-14.4dB,-14.5dB,na,na,,,,
2025-07-30 21:14:25.462585,PHY,0x4601,1,0,na,"[0,",0,0,1,1463.0,+17.4dB,20.3us,"[0,",1,97.8,normal,0,valid,-14.4dB,-14.5dB,na,na,,,,
2025-07-30 21:14:25.463168,PHY,0x4601,1,0,na,"[0,",0,0,1,1506.0,+17.5dB,14.9us,"[0,",1,97.9,normal,0,valid,-14.5dB,-14.6dB,na,na,,,,
2025-07-30 21:14:25.466745,PHY,0x4601,2,,na,"[0,",,,11111,,+32.6dB,14.5us,"[0,",1,97.17,normal,0,valid,-11.4dB,-11.4dB,0.18us,+8.1Hz,,"[6,",,1
2025-07-30 21:14:25.467649,PHY,0x4601,1,0,na,"[0,",0,0,1,1065.0,+16.0dB,17.0us,"[0,",1,97.18,normal,0,valid,-14.4dB,-14.5dB,na,na,,,,
2025-07-30 21:14:25.468127,PHY,0x4601,1,0,na,"[0,",0,0,1,1056.8,+16.0dB,17.4us,"[0,",1,97.19,normal,0,valid,-14.4dB,-14.5dB,na,na,,,,
2025-07-30 21:14:25.472221,CSI,0x4601,2,,na,"[0,",,,1,,+29.2dB,11.7us,"[0,",1,98.8,normal,0,valid,-11.4dB,-11.4dB,0.19us,+15.1Hz,,"[6,",1111,1
2025-07-30 21:14:25.473093,PHY,0x4601,1,0,na,"[0,",0,0,1,1071.0,+16.0dB,16.1us,"[0,",1,98.9,normal,0,valid,-14.4dB,-14.5dB,na,na,,,,
2025-07-30 21:14:25.476747,PHY,0x4601,2,,na,"[0,",,,11111,,+30.7dB,14.1us,"[0,",1,98.17,normal,0,valid,-11.5dB,-11.5dB,0.21us,+23.9Hz,,"[6,",,1
2025-07-30 21:14:25.477573,PHY,0x4601,1,0,na,"[0,",0,0,1,1151.0,+16.4dB,15.5us,"[0,",1,98.18,normal,0,valid,-14.4dB,-14.5dB,na,na,,,,
2025-07-30 21:14:25.478155,PHY,0x4601,1,0,na,"[0,",0,0,1,1103.1,+16.2dB,16.2us,"[0,",1,98.19,normal,0,valid,-14.4dB,-14.5dB,na,na,,,,
2025-07-30 21:14:25.482645,PHY,0x4601,1,0,na,"[0,",0,0,1,1411.7,+17.3dB,19.5us,"[0,",1,99.8,normal,0,valid,-14.4dB,-14.5dB,na,na,,,,
2025-07-30 21:14:25.483117,PHY,0x4601,1,0,na,"[0,",0,0,1,1537.2,+17.6dB,15.3us,"[0,",1,99.9,normal,0,valid,-14.4dB,-14.5dB,na,na,,,,
2025-07-30 21:14:25.486659,PHY,0x4601,2,,na,"[0,",,,11111,,+29.7dB,13.7us,"[0,",1,99.17,normal,0,valid,-11.4dB,-11.4dB,0.18us,+98.3Hz,,"[6,",,1
2025-07-30 21:14:25.487607,PHY,0x4601,1,0,na,"[0,",0,0,1,1480.4,+17.4dB,15.1us,"[0,",1,99.18,normal,0,valid,-14.4dB,-14.5dB,na,na,,,,
2025-07-30 21:14:25.488080,PHY,0x4601,1,0,na,"[0,",0,0,1,1472.0,+17.4dB,15.9us,"[0,",1,99.19,normal,0,valid,-14.4dB,-14.5dB,na,na,,,,
2025-07-30 21:14:25.492211,CSI,0x4601,2,,na,"[0,",,,1,,+32.2dB,14.4us,"[0,",1,100.8,normal,0,valid,-11.4dB,-11.4dB,0.16us,+2.5Hz,,"[6,",1111,1
2025-07-30 21:14:25.493147,PHY,0x4601,1,0,na,"[0,",0,0,1,1450.0,+17.4dB,16.0us,"[0,",1,100.9,normal,0,valid,-14.4dB,-14.5dB,na,na,,,,
2025-07-30 21:14:25.496699,PHY,0x4601,2,,na,"[0,",,,11111,,+34.4dB,15.9us,"[0,",1,100.17,normal,0,valid,-11.5dB,-11.5dB,0.20us,-82.6Hz,,"[6,",,1
2025-07-30 21:14:25.497639,PHY,0x4601,1,0,na,"[0,",0,0,1,1111.1,+16.2dB,19.3us,"[0,",1,100.18,normal,0,valid,-14.4dB,-14.5dB,na,na,,,,
2025-07-30 21:14:25.498109,PHY,0x4601,1,0,na,"[0,",0,0,1,1063.0,+16.0dB,14.9us,"[0,",1,100.19,normal,0,valid,-14.4dB,-14.5dB,na,na,,,,
2025-07-30 21:14:25.502601,PHY,0x4601,1,0,na,"[0,",0,0,1,1444.6,+17.3dB,16.0us,"[0,",1,101.8,normal,0,valid,-14.4dB,-14.5dB,na,na,,,,
2025-07-30 21:14:25.503067,PHY,0x4601,1,0,na,"[0,",0,0,1,1454.1,+17.4dB,14.7us,"[0,",1,101.9,normal,0,valid,-14.4dB,-14.5dB,na,na,,,,
2025-07-30 21:14:25.506755,PHY,0x4601,2,,na,"[0,",,,11111,,+30.9dB,14.7us,"[0,",1,101.17,normal,0,valid,-11.4dB,-11.4dB,0.19us,-5.1Hz,,"[6,",,1
2025-07-30 21:14:25.507674,PHY,0x4601,1,0,na,"[0,",0,0,1,995.4,+15.7dB,22.2us,"[0,",1,101.18,normal,0,valid,-14.4dB,-14.5dB,na,na,,,,
2025-07-30 21:14:25.508147,PHY,0x4601,1,0,na,"[0,",0,0,1,1108.2,+16.2dB,16.6us,"[0,",1,101.19,normal,0,valid,-14.4dB,-14.5dB,na,na,,,,
2025-07-30 21:14:25.512238,CSI,0x4601,2,,na,"[0,",,,1,,+29.7dB,13.2us,"[0,",1,102.8,normal,0,valid,-11.4dB,-11.5dB,0.19us,-1.1Hz,,"[6,",1111,1
2025-07-30 21:14:25.513107,PHY,0x4601,1,0,na,"[0,",0,0,1,1404.9,+17.2dB,15.9us,"[0,",1,102.9,normal,0,valid,-14.4dB,-14.5dB,na,na,,,,
2025-07-30 21:14:25.516656,PHY,0x4601,2,,na,"[0,",,,11111,,+30.6dB,13.7us,"[0,",1,102.17,normal,0,valid,-11.5dB,-11.5dB,0.21us,+29.4Hz,,"[6,",,1
2025-07-30 21:14:25.517599,PHY,0x4601,1,0,na,"[0,",0,0,1,1554.6,+17.6dB,23.4us,"[0,",1,102.18,normal,0,valid,-14.4dB,-14.5dB,na,na,,,,
2025-07-30 21:14:25.518082,PHY,0x4601,1,0,na,"[0,",0,0,1,1351.3,+17.0dB,16.8us,"[0,",1,102.19,normal,0,valid,-14.4dB,-14.5dB,na,na,,,,
2025-07-30 21:14:25.522671,PHY,0x4601,1,0,na,"[0,",0,0,1,1558.5,+17.7dB,16.4us,"[0,",1,103.8,normal,0,valid,-14.4dB,-14.5dB,na,na,,,,
2025-07-30 21:14:25.523142,PHY,0x4601,1,0,na,"[0,",0,0,1,1403.0,+17.2dB,14.3us,"[0,",1,103.9,normal,0,valid,-14.4dB,-14.5dB,na,na,,,,
2025-07-30 21:14:25.526698,PHY,0x4601,2,,na,"[0,",,,11111,,+30.9dB,17.7us,"[0,",1,103.17,normal,0,valid,-11.6dB,-11.6dB,0.18us,-52.3Hz,,"[6,",,1
2025-07-30 21:14:25.527630,PHY,0x4601,1,0,na,"[0,",0,0,1,1388.4,+17.1dB,15.9us,"[0,",1,103.18,normal,0,valid,-14.4dB,-14.5dB,na,na,,,,
2025-07-30 21:14:25.528100,PHY,0x4601,1,0,na,"[0,",0,0,1,1481.6,+17.4dB,14.1us,"[0,",1,103.19,normal,0,valid,-14.4dB,-14.5dB,na,na,,,,
2025-07-30 21:14:25.532234,CSI,0x4601,2,,na,"[0,",,,1,,+30.8dB,15.7us,"[0,",1,104.8,normal,0,valid,-11.2dB,-11.2dB,0.21us,+72.8Hz,,"[6,",1111,1
2025-07-30 21:14:25.533174,PHY,0x4601,1,0,na,"[0,",0,0,1,1082.3,+16.1dB,17.0us,"[0,",1,104.9,normal,0,valid,-14.4dB,-14.5dB,na,na,,,,
2025-07-30 21:14:25.536728,PHY,0x4601,2,,na,"[0,",,,11111,,+28.2dB,19.6us,"[0,",1,104.17,normal,0,valid,-11.4dB,-11.4dB,0.19us,+10.6Hz,,"[6,",,1
2025-07-30 21:14:25.537661,PHY,0x4601,1,0,na,"[0,",0,0,1,1024.9,+15.8dB,19.3us,"[0,",1,104.18,normal,0,valid,-14.4dB,-14.5dB,na,na,,,,
2025-07-30 21:14:25.538132,PHY,0x4601,1,0,na,"[0,",0,0,1,1037.6,+15.9dB,14.9us,"[0,",1,104.19,normal,0,valid,-14.4dB,-14.5dB,na,na,,,,
2025-07-30 21:14:25.542631,PHY,0x4601,1,0,na,"[0,",0,0,1,1472.5,+17.4dB,22.8us,"[0,",1,105.8,normal,0,valid,-14.5dB,-14.5dB,na,na,,,,
2025-07-30 21:14:25.543096,PHY,0x4601,1,0,na,"[0,",0,0,1,1423.6,+17.3dB,14.8us,"[0,",1,105.9,normal,0,valid,-14.4dB,-14.5dB,na,na,,,,
2025-07-30 21:14:25.546752,PHY,0x4601,2,,na,"[0,",,,11111,,+30.5dB,15.5us,"[0,",1,105.17,normal,0,valid,-11.4dB,-11.4dB,0.20us,+2.4Hz,,"[6,",,1
2025-07-30 21:14:25.547583,PHY,0x4601,1,0,na,"[0,",0,0,1,1448.1,+17.4dB,17.2us,"[0,",1,105.18,normal,0,valid,-14.4dB,-14.5dB,na,na,,,,
2025-07-30 21:14:25.548160,PHY,0x4601,1,0,na,"[0,",0,0,1,1417.2,+17.3dB,16.1us,"[0,",1,105.19,normal,0,valid,-14.4dB,-14.4dB,na,na,,,,
2025-07-30 21:14:25.552193,CSI,0x4601,2,,na,"[0,",,,1,,+34.2dB,12.4us,"[0,",1,106.8,normal,0,valid,-11.4dB,-11.4dB,0.19us,+84.4Hz,,"[6,",1111,1
2025-07-30 21:14:25.553124,PHY,0x4601,1,0,na,"[0,",0,0,1,1065.7,+16.0dB,15.9us,"[0,",1,106.9,normal,0,valid,-14.4dB,-14.5dB,na,na,,,,
2025-07-30 21:14:25.556668,PHY,0x4601,2,,na,"[0,",,,11111,,+28.7dB,14.2us,"[0,",1,106.17,normal,0,valid,-11.4dB,-11.4dB,0.20us,+55.4Hz,,"[6,",,1
2025-07-30 21:14:25.557609,PHY,0x4601,1,0,na,"[0,",0,0,1,1106.8,+16.2dB,16.2us,"[0,",1,106.18,normal,0,valid,-14.4dB,-14.5dB,na,na,,,,
2025-07-30 21:14:25.558086,PHY,0x4601,1,0,na,"[0,",0,0,1,1032.3,+15.9dB,14.3us,"[0,",1,106.19,normal,0,valid,-14.4dB,-14.5dB,na,na,,,,
2025-07-30 21:14:25.562585,PHY,0x4601,1,0,na,"[0,",0,0,1,1471.8,+17.5dB,16.8us,"[0,",1,107.8,normal,0,valid,-14.4dB,-14.5dB,na,na,,,,
2025-07-30 21:14:25.563153,PHY,0x4601,1,0,na,"[0,",0,0,1,1506.8,+17.5dB,15.1us,"[0,",1,107.9,normal,0,valid,-14.4dB,-14.5dB,na,na,,,,
2025-07-30 21:14:25.566707,PHY,0x4601,2,,na,"[0,",,,11111,,+34.3dB,17.8us,"[0,",1,107.17,normal,0,valid,-11.5dB,-11.5dB,0.21us,-68.9Hz,,"[6,",,1
2025-07-30 21:14:25.567642,PHY,0x4601,1,0,na,"[0,",0,0,1,1467.5,+17.4dB,16.2us,"[0,",1,107.18,normal,0,valid,-14.4dB,-14.5dB,na,na,,,,
2025-07-30 21:14:25.568121,PHY,0x4601,1,0,na,"[0,",0,0,1,1419.9,+17.2dB,14.5us,"[0,",1,107.19,normal,0,valid,-14.4dB,-14.5dB,na,na,,,,
2025-07-30 21:14:25.572262,CSI,0x4601,2,,na,"[0,",,,1,,+33.3dB,14.6us,"[0,",1,108.8,normal,0,valid,-11.4dB,-11.4dB,0.20us,-110.9Hz,,"[6,",1111,1
2025-07-30 21:14:25.573081,PHY,0x4601,1,0,na,"[0,",0,0,1,990.4,+15.7dB,17.1us,"[0,",1,108.9,normal,0,valid,-14.4dB,-14.5dB,na,na,,,,
2025-07-30 21:14:25.576761,PHY,0x4601,2,,na,"[0,",,,11111,,+31.4dB,14.6us,"[0,",1,108.17,normal,0,valid,-11.5dB,-11.5dB,0.18us,-108.5Hz,,"[6,",,1
2025-07-30 21:14:25.577567,PHY,0x4601,1,0,na,"[0,",0,0,1,1418.5,+17.3dB,15.7us,"[0,",1,108.18,normal,0,valid,-14.4dB,-14.5dB,na,na,,,,
2025-07-30 21:14:25.578148,PHY,0x4601,1,0,na,"[0,",0,0,1,1354.9,+17.0dB,14.6us,"[0,",1,108.19,normal,0,valid,-14.4dB,-14.5dB,na,na,,,,
2025-07-30 21:14:25.582645,PHY,0x4601,1,0,na,"[0,",0,0,1,1481.5,+17.4dB,16.5us,"[0,",1,109.8,normal,0,valid,-14.5dB,-14.6dB,na,na,,,,
2025-07-30 21:14:25.583111,PHY,0x4601,1,0,na,"[0,",0,0,1,1471.5,+17.4dB,14.3us,"[0,",1,109.9,normal,0,valid,-14.5dB,-14.6dB,na,na,,,,
2025-07-30 21:14:25.586659,PHY,0x4601,2,,na,"[0,",,,11111,,+30.3dB,15.9us,"[0,",1,109.17,normal,0,valid,-11.4dB,-11.4dB,0.18us,+57.1Hz,,"[6,",,1
2025-07-30 21:14:25.587602,PHY,0x4601,1,0,na,"[0,",0,0,1,1090.5,+16.1dB,16.8us,"[0,",1,109.18,normal,0,valid,-14.5dB,-14.6dB,na,na,,,,
2025-07-30 21:14:25.588074,PHY,0x4601,1,0,na,"[0,",0,0,1,1035.7,+15.9dB,14.5us,"[0,",1,109.19,normal,0,valid,-14.5dB,-14.6dB,na,na,,,,
2025-07-30 21:14:25.592198,CSI,0x4601,2,,na,"[0,",,,1,,+31.3dB,12.0us,"[0,",1,110.8,normal,0,valid,-11.4dB,-11.5dB,0.19us,-83.9Hz,,"[6,",1111,1
2025-07-30 21:14:25.593143,PHY,0x4601,1,0,na,"[0,",0,0,1,1082.7,+16.1dB,16.0us,"[0,",1,110.9,normal,0,valid,-14.5dB,-14.6dB,na,na,,,,
2025-07-30 21:14:25.596710,PHY,0x4601,2,,na,"[0,",,,11111,,+29.8dB,14.4us,"[0,",1,110.17,normal,0,valid,-11.5dB,-11.6dB,0.21us,-21.0Hz,,"[6,",,1
2025-07-30 21:14:25.597638,PHY,0x4601,1,0,na,"[0,",0,0,1,1529.1,+17.6dB,17.0us,"[0,",1,110.18,normal,0,valid,-14.5dB,-14.5dB,na,na,,,,
2025-07-30 21:14:25.598107,PHY,0x4601,1,0,na,"[0,",0,0,1,1456.0,+17.4dB,15.4us,"[0,",1,110.19,normal,0,valid,-14.5dB,-14.5dB,na,na,,,,
2025-07-30 21:14:25.602602,PHY,0x4601,1,0,na,"[0,",0,0,1,1393.7,+17.2dB,17.7us,"[0,",1,111.8,normal,0,valid,-14.5dB,-14.6dB,na,na,,,,
2025-07-30 21:14:25.603073,PHY,0x4601,1,0,na,"[0,",0,0,1,1469.7,+17.4dB,15.2us,"[0,",1,111.9,normal,0,valid,-14.6dB,-14.6dB,na,na,,,,
2025-07-30 21:14:25.606715,PHY,0x4601,2,,na,"[0,",,,11111,,+32.2dB,14.7us,"[0,",1,111.17,normal,0,valid,-11.4dB,-11.5dB,0.18us,+5.4Hz,,"[6,",,1
2025-07-30 21:14:25.607667,PHY,0x4601,1,0,na,"[0,",0,0,1,1458.6,+17.4dB,19.1us,"[0,",1,111.18,normal,0,valid,-14.5dB,-14.6dB,na,na,,,,
2025-07-30 21:14:25.608151,PHY,0x4601,1,0,na,"[0,",0,0,1,1390.2,+17.2dB,22.8us,"[0,",1,111.19,normal,0,valid,-14.5dB,-14.6dB,na,na,,,,
2025-07-30 21:14:25.612231,CSI,0x4601,2,,na,"[0,",,,1,,+31.4dB,12.6us,"[0,",1,112.8,normal,0,valid,-11.3dB,-11.4dB,0.19us,+43.3Hz,,"[6,",1111,1
2025-07-30 21:14:25.613113,PHY,0x4601,1,0,na,"[0,",0,0,1,1465.6,+17.4dB,17.9us,"[0,",1,112.9,normal,0,valid,-14.5dB,-14.6dB,na,na,,,,
2025-07-30 21:14:25.616656,PHY,0x4601,2,,na,"[0,",,,11111,,+30.5dB,25.3us,"[0,",1,112.17,normal,0,valid,-11.5dB,-11.5dB,0.20us,+18.6Hz,,"[6,",,1
2025-07-30 21:14:25.617586,PHY,0x4601,1,0,na,"[0,",0,0,1,1194.4,+16.5dB,17.3us,"[0,",1,112.18,normal,0,valid,-14.5dB,-14.6dB,na,na,,,,
2025-07-30 21:14:25.618171,PHY,0x4601,1,0,na,"[0,",0,0,1,1063.1,+16.0dB,15.5us,"[0,",1,112.19,normal,0,valid,-14.5dB,-14.6dB,na,na,,,,
2025-07-30 21:14:25.622664,PHY,0x4601,1,0,na,"[0,",0,0,1,1452.5,+17.4dB,17.0us,"[0,",1,113.8,normal,0,valid,-14.5dB,-14.6dB,na,na,,,,
2025-07-30 21:14:25.623146,PHY,0x4601,1,0,na,"[0,",0,0,1,1529.3,+17.6dB,15.3us,"[0,",1,113.9,normal,0,valid,-14.6dB,-14.6dB,na,na,,,,
2025-07-30 21:14:25.626679,PHY,0x4601,2,,na,"[0,",,,11111,,+34.1dB,16.4us,"[0,",1,113.17,normal,0,valid,-11.5dB,-11.6dB,0.19us,+26.9Hz,,"[6,",,1
2025-07-30 21:14:25.627621,PHY,0x4601,1,0,na,"[0,",0,0,1,1457.2,+17.4dB,18.6us,"[0,",1,113.18,normal,0,valid,-14.5dB,-14.6dB,na,na,,,,
2025-07-30 21:14:25.628105,PHY,0x4601,1,0,na,"[0,",0,0,1,1318.8,+17.0dB,17.4us,"[0,",1,113.19,normal,0,valid,-14.5dB,-14.5dB,na,na,,,,
2025-07-30 21:14:25.632218,CSI,0x4601,2,,na,"[0,",,,1,,+27.6dB,13.4us,"[0,",1,114.8,normal,0,valid,-11.4dB,-11.4dB,0.19us,-111.1Hz,,"[6,",1111,1
2025-07-30 21:14:25.633165,PHY,0x4601,1,0,na,"[0,",0,0,1,1063.2,+16.0dB,18.6us,"[0,",1,114.9,normal,0,valid,-14.5dB,-14.6dB,na,na,,,,
2025-07-30 21:14:25.636723,PHY,0x4601,2,,na,"[0,",,,11111,,+31.5dB,15.2us,"[0,",1,114.17,normal,0,valid,-11.4dB,-11.5dB,0.21us,+27.2Hz,,"[6,",,1
2025-07-30 21:14:25.637648,PHY,0x4601,1,0,na,"[0,",0,0,1,1475.3,+17.4dB,16.9us,"[0,",1,114.18,normal,0,valid,-14.5dB,-14.6dB,na,na,,,,
2025-07-30 21:14:25.638126,PHY,0x4601,1,0,na,"[0,",0,0,1,1565.6,+17.7dB,14.7us,"[0,",1,114.19,normal,0,valid,-14.5dB,-14.6dB,na,na,,,,
2025-07-30 21:14:25.642616,PHY,0x4601,1,0,na,"[0,",0,0,1,1412.3,+17.2dB,17.9us,"[0,",1,115.8,normal,0,valid,-14.5dB,-14.6dB,na,na,,,,
2025-07-30 21:14:25.643083,PHY,0x4601,1,0,na,"[0,",0,0,1,1550.3,+17.6dB,14.6us,"[0,",1,115.9,normal,0,valid,-14.5dB,-14.6dB,na,na,,,,
2025-07-30 21:14:25.646743,PHY,0x4601,2,,na,"[0,",,,11111,,+32.5dB,16.8us,"[0,",1,115.17,normal,0,valid,-11.6dB,-11.6dB,0.19us,-15.1Hz,,"[6,",,1
2025-07-30 21:14:25.647571,PHY,0x4601,1,0,na,"[0,",0,0,1,1460.3,+17.4dB,16.2us,"[0,",1,115.18,normal,0,valid,-14.5dB,-14.6dB,na,na,,,,
2025-07-30 21:14:25.648157,PHY,0x4601,1,0,na,"[0,",0,0,1,1388.9,+17.2dB,16.5us,"[0,",1,115.19,normal,0,valid,-14.5dB,-14.6dB,na,na,,,,
2025-07-30 21:14:25.652252,CSI,0x4601,2,,na,"[0,",,,1,,+30.4dB,12.5us,"[0,",1,116.8,normal,0,valid,-11.5dB,-11.5dB,0.20us,-71.6Hz,,"[6,",1111,1
2025-07-30 21:14:25.653118,PHY,0x4601,1,0,na,"[0,",0,0,1,1104.0,+16.1dB,16.7us,"[0,",1,116.9,normal,0,valid,-14.5dB,-14.7dB,na,na,,,,
2025-07-30 21:14:25.656663,PHY,0x4601,2,,na,"[0,",,,11111,,+30.4dB,14.5us,"[0,",1,116.17,normal,0,valid,-11.5dB,-11.5dB,0.19us,+54.8Hz,,"[6,",,1
2025-07-30 21:14:25.657607,PHY,0x4601,1,0,na,"[0,",0,0,1,1433.7,+17.3dB,17.2us,"[0,",1,116.18,normal,0,valid,-14.5dB,-14.5dB,na,na,,,,
2025-07-30 21:14:25.658078,PHY,0x4601,1,0,na,"[0,",0,0,1,1441.8,+17.3dB,13.9us,"[0,",1,116.19,normal,0,valid,-14.5dB,-14.6dB,na,na,,,,
2025-07-30 21:14:25.662584,PHY,0x4601,1,0,na,"[0,",0,0,1,1497.1,+17.5dB,16.7us,"[0,",1,117.8,normal,0,valid,-14.6dB,-14.6dB,na,na,,,,
2025-07-30 21:14:25.663156,PHY,0x4601,1,0,na,"[0,",0,0,1,1364.6,+17.1dB,16.3us,"[0,",1,117.9,normal,0,valid,-14.5dB,-14.6dB,na,na,,,,
2025-07-30 21:14:25.666692,PHY,0x4601,2,,na,"[0,",,,11111,,+28.8dB,15.7us,"[0,",1,117.17,normal,0,valid,-11.6dB,-11.6dB,0.17us,+58.7Hz,,"[6,",,1
2025-07-30 21:14:25.667636,PHY,0x4601,1,0,na,"[0,",0,0,1,1378.5,+17.1dB,15.6us,"[0,",1,117.18,normal,0,valid,-14.5dB,-14.6dB,na,na,,,,
2025-07-30 21:14:25.668107,PHY,0x4601,1,0,na,"[0,",0,0,1,1433.5,+17.3dB,14.5us,"[0,",1,117.19,normal,0,valid,-14.5dB,-14.5dB,na,na,,,,
2025-07-30 21:14:25.672255,CSI,0x4601,2,,na,"[0,",,,1,,+31.8dB,14.7us,"[0,",1,118.8,normal,0,valid,-11.4dB,-11.4dB,0.19us,-62.0Hz,,"[6,",1111,1
2025-07-30 21:14:25.673079,PHY,0x4601,1,0,na,"[0,",0,0,1,1125.2,+16.3dB,15.9us,"[0,",1,118.9,normal,0,valid,-14.5dB,-14.6dB,na,na,,,,
2025-07-30 21:14:25.676737,PHY,0x4601,2,,na,"[0,",,,11111,,+29.5dB,14.1us,"[0,",1,118.17,normal,0,valid,-11.6dB,-11.6dB,0.19us,-52.9Hz,,"[6,",,1
2025-07-30 21:14:25.677671,PHY,0x4601,1,0,na,"[0,",0,0,1,1427.7,+17.3dB,16.1us,"[0,",1,118.18,normal,0,valid,-14.5dB,-14.6dB,na,na,,,,
2025-07-30 21:14:25.678140,PHY,0x4601,1,0,na,"[0,",0,0,1,1427.8,+17.3dB,15.7us,"[0,",1,118.19,normal,0,valid,-14.5dB,-14.5dB,na,na,,,,
2025-07-30 21:14:25.682637,PHY,0x4601,1,0,na,"[0,",0,0,1,1418.1,+17.3dB,16.5us,"[0,",1,119.8,normal,0,valid,-14.5dB,-14.6dB,na,na,,,,
2025-07-30 21:14:25.683104,PHY,0x4601,1,0,na,"[0,",0,0,1,1443.2,+17.3dB,14.0us,"[0,",1,119.9,normal,0,valid,-14.5dB,-14.6dB,na,na,,,,
2025-07-30 21:14:25.686644,PHY,0x4601,2,,na,"[0,",,,11111,,+31.7dB,14.1us,"[0,",1,119.17,normal,0,valid,-11.5dB,-11.5dB,0.17us,+79.6Hz,,"[6,",,1
2025-07-30 21:14:25.687593,PHY,0x4601,1,0,na,"[0,",0,0,1,1054.0,+15.9dB,16.2us,"[0,",1,119.18,normal,0,valid,-14.5dB,-14.6dB,na,na,,,,
2025-07-30 21:14:25.688069,PHY,0x4601,1,0,na,"[0,",0,0,1,1032.5,+15.9dB,14.9us,"[0,",1,119.19,normal,0,valid,-14.5dB,-14.6dB,na,na,,,,
2025-07-30 21:14:25.692196,CSI,0x4601,2,,na,"[0,",,,1,,+29.5dB,15.5us,"[0,",1,120.8,normal,0,valid,-11.5dB,-11.5dB,0.20us,-16.8Hz,,"[6,",1111,1
2025-07-30 21:14:25.693136,PHY,0x4601,1,0,na,"[0,",0,0,1,1443.1,+17.4dB,15.8us,"[0,",1,120.9,normal,0,valid,-14.5dB,-14.6dB,na,na,,,,
2025-07-30 21:14:25.696686,PHY,0x4601,2,,na,"[0,",,,11111,,+33.1dB,15.0us,"[0,",1,120.17,normal,0,valid,-11.5dB,-11.6dB,0.18us,-74.1Hz,,"[6,",,1
2025-07-30 21:14:25.697620,PHY,0x4601,1,0,na,"[0,",0,0,1,1483.8,+17.4dB,15.5us,"[0,",1,120.18,normal,0,valid,-14.5dB,-14.6dB,na,na,,,,
2025-07-30 21:14:25.698098,PHY,0x4601,1,0,na,"[0,",0,0,1,1371.2,+17.1dB,14.2us,"[0,",1,120.19,normal,0,valid,-14.5dB,-14.6dB,na,na,,,,
2025-07-30 21:14:25.702589,PHY,0x4601,1,0,na,"[0,",0,0,1,1435.1,+17.3dB,16.1us,"[0,",1,121.8,normal,0,valid,-14.5dB,-14.6dB,na,na,,,,
2025-07-30 21:14:25.703174,PHY,0x4601,1,0,na,"[0,",0,0,1,1421.2,+17.3dB,14.3us,"[0,",1,121.9,normal,0,valid,-14.5dB,-14.6dB,na,na,,,,
2025-07-30 21:14:25.706718,PHY,0x4601,2,,na,"[0,",,,11111,,+34.2dB,18.1us,"[0,",1,121.17,normal,0,valid,-11.5dB,-11.5dB,0.17us,-53.2Hz,,"[6,",,1
2025-07-30 21:14:25.707659,PHY,0x4601,1,0,na,"[0,",0,0,1,1403.2,+17.2dB,18.6us,"[0,",1,121.18,normal,0,valid,-14.5dB,-14.6dB,na,na,,,,
2025-07-30 21:14:25.708134,PHY,0x4601,1,0,na,"[0,",0,0,1,1460.3,+17.4dB,18.8us,"[0,",1,121.19,normal,0,valid,-14.5dB,-14.6dB,na,na,,,,
2025-07-30 21:14:25.712226,CSI,0x4601,2,,na,"[0,",,,1,,+30.1dB,11.4us,"[0,",1,122.8,normal,0,valid,-11.4dB,-11.4dB,0.21us,-40.5Hz,,"[6,",1111,1
2025-07-30 21:14:25.713096,PHY,0x4601,1,0,na,"[0,",0,0,1,1111.7,+16.2dB,18.4us,"[0,",1,122.9,normal,0,valid,-14.5dB,-14.6dB,na,na,,,,
2025-07-30 21:14:25.716771,PHY,0x4601,2,,na,"[0,",,,11111,,+31.9dB,15.9us,"[0,",1,122.17,normal,0,valid,-11.6dB,-11.7dB,0.19us,+82.1Hz,,"[6,",,1
2025-07-30 21:14:25.717584,PHY,0x4601,1,0,na,"[0,",0,0,1,1070.2,+16.1dB,15.5us,"[0,",1,122.18,normal,0,valid,-14.5dB,-14.6dB,na,na,,,,
2025-07-30 21:14:25.718167,PHY,0x4601,1,0,na,"[0,",0,0,1,1110.7,+16.2dB,18.3us,"[0,",1,122.19,normal,0,valid,-14.5dB,-14.6dB,na,na,,,,
2025-07-30 21:14:25.722653,PHY,0x4601,1,0,na,"[0,",0,0,1,1464.4,+17.4dB,17.3us,"[0,",1,123.8,normal,0,valid,-14.6dB,-14.6dB,na,na,,,,
2025-07-30 21:14:25.723123,PHY,0x4601,1,0,na,"[0,",0,0,1,1453.9,+17.4dB,14.2us,"[0,",1,123.9,normal,0,valid,-14.6dB,-14.7dB,na,na,,,,
2025-07-30 21:14:25.726668,PHY,0x4601,2,,na,"[0,",,,11111,,+32.1dB,13.9us,"[0,",1,123.17,normal,0,valid,-11.4dB,-11.5dB,0.19us,+93.8Hz,,"[6,",,1
2025-07-30 21:14:25.727610,PHY,0x4601,1,0,na,"[0,",0,0,1,1113.0,+16.2dB,17.0us,"[0,",1,123.18,normal,0,valid,-14.5dB,-14.6dB,na,na,,,,
2025-07-30 21:14:25.728088,PHY,0x4601,1,0,na,"[0,",0,0,1,1075.1,+16.1dB,14.1us,"[0,",1,123.19,normal,0,valid,-14.5dB,-14.6dB,na,na,,,,
2025-07-30 21:14:25.732225,CSI,0x4601,2,,na,"[0,",,,1,,+31.7dB,16.0us,"[0,",1,124.8,normal,0,valid,-11.3dB,-11.3dB,0.19us,-60.4Hz,,"[6,",1111,1
2025-07-30 21:14:25.733165,PHY,0x4601,1,0,na,"[0,",0,0,1,1054.7,+16.0dB,23.1us,"[0,",1,124.9,normal,0,valid,-14.5dB,-14.6dB,na,na,,,,
2025-07-30 21:14:25.736705,PHY,0x4601,2,,na,"[0,",,,11111,,+31.4dB,16.5us,"[0,",1,124.17,normal,0,valid,-11.6dB,-11.6dB,0.18us,-7.0Hz,,"[6,",,1
2025-07-30 21:14:25.737647,PHY,0x4601,1,0,na,"[0,",0,0,1,1426.0,+17.3dB,23.6us,"[0,",1,124.18,normal,0,valid,-14.5dB,-14.5dB,na,na,,,,
2025-07-30 21:14:25.738125,PHY,0x4601,1,0,na,"[0,",0,0,1,1515.0,+17.5dB,19.0us,"[0,",1,124.19,normal,0,valid,-14.5dB,-14.6dB,na,na,,,,
2025-07-30 21:14:25.742607,PHY,0x4601,1,0,na,"[0,",0,0,1,1437.1,+17.3dB,16.7us,"[0,",1,125.8,normal,0,valid,-14.6dB,-14.7dB,na,na,,,,
2025-07-30 21:14:25.743079,PHY,0x4601,1,0,na,"[0,",0,0,1,1374.4,+17.1dB,14.5us,"[0,",1,125.9,normal,0,valid,-14.5dB,-14.6dB,na,na,,,,
2025-07-30 21:14:25.746731,PHY,0x4601,2,,na,"[0,",,,11111,,+34.8dB,14.6us,"[0,",1,125.17,normal,0,valid,-11.5dB,-11.6dB,0.18us,-17.3Hz,,"[6,",,1
2025-07-30 21:14:25.747566,PHY,0x4601,1,0,na,"[0,",0,0,1,1395.0,+17.2dB,15.0us,"[0,",1,125.18,normal,0,valid,-14.5dB,-14.6dB,na,na,,,,
2025-07-30 21:14:25.748148,PHY,0x4601,1,0,na,"[0,",0,0,1,1468.4,+17.4dB,14.1us,"[0,",1,125.19,normal,0,valid,-14.5dB,-14.6dB,na,na,,,,
2025-07-30 21:14:25.752251,CSI,0x4601,2,,na,"[0,",,,1,,+34.4dB,16.6us,"[0,",1,126.8,normal,0,valid,-11.4dB,-11.4dB,0.21us,-5.0Hz,,"[6,",1111,1
2025-07-30 21:14:25.753111,PHY,0x4601,1,0,na,"[0,",0,0,1,1440.2,+17.3dB,17.0us,"[0,",1,126.9,normal,0,valid,-14.5dB,-14.6dB,na,na,,,,
2025-07-30 21:14:25.756667,PHY,0x4601,2,,na,"[0,",,,11111,,+30.0dB,20.1us,"[0,",1,126.17,normal,0,valid,-11.6dB,-11.6dB,0.20us,-26.2Hz,,"[6,",,1
2025-07-30 21:14:25.757599,PHY,0x4601,1,0,na,"[0,",0,0,1,1442.6,+17.3dB,18.2us,"[0,",1,126.18,normal,0,valid,-14.5dB,-14.6dB,na,na,,,,
2025-07-30 21:14:25.758083,PHY,0x4601,1,0,na,"[0,",0,0,1,1532.0,+17.6dB,15.5us,"[0,",1,126.19,normal,0,valid,-14.5dB,-14.6dB,na,na,,,,
2025-07-30 21:14:25.762671,PHY,0x4601,1,0,na,"[0,",0,0,1,1490.5,+17.5dB,17.0us,"[0,",1,127.8,normal,0,valid,-14.5dB,-14.6dB,na,na,,,,
2025-07-30 21:14:25.763140,PHY,0x4601,1,0,na,"[0,",0,0,1,1406.1,+17.2dB,15.5us,"[0,",1,127.9,normal,0,valid,-14.6dB,-14.7dB,na,na,,,,
2025-07-30 21:14:25.766717,PHY,0x4601,2,,na,"[0,",,,11111,,+27.7dB,20.0us,"[0,",1,127.17,normal,0,valid,-11.4dB,-11.5dB,0.17us,+76.7Hz,,"[6,",,1
2025-07-30 21:14:25.767635,PHY,0x4601,1,0,na,"[0,",0,0,1,1366.0,+17.1dB,21.8us,"[0,",1,127.18,normal,0,valid,-14.5dB,-14.6dB,na,na,,,,
2025-07-30 21:14:25.768105,PHY,0x4601,1,0,na,"[0,",0,0,1,1442.1,+17.3dB,14.8us,"[0,",1,127.19,normal,0,valid,-14.5dB,-14.6dB,na,na,,,,
2025-07-30 21:14:25.772306,CSI,0x4601,2,,na,"[0,",,,1,,+31.6dB,13.4us,"[0,",1,128.8,normal,0,valid,-11.5dB,-11.5dB,0.19us,-42.4Hz,,"[6,",1111,1
2025-07-30 21:14:25.773080,PHY,0x4601,1,0,na,"[0,",0,0,1,1418.9,+17.3dB,20.7us,"[0,",1,128.9,normal,0,valid,-14.5dB,-14.6dB,na,na,,,,
2025-07-30 21:14:25.776719,PHY,0x4601,2,,na,"[0,",,,11111,,+31.2dB,14.5us,"[0,",1,128.17,normal,0,valid,-11.6dB,-11.6dB,0.18us,+23.9Hz,,"[6,",,1
2025-07-30 21:14:25.777662,PHY,0x4601,1,0,na,"[0,",0,0,1,1059.5,+16.0dB,16.6us,"[0,",1,128.18,normal,0,valid,-14.5dB,-14.6dB,na,na,,,,
2025-07-30 21:14:25.778138,PHY,0x4601,1,0,na,"[0,",0,0,1,1036.9,+15.9dB,14.6us,"[0,",1,128.19,normal,0,valid,-14.5dB,-14.6dB,na,na,,,,
2025-07-30 21:14:25.782644,PHY,0x4601,1,0,na,"[0,",0,0,1,1479.8,+17.4dB,20.8us,"[0,",1,129.8,normal,0,valid,-14.5dB,-14.6dB,na,na,,,,
2025-07-30 21:14:25.783114,PHY,0x4601,1,0,na,"[0,",0,0,1,1479.8,+17.5dB,19.8us,"[0,",1,129.9,normal,0,valid,-14.5dB,-14.6dB,na,na,,,,
2025-07-30 21:14:25.786643,PHY,0x4601,2,,na,"[0,",,,11111,,+30.7dB,14.4us,"[0,",1,129.17,normal,0,valid,-11.5dB,-11.5dB,0.18us,-8.6Hz,,"[6,",,1
2025-07-30 21:14:25.787585,PHY,0x4601,1,0,na,"[0,",0,0,1,1141.0,+16.3dB,17.0us,"[0,",1,129.18,normal,0,valid,-14.5dB,-14.6dB,na,na,,,,
2025-07-30 21:14:25.788166,PHY,0x4601,1,0,na,"[0,",0,0,1,1019.2,+15.8dB,13.7us,"[0,",1,129.19,normal,0,valid,-14.5dB,-14.6dB,na,na,,,,
2025-07-30 21:14:25.792183,CSI,0x4601,2,,na,"[0,",,,1,,+31.2dB,13.4us,"[0,",1,130.8,normal,0,valid,-11.6dB,-11.6dB,0.21us,-10.1Hz,,"[6,",1111,1
2025-07-30 21:14:25.793138,PHY,0x4601,1,0,na,"[0,",0,0,1,1073.2,+16.1dB,17.6us,"[0,",1,130.9,normal,0,valid,-14.5dB,-14.6dB,na,na,,,,
2025-07-30 21:14:25.796684,PHY,0x4601,2,,na,"[0,",,,11111,,+31.6dB,21.9us,"[0,",1,130.17,normal,0,valid,-11.4dB,-11.5dB,0.17us,+115.6Hz,,"[6,",,1
2025-07-30 21:14:25.797625,PHY,0x4601,1,0,na,"[0,",0,0,1,1017.6,+15.8dB,17.5us,"[0,",1,130.18,normal,0,valid,-14.5dB,-14.6dB,na,na,,,,
2025-07-30 21:14:25.798095,PHY,0x4601,1,0,na,"[0,",0,0,1,1040.2,+15.9dB,14.7us,"[0,",1,130.19,normal,0,valid,-14.5dB,-14.6dB,na,na,,,,
2025-07-30 21:14:25.802583,PHY,0x4601,1,0,na,"[0,",0,0,1,1330.3,+17.0dB,16.6us,"[0,",1,131.8,normal,0,valid,-14.5dB,-14.6dB,na,na,,,,
2025-07-30 21:14:25.803162,PHY,0x4601,1,0,na,"[0,",0,0,1,1433.5,+17.3dB,14.6us,"[0,",1,131.9,normal,0,valid,-14.6dB,-14.6dB,na,na,,,,
2025-07-30 21:14:25.806716,PHY,0x4601,2,,na,"[0,",,,11111,,+31.7dB,15.9us,"[0,",1,131.17,normal,0,valid,-11.4dB,-11.5dB,0.18us,+13.9Hz,,"[6,",,1
2025-07-30 21:14:25.807652,PHY,0x4601,1,0,na,"[0,",0,0,1,1376.0,+17.1dB,21.0us,"[0,",1,131.18,normal,0,valid,-14.5dB,-14.6dB,na,na,,,,
2025-07-30 21:14:25.808123,PHY,0x4601,1,0,na,"[0,",0,0,1,1388.8,+17.2dB,14.9us,"[0,",1,131.19,normal,0,valid,-14.5dB,-14.6dB,na,na,,,,
2025-07-30 21:14:25.812228,CSI,0x4601,2,,na,"[0,",,,1,,+32.4dB,12.3us,"[0,",1,132.8,normal,0,valid,-11.4dB,-11.4dB,0.20us,-68.7Hz,,"[6,",1111,1
2025-07-30 21:14:25.813094,PHY,0x4601,1,0,na,"[0,",0,0,1,1484.5,+17.5dB,20.9us,"[0,",1,132.9,normal,0,valid,-14.5dB,-14.6dB,na,na,,,,
2025-07-30 21:14:25.816755,PHY,0x4601,2,,na,"[0,",,,11111,,+31.4dB,22.5us,"[0,",1,132.17,normal,0,valid,-11.6dB,-11.6dB,0.19us,+39.5Hz,,"[6,",,1
2025-07-30 21:14:25.817577,PHY,0x4601,1,0,na,"[0,",0,0,1,1397.8,+17.2dB,18.4us,"[0,",1,132.18,normal,0,valid,-14.5dB,-14.6dB,na,na,,,,
2025-07-30 21:14:25.818165,PHY,0x4601,1,0,na,"[0,",0,0,1,1413.6,+17.2dB,16.1us,"[0,",1,132.19,normal,0,valid,-14.5dB,-14.6dB,na,na,,,,
2025-07-30 21:14:25.822660,PHY,0x4601,1,0,na,"[0,",0,0,1,1513.9,+17.6dB,18.9us,"[0,",1,133.8,normal,0,valid,-14.4dB,-14.5dB,na,na,,,,
2025-07-30 21:14:25.823162,PHY,0x4601,1,0,na,"[0,",0,0,1,1366.5,+17.1dB,17.0us,"[0,",1,133.9,normal,0,valid,-14.4dB,-14.5dB,na,na,,,,
2025-07-30 21:14:25.826671,PHY,0x4601,2,,na,"[0,",,,11111,,+31.4dB,20.5us,"[0,",1,133.17,normal,0,valid,-11.4dB,-11.5dB,0.21us,+114.3Hz,,"[6,",,1
2025-07-30 21:14:25.827609,PHY,0x4601,1,0,na,"[0,",0,0,1,1410.9,+17.2dB,17.8us,"[0,",1,133.18,normal,0,valid,-14.4dB,-14.5dB,na,na,,,,
2025-07-30 21:14:25.828087,PHY,0x4601,1,0,na,"[0,",0,0,1,1413.5,+17.2dB,19.5us,"[0,",1,133.19,normal,0,valid,-14.4dB,-14.5dB,na,na,,,,
2025-07-30 21:14:25.832217,CSI,0x4601,2,,na,"[0,",,,1,,+28.8dB,16.9us,"[0,",1,134.8,normal,0,valid,-11.4dB,-11.4dB,0.19us,-12.6Hz,,"[6,",1111,1
2025-07-30 21:14:25.833147,PHY,0x4601,1,0,na,"[0,",0,0,1,1464.0,+17.4dB,16.6us,"[0,",1,134.9,normal,0,valid,-14.4dB,-14.5dB,na,na,,,,
2025-07-30 21:14:25.836701,PHY,0x4601,2,,na,"[0,",,,11111,,+32.0dB,16.8us,"[0,",1,134.17,normal,0,valid,-11.4dB,-11.5dB,0.19us,+23.2Hz,,"[6,",,1
2025-07-30 21:14:25.837640,PHY,0x4601,1,0,na,"[0,",0,0,1,1406.6,+17.2dB,19.0us,"[0,",1,134.18,normal,0,valid,-14.4dB,-14.5dB,na,na,,,,
2025-07-30 21:14:25.838109,PHY,0x4601,1,0,na,"[0,",0,0,1,1453.6,+17.4dB,15.9us,"[0,",1,134.19,normal,0,valid,-14.4dB,-14.5dB,na,na,,,,
2025-07-30 21:14:25.842613,PHY,0x4601,1,0,na,"[0,",0,0,1,1488.2,+17.5dB,17.3us,"[0,",1,135.8,normal,0,valid,-14.4dB,-14.5dB,na,na,,,,
2025-07-30 21:14:25.843082,PHY,0x4601,1,0,na,"[0,",0,0,1,1368.8,+17.1dB,15.8us,"[0,",1,135.9,normal,0,valid,-14.4dB,-14.5dB,na,na,,,,
2025-07-30 21:14:25.846725,PHY,0x4601,2,,na,"[0,",,,11111,,+35.0dB,14.4us,"[0,",1,135.17,normal,0,valid,-11.5dB,-11.5dB,0.19us,+57.5Hz,,"[6,",,1
2025-07-30 21:14:25.847680,PHY,0x4601,1,0,na,"[0,",0,0,1,1098.0,+16.2dB,18.8us,"[0,",1,135.18,normal,0,valid,-14.4dB,-14.5dB,na,na,,,,
2025-07-30 21:14:25.848144,PHY,0x4601,1,0,na,"[0,",0,0,1,1133.6,+16.3dB,15.5us,"[0,",1,135.19,normal,0,valid,-14.4dB,-14.5dB,na,na,,,,
2025-07-30 21:14:25.852243,CSI,0x4601,2,,na,"[0,",,,1,,+30.1dB,20.6us,"[0,",1,136.8,normal,0,valid,-11.5dB,-11.5dB,0.19us,+2.3Hz,,"[6,",1111,1
2025-07-30 21:14:25.853110,PHY,0x4601,1,0,na,"[0,",0,0,1,984.9,+15.7dB,16.9us,"[0,",1,136.9,normal,0,valid,-14.4dB,-14.6dB,na,na,,,,
2025-07-30 21:14:25.856654,PHY,0x4601,2,,na,"[0,",,,11111,,+28.2dB,15.1us,"[0,",1,136.17,normal,0,valid,-11.4dB,-11.5dB,0.20us,-52.7Hz,,"[6,",,1
2025-07-30 21:14:25.857594,PHY,0x4601,1,0,na,"[0,",0,0,1,1115.6,+16.2dB,18.4us,"[0,",1,136.18,normal,0,valid,-14.4dB,-14.5dB,na,na,,,,
2025-07-30 21:14:25.858072,PHY,0x4601,1,0,na,"[0,",0,0,1,1075.5,+16.1dB,17.7us,"[0,",1,136.19,normal,0,valid,-14.4dB,-14.5dB,na,na,,,,
2025-07-30 21:14:25.862670,PHY,0x4601,1,0,na,"[0,",0,0,1,1444.4,+17.3dB,18.8us,"[0,",1,137.8,normal,0,valid,-14.4dB,-14.5dB,na,na,,,,
2025-07-30 21:14:25.863134,PHY,0x4601,1,0,na,"[0,",0,0,1,1441.8,+17.3dB,15.7us,"[0,",1,137.9,normal,0,valid,-14.5dB,-14.5dB,na,na,,,,
2025-07-30 21:14:25.866704,PHY,0x4601,2,,na,"[0,",,,11111,,+34.3dB,15.1us,"[0,",1,137.17,normal,0,valid,-11.5dB,-11.5dB,0.18us,-16.4Hz,,"[6,",,1
2025-07-30 21:14:25.867623,PHY,0x4601,1,0,na,"[0,",0,0,1,996.4,+15.7dB,15.5us,"[0,",1,137.18,normal,0,valid,-14.4dB,-14.5dB,na,na,,,,
2025-07-30 21:14:25.868106,PHY,0x4601,1,0,na,"[0,",0,0,1,1082.9,+16.1dB,19.3us,"[0,",1,137.19,normal,0,valid,-14.4dB,-14.5dB,na,na,,,,
2025-07-30 21:14:25.872224,CSI,0x4601,2,,na,"[0,",,,1,,+32.3dB,11.9us,"[0,",1,138.8,normal,0,valid,-11.5dB,-11.5dB,0.19us,+19.8Hz,,"[6,",1111,1
2025-07-30 21:14:25.873174,PHY,0x4601,1,0,na,"[0,",0,0,1,1083.7,+16.1dB,16.3us,"[0,",1,138.9,normal,0,valid,-14.4dB,-14.5dB,na,na,,,,
2025-07-30 21:14:25.876741,PHY,0x4601,2,,na,"[0,",,,11111,,+33.5dB,16.6us,"[0,",1,138.17,normal,0,valid,-11.4dB,-11.5dB,0.19us,-5.4Hz,,"[6,",,1
2025-07-30 21:14:25.877654,PHY,0x4601,1,0,na,"[0,",0,0,1,1386.1,+17.2dB,15.8us,"[0,",1,138.18,normal,0,valid,-14.4dB,-14.5dB,na,na,,,,
2025-07-30 21:14:25.878144,PHY,0x4601,1,0,na,"[0,",0,0,1,1400.3,+17.2dB,26.7us,"[0,",1,138.19,normal,0,valid,-14.4dB,-14.5dB,na,na,,,,
2025-07-30 21:14:25.882622,PHY,0x4601,1,0,na,"[0,",0,0,1,1399.3,+17.2dB,16.5us,"[0,",1,139.8,normal,0,valid,-14.5dB,-14.6dB,na,na,,,,
2025-07-30 21:14:25.883088,PHY,0x4601,1,0,na,"[0,",0,0,1,1356.8,+17.1dB,13.7us,"[0,",1,139.9,normal,0,valid,-14.5dB,-14.6dB,na,na,,,,
2025-07-30 21:14:25.886752,PHY,0x4601,2,,na,"[0,",,,11111,,+29.9dB,14.6us,"[0,",1,139.17,normal,0,valid,-11.4dB,-11.4dB,0.21us,+151.8Hz,,"[6,",,1
2025-07-30 21:14:25.887577,PHY,0x4601,1,0,na,"[0,",0,0,1,1357.8,+17.1dB,16.1us,"[0,",1,139.18,normal,0,valid,-14.4dB,-14.5dB,na,na,,,,
2025-07-30 21:14:25.888162,PHY,0x4601,1,0,na,"[0,",0,0,1,1380.9,+17.1dB,15.1us,"[0,",1,139.19,normal,0,valid,-14.4dB,-14.5dB,na,na,,,,
2025-07-30 21:14:25.892186,CSI,0x4601,2,,na,"[0,",,,1,,+28.3dB,12.4us,"[0,",1,140.8,normal,0,valid,-11.4dB,-11.4dB,0.20us,-7.9Hz,,"[6,",1111,1
2025-07-30 21:14:25.893147,PHY,0x4601,1,0,na,"[0,",0,0,1,1121.7,+16.3dB,23.2us,"[0,",1,140.9,normal,0,valid,-14.4dB,-14.5dB,na,na,,,,
2025-07-30 21:14:25.896671,PHY,0x4601,2,,na,"[0,",,,11111,,+30.6dB,14.2us,"[0,",1,140.17,normal,0,valid,-11.4dB,-11.4dB,0.19us,-40.9Hz,,"[6,",,1
2025-07-30 21:14:25.897612,PHY,0x4601,1,0,na,"[0,",0,0,1,1076.4,+16.0dB,17.2us,"[0,",1,140.18,normal,0,valid,-14.4dB,-14.5dB,na,na,,,,
2025-07-30 21:14:25.898083,PHY,0x4601,1,0,na,"[0,",0,0,1,978.2,+15.6dB,14.2us,"[0,",1,140.19,normal,0,valid,-14.4dB,-14.5dB,na,na,,,,
2025-07-30 21:14:25.902576,PHY,0x4601,1,0,na,"[0,",0,0,1,1377.0,+17.1dB,17.3us,"[0,",1,141.8,normal,0,valid,-14.4dB,-14.5dB,na,na,,,,
2025-07-30 21:14:25.903155,PHY,0x4601,1,0,na,"[0,",0,0,1,1358.4,+17.0dB,14.8us,"[0,",1,141.9,normal,0,valid,-14.5dB,-14.6dB,na,na,,,,
2025-07-30 21:14:25.906729,PHY,0x4601,2,,na,"[0,",,,11111,,+34.9dB,15.3us,"[0,",1,141.17,normal,0,valid,-11.5dB,-11.5dB,0.19us,-46.9Hz,,"[6,",,1
2025-07-30 21:14:25.907646,PHY,0x4601,1,0,na,"[0,",0,0,1,1392.7,+17.2dB,16.1us,"[0,",1,141.18,normal,0,valid,-14.4dB,-14.5dB,na,na,,,,
2025-07-30 21:14:25.908113,PHY,0x4601,1,0,na,"[0,",0,0,1,1330.0,+17.0dB,14.4us,"[0,",1,141.19,normal,0,valid,-14.4dB,-14.5dB,na,na,,,,
2025-07-30 21:14:25.912254,CSI,0x4601,2,,na,"[0,",,,1,,+35.5dB,15.3us,"[0,",1,142.8,normal,0,valid,-11.4dB,-11.4dB,0.19us,-1.7Hz,,"[6,",1111,1
2025-07-30 21:14:25.913072,PHY,0x4601,1,0,na,"[0,",0,0,1,1445.8,+17.3dB,16.0us,"[0,",1,142.9,normal,0,valid,-14.4dB,-14.5dB,na,na,,,,
2025-07-30 21:14:25.916722,PHY,0x4601,2,,na,"[0,",,,11111,,+27.7dB,14.2us,"[0,",1,142.17,normal,0,valid,-11.4dB,-11.5dB,0.22us,+36.0Hz,,"[6,",,1
2025-07-30 21:14:25.917565,PHY,0x4601,1,0,na,"[0,",0,0,1,1037.2,+15.9dB,15.6us,"[0,",1,142.18,normal,0,valid,-14.4dB,-14.5dB,na,na,,,,
2025-07-30 21:14:25.918155,PHY,0x4601,1,0,na,"[0,",0,0,1,1109.2,+16.2dB,18.8us,"[0,",1,142.19,normal,0,valid,-14.4dB,-14.5dB,na,na,,,,
2025-07-30 21:14:25.922638,PHY,0x4601,1,0,na,"[0,",0,0,1,1428.5,+17.3dB,16.5us,"[0,",1,143.8,normal,0,valid,-14.4dB,-14.5dB,na,na,,,,
2025-07-30 21:14:25.923112,PHY,0x4601,1,0,na,"[0,",0,0,1,1424.0,+17.2dB,19.8us,"[0,",1,143.9,normal,0,valid,-14.4dB,-14.6dB,na,na,,,,
2025-07-30 21:14:25.926656,PHY,0x4601,2,,na,"[0,",,,11111,,+33.3dB,14.9us,"[0,",1,143.17,normal,0,valid,-11.4dB,-11.4dB,0.19us,+131.8Hz,,"[6,",,1
2025-07-30 21:14:25.927604,PHY,0x4601,1,0,na,"[0,",0,0,1,1429.5,+17.3dB,15.6us,"[0,",1,143.18,normal,0,valid,-14.4dB,-14.5dB,na,na,,,,
2025-07-30 21:14:25.928079,PHY,0x4601,1,0,na,"[0,",0,0,1,1407.9,+17.2dB,17.6us,"[0,",1,143.19,normal,0,valid,-14.4dB,-14.5dB,na,na,,,,
2025-07-30 21:14:25.932198,CSI,0x4601,2,,na,"[0,",,,1,,+30.7dB,15.4us,"[0,",1,144.8,normal,0,valid,-11.4dB,-11.4dB,0.20us,+50.2Hz,,"[6,",1111,1
2025-07-30 21:14:25.933141,PHY,0x4601,1,0,na,"[0,",0,0,1,1312.0,+16.9dB,16.1us,"[0,",1,144.9,normal,0,valid,-14.4dB,-14.5dB,na,na,,,,
2025-07-30 21:14:25.936699,PHY,0x4601,2,,na,"[0,",,,11111,,+32.8dB,14.3us,"[0,",1,144.17,normal,0,valid,-11.4dB,-11.4dB,0.20us,+58.7Hz,,"[6,",,1
2025-07-30 21:14:25.937636,PHY,0x4601,1,0,na,"[0,",0,0,1,1366.7,+17.1dB,18.3us,"[0,",1,144.18,normal,0,valid,-14.4dB,-14.4dB,na,na,,,,
2025-07-30 21:14:25.938122,PHY,0x4601,1,0,na,"[0,",0,0,1,1339.3,+17.0dB,16.0us,"[0,",1,144.19,normal,0,valid,-14.4dB,-14.5dB,na,na,,,,
2025-07-30 21:14:25.942601,PHY,0x4601,1,0,na,"[0,",0,0,1,1360.2,+17.1dB,16.8us,"[0,",1,145.8,normal,0,valid,-14.4dB,-14.5dB,na,na,,,,
2025-07-30 21:14:25.943077,PHY,0x4601,1,0,na,"[0,",0,0,1,1323.4,+17.0dB,20.7us,"[0,",1,145.9,normal,0,valid,-14.4dB,-14.5dB,na,na,,,,
2025-07-30 21:14:25.946719,PHY,0x4601,2,,na,"[0,",,,11111,,+33.2dB,16.2us,"[0,",1,145.17,normal,0,valid,-11.5dB,-11.6dB,0.17us,-18.8Hz,,"[6,",,1
2025-07-30 21:14:25.947662,PHY,0x4601,1,0,na,"[0,",0,0,1,1362.1,+17.1dB,16.4us,"[0,",1,145.18,normal,0,valid,-14.4dB,-14.5dB,na,na,,,,
2025-07-30 21:14:25.948144,PHY,0x4601,1,0,na,"[0,",0,0,1,1498.4,+17.5dB,19.1us,"[0,",1,145.19,normal,0,valid,-14.4dB,-14.5dB,na,na,,,,
2025-07-30 21:14:25.952231,CSI,0x4601,2,,na,"[0,",,,1,,+34.9dB,14.3us,"[0,",1,146.8,normal,0,valid,-11.3dB,-11.3dB,0.20us,+30.5Hz,,"[6,",1111,1
2025-07-30 21:14:25.953107,PHY,0x4601,1,0,na,"[0,",0,0,1,1049.9,+16.0dB,20.7us,"[0,",1,146.9,normal,0,valid,-14.4dB,-14.5dB,na,na,,,,
2025-07-30 21:14:25.956645,PHY,0x4601,2,,na,"[0,",,,11111,,+33.8dB,14.8us,"[0,",1,146.17,normal,0,valid,-11.4dB,-11.5dB,0.21us,+48.6Hz,,"[6,",,1
2025-07-30 21:14:25.957587,PHY,0x4601,1,0,na,"[0,",0,0,1,1328.6,+17.0dB,17.2us,"[0,",1,146.18,normal,0,valid,-14.4dB,-14.5dB,na,na,,,,
2025-07-30 21:14:25.958171,PHY,0x4601,1,0,na,"[0,",0,0,1,1317.5,+17.0dB,16.0us,"[0,",1,146.19,normal,0,valid,-14.4dB,-14.5dB,na,na,,,,
2025-07-30 21:14:25.962662,PHY,0x4601,1,0,na,"[0,",0,0,1,1499.7,+17.5dB,19.6us,"[0,",1,147.8,normal,0,valid,-14.4dB,-14.5dB,na,na,,,,
2025-07-30 21:14:25.963129,PHY,0x4601,1,0,na,"[0,",0,0,1,1450.7,+17.3dB,14.4us,"[0,",1,147.9,normal,0,valid,-14.5dB,-14.5dB,na,na,,,,
2025-07-30 21:14:25.966680,PHY,0x4601,2,,na,"[0,",,,11111,,+31.0dB,15.1us,"[0,",1,147.17,normal,0,valid,-11.4dB,-11.4dB,0.19us,+11.1Hz,,"[6,",,1
2025-07-30 21:14:25.967616,PHY,0x4601,1,0,na,"[0,",0,0,1,1024.4,+15.8dB,16.2us,"[0,",1,147.18,normal,0,valid,-14.4dB,-14.5dB,na,na,,,,
2025-07-30 21:14:25.968101,PHY,0x4601,1,0,na,"[0,",0,0,1,1071.6,+16.0dB,14.7us,"[0,",1,147.19,normal,0,valid,-14.4dB,-14.5dB,na,na,,,,
2025-07-30 21:14:25.972223,CSI,0x4601,2,,na,"[0,",,,1,,+35.1dB,12.0us,"[0,",1,148.8,normal,0,valid,-11.4dB,-11.4dB,0.20us,-14.9Hz,,"[6,",1111,1
2025-07-30 21:14:25.973167,PHY,0x4601,1,0,na,"[0,",0,0,1,1514.1,+17.5dB,17.9us,"[0,",1,148.9,normal,0,valid,-14.4dB,-14.5dB,na,na,,,,
2025-07-30 21:14:25.976731,PHY,0x4601,2,,na,"[0,",,,11111,,+32.9dB,15.4us,"[0,",1,148.17,normal,0,valid,-11.5dB,-11.5dB,0.19us,-19.1Hz,,"[6,",,1
2025-07-30 21:14:25.977651,PHY,0x4601,1,0,na,"[0,",0,0,1,1096.0,+16.1dB,17.8us,"[0,",1,148.18,normal,0,valid,-14.4dB,-14.5dB,na,na,,,,
2025-07-30 21:14:25.978120,PHY,0x4601,1,0,na,"[0,",0,0,1,1077.1,+16.0dB,14.7us,"[0,",1,148.19,normal,0,valid,-14.4dB,-14.5dB,na,na,,,,
2025-07-30 21:14:25.982618,PHY,0x4601,1,0,na,"[0,",0,0,1,1485.4,+17.5dB,22.1us,"[0,",1,149.8,normal,0,valid,-14.5dB,-14.5dB,na,na,,,,
2025-07-30 21:14:25.983085,PHY,0x4601,1,0,na,"[0,",0,0,1,1378.5,+17.1dB,16.0us,"[0,",1,149.9,normal,0,valid,-14.4dB,-14.5dB,na,na,,,,
2025-07-30 21:14:25.986746,PHY,0x4601,2,,na,"[0,",,,11111,,+31.6dB,17.6us,"[0,",1,149.17,normal,0,valid,-11.5dB,-11.6dB,0.19us,+10.0Hz,,"[6,",,1
2025-07-30 21:14:25.987583,PHY,0x4601,1,0,na,"[0,",0,0,1,1368.9,+17.1dB,16.8us,"[0,",1,149.18,normal,0,valid,-14.4dB,-14.4dB,na,na,,,,
2025-07-30 21:14:25.988159,PHY,0x4601,1,0,na,"[0,",0,0,1,1402.1,+17.2dB,15.1us,"[0,",1,149.19,normal,0,valid,-14.4dB,-14.5dB,na,na,,,,
2025-07-30 21:14:25.992263,CSI,0x4601,2,,na,"[0,",,,1,,+32.0dB,14.6us,"[0,",1,150.8,normal,0,valid,-11.3dB,-11.4dB,0.19us,-138.3Hz,,"[6,",1111,1
2025-07-30 21:14:25.993118,PHY,0x4601,1,0,na,"[0,",0,0,1,1032.7,+15.9dB,16.6us,"[0,",1,150.9,normal,0,valid,-14.4dB,-14.5dB,na,na,,,,
2025-07-30 21:14:25.996663,PHY,0x4601,2,,na,"[0,",,,11111,,+30.9dB,14.4us,"[0,",1,150.17,normal,0,valid,-11.4dB,-11.4dB,0.18us,+8.1Hz,,"[6,",,1
2025-07-30 21:14:25.997620,PHY,0x4601,1,0,na,"[0,",0,0,1,1380.4,+17.1dB,16.8us,"[0,",1,150.18,normal,0,valid,-14.4dB,-14.5dB,na,na,,,,
2025-07-30 21:14:25.998076,PHY,0x4601,1,0,na,"[0,",0,0,1,1351.1,+17.0dB,14.9us,"[0,",1,150.19,normal,0,valid,-14.4dB,-14.5dB,na,na,,,,
2025-07-30 21:14:26.002582,PHY,0x4601,1,0,na,"[0,",0,0,1,1351.8,+17.0dB,18.1us,"[0,",1,151.8,normal,0,valid,-14.5dB,-14.5dB,na,na,,,,
2025-07-30 21:14:26.003150,PHY,0x4601,1,0,na,"[0,",0,0,1,1413.1,+17.2dB,15.5us,"[0,",1,151.9,normal,0,valid,-14.4dB,-14.5dB,na,na,,,,
2025-07-30 21:14:26.006715,PHY,0x4601,2,,na,"[0,",,,11111,,+32.5dB,16.8us,"[0,",1,151.17,normal,0,valid,-11.5dB,-11.5dB,0.19us,-4.7Hz,,"[6,",,1
2025-07-30 21:14:26.007646,PHY,0x4601,1,0,na,"[0,",0,0,1,1075.6,+16.0dB,18.9us,"[0,",1,151.18,normal,0,valid,-14.4dB,-14.5dB,na,na,,,,
2025-07-30 21:14:26.008111,PHY,0x4601,1,0,na,"[0,",0,0,1,1030.1,+15.9dB,14.9us,"[0,",1,151.19,normal,0,valid,-14.4dB,-14.5dB,na,na,,,,
2025-07-30 21:14:26.012257,CSI,0x4601,2,,na,"[0,",,,1,,+30.6dB,24.5us,"[0,",1,152.8,normal,0,valid,-11.4dB,-11.4dB,0.19us,+45.8Hz,,"[6,",1111,1
2025-07-30 21:14:26.013078,PHY,0x4601,1,0,na,"[0,",0,0,1,1269.8,+16.8dB,16.3us,"[0,",1,152.9,normal,0,valid,-14.4dB,-14.5dB,na,na,,,,
2025-07-30 21:14:26.016742,PHY,0x4601,2,,na,"[0,",,,11111,,+31.1dB,15.8us,"[0,",1,152.17,normal,0,valid,-11.4dB,-11.5dB,0.19us,-1.3Hz,,"[6,",,1
2025-07-30 21:14:26.017671,PHY,0x4601,1,0,na,"[0,",0,0,1,1369.8,+17.1dB,20.2us,"[0,",1,152.18,normal,0,valid,-14.4dB,-14.5dB,na,na,,,,
2025-07-30 21:14:26.018139,PHY,0x4601,1,0,na,"[0,",0,0,1,1354.5,+17.1dB,15.5us,"[0,",1,152.19,normal,0,valid,-14.4dB,-14.5dB,na,na,,,,
2025-07-30 21:14:26.022632,PHY,0x4601,1,0,na,"[0,",0,0,1,1483.3,+17.4dB,17.8us,"[0,",1,153.8,normal,0,valid,-14.4dB,-14.5dB,na,na,,,,
2025-07-30 21:14:26.023103,PHY,0x4601,1,0,na,"[0,",0,0,1,1367.6,+17.1dB,14.6us,"[0,",1,153.9,normal,0,valid,-14.5dB,-14.6dB,na,na,,,,
2025-07-30 21:14:26.026646,PHY,0x4601,2,,na,"[0,",,,11111,,+29.9dB,14.1us,"[0,",1,153.17,normal,0,valid,-11.4dB,-11.4dB,0.20us,+47.1Hz,,"[6,",,1
2025-07-30 21:14:26.027591,PHY,0x4601,1,0,na,"[0,",0,0,1,1130.7,+16.3dB,15.5us,"[0,",1,153.18,normal,0,valid,-14.4dB,-14.5dB,na,na,,,,
2025-07-30 21:14:26.028068,PHY,0x4601,1,0,na,"[0,",0,0,1,1012.4,+15.8dB,14.4us,"[0,",1,153.19,normal,0,valid,-14.4dB,-14.5dB,na,na,,,,
2025-07-30 21:14:26.032205,CSI,0x4601,2,,na,"[0,",,,1,,+31.7dB,12.5us,"[0,",1,154.8,normal,0,valid,-11.3dB,-11.3dB,0.19us,-36.2Hz,,"[6,",1111,1
2025-07-30 21:14:26.033139,PHY,0x4601,1,0,na,"[0,",0,0,1,1291.5,+16.9dB,15.6us,"[0,",1,154.9,normal,0,valid,-14.4dB,-14.5dB,na,na,,,,
2025-07-30 21:14:26.036682,PHY,0x4601,2,,na,"[0,",,,11111,,+33.3dB,16.0us,"[0,",1,154.17,normal,0,valid,-11.5dB,-11.6dB,0.19us,+38.8Hz,,"[6,",,1
2025-07-30 21:14:26.037629,PHY,0x4601,1,0,na,"[0,",0,0,1,1061.1,+16.0dB,15.0us,"[0,",1,154.18,normal,0,valid,-14.4dB,-14.4dB,na,na,,,,
2025-07-30 21:14:26.038099,PHY,0x4601,1,0,na,"[0,",0,0,1,1043.0,+15.9dB,15.9us,"[0,",1,154.19,normal,0,valid,-14.4dB,-14.5dB,na,na,,,,
2025-07-30 21:14:26.042594,PHY,0x4601,1,0,na,"[0,",0,0,1,1481.9,+17.4dB,19.9us,"[0,",1,155.8,normal,0,valid,-14.4dB,-14.5dB,na,na,,,,
2025-07-30 21:14:26.043170,PHY,0x4601,1,0,na,"[0,",0,0,1,1379.9,+17.1dB,14.3us,"[0,",1,155.9,normal,0,valid,-14.4dB,-14.5dB,na,na,,,,
2025-07-30 21:14:26.046720,PHY,0x4601,2,,na,"[0,",,,11111,,+32.6dB,14.4us,"[0,",1,155.17,normal,0,valid,-11.4dB,-11.5dB,0.19us,+24.2Hz,,"[6,",,1
2025-07-30 21:14:26.047657,PHY,0x4601,1,0,na,"[0,",0,0,1,991.3,+15.7dB,16.5us,"[0,",1,155.18,normal,0,valid,-14.4dB,-14.5dB,na,na,,,,
2025-07-30 21:14:26.048130,PHY,0x4601,1,0,na,"[0,",0,0,1,1012.4,+15.8dB,14.2us,"[0,",1,155.19,normal,0,valid,-14.4dB,-14.5dB,na,na,,,,
2025-07-30 21:14:26.052219,CSI,0x4601,2,,na,"[0,",,,1,,+33.3dB,12.0us,"[0,",1,156.8,normal,0,valid,-11.4dB,-11.4dB,0.21us,-122.2Hz,,"[6,",1111,1
2025-07-30 21:14:26.053091,PHY,0x4601,1,0,na,"[0,",0,0,1,1314.5,+16.9dB,15.8us,"[0,",1,156.9,normal,0,valid,-14.4dB,-14.5dB,na,na,,,,
2025-07-30 21:14:26.056763,PHY,0x4601,2,,na,"[0,",,,11111,,+32.7dB,16.4us,"[0,",1,156.17,normal,0,valid,-11.5dB,-11.5dB,0.19us,-0.1Hz,,"[6,",,1
2025-07-30 21:14:26.057573,PHY,0x4601,1,0,na,"[0,",0,0,1,1063.3,+16.0dB,15.9us,"[0,",1,156.18,normal,0,valid,-14.4dB,-14.5dB,na,na,,,,
2025-07-30 21:14:26.058164,PHY,0x4601,1,0,na,"[0,",0,0,1,1135.4,+16.3dB,20.1us,"[0,",1,156.19,normal,0,valid,-14.4dB,-14.5dB,na,na,,,,
2025-07-30 21:14:26.062939,PHY,0x4601,1,0,na,"[0,",0,0,1,1406.2,+17.2dB,17.0us,"[0,",1,157.8,normal,0,valid,-14.4dB,-14.5dB,na,na,,,,
2025-07-30 21:14:26.063141,PHY,0x4601,1,0,na,"[0,",0,0,1,1388.4,+17.2dB,14.3us,"[0,",1,157.9,normal,0,valid,-14.4dB,-14.5dB,na,na,,,,
2025-07-30 21:14:26.066669,PHY,0x4601,2,,na,"[0,",,,11111,,+32.6dB,14.9us,"[0,",1,157.17,normal,0,valid,-11.4dB,-11.4dB,0.18us,-45.7Hz,,"[6,",,1
2025-07-30 21:14:26.067614,PHY,0x4601,1,0,na,"[0,",0,0,1,1080.9,+16.1dB,18.3us,"[0,",1,157.18,normal,0,valid,-14.4dB,-14.5dB,na,na,,,,
2025-07-30 21:14:26.068084,PHY,0x4601,1,0,na,"[0,",0,0,1,1008.6,+15.8dB,14.2us,"[0,",1,157.19,normal,0,valid,-14.4dB,-14.5dB,na,na,,,,
2025-07-30 21:14:26.072217,CSI,0x4601,2,,na,"[0,",,,1,,+34.0dB,12.3us,"[0,",1,158.8,normal,0,valid,-11.3dB,-11.4dB,0.20us,-147.1Hz,,"[6,",1111,1
2025-07-30 21:14:26.073156,PHY,0x4601,1,0,na,"[0,",0,0,1,1068.6,+16.0dB,15.6us,"[0,",1,158.9,normal,0,valid,-14.4dB,-14.5dB,na,na,,,,
2025-07-30 21:14:26.076708,PHY,0x4601,2,,na,"[0,",,,11111,,+31.0dB,17.1us,"[0,",1,158.17,normal,0,valid,-11.5dB,-11.5dB,0.20us,-44.1Hz,,"[6,",,1
2025-07-30 21:14:26.077640,PHY,0x4601,1,0,na,"[0,",0,0,1,1395.8,+17.2dB,16.3us,"[0,",1,158.18,normal,0,valid,-14.4dB,-14.5dB,na,na,,,,
2025-07-30 21:14:26.078115,PHY,0x4601,1,0,na,"[0,",0,0,1,1323.6,+17.0dB,16.2us,"[0,",1,158.19,normal,0,valid,-14.4dB,-14.5dB,na,na,,,,
2025-07-30 21:14:26.082626,PHY,0x4601,1,0,na,"[0,",0,0,1,1406.5,+17.2dB,24.9us,"[0,",1,159.8,normal,0,valid,-14.4dB,-14.5dB,na,na,,,,
2025-07-30 21:14:26.083071,PHY,0x4601,1,0,na,"[0,",0,0,1,1415.5,+17.2dB,14.2us,"[0,",1,159.9,normal,0,valid,-14.4dB,-14.5dB,na,na,,,,
2025-07-30 21:14:26.086737,PHY,0x4601,2,,na,"[0,",,,11111,,+34.2dB,15.7us,"[0,",1,159.17,normal,0,valid,-11.3dB,-11.4dB,0.18us,+34.3Hz,,"[6,",,1
2025-07-30 21:14:26.087572,PHY,0x4601,1,0,na,"[0,",0,0,1,1028.2,+15.8dB,16.3us,"[0,",1,159.18,normal,0,valid,-14.4dB,-14.5dB,na,na,,,,
2025-07-30 21:14:26.088151,PHY,0x4601,1,0,na,"[0,",0,0,1,994.7,+15.7dB,18.5us,"[0,",1,159.19,normal,0,valid,-14.4dB,-14.5dB,na,na,,,,
2025-07-30 21:14:26.092246,CSI,0x4601,2,,na,"[0,",,,1,,+30.3dB,11.8us,"[0,",1,160.8,normal,0,valid,-11.4dB,-11.4dB,0.20us,-52.1Hz,,"[6,",1111,1
2025-07-30 21:14:26.093113,PHY,0x4601,1,0,na,"[0,",0,0,1,1377.0,+17.1dB,16.4us,"[0,",1,160.9,normal,0,valid,-14.4dB,-14.5dB,na,na,,,,
2025-07-30 21:14:26.096659,PHY,0x4601,2,,na,"[0,",,,11111,,+27.5dB,15.1us,"[0,",1,160.17,normal,0,valid,-11.4dB,-11.4dB,0.19us,-37.3Hz,,"[6,",,1
2025-07-30 21:14:26.097605,PHY,0x4601,1,0,na,"[0,",0,0,1,1524.5,+17.6dB,15.9us,"[0,",1,160.18,normal,0,valid,-14.4dB,-14.5dB,na,na,,,,
2025-07-30 21:14:26.098079,PHY,0x4601,1,0,na,"[0,",0,0,1,1340.5,+17.0dB,17.5us,"[0,",1,160.19,normal,0,valid,-14.4dB,-14.5dB,na,na,,,,
2025-07-30 21:14:26.102676,PHY,0x4601,1,0,na,"[0,",0,0,1,1448.9,+17.3dB,17.2us,"[0,",1,161.8,normal,0,valid,-14.4dB,-14.5dB,na,na,,,,
2025-07-30 21:14:26.103143,PHY,0x4601,1,0,na,"[0,",0,0,1,1391.3,+17.2dB,15.1us,"[0,",1,161.9,normal,0,valid,-14.5dB,-14.5dB,na,na,,,,
2025-07-30 21:14:26.106714,PHY,0x4601,2,,na,"[0,",,,11111,,+31.3dB,16.8us,"[0,",1,161.17,normal,0,valid,-11.5dB,-11.5dB,0.19us,+3.8Hz,,"[6,",,1
2025-07-30 21:14:26.107635,PHY,0x4601,1,0,na,"[0,",0,0,1,1417.6,+17.3dB,15.6us,"[0,",1,161.18,normal,0,valid,-14.4dB,-14.5dB,na,na,,,,
2025-07-30 21:14:26.108105,PHY,0x4601,1,0,na,"[0,",0,0,1,1277.9,+16.8dB,14.2us,"[0,",1,161.19,normal,0,valid,-14.4dB,-14.5dB,na,na,,,,
2025-07-30 21:14:26.112243,CSI,0x4601,2,,na,"[0,",,,1,,+30.8dB,15.5us,"[0,",1,162.8,normal,0,valid,-11.4dB,-11.5dB,0.23us,+164.7Hz,,"[6,",1111,1
2025-07-30 21:14:26.113073,PHY,0x4601,1,0,na,"[0,",0,0,1,1065.4,+16.0dB,16.3us,"[0,",1,162.9,normal,0,valid,-14.4dB,-14.5dB,na,na,,,,
2025-07-30 21:14:26.116726,PHY,0x4601,2,,na,"[0,",,,11101,,+31.5dB,16.4us,"[0,",1,162.17,normal,0,valid,-11.5dB,-11.5dB,0.19us,-36.0Hz,,"[6,",,1
2025-07-30 21:14:26.117661,PHY,0x4601,1,0,na,"[0,",0,0,1,1362.0,+17.1dB,15.5us,"[0,",1,162.18,normal,0,valid,-14.4dB,-14.5dB,na,na,,,,
2025-07-30 21:14:26.118138,PHY,0x4601,1,0,na,"[0,",0,0,1,1403.5,+17.2dB,14.3us,"[0,",1,162.19,normal,0,valid,-14.4dB,-14.5dB,na,na,,,,
2025-07-30 21:14:26.122632,PHY,0x4601,1,0,na,"[0,",0,0,1,1355.5,+17.1dB,16.0us,"[0,",1,163.8,normal,0,valid,-14.4dB,-14.5dB,na,na,,,,
2025-07-30 21:14:26.123105,PHY,0x4601,1,0,na,"[0,",0,0,1,1359.5,+17.1dB,16.4us,"[0,",1,163.9,normal,0,valid,-14.4dB,-14.5dB,na,na,,,,
2025-07-30 21:14:26.126645,PHY,0x4601,2,,na,"[0,",,,11111,,+31.3dB,15.0us,"[0,",1,163.17,normal,0,valid,-11.5dB,-11.5dB,0.19us,-19.3Hz,,"[6,",,1
2025-07-30 21:14:26.127586,PHY,0x4601,1,0,na,"[0,",0,0,1,1033.5,+15.9dB,17.4us,"[0,",1,163.18,normal,0,valid,-14.4dB,-14.5dB,na,na,,,,
2025-07-30 21:14:26.128168,PHY,0x4601,1,0,na,"[0,",0,0,1,1042.8,+15.9dB,18.0us,"[0,",1,163.19,normal,0,valid,-14.4dB,-14.5dB,na,na,,,,
2025-07-30 21:14:26.132195,CSI,0x4601,2,,na,"[0,",,,1,,+32.1dB,15.1us,"[0,",1,164.8,normal,0,valid,-11.4dB,-11.4dB,0.19us,-76.8Hz,,"[6,",1111,1
2025-07-30 21:14:26.133132,PHY,0x4601,1,0,na,"[0,",0,0,1,1295.0,+16.9dB,16.3us,"[0,",1,164.9,normal,0,valid,-14.4dB,-14.5dB,na,na,,,,
2025-07-30 21:14:26.136680,PHY,0x4601,2,,na,"[0,",,,11111,,+31.0dB,14.6us,"[0,",1,164.17,normal,0,valid,-11.6dB,-11.6dB,0.20us,+55.3Hz,,"[6,",,1
2025-07-30 21:14:26.137632,PHY,0x4601,1,0,na,"[0,",0,0,1,1388.7,+17.1dB,26.5us,"[0,",1,164.18,normal,0,valid,-14.4dB,-14.5dB,na,na,,,,
2025-07-30 21:14:26.138098,PHY,0x4601,1,0,na,"[0,",0,0,1,1373.8,+17.1dB,17.0us,"[0,",1,164.19,normal,0,valid,-14.4dB,-14.5dB,na,na,,,,
2025-07-30 21:14:26.142586,PHY,0x4601,1,0,na,"[0,",0,0,1,1458.2,+17.4dB,17.0us,"[0,",1,165.8,normal,0,valid,-14.4dB,-14.5dB,na,na,,,,
2025-07-30 21:14:26.143160,PHY,0x4601,1,0,na,"[0,",0,0,1,1321.5,+16.9dB,15.6us,"[0,",1,165.9,normal,0,valid,-14.5dB,-14.6dB,na,na,,,,
2025-07-30 21:14:26.146723,PHY,0x4601,2,,na,"[0,",,,11111,,+32.5dB,15.7us,"[0,",1,165.17,normal,0,valid,-11.3dB,-11.4dB,0.19us,+7.8Hz,,"[6,",,1
2025-07-30 21:14:26.147654,PHY,0x4601,1,0,na,"[0,",0,0,1,983.1,+15.7dB,17.2us,"[0,",1,165.18,normal,0,valid,-14.4dB,-14.5dB,na,na,,,,
2025-07-30 21:14:26.148125,PHY,0x4601,1,0,na,"[0,",0,0,1,1006.5,+15.8dB,17.8us,"[0,",1,165.19,normal,0,valid,-14.4dB,-14.5dB,na,na,,,,
2025-07-30 21:14:26.152230,CSI,0x4601,2,,na,"[0,",,,1,,+34.0dB,24.6us,"[0,",1,166.8,normal,0,valid,-11.3dB,-11.4dB,0.20us,-48.0Hz,,"[6,",1111,1
2025-07-30 21:14:26.153091,PHY,0x4601,1,0,na,"[0,",0,0,1,1358.5,+17.1dB,16.7us,"[0,",1,166.9,normal,0,valid,-14.4dB,-14.5dB,na,na,,,,
2025-07-30 21:14:26.156752,PHY,0x4601,2,,na,"[0,",,,11111,,+31.5dB,27.2us,"[0,",1,166.17,normal,0,valid,-11.5dB,-11.5dB,0.21us,+14.6Hz,,"[6,",,1
2025-07-30 21:14:26.157582,PHY,0x4601,1,0,na,"[0,",0,0,1,1075.7,+16.1dB,16.1us,"[0,",1,166.18,normal,0,valid,-14.4dB,-14.5dB,na,na,,,,
2025-07-30 21:14:26.158156,PHY,0x4601,1,0,na,"[0,",0,0,1,1109.7,+16.2dB,14.6us,"[0,",1,166.19,normal,0,valid,-14.4dB,-14.5dB,na,na,,,,
2025-07-30 21:14:26.162644,PHY,0x4601,1,0,na,"[0,",0,0,1,1363.1,+17.1dB,16.4us,"[0,",1,167.8,normal,0,valid,-14.5dB,-14.6dB,na,na,,,,
2025-07-30 21:14:26.163121,PHY,0x4601,1,0,na,"[0,",0,0,1,1442.3,+17.3dB,14.1us,"[0,",1,167.9,normal,0,valid,-14.4dB,-14.5dB,na,na,,,,
2025-07-30 21:14:26.166663,PHY,0x4601,2,,na,"[0,",,,11111,,+31.5dB,16.3us,"[0,",1,167.17,normal,0,valid,-11.4dB,-11.4dB,0.19us,+15.5Hz,,"[6,",,1
2025-07-30 21:14:26.167609,PHY,0x4601,1,0,na,"[0,",0,0,1,1329.2,+17.0dB,18.9us,"[0,",1,167.18,normal,0,valid,-14.4dB,-14.5dB,na,na,,,,
2025-07-30 21:14:26.168076,PHY,0x4601,1,0,na,"[0,",0,0,1,1424.9,+17.3dB,15.2us,"[0,",1,167.19,normal,0,valid,-14.4dB,-14.5dB,na,na,,,,
2025-07-30 21:14:26.172215,CSI,0x4601,2,,na,"[0,",,,1,,+32.9dB,19.9us,"[0,",1,168.8,normal,0,valid,-11.4dB,-11.4dB,0.18us,-98.8Hz,,"[6,",1111,1
2025-07-30 21:14:26.173152,PHY,0x4601,1,0,na,"[0,",0,0,1,1442.1,+17.3dB,19.3us,"[0,",1,168.9,normal,0,valid,-14.4dB,-14.5dB,na,na,,,,
2025-07-30 21:14:26.176704,PHY,0x4601,2,,na,"[0,",,,11111,,+31.0dB,15.1us,"[0,",1,168.17,normal,0,valid,-11.4dB,-11.4dB,0.20us,-47.3Hz,,"[6,",,1
2025-07-30 21:14:26.177639,PHY,0x4601,1,0,na,"[0,",0,0,1,1336.3,+17.0dB,16.8us,"[0,",1,168.18,normal,0,valid,-14.4dB,-14.5dB,na,na,,,,
2025-07-30 21:14:26.178112,PHY,0x4601,1,0,na,"[0,",0,0,1,1420.6,+17.3dB,16.1us,"[0,",1,168.19,normal,0,valid,-14.3dB,-14.4dB,na,na,,,,
2025-07-30 21:14:26.182603,PHY,0x4601,1,0,na,"[0,",0,0,1,1499.2,+17.5dB,17.9us,"[0,",1,169.8,normal,0,valid,-14.4dB,-14.5dB,na,na,,,,
2025-07-30 21:14:26.183072,PHY,0x4601,1,0,na,"[0,",0,0,1,1314.6,+17.0dB,14.8us,"[0,",1,169.9,normal,0,valid,-14.4dB,-14.5dB,na,na,,,,
2025-07-30 21:14:26.186752,PHY,0x4601,2,,na,"[0,",,,11111,,+31.0dB,22.9us,"[0,",1,169.17,normal,0,valid,-11.5dB,-11.5dB,0.18us,-57.3Hz,,"[6,",,1
2025-07-30 21:14:26.187670,PHY,0x4601,1,0,na,"[0,",0,0,1,1494.3,+17.5dB,16.2us,"[0,",1,169.18,normal,0,valid,-14.4dB,-14.5dB,na,na,,,,
2025-07-30 21:14:26.188145,PHY,0x4601,1,0,na,"[0,",0,0,1,1407.6,+17.2dB,18.6us,"[0,",1,169.19,normal,0,valid,-14.4dB,-14.5dB,na,na,,,,
2025-07-30 21:14:26.192240,CSI,0x4601,2,,na,"[0,",,,1,,+31.7dB,15.0us,"[0,",1,170.8,normal,0,valid,-11.4dB,-11.4dB,0.21us,+19.9Hz,,"[6,",1111,1
2025-07-30 21:14:26.193110,PHY,0x4601,1,0,na,"[0,",0,0,1,1042.5,+15.9dB,15.9us,"[0,",1,170.9,normal,0,valid,-14.4dB,-14.6dB,na,na,,,,
2025-07-30 21:14:26.196648,PHY,0x4601,2,,na,"[0,",,,11111,,+31.9dB,15.5us,"[0,",1,170.17,normal,0,valid,-11.4dB,-11.4dB,0.17us,+15.1Hz,,"[6,",,1
2025-07-30 21:14:26.197593,PHY,0x4601,1,0,na,"[0,",0,0,1,1040.2,+16.0dB,17.2us,"[0,",1,170.18,normal,0,valid,-14.4dB,-14.4dB,na,na,,,,
2025-07-30 21:14:26.198074,PHY,0x4601,1,0,na,"[0,",0,0,1,1000.0,+15.8dB,18.1us,"[0,",1,170.19,normal,0,valid,-14.4dB,-14.5dB,na,na,,,,
2025-07-30 21:14:26.202665,PHY,0x4601,1,0,na,"[0,",0,0,1,1387.9,+17.2dB,17.5us,"[0,",1,171.8,normal,0,valid,-14.5dB,-14.5dB,na,na,,,,
2025-07-30 21:14:26.203140,PHY,0x4601,1,0,na,"[0,",0,0,1,1369.0,+17.1dB,14.9us,"[0,",1,171.9,normal,0,valid,-14.4dB,-14.5dB,na,na,,,,
2025-07-30 21:14:26.206689,PHY,0x4601,2,,na,"[0,",,,11111,,+29.8dB,15.2us,"[0,",1,171.17,normal,0,valid,-11.5dB,-11.5dB,0.18us,+123.3Hz,,"[6,",,1
2025-07-30 21:14:26.207623,PHY,0x4601,1,0,na,"[0,",0,0,1,1394.3,+17.2dB,16.5us,"[0,",1,171.18,normal,0,valid,-14.4dB,-14.5dB,na,na,,,,
2025-07-30 21:14:26.208106,PHY,0x4601,1,0,na,"[0,",0,0,1,1422.3,+17.3dB,16.4us,"[0,",1,171.19,normal,0,valid,-14.4dB,-14.5dB,na,na,,,,
2025-07-30 21:14:26.212236,CSI,0x4601,2,,na,"[0,",,,1,,+29.8dB,14.9us,"[0,",1,172.8,normal,0,valid,-11.3dB,-11.3dB,0.18us,-88.8Hz,,"[6,",1111,1
2025-07-30 21:14:26.213176,PHY,0x4601,1,0,na,"[0,",0,0,1,1041.8,+15.9dB,23.5us,"[0,",1,172.9,normal,0,valid,-14.4dB,-14.5dB,na,na,,,,
2025-07-30 21:14:26.216753,PHY,0x4601,2,,na,"[0,",,,11111,,+30.5dB,17.2us,"[0,",1,172.17,normal,0,valid,-11.4dB,-11.4dB,0.21us,-14.1Hz,,"[6,",,1
2025-07-30 21:14:26.217658,PHY,0x4601,1,0,na,"[0,",0,0,1,1094.3,+16.1dB,15.7us,"[0,",1,172.18,normal,0,valid,-14.4dB,-14.5dB,na,na,,,,
2025-07-30 21:14:26.218132,PHY,0x4601,1,0,na,"[0,",0,0,1,1042.3,+15.9dB,18.4us,"[0,",1,172.19,normal,0,valid,-14.4dB,-14.5dB,na,na,,,,
2025-07-30 21:14:26.222629,PHY,0x4601,1,0,na,"[0,",0,0,1,1398.0,+17.2dB,17.5us,"[0,",1,173.8,normal,0,valid,-14.5dB,-14.5dB,na,na,,,,
2025-07-30 21:14:26.223091,PHY,0x4601,1,0,na,"[0,",0,0,1,1403.4,+17.2dB,14.6us,"[0,",1,173.9,normal,0,valid,-14.5dB,-14.5dB,na,na,,,,
2025-07-30 21:14:26.226782,PHY,0x4601,2,,na,"[0,",,,11111,,+30.0dB,18.5us,"[0,",1,173.17,normal,0,valid,-11.5dB,-11.5dB,0.21us,-6.2Hz,,"[6,",,1
2025-07-30 21:14:26.227576,PHY,0x4601,1,0,na,"[0,",0,0,1,1371.6,+17.2dB,15.7us,"[0,",1,173.18,normal,0,valid,-14.4dB,-14.5dB,na,na,,,,
2025-07-30 21:14:26.228160,PHY,0x4601,1,0,na,"[0,",0,0,1,1350.8,+17.0dB,15.4us,"[0,",1,173.19,normal,0,valid,-14.3dB,-14.4dB,na,na,,,,
2025-07-30 21:14:26.232190,CSI,0x4601,2,,na,"[0,",,,1,,+34.8dB,13.7us,"[0,",1,174.8,normal,0,valid,-11.4dB,-11.4dB,0.19us,+46.4Hz,,"[6,",1111,1
2025-07-30 21:14:26.233125,PHY,0x4601,1,0,na,"[0,",0,0,1,1062.4,+16.0dB,15.9us,"[0,",1,174.9,normal,0,valid,-14.4dB,-14.5dB,na,na,,,,
2025-07-30 21:14:26.236668,PHY,0x4601,2,,na,"[0,",,,11111,,+27.9dB,14.9us,"[0,",1,174.17,normal,0,valid,-11.5dB,-11.5dB,0.19us,-61.4Hz,,"[6,",,1
2025-07-30 21:14:26.237611,PHY,0x4601,1,0,na,"[0,",0,0,1,1100.5,+16.2dB,16.8us,"[0,",1,174.18,normal,0,valid,-14.4dB,-14.5dB,na,na,,,,
2025-07-30 21:14:26.238083,PHY,0x4601,1,0,na,"[0,",0,0,1,1066.0,+16.1dB,14.7us,"[0,",1,174.19,normal,0,valid,-14.4dB,-14.4dB,na,na,,,,
2025-07-30 21:14:26.242585,PHY,0x4601,1,0,na,"[0,",0,0,1,1368.9,+17.1dB,17.4us,"[0,",1,175.8,normal,0,valid,-14.4dB,-14.5dB,na,na,,,,
2025-07-30 21:14:26.243155,PHY,0x4601,1,0,na,"[0,",0,0,1,1406.7,+17.2dB,15.4us,"[0,",1,175.9,normal,0,valid,-14.5dB,-14.5dB,na,na,,,,
2025-07-30 21:14:26.246703,PHY,0x4601,2,,na,"[0,",,,11111,,+30.4dB,15.1us,"[0,",1,175.17,normal,0,valid,-11.3dB,-11.4dB,0.18us,-39.0Hz,,"[6,",,1
2025-07-30 21:14:26.247642,PHY,0x4601,1,0,na,"[0,",0,0,1,1413.3,+17.3dB,18.3us,"[0,",1,175.18,normal,0,valid,-14.4dB,-14.4dB,na,na,,,,
2025-07-30 21:14:26.248114,PHY,0x4601,1,0,na,"[0,",0,0,1,1375.2,+17.1dB,15.5us,"[0,",1,175.19,normal,0,valid,-14.4dB,-14.4dB,na,na,,,,
2025-07-30 21:14:26.252252,CSI,0x4601,2,,na,"[0,",,,1,,+32.5dB,13.3us,"[0,",1,176.8,normal,0,valid,-11.4dB,-11.4dB,0.19us,+37.6Hz,,"[6,",1111,1
2025-07-30 21:14:26.253082,PHY,0x4601,1,0,na,"[0,",0,0,1,981.8,+15.7dB,15.8us,"[0,",1,176.9,normal,0,valid,-14.4dB,-14.5dB,na,na,,,,
2025-07-30 21:14:26.256762,PHY,0x4601,2,,na,"[0,",,,11111,,+32.1dB,14.6us,"[0,",1,176.17,normal,0,valid,-11.4dB,-11.5dB,0.21us,+80.7Hz,,"[6,",,1
2025-07-30 21:14:26.257570,PHY,0x4601,1,0,na,"[0,",0,0,1,1031.9,+15.9dB,17.9us,"[0,",1,176.18,normal,0,valid,-14.4dB,-14.5dB,na,na,,,,
2025-07-30 21:14:26.258151,PHY,0x4601,1,0,na,"[0,",0,0,1,1103.3,+16.2dB,18.5us,"[0,",1,176.19,normal,0,valid,-14.4dB,-14.5dB,na,na,,,,
2025-07-30 21:14:26.262640,PHY,0x4601,1,0,na,"[0,",0,0,1,1426.8,+17.3dB,17.1us,"[0,",1,177.8,normal,0,valid,-14.5dB,-14.5dB,na,na,,,,
2025-07-30 21:14:26.263114,PHY,0x4601,1,0,na,"[0,",0,0,1,1386.3,+17.2dB,14.3us,"[0,",1,177.9,normal,0,valid,-14.5dB,-14.5dB,na,na,,,,
2025-07-30 21:14:26.266653,PHY,0x4601,2,,na,"[0,",,,11111,,+33.6dB,14.5us,"[0,",1,177.17,normal,0,valid,-11.4dB,-11.4dB,0.18us,+89.0Hz,,"[6,",,1
2025-07-30 21:14:26.267598,PHY,0x4601,1,0,na,"[0,",0,0,1,1016.9,+15.8dB,16.2us,"[0,",1,177.18,normal,0,valid,-14.4dB,-14.6dB,na,na,,,,
2025-07-30 21:14:26.268074,PHY,0x4601,1,0,na,"[0,",0,0,1,1037.1,+15.9dB,14.3us,"[0,",1,177.19,normal,0,valid,-14.4dB,-14.5dB,na,na,,,,
2025-07-30 21:14:26.272218,CSI,0x4601,2,,na,"[0,",,,1,,+32.7dB,17.5us,"[0,",1,178.8,normal,0,valid,-11.3dB,-11.3dB,0.18us,-61.0Hz,,"[6,",1111,1
2025-07-30 21:14:26.273141,PHY,0x4601,1,0,na,"[0,",0,0,1,1249.2,+16.7dB,15.9us,"[0,",1,178.9,normal,0,valid,-14.4dB,-14.5dB,na,na,,,,
2025-07-30 21:14:26.276717,PHY,0x4601,2,,na,"[0,",,,11111,,+31.7dB,15.6us,"[0,",1,178.17,normal,0,valid,-11.4dB,-11.4dB,0.20us,-37.3Hz,,"[6,",,1
2025-07-30 21:14:26.277631,PHY,0x4601,1,0,na,"[0,",0,0,1,1393.9,+17.2dB,16.1us,"[0,",1,178.18,normal,0,valid,-14.4dB,-14.4dB,na,na,,,,
2025-07-30 21:14:26.278109,PHY,0x4601,1,0,na,"[0,",0,0,1,1417.9,+17.2dB,14.7us,"[0,",1,178.19,normal,0,valid,-14.4dB,-14.5dB,na,na,,,,
2025-07-30 21:14:26.282608,PHY,0x4601,1,0,na,"[0,",0,0,1,1366.0,+17.1dB,18.7us,"[0,",1,179.8,normal,0,valid,-14.4dB,-14.5dB,na,na,,,,
2025-07-30 21:14:26.283093,PHY,0x4601,1,0,na,"[0,",0,0,1,1329.9,+17.0dB,17.5us,"[0,",1,179.9,normal,0,valid,-14.4dB,-14.5dB,na,na,,,,
2025-07-30 21:14:26.286719,PHY,0x4601,2,,na,"[0,",,,11111,,+31.6dB,16.0us,"[0,",1,179.17,normal,0,valid,-11.4dB,-11.5dB,0.18us,-88.1Hz,,"[6,",,1
2025-07-30 21:14:26.287666,PHY,0x4601,1,0,na,"[0,",0,0,1,1035.5,+15.9dB,16.0us,"[0,",1,179.18,normal,0,valid,-14.4dB,-14.5dB,na,na,,,,
2025-07-30 21:14:26.288139,PHY,0x4601,1,0,na,"[0,",0,0,1,1016.5,+15.8dB,15.9us,"[0,",1,179.19,normal,0,valid,-14.4dB,-14.5dB,na,na,,,,
2025-07-30 21:14:26.292251,CSI,0x4601,2,,na,"[0,",,,1,,+32.6dB,22.9us,"[0,",1,180.8,normal,0,valid,-11.5dB,-11.5dB,0.20us,-26.9Hz,,"[6,",1111,1
2025-07-30 21:14:26.293130,PHY,0x4601,1,0,na,"[0,",0,0,1,1041.2,+15.9dB,18.3us,"[0,",1,180.9,normal,0,valid,-14.4dB,-14.5dB,na,na,,,,
2025-07-30 21:14:26.296640,PHY,0x4601,2,,na,"[0,",,,11111,,+31.1dB,14.8us,"[0,",1,180.17,normal,0,valid,-11.5dB,-11.5dB,0.19us,-109.6Hz,,"[6,",,1
2025-07-30 21:14:26.297584,PHY,0x4601,1,0,na,"[0,",0,0,1,1303.1,+16.9dB,16.9us,"[0,",1,180.18,normal,0,valid,-14.4dB,-14.5dB,na,na,,,,
2025-07-30 21:14:26.298176,PHY,0x4601,1,0,na,"[0,",0,0,1,1338.9,+17.0dB,18.8us,"[0,",1,180.19,normal,0,valid,-14.4dB,-14.5dB,na,na,,,,
2025-07-30 21:14:26.302658,PHY,0x4601,1,0,na,"[0,",0,0,1,1380.7,+17.1dB,16.7us,"[0,",1,181.8,normal,0,valid,-14.4dB,-14.5dB,na,na,,,,
2025-07-30 21:14:26.303128,PHY,0x4601,1,0,na,"[0,",0,0,1,1304.8,+16.9dB,14.9us,"[0,",1,181.9,normal,0,valid,-14.4dB,-14.5dB,na,na,,,,
2025-07-30 21:14:26.306673,PHY,0x4601,2,,na,"[0,",,,11111,,+29.4dB,15.2us,"[0,",1,181.17,normal,0,valid,-11.5dB,-11.5dB,0.19us,-10.5Hz,,"[6,",,1
2025-07-30 21:14:26.307618,PHY,0x4601,1,0,na,"[0,",0,0,1,998.5,+15.7dB,17.3us,"[0,",1,181.18,normal,0,valid,-14.4dB,-14.5dB,na,na,,,,
2025-07-30 21:14:26.308096,PHY,0x4601,1,0,na,"[0,",0,0,1,1013.1,+15.8dB,14.2us,"[0,",1,181.19,normal,0,valid,-14.4dB,-14.5dB,na,na,,,,
2025-07-30 21:14:26.312231,CSI,0x4601,2,,na,"[0,",,,1,,+29.8dB,20.4us,"[0,",1,182.8,normal,0,valid,-11.5dB,-11.5dB,0.19us,+28.8Hz,,"[6,",1111,1
2025-07-30 21:14:26.313163,PHY,0x4601,1,0,na,"[0,",0,0,1,1319.9,+17.0dB,15.7us,"[0,",1,182.9,normal,0,valid,-14.4dB,-14.5dB,na,na,,,,
2025-07-30 21:14:26.316718,PHY,0x4601,2,,na,"[0,",,,11111,,+31.5dB,16.4us,"[0,",1,182.17,normal,0,valid,-11.4dB,-11.4dB,0.20us,-18.5Hz,,"[6,",,1
2025-07-30 21:14:26.317649,PHY,0x4601,1,0,na,"[0,",0,0,1,1011.8,+15.8dB,16.5us,"[0,",1,182.18,normal,0,valid,-14.4dB,-14.5dB,na,na,,,,
2025-07-30 21:14:26.318132,PHY,0x4601,1,0,na,"[0,",0,0,1,1006.1,+15.8dB,16.7us,"[0,",1,182.19,normal,0,valid,-14.4dB,-14.5dB,na,na,,,,
2025-07-30 21:14:26.322630,PHY,0x4601,1,0,na,"[0,",0,0,1,1373.8,+17.1dB,18.8us,"[0,",1,183.8,normal,0,valid,-14.4dB,-14.5dB,na,na,,,,
2025-07-30 21:14:26.323093,PHY,0x4601,1,0,na,"[0,",0,0,1,1405.4,+17.2dB,19.4us,"[0,",1,183.9,normal,0,valid,-14.4dB,-14.5dB,na,na,,,,
2025-07-30 21:14:26.326742,PHY,0x4601,2,,na,"[0,",,,11111,,+32.8dB,17.9us,"[0,",1,183.17,normal,0,valid,-11.4dB,-11.4dB,0.18us,+114.3Hz,,"[6,",,1
2025-07-30 21:14:26.327575,PHY,0x4601,1,0,na,"[0,",0,0,1,1337.9,+17.0dB,16.6us,"[0,",1,183.18,normal,0,valid,-14.4dB,-14.5dB,na,na,,,,
2025-07-30 21:14:26.328155,PHY,0x4601,1,0,na,"[0,",0,0,1,1479.2,+17.4dB,14.4us,"[0,",1,183.19,normal,0,valid,-14.4dB,-14.5dB,na,na,,,,
2025-07-30 21:14:26.332269,CSI,0x4601,2,,na,"[0,",,,1,,+31.8dB,15.3us,"[0,",1,184.8,normal,0,valid,-11.4dB,-11.4dB,0.20us,+19.4Hz,,"[6,",1111,1
2025-07-30 21:14:26.333122,PHY,0x4601,1,0,na,"[0,",0,0,1,1365.0,+17.1dB,21.9us,"[0,",1,184.9,normal,0,valid,-14.4dB,-14.5dB,na,na,,,,
2025-07-30 21:14:26.336662,PHY,0x4601,2,,na,"[0,",,,11111,,+30.4dB,16.4us,"[0,",1,184.17,normal,0,valid,-11.4dB,-11.4dB,0.19us,+82.5Hz,,"[6,",,1
2025-07-30 21:14:26.337607,PHY,0x4601,1,0,na,"[0,",0,0,1,1381.8,+17.1dB,16.2us,"[0,",1,184.18,normal,0,valid,-14.4dB,-14.5dB,na,na,,,,
2025-07-30 21:14:26.338073,PHY,0x4601,1,0,na,"[0,",0,0,1,1474.4,+17.4dB,14.9us,"[0,",1,184.19,normal,0,valid,-14.4dB,-14.5dB,na,na,,,,
2025-07-30 21:14:26.342573,PHY,0x4601,1,0,na,"[0,",0,0,1,1325.9,+17.0dB,17.1us,"[0,",1,185.8,normal,0,valid,-14.4dB,-14.5dB,na,na,,,,
2025-07-30 21:14:26.343146,PHY,0x4601,1,0,na,"[0,",0,0,1,1432.7,+17.3dB,15.1us,"[0,",1,185.9,normal,0,valid,-14.4dB,-14.5dB,na,na,,,,
2025-07-30 21:14:26.346698,PHY,0x4601,2,,na,"[0,",,,11111,,+31.1dB,15.2us,"[0,",1,185.17,normal,0,valid,-11.3dB,-11.4dB,0.17us,-72.1Hz,,"[6,",,1
2025-07-30 21:14:26.347644,PHY,0x4601,1,0,na,"[0,",0,0,1,1366.3,+17.1dB,23.5us,"[0,",1,185.18,normal,0,valid,-14.4dB,-14.5dB,na,na,,,,
2025-07-30 21:14:26.348118,PHY,0x4601,1,0,na,"[0,",0,0,1,1333.0,+17.0dB,16.7us,"[0,",1,185.19,normal,0,valid,-14.4dB,-14.5dB,na,na,,,,
2025-07-30 21:14:26.352245,CSI,0x4601,2,,na,"[0,",,,1,,+35.4dB,16.8us,"[0,",1,186.8,normal,0,valid,-11.4dB,-11.5dB,0.20us,-8.2Hz,,"[6,",1111,1
2025-07-30 21:14:26.353077,PHY,0x4601,1,0,na,"[0,",0,0,1,1008.0,+15.8dB,17.3us,"[0,",1,186.9,normal,0,valid,-14.4dB,-14.5dB,na,na,,,,
2025-07-30 21:14:26.356731,PHY,0x4601,2,,na,"[0,",,,11111,,+32.4dB,14.4us,"[0,",1,186.17,normal,0,valid,-11.5dB,-11.5dB,0.20us,-44.0Hz,,"[6,",,1
2025-07-30 21:14:26.357677,PHY,0x4601,1,0,na,"[0,",0,0,1,1096.1,+16.2dB,16.7us,"[0,",1,186.18,normal,0,valid,-14.4dB,-14.5dB,na,na,,,,
2025-07-30 21:14:26.358139,PHY,0x4601,1,0,na,"[0,",0,0,1,1030.8,+15.9dB,14.2us,"[0,",1,186.19,normal,0,valid,-14.4dB,-14.5dB,na,na,,,,
2025-07-30 21:14:26.362646,PHY,0x4601,1,0,na,"[0,",0,0,1,1315.5,+16.9dB,16.2us,"[0,",1,187.8,normal,0,valid,-14.4dB,-14.5dB,na,na,,,,
2025-07-30 21:14:26.363113,PHY,0x4601,1,0,na,"[0,",0,0,1,1311.2,+16.9dB,14.6us,"[0,",1,187.9,normal,0,valid,-14.4dB,-14.5dB,na,na,,,,
2025-07-30 21:14:26.366658,PHY,0x4601,2,,na,"[0,",,,11111,,+32.0dB,15.4us,"[0,",1,187.17,normal,0,valid,-11.5dB,-11.5dB,0.20us,-2.5Hz,,"[6,",,1
2025-07-30 21:14:26.367592,PHY,0x4601,1,0,na,"[0,",0,0,1,1354.9,+17.1dB,15.9us,"[0,",1,187.18,normal,0,valid,-14.4dB,-14.5dB,na,na,,,,
2025-07-30 21:14:26.368068,PHY,0x4601,1,0,na,"[0,",0,0,1,1270.3,+16.8dB,14.2us,"[0,",1,187.19,normal,0,valid,-14.4dB,-14.5dB,na,na,,,,
2025-07-30 21:14:26.372217,CSI,0x4601,2,,na,"[0,",,,1,,+31.8dB,12.2us,"[0,",1,188.8,normal,0,valid,-11.4dB,-11.4dB,0.19us,-76.0Hz,,"[6,",1111,1
2025-07-30 21:14:26.373137,PHY,0x4601,1,0,na,"[0,",0,0,1,1059.8,+16.0dB,16.8us,"[0,",1,188.9,normal,0,valid,-14.4dB,-14.5dB,na,na,,,,
2025-07-30 21:14:26.376683,PHY,0x4601,2,,na,"[0,",,,11111,,+31.7dB,14.1us,"[0,",1,188.17,normal,0,valid,-11.4dB,-11.4dB,0.20us,-10.7Hz,,"[6,",,1
2025-07-30 21:14:26.377623,PHY,0x4601,1,0,na,"[0,",0,0,1,1395.0,+17.2dB,16.3us,"[0,",1,188.18,normal,0,valid,-14.4dB,-14.5dB,na,na,,,,
2025-07-30 21:14:26.378098,PHY,0x4601,1,0,na,"[0,",0,0,1,1335.6,+17.0dB,14.3us,"[0,",1,188.19,normal,0,valid,-14.4dB,-14.5dB,na,na,,,,
2025-07-30 21:14:26.382618,PHY,0x4601,1,0,na,"[0,",0,0,1,1358.6,+17.1dB,17.8us,"[0,",1,189.8,normal,0,valid,-14.5dB,-14.5dB,na,na,,,,
2025-07-30 21:14:26.383166,PHY,0x4601,1,0,na,"[0,",0,0,1,1311.0,+16.9dB,15.1us,"[0,",1,189.9,normal,0,valid,-14.4dB,-14.5dB,na,na,,,,
2025-07-30 21:14:26.386714,PHY,0x4601,2,,na,"[0,",,,11111,,+28.3dB,15.1us,"[0,",1,189.17,normal,0,valid,-11.4dB,-11.4dB,0.21us,+132.0Hz,,"[6,",,1
2025-07-30 21:14:26.387653,PHY,0x4601,1,0,na,"[0,",0,0,1,1409.8,+17.2dB,15.6us,"[0,",1,189.18,normal,0,valid,-14.4dB,-14.5dB,na,na,,,,
2025-07-30 21:14:26.388127,PHY,0x4601,1,0,na,"[0,",0,0,1,1286.8,+16.8dB,14.3us,"[0,",1,189.19,normal,0,valid,-14.4dB,-14.5dB,na,na,,,,
2025-07-30 21:14:26.392235,CSI,0x4601,2,,na,"[0,",,,1,,+30.0dB,12.2us,"[0,",1,190.8,normal,0,valid,-11.3dB,-11.4dB,0.22us,-124.5Hz,,"[6,",1111,1
2025-07-30 21:14:26.393099,PHY,0x4601,1,0,na,"[0,",0,0,1,1415.0,+17.2dB,23.2us,"[0,",1,190.9,normal,0,valid,-14.4dB,-14.5dB,na,na,,,,
2025-07-30 21:14:26.396760,PHY,0x4601,2,,na,"[0,",,,11111,,+30.4dB,16.6us,"[0,",1,190.17,normal,0,valid,-11.4dB,-11.5dB,0.19us,-96.7Hz,,"[6,",,1
2025-07-30 21:14:26.397573,PHY,0x4601,1,0,na,"[0,",0,0,1,973.0,+15.6dB,15.6us,"[0,",1,190.18,normal,0,valid,-14.4dB,-14.5dB,na,na,,,,
2025-07-30 21:14:26.398169,PHY,0x4601,1,0,na,"[0,",0,0,1,1021.9,+15.8dB,22.0us,"[0,",1,190.19,normal,0,valid,-14.4dB,-14.5dB,na,na,,,,
2025-07-30 21:14:26.402649,PHY,0x4601,1,0,na,"[0,",0,0,1,1312.2,+16.9dB,16.6us,"[0,",1,191.8,normal,0,valid,-14.4dB,-14.5dB,na,na,,,,
2025-07-30 21:14:26.403121,PHY,0x4601,1,0,na,"[0,",0,0,1,1299.5,+16.9dB,14.2us,"[0,",1,191.9,normal,0,valid,-14.5dB,-14.6dB,na,na,,,,
2025-07-30 21:14:26.406667,PHY,0x4601,2,,na,"[0,",,,11111,,+33.1dB,14.2us,"[0,",1,191.17,normal,0,valid,-11.4dB,-11.4dB,0.19us,+73.7Hz,,"[6,",,1
2025-07-30 21:14:26.407609,PHY,0x4601,1,0,na,"[0,",0,0,1,1061.1,+16.0dB,16.0us,"[0,",1,191.18,normal,0,valid,-14.4dB,-14.5dB,na,na,,,,
2025-07-30 21:14:26.408089,PHY,0x4601,1,0,na,"[0,",0,0,1,974.2,+15.7dB,18.3us,"[0,",1,191.19,normal,0,valid,-14.4dB,-14.5dB,na,na,,,,
2025-07-30 21:14:26.412234,CSI,0x4601,2,,na,"[0,",,,1,,+31.7dB,20.0us,"[0,",1,192.8,normal,0,valid,-11.5dB,-11.5dB,0.22us,-3.1Hz,,"[6,",1111,1
2025-07-30 21:14:26.413157,PHY,0x4601,1,0,na,"[0,",0,0,1,1007.8,+15.8dB,17.5us,"[0,",1,192.9,normal,0,valid,-14.4dB,-14.5dB,na,na,,,,
2025-07-30 21:14:26.416704,PHY,0x4601,2,,na,"[0,",,,11111,,+30.3dB,17.2us,"[0,",1,192.17,normal,0,valid,-11.4dB,-11.4dB,0.18us,-45.8Hz,,"[6,",,1
2025-07-30 21:14:26.417647,PHY,0x4601,1,0,na,"[0,",0,0,1,1383.9,+17.2dB,17.5us,"[0,",1,192.18,normal,0,valid,-14.4dB,-14.5dB,na,na,,,,
2025-07-30 21:14:26.418114,PHY,0x4601,1,0,na,"[0,",0,0,1,1344.8,+17.0dB,15.0us,"[0,",1,192.19,normal,0,valid,-14.4dB,-14.5dB,na,na,,,,
2025-07-30 21:14:26.422616,PHY,0x4601,1,0,na,"[0,",0,0,1,1457.5,+17.4dB,16.7us,"[0,",1,193.8,normal,0,valid,-14.4dB,-14.5dB,na,na,,,,
2025-07-30 21:14:26.423071,PHY,0x4601,1,0,na,"[0,",0,0,1,1351.8,+17.0dB,14.3us,"[0,",1,193.9,normal,0,valid,-14.5dB,-14.5dB,na,na,,,,
2025-07-30 21:14:26.426739,PHY,0x4601,2,,na,"[0,",,,11111,,+29.0dB,15.0us,"[0,",1,193.17,normal,0,valid,-11.5dB,-11.5dB,0.20us,+13.4Hz,,"[6,",,1
2025-07-30 21:14:26.427582,PHY,0x4601,1,0,na,"[0,",0,0,1,1269.8,+16.8dB,22.3us,"[0,",1,193.18,normal,0,valid,-14.4dB,-14.5dB,na,na,,,,
2025-07-30 21:14:26.428148,PHY,0x4601,1,0,na,"[0,",0,0,1,1262.2,+16.8dB,15.3us,"[0,",1,193.19,normal,0,valid,-14.4dB,-14.5dB,na,na,,,,
2025-07-30 21:14:26.432263,CSI,0x4601,2,,na,"[0,",,,1,,+30.5dB,15.0us,"[0,",1,194.8,normal,0,valid,-11.4dB,-11.4dB,0.19us,-25.3Hz,,"[6,",1111,1
2025-07-30 21:14:26.433112,PHY,0x4601,1,0,na,"[0,",0,0,1,1421.9,+17.2dB,17.7us,"[0,",1,194.9,normal,0,valid,-14.4dB,-14.5dB,na,na,,,,
2025-07-30 21:14:26.436655,PHY,0x4601,2,,na,"[0,",,,11111,,+32.9dB,13.4us,"[0,",1,194.17,normal,0,valid,-11.3dB,-11.4dB,0.20us,+77.8Hz,,"[6,",,1
2025-07-30 21:14:26.437603,PHY,0x4601,1,0,na,"[0,",0,0,1,1005.4,+15.8dB,18.0us,"[0,",1,194.18,normal,0,valid,-14.4dB,-14.5dB,na,na,,,,
2025-07-30 21:14:26.438078,PHY,0x4601,1,0,na,"[0,",0,0,1,1025.7,+15.9dB,15.8us,"[0,",1,194.19,normal,0,valid,-14.4dB,-14.5dB,na,na,,,,
2025-07-30 21:14:26.442672,PHY,0x4601,1,0,na,"[0,",0,0,1,1405.0,+17.2dB,16.5us,"[0,",1,195.8,normal,0,valid,-14.5dB,-14.5dB,na,na,,,,
2025-07-30 21:14:26.443137,PHY,0x4601,1,0,na,"[0,",0,0,1,1414.7,+17.2dB,14.9us,"[0,",1,195.9,normal,0,valid,-14.4dB,-14.5dB,na,na,,,,
2025-07-30 21:14:26.446694,PHY,0x4601,2,,na,"[0,",,,11111,,+35.0dB,13.7us,"[0,",1,195.17,normal,0,valid,-11.4dB,-11.4dB,0.19us,+54.6Hz,,"[6,",,1
2025-07-30 21:14:26.447633,PHY,0x4601,1,0,na,"[0,",0,0,1,967.2,+15.6dB,17.3us,"[0,",1,195.18,normal,0,valid,-14.4dB,-14.5dB,na,na,,,,
2025-07-30 21:14:26.448106,PHY,0x4601,1,0,na,"[0,",0,0,1,975.2,+15.7dB,13.7us,"[0,",1,195.19,normal,0,valid,-14.4dB,-14.5dB,na,na,,,,
2025-07-30 21:14:26.452236,CSI,0x4601,2,,na,"[0,",,,1,,+33.8dB,14.5us,"[0,",1,196.8,normal,0,valid,-11.5dB,-11.5dB,0.20us,-21.9Hz,,"[6,",1111,1
2025-07-30 21:14:26.453068,PHY,0x4601,1,0,na,"[0,",0,0,1,1369.4,+17.1dB,15.8us,"[0,",1,196.9,normal,0,valid,-14.4dB,-14.5dB,na,na,,,,
2025-07-30 21:14:26.456744,PHY,0x4601,2,,na,"[0,",,,11111,,+31.2dB,16.0us,"[0,",1,196.17,normal,0,valid,-11.4dB,-11.5dB,0.20us,+48.6Hz,,"[6,",,1
2025-07-30 21:14:26.457661,PHY,0x4601,1,0,na,"[0,",0,0,1,1313.8,+16.9dB,16.0us,"[0,",1,196.18,normal,0,valid,-14.4dB,-14.5dB,na,na,,,,
2025-07-30 21:14:26.458135,PHY,0x4601,1,0,na,"[0,",0,0,1,1436.0,+17.3dB,14.0us,"[0,",1,196.19,normal,0,valid,-14.4dB,-14.5dB,na,na,,,,
2025-07-30 21:14:26.462626,PHY,0x4601,1,0,na,"[0,",0,0,1,1415.5,+17.3dB,17.0us,"[0,",1,197.8,normal,0,valid,-14.4dB,-14.5dB,na,na,,,,
2025-07-30 21:14:26.463096,PHY,0x4601,1,0,na,"[0,",0,0,1,1319.2,+17.0dB,14.5us,"[0,",1,197.9,normal,0,valid,-14.5dB,-14.5dB,na,na,,,,
2025-07-30 21:14:26.466646,PHY,0x4601,2,,na,"[0,",,,11111,,+30.6dB,14.0us,"[0,",1,197.17,normal,0,valid,-11.6dB,-11.6dB,0.18us,+8.7Hz,,"[6,",,1
2025-07-30 21:14:26.467591,PHY,0x4601,1,0,na,"[0,",0,0,1,1447.8,+17.4dB,15.6us,"[0,",1,197.18,normal,0,valid,-14.4dB,-14.5dB,na,na,,,,
2025-07-30 21:14:26.468169,PHY,0x4601,1,0,na,"[0,",0,0,1,1337.5,+17.0dB,14.4us,"[0,",1,197.19,normal,0,valid,-14.4dB,-14.5dB,na,na,,,,
2025-07-30 21:14:26.472215,CSI,0x4601,2,,na,"[0,",,,1,,+29.0dB,12.5us,"[0,",1,198.8,normal,0,valid,-11.2dB,-11.2dB,0.21us,-33.5Hz,,"[6,",1111,1
2025-07-30 21:14:26.473132,PHY,0x4601,1,0,na,"[0,",0,0,1,1065.8,+16.0dB,15.9us,"[0,",1,198.9,normal,0,valid,-14.4dB,-14.5dB,na,na,,,,
2025-07-30 21:14:26.476672,PHY,0x4601,2,,na,"[0,",,,11111,,+35.0dB,13.5us,"[0,",1,198.17,normal,0,valid,-11.5dB,-11.5dB,0.19us,-24.4Hz,,"[6,",,1
2025-07-30 21:14:26.477616,PHY,0x4601,1,0,na,"[0,",0,0,1,1017.4,+15.8dB,15.5us,"[0,",1,198.18,normal,0,valid,-14.4dB,-14.6dB,na,na,,,,
2025-07-30 21:14:26.478095,PHY,0x4601,1,0,na,"[0,",0,0,1,989.9,+15.7dB,15.5us,"[0,",1,198.19,normal,0,valid,-14.4dB,-14.5dB,na,na,,,,
2025-07-30 21:14:26.482580,PHY,0x4601,1,0,na,"[0,",0,0,1,1367.4,+17.1dB,18.3us,"[0,",1,199.8,normal,0,valid,-14.4dB,-14.5dB,na,na,,,,
2025-07-30 21:14:26.483159,PHY,0x4601,1,0,na,"[0,",0,0,1,1389.5,+17.1dB,13.9us,"[0,",1,199.9,normal,0,valid,-14.5dB,-14.6dB,na,na,,,,
2025-07-30 21:14:26.486728,PHY,0x4601,2,,na,"[0,",,,11111,,+33.0dB,21.0us,"[0,",1,199.17,normal,0,valid,-11.5dB,-11.5dB,0.19us,+74.3Hz,,"[6,",,1
2025-07-30 21:14:26.487645,PHY,0x4601,1,0,na,"[0,",0,0,1,1006.8,+15.8dB,15.1us,"[0,",1,199.18,normal,0,valid,-14.4dB,-14.5dB,na,na,,,,
2025-07-30 21:14:26.488126,PHY,0x4601,1,0,na,"[0,",0,0,1,1065.9,+16.0dB,13.9us,"[0,",1,199.19,normal,0,valid,-14.4dB,-14.5dB,na,na,,,,
2025-07-30 21:14:26.492222,CSI,0x4601,2,,na,"[0,",,,1,,+33.3dB,13.7us,"[0,",1,200.8,normal,0,valid,-11.4dB,-11.4dB,0.20us,-24.2Hz,,"[6,",1111,1
2025-07-30 21:14:26.493091,PHY,0x4601,1,0,na,"[0,",0,0,1,996.3,+15.7dB,17.1us,"[0,",1,200.9,normal,0,valid,-14.4dB,-14.5dB,na,na,,,,
2025-07-30 21:14:26.496743,PHY,0x4601,2,,na,"[0,",,,11111,,+28.9dB,20.4us,"[0,",1,200.17,normal,0,valid,-11.5dB,-11.6dB,0.20us,+174.2Hz,,"[6,",,1
2025-07-30 21:14:26.497580,PHY,0x4601,1,0,na,"[0,",0,0,1,1311.5,+16.9dB,19.4us,"[0,",1,200.18,normal,0,valid,-14.4dB,-14.5dB,na,na,,,,
2025-07-30 21:14:26.498152,PHY,0x4601,1,0,na,"[0,",0,0,1,1379.9,+17.2dB,14.1us,"[0,",1,200.19,normal,0,valid,-14.4dB,-14.5dB,na,na,,,,
2025-07-30 21:14:26.502648,PHY,0x4601,1,0,na,"[0,",0,0,1,1311.1,+16.9dB,15.4us,"[0,",1,201.8,normal,0,valid,-14.4dB,-14.5dB,na,na,,,,
2025-07-30 21:14:26.503115,PHY,0x4601,1,0,na,"[0,",0,0,1,1285.6,+16.8dB,15.3us,"[0,",1,201.9,normal,0,valid,-14.5dB,-14.6dB,na,na,,,,
2025-07-30 21:14:26.506659,PHY,0x4601,2,,na,"[0,",,,11111,,+32.2dB,13.0us,"[0,",1,201.17,normal,0,valid,-11.5dB,-11.5dB,0.19us,+23.6Hz,,"[6,",,1
2025-07-30 21:14:26.507608,PHY,0x4601,1,0,na,"[0,",0,0,1,1367.9,+17.1dB,16.1us,"[0,",1,201.18,normal,0,valid,-14.4dB,-14.5dB,na,na,,,,
2025-07-30 21:14:26.508077,PHY,0x4601,1,0,na,"[0,",0,0,1,1410.1,+17.2dB,13.7us,"[0,",1,201.19,normal,0,valid,-14.4dB,-14.5dB,na,na,,,,
2025-07-30 21:14:26.512233,CSI,0x4601,2,,na,"[0,",,,1,,+30.5dB,15.8us,"[0,",1,202.8,normal,0,valid,-11.5dB,-11.5dB,0.22us,-57.0Hz,,"[6,",1111,1
2025-07-30 21:14:26.513153,PHY,0x4601,1,0,na,"[0,",0,0,1,1040.3,+15.9dB,16.1us,"[0,",1,202.9,normal,0,valid,-14.4dB,-14.5dB,na,na,,,,
2025-07-30 21:14:26.516701,PHY,0x4601,2,,na,"[0,",,,11111,,+29.5dB,14.0us,"[0,",1,202.17,normal,0,valid,-11.5dB,-11.5dB,0.20us,-13.7Hz,,"[6,",,1
2025-07-30 21:14:26.517645,PHY,0x4601,1,0,na,"[0,",0,0,1,1027.7,+15.9dB,21.7us,"[0,",1,202.18,normal,0,valid,-14.4dB,-14.5dB,na,na,,,,
2025-07-30 21:14:26.518109,PHY,0x4601,1,0,na,"[0,",0,0,1,978.7,+15.6dB,13.9us,"[0,",1,202.19,normal,0,valid,-14.4dB,-14.5dB,na,na,,,,
2025-07-30 21:14:26.522607,PHY,0x4601,1,0,na,"[0,",0,0,1,1379.5,+17.1dB,16.5us,"[0,",1,203.8,normal,0,valid,-14.5dB,-14.6dB,na,na,,,,
2025-07-30 21:14:26.523072,PHY,0x4601,1,0,na,"[0,",0,0,1,1364.0,+17.1dB,14.8us,"[0,",1,203.9,normal,0,valid,-14.5dB,-14.5dB,na,na,,,,
2025-07-30 21:14:26.526753,PHY,0x4601,2,,na,"[0,",,,11111,,+30.2dB,14.6us,"[0,",1,203.17,normal,0,valid,-11.6dB,-11.6dB,0.19us,+37.6Hz,,"[6,",,1
2025-07-30 21:14:26.527672,PHY,0x4601,1,0,na,"[0,",0,0,1,981.3,+15.7dB,15.1us,"[0,",1,203.18,normal,0,valid,-14.4dB,-14.5dB,na,na,,,,
2025-07-30 21:14:26.528139,PHY,0x4601,1,0,na,"[0,",0,0,1,1060.8,+16.0dB,13.9us,"[0,",1,203.19,normal,0,valid,-14.4dB,-14.5dB,na,na,,,,
2025-07-30 21:14:26.532246,CSI,0x4601,2,,na,"[0,",,,1,,+35.3dB,14.4us,"[0,",1,204.8,normal,0,valid,-11.5dB,-11.5dB,0.20us,-24.9Hz,,"[6,",1111,1
2025-07-30 21:14:26.533118,PHY,0x4601,1,0,na,"[0,",0,0,1,952.6,+15.5dB,21.7us,"[0,",1,204.9,normal,0,valid,-14.4dB,-14.5dB,na,na,,,,
2025-07-30 21:14:26.536648,PHY,0x4601,2,,na,"[0,",,,11111,,+32.7dB,15.5us,"[0,",1,204.17,normal,0,valid,-11.5dB,-11.6dB,0.20us,+77.9Hz,,"[6,",,1
2025-07-30 21:14:26.537592,PHY,0x4601,1,0,na,"[0,",0,0,1,1360.1,+17.1dB,16.1us,"[0,",1,204.18,normal,0,valid,-14.4dB,-14.5dB,na,na,,,,
2025-07-30 21:14:26.538075,PHY,0x4601,1,0,na,"[0,",0,0,1,1398.8,+17.2dB,14.6us,"[0,",1,204.19,normal,0,valid,-14.4dB,-14.5dB,na,na,,,,
2025-07-30 21:14:26.542674,PHY,0x4601,1,0,na,"[0,",0,0,1,1325.5,+16.9dB,20.4us,"[0,",1,205.8,normal,0,valid,-14.4dB,-14.6dB,na,na,,,,
2025-07-30 21:14:26.543138,PHY,0x4601,1,0,na,"[0,",0,0,1,1277.1,+16.8dB,14.6us,"[0,",1,205.9,normal,0,valid,-14.4dB,-14.5dB,na,na,,,,
2025-07-30 21:14:26.546707,PHY,0x4601,2,,na,"[0,",,,11111,,+28.4dB,25.7us,"[0,",1,205.17,normal,0,valid,-11.4dB,-11.5dB,0.20us,+34.4Hz,,"[6,",,1
2025-07-30 21:14:26.547623,PHY,0x4601,1,0,na,"[0,",0,0,1,989.7,+15.7dB,15.4us,"[0,",1,205.18,normal,0,valid,-14.4dB,-14.5dB,na,na,,,,
2025-07-30 21:14:26.548102,PHY,0x4601,1,0,na,"[0,",0,0,1,1037.9,+15.9dB,14.6us,"[0,",1,205.19,normal,0,valid,-14.4dB,-14.5dB,na,na,,,,
2025-07-30 21:14:26.552236,CSI,0x4601,2,,na,"[0,",,,1,,+30.4dB,14.9us,"[0,",1,206.8,normal,0,valid,-11.5dB,-11.5dB,0.21us,-82.0Hz,,"[6,",1111,1
2025-07-30 21:14:26.553169,PHY,0x4601,1,0,na,"[0,",0,0,1,972.1,+15.6dB,15.8us,"[0,",1,206.9,normal,0,valid,-14.4dB,-14.5dB,na,na,,,,
2025-07-30 21:14:26.556734,PHY,0x4601,2,,na,"[0,",,,11111,,+31.8dB,14.5us,"[0,",1,206.17,normal,0,valid,-11.6dB,-11.6dB,0.19us,-32.2Hz,,"[6,",,1
2025-07-30 21:14:26.557653,PHY,0x4601,1,0,na,"[0,",0,0,1,1359.8,+17.1dB,16.7us,"[0,",1,206.18,normal,0,valid,-14.4dB,-14.5dB,na,na,,,,
2025-07-30 21:14:26.558133,PHY,0x4601,1,0,na,"[0,",0,0,1,1265.4,+16.8dB,19.5us,"[0,",1,206.19,normal,0,valid,-14.4dB,-14.5dB,na,na,,,,
2025-07-30 21:14:26.562633,PHY,0x4601,1,0,na,"[0,",0,0,1,1360.7,+17.1dB,17.3us,"[0,",1,207.8,normal,0,valid,-14.4dB,-14.5dB,na,na,,,,
2025-07-30 21:14:26.563097,PHY,0x4601,1,0,na,"[0,",0,0,1,1442.9,+17.3dB,16.2us,"[0,",1,207.9,normal,0,valid,-14.4dB,-14.5dB,na,na,,,,
2025-07-30 21:14:26.566748,PHY,0x4601,2,,na,"[0,",,,11111,,+30.6dB,18.6us,"[0,",1,207.17,normal,0,valid,-11.3dB,-11.4dB,0.20us,-44.9Hz,,"[6,",,1
2025-07-30 21:14:26.567576,PHY,0x4601,1,0,na,"[0,",0,0,1,1384.8,+17.2dB,16.1us,"[0,",1,207.18,normal,0,valid,-14.4dB,-14.5dB,na,na,,,,
2025-07-30 21:14:26.568170,PHY,0x4601,1,0,na,"[0,",0,0,1,1355.9,+17.1dB,16.0us,"[0,",1,207.19,normal,0,valid,-14.4dB,-14.5dB,na,na,,,,
2025-07-30 21:14:26.572182,CSI,0x4601,2,,na,"[0,",,,1,,+31.0dB,14.1us,"[0,",1,208.8,normal,0,valid,-11.4dB,-11.4dB,0.20us,-25.9Hz,,"[6,",1111,1
2025-07-30 21:14:26.573130,PHY,0x4601,1,0,na,"[0,",0,0,1,1325.7,+17.0dB,23.7us,"[0,",1,208.9,normal,0,valid,-14.4dB,-14.4dB,na,na,,,,
2025-07-30 21:14:26.576671,PHY,0x4601,2,,na,"[0,",,,11111,,+28.2dB,14.6us,"[0,",1,208.17,normal,0,valid,-11.5dB,-11.5dB,0.20us,-77.5Hz,,"[6,",,1
2025-07-30 21:14:26.577622,PHY,0x4601,1,0,na,"[0,",0,0,1,1341.1,+17.0dB,16.7us,"[0,",1,208.18,normal,0,valid,-14.4dB,-14.5dB,na,na,,,,
2025-07-30 21:14:26.578087,PHY,0x4601,1,0,na,"[0,",0,0,1,1323.6,+17.0dB,14.1us,"[0,",1,208.19,normal,0,valid,-14.4dB,-14.5dB,na,na,,,,
2025-07-30 21:14:26.582574,PHY,0x4601,1,0,na,"[0,",0,0,1,1454.9,+17.3dB,16.0us,"[0,",1,209.8,normal,0,valid,-14.5dB,-14.6dB,na,na,,,,
2025-07-30 21:14:26.583153,PHY,0x4601,1,0,na,"[0,",0,0,1,1385.3,+17.1dB,14.1us,"[0,",1,209.9,normal,0,valid,-14.4dB,-14.5dB,na,na,,,,
2025-07-30 21:14:26.586719,PHY,0x4601,2,,na,"[0,",,,11111,,+29.9dB,16.2us,"[0,",1,209.17,normal,0,valid,-11.4dB,-11.5dB,0.19us,+91.4Hz,,"[6,",,1
2025-07-30 21:14:26.587640,PHY,0x4601,1,0,na,"[0,",0,0,1,1013.2,+15.8dB,16.5us,"[0,",1,209.18,normal,0,valid,-14.4dB,-14.5dB,na,na,,,,
2025-07-30 21:14:26.588113,PHY,0x4601,1,0,na,"[0,",0,0,1,957.1,+15.5dB,14.7us,"[0,",1,209.19,normal,0,valid,-14.4dB,-14.5dB,na,na,,,,
2025-07-30 21:14:26.592252,CSI,0x4601,2,,na,"[0,",,,1,,+33.6dB,15.8us,"[0,",1,210.8,normal,0,valid,-11.5dB,-11.5dB,0.23us,+17.0Hz,,"[6,",1111,1
2025-07-30 21:14:26.593074,PHY,0x4601,1,0,na,"[0,",0,0,1,1262.9,+16.7dB,15.7us,"[0,",1,210.9,normal,0,valid,-14.4dB,-14.5dB,na,na,,,,
2025-07-30 21:14:26.596744,PHY,0x4601,2,,na,"[0,",,,11111,,+30.3dB,16.8us,"[0,",1,210.17,normal,0,valid,-11.3dB,-11.4dB,0.19us,+37.4Hz,,"[6,",,1
2025-07-30 21:14:26.597568,PHY,0x4601,1,0,na,"[0,",0,0,1,1330.9,+17.0dB,15.9us,"[0,",1,210.18,normal,0,valid,-14.4dB,-14.5dB,na,na,,,,
2025-07-30 21:14:26.598152,PHY,0x4601,1,0,na,"[0,",0,0,1,1350.1,+17.0dB,14.3us,"[0,",1,210.19,normal,0,valid,-14.4dB,-14.5dB,na,na,,,,
2025-07-30 21:14:26.602639,PHY,0x4601,1,0,na,"[0,",0,0,1,1379.1,+17.1dB,17.1us,"[0,",1,211.8,normal,0,valid,-14.5dB,-14.6dB,na,na,,,,
2025-07-30 21:14:26.603110,PHY,0x4601,1,0,na,"[0,",0,0,1,1405.9,+17.2dB,14.2us,"[0,",1,211.9,normal,0,valid,-14.5dB,-14.6dB,na,na,,,,
2025-07-30 21:14:26.606653,PHY,0x4601,2,,na,"[0,",,,11111,,+30.5dB,14.7us,"[0,",1,211.17,normal,0,valid,-11.5dB,-11.5dB,0.19us,-15.8Hz,,"[6,",,1
2025-07-30 21:14:26.607598,PHY,0x4601,1,0,na,"[0,",0,0,1,986.5,+15.7dB,16.2us,"[0,",1,211.18,normal,0,valid,-14.4dB,-14.5dB,na,na,,,,
2025-07-30 21:14:26.608076,PHY,0x4601,1,0,na,"[0,",0,0,1,1070.7,+16.0dB,16.1us,"[0,",1,211.19,normal,0,valid,-14.4dB,-14.5dB,na,na,,,,
2025-07-30 21:14:26.612195,CSI,0x4601,2,,na,"[0,",,,1,,+34.5dB,16.0us,"[0,",1,212.8,normal,0,valid,-11.4dB,-11.4dB,0.20us,-27.0Hz,,"[6,",1111,1
2025-07-30 21:14:26.613143,PHY,0x4601,1,0,na,"[0,",0,0,1,1017.6,+15.8dB,17.3us,"[0,",1,212.9,normal,0,valid,-14.4dB,-14.5dB,na,na,,,,
2025-07-30 21:14:26.616696,PHY,0x4601,2,,na,"[0,",,,11111,,+29.7dB,14.4us,"[0,",1,212.17,normal,0,valid,-11.5dB,-11.6dB,0.21us,-25.8Hz,,"[6,",,1
2025-07-30 21:14:26.617630,PHY,0x4601,1,0,na,"[0,",0,0,1,962.3,+15.6dB,16.5us,"[0,",1,212.18,normal,0,valid,-14.4dB,-14.5dB,na,na,,,,
2025-07-30 21:14:26.618106,PHY,0x4601,1,0,na,"[0,",0,0,1,989.1,+15.7dB,14.4us,"[0,",1,212.19,normal,0,valid,-14.4dB,-14.5dB,na,na,,,,
2025-07-30 21:14:26.622601,PHY,0x4601,1,0,na,"[0,",0,0,1,1338.2,+17.0dB,17.3us,"[0,",1,213.8,normal,0,valid,-14.4dB,-14.5dB,na,na,,,,
2025-07-30 21:14:26.623067,PHY,0x4601,1,0,na,"[0,",0,0,1,1423.7,+17.3dB,14.1us,"[0,",1,213.9,normal,0,valid,-14.4dB,-14.5dB,na,na,,,,
2025-07-30 21:14:26.626751,PHY,0x4601,2,,na,"[0,",,,11111,,+33.2dB,17.6us,"[0,",1,213.17,normal,0,valid,-11.4dB,-11.4dB,0.19us,+36.6Hz,,"[6,",,1
2025-07-30 21:14:26.627669,PHY,0x4601,1,0,na,"[0,",0,0,1,1012.1,+15.8dB,23.1us,"[0,",1,213.18,normal,0,valid,-14.4dB,-14.5dB,na,na,,,,
2025-07-30 21:14:26.628137,PHY,0x4601,1,0,na,"[0,",0,0,1,1005.6,+15.8dB,15.3us,"[0,",1,213.19,normal,0,valid,-14.4dB,-14.5dB,na,na,,,,
2025-07-30 21:14:26.632232,CSI,0x4601,2,,na,"[0,",,,1,,+29.3dB,12.6us,"[0,",1,214.8,normal,0,valid,-11.4dB,-11.4dB,0.21us,-32.9Hz,,"[6,",1111,1
2025-07-30 21:14:26.633098,PHY,0x4601,1,0,na,"[0,",0,0,1,1336.9,+17.0dB,15.5us,"[0,",1,214.9,normal,0,valid,-14.4dB,-14.5dB,na,na,,,,
2025-07-30 21:14:26.636641,PHY,0x4601,2,,na,"[0,",,,11111,,+33.7dB,14.1us,"[0,",1,214.17,normal,0,valid,-11.4dB,-11.4dB,0.21us,-30.0Hz,,"[6,",,1
2025-07-30 21:14:26.637585,PHY,0x4601,1,0,na,"[0,",0,0,1,1373.7,+17.1dB,15.8us,"[0,",1,214.18,normal,0,valid,-14.4dB,-14.5dB,na,na,,,,
2025-07-30 21:14:26.638167,PHY,0x4601,1,0,na,"[0,",0,0,1,1329.8,+17.0dB,14.8us,"[0,",1,214.19,normal,0,valid,-14.4dB,-14.5dB,na,na,,,,
2025-07-30 21:14:26.642659,PHY,0x4601,1,0,na,"[0,",0,0,1,1330.7,+17.0dB,17.0us,"[0,",1,215.8,normal,0,valid,-14.4dB,-14.5dB,na,na,,,,
2025-07-30 21:14:26.643128,PHY,0x4601,1,0,na,"[0,",0,0,1,1357.1,+17.1dB,15.1us,"[0,",1,215.9,normal,0,valid,-14.5dB,-14.5dB,na,na,,,,
2025-07-30 21:14:26.646676,PHY,0x4601,2,,na,"[0,",,,11111,,+32.4dB,14.1us,"[0,",1,215.17,normal,0,valid,-11.3dB,-11.4dB,0.20us,+56.0Hz,,"[6,",,1
2025-07-30 21:14:26.647621,PHY,0x4601,1,0,na,"[0,",0,0,1,1320.5,+17.0dB,17.2us,"[0,",1,215.18,normal,0,valid,-14.4dB,-14.5dB,na,na,,,,
2025-07-30 21:14:26.648095,PHY,0x4601,1,0,na,"[0,",0,0,1,1409.5,+17.2dB,14.2us,"[0,",1,215.19,normal,0,valid,-14.4dB,-14.5dB,na,na,,,,
2025-07-30 21:14:26.652224,CSI,0x4601,2,,na,"[0,",,,1,,+34.8dB,11.5us,"[0,",1,216.8,normal,0,valid,-11.3dB,-11.4dB,0.20us,-4.3Hz,,"[6,",1111,1
2025-07-30 21:14:26.653166,PHY,0x4601,1,0,na,"[0,",0,0,1,1054.8,+16.0dB,16.1us,"[0,",1,216.9,normal,0,valid,-14.4dB,-14.5dB,na,na,,,,
2025-07-30 21:14:26.656709,PHY,0x4601,2,,na,"[0,",,,11111,,+28.1dB,14.5us,"[0,",1,216.17,normal,0,valid,-11.5dB,-11.5dB,0.19us,+85.0Hz,,"[6,",,1
2025-07-30 21:14:26.657649,PHY,0x4601,1,0,na,"[0,",0,0,1,1354.6,+17.1dB,16.9us,"[0,",1,216.18,normal,0,valid,-14.4dB,-14.5dB,na,na,,,,
2025-07-30 21:14:26.658125,PHY,0x4601,1,0,na,"[0,",0,0,1,1345.0,+17.0dB,16.2us,"[0,",1,216.19,normal,0,valid,-14.4dB,-14.5dB,na,na,,,,
2025-07-30 21:14:26.662615,PHY,0x4601,1,0,na,"[0,",0,0,1,1330.5,+17.0dB,16.4us,"[0,",1,217.8,normal,0,valid,-14.5dB,-14.6dB,na,na,,,,
2025-07-30 21:14:26.663095,PHY,0x4601,1,0,na,"[0,",0,0,1,1376.4,+17.1dB,16.4us,"[0,",1,217.9,normal,0,valid,-14.4dB,-14.5dB,na,na,,,,
2025-07-30 21:14:26.666773,PHY,0x4601,2,,na,"[0,",,,11111,,+33.5dB,24.1us,"[0,",1,217.17,normal,0,valid,-11.5dB,-11.5dB,0.20us,+48.7Hz,,"[6,",,1
2025-07-30 21:14:26.667581,PHY,0x4601,1,0,na,"[0,",0,0,1,1020.5,+15.9dB,21.1us,"[0,",1,217.18,normal,0,valid,-14.4dB,-14.5dB,na,na,,,,
2025-07-30 21:14:26.668159,PHY,0x4601,1,0,na,"[0,",0,0,1,1021.6,+15.9dB,17.9us,"[0,",1,217.19,normal,0,valid,-14.4dB,-14.5dB,na,na,,,,
2025-07-30 21:14:26.672245,CSI,0x4601,2,,na,"[0,",,,1,,+29.9dB,11.3us,"[0,",1,218.8,normal,0,valid,-11.4dB,-11.4dB,0.20us,+43.2Hz,,"[6,",1111,1
2025-07-30 21:14:26.673125,PHY,0x4601,1,0,na,"[0,",0,0,1,1312.0,+16.9dB,16.9us,"[0,",1,218.9,normal,0,valid,-14.4dB,-14.5dB,na,na,,,,
2025-07-30 21:14:26.676660,PHY,0x4601,2,,na,"[0,",,,11111,,+32.2dB,13.3us,"[0,",1,218.17,normal,0,valid,-11.3dB,-11.4dB,0.20us,+19.4Hz,,"[6,",,1
2025-07-30 21:14:26.677614,PHY,0x4601,1,0,na,"[0,",0,0,1,979.0,+15.7dB,16.6us,"[0,",1,218.18,normal,0,valid,-14.4dB,-14.5dB,na,na,,,,
2025-07-30 21:14:26.678086,PHY,0x4601,1,0,na,"[0,",0,0,1,997.1,+15.7dB,15.7us,"[0,",1,218.19,normal,0,valid,-14.4dB,-14.5dB,na,na,,,,
2025-07-30 21:14:26.682572,PHY,0x4601,1,0,na,"[0,",0,0,1,1461.1,+17.4dB,17.7us,"[0,",1,219.8,normal,0,valid,-14.4dB,-14.5dB,na,na,,,,
2025-07-30 21:14:26.683149,PHY,0x4601,1,0,na,"[0,",0,0,1,1396.1,+17.2dB,14.3us,"[0,",1,219.9,normal,0,valid,-14.5dB,-14.6dB,na,na,,,,
2025-07-30 21:14:26.686710,PHY,0x4601,2,,na,"[0,",,,11111,,+31.5dB,16.1us,"[0,",1,219.17,normal,0,valid,-11.3dB,-11.4dB,0.18us,-77.6Hz,,"[6,",,1
2025-07-30 21:14:26.687639,PHY,0x4601,1,0,na,"[0,",0,0,1,1280.5,+16.8dB,17.0us,"[0,",1,219.18,normal,0,valid,-14.4dB,-14.5dB,na,na,,,,
2025-07-30 21:14:26.688115,PHY,0x4601,1,0,na,"[0,",0,0,1,1252.3,+16.7dB,16.9us,"[0,",1,219.19,normal,0,valid,-14.4dB,-14.5dB,na,na,,,,
2025-07-30 21:14:26.692243,CSI,0x4601,2,,na,"[0,",,,1,,+30.2dB,12.7us,"[0,",1,220.8,normal,0,valid,-11.4dB,-11.4dB,0.21us,-68.2Hz,,"[6,",1111,1
2025-07-30 21:14:26.693081,PHY,0x4601,1,0,na,"[0,",0,0,1,1408.5,+17.2dB,16.4us,"[0,",1,220.9,normal,0,valid,-14.4dB,-14.5dB,na,na,,,,
2025-07-30 21:14:26.696724,PHY,0x4601,2,,na,"[0,",,,11111,,+34.6dB,16.0us,"[0,",1,220.17,normal,0,valid,-11.5dB,-11.5dB,0.20us,-27.4Hz,,"[6,",,1
2025-07-30 21:14:26.697668,PHY,0x4601,1,0,na,"[0,",0,0,1,1303.7,+16.9dB,15.9us,"[0,",1,220.18,normal,0,valid,-14.4dB,-14.4dB,na,na,,,,
2025-07-30 21:14:26.698141,PHY,0x4601,1,0,na,"[0,",0,0,1,1390.2,+17.2dB,16.6us,"[0,",1,220.19,normal,0,valid,-14.4dB,-14.5dB,na,na,,,,
2025-07-30 21:14:26.702638,PHY,0x4601,1,0,na,"[0,",0,0,1,1302.9,+16.9dB,23.3us,"[0,",1,221.8,normal,0,valid,-14.4dB,-14.5dB,na,na,,,,
2025-07-30 21:14:26.703109,PHY,0x4601,1,0,na,"[0,",0,0,1,1320.9,+17.0dB,19.9us,"[0,",1,221.9,normal,0,valid,-14.5dB,-14.5dB,na,na,,,,
2025-07-30 21:14:26.706651,PHY,0x4601,2,,na,"[0,",,,11111,,+32.5dB,16.4us,"[0,",1,221.17,normal,0,valid,-11.3dB,-11.4dB,0.20us,-23.6Hz,,"[6,",,1
2025-07-30 21:14:26.707599,PHY,0x4601,1,0,na,"[0,",0,0,1,994.0,+15.7dB,16.0us,"[0,",1,221.18,normal,0,valid,-14.4dB,-14.5dB,na,na,,,,
2025-07-30 21:14:26.708068,PHY,0x4601,1,0,na,"[0,",0,0,1,1042.3,+15.9dB,14.5us,"[0,",1,221.19,normal,0,valid,-14.4dB,-14.5dB,na,na,,,,
2025-07-30 21:14:26.712194,CSI,0x4601,2,,na,"[0,",,,1,,+32.5dB,14.1us,"[0,",1,222.8,normal,0,valid,-11.3dB,-11.4dB,0.20us,-14.2Hz,,"[6,",1111,1
2025-07-30 21:14:26.713136,PHY,0x4601,1,0,na,"[0,",0,0,1,1295.4,+16.8dB,15.4us,"[0,",1,222.9,normal,0,valid,-14.4dB,-14.5dB,na,na,,,,
2025-07-30 21:14:26.716684,PHY,0x4601,2,,na,"[0,",,,11111,,+31.7dB,14.0us,"[0,",1,222.17,normal,0,valid,-11.4dB,-11.5dB,0.21us,+58.6Hz,,"[6,",,1
2025-07-30 21:14:26.717627,PHY,0x4601,1,0,na,"[0,",0,0,1,1357.7,+17.1dB,17.1us,"[0,",1,222.18,normal,0,valid,-14.4dB,-14.4dB,na,na,,,,
2025-07-30 21:14:26.718100,PHY,0x4601,1,0,na,"[0,",0,0,1,1328.4,+17.0dB,14.3us,"[0,",1,222.19,normal,0,valid,-14.4dB,-14.5dB,na,na,,,,
2025-07-30 21:14:26.722595,PHY,0x4601,1,0,na,"[0,",0,0,1,1345.9,+17.0dB,20.2us,"[0,",1,223.8,normal,0,valid,-14.4dB,-14.5dB,na,na,,,,
2025-07-30 21:14:26.723172,PHY,0x4601,1,0,na,"[0,",0,0,1,1294.3,+16.9dB,14.4us,"[0,",1,223.9,normal,0,valid,-14.5dB,-14.6dB,na,na,,,,
2025-07-30 21:14:26.726714,PHY,0x4601,2,,na,"[0,",,,11111,,+28.5dB,15.0us,"[0,",1,223.17,normal,0,valid,-11.4dB,-11.5dB,0.21us,+48.8Hz,,"[6,",,1
2025-07-30 21:14:26.727655,PHY,0x4601,1,0,na,"[0,",0,0,1,977.7,+15.6dB,16.2us,"[0,",1,223.18,normal,0,valid,-14.4dB,-14.5dB,na,na,,,,
2025-07-30 21:14:26.728140,PHY,0x4601,1,0,na,"[0,",0,0,1,1055.3,+15.9dB,16.9us,"[0,",1,223.19,normal,0,valid,-14.4dB,-14.5dB,na,na,,,,
2025-07-30 21:14:26.732217,CSI,0x4601,2,,na,"[0,",,,1,,+30.5dB,11.7us,"[0,",1,224.8,normal,0,valid,-11.4dB,-11.4dB,0.21us,-121.1Hz,,"[6,",1111,1
2025-07-30 21:14:26.733093,PHY,0x4601,1,0,na,"[0,",0,0,1,1048.1,+16.0dB,15.9us,"[0,",1,224.9,normal,0,valid,-14.4dB,-14.5dB,na,na,,,,
2025-07-30 21:14:26.736739,PHY,0x4601,2,,na,"[0,",,,11111,,+29.1dB,15.0us,"[0,",1,224.17,normal,0,valid,-11.5dB,-11.6dB,0.20us,-44.0Hz,,"[6,",,1
2025-07-30 21:14:26.737577,PHY,0x4601,1,0,na,"[0,",0,0,1,991.2,+15.7dB,16.0us,"[0,",1,224.18,normal,0,valid,-14.4dB,-14.5dB,na,na,,,,
2025-07-30 21:14:26.738168,PHY,0x4601,1,0,na,"[0,",0,0,1,970.8,+15.6dB,14.6us,"[0,",1,224.19,normal,0,valid,-14.4dB,-14.6dB,na,na,,,,
2025-07-30 21:14:26.742655,PHY,0x4601,1,0,na,"[0,",0,0,1,1449.6,+17.4dB,19.0us,"[0,",1,225.8,normal,0,valid,-14.4dB,-14.5dB,na,na,,,,
2025-07-30 21:14:26.743120,PHY,0x4601,1,0,na,"[0,",0,0,1,1296.3,+16.9dB,14.3us,"[0,",1,225.9,normal,0,valid,-14.5dB,-14.5dB,na,na,,,,
2025-07-30 21:14:26.746671,PHY,0x4601,2,,na,"[0,",,,11111,,+28.3dB,15.0us,"[0,",1,225.17,normal,0,valid,-11.4dB,-11.5dB,0.19us,-48.6Hz,,"[6,",,1
2025-07-30 21:14:26.747615,PHY,0x4601,1,0,na,"[0,",0,0,1,1001.0,+15.7dB,22.8us,"[0,",1,225.18,normal,0,valid,-14.4dB,-14.6dB,na,na,,,,
2025-07-30 21:14:26.748087,PHY,0x4601,1,0,na,"[0,",0,0,1,997.7,+15.7dB,14.5us,"[0,",1,225.19,normal,0,valid,-14.4dB,-14.5dB,na,na,,,,
2025-07-30 21:14:26.752223,CSI,0x4601,2,,na,"[0,",,,1,,+31.8dB,11.8us,"[0,",1,226.8,normal,0,valid,-11.3dB,-11.4dB,0.21us,-29.9Hz,,"[6,",1111,1
2025-07-30 21:14:26.753162,PHY,0x4601,1,0,na,"[0,",0,0,1,992.1,+15.7dB,21.5us,"[0,",1,226.9,normal,0,valid,-14.4dB,-14.5dB,na,na,,,,
2025-07-30 21:14:26.756738,PHY,0x4601,2,,na,"[0,",,,11111,,+29.2dB,14.3us,"[0,",1,226.17,normal,0,valid,-11.4dB,-11.5dB,0.21us,+16.3Hz,,"[6,",,1
2025-07-30 21:14:26.757647,PHY,0x4601,1,0,na,"[0,",0,0,1,1369.3,+17.1dB,22.7us,"[0,",1,226.18,normal,0,valid,-14.4dB,-14.5dB,na,na,,,,
2025-07-30 21:14:26.758119,PHY,0x4601,1,0,na,"[0,",0,0,1,1272.1,+16.8dB,16.6us,"[0,",1,226.19,normal,0,valid,-14.4dB,-14.5dB,na,na,,,,
2025-07-30 21:14:26.762611,PHY,0x4601,1,0,na,"[0,",0,0,1,1316.0,+17.0dB,16.5us,"[0,",1,227.8,normal,0,valid,-14.4dB,-14.5dB,na,na,,,,
2025-07-30 21:14:26.763077,PHY,0x4601,1,0,na,"[0,",0,0,1,1419.4,+17.3dB,15.0us,"[0,",1,227.9,normal,0,valid,-14.4dB,-14.5dB,na,na,,,,
2025-07-30 21:14:26.766729,PHY,0x4601,2,,na,"[0,",,,11111,,+30.9dB,17.0us,"[0,",1,227.17,normal,0,valid,-11.4dB,-11.4dB,0.20us,+67.5Hz,,"[6,",,1
2025-07-30 21:14:26.767579,PHY,0x4601,1,0,na,"[0,",0,0,1,1046.2,+15.9dB,15.1us,"[0,",1,227.18,normal,0,valid,-14.4dB,-14.5dB,na,na,,,,
2025-07-30 21:14:26.768147,PHY,0x4601,1,0,na,"[0,",0,0,1,997.5,+15.7dB,14.8us,"[0,",1,227.19,normal,0,valid,-14.4dB,-14.5dB,na,na,,,,
2025-07-30 21:14:26.772252,CSI,0x4601,2,,na,"[0,",,,1,,+34.9dB,14.7us,"[0,",1,228.8,normal,0,valid,-11.5dB,-11.6dB,0.20us,+0.5Hz,,"[6,",1111,1
2025-07-30 21:14:26.773113,PHY,0x4601,1,0,na,"[0,",0,0,1,1357.7,+17.1dB,15.8us,"[0,",1,228.9,normal,0,valid,-14.4dB,-14.5dB,na,na,,,,
2025-07-30 21:14:26.776660,PHY,0x4601,2,,na,"[0,",,,11111,,+29.7dB,14.6us,"[0,",1,228.17,normal,0,valid,-11.4dB,-11.5dB,0.20us,+10.3Hz,,"[6,",,1
2025-07-30 21:14:26.777612,PHY,0x4601,1,0,na,"[0,",0,0,1,1339.3,+17.0dB,21.9us,"[0,",1,228.18,normal,0,valid,-14.4dB,-14.5dB,na,na,,,,
2025-07-30 21:14:26.778077,PHY,0x4601,1,0,na,"[0,",0,0,1,1266.7,+16.8dB,16.9us,"[0,",1,228.19,normal,0,valid,-14.4dB,-14.5dB,na,na,,,,
2025-07-30 21:14:26.782680,PHY,0x4601,1,0,na,"[0,",0,0,1,1313.9,+16.9dB,19.8us,"[0,",1,229.8,normal,0,valid,-14.4dB,-14.5dB,na,na,,,,
2025-07-30 21:14:26.783141,PHY,0x4601,1,0,na,"[0,",0,0,1,1292.1,+16.9dB,14.6us,"[0,",1,229.9,normal,0,valid,-14.5dB,-14.5dB,na,na,,,,
2025-07-30 21:14:26.786710,PHY,0x4601,2,,na,"[0,",,,11111,,+30.3dB,16.7us,"[0,",1,229.17,normal,0,valid,-11.4dB,-11.5dB,0.20us,-37.4Hz,,"[6,",,1
2025-07-30 21:14:26.787628,PHY,0x4601,1,0,na,"[0,",0,0,1,1027.0,+15.9dB,15.5us,"[0,",1,229.18,normal,0,valid,-14.4dB,-14.5dB,na,na,,,,
2025-07-30 21:14:26.788113,PHY,0x4601,1,0,na,"[0,",0,0,1,979.4,+15.7dB,18.4us,"[0,",1,229.19,normal,0,valid,-14.4dB,-14.5dB,na,na,,,,
2025-07-30 21:14:26.792234,CSI,0x4601,2,,na,"[0,",,,1,,+30.9dB,11.6us,"[0,",1,230.8,normal,0,valid,-11.3dB,-11.3dB,0.20us,-94.7Hz,,"[6,",1111,1
2025-07-30 21:14:26.793071,PHY,0x4601,1,0,na,"[0,",0,0,1,1295.8,+16.9dB,16.9us,"[0,",1,230.9,normal,0,valid,-14.4dB,-14.5dB,na,na,,,,
2025-07-30 21:14:26.796724,PHY,0x4601,2,,na,"[0,",,,11111,,+34.9dB,13.5us,"[0,",1,230.17,normal,0,valid,-11.5dB,-11.5dB,0.19us,-52.2Hz,,"[6,",,1
2025-07-30 21:14:26.797661,PHY,0x4601,1,0,na,"[0,",0,0,1,1323.8,+17.0dB,15.8us,"[0,",1,230.18,normal,0,valid,-14.4dB,-14.5dB,na,na,,,,
2025-07-30 21:14:26.798134,PHY,0x4601,1,0,na,"[0,",0,0,1,1294.7,+16.9dB,14.2us,"[0,",1,230.19,normal,0,valid,-14.4dB,-14.5dB,na,na,,,,
2025-07-30 21:14:26.802641,PHY,0x4601,1,0,na,"[0,",0,0,1,1352.0,+17.0dB,17.4us,"[0,",1,231.8,normal,0,valid,-14.4dB,-14.5dB,na,na,,,,
2025-07-30 21:14:26.803095,PHY,0x4601,1,0,na,"[0,",0,0,1,1276.2,+16.8dB,13.8us,"[0,",1,231.9,normal,0,valid,-14.4dB,-14.5dB,na,na,,,,
2025-07-30 21:14:26.806641,PHY,0x4601,2,,na,"[0,",,,11111,,+31.7dB,16.3us,"[0,",1,231.17,normal,0,valid,-11.4dB,-11.4dB,0.20us,-24.4Hz,,"[6,",,1
2025-07-30 21:14:26.807595,PHY,0x4601,1,0,na,"[0,",0,0,1,1058.2,+16.0dB,17.0us,"[0,",1,231.18,normal,0,valid,-14.4dB,-14.5dB,na,na,,,,
2025-07-30 21:14:26.808169,PHY,0x4601,1,0,na,"[0,",0,0,1,953.0,+15.5dB,16.1us,"[0,",1,231.19,normal,0,valid,-14.4dB,-14.5dB,na,na,,,,
2025-07-30 21:14:26.812194,CSI,0x4601,2,,na,"[0,",,,1,,+34.0dB,14.6us,"[0,",1,232.8,normal,0,valid,-11.4dB,-11.4dB,0.20us,-18.9Hz,,"[6,",1111,1
2025-07-30 21:14:26.813148,PHY,0x4601,1,0,na,"[0,",0,0,1,993.2,+15.7dB,18.1us,"[0,",1,232.9,normal,0,valid,-14.4dB,-14.5dB,na,na,,,,
2025-07-30 21:14:26.816676,PHY,0x4601,2,,na,"[0,",,,11111,,+32.3dB,14.4us,"[0,",1,232.17,normal,0,valid,-11.6dB,-11.6dB,0.19us,+83.4Hz,,"[6,",,1
2025-07-30 21:14:26.817618,PHY,0x4601,1,0,na,"[0,",0,0,1,1290.4,+16.8dB,17.5us,"[0,",1,232.18,normal,0,valid,-14.4dB,-14.5dB,na,na,,,,
2025-07-30 21:14:26.818095,PHY,0x4601,1,0,na,"[0,",0,0,1,1299.0,+16.9dB,15.5us,"[0,",1,232.19,normal,0,valid,-14.4dB,-14.5dB,na,na,,,,
2025-07-30 21:14:26.822578,PHY,0x4601,1,0,na,"[0,",0,0,1,1344.7,+17.0dB,17.8us,"[0,",1,233.8,normal,0,valid,-14.4dB,-14.5dB,na,na,,,,
2025-07-30 21:14:26.823160,PHY,0x4601,1,0,na,"[0,",0,0,1,1319.1,+16.9dB,15.0us,"[0,",1,233.9,normal,0,valid,-14.5dB,-14.6dB,na,na,,,,
2025-07-30 21:14:26.826738,PHY,0x4601,2,,na,"[0,",,,11111,,+32.9dB,16.6us,"[0,",1,233.17,normal,0,valid,-11.5dB,-11.5dB,0.19us,+61.0Hz,,"[6,",,1
2025-07-30 21:14:26.827653,PHY,0x4601,1,0,na,"[0,",0,0,1,994.9,+15.7dB,22.7us,"[0,",1,233.18,normal,0,valid,-14.4dB,-14.5dB,na,na,,,,
2025-07-30 21:14:26.828127,PHY,0x4601,1,0,na,"[0,",0,0,1,1008.9,+15.8dB,16.2us,"[0,",1,233.19,normal,0,valid,-14.4dB,-14.5dB,na,na,,,,
2025-07-30 21:14:26.832226,CSI,0x4601,2,,na,"[0,",,,1,,+32.7dB,14.6us,"[0,",1,234.8,normal,0,valid,-11.4dB,-11.4dB,0.21us,-60.0Hz,,"[6,",1111,1
2025-07-30 21:14:26.833101,PHY,0x4601,1,0,na,"[0,",0,0,1,1339.4,+17.0dB,24.3us,"[0,",1,234.9,normal,0,valid,-14.4dB,-14.5dB,na,na,,,,
2025-07-30 21:14:26.836743,PHY,0x4601,2,,na,"[0,",,,11111,,+31.1dB,17.2us,"[0,",1,234.17,normal,0,valid,-11.6dB,-11.6dB,0.20us,+16.4Hz,,"[6,",,1
2025-07-30 21:14:26.837573,PHY,0x4601,1,0,na,"[0,",0,0,1,1339.1,+17.0dB,16.1us,"[0,",1,234.18,normal,0,valid,-14.4dB,-14.4dB,na,na,,,,
2025-07-30 21:14:26.838154,PHY,0x4601,1,0,na,"[0,",0,0,1,1325.8,+17.0dB,14.4us,"[0,",1,234.19,normal,0,valid,-14.4dB,-14.5dB,na,na,,,,
2025-07-30 21:14:26.842661,PHY,0x4601,1,0,na,"[0,",0,0,1,1340.2,+17.0dB,19.9us,"[0,",1,235.8,normal,0,valid,-14.5dB,-14.5dB,na,na,,,,
2025-07-30 21:14:26.843115,PHY,0x4601,1,0,na,"[0,",0,0,1,1289.4,+16.9dB,14.0us,"[0,",1,235.9,normal,0,valid,-14.4dB,-14.5dB,na,na,,,,
2025-07-30 21:14:26.846666,PHY,0x4601,2,,na,"[0,",,,11111,,+33.2dB,21.0us,"[0,",1,235.17,normal,0,valid,-11.6dB,-11.6dB,0.21us,-9.3Hz,,"[6,",,1
2025-07-30 21:14:26.847614,PHY,0x4601,1,0,na,"[0,",0,0,1,964.8,+15.6dB,16.6us,"[0,",1,235.18,normal,0,valid,-14.4dB,-14.5dB,na,na,,,,
2025-07-30 21:14:26.848084,PHY,0x4601,1,0,na,"[0,",0,0,1,971.1,+15.6dB,15.0us,"[0,",1,235.19,normal,0,valid,-14.4dB,-14.5dB,na,na,,,,
2025-07-30 21:14:26.852207,CSI,0x4601,2,,na,"[0,",,,1,,+34.3dB,12.7us,"[0,",1,236.8,normal,0,valid,-11.4dB,-11.4dB,0.22us,-23.9Hz,,"[6,",1111,1
2025-07-30 21:14:26.853163,PHY,0x4601,1,0,na,"[0,",0,0,1,988.0,+15.7dB,16.5us,"[0,",1,236.9,normal,0,valid,-14.4dB,-14.6dB,na,na,,,,
2025-07-30 21:14:26.856706,PHY,0x4601,2,,na,"[0,",,,11111,,+31.8dB,13.9us,"[0,",1,236.17,normal,0,valid,-11.5dB,-11.6dB,0.20us,-100.2Hz,,"[6,",,1
2025-07-30 21:14:26.857636,PHY,0x4601,1,0,na,"[0,",0,0,1,1348.8,+17.0dB,15.7us,"[0,",1,236.18,normal,0,valid,-14.4dB,-14.5dB,na,na,,,,
2025-07-30 21:14:26.858122,PHY,0x4601,1,0,na,"[0,",0,0,1,1286.0,+16.8dB,18.9us,"[0,",1,236.19,normal,0,valid,-14.4dB,-14.5dB,na,na,,,,
2025-07-30 21:14:26.862601,PHY,0x4601,1,0,na,"[0,",0,0,1,1385.8,+17.1dB,17.8us,"[0,",1,237.8,normal,0,valid,-14.4dB,-14.6dB,na,na,,,,
2025-07-30 21:14:26.863070,PHY,0x4601,1,0,na,"[0,",0,0,1,1309.2,+16.9dB,13.9us,"[0,",1,237.9,normal,0,valid,-14.4dB,-14.5dB,na,na,,,,
2025-07-30 21:14:26.866738,PHY,0x4601,2,,na,"[0,",,,11111,,+33.5dB,14.4us,"[0,",1,237.17,normal,0,valid,-11.3dB,-11.4dB,0.18us,-78.0Hz,,"[6,",,1
2025-07-30 21:14:26.867669,PHY,0x4601,1,0,na,"[0,",0,0,1,1344.9,+17.1dB,16.0us,"[0,",1,237.18,normal,0,valid,-14.4dB,-14.5dB,na,na,,,,
2025-07-30 21:14:26.868139,PHY,0x4601,1,0,na,"[0,",0,0,1,1357.7,+17.1dB,14.7us,"[0,",1,237.19,normal,0,valid,-14.4dB,-14.5dB,na,na,,,,
2025-07-30 21:14:26.872235,CSI,0x4601,2,,na,"[0,",,,1,,+36.2dB,14.8us,"[0,",1,238.8,normal,0,valid,-11.4dB,-11.4dB,0.20us,-71.0Hz,,"[6,",1111,1
2025-07-30 21:14:26.873111,PHY,0x4601,1,0,na,"[0,",0,0,1,939.5,+15.5dB,17.3us,"[0,",1,238.9,normal,0,valid,-14.4dB,-14.6dB,na,na,,,,
2025-07-30 21:14:26.876652,PHY,0x4601,2,,na,"[0,",,,11111,,+33.9dB,15.6us,"[0,",1,238.17,normal,0,valid,-11.5dB,-11.5dB,0.20us,+49.1Hz,,"[6,",,1
2025-07-30 21:14:26.877590,PHY,0x4601,1,0,na,"[0,",0,0,1,1393.9,+17.2dB,15.8us,"[0,",1,238.18,normal,0,valid,-14.4dB,-14.5dB,na,na,,,,
2025-07-30 21:14:26.878066,PHY,0x4601,1,0,na,"[0,",0,0,1,1396.4,+17.2dB,14.1us,"[0,",1,238.19,normal,0,valid,-14.4dB,-14.5dB,na,na,,,,
2025-07-30 21:14:26.882682,PHY,0x4601,1,0,na,"[0,",0,0,1,1354.1,+17.1dB,16.7us,"[0,",1,239.8,normal,0,valid,-14.4dB,-14.5dB,na,na,,,,
2025-07-30 21:14:26.883141,PHY,0x4601,1,0,na,"[0,",0,0,1,1311.8,+16.9dB,20.5us,"[0,",1,239.9,normal,0,valid,-14.4dB,-14.5dB,na,na,,,,
2025-07-30 21:14:26.886686,PHY,0x4601,2,,na,"[0,",,,11111,,+32.1dB,14.6us,"[0,",1,239.17,normal,0,valid,-11.4dB,-11.4dB,0.19us,-5.3Hz,,"[6,",,1
2025-07-30 21:14:26.887621,PHY,0x4601,1,0,na,"[0,",0,0,1,958.1,+15.5dB,15.1us,"[0,",1,239.18,normal,0,valid,-14.4dB,-14.6dB,na,na,,,,
2025-07-30 21:14:26.888097,PHY,0x4601,1,0,na,"[0,",0,0,1,1025.4,+15.9dB,14.4us,"[0,",1,239.19,normal,0,valid,-14.4dB,-14.5dB,na,na,,,,
2025-07-30 21:14:26.892220,CSI,0x4601,2,,na,"[0,",,,1,,+29.7dB,11.9us,"[0,",1,240.8,normal,0,valid,-11.4dB,-11.5dB,0.22us,-31.2Hz,,"[6,",1111,1
2025-07-30 21:14:26.893170,PHY,0x4601,1,0,na,"[0,",0,0,1,952.3,+15.5dB,18.6us,"[0,",1,240.9,normal,0,valid,-14.4dB,-14.5dB,na,na,,,,
2025-07-30 21:14:26.896713,PHY,0x4601,2,,na,"[0,",,,11111,,+33.4dB,14.9us,"[0,",1,240.17,normal,0,valid,-11.4dB,-11.5dB,0.20us,-122.0Hz,,"[6,",,1
2025-07-30 21:14:26.897654,PHY,0x4601,1,0,na,"[0,",0,0,1,1043.7,+15.9dB,16.5us,"[0,",1,240.18,normal,0,valid,-14.4dB,-14.5dB,na,na,,,,
2025-07-30 21:14:26.898131,PHY,0x4601,1,0,na,"[0,",0,0,1,1026.7,+15.9dB,14.7us,"[0,",1,240.19,normal,0,valid,-14.4dB,-14.5dB,na,na,,,,
2025-07-30 21:14:26.902627,PHY,0x4601,1,0,na,"[0,",0,0,1,1326.5,+17.0dB,17.7us,"[0,",1,241.8,normal,0,valid,-14.5dB,-14.6dB,na,na,,,,
2025-07-30 21:14:26.903095,PHY,0x4601,1,0,na,"[0,",0,0,1,1330.3,+17.0dB,15.5us,"[0,",1,241.9,normal,0,valid,-14.4dB,-14.5dB,na,na,,,,
2025-07-30 21:14:26.906747,PHY,0x4601,2,,na,"[0,",,,11111,,+31.8dB,14.6us,"[0,",1,241.17,normal,0,valid,-11.4dB,-11.5dB,0.19us,+64.0Hz,,"[6,",,1
2025-07-30 21:14:26.907585,PHY,0x4601,1,0,na,"[0,",0,0,1,1388.8,+17.2dB,18.1us,"[0,",1,241.18,normal,0,valid,-14.4dB,-14.5dB,na,na,,,,
2025-07-30 21:14:26.908164,PHY,0x4601,1,0,na,"[0,",0,0,1,1417.0,+17.3dB,17.5us,"[0,",1,241.19,normal,0,valid,-14.4dB,-14.5dB,na,na,,,,
2025-07-30 21:14:26.912177,CSI,0x4601,2,,na,"[0,",,,1,,+35.0dB,13.2us,"[0,",1,242.8,normal,0,valid,-11.4dB,-11.4dB,0.20us,+11.4Hz,,"[6,",1111,1
2025-07-30 21:14:26.913133,PHY,0x4601,1,0,na,"[0,",0,0,1,994.1,+15.7dB,20.7us,"[0,",1,242.9,normal,0,valid,-14.4dB,-14.5dB,na,na,,,,
2025-07-30 21:14:26.916666,PHY,0x4601,2,,na,"[0,",,,11111,,+31.5dB,14.1us,"[0,",1,242.17,normal,0,valid,-11.6dB,-11.6dB,0.19us,-49.5Hz,,"[6,",,1
2025-07-30 21:14:26.917611,PHY,0x4601,1,0,na,"[0,",0,0,1,981.6,+15.7dB,17.4us,"[0,",1,242.18,normal,0,valid,-14.4dB,-14.5dB,na,na,,,,
2025-07-30 21:14:26.918086,PHY,0x4601,1,0,na,"[0,",0,0,1,1116.8,+16.2dB,16.1us,"[0,",1,242.19,normal,0,valid,-14.4dB,-14.5dB,na,na,,,,
2025-07-30 21:14:26.922574,PHY,0x4601,1,0,na,"[0,",0,0,1,1289.5,+16.9dB,16.3us,"[0,",1,243.8,normal,0,valid,-14.4dB,-14.5dB,na,na,,,,
2025-07-30 21:14:26.923147,PHY,0x4601,1,0,na,"[0,",0,0,1,1283.6,+16.8dB,16.1us,"[0,",1,243.9,normal,0,valid,-14.5dB,-14.6dB,na,na,,,,
2025-07-30 21:14:26.926706,PHY,0x4601,2,,na,"[0,",,,11111,,+30.5dB,16.5us,"[0,",1,243.17,normal,0,valid,-11.5dB,-11.5dB,0.18us,+147.5Hz,,"[6,",,1
2025-07-30 21:14:26.927635,PHY,0x4601,1,0,na,"[0,",0,0,1,1464.8,+17.4dB,18.5us,"[0,",1,243.18,normal,0,valid,-14.4dB,-14.5dB,na,na,,,,
2025-07-30 21:14:26.928112,PHY,0x4601,1,0,na,"[0,",0,0,1,1268.2,+16.8dB,15.3us,"[0,",1,243.19,normal,0,valid,-14.4dB,-14.5dB,na,na,,,,
2025-07-30 21:14:26.932245,CSI,0x4601,2,,na,"[0,",,,1,,+32.7dB,15.6us,"[0,",1,244.8,normal,0,valid,-11.5dB,-11.5dB,0.20us,-51.5Hz,,"[6,",1111,1
2025-07-30 21:14:26.933079,PHY,0x4601,1,0,na,"[0,",0,0,1,1340.0,+17.0dB,16.5us,"[0,",1,244.9,normal,0,valid,-14.4dB,-14.5dB,na,na,,,,
2025-07-30 21:14:26.936765,PHY,0x4601,2,,na,"[0,",,,11111,,+30.4dB,13.3us,"[0,",1,244.17,normal,0,valid,-11.5dB,-11.5dB,0.21us,-3.3Hz,,"[6,",,1
2025-07-30 21:14:26.937559,PHY,0x4601,1,0,na,"[0,",0,0,1,985.2,+15.7dB,15.6us,"[0,",1,244.18,normal,0,valid,-14.4dB,-14.5dB,na,na,,,,
2025-07-30 21:14:26.938140,PHY,0x4601,1,0,na,"[0,",0,0,1,963.3,+15.6dB,14.9us,"[0,",1,244.19,normal,0,valid,-14.4dB,-14.6dB,na,na,,,,
2025-07-30 21:14:26.942641,PHY,0x4601,1,0,na,"[0,",0,0,1,1361.4,+17.1dB,16.4us,"[0,",1,245.8,normal,0,valid,-14.5dB,-14.5dB,na,na,,,,
2025-07-30 21:14:26.943101,PHY,0x4601,1,0,na,"[0,",0,0,1,1283.6,+16.8dB,14.7us,"[0,",1,245.9,normal,0,valid,-14.5dB,-14.6dB,na,na,,,,
2025-07-30 21:14:26.946656,PHY,0x4601,2,,na,"[0,",,,11111,,+30.9dB,21.6us,"[0,",1,245.17,normal,0,valid,-11.4dB,-11.5dB,0.20us,+38.3Hz,,"[6,",,1
2025-07-30 21:14:26.947591,PHY,0x4601,1,0,na,"[0,",0,0,1,987.9,+15.7dB,16.1us,"[0,",1,245.18,normal,0,valid,-14.4dB,-14.6dB,na,na,,,,
2025-07-30 21:14:26.948074,PHY,0x4601,1,0,na,"[0,",0,0,1,1054.1,+16.0dB,20.7us,"[0,",1,245.19,normal,0,valid,-14.4dB,-14.5dB,na,na,,,,
2025-07-30 21:14:26.952193,CSI,0x4601,2,,na,"[0,",,,1,,+31.6dB,14.3us,"[0,",1,246.8,normal,0,valid,-11.3dB,-11.3dB,0.21us,-54.3Hz,,"[6,",1111,1
2025-07-30 21:14:26.953135,PHY,0x4601,1,0,na,"[0,",0,0,1,994.8,+15.7dB,15.8us,"[0,",1,246.9,normal,0,valid,-14.4dB,-14.6dB,na,na,,,,
2025-07-30 21:14:26.956698,PHY,0x4601,2,,na,"[0,",,,11111,,+31.1dB,14.9us,"[0,",1,246.17,normal,0,valid,-11.3dB,-11.3dB,0.20us,-19.6Hz,,"[6,",,1
2025-07-30 21:14:26.957624,PHY,0x4601,1,0,na,"[0,",0,0,1,951.0,+15.5dB,15.8us,"[0,",1,246.18,normal,0,valid,-14.4dB,-14.5dB,na,na,,,,
2025-07-30 21:14:26.958096,PHY,0x4601,1,0,na,"[0,",0,0,1,998.0,+15.8dB,13.8us,"[0,",1,246.19,normal,0,valid,-14.4dB,-14.5dB,na,na,,,,
2025-07-30 21:14:26.962589,PHY,0x4601,1,0,na,"[0,",0,0,1,1250.1,+16.7dB,15.8us,"[0,",1,247.8,normal,0,valid,-14.4dB,-14.5dB,na,na,,,,
2025-07-30 21:14:26.963058,PHY,0x4601,1,0,na,"[0,",0,0,1,1249.1,+16.7dB,14.5us,"[0,",1,247.9,normal,0,valid,-14.4dB,-14.5dB,na,na,,,,
2025-07-30 21:14:26.966732,PHY,0x4601,2,,na,"[0,",,,11111,,+31.3dB,24.5us,"[0,",1,247.17,normal,0,valid,-11.5dB,-11.5dB,0.17us,+94.5Hz,,"[6,",,1
2025-07-30 21:14:26.967659,PHY,0x4601,1,0,na,"[0,",0,0,1,1005.6,+15.8dB,16.0us,"[0,",1,247.18,normal,0,valid,-14.4dB,-14.5dB,na,na,,,,
2025-07-30 21:14:26.968133,PHY,0x4601,1,0,na,"[0,",0,0,1,944.2,+15.5dB,15.0us,"[0,",1,247.19,normal,0,valid,-14.4dB,-14.5dB,na,na,,,,
2025-07-30 21:14:26.972244,CSI,0x4601,2,,na,"[0,",,,1,,+27.2dB,12.4us,"[0,",1,248.8,normal,0,valid,-11.4dB,-11.5dB,0.20us,-64.1Hz,,"[6,",1111,1
2025-07-30 21:14:26.973100,PHY,0x4601,1,0,na,"[0,",0,0,1,1019.0,+15.8dB,22.6us,"[0,",1,248.9,normal,0,valid,-14.4dB,-14.5dB,na,na,,,,
2025-07-30 21:14:26.976632,PHY,0x4601,2,,na,"[0,",,,11111,,+29.7dB,13.9us,"[0,",1,248.17,normal,0,valid,-11.4dB,-11.4dB,0.23us,+22.8Hz,,"[6,",,1
2025-07-30 21:14:26.977577,PHY,0x4601,1,0,na,"[0,",0,0,1,1320.3,+16.9dB,15.4us,"[0,",1,248.18,normal,0,valid,-14.4dB,-14.5dB,na,na,,,,
2025-07-30 21:14:26.978158,PHY,0x4601,1,0,na,"[0,",0,0,1,1371.8,+17.1dB,13.9us,"[0,",1,248.19,normal,0,valid,-14.4dB,-14.5dB,na,na,,,,
2025-07-30 21:14:26.982655,PHY,0x4601,1,0,na,"[0,",0,0,1,1348.5,+17.0dB,16.9us,"[0,",1,249.8,normal,0,valid,-14.5dB,-14.5dB,na,na,,,,
2025-07-30 21:14:26.983120,PHY,0x4601,1,0,na,"[0,",0,0,1,1343.1,+17.0dB,14.5us,"[0,",1,249.9,normal,0,valid,-14.5dB,-14.6dB,na,na,,,,
2025-07-30 21:14:26.986671,PHY,0x4601,2,,na,"[0,",,,11111,,+34.7dB,14.5us,"[0,",1,249.17,normal,0,valid,-11.4dB,-11.4dB,0.21us,-28.3Hz,,"[6,",,1
2025-07-30 21:14:26.987623,PHY,0x4601,1,0,na,"[0,",0,0,1,1023.2,+15.9dB,28.1us,"[0,",1,249.18,normal,0,valid,-14.4dB,-14.5dB,na,na,,,,
2025-07-30 21:14:26.988086,PHY,0x4601,1,0,na,"[0,",0,0,1,968.4,+15.6dB,14.6us,"[0,",1,249.19,normal,0,valid,-14.4dB,-14.5dB,na,na,,,,
2025-07-30 21:14:26.992212,CSI,0x4601,2,,na,"[0,",,,1,,+33.2dB,11.8us,"[0,",1,250.8,normal,0,valid,-11.4dB,-11.4dB,0.20us,-116.8Hz,,"[6,",1111,1
2025-07-30 21:14:26.993162,PHY,0x4601,1,0,na,"[0,",0,0,1,1374.4,+17.1dB,20.8us,"[0,",1,250.9,normal,0,valid,-14.4dB,-14.5dB,na,na,,,,
2025-07-30 21:14:26.996715,PHY,0x4601,2,,na,"[0,",,,11111,,+33.0dB,22.6us,"[0,",1,250.17,normal,0,valid,-11.4dB,-11.4dB,0.19us,-24.2Hz,,"[6,",,1
2025-07-30 21:14:26.997641,PHY,0x4601,1,0,na,"[0,",0,0,1,966.1,+15.6dB,15.3us,"[0,",1,250.18,normal,0,valid,-14.4dB,-14.5dB,na,na,,,,
2025-07-30 21:14:26.998113,PHY,0x4601,1,0,na,"[0,",0,0,1,1010.0,+15.8dB,14.2us,"[0,",1,250.19,normal,0,valid,-14.4dB,-14.5dB,na,na,,,,
2025-07-30 21:14:27.002614,PHY,0x4601,1,0,na,"[0,",0,0,1,1281.5,+16.8dB,19.7us,"[0,",1,251.8,normal,0,valid,-14.4dB,-14.5dB,na,na,,,,
2025-07-30 21:14:27.003084,PHY,0x4601,1,0,na,"[0,",0,0,1,1338.9,+17.0dB,22.8us,"[0,",1,251.9,normal,0,valid,-14.4dB,-14.5dB,na,na,,,,
2025-07-30 21:14:27.006747,PHY,0x4601,2,,na,"[0,",,,11111,,+34.1dB,16.4us,"[0,",1,251.17,normal,0,valid,-11.4dB,-11.5dB,0.21us,+76.9Hz,,"[6,",,1
2025-07-30 21:14:27.007567,PHY,0x4601,1,0,na,"[0,",0,0,1,972.7,+15.6dB,16.9us,"[0,",1,251.18,normal,0,valid,-14.4dB,-14.5dB,na,na,,,,
2025-07-30 21:14:27.008156,PHY,0x4601,1,0,na,"[0,",0,0,1,1050.1,+15.9dB,19.2us,"[0,",1,251.19,normal,0,valid,-14.4dB,-14.5dB,na,na,,,,
2025-07-30 21:14:27.012254,CSI,0x4601,2,,na,"[0,",,,1,,+34.4dB,15.1us,"[0,",1,252.8,normal,0,valid,-11.4dB,-11.4dB,0.19us,-25.4Hz,,"[6,",1111,1
2025-07-30 21:14:27.013117,PHY,0x4601,1,0,na,"[0,",0,0,1,969.3,+15.6dB,17.1us,"[0,",1,252.9,normal,0,valid,-14.4dB,-14.5dB,na,na,,,,
2025-07-30 21:14:27.016664,PHY,0x4601,2,,na,"[0,",,,11111,,+31.1dB,14.7us,"[0,",1,252.17,normal,0,valid,-11.5dB,-11.5dB,0.21us,-58.6Hz,,"[6,",,1
2025-07-30 21:14:27.017609,PHY,0x4601,1,0,na,"[0,",0,0,1,1010.7,+15.8dB,17.2us,"[0,",1,252.18,normal,0,valid,-14.4dB,-14.5dB,na,na,,,,
2025-07-30 21:14:27.018076,PHY,0x4601,1,0,na,"[0,",0,0,1,984.4,+15.6dB,15.3us,"[0,",1,252.19,normal,0,valid,-14.4dB,-14.5dB,na,na,,,,
2025-07-30 21:14:27.022569,PHY,0x4601,1,0,na,"[0,",0,0,1,1308.1,+16.9dB,16.4us,"[0,",1,253.8,normal,0,valid,-14.4dB,-14.5dB,na,na,,,,
2025-07-30 21:14:27.023157,PHY,0x4601,1,0,na,"[0,",0,0,1,1192.1,+16.5dB,13.9us,"[0,",1,253.9,normal,0,valid,-14.4dB,-14.5dB,na,na,,,,
2025-07-30 21:14:27.026703,PHY,0x4601,2,,na,"[0,",,,11111,,+30.5dB,17.0us,"[0,",1,253.17,normal,0,valid,-11.5dB,-11.5dB,0.20us,-42.0Hz,,"[6,",,1
2025-07-30 21:14:27.027640,PHY,0x4601,1,0,na,"[0,",0,0,1,1003.9,+15.8dB,18.0us,"[0,",1,253.18,normal,0,valid,-14.4dB,-14.5dB,na,na,,,,
2025-07-30 21:14:27.028108,PHY,0x4601,1,0,na,"[0,",0,0,1,994.6,+15.7dB,15.3us,"[0,",1,253.19,normal,0,valid,-14.4dB,-14.5dB,na,na,,,,
2025-07-30 21:14:27.032246,CSI,0x4601,2,,na,"[0,",,,1,,+34.0dB,15.5us,"[0,",1,254.8,normal,0,valid,-11.4dB,-11.5dB,0.22us,-72.4Hz,,"[6,",1111,1
2025-07-30 21:14:27.033083,PHY,0x4601,1,0,na,"[0,",0,0,1,1274.8,+16.8dB,17.8us,"[0,",1,254.9,normal,0,valid,-14.4dB,-14.5dB,na,na,,,,
2025-07-30 21:14:27.036759,PHY,0x4601,2,,na,"[0,",,,11111,,+31.0dB,22.3us,"[0,",1,254.17,normal,0,valid,-11.5dB,-11.5dB,0.21us,+20.4Hz,,"[6,",,1
2025-07-30 21:14:27.037671,PHY,0x4601,1,0,na,"[0,",0,0,1,986.4,+15.7dB,16.4us,"[0,",1,254.18,normal,0,valid,-14.4dB,-14.5dB,na,na,,,,
2025-07-30 21:14:27.038140,PHY,0x4601,1,0,na,"[0,",0,0,1,971.4,+15.6dB,15.1us,"[0,",1,254.19,normal,0,valid,-14.4dB,-14.5dB,na,na,,,,
2025-07-30 21:14:27.042647,PHY,0x4601,1,0,na,"[0,",0,0,1,1290.4,+16.8dB,18.3us,"[0,",1,255.8,normal,0,valid,-14.5dB,-14.5dB,na,na,,,,
2025-07-30 21:14:27.043103,PHY,0x4601,1,0,na,"[0,",0,0,1,1256.0,+16.7dB,14.8us,"[0,",1,255.9,normal,0,valid,-14.5dB,-14.6dB,na,na,,,,
2025-07-30 21:14:27.046670,PHY,0x4601,2,,na,"[0,",,,11111,,+30.6dB,29.3us,"[0,",1,255.17,normal,0,valid,-11.4dB,-11.5dB,0.21us,-84.9Hz,,"[6,",,1
2025-07-30 21:14:27.047599,PHY,0x4601,1,0,na,"[0,",0,0,1,953.9,+15.6dB,17.6us,"[0,",1,255.18,normal,0,valid,-14.4dB,-14.5dB,na,na,,,,
2025-07-30 21:14:27.048077,PHY,0x4601,1,0,na,"[0,",0,0,1,970.7,+15.6dB,15.3us,"[0,",1,255.19,normal,0,valid,-14.4dB,-14.5dB,na,na,,,,
2025-07-30 21:14:27.052201,CSI,0x4601,2,,na,"[0,",,,1,,+31.1dB,11.6us,"[0,",1,256.8,normal,0,valid,-11.3dB,-11.4dB,0.20us,-53.7Hz,,"[6,",1111,1
2025-07-30 21:14:27.053137,PHY,0x4601,1,0,na,"[0,",0,0,1,1348.3,+17.0dB,15.4us,"[0,",1,256.9,normal,0,valid,-14.4dB,-14.5dB,na,na,,,,
2025-07-30 21:14:27.056698,PHY,0x4601,2,,na,"[0,",,,11111,,+30.2dB,13.8us,"[0,",1,256.17,normal,0,valid,-11.4dB,-11.4dB,0.21us,-17.6Hz,,"[6,",,1
2025-07-30 21:14:27.057633,PHY,0x4601,1,0,na,"[0,",0,0,1,988.1,+15.7dB,24.0us,"[0,",1,256.18,normal,0,valid,-14.4dB,-14.5dB,na,na,,,,
2025-07-30 21:14:27.058101,PHY,0x4601,1,0,na,"[0,",0,0,1,1003.1,+15.7dB,14.3us,"[0,",1,256.19,normal,0,valid,-14.4dB,-14.6dB,na,na,,,,
2025-07-30 21:14:27.062590,PHY,0x4601,1,0,na,"[0,",0,0,1,1358.6,+17.1dB,16.8us,"[0,",1,257.8,normal,0,valid,-14.4dB,-14.5dB,na,na,,,,
2025-07-30 21:14:27.063169,PHY,0x4601,1,0,na,"[0,",0,0,1,1276.6,+16.8dB,16.8us,"[0,",1,257.9,normal,0,valid,-14.4dB,-14.5dB,na,na,,,,
2025-07-30 21:14:27.066719,PHY,0x4601,2,,na,"[0,",,,11111,,+31.0dB,14.5us,"[0,",1,257.17,normal,0,valid,-11.4dB,-11.4dB,0.20us,+54.9Hz,,"[6,",,1
2025-07-30 21:14:27.067662,PHY,0x4601,1,0,na,"[0,",0,0,1,985.4,+15.7dB,22.7us,"[0,",1,257.18,normal,0,valid,-14.4dB,-14.5dB,na,na,,,,
2025-07-30 21:14:27.068138,PHY,0x4601,1,0,na,"[0,",0,0,1,971.6,+15.6dB,16.8us,"[0,",1,257.19,normal,0,valid,-14.4dB,-14.5dB,na,na,,,,
2025-07-30 21:14:27.072221,CSI,0x4601,2,,na,"[0,",,,1,,+32.5dB,11.4us,"[0,",1,258.8,normal,0,valid,-11.3dB,-11.3dB,0.20us,+91.3Hz,,"[6,",1111,1
2025-07-30 21:14:27.073100,PHY,0x4601,1,0,na,"[0,",0,0,1,975.8,+15.6dB,16.7us,"[0,",1,258.9,normal,0,valid,-14.4dB,-14.5dB,na,na,,,,
2025-07-30 21:14:27.076741,PHY,0x4601,2,,na,"[0,",,,11111,,+32.6dB,14.6us,"[0,",1,258.17,normal,0,valid,-11.4dB,-11.4dB,0.21us,+35.1Hz,,"[6,",,1
2025-07-30 21:14:27.077578,PHY,0x4601,1,0,na,"[0,",0,0,1,919.0,+15.4dB,17.2us,"[0,",1,258.18,normal,0,valid,-14.4dB,-14.5dB,na,na,,,,
2025-07-30 21:14:27.078164,PHY,0x4601,1,0,na,"[0,",0,0,1,946.6,+15.5dB,15.8us,"[0,",1,258.19,normal,0,valid,-14.4dB,-14.5dB,na,na,,,,
2025-07-30 21:14:27.082690,PHY,0x4601,1,0,na,"[0,",0,0,1,1316.3,+16.9dB,16.9us,"[0,",1,259.8,normal,0,valid,-14.4dB,-14.5dB,na,na,,,,
2025-07-30 21:14:27.083123,PHY,0x4601,1,0,na,"[0,",0,0,1,1237.2,+16.6dB,15.8us,"[0,",1,259.9,normal,0,valid,-14.5dB,-14.6dB,na,na,,,,
2025-07-30 21:14:27.086670,PHY,0x4601,2,,na,"[0,",,,11111,,+31.7dB,15.4us,"[0,",1,259.17,normal,0,valid,-11.4dB,-11.4dB,0.20us,+59.1Hz,,"[6,",,1
2025-07-30 21:14:27.087613,PHY,0x4601,1,0,na,"[0,",0,0,1,1367.0,+17.1dB,16.9us,"[0,",1,259.18,normal,0,valid,-14.4dB,-14.5dB,na,na,,,,
2025-07-30 21:14:27.088086,PHY,0x4601,1,0,na,"[0,",0,0,1,1287.6,+16.8dB,14.2us,"[0,",1,259.19,normal,0,valid,-14.4dB,-14.5dB,na,na,,,,
2025-07-30 21:14:27.092209,CSI,0x4601,2,,na,"[0,",,,1,,+30.7dB,14.1us,"[0,",1,260.8,normal,0,valid,-11.4dB,-11.5dB,0.21us,-16.2Hz,,"[6,",1111,1
2025-07-30 21:14:27.093158,PHY,0x4601,1,0,na,"[0,",0,0,1,992.6,+15.7dB,16.4us,"[0,",1,260.9,normal,0,valid,-14.4dB,-14.5dB,na,na,,,,
2025-07-30 21:14:27.096726,PHY,0x4601,2,,na,"[0,",,,11111,,+34.4dB,14.2us,"[0,",1,260.17,normal,0,valid,-11.4dB,-11.4dB,0.20us,+108.6Hz,,"[6,",,1
2025-07-30 21:14:27.097647,PHY,0x4601,1,0,na,"[0,",0,0,1,1156.1,+16.4dB,22.2us,"[0,",1,260.18,normal,0,valid,-14.4dB,-14.5dB,na,na,,,,
2025-07-30 21:14:27.098126,PHY,0x4601,1,0,na,"[0,",0,0,1,1359.2,+17.1dB,18.3us,"[0,",1,260.19,normal,0,valid,-14.4dB,-14.5dB,na,na,,,,
2025-07-30 21:14:27.102612,PHY,0x4601,1,0,na,"[0,",0,0,1,1252.0,+16.7dB,17.8us,"[0,",1,261.8,normal,0,valid,-14.4dB,-14.5dB,na,na,,,,
2025-07-30 21:14:27.103077,PHY,0x4601,1,0,na,"[0,",0,0,1,1323.6,+17.0dB,15.0us,"[0,",1,261.9,normal,0,valid,-14.4dB,-14.5dB,na,na,,,,
2025-07-30 21:14:27.106757,PHY,0x4601,2,,na,"[0,",,,11111,,+32.4dB,15.7us,"[0,",1,261.17,normal,0,valid,-11.4dB,-11.4dB,0.20us,-128.8Hz,,"[6,",,1
2025-07-30 21:14:27.107577,PHY,0x4601,1,0,na,"[0,",0,0,1,1363.4,+17.1dB,17.1us,"[0,",1,261.18,normal,0,valid,-14.4dB,-14.5dB,na,na,,,,
2025-07-30 21:14:27.108153,PHY,0x4601,1,0,na,"[0,",0,0,1,1201.7,+16.5dB,14.1us,"[0,",1,261.19,normal,0,valid,-14.4dB,-14.5dB,na,na,,,,
2025-07-30 21:14:27.112267,CSI,0x4601,2,,na,"[0,",,,1,,+34.1dB,16.1us,"[0,",1,262.8,normal,0,valid,-11.4dB,-11.4dB,0.21us,-4.2Hz,,"[6,",1111,1
2025-07-30 21:14:27.113115,PHY,0x4601,1,0,na,"[0,",0,0,1,1022.5,+15.8dB,19.2us,"[0,",1,262.9,normal,0,valid,-14.4dB,-14.5dB,na,na,,,,
2025-07-30 21:14:27.116657,PHY,0x4601,2,,na,"[0,",,,11111,,+29.8dB,14.1us,"[0,",1,262.17,normal,0,valid,-11.5dB,-11.5dB,0.21us,+60.3Hz,,"[6,",,1
2025-07-30 21:14:27.117601,PHY,0x4601,1,0,na,"[0,",0,0,1,1272.5,+16.8dB,16.8us,"[0,",1,262.18,normal,0,valid,-14.4dB,-14.5dB,na,na,,,,
2025-07-30 21:14:27.118075,PHY,0x4601,1,0,na,"[0,",0,0,1,1310.1,+16.9dB,15.0us,"[0,",1,262.19,normal,0,valid,-14.4dB,-14.5dB,na,na,,,,
2025-07-30 21:14:27.122674,PHY,0x4601,1,0,na,"[0,",0,0,1,1229.2,+16.7dB,18.2us,"[0,",1,263.8,normal,0,valid,-14.4dB,-14.5dB,na,na,,,,
2025-07-30 21:14:27.123141,PHY,0x4601,1,0,na,"[0,",0,0,1,1322.1,+16.9dB,14.7us,"[0,",1,263.9,normal,0,valid,-14.5dB,-14.6dB,na,na,,,,
2025-07-30 21:14:27.126727,PHY,0x4601,2,,na,"[0,",,,11111,,+29.0dB,23.5us,"[0,",1,263.17,normal,0,valid,-11.5dB,-11.5dB,0.20us,-145.0Hz,,"[6,",,1
2025-07-30 21:14:27.127629,PHY,0x4601,1,0,na,"[0,",0,0,1,1366.0,+17.1dB,16.2us,"[0,",1,263.18,normal,0,valid,-14.4dB,-14.5dB,na,na,,,,
2025-07-30 21:14:27.128110,PHY,0x4601,1,0,na,"[0,",0,0,1,1271.0,+16.8dB,14.5us,"[0,",1,263.19,normal,0,valid,-14.4dB,-14.5dB,na,na,,,,
2025-07-30 21:14:27.132228,CSI,0x4601,2,,na,"[0,",,,1,,+31.2dB,11.7us,"[0,",1,264.8,normal,0,valid,-11.4dB,-11.4dB,0.20us,-62.9Hz,,"[6,",1111,1
2025-07-30 21:14:27.133101,PHY,0x4601,1,0,na,"[0,",0,0,1,948.8,+15.5dB,21.1us,"[0,",1,264.9,normal,0,valid,-14.4dB,-14.5dB,na,na,,,,
2025-07-30 21:14:27.136728,PHY,0x4601,2,,na,"[0,",,,11111,,+35.7dB,18.5us,"[0,",1,264.17,normal,0,valid,-11.5dB,-11.5dB,0.19us,+1.2Hz,,"[6,",,1
2025-07-30 21:14:27.137663,PHY,0x4601,1,0,na,"[0,",0,0,1,1339.8,+17.0dB,16.6us,"[0,",1,264.18,normal,0,valid,-14.4dB,-14.5dB,na,na,,,,
2025-07-30 21:14:27.138136,PHY,0x4601,1,0,na,"[0,",0,0,1,1380.7,+17.2dB,16.0us,"[0,",1,264.19,normal,0,valid,-14.4dB,-14.5dB,na,na,,,,
2025-07-30 21:14:27.142628,PHY,0x4601,1,0,na,"[0,",0,0,1,1309.8,+16.9dB,19.0us,"[0,",1,265.8,normal,0,valid,-14.4dB,-14.5dB,na,na,,,,
2025-07-30 21:14:27.143105,PHY,0x4601,1,0,na,"[0,",0,0,1,1142.1,+16.3dB,15.8us,"[0,",1,265.9,normal,0,valid,-14.4dB,-14.5dB,na,na,,,,
2025-07-30 21:14:27.146642,PHY,0x4601,2,,na,"[0,",,,11111,,+31.7dB,16.7us,"[0,",1,265.17,normal,0,valid,-11.5dB,-11.5dB,0.20us,+48.8Hz,,"[6,",,1
2025-07-30 21:14:27.147583,PHY,0x4601,1,0,na,"[0,",0,0,1,1261.0,+16.7dB,16.7us,"[0,",1,265.18,normal,0,valid,-14.4dB,-14.5dB,na,na,,,,
2025-07-30 21:14:27.148170,PHY,0x4601,1,0,na,"[0,",0,0,1,1318.1,+16.9dB,17.1us,"[0,",1,265.19,normal,0,valid,-14.4dB,-14.5dB,na,na,,,,
2025-07-30 21:14:27.152195,CSI,0x4601,2,,na,"[0,",,,1,,+31.2dB,14.8us,"[0,",1,266.8,normal,0,valid,-11.4dB,-11.4dB,0.19us,-99.4Hz,,"[6,",1111,1
2025-07-30 21:14:27.153133,PHY,0x4601,1,0,na,"[0,",0,0,1,1273.1,+16.8dB,17.5us,"[0,",1,266.9,normal,0,valid,-14.4dB,-14.5dB,na,na,,,,
2025-07-30 21:14:27.156678,PHY,0x4601,2,,na,"[0,",,,11111,,+33.5dB,16.4us,"[0,",1,266.17,normal,0,valid,-11.5dB,-11.6dB,0.22us,-43.7Hz,,"[6,",,1
2025-07-30 21:14:27.157618,PHY,0x4601,1,0,na,"[0,",0,0,1,1322.9,+16.9dB,17.6us,"[0,",1,266.18,normal,0,valid,-14.4dB,-14.5dB,na,na,,,,
2025-07-30 21:14:27.158097,PHY,0x4601,1,0,na,"[0,",0,0,1,1302.2,+16.9dB,16.7us,"[0,",1,266.19,normal,0,valid,-14.4dB,-14.5dB,na,na,,,,
2025-07-30 21:14:27.162582,PHY,0x4601,1,0,na,"[0,",0,0,1,1336.4,+17.0dB,19.3us,"[0,",1,267.8,normal,0,valid,-14.5dB,-14.6dB,na,na,,,,
2025-07-30 21:14:27.163162,PHY,0x4601,1,0,na,"[0,",0,0,1,1272.4,+16.8dB,15.9us,"[0,",1,267.9,normal,0,valid,-14.4dB,-14.5dB,na,na,,,,
2025-07-30 21:14:27.166705,PHY,0x4601,2,,na,"[0,",,,11111,,+30.6dB,17.8us,"[0,",1,267.17,normal,0,valid,-11.4dB,-11.4dB,0.18us,-63.1Hz,,"[6,",,1
2025-07-30 21:14:27.167650,PHY,0x4601,1,0,na,"[0,",0,0,1,1317.4,+17.0dB,17.4us,"[0,",1,267.18,normal,0,valid,-14.4dB,-14.5dB,na,na,,,,
2025-07-30 21:14:27.168127,PHY,0x4601,1,0,na,"[0,",0,0,1,1267.8,+16.8dB,14.6us,"[0,",1,267.19,normal,0,valid,-14.4dB,-14.5dB,na,na,,,,
2025-07-30 21:14:27.172220,CSI,0x4601,2,,na,"[0,",,,1,,+37.7dB,14.2us,"[0,",1,268.8,normal,0,valid,-11.3dB,-11.4dB,0.22us,-45.5Hz,,"[6,",1111,1
2025-07-30 21:14:27.173088,PHY,0x4601,1,0,na,"[0,",0,0,1,972.9,+15.6dB,15.7us,"[0,",1,268.9,normal,0,valid,-14.4dB,-14.6dB,na,na,,,,
2025-07-30 21:14:27.176750,PHY,0x4601,2,,na,"[0,",,,11111,,+30.9dB,16.7us,"[0,",1,268.17,normal,0,valid,-11.4dB,-11.4dB,0.20us,+106.4Hz,,"[6,",,1
2025-07-30 21:14:27.177585,PHY,0x4601,1,0,na,"[0,",0,0,1,1254.6,+16.7dB,17.8us,"[0,",1,268.18,normal,0,valid,-14.4dB,-14.5dB,na,na,,,,
2025-07-30 21:14:27.178164,PHY,0x4601,1,0,na,"[0,",0,0,1,1268.9,+16.8dB,21.8us,"[0,",1,268.19,normal,0,valid,-14.4dB,-14.5dB,na,na,,,,
2025-07-30 21:14:27.182646,PHY,0x4601,1,0,na,"[0,",0,0,1,1251.8,+16.8dB,18.2us,"[0,",1,269.8,normal,0,valid,-14.4dB,-14.5dB,na,na,,,,
2025-07-30 21:14:27.183121,PHY,0x4601,1,0,na,"[0,",0,0,1,1313.2,+17.0dB,16.3us,"[0,",1,269.9,normal,0,valid,-14.4dB,-14.5dB,na,na,,,,
2025-07-30 21:14:27.186660,PHY,0x4601,2,,na,"[0,",,,11111,,+33.5dB,14.9us,"[0,",1,269.17,normal,0,valid,-11.4dB,-11.5dB,0.21us,-6.2Hz,,"[6,",,1
2025-07-30 21:14:27.187600,PHY,0x4601,1,0,na,"[0,",0,0,1,1328.8,+17.0dB,18.9us,"[0,",1,269.18,normal,0,valid,-14.4dB,-14.5dB,na,na,,,,
2025-07-30 21:14:27.188080,PHY,0x4601,1,0,na,"[0,",0,0,1,1365.2,+17.1dB,16.4us,"[0,",1,269.19,normal,0,valid,-14.4dB,-14.5dB,na,na,,,,
2025-07-30 21:14:27.192205,CSI,0x4601,2,,na,"[0,",,,1,,+34.6dB,15.1us,"[0,",1,270.8,normal,0,valid,-11.4dB,-11.4dB,0.22us,+85.5Hz,,"[6,",1111,1
2025-07-30 21:14:27.193147,PHY,0x4601,1,0,na,"[0,",0,0,1,936.2,+15.5dB,15.9us,"[0,",1,270.9,normal,0,valid,-14.4dB,-14.5dB,na,na,,,,
2025-07-30 21:14:27.196699,PHY,0x4601,2,,na,"[0,",,,11111,,+32.2dB,14.5us,"[0,",1,270.17,normal,0,valid,-11.5dB,-11.6dB,0.20us,-14.1Hz,,"[6,",,1
2025-07-30 21:14:27.197639,PHY,0x4601,1,0,na,"[0,",0,0,1,950.1,+15.5dB,16.9us,"[0,",1,270.18,normal,0,valid,-14.4dB,-14.5dB,na,na,,,,
2025-07-30 21:14:27.198114,PHY,0x4601,1,0,na,"[0,",0,0,1,984.8,+15.7dB,14.6us,"[0,",1,270.19,normal,0,valid,-14.4dB,-14.5dB,na,na,,,,
2025-07-30 21:14:27.202666,PHY,0x4601,1,0,na,"[0,",0,0,1,1253.6,+16.7dB,16.9us,"[0,",1,271.8,normal,0,valid,-14.5dB,-14.6dB,na,na,,,,
2025-07-30 21:14:27.203075,PHY,0x4601,1,0,na,"[0,",0,0,1,1173.3,+16.4dB,15.3us,"[0,",1,271.9,normal,0,valid,-14.5dB,-14.6dB,na,na,,,,
2025-07-30 21:14:27.206729,PHY,0x4601,2,,na,"[0,",,,11111,,+31.1dB,17.6us,"[0,",1,271.17,normal,0,valid,-11.4dB,-11.5dB,0.20us,+67.7Hz,,"[6,",,1
2025-07-30 21:14:27.207668,PHY,0x4601,1,0,na,"[0,",0,0,1,941.5,+15.5dB,15.7us,"[0,",1,271.18,normal,0,valid,-14.4dB,-14.5dB,na,na,,,,
2025-07-30 21:14:27.208143,PHY,0x4601,1,0,na,"[0,",0,0,1,967.4,+15.6dB,14.7us,"[0,",1,271.19,normal,0,valid,-14.4dB,-14.5dB,na,na,,,,
2025-07-30 21:14:27.212235,CSI,0x4601,2,,na,"[0,",,,1,,+31.8dB,13.3us,"[0,",1,272.8,normal,0,valid,-11.4dB,-11.4dB,0.21us,+47.8Hz,,"[6,",1111,1
2025-07-30 21:14:27.213112,PHY,0x4601,1,0,na,"[0,",0,0,1,1397.1,+17.2dB,15.6us,"[0,",1,272.9,normal,0,valid,-14.4dB,-14.5dB,na,na,,,,
2025-07-30 21:14:27.216647,PHY,0x4601,2,,na,"[0,",,,11111,,+32.8dB,13.6us,"[0,",1,272.17,normal,0,valid,-11.6dB,-11.6dB,0.20us,+132.4Hz,,"[6,",,1
2025-07-30 21:14:27.217591,PHY,0x4601,1,0,na,"[0,",0,0,1,991.7,+15.7dB,15.6us,"[0,",1,272.18,normal,0,valid,-14.4dB,-14.5dB,na,na,,,,
2025-07-30 21:14:27.218071,PHY,0x4601,1,0,na,"[0,",0,0,1,963.5,+15.6dB,16.9us,"[0,",1,272.19,normal,0,valid,-14.4dB,-14.5dB,na,na,,,,
2025-07-30 21:14:27.222672,PHY,0x4601,1,0,na,"[0,",0,0,1,1276.4,+16.8dB,19.8us,"[0,",1,273.8,normal,0,valid,-14.4dB,-14.5dB,na,na,,,,
2025-07-30 21:14:27.223143,PHY,0x4601,1,0,na,"[0,",0,0,1,1259.2,+16.7dB,15.1us,"[0,",1,273.9,normal,0,valid,-14.4dB,-14.5dB,na,na,,,,
2025-07-30 21:14:27.226684,PHY,0x4601,2,,na,"[0,",,,11111,,+30.6dB,14.9us,"[0,",1,273.17,normal,0,valid,-11.5dB,-11.5dB,0.20us,+49.2Hz,,"[6,",,1
2025-07-30 21:14:27.227625,PHY,0x4601,1,0,na,"[0,",0,0,1,990.1,+15.7dB,16.6us,"[0,",1,273.18,normal,0,valid,-14.4dB,-14.5dB,na,na,,,,
2025-07-30 21:14:27.228099,PHY,0x4601,1,0,na,"[0,",0,0,1,969.6,+15.6dB,14.1us,"[0,",1,273.19,normal,0,valid,-14.4dB,-14.5dB,na,na,,,,
2025-07-30 21:14:27.232225,CSI,0x4601,2,,na,"[0,",,,1,,+33.4dB,16.0us,"[0,",1,274.8,normal,0,valid,-11.4dB,-11.4dB,0.19us,-51.9Hz,,"[6,",1111,1
2025-07-30 21:14:27.233170,PHY,0x4601,1,0,na,"[0,",0,0,1,1272.1,+16.8dB,15.6us,"[0,",1,274.9,normal,0,valid,-14.4dB,-14.5dB,na,na,,,,
2025-07-30 21:14:27.236731,PHY,0x4601,2,,na,"[0,",,,11111,,+31.4dB,16.8us,"[0,",1,274.17,normal,0,valid,-11.5dB,-11.6dB,0.20us,+92.8Hz,,"[6,",,1
2025-07-30 21:14:27.237656,PHY,0x4601,1,0,na,"[0,",0,0,1,1349.3,+17.0dB,15.6us,"[0,",1,274.18,normal,0,valid,-14.4dB,-14.5dB,na,na,,,,
2025-07-30 21:14:27.238133,PHY,0x4601,1,0,na,"[0,",0,0,1,1248.1,+16.7dB,13.9us,"[0,",1,274.19,normal,0,valid,-14.4dB,-14.5dB,na,na,,,,
2025-07-30 21:14:27.242625,PHY,0x4601,1,0,na,"[0,",0,0,1,1317.9,+16.9dB,16.3us,"[0,",1,275.8,normal,0,valid,-14.4dB,-14.5dB,na,na,,,,
2025-07-30 21:14:27.243090,PHY,0x4601,1,0,na,"[0,",0,0,1,1251.4,+16.7dB,14.9us,"[0,",1,275.9,normal,0,valid,-14.4dB,-14.5dB,na,na,,,,
2025-07-30 21:14:27.246788,PHY,0x4601,2,,na,"[0,",,,11111,,+30.2dB,15.7us,"[0,",1,275.17,normal,0,valid,-11.4dB,-11.5dB,0.21us,+7.4Hz,,"[6,",,1
2025-07-30 21:14:27.247580,PHY,0x4601,1,0,na,"[0,",0,0,1,949.5,+15.5dB,16.4us,"[0,",1,275.18,normal,0,valid,-14.4dB,-14.5dB,na,na,,,,
2025-07-30 21:14:27.248160,PHY,0x4601,1,0,na,"[0,",0,0,1,976.0,+15.6dB,14.0us,"[0,",1,275.19,normal,0,valid,-14.4dB,-14.6dB,na,na,,,,
2025-07-30 21:14:27.252185,CSI,0x4601,2,,na,"[0,",,,1,,+31.9dB,14.9us,"[0,",1,276.8,normal,0,valid,-11.4dB,-11.4dB,0.21us,+5.5Hz,,"[6,",1111,1
2025-07-30 21:14:27.253124,PHY,0x4601,1,0,na,"[0,",0,0,1,1236.0,+16.7dB,15.9us,"[0,",1,276.9,normal,0,valid,-14.4dB,-14.5dB,na,na,,,,
2025-07-30 21:14:27.256670,PHY,0x4601,2,,na,"[0,",,,11111,,+30.9dB,14.6us,"[0,",1,276.17,normal,0,valid,-11.5dB,-11.5dB,0.21us,-9.3Hz,,"[6,",,1
2025-07-30 21:14:27.257608,PHY,0x4601,1,0,na,"[0,",0,0,1,990.9,+15.7dB,16.2us,"[0,",1,276.18,normal,0,valid,-14.4dB,-14.5dB,na,na,,,,
2025-07-30 21:14:27.258080,PHY,0x4601,1,0,na,"[0,",0,0,1,974.8,+15.6dB,16.5us,"[0,",1,276.19,normal,0,valid,-14.4dB,-14.5dB,na,na,,,,
2025-07-30 21:14:27.262575,PHY,0x4601,1,0,na,"[0,",0,0,1,1266.6,+16.8dB,16.7us,"[0,",1,277.8,normal,0,valid,-14.4dB,-14.5dB,na,na,,,,
2025-07-30 21:14:27.263150,PHY,0x4601,1,0,na,"[0,",0,0,1,1235.8,+16.7dB,14.4us,"[0,",1,277.9,normal,0,valid,-14.5dB,-14.5dB,na,na,,,,
2025-07-30 21:14:27.266726,PHY,0x4601,2,,na,"[0,",,,11111,,+32.8dB,18.0us,"[0,",1,277.17,normal,0,valid,-11.4dB,-11.4dB,0.21us,-42.8Hz,,"[6,",,1
2025-07-30 21:14:27.267639,PHY,0x4601,1,0,na,"[0,",0,0,1,984.6,+15.7dB,15.7us,"[0,",1,277.18,normal,0,valid,-14.4dB,-14.5dB,na,na,,,,
2025-07-30 21:14:27.268116,PHY,0x4601,1,0,na,"[0,",0,0,1,954.3,+15.5dB,13.6us,"[0,",1,277.19,normal,0,valid,-14.4dB,-14.5dB,na,na,,,,
2025-07-30 21:14:27.272253,CSI,0x4601,2,,na,"[0,",,,1,,+32.1dB,12.8us,"[0,",1,278.8,normal,0,valid,-11.4dB,-11.4dB,0.18us,+10.8Hz,,"[6,",1111,1
2025-07-30 21:14:27.273085,PHY,0x4601,1,0,na,"[0,",0,0,1,1020.5,+15.9dB,17.5us,"[0,",1,278.9,normal,0,valid,-14.4dB,-14.5dB,na,na,,,,
2025-07-30 21:14:27.276732,PHY,0x4601,2,,na,"[0,",,,11111,,+31.0dB,17.9us,"[0,",1,278.17,normal,0,valid,-11.4dB,-11.4dB,0.20us,-163.6Hz,,"[6,",,1
2025-07-30 21:14:27.277573,PHY,0x4601,1,0,na,"[0,",0,0,1,1262.4,+16.7dB,16.2us,"[0,",1,278.18,normal,0,valid,-14.4dB,-14.5dB,na,na,,,,
2025-07-30 21:14:27.278152,PHY,0x4601,1,0,na,"[0,",0,0,1,1265.6,+16.8dB,13.6us,"[0,",1,278.19,normal,0,valid,-14.4dB,-14.5dB,na,na,,,,
2025-07-30 21:14:27.282655,PHY,0x4601,1,0,na,"[0,",0,0,1,1292.2,+16.9dB,17.3us,"[0,",1,279.8,normal,0,valid,-14.4dB,-14.5dB,na,na,,,,
2025-07-30 21:14:27.283110,PHY,0x4601,1,0,na,"[0,",0,0,1,1368.6,+17.1dB,14.4us,"[0,",1,279.9,normal,0,valid,-14.4dB,-14.5dB,na,na,,,,
2025-07-30 21:14:27.286653,PHY,0x4601,2,,na,"[0,",,,11111,,+29.8dB,14.5us,"[0,",1,279.17,normal,0,valid,-11.4dB,-11.4dB,0.18us,-112.0Hz,,"[6,",,1
2025-07-30 21:14:27.287604,PHY,0x4601,1,0,na,"[0,",0,0,1,1257.1,+16.7dB,23.3us,"[0,",1,279.18,normal,0,valid,-14.4dB,-14.5dB,na,na,,,,
2025-07-30 21:14:27.288075,PHY,0x4601,1,0,na,"[0,",0,0,1,1308.5,+16.9dB,16.0us,"[0,",1,279.19,normal,0,valid,-14.4dB,-14.5dB,na,na,,,,
2025-07-30 21:14:27.292200,CSI,0x4601,2,,na,"[0,",,,1,,+30.3dB,13.1us,"[0,",1,280.8,normal,0,valid,-11.4dB,-11.4dB,0.21us,-113.9Hz,,"[6,",1111,1
2025-07-30 21:14:27.293140,PHY,0x4601,1,0,na,"[0,",0,0,1,910.9,+15.3dB,16.9us,"[0,",1,280.9,normal,0,valid,-14.4dB,-14.5dB,na,na,,,,
2025-07-30 21:14:27.296701,PHY,0x4601,2,,na,"[0,",,,11111,,+28.9dB,13.6us,"[0,",1,280.17,normal,0,valid,-11.5dB,-11.5dB,0.21us,+129.3Hz,,"[6,",,1
2025-07-30 21:14:27.297631,PHY,0x4601,1,0,na,"[0,",0,0,1,1283.0,+16.8dB,15.9us,"[0,",1,280.18,normal,0,valid,-14.4dB,-14.5dB,na,na,,,,
2025-07-30 21:14:27.298113,PHY,0x4601,1,0,na,"[0,",0,0,1,1204.0,+16.5dB,14.0us,"[0,",1,280.19,normal,0,valid,-14.4dB,-14.5dB,na,na,,,,
2025-07-30 21:14:27.302609,PHY,0x4601,1,0,na,"[0,",0,0,1,1286.8,+16.8dB,17.3us,"[0,",1,281.8,normal,0,valid,-14.4dB,-14.5dB,na,na,,,,
2025-07-30 21:14:27.303067,PHY,0x4601,1,0,na,"[0,",0,0,1,1297.6,+16.9dB,14.9us,"[0,",1,281.9,normal,0,valid,-14.5dB,-14.6dB,na,na,,,,
2025-07-30 21:14:27.306720,PHY,0x4601,2,,na,"[0,",,,11111,,+29.8dB,14.6us,"[0,",1,281.17,normal,0,valid,-11.4dB,-11.5dB,0.22us,-8.0Hz,,"[6,",,1
2025-07-30 21:14:27.307662,PHY,0x4601,1,0,na,"[0,",0,0,1,958.5,+15.5dB,16.0us,"[0,",1,281.18,normal,0,valid,-14.4dB,-14.6dB,na,na,,,,
2025-07-30 21:14:27.308137,PHY,0x4601,1,0,na,"[0,",0,0,1,954.9,+15.5dB,16.6us,"[0,",1,281.19,normal,0,valid,-14.4dB,-14.5dB,na,na,,,,
2025-07-30 21:14:27.312234,CSI,0x4601,2,,na,"[0,",,,1,,+32.6dB,14.6us,"[0,",1,282.8,normal,0,valid,-11.4dB,-11.4dB,0.22us,-85.0Hz,,"[6,",1111,1
2025-07-30 21:14:27.313101,PHY,0x4601,1,0,na,"[0,",0,0,1,1297.9,+16.9dB,15.8us,"[0,",1,282.9,normal,0,valid,-14.4dB,-14.5dB,na,na,,,,
2025-07-30 21:14:27.316646,PHY,0x4601,2,,na,"[0,",,,11111,,+29.1dB,14.0us,"[0,",1,282.17,normal,0,valid,-11.4dB,-11.4dB,0.20us,+133.9Hz,,"[6,",,1
2025-07-30 21:14:27.317579,PHY,0x4601,1,0,na,"[0,",0,0,1,1003.0,+15.8dB,16.7us,"[0,",1,282.18,normal,0,valid,-14.4dB,-14.5dB,na,na,,,,
2025-07-30 21:14:27.318173,PHY,0x4601,1,0,na,"[0,",0,0,1,1021.7,+15.8dB,19.3us,"[0,",1,282.19,normal,0,valid,-14.4dB,-14.5dB,na,na,,,,
2025-07-30 21:14:27.322663,PHY,0x4601,1,0,na,"[0,",0,0,1,1249.7,+16.7dB,17.2us,"[0,",1,283.8,normal,0,valid,-14.5dB,-14.5dB,na,na,,,,
2025-07-30 21:14:27.323133,PHY,0x4601,1,0,na,"[0,",0,0,1,1246.0,+16.7dB,14.4us,"[0,",1,283.9,normal,0,valid,-14.5dB,-14.6dB,na,na,,,,
2025-07-30 21:14:27.326674,PHY,0x4601,2,,na,"[0,",,,11111,,+31.2dB,16.0us,"[0,",1,283.17,normal,0,valid,-11.3dB,-11.4dB,0.20us,+67.6Hz,,"[6,",,1
2025-07-30 21:14:27.327621,PHY,0x4601,1,0,na,"[0,",0,0,1,1275.5,+16.8dB,16.4us,"[0,",1,283.18,normal,0,valid,-14.4dB,-14.5dB,na,na,,,,
2025-07-30 21:14:27.328095,PHY,0x4601,1,0,na,"[0,",0,0,1,1304.4,+16.9dB,16.5us,"[0,",1,283.19,normal,0,valid,-14.4dB,-14.5dB,na,na,,,,
2025-07-30 21:14:27.332212,CSI,0x4601,2,,na,"[0,",,,1,,+30.3dB,13.1us,"[0,",1,284.8,normal,0,valid,-11.4dB,-11.4dB,0.19us,-107.7Hz,,"[6,",1111,1
2025-07-30 21:14:27.333164,PHY,0x4601,1,0,na,"[0,",0,0,1,1007.4,+15.8dB,16.5us,"[0,",1,284.9,normal,0,valid,-14.4dB,-14.5dB,na,na,,,,
2025-07-30 21:14:27.336734,PHY,0x4601,2,,na,"[0,",,,11111,,+30.2dB,15.9us,"[0,",1,284.17,normal,0,valid,-11.5dB,-11.5dB,0.22us,+91.2Hz,,"[6,",,1
2025-07-30 21:14:27.337653,PHY,0x4601,1,0,na,"[0,",0,0,1,1254.2,+16.7dB,21.5us,"[0,",1,284.18,normal,0,valid,-14.4dB,-14.4dB,na,na,,,,
2025-07-30 21:14:27.338128,PHY,0x4601,1,0,na,"[0,",0,0,1,1215.0,+16.6dB,16.6us,"[0,",1,284.19,normal,0,valid,-14.4dB,-14.5dB,na,na,,,,
2025-07-30 21:14:27.342614,PHY,0x4601,1,0,na,"[0,",0,0,1,1327.9,+17.0dB,16.7us,"[0,",1,285.8,normal,0,valid,-14.5dB,-14.6dB,na,na,,,,
2025-07-30 21:14:27.343085,PHY,0x4601,1,0,na,"[0,",0,0,1,1302.6,+16.9dB,14.5us,"[0,",1,285.9,normal,0,valid,-14.5dB,-14.6dB,na,na,,,,
2025-07-30 21:14:27.346742,PHY,0x4601,2,,na,"[0,",,,11111,,+30.0dB,15.4us,"[0,",1,285.17,normal,0,valid,-11.4dB,-11.5dB,0.20us,+46.6Hz,,"[6,",,1
2025-07-30 21:14:27.347573,PHY,0x4601,1,0,na,"[0,",0,0,1,1248.8,+16.7dB,15.8us,"[0,",1,285.18,normal,0,valid,-14.4dB,-14.5dB,na,na,,,,
2025-07-30 21:14:27.348159,PHY,0x4601,1,0,na,"[0,",0,0,1,1219.4,+16.6dB,18.1us,"[0,",1,285.19,normal,0,valid,-14.4dB,-14.5dB,na,na,,,,
2025-07-30 21:14:27.352243,CSI,0x4601,2,,na,"[0,",,,1,,+30.8dB,11.7us,"[0,",1,286.8,normal,0,valid,-11.5dB,-11.5dB,0.21us,-50.8Hz,,"[6,",1111,1
2025-07-30 21:14:27.353121,PHY,0x4601,1,0,na,"[0,",0,0,1,1262.1,+16.8dB,18.4us,"[0,",1,286.9,normal,0,valid,-14.4dB,-14.5dB,na,na,,,,
2025-07-30 21:14:27.356668,PHY,0x4601,2,,na,"[0,",,,11111,,+30.5dB,13.6us,"[0,",1,286.17,normal,0,valid,-11.3dB,-11.4dB,0.21us,-33.1Hz,,"[6,",,1
2025-07-30 21:14:27.357607,PHY,0x4601,1,0,na,"[0,",0,0,1,967.8,+15.6dB,16.2us,"[0,",1,286.18,normal,0,valid,-14.4dB,-14.5dB,na,na,,,,
2025-07-30 21:14:27.358084,PHY,0x4601,1,0,na,"[0,",0,0,1,878.2,+15.2dB,18.4us,"[0,",1,286.19,normal,0,valid,-14.4dB,-14.5dB,na,na,,,,
2025-07-30 21:14:27.362578,PHY,0x4601,1,0,na,"[0,",0,0,1,1219.6,+16.6dB,16.6us,"[0,",1,287.8,normal,0,valid,-14.4dB,-14.5dB,na,na,,,,
2025-07-30 21:14:27.363146,PHY,0x4601,1,0,na,"[0,",0,0,1,1243.1,+16.7dB,14.8us,"[0,",1,287.9,normal,0,valid,-14.4dB,-14.5dB,na,na,,,,
2025-07-30 21:14:27.366702,PHY,0x4601,2,,na,"[0,",,,11111,,+32.1dB,15.4us,"[0,",1,287.17,normal,0,valid,-11.4dB,-11.4dB,0.19us,-32.6Hz,,"[6,",,1
2025-07-30 21:14:27.367645,PHY,0x4601,1,0,na,"[0,",0,0,1,1238.4,+16.7dB,17.8us,"[0,",1,287.18,normal,0,valid,-14.4dB,-14.5dB,na,na,,,,
2025-07-30 21:14:27.368111,PHY,0x4601,1,0,na,"[0,",0,0,1,1312.5,+16.9dB,14.8us,"[0,",1,287.19,normal,0,valid,-14.4dB,-14.5dB,na,na,,,,
2025-07-30 21:14:27.372241,CSI,0x4601,2,,na,"[0,",,,1,,+29.0dB,15.2us,"[0,",1,288.8,normal,0,valid,-11.3dB,-11.4dB,0.19us,+6.6Hz,,"[6,",1111,1
2025-07-30 21:14:27.373078,PHY,0x4601,1,0,na,"[0,",0,0,1,1288.2,+16.8dB,16.1us,"[0,",1,288.9,normal,0,valid,-14.4dB,-14.5dB,na,na,,,,
2025-07-30 21:14:27.376741,PHY,0x4601,2,,na,"[0,",,,11111,,+30.9dB,13.7us,"[0,",1,288.17,normal,0,valid,-11.4dB,-11.4dB,0.20us,+91.6Hz,,"[6,",,1
2025-07-30 21:14:27.377678,PHY,0x4601,1,0,na,"[0,",0,0,1,957.2,+15.6dB,26.5us,"[0,",1,288.18,normal,0,valid,-14.4dB,-14.5dB,na,na,,,,
2025-07-30 21:14:27.378142,PHY,0x4601,1,0,na,"[0,",0,0,1,918.5,+15.4dB,14.8us,"[0,",1,288.19,normal,0,valid,-14.4dB,-14.5dB,na,na,,,,
2025-07-30 21:14:27.382640,PHY,0x4601,1,0,na,"[0,",0,0,1,1260.0,+16.7dB,22.8us,"[0,",1,289.8,normal,0,valid,-14.4dB,-14.6dB,na,na,,,,
2025-07-30 21:14:27.383105,PHY,0x4601,1,0,na,"[0,",0,0,1,1325.5,+17.0dB,15.5us,"[0,",1,289.9,normal,0,valid,-14.4dB,-14.5dB,na,na,,,,
2025-07-30 21:14:27.386645,PHY,0x4601,2,,na,"[0,",,,11111,,+29.1dB,14.9us,"[0,",1,289.17,normal,0,valid,-11.4dB,-11.4dB,0.20us,+115.3Hz,,"[6,",,1
2025-07-30 21:14:27.387602,PHY,0x4601,1,0,na,"[0,",0,0,1,1197.0,+16.5dB,22.1us,"[0,",1,289.18,normal,0,valid,-14.4dB,-14.5dB,na,na,,,,
2025-07-30 21:14:27.388074,PHY,0x4601,1,0,na,"[0,",0,0,1,1283.4,+16.8dB,14.8us,"[0,",1,289.19,normal,0,valid,-14.4dB,-14.5dB,na,na,,,,
2025-07-30 21:14:27.392201,CSI,0x4601,2,,na,"[0,",,,1,,+32.4dB,13.6us,"[0,",1,290.8,normal,0,valid,-11.4dB,-11.5dB,0.21us,-39.6Hz,,"[6,",1111,1
2025-07-30 21:14:27.393136,PHY,0x4601,1,0,na,"[0,",0,0,1,1002.0,+15.8dB,15.4us,"[0,",1,290.9,normal,0,valid,-14.4dB,-14.5dB,na,na,,,,
2025-07-30 21:14:27.396682,PHY,0x4601,2,,na,"[0,",,,11111,,+32.4dB,12.2us,"[0,",1,290.17,normal,0,valid,-11.6dB,-11.6dB,0.21us,-95.1Hz,,"[6,",,1
2025-07-30 21:14:27.397623,PHY,0x4601,1,0,na,"[0,",0,0,1,1229.6,+16.6dB,15.4us,"[0,",1,290.18,normal,0,valid,-14.4dB,-14.5dB,na,na,,,,
2025-07-30 21:14:27.398102,PHY,0x4601,1,0,na,"[0,",0,0,1,1252.8,+16.7dB,16.6us,"[0,",1,290.19,normal,0,valid,-14.4dB,-14.5dB,na,na,,,,
2025-07-30 21:14:27.402583,PHY,0x4601,1,0,na,"[0,",0,0,1,1281.6,+16.8dB,16.8us,"[0,",1,291.8,normal,0,valid,-14.5dB,-14.5dB,na,na,,,,
2025-07-30 21:14:27.403166,PHY,0x4601,1,0,na,"[0,",0,0,1,1205.9,+16.6dB,16.0us,"[0,",1,291.9,normal,0,valid,-14.4dB,-14.5dB,na,na,,,,
2025-07-30 21:14:27.406750,PHY,0x4601,2,,na,"[0,",,,11111,,+36.5dB,21.6us,"[0,",1,291.17,normal,0,valid,-11.3dB,-11.4dB,0.18us,-19.9Hz,,"[6,",,1
2025-07-30 21:14:27.407653,PHY,0x4601,1,0,na,"[0,",0,0,1,1023.7,+15.8dB,16.2us,"[0,",1,291.18,normal,0,valid,-14.4dB,-14.5dB,na,na,,,,
2025-07-30 21:14:27.408130,PHY,0x4601,1,0,na,"[0,",0,0,1,934.9,+15.5dB,15.5us,"[0,",1,291.19,normal,0,valid,-14.4dB,-14.5dB,na,na,,,,
2025-07-30 21:14:27.412222,CSI,0x4601,2,,na,"[0,",,,1,,+29.6dB,13.9us,"[0,",1,292.8,normal,0,valid,-11.4dB,-11.5dB,0.20us,+43.3Hz,,"[6,",1111,1
2025-07-30 21:14:27.413094,PHY,0x4601,1,0,na,"[0,",0,0,1,921.8,+15.3dB,16.0us,"[0,",1,292.9,normal,0,valid,-14.4dB,-14.6dB,na,na,,,,
2025-07-30 21:14:27.416746,PHY,0x4601,2,,na,"[0,",,,11111,,+33.7dB,16.3us,"[0,",1,292.17,normal,0,valid,-11.5dB,-11.5dB,0.19us,+11.7Hz,,"[6,",,1
2025-07-30 21:14:27.417579,PHY,0x4601,1,0,na,"[0,",0,0,1,939.7,+15.5dB,15.6us,"[0,",1,292.18,normal,0,valid,-14.4dB,-14.5dB,na,na,,,,
2025-07-30 21:14:27.418166,PHY,0x4601,1,0,na,"[0,",0,0,1,1042.2,+15.9dB,19.5us,"[0,",1,292.19,normal,0,valid,-14.4dB,-14.5dB,na,na,,,,
2025-07-30 21:14:27.422655,PHY,0x4601,1,0,na,"[0,",0,0,1,1205.4,+16.6dB,15.7us,"[0,",1,293.8,normal,0,valid,-14.4dB,-14.5dB,na,na,,,,
2025-07-30 21:14:27.423126,PHY,0x4601,1,0,na,"[0,",0,0,1,1260.0,+16.7dB,15.2us,"[0,",1,293.9,normal,0,valid,-14.5dB,-14.6dB,na,na,,,,
2025-07-30 21:14:27.426671,PHY,0x4601,2,,na,"[0,",,,11111,,+30.5dB,19.7us,"[0,",1,293.17,normal,0,valid,-11.5dB,-11.5dB,0.21us,+158.8Hz,,"[6,",,1
2025-07-30 21:14:27.427609,PHY,0x4601,1,0,na,"[0,",0,0,1,939.9,+15.4dB,15.3us,"[0,",1,293.18,normal,0,valid,-14.4dB,-14.6dB,na,na,,,,
2025-07-30 21:14:27.428079,PHY,0x4601,1,0,na,"[0,",0,0,1,949.9,+15.5dB,14.1us,"[0,",1,293.19,normal,0,valid,-14.4dB,-14.5dB,na,na,,,,
2025-07-30 21:14:27.432222,CSI,0x4601,2,,na,"[0,",,,1,,+33.2dB,12.1us,"[0,",1,294.8,normal,0,valid,-11.4dB,-11.4dB,0.19us,-129.3Hz,,"[6,",1111,1
2025-07-30 21:14:27.433165,PHY,0x4601,1,0,na,"[0,",0,0,1,974.8,+15.6dB,15.5us,"[0,",1,294.9,normal,0,valid,-14.4dB,-14.5dB,na,na,,,,
2025-07-30 21:14:27.436694,PHY,0x4601,2,,na,"[0,",,,11111,,+31.4dB,12.6us,"[0,",1,294.17,normal,0,valid,-11.5dB,-11.5dB,0.19us,-78.0Hz,,"[6,",,1
2025-07-30 21:14:27.437641,PHY,0x4601,1,0,na,"[0,",0,0,1,1345.6,+17.0dB,15.6us,"[0,",1,294.18,normal,0,valid,-14.4dB,-14.5dB,na,na,,,,
2025-07-30 21:14:27.438123,PHY,0x4601,1,0,na,"[0,",0,0,1,1287.7,+16.8dB,14.4us,"[0,",1,294.19,normal,0,valid,-14.4dB,-14.5dB,na,na,,,,
2025-07-30 21:14:27.442610,PHY,0x4601,1,0,na,"[0,",0,0,1,1287.1,+16.9dB,16.2us,"[0,",1,295.8,normal,0,valid,-14.4dB,-14.5dB,na,na,,,,
2025-07-30 21:14:27.443080,PHY,0x4601,1,0,na,"[0,",0,0,1,1267.4,+16.8dB,14.1us,"[0,",1,295.9,normal,0,valid,-14.5dB,-14.6dB,na,na,,,,
2025-07-30 21:14:27.446732,PHY,0x4601,2,,na,"[0,",,,11111,,+34.4dB,14.5us,"[0,",1,295.17,normal,0,valid,-11.3dB,-11.3dB,0.18us,+19.5Hz,,"[6,",,1
2025-07-30 21:14:27.447586,PHY,0x4601,1,0,na,"[0,",0,0,1,950.0,+15.5dB,21.9us,"[0,",1,295.18,normal,0,valid,-14.4dB,-14.5dB,na,na,,,,
2025-07-30 21:14:27.448146,PHY,0x4601,1,0,na,"[0,",0,0,1,948.6,+15.5dB,14.5us,"[0,",1,295.19,normal,0,valid,-14.4dB,-14.5dB,na,na,,,,
2025-07-30 21:14:27.452260,CSI,0x4601,2,,na,"[0,",,,1,,+32.5dB,14.9us,"[0,",1,296.8,normal,0,valid,-11.4dB,-11.4dB,0.21us,-44.9Hz,,"[6,",1111,1
2025-07-30 21:14:27.453109,PHY,0x4601,1,0,na,"[0,",0,0,1,1207.5,+16.5dB,16.7us,"[0,",1,296.9,normal,0,valid,-14.4dB,-14.5dB,na,na,,,,
2025-07-30 21:14:27.456652,PHY,0x4601,2,,na,"[0,",,,11111,,+32.2dB,13.6us,"[0,",1,296.17,normal,0,valid,-11.6dB,-11.6dB,0.18us,+27.0Hz,,"[6,",,1
2025-07-30 21:14:27.457598,PHY,0x4601,1,0,na,"[0,",0,0,1,1249.3,+16.7dB,15.7us,"[0,",1,296.18,normal,0,valid,-14.4dB,-14.4dB,na,na,,,,
2025-07-30 21:14:27.458073,PHY,0x4601,1,0,na,"[0,",0,0,1,1267.1,+16.8dB,14.8us,"[0,",1,296.19,normal,0,valid,-14.4dB,-14.5dB,na,na,,,,
2025-07-30 21:14:27.462677,PHY,0x4601,1,0,na,"[0,",0,0,1,1351.2,+17.1dB,19.9us,"[0,",1,297.8,normal,0,valid,-14.4dB,-14.5dB,na,na,,,,
2025-07-30 21:14:27.463148,PHY,0x4601,1,0,na,"[0,",0,0,1,1343.3,+17.0dB,21.1us,"[0,",1,297.9,normal,0,valid,-14.5dB,-14.5dB,na,na,,,,
2025-07-30 21:14:27.466713,PHY,0x4601,2,,na,"[0,",,,11111,,+33.1dB,14.3us,"[0,",1,297.17,normal,0,valid,-11.5dB,-11.5dB,0.21us,-31.2Hz,,"[6,",,1
2025-07-30 21:14:27.467628,PHY,0x4601,1,0,na,"[0,",0,0,1,1324.8,+17.0dB,16.2us,"[0,",1,297.18,normal,0,valid,-14.4dB,-14.5dB,na,na,,,,
2025-07-30 21:14:27.468106,PHY,0x4601,1,0,na,"[0,",0,0,1,1244.9,+16.7dB,14.7us,"[0,",1,297.19,normal,0,valid,-14.4dB,-14.5dB,na,na,,,,
2025-07-30 21:14:27.472232,CSI,0x4601,2,,na,"[0,",,,1,,+33.1dB,15.3us,"[0,",1,298.8,normal,0,valid,-11.3dB,-11.4dB,0.23us,+31.5Hz,,"[6,",1111,1
2025-07-30 21:14:27.473066,PHY,0x4601,1,0,na,"[0,",0,0,1,1211.0,+16.5dB,16.4us,"[0,",1,298.9,normal,0,valid,-14.4dB,-14.5dB,na,na,,,,
2025-07-30 21:14:27.476724,PHY,0x4601,2,,na,"[0,",,,11111,,+32.7dB,14.9us,"[0,",1,298.17,normal,0,valid,-11.4dB,-11.4dB,0.20us,+46.4Hz,,"[6,",,1
2025-07-30 21:14:27.477661,PHY,0x4601,1,0,na,"[0,",0,0,1,970.5,+15.6dB,15.8us,"[0,",1,298.18,normal,0,valid,-14.4dB,-14.5dB,na,na,,,,
2025-07-30 21:14:27.478143,PHY,0x4601,1,0,na,"[0,",0,0,1,994.7,+15.7dB,15.5us,"[0,",1,298.19,normal,0,valid,-14.4dB,-14.5dB,na,na,,,,
2025-07-30 21:14:27.482631,PHY,0x4601,1,0,na,"[0,",0,0,1,1319.7,+16.9dB,20.1us,"[0,",1,299.8,normal,0,valid,-14.5dB,-14.6dB,na,na,,,,
2025-07-30 21:14:27.483106,PHY,0x4601,1,0,na,"[0,",0,0,1,1341.7,+17.0dB,18.8us,"[0,",1,299.9,normal,0,valid,-14.4dB,-14.5dB,na,na,,,,
2025-07-30 21:14:27.486642,PHY,0x4601,2,,na,"[0,",,,11111,,+32.2dB,15.2us,"[0,",1,299.17,normal,0,valid,-11.4dB,-11.5dB,0.18us,-50.4Hz,,"[6,",,1
2025-07-30 21:14:27.487578,PHY,0x4601,1,0,na,"[0,",0,0,1,921.0,+15.4dB,15.7us,"[0,",1,299.18,normal,0,valid,-14.4dB,-14.5dB,na,na,,,,
2025-07-30 21:14:27.488173,PHY,0x4601,1,0,na,"[0,",0,0,1,954.3,+15.5dB,15.3us,"[0,",1,299.19,normal,0,valid,-14.4dB,-14.6dB,na,na,,,,
2025-07-30 21:14:27.492193,CSI,0x4601,2,,na,"[0,",,,1,,+31.0dB,16.8us,"[0,",1,300.8,normal,0,valid,-11.4dB,-11.4dB,0.19us,+32.1Hz,,"[6,",1111,1
2025-07-30 21:14:27.493134,PHY,0x4601,1,0,na,"[0,",0,0,1,1171.4,+16.4dB,15.8us,"[0,",1,300.9,normal,0,valid,-14.4dB,-14.5dB,na,na,,,,
2025-07-30 21:14:27.496677,PHY,0x4601,2,,na,"[0,",,,11111,,+32.5dB,14.4us,"[0,",1,300.17,normal,0,valid,-11.4dB,-11.5dB,0.22us,+59.7Hz,,"[6,",,1
2025-07-30 21:14:27.497618,PHY,0x4601,1,0,na,"[0,",0,0,1,1364.0,+17.1dB,17.1us,"[0,",1,300.18,normal,0,valid,-14.4dB,-14.4dB,na,na,,,,
2025-07-30 21:14:27.498092,PHY,0x4601,1,0,na,"[0,",0,0,1,1153.1,+16.3dB,14.9us,"[0,",1,300.19,normal,0,valid,-14.4dB,-14.5dB,na,na,,,,
2025-07-30 21:14:27.502587,PHY,0x4601,1,0,na,"[0,",0,0,1,1284.9,+16.8dB,16.3us,"[0,",1,301.8,normal,0,valid,-14.4dB,-14.5dB,na,na,,,,
2025-07-30 21:14:27.503160,PHY,0x4601,1,0,na,"[0,",0,0,1,1256.6,+16.7dB,15.4us,"[0,",1,301.9,normal,0,valid,-14.5dB,-14.5dB,na,na,,,,
2025-07-30 21:14:27.506715,PHY,0x4601,2,,na,"[0,",,,11111,,+30.0dB,22.8us,"[0,",1,301.17,normal,0,valid,-11.5dB,-11.6dB,0.20us,-121.1Hz,,"[6,",,1
2025-07-30 21:14:27.507650,PHY,0x4601,1,0,na,"[0,",0,0,1,949.5,+15.5dB,16.3us,"[0,",1,301.18,normal,0,valid,-14.4dB,-14.5dB,na,na,,,,
2025-07-30 21:14:27.508124,PHY,0x4601,1,0,na,"[0,",0,0,1,933.5,+15.5dB,15.5us,"[0,",1,301.19,normal,0,valid,-14.4dB,-14.5dB,na,na,,,,
2025-07-30 21:14:27.512216,CSI,0x4601,2,,na,"[0,",,,1,,+31.8dB,14.4us,"[0,",1,302.8,normal,0,valid,-11.4dB,-11.4dB,0.20us,-87.6Hz,,"[6,",1111,1
2025-07-30 21:14:27.513078,PHY,0x4601,1,0,na,"[0,",0,0,1,1201.3,+16.5dB,15.9us,"[0,",1,302.9,normal,0,valid,-14.4dB,-14.5dB,na,na,,,,
2025-07-30 21:14:27.516746,PHY,0x4601,2,,na,"[0,",,,11111,,+32.9dB,17.4us,"[0,",1,302.17,normal,0,valid,-11.4dB,-11.4dB,0.19us,-93.4Hz,,"[6,",,1
2025-07-30 21:14:27.517573,PHY,0x4601,1,0,na,"[0,",0,0,1,957.7,+15.5dB,16.4us,"[0,",1,302.18,normal,0,valid,-14.4dB,-14.5dB,na,na,,,,
2025-07-30 21:14:27.518153,PHY,0x4601,1,0,na,"[0,",0,0,1,1005.0,+15.8dB,14.6us,"[0,",1,302.19,normal,0,valid,-14.4dB,-14.5dB,na,na,,,,
2025-07-30 21:14:27.522646,PHY,0x4601,1,0,na,"[0,",0,0,1,1280.5,+16.8dB,16.5us,"[0,",1,303.8,normal,0,valid,-14.5dB,-14.6dB,na,na,,,,
2025-07-30 21:14:27.523117,PHY,0x4601,1,0,na,"[0,",0,0,1,1279.6,+16.8dB,14.7us,"[0,",1,303.9,normal,0,valid,-14.5dB,-14.6dB,na,na,,,,
2025-07-30 21:14:27.526662,PHY,0x4601,2,,na,"[0,",,,11111,,+31.8dB,15.2us,"[0,",1,303.17,normal,0,valid,-11.6dB,-11.6dB,0.19us,-65.7Hz,,"[6,",,1
2025-07-30 21:14:27.527605,PHY,0x4601,1,0,na,"[0,",0,0,1,973.8,+15.6dB,16.2us,"[0,",1,303.18,normal,0,valid,-14.4dB,-14.5dB,na,na,,,,
2025-07-30 21:14:27.528080,PHY,0x4601,1,0,na,"[0,",0,0,1,925.2,+15.4dB,15.7us,"[0,",1,303.19,normal,0,valid,-14.4dB,-14.5dB,na,na,,,,
2025-07-30 21:14:27.532214,CSI,0x4601,2,,na,"[0,",,,1,,+33.6dB,15.6us,"[0,",1,304.8,normal,0,valid,-11.3dB,-11.3dB,0.21us,+61.7Hz,,"[6,",1111,1
2025-07-30 21:14:27.533150,PHY,0x4601,1,0,na,"[0,",0,0,1,1357.7,+17.1dB,15.7us,"[0,",1,304.9,normal,0,valid,-14.4dB,-14.5dB,na,na,,,,
2025-07-30 21:14:27.536696,PHY,0x4601,2,,na,"[0,",,,11111,,+30.5dB,15.2us,"[0,",1,304.17,normal,0,valid,-11.5dB,-11.5dB,0.21us,+17.6Hz,,"[6,",,1
2025-07-30 21:14:27.537639,PHY,0x4601,1,0,na,"[0,",0,0,1,1210.9,+16.6dB,17.3us,"[0,",1,304.18,normal,0,valid,-14.4dB,-14.5dB,na,na,,,,
2025-07-30 21:14:27.538109,PHY,0x4601,1,0,na,"[0,",0,0,1,1157.8,+16.4dB,14.8us,"[0,",1,304.19,normal,0,valid,-14.4dB,-14.5dB,na,na,,,,
2025-07-30 21:14:27.542603,PHY,0x4601,1,0,na,"[0,",0,0,1,1302.5,+16.9dB,16.1us,"[0,",1,305.8,normal,0,valid,-14.4dB,-14.5dB,na,na,,,,
2025-07-30 21:14:27.543071,PHY,0x4601,1,0,na,"[0,",0,0,1,1226.3,+16.6dB,14.1us,"[0,",1,305.9,normal,0,valid,-14.5dB,-14.5dB,na,na,,,,
2025-07-30 21:14:27.546730,PHY,0x4601,2,,na,"[0,",,,11111,,+30.3dB,18.7us,"[0,",1,305.17,normal,0,valid,-11.4dB,-11.4dB,0.20us,-24.3Hz,,"[6,",,1
2025-07-30 21:14:27.547668,PHY,0x4601,1,0,na,"[0,",0,0,1,989.9,+15.7dB,16.6us,"[0,",1,305.18,normal,0,valid,-14.4dB,-14.5dB,na,na,,,,
2025-07-30 21:14:27.548139,PHY,0x4601,1,0,na,"[0,",0,0,1,942.5,+15.5dB,15.1us,"[0,",1,305.19,normal,0,valid,-14.4dB,-14.5dB,na,na,,,,
2025-07-30 21:14:27.552241,CSI,0x4601,2,,na,"[0,",,,1,,+31.5dB,14.2us,"[0,",1,306.8,normal,0,valid,-11.4dB,-11.4dB,0.21us,-120.4Hz,,"[6,",1111,1
2025-07-30 21:14:27.553110,PHY,0x4601,1,0,na,"[0,",0,0,1,921.5,+15.4dB,16.6us,"[0,",1,306.9,normal,0,valid,-14.4dB,-14.5dB,na,na,,,,
2025-07-30 21:14:27.556647,PHY,0x4601,2,,na,"[0,",,,11111,,+30.8dB,15.4us,"[0,",1,306.17,normal,0,valid,-11.5dB,-11.5dB,0.20us,-1.2Hz,,"[6,",,1
2025-07-30 21:14:27.557591,PHY,0x4601,1,0,na,"[0,",0,0,1,943.8,+15.5dB,16.2us,"[0,",1,306.18,normal,0,valid,-14.4dB,-14.5dB,na,na,,,,
2025-07-30 21:14:27.558074,PHY,0x4601,1,0,na,"[0,",0,0,1,891.8,+15.2dB,21.9us,"[0,",1,306.19,normal,0,valid,-14.4dB,-14.5dB,na,na,,,,
2025-07-30 21:14:27.562664,PHY,0x4601,1,0,na,"[0,",0,0,1,1264.1,+16.8dB,16.3us,"[0,",1,307.8,normal,0,valid,-14.5dB,-14.5dB,na,na,,,,
2025-07-30 21:14:27.563140,PHY,0x4601,1,0,na,"[0,",0,0,1,1261.0,+16.8dB,14.7us,"[0,",1,307.9,normal,0,valid,-14.5dB,-14.5dB,na,na,,,,
2025-07-30 21:14:27.566685,PHY,0x4601,2,,na,"[0,",,,11111,,+30.7dB,16.9us,"[0,",1,307.17,normal,0,valid,-11.5dB,-11.5dB,0.18us,+41.2Hz,,"[6,",,1
2025-07-30 21:14:27.567628,PHY,0x4601,1,0,na,"[0,",0,0,1,1222.9,+16.6dB,22.8us,"[0,",1,307.18,normal,0,valid,-14.4dB,-14.5dB,na,na,,,,
2025-07-30 21:14:27.568106,PHY,0x4601,1,0,na,"[0,",0,0,1,1333.5,+17.0dB,16.4us,"[0,",1,307.19,normal,0,valid,-14.4dB,-14.5dB,na,na,,,,
2025-07-30 21:14:27.572225,CSI,0x4601,2,,na,"[0,",,,1,,+31.4dB,14.2us,"[0,",1,308.8,normal,0,valid,-11.4dB,-11.4dB,0.20us,+8.7Hz,,"[6,",1111,1
2025-07-30 21:14:27.573169,PHY,0x4601,1,0,na,"[0,",0,0,1,971.7,+15.6dB,15.8us,"[0,",1,308.9,normal,0,valid,-14.4dB,-14.5dB,na,na,,,,
2025-07-30 21:14:27.576723,PHY,0x4601,2,,na,"[0,",,,11111,,+32.0dB,15.1us,"[0,",1,308.17,normal,0,valid,-11.5dB,-11.5dB,0.19us,+26.4Hz,,"[6,",,1
2025-07-30 21:14:27.577654,PHY,0x4601,1,0,na,"[0,",0,0,1,898.7,+15.3dB,16.5us,"[0,",1,308.18,normal,0,valid,-14.4dB,-14.6dB,na,na,,,,
2025-07-30 21:14:27.578141,PHY,0x4601,1,0,na,"[0,",0,0,1,985.1,+15.7dB,16.0us,"[0,",1,308.19,normal,0,valid,-14.4dB,-14.5dB,na,na,,,,
2025-07-30 21:14:27.582625,PHY,0x4601,1,0,na,"[0,",0,0,1,1245.0,+16.7dB,17.1us,"[0,",1,309.8,normal,0,valid,-14.4dB,-14.5dB,na,na,,,,
2025-07-30 21:14:27.583092,PHY,0x4601,1,0,na,"[0,",0,0,1,1182.3,+16.5dB,14.2us,"[0,",1,309.9,normal,0,valid,-14.4dB,-14.5dB,na,na,,,,
2025-07-30 21:14:27.586752,PHY,0x4601,2,,na,"[0,",,,11111,,+31.8dB,17.5us,"[0,",1,309.17,normal,0,valid,-11.4dB,-11.4dB,0.22us,+50.7Hz,,"[6,",,1
2025-07-30 21:14:27.587580,PHY,0x4601,1,0,na,"[0,",0,0,1,938.7,+15.5dB,16.9us,"[0,",1,309.18,normal,0,valid,-14.4dB,-14.5dB,na,na,,,,
2025-07-30 21:14:27.588161,PHY,0x4601,1,0,na,"[0,",0,0,1,940.8,+15.5dB,14.1us,"[0,",1,309.19,normal,0,valid,-14.4dB,-14.5dB,na,na,,,,
2025-07-30 21:14:27.592210,CSI,0x4601,2,,na,"[0,",,,1,,+30.6dB,13.0us,"[0,",1,310.8,normal,0,valid,-11.3dB,-11.4dB,0.21us,+13.9Hz,,"[6,",1111,1
2025-07-30 21:14:27.593127,PHY,0x4601,1,0,na,"[0,",0,0,1,1263.8,+16.8dB,16.8us,"[0,",1,310.9,normal,0,valid,-14.4dB,-14.5dB,na,na,,,,
2025-07-30 21:14:27.596667,PHY,0x4601,2,,na,"[0,",,,11111,,+31.0dB,14.1us,"[0,",1,310.17,normal,0,valid,-11.4dB,-11.4dB,0.21us,-18.2Hz,,"[6,",,1
2025-07-30 21:14:27.597611,PHY,0x4601,1,0,na,"[0,",0,0,1,938.6,+15.5dB,16.1us,"[0,",1,310.18,normal,0,valid,-14.4dB,-14.6dB,na,na,,,,
2025-07-30 21:14:27.598082,PHY,0x4601,1,0,na,"[0,",0,0,1,1047.4,+15.9dB,14.0us,"[0,",1,310.19,normal,0,valid,-14.4dB,-14.5dB,na,na,,,,
2025-07-30 21:14:27.602587,PHY,0x4601,1,0,na,"[0,",0,0,1,1286.6,+16.8dB,18.3us,"[0,",1,311.8,normal,0,valid,-14.4dB,-14.5dB,na,na,,,,
2025-07-30 21:14:27.603158,PHY,0x4601,1,0,na,"[0,",0,0,1,1274.2,+16.8dB,14.8us,"[0,",1,311.9,normal,0,valid,-14.5dB,-14.6dB,na,na,,,,
2025-07-30 21:14:27.606715,PHY,0x4601,2,,na,"[0,",,,11111,,+30.2dB,18.6us,"[0,",1,311.17,normal,0,valid,-11.4dB,-11.4dB,0.19us,+104.6Hz,,"[6,",,1
2025-07-30 21:14:27.607650,PHY,0x4601,1,0,na,"[0,",0,0,1,954.8,+15.6dB,25.8us,"[0,",1,311.18,normal,0,valid,-14.4dB,-14.5dB,na,na,,,,
2025-07-30 21:14:27.608115,PHY,0x4601,1,0,na,"[0,",0,0,1,969.4,+15.6dB,14.3us,"[0,",1,311.19,normal,0,valid,-14.4dB,-14.5dB,na,na,,,,
2025-07-30 21:14:27.612241,CSI,0x4601,2,,na,"[0,",,,1,,+35.1dB,12.2us,"[0,",1,312.8,normal,0,valid,-11.4dB,-11.4dB,0.21us,-68.3Hz,,"[6,",1111,1
2025-07-30 21:14:27.613083,PHY,0x4601,1,0,na,"[0,",0,0,1,927.4,+15.4dB,15.8us,"[0,",1,312.9,normal,0,valid,-14.5dB,-14.6dB,na,na,,,,
2025-07-30 21:14:27.616724,PHY,0x4601,2,,na,"[0,",,,11111,,+30.8dB,13.6us,"[0,",1,312.17,normal,0,valid,-11.4dB,-11.5dB,0.22us,+43.8Hz,,"[6,",,1
2025-07-30 21:14:27.617569,PHY,0x4601,1,0,na,"[0,",0,0,1,923.2,+15.4dB,18.5us,"[0,",1,312.18,normal,0,valid,-14.4dB,-14.5dB,na,na,,,,
2025-07-30 21:14:27.618144,PHY,0x4601,1,0,na,"[0,",0,0,1,938.6,+15.5dB,14.7us,"[0,",1,312.19,normal,0,valid,-14.4dB,-14.5dB,na,na,,,,
2025-07-30 21:14:27.622649,PHY,0x4601,1,0,na,"[0,",0,0,1,1284.6,+16.8dB,16.1us,"[0,",1,313.8,normal,0,valid,-14.4dB,-14.5dB,na,na,,,,
2025-07-30 21:14:27.623110,PHY,0x4601,1,0,na,"[0,",0,0,1,1266.4,+16.8dB,14.8us,"[0,",1,313.9,normal,0,valid,-14.5dB,-14.5dB,na,na,,,,
2025-07-30 21:14:27.626653,PHY,0x4601,2,,na,"[0,",,,11111,,+31.5dB,14.5us,"[0,",1,313.17,normal,0,valid,-11.6dB,-11.6dB,0.22us,+9.4Hz,,"[6,",,1
2025-07-30 21:14:27.627599,PHY,0x4601,1,0,na,"[0,",0,0,1,970.5,+15.6dB,16.2us,"[0,",1,313.18,normal,0,valid,-14.4dB,-14.5dB,na,na,,,,
2025-07-30 21:14:27.628075,PHY,0x4601,1,0,na,"[0,",0,0,1,965.6,+15.6dB,13.8us,"[0,",1,313.19,normal,0,valid,-14.4dB,-14.5dB,na,na,,,,
2025-07-30 21:14:27.632242,CSI,0x4601,2,,na,"[0,",,,1,,+32.9dB,12.4us,"[0,",1,314.8,normal,0,valid,-11.3dB,-11.4dB,0.21us,-65.0Hz,,"[6,",1111,1
2025-07-30 21:14:27.633141,PHY,0x4601,1,0,na,"[0,",0,0,1,1233.2,+16.7dB,16.6us,"[0,",1,314.9,normal,0,valid,-14.4dB,-14.5dB,na,na,,,,
2025-07-30 21:14:27.636714,PHY,0x4601,2,,na,"[0,",,,11111,,+31.4dB,15.8us,"[0,",1,314.17,normal,0,valid,-11.5dB,-11.5dB,0.20us,+120.4Hz,,"[6,",,1
2025-07-30 21:14:27.637631,PHY,0x4601,1,0,na,"[0,",0,0,1,1193.2,+16.5dB,15.4us,"[0,",1,314.18,normal,0,valid,-14.4dB,-14.5dB,na,na,,,,
2025-07-30 21:14:27.638111,PHY,0x4601,1,0,na,"[0,",0,0,1,1188.1,+16.5dB,14.0us,"[0,",1,314.19,normal,0,valid,-14.4dB,-14.5dB,na,na,,,,
2025-07-30 21:14:27.642602,PHY,0x4601,1,0,na,"[0,",0,0,1,1236.2,+16.7dB,20.4us,"[0,",1,315.8,normal,0,valid,-14.5dB,-14.5dB,na,na,,,,
2025-07-30 21:14:27.643063,PHY,0x4601,1,0,na,"[0,",0,0,1,1173.4,+16.4dB,14.3us,"[0,",1,315.9,normal,0,valid,-14.4dB,-14.5dB,na,na,,,,
2025-07-30 21:14:27.646713,PHY,0x4601,2,,na,"[0,",,,11111,,+30.8dB,13.7us,"[0,",1,315.17,normal,0,valid,-11.4dB,-11.4dB,0.18us,+74.1Hz,,"[6,",,1
2025-07-30 21:14:27.647661,PHY,0x4601,1,0,na,"[0,",0,0,1,1258.7,+16.7dB,15.4us,"[0,",1,315.18,normal,0,valid,-14.4dB,-14.5dB,na,na,,,,
2025-07-30 21:14:27.648141,PHY,0x4601,1,0,na,"[0,",0,0,1,1268.1,+16.8dB,14.4us,"[0,",1,315.19,normal,0,valid,-14.4dB,-14.5dB,na,na,,,,
2025-07-30 21:14:27.652231,CSI,0x4601,2,,na,"[0,",,,1,,+29.8dB,18.5us,"[0,",1,316.8,normal,0,valid,-11.4dB,-11.5dB,0.19us,-31.2Hz,,"[6,",1111,1
2025-07-30 21:14:27.653111,PHY,0x4601,1,0,na,"[0,",0,0,1,926.3,+15.4dB,15.7us,"[0,",1,316.9,normal,0,valid,-14.4dB,-14.6dB,na,na,,,,
2025-07-30 21:14:27.656642,PHY,0x4601,2,,na,"[0,",,,11111,,+31.0dB,15.1us,"[0,",1,316.17,normal,0,valid,-11.4dB,-11.4dB,0.20us,-71.7Hz,,"[6,",,1
2025-07-30 21:14:27.657592,PHY,0x4601,1,0,na,"[0,",0,0,1,1241.1,+16.7dB,16.8us,"[0,",1,316.18,normal,0,valid,-14.4dB,-14.5dB,na,na,,,,
2025-07-30 21:14:27.658167,PHY,0x4601,1,0,na,"[0,",0,0,1,1252.7,+16.7dB,13.7us,"[0,",1,316.19,normal,0,valid,-14.4dB,-14.5dB,na,na,,,,
2025-07-30 21:14:27.662662,PHY,0x4601,1,0,na,"[0,",0,0,1,1354.9,+17.1dB,18.5us,"[0,",1,317.8,normal,0,valid,-14.4dB,-14.5dB,na,na,,,,
2025-07-30 21:14:27.663129,PHY,0x4601,1,0,na,"[0,",0,0,1,1191.0,+16.5dB,14.2us,"[0,",1,317.9,normal,0,valid,-14.5dB,-14.6dB,na,na,,,,
2025-07-30 21:14:27.666678,PHY,0x4601,2,,na,"[0,",,,11111,,+30.9dB,15.0us,"[0,",1,317.17,normal,0,valid,-11.5dB,-11.5dB,0.21us,+59.7Hz,,"[6,",,1
2025-07-30 21:14:27.667621,PHY,0x4601,1,0,na,"[0,",0,0,1,1306.4,+16.9dB,16.5us,"[0,",1,317.18,normal,0,valid,-14.4dB,-14.5dB,na,na,,,,
2025-07-30 21:14:27.668102,PHY,0x4601,1,0,na,"[0,",0,0,1,1289.2,+16.8dB,17.9us,"[0,",1,317.19,normal,0,valid,-14.4dB,-14.5dB,na,na,,,,
2025-07-30 21:14:27.672256,CSI,0x4601,2,,na,"[0,",,,1,,+35.1dB,15.4us,"[0,",1,318.8,normal,0,valid,-11.4dB,-11.4dB,0.20us,+56.9Hz,,"[6,",1111,1
2025-07-30 21:14:27.673162,PHY,0x4601,1,0,na,"[0,",0,0,1,995.5,+15.7dB,16.4us,"[0,",1,318.9,normal,0,valid,-14.4dB,-14.5dB,na,na,,,,
2025-07-30 21:14:27.676711,PHY,0x4601,2,,na,"[0,",,,11111,,+28.6dB,16.0us,"[0,",1,318.17,normal,0,valid,-11.4dB,-11.4dB,0.22us,+21.8Hz,,"[6,",,1
2025-07-30 21:14:27.677650,PHY,0x4601,1,0,na,"[0,",0,0,1,1016.9,+15.8dB,18.3us,"[0,",1,318.18,normal,0,valid,-14.4dB,-14.5dB,na,na,,,,
2025-07-30 21:14:27.678119,PHY,0x4601,1,0,na,"[0,",0,0,1,935.9,+15.5dB,14.8us,"[0,",1,318.19,normal,0,valid,-14.4dB,-14.5dB,na,na,,,,
2025-07-30 21:14:27.682615,PHY,0x4601,1,0,na,"[0,",0,0,1,1270.4,+16.8dB,16.5us,"[0,",1,319.8,normal,0,valid,-14.4dB,-14.5dB,na,na,,,,
2025-07-30 21:14:27.683078,PHY,0x4601,1,0,na,"[0,",0,0,1,1288.1,+16.9dB,15.0us,"[0,",1,319.9,normal,0,valid,-14.5dB,-14.5dB,na,na,,,,
2025-07-30 21:14:27.686745,PHY,0x4601,2,,na,"[0,",,,11111,,+31.4dB,16.2us,"[0,",1,319.17,normal,0,valid,-11.5dB,-11.5dB,0.20us,-92.2Hz,,"[6,",,1
2025-07-30 21:14:27.687566,PHY,0x4601,1,0,na,"[0,",0,0,1,937.3,+15.4dB,16.2us,"[0,",1,319.18,normal,0,valid,-14.4dB,-14.5dB,na,na,,,,
2025-07-30 21:14:27.688145,PHY,0x4601,1,0,na,"[0,",0,0,1,973.7,+15.6dB,15.6us,"[0,",1,319.19,normal,0,valid,-14.4dB,-14.5dB,na,na,,,,
2025-07-30 21:14:27.692240,CSI,0x4601,2,,na,"[0,",,,1,,+32.4dB,12.7us,"[0,",1,320.8,normal,0,valid,-11.4dB,-11.5dB,0.23us,-134.0Hz,,"[6,",1111,1
2025-07-30 21:14:27.693112,PHY,0x4601,1,0,na,"[0,",0,0,1,1117.4,+16.2dB,17.2us,"[0,",1,320.9,normal,0,valid,-14.4dB,-14.5dB,na,na,,,,
2025-07-30 21:14:27.696657,PHY,0x4601,2,,na,"[0,",,,11111,,+30.6dB,15.3us,"[0,",1,320.17,normal,0,valid,-11.4dB,-11.5dB,0.23us,-134.8Hz,,"[6,",,1
2025-07-30 21:14:27.697604,PHY,0x4601,1,0,na,"[0,",0,0,1,928.8,+15.4dB,17.2us,"[0,",1,320.18,normal,0,valid,-14.4dB,-14.5dB,na,na,,,,
2025-07-30 21:14:27.698072,PHY,0x4601,1,0,na,"[0,",0,0,1,951.1,+15.5dB,15.9us,"[0,",1,320.19,normal,0,valid,-14.4dB,-14.6dB,na,na,,,,
2025-07-30 21:14:27.702565,PHY,0x4601,1,0,na,"[0,",0,0,1,1294.9,+16.8dB,17.1us,"[0,",1,321.8,normal,0,valid,-14.4dB,-14.6dB,na,na,,,,
2025-07-30 21:14:27.703141,PHY,0x4601,1,0,na,"[0,",0,0,1,1196.3,+16.5dB,16.3us,"[0,",1,321.9,normal,0,valid,-14.5dB,-14.6dB,na,na,,,,
2025-07-30 21:14:27.706694,PHY,0x4601,2,,na,"[0,",,,11111,,+32.6dB,17.1us,"[0,",1,321.17,normal,0,valid,-11.6dB,-11.7dB,0.20us,-57.0Hz,,"[6,",,1
2025-07-30 21:14:27.707630,PHY,0x4601,1,0,na,"[0,",0,0,1,1250.5,+16.7dB,16.3us,"[0,",1,321.18,normal,0,valid,-14.4dB,-14.5dB,na,na,,,,
2025-07-30 21:14:27.708108,PHY,0x4601,1,0,na,"[0,",0,0,1,1222.2,+16.6dB,14.3us,"[0,",1,321.19,normal,0,valid,-14.4dB,-14.5dB,na,na,,,,
2025-07-30 21:14:27.712244,CSI,0x4601,2,,na,"[0,",,,1,,+32.6dB,15.4us,"[0,",1,322.8,normal,0,valid,-11.4dB,-11.4dB,0.19us,-27.1Hz,,"[6,",1111,1
2025-07-30 21:14:27.713072,PHY,0x4601,1,0,na,"[0,",0,0,1,1631.7,+17.9dB,17.3us,"[0,",1,322.9,normal,0,valid,-14.4dB,-14.5dB,na,na,,,,
2025-07-30 21:14:27.716723,PHY,0x4601,2,,na,"[0,",,,11111,,+31.7dB,14.6us,"[0,",1,322.17,normal,0,valid,-11.4dB,-11.5dB,0.20us,-56.5Hz,,"[6,",,1
2025-07-30 21:14:27.717663,PHY,0x4601,1,0,na,"[0,",0,0,1,1611.6,+17.8dB,17.4us,"[0,",1,322.18,normal,0,valid,-14.4dB,-14.5dB,na,na,,,,
2025-07-30 21:14:27.718132,PHY,0x4601,1,0,na,"[0,",0,0,1,1604.6,+17.8dB,14.7us,"[0,",1,322.19,normal,0,valid,-14.4dB,-14.4dB,na,na,,,,
2025-07-30 21:14:27.722631,PHY,0x4601,1,0,na,"[0,",0,0,1,1319.9,+16.9dB,16.9us,"[0,",1,323.8,normal,0,valid,-14.4dB,-14.5dB,na,na,,,,
2025-07-30 21:14:27.723100,PHY,0x4601,1,0,na,"[0,",0,0,1,1189.2,+16.5dB,14.9us,"[0,",1,323.9,normal,0,valid,-14.4dB,-14.6dB,na,na,,,,
2025-07-30 21:14:27.726641,PHY,0x4601,2,,na,"[0,",,,11111,,+30.2dB,14.5us,"[0,",1,323.17,normal,0,valid,-11.4dB,-11.5dB,0.21us,+59.8Hz,,"[6,",,1
2025-07-30 21:14:27.727584,PHY,0x4601,1,0,na,"[0,",0,0,1,1227.5,+16.6dB,17.3us,"[0,",1,323.18,normal,0,valid,-14.4dB,-14.5dB,na,na,,,,
2025-07-30 21:14:27.728072,PHY,0x4601,1,0,na,"[0,",0,0,1,1223.7,+16.6dB,19.9us,"[0,",1,323.19,normal,0,valid,-14.4dB,-14.5dB,na,na,,,,
2025-07-30 21:14:27.732194,CSI,0x4601,2,,na,"[0,",,,1,,+34.0dB,13.5us,"[0,",1,324.8,normal,0,valid,-11.4dB,-11.5dB,0.21us,-4.1Hz,,"[6,",1111,1
2025-07-30 21:14:27.733149,PHY,0x4601,1,0,na,"[0,",0,0,1,1251.5,+16.7dB,34.1us,"[0,",1,324.9,normal,0,valid,-14.4dB,-14.5dB,na,na,,,,
2025-07-30 21:14:27.736678,PHY,0x4601,2,,na,"[0,",,,11111,,+32.0dB,16.4us,"[0,",1,324.17,normal,0,valid,-11.5dB,-11.5dB,0.19us,+60.5Hz,,"[6,",,1
2025-07-30 21:14:27.737621,PHY,0x4601,1,0,na,"[0,",0,0,1,1243.2,+16.7dB,15.3us,"[0,",1,324.18,normal,0,valid,-14.4dB,-14.5dB,na,na,,,,
2025-07-30 21:14:27.738104,PHY,0x4601,1,0,na,"[0,",0,0,1,1263.1,+16.8dB,15.5us,"[0,",1,324.19,normal,0,valid,-14.4dB,-14.5dB,na,na,,,,
2025-07-30 21:14:27.742589,PHY,0x4601,1,0,na,"[0,",0,0,1,1260.8,+16.8dB,16.9us,"[0,",1,325.8,normal,0,valid,-14.4dB,-14.5dB,na,na,,,,
2025-07-30 21:14:27.743161,PHY,0x4601,1,0,na,"[0,",0,0,1,1219.2,+16.6dB,14.7us,"[0,",1,325.9,normal,0,valid,-14.4dB,-14.5dB,na,na,,,,
2025-07-30 21:14:27.746723,PHY,0x4601,2,,na,"[0,",,,11111,,+30.1dB,16.1us,"[0,",1,325.17,normal,0,valid,-11.4dB,-11.4dB,0.20us,-64.6Hz,,"[6,",,1
2025-07-30 21:14:27.747652,PHY,0x4601,1,0,na,"[0,",0,0,1,1768.3,+18.2dB,16.1us,"[0,",1,325.18,normal,0,valid,-14.4dB,-14.5dB,na,na,,,,
2025-07-30 21:14:27.748128,PHY,0x4601,1,0,na,"[0,",0,0,1,1784.6,+18.2dB,16.9us,"[0,",1,325.19,normal,0,valid,-14.4dB,-14.4dB,na,na,,,,
2025-07-30 21:14:27.752219,CSI,0x4601,2,,na,"[0,",,,1,,+37.2dB,12.4us,"[0,",1,326.8,normal,0,valid,-11.4dB,-11.5dB,0.19us,-85.0Hz,,"[6,",1111,1
2025-07-30 21:14:27.753084,PHY,0x4601,1,0,na,"[0,",0,0,1,1285.9,+16.8dB,16.1us,"[0,",1,326.9,normal,0,valid,-14.4dB,-14.5dB,na,na,,,,
2025-07-30 21:14:27.756768,PHY,0x4601,2,,na,"[0,",,,11111,,+31.2dB,14.6us,"[0,",1,326.17,normal,0,valid,-11.4dB,-11.5dB,0.21us,-72.6Hz,,"[6,",,1
2025-07-30 21:14:27.757575,PHY,0x4601,1,0,na,"[0,",0,0,1,1628.7,+17.9dB,16.1us,"[0,",1,326.18,normal,0,valid,-14.4dB,-14.4dB,na,na,,,,
2025-07-30 21:14:27.758158,PHY,0x4601,1,0,na,"[0,",0,0,1,1672.5,+18.0dB,15.4us,"[0,",1,326.19,normal,0,valid,-14.4dB,-14.5dB,na,na,,,,
2025-07-30 21:14:27.762657,PHY,0x4601,1,0,na,"[0,",0,0,1,1262.3,+16.8dB,25.2us,"[0,",1,327.8,normal,0,valid,-14.4dB,-14.5dB,na,na,,,,
2025-07-30 21:14:27.763114,PHY,0x4601,1,0,na,"[0,",0,0,1,1341.3,+17.0dB,15.2us,"[0,",1,327.9,normal,0,valid,-14.4dB,-14.6dB,na,na,,,,
2025-07-30 21:14:27.766661,PHY,0x4601,2,,na,"[0,",,,11111,,+35.3dB,14.4us,"[0,",1,327.17,normal,0,valid,-11.5dB,-11.5dB,0.20us,+37.1Hz,,"[6,",,1
2025-07-30 21:14:27.767604,PHY,0x4601,1,0,na,"[0,",0,0,1,1193.0,+16.5dB,17.0us,"[0,",1,327.18,normal,0,valid,-14.4dB,-14.5dB,na,na,,,,
2025-07-30 21:14:27.768081,PHY,0x4601,1,0,na,"[0,",0,0,1,1278.1,+16.8dB,16.0us,"[0,",1,327.19,normal,0,valid,-14.4dB,-14.4dB,na,na,,,,
2025-07-30 21:14:27.772244,CSI,0x4601,2,,na,"[0,",,,1,,+32.9dB,15.4us,"[0,",1,328.8,normal,0,valid,-11.3dB,-11.4dB,0.20us,-49.5Hz,,"[6,",1111,1
2025-07-30 21:14:27.773149,PHY,0x4601,1,0,na,"[0,",0,0,1,1668.9,+18.0dB,15.3us,"[0,",1,328.9,normal,0,valid,-14.4dB,-14.4dB,na,na,,,,
2025-07-30 21:14:27.776705,PHY,0x4601,2,,na,"[0,",,,11111,,+31.2dB,14.5us,"[0,",1,328.17,normal,0,valid,-11.3dB,-11.4dB,0.20us,-42.5Hz,,"[6,",,1
2025-07-30 21:14:27.777639,PHY,0x4601,1,0,na,"[0,",0,0,1,1251.2,+16.7dB,15.8us,"[0,",1,328.18,normal,0,valid,-14.4dB,-14.5dB,na,na,,,,
2025-07-30 21:14:27.778121,PHY,0x4601,1,0,na,"[0,",0,0,1,1200.6,+16.6dB,14.9us,"[0,",1,328.19,normal,0,valid,-14.4dB,-14.4dB,na,na,,,,
2025-07-30 21:14:27.782619,PHY,0x4601,1,0,na,"[0,",0,0,1,1289.9,+16.8dB,16.5us,"[0,",1,329.8,normal,0,valid,-14.4dB,-14.5dB,na,na,,,,
2025-07-30 21:14:27.783076,PHY,0x4601,1,0,na,"[0,",0,0,1,1211.1,+16.6dB,15.5us,"[0,",1,329.9,normal,0,valid,-14.5dB,-14.6dB,na,na,,,,
2025-07-30 21:14:27.786730,PHY,0x4601,2,,na,"[0,",,,11111,,+29.1dB,14.1us,"[0,",1,329.17,normal,0,valid,-11.4dB,-11.4dB,0.21us,+60.6Hz,,"[6,",,1
2025-07-30 21:14:27.787573,PHY,0x4601,1,0,na,"[0,",0,0,1,1639.4,+17.9dB,22.6us,"[0,",1,329.18,normal,0,valid,-14.4dB,-14.4dB,na,na,,,,
2025-07-30 21:14:27.788145,PHY,0x4601,1,0,na,"[0,",0,0,1,1678.8,+18.0dB,14.5us,"[0,",1,329.19,normal,0,valid,-14.4dB,-14.5dB,na,na,,,,
2025-07-30 21:14:27.792239,CSI,0x4601,2,,na,"[0,",,,1,,+32.9dB,11.7us,"[0,",1,330.8,normal,0,valid,-11.3dB,-11.4dB,0.20us,-9.5Hz,,"[6,",1111,1
2025-07-30 21:14:27.793119,PHY,0x4601,1,0,na,"[0,",0,0,1,1188.5,+16.5dB,23.2us,"[0,",1,330.9,normal,0,valid,-14.4dB,-14.5dB,na,na,,,,
2025-07-30 21:14:27.796659,PHY,0x4601,2,,na,"[0,",,,11111,,+32.0dB,15.0us,"[0,",1,330.17,normal,0,valid,-11.4dB,-11.4dB,0.19us,-34.6Hz,,"[6,",,1
2025-07-30 21:14:27.797610,PHY,0x4601,1,0,na,"[0,",0,0,1,1162.1,+16.4dB,15.5us,"[0,",1,330.18,normal,0,valid,-14.4dB,-14.5dB,na,na,,,,
2025-07-30 21:14:27.798072,PHY,0x4601,1,0,na,"[0,",0,0,1,1215.5,+16.6dB,13.9us,"[0,",1,330.19,normal,0,valid,-14.4dB,-14.5dB,na,na,,,,
2025-07-30 21:14:27.802684,PHY,0x4601,1,0,na,"[0,",0,0,1,1258.3,+16.7dB,22.7us,"[0,",1,331.8,normal,0,valid,-14.5dB,-14.5dB,na,na,,,,
2025-07-30 21:14:27.803140,PHY,0x4601,1,0,na,"[0,",0,0,1,1287.5,+16.8dB,15.4us,"[0,",1,331.9,normal,0,valid,-14.4dB,-14.5dB,na,na,,,,
2025-07-30 21:14:27.806700,PHY,0x4601,2,,na,"[0,",,,11111,,+27.5dB,20.3us,"[0,",1,331.17,normal,0,valid,-11.6dB,-11.6dB,0.20us,+156.9Hz,,"[6,",,1
2025-07-30 21:14:27.807636,PHY,0x4601,1,0,na,"[0,",0,0,1,1670.0,+18.0dB,23.0us,"[0,",1,331.18,normal,0,valid,-14.4dB,-14.5dB,na,na,,,,
2025-07-30 21:14:27.808110,PHY,0x4601,1,0,na,"[0,",0,0,1,1739.5,+18.1dB,15.4us,"[0,",1,331.19,normal,0,valid,-14.4dB,-14.5dB,na,na,,,,
2025-07-30 21:14:27.812234,CSI,0x4601,2,,na,"[0,",,,1,,+30.7dB,14.2us,"[0,",1,332.8,normal,0,valid,-11.4dB,-11.4dB,0.19us,+39.2Hz,,"[6,",1111,1
2025-07-30 21:14:27.813076,PHY,0x4601,1,0,na,"[0,",0,0,1,1684.6,+18.0dB,18.4us,"[0,",1,332.9,normal,0,valid,-14.4dB,-14.5dB,na,na,,,,
2025-07-30 21:14:27.816733,PHY,0x4601,2,,na,"[0,",,,11111,,+33.3dB,17.9us,"[0,",1,332.17,normal,0,valid,-11.5dB,-11.5dB,0.22us,-61.4Hz,,"[6,",,1
2025-07-30 21:14:27.817664,PHY,0x4601,1,0,na,"[0,",0,0,1,1679.1,+18.0dB,17.3us,"[0,",1,332.18,normal,0,valid,-14.4dB,-14.5dB,na,na,,,,
2025-07-30 21:14:27.818146,PHY,0x4601,1,0,na,"[0,",0,0,1,1646.5,+17.9dB,17.1us,"[0,",1,332.19,normal,0,valid,-14.4dB,-14.5dB,na,na,,,,
2025-07-30 21:14:27.822641,PHY,0x4601,1,0,na,"[0,",0,0,1,1263.7,+16.8dB,17.9us,"[0,",1,333.8,normal,0,valid,-14.4dB,-14.5dB,na,na,,,,
2025-07-30 21:14:27.823106,PHY,0x4601,1,0,na,"[0,",0,0,1,1249.8,+16.7dB,23.4us,"[0,",1,333.9,normal,0,valid,-14.5dB,-14.6dB,na,na,,,,
2025-07-30 21:14:27.826663,PHY,0x4601,2,,na,"[0,",,,11111,,+29.2dB,28.4us,"[0,",1,333.17,normal,0,valid,-11.4dB,-11.5dB,0.19us,+29.5Hz,,"[6,",,1
2025-07-30 21:14:27.827594,PHY,0x4601,1,0,na,"[0,",0,0,1,1305.9,+16.9dB,17.2us,"[0,",1,333.18,normal,0,valid,-14.4dB,-14.5dB,na,na,,,,
2025-07-30 21:14:27.828171,PHY,0x4601,1,0,na,"[0,",0,0,1,1279.6,+16.8dB,15.6us,"[0,",1,333.19,normal,0,valid,-14.4dB,-14.5dB,na,na,,,,
2025-07-30 21:14:27.832218,CSI,0x4601,2,,na,"[0,",,,1,,+28.9dB,24.2us,"[0,",1,334.8,normal,0,valid,-11.4dB,-11.4dB,0.21us,-64.4Hz,,"[6,",1111,1
2025-07-30 21:14:27.833145,PHY,0x4601,1,0,na,"[0,",0,0,1,1193.8,+16.5dB,18.6us,"[0,",1,334.9,normal,0,valid,-14.4dB,-14.5dB,na,na,,,,
2025-07-30 21:14:27.836714,PHY,0x4601,2,,na,"[0,",,,11111,,+29.6dB,22.6us,"[0,",1,334.17,normal,0,valid,-11.4dB,-11.4dB,0.21us,+17.5Hz,,"[6,",,1
2025-07-30 21:14:27.837648,PHY,0x4601,1,0,na,"[0,",0,0,1,1158.5,+16.4dB,21.5us,"[0,",1,334.18,normal,0,valid,-14.4dB,-14.5dB,na,na,,,,
2025-07-30 21:14:27.838121,PHY,0x4601,1,0,na,"[0,",0,0,1,1209.3,+16.5dB,21.0us,"[0,",1,334.19,normal,0,valid,-14.4dB,-14.5dB,na,na,,,,
2025-07-30 21:14:27.843374,PHY,0x4601,1,0,na,"[0,",0,0,1,1253.0,+16.7dB,21.9us,"[0,",1,335.8,normal,0,valid,-14.4dB,-14.5dB,na,na,,,,
2025-07-30 21:14:27.843649,PHY,0x4601,1,0,na,"[0,",0,0,1,1342.0,+17.0dB,20.0us,"[0,",1,335.9,normal,0,valid,-14.5dB,-14.6dB,na,na,,,,
2025-07-30 21:14:27.846754,PHY,0x4601,2,,na,"[0,",,,11111,,+29.5dB,22.8us,"[0,",1,335.17,normal,0,valid,-11.5dB,-11.5dB,0.20us,+62.1Hz,,"[6,",,1
2025-07-30 21:14:27.847683,PHY,0x4601,1,0,na,"[0,",0,0,1,1633.7,+17.9dB,22.1us,"[0,",1,335.18,normal,0,valid,-14.4dB,-14.4dB,na,na,,,,
2025-07-30 21:14:27.848156,PHY,0x4601,1,0,na,"[0,",0,0,1,1571.5,+17.7dB,18.7us,"[0,",1,335.19,normal,0,valid,-14.4dB,-14.5dB,na,na,,,,
2025-07-30 21:14:27.852285,CSI,0x4601,2,,na,"[0,",,,1,,+31.8dB,16.0us,"[0,",1,336.8,normal,0,valid,-11.4dB,-11.4dB,0.20us,+85.0Hz,,"[6,",1111,1
2025-07-30 21:14:27.853628,PHY,0x4601,1,0,na,"[0,",0,0,1,1711.6,+18.1dB,21.5us,"[0,",1,336.9,normal,0,valid,-14.4dB,-14.5dB,na,na,,,,
2025-07-30 21:14:27.856758,PHY,0x4601,2,,na,"[0,",,,11111,,+30.5dB,19.5us,"[0,",1,336.17,normal,0,valid,-11.5dB,-11.5dB,0.22us,+115.5Hz,,"[6,",,1
2025-07-30 21:14:27.857612,PHY,0x4601,1,0,na,"[0,",0,0,1,1605.9,+17.8dB,20.7us,"[0,",1,336.18,normal,0,valid,-14.4dB,-14.4dB,na,na,,,,
2025-07-30 21:14:27.858177,PHY,0x4601,1,0,na,"[0,",0,0,1,1649.4,+17.9dB,19.4us,"[0,",1,336.19,normal,0,valid,-14.4dB,-14.5dB,na,na,,,,
2025-07-30 21:14:27.862670,PHY,0x4601,1,0,na,"[0,",0,0,1,1346.7,+17.0dB,22.4us,"[0,",1,337.8,normal,0,valid,-14.5dB,-14.6dB,na,na,,,,
2025-07-30 21:14:27.863141,PHY,0x4601,1,0,na,"[0,",0,0,1,1303.7,+16.9dB,19.0us,"[0,",1,337.9,normal,0,valid,-14.4dB,-14.6dB,na,na,,,,
2025-07-30 21:14:27.866685,PHY,0x4601,2,,na,"[0,",,,11111,,+32.1dB,19.9us,"[0,",1,337.17,normal,0,valid,-11.4dB,-11.4dB,0.22us,-2.8Hz,,"[6,",,1
2025-07-30 21:14:27.867631,PHY,0x4601,1,0,na,"[0,",0,0,1,1339.6,+17.0dB,20.9us,"[0,",1,337.18,normal,0,valid,-14.4dB,-14.5dB,na,na,,,,
2025-07-30 21:14:27.868108,PHY,0x4601,1,0,na,"[0,",0,0,1,1159.5,+16.4dB,20.2us,"[0,",1,337.19,normal,0,valid,-14.4dB,-14.5dB,na,na,,,,
2025-07-30 21:14:27.872345,CSI,0x4601,2,,na,"[0,",,,1,,+29.5dB,18.2us,"[0,",1,338.8,normal,0,valid,-11.4dB,-11.4dB,0.21us,+34.9Hz,,"[6,",1111,1
2025-07-30 21:14:27.873175,PHY,0x4601,1,0,na,"[0,",0,0,1,1249.6,+16.7dB,21.5us,"[0,",1,338.9,normal,0,valid,-14.4dB,-14.5dB,na,na,,,,
2025-07-30 21:14:27.876715,PHY,0x4601,2,,na,"[0,",,,11111,,+30.9dB,18.9us,"[0,",1,338.17,normal,0,valid,-11.4dB,-11.5dB,0.20us,+75.9Hz,,"[6,",,1
2025-07-30 21:14:27.877661,PHY,0x4601,1,0,na,"[0,",0,0,1,1283.0,+16.8dB,21.1us,"[0,",1,338.18,normal,0,valid,-14.4dB,-14.5dB,na,na,,,,
2025-07-30 21:14:27.878131,PHY,0x4601,1,0,na,"[0,",0,0,1,1288.9,+16.8dB,18.5us,"[0,",1,338.19,normal,0,valid,-14.4dB,-14.5dB,na,na,,,,
2025-07-30 21:14:27.882633,PHY,0x4601,1,0,na,"[0,",0,0,1,1222.6,+16.6dB,21.6us,"[0,",1,339.8,normal,0,valid,-14.5dB,-14.5dB,na,na,,,,
2025-07-30 21:14:27.883106,PHY,0x4601,1,0,na,"[0,",0,0,1,1197.6,+16.5dB,19.2us,"[0,",1,339.9,normal,0,valid,-14.4dB,-14.5dB,na,na,,,,
2025-07-30 21:14:27.886779,PHY,0x4601,2,,na,"[0,",,,11111,,+32.2dB,22.0us,"[0,",1,339.17,normal,0,valid,-11.4dB,-11.5dB,0.21us,+77.6Hz,,"[6,",,1
2025-07-30 21:14:27.887692,PHY,0x4601,1,0,na,"[0,",0,0,1,1617.5,+17.8dB,21.4us,"[0,",1,339.18,normal,0,valid,-14.4dB,-14.5dB,na,na,,,,
2025-07-30 21:14:27.888163,PHY,0x4601,1,0,na,"[0,",0,0,1,1742.8,+18.2dB,19.6us,"[0,",1,339.19,normal,0,valid,-14.4dB,-14.4dB,na,na,,,,
2025-07-30 21:14:27.892287,CSI,0x4601,2,,na,"[0,",,,1,,+32.6dB,16.3us,"[0,",1,340.8,normal,0,valid,-11.3dB,-11.3dB,0.20us,-119.6Hz,,"[6,",1111,1
2025-07-30 21:14:27.893722,PHY,0x4601,1,0,na,"[0,",0,0,1,1258.2,+16.7dB,20.7us,"[0,",1,340.9,normal,0,valid,-14.4dB,-14.5dB,na,na,,,,
2025-07-30 21:14:27.896669,PHY,0x4601,2,,na,"[0,",,,11111,,+33.0dB,21.3us,"[0,",1,340.17,normal,0,valid,-11.4dB,-11.4dB,0.20us,-82.3Hz,,"[6,",,1
2025-07-30 21:14:27.897655,PHY,0x4601,1,0,na,"[0,",0,0,1,1234.4,+16.7dB,20.8us,"[0,",1,340.18,normal,0,valid,-14.4dB,-14.5dB,na,na,,,,
2025-07-30 21:14:27.898093,PHY,0x4601,1,0,na,"[0,",0,0,1,1362.9,+17.1dB,18.8us,"[0,",1,340.19,normal,0,valid,-14.4dB,-14.5dB,na,na,,,,
2025-07-30 21:14:27.903957,PHY,0x4601,1,0,na,"[0,",0,0,1,1294.8,+16.9dB,20.2us,"[0,",1,341.8,normal,0,valid,-14.4dB,-14.5dB,na,na,,,,
2025-07-30 21:14:27.904092,PHY,0x4601,1,0,na,"[0,",0,0,1,1281.9,+16.8dB,17.9us,"[0,",1,341.9,normal,0,valid,-14.5dB,-14.6dB,na,na,,,,
2025-07-30 21:14:27.907014,PHY,0x4601,2,,na,"[0,",,,22222,,-3.0dB,19.4us,"[0,",1,341.17,normal,0,invalid,-42.5dB,-47.2dB,-0.96us,+11873.7Hz,,"[6,",,1
2025-07-30 21:14:27.907691,PHY,0x4601,1,0,na,"[0,",0,0,1,1294.1,+16.9dB,18.3us,"[0,",1,341.18,normal,0,valid,-14.4dB,-14.5dB,na,na,,,,
2025-07-30 21:14:27.908133,PHY,0x4601,1,0,na,"[0,",0,0,2,0.6,-20.8dB,18.9us,"[0,",1,341.19,normal,0,invalid,-43.5dB,-64.6dB,na,na,,,,
2025-07-30 21:14:27.912336,CSI,0x4601,2,,na,"[0,",,,1,,+32.9dB,14.5us,"[0,",1,342.8,normal,0,valid,-11.4dB,-11.4dB,0.23us,-50.8Hz,,"[6,",1111,1
2025-07-30 21:14:27.913187,PHY,0x4601,1,0,na,"[0,",0,0,1,1589.8,+17.7dB,19.7us,"[0,",1,342.9,normal,0,valid,-14.4dB,-14.5dB,na,na,,,,
2025-07-30 21:14:27.916730,PHY,0x4601,2,,na,"[0,",,,22222,,-6.2dB,15.0us,"[0,",1,342.17,normal,0,invalid,-41.9dB,-48.9dB,-1.13us,+7348.5Hz,,"[6,",,1
2025-07-30 21:14:27.917671,PHY,0x4601,1,0,na,"[0,",0,0,2,0.4,-15.6dB,18.6us,"[0,",1,342.18,normal,0,invalid,-43.7dB,-59.9dB,na,na,,,,
2025-07-30 21:14:27.918146,PHY,0x4601,1,0,na,"[0,",0,0,1,1249.8,+16.7dB,18.6us,"[0,",1,342.19,normal,0,valid,-14.4dB,-14.5dB,na,na,,,,
2025-07-30 21:14:27.922635,PHY,0x4601,1,0,na,"[0,",0,0,1,1255.4,+16.7dB,18.5us,"[0,",1,343.8,normal,0,valid,-14.4dB,-14.5dB,na,na,,,,
2025-07-30 21:14:27.923101,PHY,0x4601,1,0,na,"[0,",0,0,1,1310.8,+16.9dB,16.9us,"[0,",1,343.9,normal,0,valid,-14.4dB,-14.5dB,na,na,,,,
2025-07-30 21:14:27.926759,PHY,0x4601,2,,na,"[0,",,,11111,,+30.0dB,17.4us,"[0,",1,343.17,normal,0,valid,-11.4dB,-11.4dB,0.21us,-35.2Hz,,"[6,",,1
2025-07-30 21:14:27.927596,PHY,0x4601,1,0,na,"[0,",0,0,1,1186.3,+16.5dB,18.7us,"[0,",1,343.18,normal,0,valid,-14.4dB,-14.5dB,na,na,,,,
2025-07-30 21:14:27.928178,PHY,0x4601,1,0,na,"[0,",0,0,1,1194.4,+16.5dB,18.5us,"[0,",1,343.19,normal,0,valid,-14.4dB,-14.5dB,na,na,,,,
2025-07-30 21:14:27.932272,CSI,0x4601,2,,na,"[0,",,,1,,+33.8dB,13.9us,"[0,",1,344.8,normal,0,valid,-11.5dB,-11.5dB,0.23us,-97.0Hz,,"[6,",1111,1
2025-07-30 21:14:27.933143,PHY,0x4601,1,0,na,"[0,",0,0,1,1679.7,+18.0dB,20.1us,"[0,",1,344.9,normal,0,valid,-14.4dB,-14.5dB,na,na,,,,
2025-07-30 21:14:27.936683,PHY,0x4601,2,,na,"[0,",,,11111,,+28.9dB,16.1us,"[0,",1,344.17,normal,0,valid,-11.4dB,-11.5dB,0.21us,+34.7Hz,,"[6,",,1
2025-07-30 21:14:27.937626,PHY,0x4601,1,0,na,"[0,",0,0,1,1595.8,+17.8dB,20.0us,"[0,",1,344.18,normal,0,valid,-14.4dB,-14.5dB,na,na,,,,
2025-07-30 21:14:27.938104,PHY,0x4601,1,0,na,"[0,",0,0,1,1642.6,+17.9dB,17.2us,"[0,",1,344.19,normal,0,valid,-14.4dB,-14.5dB,na,na,,,,
2025-07-30 21:14:27.942589,PHY,0x4601,1,0,na,"[0,",0,0,1,1176.8,+16.4dB,20.5us,"[0,",1,345.8,normal,0,valid,-14.4dB,-14.5dB,na,na,,,,
2025-07-30 21:14:27.943165,PHY,0x4601,1,0,na,"[0,",0,0,1,1160.5,+16.4dB,17.6us,"[0,",1,345.9,normal,0,valid,-14.4dB,-14.5dB,na,na,,,,
2025-07-30 21:14:27.946734,PHY,0x4601,2,,na,"[0,",,,22222,,-8.7dB,22.6us,"[0,",1,345.17,normal,0,invalid,-43.8dB,-52.0dB,-0.61us,-11800.9Hz,,"[6,",,1
2025-07-30 21:14:27.947649,PHY,0x4601,1,0,na,"[0,",0,0,2,0.4,-13.1dB,19.5us,"[0,",1,345.18,normal,0,invalid,-43.3dB,-56.3dB,na,na,,,,
2025-07-30 21:14:27.948126,PHY,0x4601,1,0,na,"[0,",0,0,2,0.1,-20.0dB,19.2us,"[0,",1,345.19,normal,0,invalid,-44.3dB,-64.6dB,na,na,,,,
2025-07-30 21:14:27.952253,CSI,0x4601,2,,na,"[0,",,,1,,+30.7dB,11.8us,"[0,",1,346.8,normal,0,valid,-11.4dB,-11.4dB,0.21us,-79.2Hz,,"[6,",1111,1
2025-07-30 21:14:27.953080,PHY,0x4601,1,0,na,"[0,",0,0,1,1261.5,+16.8dB,17.6us,"[0,",1,346.9,normal,0,valid,-14.4dB,-14.5dB,na,na,,,,
2025-07-30 21:14:27.956764,PHY,0x4601,2,,na,"[0,",,,11000,,+28.4dB,26.3us,"[0,",1,346.17,normal,0,valid,-11.5dB,-11.5dB,0.21us,+47.3Hz,,"[6,",,1
2025-07-30 21:14:27.957576,PHY,0x4601,1,0,na,"[0,",0,0,0,1210.4,+16.6dB,17.8us,"[0,",1,346.18,normal,0,valid,-14.4dB,-14.5dB,na,na,,,,
2025-07-30 21:14:27.958152,PHY,0x4601,1,0,na,"[0,",0,0,0,1194.3,+16.5dB,17.1us,"[0,",1,346.19,normal,0,valid,-14.4dB,-14.5dB,na,na,,,,
2025-07-30 21:14:27.962646,PHY,0x4601,1,0,na,"[0,",0,0,1,1231.0,+16.6dB,17.8us,"[0,",1,347.8,normal,0,valid,-14.4dB,-14.5dB,na,na,,,,
2025-07-30 21:14:27.963113,PHY,0x4601,1,0,na,"[0,",0,0,1,1220.2,+16.6dB,19.9us,"[0,",1,347.9,normal,0,valid,-14.4dB,-14.5dB,na,na,,,,
2025-07-30 21:14:27.966661,PHY,0x4601,2,,na,"[0,",,,11111,,+29.1dB,20.3us,"[0,",1,347.17,normal,0,valid,-11.4dB,-11.4dB,0.20us,-112.8Hz,,"[6,",,1
2025-07-30 21:14:27.967607,PHY,0x4601,1,0,na,"[0,",0,0,1,1727.6,+18.1dB,24.2us,"[0,",1,347.18,normal,0,valid,-14.4dB,-14.5dB,na,na,,,,
2025-07-30 21:14:27.968081,PHY,0x4601,1,0,na,"[0,",0,0,1,1739.7,+18.1dB,16.9us,"[0,",1,347.19,normal,0,valid,-14.4dB,-14.5dB,na,na,,,,
2025-07-30 21:14:27.972234,CSI,0x4601,2,,na,"[0,",,,1,,+33.4dB,15.4us,"[0,",1,348.8,normal,0,valid,-11.3dB,-11.3dB,0.20us,-22.7Hz,,"[6,",1111,1
2025-07-30 21:14:27.973141,PHY,0x4601,1,0,na,"[0,",0,0,1,1190.3,+16.5dB,19.2us,"[0,",1,348.9,normal,0,valid,-14.4dB,-14.5dB,na,na,,,,
2025-07-30 21:14:27.976737,PHY,0x4601,2,,na,"[0,",,,11111,,+33.4dB,19.0us,"[0,",1,348.17,normal,0,valid,-11.5dB,-11.5dB,0.20us,-54.8Hz,,"[6,",,1
2025-07-30 21:14:27.977632,PHY,0x4601,1,0,na,"[0,",0,0,1,1580.6,+17.7dB,23.1us,"[0,",1,348.18,normal,0,valid,-14.4dB,-14.5dB,na,na,,,,
2025-07-30 21:14:27.978104,PHY,0x4601,1,0,na,"[0,",0,0,1,1668.1,+18.0dB,16.5us,"[0,",1,348.19,normal,0,valid,-14.4dB,-14.4dB,na,na,,,,
2025-07-30 21:14:27.982608,PHY,0x4601,1,0,na,"[0,",0,0,1,1131.3,+16.3dB,18.1us,"[0,",1,349.8,normal,0,valid,-14.5dB,-14.6dB,na,na,,,,
2025-07-30 21:14:27.983062,PHY,0x4601,1,0,na,"[0,",0,0,1,1193.6,+16.5dB,16.6us,"[0,",1,349.9,normal,0,valid,-14.4dB,-14.6dB,na,na,,,,
2025-07-30 21:14:27.986736,PHY,0x4601,2,,na,"[0,",,,11111,,+31.1dB,20.0us,"[0,",1,349.17,normal,0,valid,-11.4dB,-11.4dB,0.19us,-73.3Hz,,"[6,",,1
2025-07-30 21:14:27.987660,PHY,0x4601,1,0,na,"[0,",0,0,1,1196.6,+16.5dB,17.8us,"[0,",1,349.18,normal,0,valid,-14.4dB,-14.6dB,na,na,,,,
2025-07-30 21:14:27.988138,PHY,0x4601,1,0,na,"[0,",0,0,1,1195.9,+16.5dB,20.3us,"[0,",1,349.19,normal,0,valid,-14.4dB,-14.5dB,na,na,,,,
2025-07-30 21:14:27.992231,CSI,0x4601,2,,na,"[0,",,,1,,+35.4dB,12.3us,"[0,",1,350.8,normal,0,valid,-11.4dB,-11.4dB,0.22us,-151.8Hz,,"[6,",1111,1
2025-07-30 21:14:27.993102,PHY,0x4601,1,0,na,"[0,",0,0,1,1162.8,+16.4dB,17.7us,"[0,",1,350.9,normal,0,valid,-14.4dB,-14.5dB,na,na,,,,
2025-07-30 21:14:27.996800,PHY,0x4601,2,,na,"[0,",,,11111,,+30.6dB,44.9us,"[0,",1,350.17,normal,0,valid,-11.4dB,-11.4dB,0.22us,-12.7Hz,,"[6,",,1
2025-07-30 21:14:27.997785,PHY,0x4601,1,0,na,"[0,",0,0,1,1670.7,+18.0dB,41.2us,"[0,",1,350.18,normal,0,valid,-14.4dB,-14.5dB,na,na,,,,
2025-07-30 21:14:27.998201,PHY,0x4601,1,0,na,"[0,",0,0,1,1790.1,+18.3dB,20.2us,"[0,",1,350.19,normal,0,valid,-14.4dB,-14.5dB,na,na,,,,
2025-07-30 21:14:28.003268,PHY,0x4601,1,0,na,"[0,",0,0,1,1.9,-12.2dB,22.3us,"[0,",1,351.8,normal,0,valid,-4.9dB,-17.8dB,na,na,,,,
2025-07-30 21:14:28.003453,PHY,0x4601,1,0,na,"[0,",0,0,1,1216.5,+16.6dB,19.0us,"[0,",1,351.9,normal,0,valid,-14.2dB,-14.3dB,na,na,,,,
2025-07-30 21:14:28.006692,PHY,0x4601,2,,na,"[0,",,,22222,,-12.0dB,23.2us,"[0,",1,351.17,normal,0,invalid,-44.3dB,-56.1dB,-0.56us,+6742.7Hz,,"[6,",,1
2025-07-30 21:14:28.007640,PHY,0x4601,1,0,na,"[0,",0,0,1,1151.2,+16.3dB,21.0us,"[0,",1,351.18,normal,0,valid,-14.4dB,-14.5dB,na,na,,,,
2025-07-30 21:14:28.008118,PHY,0x4601,1,0,na,"[0,",0,0,1,1240.9,+16.7dB,18.7us,"[0,",1,351.19,normal,0,valid,-14.4dB,-14.5dB,na,na,,,,
2025-07-30 21:14:28.012429,CSI,0x4601,2,,na,"[0,",,,1,,+31.2dB,16.4us,"[0,",1,352.8,normal,0,valid,-11.4dB,-11.5dB,0.22us,-78.3Hz,,"[6,",1111,1
2025-07-30 21:14:28.013171,PHY,0x4601,1,0,na,"[0,",0,0,0,1644.2,+17.9dB,21.3us,"[0,",1,352.9,normal,0,valid,-14.5dB,-14.5dB,na,na,,,,
2025-07-30 21:14:28.016739,PHY,0x4601,2,,na,"[0,",,,10001,,+32.6dB,18.7us,"[0,",1,352.17,normal,0,valid,-11.4dB,-11.5dB,0.22us,-22.4Hz,,"[6,",,1
2025-07-30 21:14:28.017655,PHY,0x4601,1,0,na,"[0,",0,0,1,1188.9,+16.5dB,19.4us,"[0,",1,352.18,normal,0,valid,-14.4dB,-14.5dB,na,na,,,,
2025-07-30 21:14:28.018134,PHY,0x4601,1,0,na,"[0,",0,0,1,1133.9,+16.3dB,18.6us,"[0,",1,352.19,normal,0,valid,-14.4dB,-14.5dB,na,na,,,,
2025-07-30 21:14:28.022652,PHY,0x4601,1,0,na,"[0,",0,0,1,1233.6,+16.7dB,19.5us,"[0,",1,353.8,normal,0,valid,-14.4dB,-14.5dB,na,na,,,,
2025-07-30 21:14:28.023107,PHY,0x4601,1,0,na,"[0,",0,0,1,1209.3,+16.5dB,19.0us,"[0,",1,353.9,normal,0,valid,-14.5dB,-14.6dB,na,na,,,,
2025-07-30 21:14:28.026867,PHY,0x4601,2,,na,"[0,",,,11111,,+28.1dB,19.8us,"[0,",1,353.17,normal,0,valid,-11.5dB,-11.5dB,0.18us,+72.1Hz,,"[6,",,1
2025-07-30 21:14:28.027613,PHY,0x4601,1,0,na,"[0,",0,0,1,1201.8,+16.5dB,19.9us,"[0,",1,353.18,normal,0,valid,-14.4dB,-14.5dB,na,na,,,,
2025-07-30 21:14:28.028424,PHY,0x4601,1,0,na,"[0,",0,0,1,1270.4,+16.8dB,18.6us,"[0,",1,353.19,normal,0,valid,-14.4dB,-14.5dB,na,na,,,,
2025-07-30 21:14:28.032309,CSI,0x4601,2,,na,"[0,",,,1,,+30.5dB,14.3us,"[0,",1,354.8,normal,0,valid,-11.4dB,-11.4dB,0.22us,+13.3Hz,,"[6,",1111,1
2025-07-30 21:14:28.033144,PHY,0x4601,1,0,na,"[0,",0,0,1,1615.6,+17.8dB,19.6us,"[0,",1,354.9,normal,0,valid,-14.4dB,-14.5dB,na,na,,,,
2025-07-30 21:14:28.036680,PHY,0x4601,2,,na,"[0,",,,11111,,+29.7dB,21.1us,"[0,",1,354.17,normal,0,valid,-11.5dB,-11.6dB,0.22us,+57.2Hz,,"[6,",,1
2025-07-30 21:14:28.037635,PHY,0x4601,1,0,na,"[0,",0,0,1,1773.2,+18.2dB,20.4us,"[0,",1,354.18,normal,0,valid,-14.4dB,-14.5dB,na,na,,,,
2025-07-30 21:14:28.038107,PHY,0x4601,1,0,na,"[0,",0,0,1,1710.8,+18.1dB,18.4us,"[0,",1,354.19,normal,0,valid,-14.4dB,-14.5dB,na,na,,,,
2025-07-30 21:14:28.042848,PHY,0x4601,1,0,na,"[0,",0,0,1,1265.9,+16.8dB,20.1us,"[0,",1,355.8,normal,0,valid,-14.4dB,-14.5dB,na,na,,,,
2025-07-30 21:14:28.043180,PHY,0x4601,1,0,na,"[0,",0,0,1,1258.4,+16.7dB,18.8us,"[0,",1,355.9,normal,0,valid,-14.5dB,-14.6dB,na,na,,,,
2025-07-30 21:14:28.046807,PHY,0x4601,2,,na,"[0,",,,11111,,+32.0dB,24.1us,"[0,",1,355.17,normal,0,valid,-11.4dB,-11.4dB,0.21us,-84.9Hz,,"[6,",,1
2025-07-30 21:14:28.047674,PHY,0x4601,1,0,na,"[0,",0,0,1,1148.5,+16.4dB,21.0us,"[0,",1,355.18,normal,0,valid,-14.4dB,-14.5dB,na,na,,,,
2025-07-30 21:14:28.048399,PHY,0x4601,1,0,na,"[0,",0,0,1,1276.8,+16.8dB,28.7us,"[0,",1,355.19,normal,0,valid,-14.4dB,-14.5dB,na,na,,,,
2025-07-30 21:14:28.052694,CSI,0x4601,2,,na,"[0,",,,1,,+36.6dB,19.3us,"[0,",1,356.8,normal,0,valid,-11.4dB,-11.5dB,0.19us,+26.8Hz,,"[6,",1111,1
2025-07-30 21:14:28.053140,PHY,0x4601,1,0,na,"[0,",0,0,1,1280.9,+16.8dB,20.1us,"[0,",1,356.9,normal,0,valid,-14.4dB,-14.6dB,na,na,,,,
2025-07-30 21:14:28.056821,PHY,0x4601,2,,na,"[0,",,,11111,,+28.6dB,19.5us,"[0,",1,356.17,normal,0,valid,-11.4dB,-11.4dB,0.19us,-33.1Hz,,"[6,",,1
2025-07-30 21:14:28.057691,PHY,0x4601,1,0,na,"[0,",0,0,1,1791.1,+18.3dB,20.8us,"[0,",1,356.18,normal,0,valid,-14.4dB,-14.5dB,na,na,,,,
2025-07-30 21:14:28.058434,PHY,0x4601,1,0,na,"[0,",0,0,1,1637.9,+17.9dB,19.1us,"[0,",1,356.19,normal,0,valid,-14.4dB,-14.5dB,na,na,,,,
2025-07-30 21:14:28.062816,PHY,0x4601,1,0,na,"[0,",0,0,1,1271.7,+16.8dB,20.9us,"[0,",1,357.8,normal,0,valid,-14.4dB,-14.5dB,na,na,,,,
2025-07-30 21:14:28.063216,PHY,0x4601,1,0,na,"[0,",0,0,1,1292.1,+16.8dB,19.2us,"[0,",1,357.9,normal,0,valid,-14.5dB,-14.6dB,na,na,,,,
2025-07-30 21:14:28.066747,PHY,0x4601,2,,na,"[0,",,,11111,,+32.0dB,28.8us,"[0,",1,357.17,normal,0,valid,-11.4dB,-11.4dB,0.20us,+27.5Hz,,"[6,",,1
2025-07-30 21:14:28.071809,PHY,0x4601,2,,na,"[0,",,,01111,,+31.3dB,29.9us,"[0,",1,358.7,normal,0,valid,-10.7dB,-10.7dB,0.20us,-33.4Hz,1,"[6,",,1
2025-07-30 21:14:28.072427,CSI,0x4601,2,,na,"[0,",,,1,,+31.8dB,17.8us,"[0,",1,358.8,normal,0,valid,-11.4dB,-11.4dB,0.21us,-89.2Hz,,"[6,",1111,1
2025-07-30 21:14:28.073304,PHY,0x4601,1,0,na,"[0,",0,0,1,1763.8,+18.2dB,33.0us,"[0,",1,358.9,normal,0,valid,-14.4dB,-14.5dB,na,na,,,,
2025-07-30 21:14:28.078014,PHY,0x4601,1,0,na,"[0,",0,0,1,1226.1,+16.6dB,21.3us,"[0,",1,358.18,normal,0,valid,-14.5dB,-14.6dB,na,na,,,,
2025-07-30 21:14:28.082000,PHY,0x4601,2,,na,"[0,",,,11100,,+30.6dB,19.1us,"[0,",1,359.7,normal,0,valid,-13.1dB,-13.1dB,0.22us,-76.9Hz,,"[6,",,1
2025-07-30 21:14:28.083023,PHY,0x4601,1,0,na,"[0,",0,0,2,0.8,-12.3dB,33.0us,"[0,",1,359.8,normal,0,invalid,-44.9dB,-58.4dB,na,na,,,,
2025-07-30 21:14:28.083532,PHY,0x4601,1,0,na,"[0,",0,0,2,0.2,-19.9dB,18.5us,"[0,",1,359.9,normal,0,invalid,-43.7dB,-64.1dB,na,na,,,,
2025-07-30 21:14:28.087961,PHY,0x4601,1,0,na,"[0,",0,0,1,1221.6,+16.6dB,19.6us,"[0,",1,359.18,normal,0,valid,-14.4dB,-14.5dB,na,na,,,,
2025-07-30 21:14:28.088734,PHY,0x4601,1,0,na,"[0,",0,0,0,1183.9,+16.4dB,27.1us,"[0,",1,359.19,normal,0,valid,-14.4dB,-14.6dB,na,na,,,,
2025-07-30 21:14:28.091704,PHY,0x4601,2,,na,"[0,",,,11000,,+32.8dB,16.0us,"[0,",1,360.7,normal,0,valid,-10.7dB,-10.7dB,0.21us,+77.7Hz,1,"[6,",,1
2025-07-30 21:14:28.092171,CSI,0x4601,2,,na,"[0,",,,1,,+33.5dB,14.3us,"[0,",1,360.8,normal,0,valid,-11.4dB,-11.4dB,0.19us,-79.2Hz,,"[6,",1111,1
2025-07-30 21:14:28.093130,PHY,0x4601,1,0,na,"[0,",0,0,1,1688.1,+18.0dB,19.2us,"[0,",1,360.9,normal,0,valid,-14.4dB,-14.5dB,na,na,,,,
2025-07-30 21:14:28.097782,PHY,0x4601,1,0,na,"[0,",0,0,1,1182.7,+16.5dB,18.8us,"[0,",1,360.18,normal,0,valid,-14.4dB,-14.5dB,na,na,,,,
2025-07-30 21:14:28.101873,PHY,0x4601,2,,na,"[0,",,,11111,,+34.3dB,16.1us,"[0,",1,361.7,normal,0,valid,-11.4dB,-11.5dB,0.22us,-14.0Hz,,"[6,",,1
2025-07-30 21:14:28.102688,PHY,0x4601,1,0,na,"[0,",0,0,1,1694.0,+18.1dB,28.7us,"[0,",1,361.8,normal,0,valid,-14.4dB,-14.5dB,na,na,,,,
2025-07-30 21:14:28.103142,PHY,0x4601,1,0,na,"[0,",0,0,1,1597.6,+17.8dB,25.9us,"[0,",1,361.9,normal,0,valid,-14.4dB,-14.5dB,na,na,,,,
2025-07-30 21:14:28.107724,PHY,0x4601,1,0,na,"[0,",0,0,1,1196.9,+16.5dB,19.7us,"[0,",1,361.18,normal,0,valid,-14.4dB,-14.5dB,na,na,,,,
2025-07-30 21:14:28.108115,PHY,0x4601,1,0,na,"[0,",0,0,1,1243.9,+16.7dB,25.5us,"[0,",1,361.19,normal,0,valid,-14.5dB,-14.6dB,na,na,,,,
2025-07-30 21:14:28.111820,PHY,0x4601,2,,na,"[0,",,,11111,,+33.5dB,28.4us,"[0,",1,362.7,normal,0,valid,-10.7dB,-10.7dB,0.24us,+6.5Hz,1,"[6,",,1
2025-07-30 21:14:28.112463,CSI,0x4601,2,,na,"[0,",,,1,,+34.9dB,25.8us,"[0,",1,362.8,normal,0,valid,-11.3dB,-11.4dB,0.19us,-90.8Hz,,"[6,",1111,1
2025-07-30 21:14:28.113159,PHY,0x4601,1,0,na,"[0,",0,0,1,1206.2,+16.6dB,15.8us,"[0,",1,362.9,normal,0,valid,-14.4dB,-14.5dB,na,na,,,,
2025-07-30 21:14:28.117758,PHY,0x4601,1,0,na,"[0,",0,0,1,1157.1,+16.4dB,28.6us,"[0,",1,362.18,normal,0,valid,-14.4dB,-14.6dB,na,na,,,,
2025-07-30 21:14:28.118311,PHY,0x4601,1,0,na,"[0,",0,0,1,1178.3,+16.5dB,19.8us,"[0,",1,362.19,normal,0,valid,-14.5dB,-14.5dB,na,na,,,,
2025-07-30 21:14:28.122625,PHY,0x4601,1,0,na,"[0,",0,0,1,1135.3,+16.3dB,17.5us,"[0,",1,363.8,normal,0,valid,-14.4dB,-14.5dB,na,na,,,,
2025-07-30 21:14:28.123089,PHY,0x4601,1,0,na,"[0,",0,0,1,1182.8,+16.5dB,16.2us,"[0,",1,363.9,normal,0,valid,-14.4dB,-14.4dB,na,na,,,,
2025-07-30 21:14:28.127576,PHY,0x4601,1,0,na,"[0,",0,0,1,1222.8,+16.6dB,18.5us,"[0,",1,363.18,normal,0,valid,-14.4dB,-14.5dB,na,na,,,,
2025-07-30 21:14:28.128155,PHY,0x4601,1,0,na,"[0,",0,0,1,1168.9,+16.4dB,21.3us,"[0,",1,363.19,normal,0,valid,-14.5dB,-14.6dB,na,na,,,,
2025-07-30 21:14:28.132282,CSI,0x4601,2,,na,"[0,",,,1,,+31.7dB,19.2us,"[0,",1,364.8,normal,0,valid,-11.3dB,-11.3dB,0.22us,-73.7Hz,,"[6,",1111,1
2025-07-30 21:14:28.133113,PHY,0x4601,1,0,na,"[0,",0,0,1,1226.9,+16.6dB,19.6us,"[0,",1,364.9,normal,0,valid,-14.4dB,-14.5dB,na,na,,,,
2025-07-30 21:14:28.137621,PHY,0x4601,1,0,na,"[0,",0,0,1,1209.9,+16.5dB,28.9us,"[0,",1,364.18,normal,0,valid,-14.4dB,-14.5dB,na,na,,,,
2025-07-30 21:14:28.138082,PHY,0x4601,1,0,na,"[0,",0,0,1,1173.3,+16.5dB,18.5us,"[0,",1,364.19,normal,0,valid,-14.4dB,-14.5dB,na,na,,,,
2025-07-30 21:14:28.142675,PHY,0x4601,1,0,na,"[0,",0,0,1,1192.9,+16.5dB,19.0us,"[0,",1,365.8,normal,0,valid,-14.3dB,-14.4dB,na,na,,,,
2025-07-30 21:14:28.143142,PHY,0x4601,1,0,na,"[0,",0,0,1,1229.9,+16.6dB,16.2us,"[0,",1,365.9,normal,0,valid,-14.4dB,-14.5dB,na,na,,,,
2025-07-30 21:14:28.147634,PHY,0x4601,1,0,na,"[0,",0,0,1,1220.1,+16.6dB,18.0us,"[0,",1,365.18,normal,0,valid,-14.4dB,-14.5dB,na,na,,,,
2025-07-30 21:14:28.148110,PHY,0x4601,1,0,na,"[0,",0,0,1,1196.6,+16.5dB,16.1us,"[0,",1,365.19,normal,0,valid,-14.5dB,-14.6dB,na,na,,,,
2025-07-30 21:14:28.152272,CSI,0x4601,2,,na,"[0,",,,1,,+29.6dB,20.8us,"[0,",1,366.8,normal,0,valid,-11.3dB,-11.4dB,0.23us,+59.2Hz,,"[6,",1111,1
2025-07-30 21:14:28.153076,PHY,0x4601,1,0,na,"[0,",0,0,1,1174.6,+16.4dB,23.0us,"[0,",1,366.9,normal,0,valid,-14.4dB,-14.5dB,na,na,,,,
2025-07-30 21:14:28.157671,PHY,0x4601,1,0,na,"[0,",0,0,1,1212.8,+16.6dB,21.1us,"[0,",1,366.18,normal,0,valid,-14.5dB,-14.6dB,na,na,,,,
2025-07-30 21:14:28.158147,PHY,0x4601,1,0,na,"[0,",0,0,1,1213.3,+16.6dB,24.6us,"[0,",1,366.19,normal,0,valid,-14.5dB,-14.6dB,na,na,,,,
2025-07-30 21:14:28.162642,PHY,0x4601,1,0,na,"[0,",0,0,1,1274.5,+16.8dB,25.7us,"[0,",1,367.8,normal,0,valid,-14.3dB,-14.4dB,na,na,,,,
2025-07-30 21:14:28.163098,PHY,0x4601,1,0,na,"[0,",0,0,1,1267.4,+16.8dB,15.6us,"[0,",1,367.9,normal,0,valid,-14.4dB,-14.5dB,na,na,,,,
2025-07-30 21:14:28.167592,PHY,0x4601,1,0,na,"[0,",0,0,1,1164.4,+16.4dB,17.9us,"[0,",1,367.18,normal,0,valid,-14.5dB,-14.6dB,na,na,,,,
2025-07-30 21:14:28.168178,PHY,0x4601,1,0,na,"[0,",0,0,1,1190.1,+16.5dB,21.8us,"[0,",1,367.19,normal,0,valid,-14.5dB,-14.5dB,na,na,,,,
2025-07-30 21:14:28.172210,CSI,0x4601,2,,na,"[0,",,,1,,+27.9dB,20.2us,"[0,",1,368.8,normal,0,valid,-11.3dB,-11.4dB,0.23us,+58.1Hz,,"[6,",1111,1
2025-07-30 21:14:28.173147,PHY,0x4601,1,0,na,"[0,",0,0,1,1581.9,+17.7dB,18.9us,"[0,",1,368.9,normal,0,valid,-14.4dB,-14.5dB,na,na,,,,
2025-07-30 21:14:28.177628,PHY,0x4601,1,0,na,"[0,",0,0,1,1158.8,+16.4dB,18.3us,"[0,",1,368.18,normal,0,valid,-14.4dB,-14.5dB,na,na,,,,
2025-07-30 21:14:28.178100,PHY,0x4601,1,0,na,"[0,",0,0,1,1180.3,+16.5dB,16.3us,"[0,",1,368.19,normal,0,valid,-14.4dB,-14.5dB,na,na,,,,
2025-07-30 21:14:28.182588,PHY,0x4601,1,0,na,"[0,",0,0,1,1252.2,+16.7dB,17.9us,"[0,",1,369.8,normal,0,valid,-14.4dB,-14.5dB,na,na,,,,
2025-07-30 21:14:28.183165,PHY,0x4601,1,0,na,"[0,",0,0,1,1245.3,+16.7dB,15.4us,"[0,",1,369.9,normal,0,valid,-14.4dB,-14.5dB,na,na,,,,
2025-07-30 21:14:28.187658,PHY,0x4601,1,0,na,"[0,",0,0,1,1288.4,+16.8dB,19.3us,"[0,",1,369.18,normal,0,valid,-14.4dB,-14.6dB,na,na,,,,
2025-07-30 21:14:28.188145,PHY,0x4601,1,0,na,"[0,",0,0,1,1187.4,+16.5dB,23.8us,"[0,",1,369.19,normal,0,valid,-14.5dB,-14.6dB,na,na,,,,
2025-07-30 21:14:28.192228,CSI,0x4601,2,,na,"[0,",,,1,,+30.8dB,14.0us,"[0,",1,370.8,normal,0,valid,-11.4dB,-11.4dB,0.21us,+82.1Hz,,"[6,",1111,1
2025-07-30 21:14:28.193101,PHY,0x4601,1,0,na,"[0,",0,0,1,1169.4,+16.4dB,23.0us,"[0,",1,370.9,normal,0,valid,-14.4dB,-14.5dB,na,na,,,,
2025-07-30 21:14:28.197588,PHY,0x4601,1,0,na,"[0,",0,0,1,1196.9,+16.5dB,17.1us,"[0,",1,370.18,normal,0,valid,-14.4dB,-14.5dB,na,na,,,,
2025-07-30 21:14:28.198171,PHY,0x4601,1,0,na,"[0,",0,0,1,1208.4,+16.6dB,21.3us,"[0,",1,370.19,normal,0,valid,-14.5dB,-14.5dB,na,na,,,,
2025-07-30 21:14:28.202652,PHY,0x4601,1,0,na,"[0,",0,0,1,1205.9,+16.6dB,18.0us,"[0,",1,371.8,normal,0,valid,-14.4dB,-14.4dB,na,na,,,,
2025-07-30 21:14:28.203122,PHY,0x4601,1,0,na,"[0,",0,0,1,1359.5,+17.0dB,14.6us,"[0,",1,371.9,normal,0,valid,-14.4dB,-14.5dB,na,na,,,,
2025-07-30 21:14:28.207612,PHY,0x4601,1,0,na,"[0,",0,0,1,1230.3,+16.6dB,17.4us,"[0,",1,371.18,normal,0,valid,-14.5dB,-14.6dB,na,na,,,,
2025-07-30 21:14:28.208082,PHY,0x4601,1,0,na,"[0,",0,0,1,1300.2,+16.9dB,16.4us,"[0,",1,371.19,normal,0,valid,-14.5dB,-14.5dB,na,na,,,,
2025-07-30 21:14:28.212210,CSI,0x4601,2,,na,"[0,",,,1,,+32.1dB,14.9us,"[0,",1,372.8,normal,0,valid,-11.4dB,-11.4dB,0.22us,-54.6Hz,,"[6,",1111,1
2025-07-30 21:14:28.213151,PHY,0x4601,1,0,na,"[0,",0,0,1,1626.2,+17.8dB,17.2us,"[0,",1,372.9,normal,0,valid,-14.4dB,-14.5dB,na,na,,,,
2025-07-30 21:14:28.217650,PHY,0x4601,1,0,na,"[0,",0,0,1,1175.0,+16.5dB,17.7us,"[0,",1,372.18,normal,0,valid,-14.4dB,-14.5dB,na,na,,,,
2025-07-30 21:14:28.218111,PHY,0x4601,1,0,na,"[0,",0,0,1,1279.8,+16.8dB,15.4us,"[0,",1,372.19,normal,0,valid,-14.4dB,-14.5dB,na,na,,,,
2025-07-30 21:14:28.222604,PHY,0x4601,1,0,na,"[0,",0,0,1,1209.9,+16.6dB,18.0us,"[0,",1,373.8,normal,0,valid,-14.4dB,-14.5dB,na,na,,,,
2025-07-30 21:14:28.223073,PHY,0x4601,1,0,na,"[0,",0,0,1,1199.2,+16.5dB,15.1us,"[0,",1,373.9,normal,0,valid,-14.4dB,-14.5dB,na,na,,,,
2025-07-30 21:14:28.227683,PHY,0x4601,1,0,na,"[0,",0,0,1,1127.9,+16.3dB,29.1us,"[0,",1,373.18,normal,0,valid,-14.4dB,-14.5dB,na,na,,,,
2025-07-30 21:14:28.228144,PHY,0x4601,1,0,na,"[0,",0,0,1,1111.0,+16.2dB,17.1us,"[0,",1,373.19,normal,0,valid,-14.5dB,-14.6dB,na,na,,,,
2025-07-30 21:14:28.232295,CSI,0x4601,2,,na,"[0,",,,1,,+31.0dB,17.0us,"[0,",1,374.8,normal,0,valid,-11.4dB,-11.4dB,0.21us,-15.2Hz,,"[6,",1111,1
2025-07-30 21:14:28.233117,PHY,0x4601,1,0,na,"[0,",0,0,1,1155.3,+16.4dB,18.8us,"[0,",1,374.9,normal,0,valid,-14.4dB,-14.5dB,na,na,,,,
2025-07-30 21:14:28.237609,PHY,0x4601,1,0,na,"[0,",0,0,1,1137.9,+16.3dB,22.8us,"[0,",1,374.18,normal,0,valid,-14.5dB,-14.6dB,na,na,,,,
2025-07-30 21:14:28.238072,PHY,0x4601,1,0,na,"[0,",0,0,1,1228.0,+16.6dB,18.2us,"[0,",1,374.19,normal,0,valid,-14.5dB,-14.6dB,na,na,,,,
2025-07-30 21:14:28.242668,PHY,0x4601,1,0,na,"[0,",0,0,1,1160.6,+16.4dB,18.0us,"[0,",1,375.8,normal,0,valid,-14.4dB,-14.5dB,na,na,,,,
2025-07-30 21:14:28.243143,PHY,0x4601,1,0,na,"[0,",0,0,1,1226.7,+16.6dB,16.8us,"[0,",1,375.9,normal,0,valid,-14.4dB,-14.4dB,na,na,,,,
2025-07-30 21:14:28.247630,PHY,0x4601,1,0,na,"[0,",0,0,1,1301.4,+16.9dB,17.7us,"[0,",1,375.18,normal,0,valid,-14.4dB,-14.5dB,na,na,,,,
2025-07-30 21:14:28.248111,PHY,0x4601,1,0,na,"[0,",0,0,1,1169.3,+16.4dB,18.9us,"[0,",1,375.19,normal,0,valid,-14.4dB,-14.5dB,na,na,,,,
2025-07-30 21:14:28.252246,CSI,0x4601,2,,na,"[0,",,,1,,+29.5dB,19.6us,"[0,",1,376.8,normal,0,valid,-11.3dB,-11.4dB,0.21us,-70.5Hz,,"[6,",1111,1
2025-07-30 21:14:28.253177,PHY,0x4601,1,0,na,"[0,",0,0,1,1125.0,+16.2dB,24.0us,"[0,",1,376.9,normal,0,valid,-14.4dB,-14.6dB,na,na,,,,
2025-07-30 21:14:28.257664,PHY,0x4601,1,0,na,"[0,",0,0,1,1177.8,+16.5dB,21.4us,"[0,",1,376.18,normal,0,valid,-14.5dB,-14.5dB,na,na,,,,
2025-07-30 21:14:28.258136,PHY,0x4601,1,0,na,"[0,",0,0,1,1132.2,+16.3dB,16.1us,"[0,",1,376.19,normal,0,valid,-14.4dB,-14.5dB,na,na,,,,
2025-07-30 21:14:28.262629,PHY,0x4601,1,0,na,"[0,",0,0,1,1209.9,+16.6dB,19.1us,"[0,",1,377.8,normal,0,valid,-14.3dB,-14.4dB,na,na,,,,
2025-07-30 21:14:28.263093,PHY,0x4601,1,0,na,"[0,",0,0,1,1230.6,+16.7dB,16.6us,"[0,",1,377.9,normal,0,valid,-14.4dB,-14.5dB,na,na,,,,
2025-07-30 21:14:28.267597,PHY,0x4601,1,0,na,"[0,",0,0,1,1287.0,+16.8dB,18.5us,"[0,",1,377.18,normal,0,valid,-14.5dB,-14.5dB,na,na,,,,
2025-07-30 21:14:28.268165,PHY,0x4601,1,0,na,"[0,",0,0,1,1186.9,+16.5dB,17.7us,"[0,",1,377.19,normal,0,valid,-14.4dB,-14.5dB,na,na,,,,
2025-07-30 21:14:28.272181,CSI,0x4601,2,,na,"[0,",,,1,,+32.1dB,17.9us,"[0,",1,378.8,normal,0,valid,-11.3dB,-11.3dB,0.21us,-168.5Hz,,"[6,",1111,1
2025-07-30 21:14:28.273138,PHY,0x4601,1,0,na,"[0,",0,0,1,1227.2,+16.7dB,24.1us,"[0,",1,378.9,normal,0,valid,-14.4dB,-14.5dB,na,na,,,,
2025-07-30 21:14:28.277628,PHY,0x4601,1,0,na,"[0,",0,0,1,1162.9,+16.4dB,18.0us,"[0,",1,378.18,normal,0,valid,-14.5dB,-14.5dB,na,na,,,,
2025-07-30 21:14:28.278091,PHY,0x4601,1,0,na,"[0,",0,0,1,1277.6,+16.8dB,16.7us,"[0,",1,378.19,normal,0,valid,-14.4dB,-14.5dB,na,na,,,,
2025-07-30 21:14:28.282591,PHY,0x4601,1,0,na,"[0,",0,0,1,1150.2,+16.4dB,18.2us,"[0,",1,379.8,normal,0,valid,-14.4dB,-14.5dB,na,na,,,,
2025-07-30 21:14:28.283164,PHY,0x4601,1,0,na,"[0,",0,0,1,1120.0,+16.2dB,16.7us,"[0,",1,379.9,normal,0,valid,-14.4dB,-14.5dB,na,na,,,,
2025-07-30 21:14:28.287660,PHY,0x4601,1,0,na,"[0,",0,0,1,1203.5,+16.5dB,22.1us,"[0,",1,379.18,normal,0,valid,-14.5dB,-14.6dB,na,na,,,,
2025-07-30 21:14:28.288131,PHY,0x4601,1,0,na,"[0,",0,0,1,1220.9,+16.6dB,16.2us,"[0,",1,379.19,normal,0,valid,-14.4dB,-14.5dB,na,na,,,,
2025-07-30 21:14:28.292255,CSI,0x4601,2,,na,"[0,",,,1,,+30.7dB,17.6us,"[0,",1,380.8,normal,0,valid,-11.3dB,-11.3dB,0.20us,-72.0Hz,,"[6,",1111,1
2025-07-30 21:14:28.293080,PHY,0x4601,1,0,na,"[0,",0,0,1,1586.4,+17.7dB,17.9us,"[0,",1,380.9,normal,0,valid,-14.4dB,-14.5dB,na,na,,,,
2025-07-30 21:14:28.297587,PHY,0x4601,1,0,na,"[0,",0,0,1,1205.7,+16.6dB,17.6us,"[0,",1,380.18,normal,0,valid,-14.4dB,-14.5dB,na,na,,,,
2025-07-30 21:14:28.298147,PHY,0x4601,1,0,na,"[0,",0,0,1,1153.1,+16.4dB,16.4us,"[0,",1,380.19,normal,0,valid,-14.4dB,-14.5dB,na,na,,,,
2025-07-30 21:14:28.302653,PHY,0x4601,1,0,na,"[0,",0,0,1,1228.6,+16.7dB,18.5us,"[0,",1,381.8,normal,0,valid,-14.4dB,-14.4dB,na,na,,,,
2025-07-30 21:14:28.303108,PHY,0x4601,1,0,na,"[0,",0,0,1,1222.4,+16.6dB,15.1us,"[0,",1,381.9,normal,0,valid,-14.3dB,-14.5dB,na,na,,,,
2025-07-30 21:14:28.307605,PHY,0x4601,1,0,na,"[0,",0,0,1,1183.8,+16.5dB,17.9us,"[0,",1,381.18,normal,0,valid,-14.4dB,-14.5dB,na,na,,,,
2025-07-30 21:14:28.308081,PHY,0x4601,1,0,na,"[0,",0,0,1,1180.6,+16.5dB,15.8us,"[0,",1,381.19,normal,0,valid,-14.4dB,-14.5dB,na,na,,,,
2025-07-30 21:14:28.312208,CSI,0x4601,2,,na,"[0,",,,1,,+32.3dB,17.2us,"[0,",1,382.8,normal,0,valid,-11.4dB,-11.4dB,0.21us,-67.8Hz,,"[6,",1111,1
2025-07-30 21:14:28.313143,PHY,0x4601,1,0,na,"[0,",0,0,1,1164.7,+16.4dB,18.5us,"[0,",1,382.9,normal,0,valid,-14.4dB,-14.5dB,na,na,,,,
2025-07-30 21:14:28.317633,PHY,0x4601,1,0,na,"[0,",0,0,1,1208.4,+16.6dB,17.5us,"[0,",1,382.18,normal,0,valid,-14.5dB,-14.6dB,na,na,,,,
2025-07-30 21:14:28.318107,PHY,0x4601,1,0,na,"[0,",0,0,1,1231.9,+16.6dB,17.3us,"[0,",1,382.19,normal,0,valid,-14.5dB,-14.6dB,na,na,,,,
2025-07-30 21:14:28.322599,PHY,0x4601,1,0,na,"[0,",0,0,1,1139.5,+16.3dB,17.6us,"[0,",1,383.8,normal,0,valid,-14.4dB,-14.5dB,na,na,,,,
2025-07-30 21:14:28.323066,PHY,0x4601,1,0,na,"[0,",0,0,1,1188.7,+16.5dB,16.2us,"[0,",1,383.9,normal,0,valid,-14.4dB,-14.5dB,na,na,,,,
2025-07-30 21:14:28.327670,PHY,0x4601,1,0,na,"[0,",0,0,1,1156.1,+16.4dB,20.4us,"[0,",1,383.18,normal,0,valid,-14.5dB,-14.6dB,na,na,,,,
2025-07-30 21:14:28.328137,PHY,0x4601,1,0,na,"[0,",0,0,1,1196.0,+16.5dB,14.9us,"[0,",1,383.19,normal,0,valid,-14.4dB,-14.5dB,na,na,,,,
2025-07-30 21:14:28.332240,CSI,0x4601,2,,na,"[0,",,,1,,+30.5dB,15.8us,"[0,",1,384.8,normal,0,valid,-11.4dB,-11.4dB,0.24us,-6.5Hz,,"[6,",1111,1
2025-07-30 21:14:28.333103,PHY,0x4601,1,0,na,"[0,",0,0,1,1178.9,+16.4dB,16.2us,"[0,",1,384.9,normal,0,valid,-14.4dB,-14.5dB,na,na,,,,
2025-07-30 21:14:28.337598,PHY,0x4601,1,0,na,"[0,",0,0,1,1162.2,+16.4dB,16.4us,"[0,",1,384.18,normal,0,valid,-14.4dB,-14.5dB,na,na,,,,
2025-07-30 21:14:28.338167,PHY,0x4601,1,0,na,"[0,",0,0,1,1176.0,+16.4dB,14.8us,"[0,",1,384.19,normal,0,valid,-14.5dB,-14.6dB,na,na,,,,
2025-07-30 21:14:28.342656,PHY,0x4601,1,0,na,"[0,",0,0,1,1178.2,+16.4dB,16.4us,"[0,",1,385.8,normal,0,valid,-14.4dB,-14.5dB,na,na,,,,
2025-07-30 21:14:28.343126,PHY,0x4601,1,0,na,"[0,",0,0,1,1171.3,+16.4dB,13.9us,"[0,",1,385.9,normal,0,valid,-14.4dB,-14.5dB,na,na,,,,
2025-07-30 21:14:28.347627,PHY,0x4601,1,0,na,"[0,",0,0,1,1205.8,+16.6dB,16.9us,"[0,",1,385.18,normal,0,valid,-14.5dB,-14.6dB,na,na,,,,
2025-07-30 21:14:28.348086,PHY,0x4601,1,0,na,"[0,",0,0,1,1224.9,+16.6dB,14.5us,"[0,",1,385.19,normal,0,valid,-14.5dB,-14.6dB,na,na,,,,
2025-07-30 21:14:28.352229,CSI,0x4601,2,,na,"[0,",,,1,,+32.4dB,14.8us,"[0,",1,386.8,normal,0,valid,-11.5dB,-11.5dB,0.23us,-82.5Hz,,"[6,",1111,1
2025-07-30 21:14:28.353161,PHY,0x4601,1,0,na,"[0,",0,0,1,1560.9,+17.7dB,16.2us,"[0,",1,386.9,normal,0,valid,-14.5dB,-14.6dB,na,na,,,,
2025-07-30 21:14:28.357659,PHY,0x4601,1,0,na,"[0,",0,0,1,1209.0,+16.6dB,16.3us,"[0,",1,386.18,normal,0,valid,-14.4dB,-14.5dB,na,na,,,,
2025-07-30 21:14:28.358130,PHY,0x4601,1,0,na,"[0,",0,0,1,1190.4,+16.5dB,14.6us,"[0,",1,386.19,normal,0,valid,-14.5dB,-14.6dB,na,na,,,,
2025-07-30 21:14:28.362621,PHY,0x4601,1,0,na,"[0,",0,0,1,1139.1,+16.3dB,17.1us,"[0,",1,387.8,normal,0,valid,-14.4dB,-14.5dB,na,na,,,,
2025-07-30 21:14:28.363081,PHY,0x4601,1,0,na,"[0,",0,0,1,1127.2,+16.3dB,14.9us,"[0,",1,387.9,normal,0,valid,-14.4dB,-14.5dB,na,na,,,,
2025-07-30 21:14:28.367578,PHY,0x4601,1,0,na,"[0,",0,0,1,1186.4,+16.5dB,16.6us,"[0,",1,387.18,normal,0,valid,-14.5dB,-14.6dB,na,na,,,,
2025-07-30 21:14:28.368158,PHY,0x4601,1,0,na,"[0,",0,0,1,1135.3,+16.3dB,14.7us,"[0,",1,387.19,normal,0,valid,-14.4dB,-14.5dB,na,na,,,,
2025-07-30 21:14:28.372248,CSI,0x4601,2,,na,"[0,",,,1,,+31.1dB,13.4us,"[0,",1,388.8,normal,0,valid,-11.3dB,-11.4dB,0.23us,-6.0Hz,,"[6,",1111,1
2025-07-30 21:14:28.373118,PHY,0x4601,1,0,na,"[0,",0,0,1,1184.0,+16.5dB,15.9us,"[0,",1,388.9,normal,0,valid,-14.4dB,-14.5dB,na,na,,,,
2025-07-30 21:14:28.377612,PHY,0x4601,1,0,na,"[0,",0,0,1,1281.6,+16.8dB,19.2us,"[0,",1,388.18,normal,0,valid,-14.5dB,-14.6dB,na,na,,,,
2025-07-30 21:14:28.378079,PHY,0x4601,1,0,na,"[0,",0,0,1,1162.5,+16.4dB,14.9us,"[0,",1,388.19,normal,0,valid,-14.4dB,-14.5dB,na,na,,,,
2025-07-30 21:14:28.382587,PHY,0x4601,1,0,na,"[0,",0,0,1,1272.6,+16.8dB,17.0us,"[0,",1,389.8,normal,0,valid,-14.4dB,-14.5dB,na,na,,,,
2025-07-30 21:14:28.383146,PHY,0x4601,1,0,na,"[0,",0,0,1,1154.8,+16.4dB,15.0us,"[0,",1,389.9,normal,0,valid,-14.4dB,-14.5dB,na,na,,,,
2025-07-30 21:14:28.387644,PHY,0x4601,1,0,na,"[0,",0,0,1,1166.2,+16.4dB,16.9us,"[0,",1,389.18,normal,0,valid,-14.4dB,-14.6dB,na,na,,,,
2025-07-30 21:14:28.388116,PHY,0x4601,1,0,na,"[0,",0,0,1,1227.4,+16.6dB,14.9us,"[0,",1,389.19,normal,0,valid,-14.5dB,-14.6dB,na,na,,,,
2025-07-30 21:14:28.392280,CSI,0x4601,2,,na,"[0,",,,1,,+30.2dB,16.6us,"[0,",1,390.8,normal,0,valid,-11.5dB,-11.5dB,0.22us,+25.3Hz,,"[6,",1111,1
2025-07-30 21:14:28.393081,PHY,0x4601,1,0,na,"[0,",0,0,1,1602.9,+17.8dB,18.4us,"[0,",1,390.9,normal,0,valid,-14.4dB,-14.5dB,na,na,,,,
2025-07-30 21:14:28.397671,PHY,0x4601,1,0,na,"[0,",0,0,1,1137.9,+16.3dB,17.3us,"[0,",1,390.18,normal,0,valid,-14.5dB,-14.6dB,na,na,,,,
2025-07-30 21:14:28.398142,PHY,0x4601,1,0,na,"[0,",0,0,1,1165.8,+16.4dB,15.4us,"[0,",1,390.19,normal,0,valid,-14.5dB,-14.6dB,na,na,,,,
2025-07-30 21:14:28.402693,PHY,0x4601,1,0,na,"[0,",0,0,1,1152.8,+16.3dB,23.6us,"[0,",1,391.8,normal,0,valid,-14.4dB,-14.5dB,na,na,,,,
2025-07-30 21:14:28.403110,PHY,0x4601,1,0,na,"[0,",0,0,1,1191.7,+16.5dB,17.5us,"[0,",1,391.9,normal,0,valid,-14.4dB,-14.5dB,na,na,,,,
2025-07-30 21:14:28.407600,PHY,0x4601,1,0,na,"[0,",0,0,1,1195.4,+16.5dB,17.5us,"[0,",1,391.18,normal,0,valid,-14.4dB,-14.6dB,na,na,,,,
2025-07-30 21:14:28.408070,PHY,0x4601,1,0,na,"[0,",0,0,1,1233.4,+16.6dB,16.0us,"[0,",1,391.19,normal,0,valid,-14.5dB,-14.6dB,na,na,,,,
2025-07-30 21:14:28.412198,CSI,0x4601,2,,na,"[0,",,,1,,+30.2dB,17.2us,"[0,",1,392.8,normal,0,valid,-11.3dB,-11.3dB,0.23us,-23.8Hz,,"[6,",1111,1
2025-07-30 21:14:28.413164,PHY,0x4601,1,0,na,"[0,",0,0,1,1601.1,+17.8dB,18.8us,"[0,",1,392.9,normal,0,valid,-14.4dB,-14.5dB,na,na,,,,
2025-07-30 21:14:28.417636,PHY,0x4601,1,0,na,"[0,",0,0,1,1134.0,+16.3dB,17.5us,"[0,",1,392.18,normal,0,valid,-14.5dB,-14.6dB,na,na,,,,
2025-07-30 21:14:28.418101,PHY,0x4601,1,0,na,"[0,",0,0,1,1232.2,+16.6dB,15.9us,"[0,",1,392.19,normal,0,valid,-14.4dB,-14.5dB,na,na,,,,
2025-07-30 21:14:28.422594,PHY,0x4601,1,0,na,"[0,",0,0,1,1112.9,+16.2dB,17.9us,"[0,",1,393.8,normal,0,valid,-14.4dB,-14.5dB,na,na,,,,
2025-07-30 21:14:28.423173,PHY,0x4601,1,0,na,"[0,",0,0,1,1196.0,+16.5dB,14.9us,"[0,",1,393.9,normal,0,valid,-14.4dB,-14.5dB,na,na,,,,
2025-07-30 21:14:28.427659,PHY,0x4601,1,0,na,"[0,",0,0,1,1158.2,+16.4dB,17.4us,"[0,",1,393.18,normal,0,valid,-14.4dB,-14.5dB,na,na,,,,
2025-07-30 21:14:28.428145,PHY,0x4601,1,0,na,"[0,",0,0,1,1140.4,+16.3dB,24.1us,"[0,",1,393.19,normal,0,valid,-14.5dB,-14.6dB,na,na,,,,
2025-07-30 21:14:28.432242,CSI,0x4601,2,,na,"[0,",,,1,,+35.0dB,15.7us,"[0,",1,394.8,normal,0,valid,-11.3dB,-11.4dB,0.23us,-71.1Hz,,"[6,",1111,1
2025-07-30 21:14:28.433096,PHY,0x4601,1,0,na,"[0,",0,0,1,1508.8,+17.5dB,17.1us,"[0,",1,394.9,normal,0,valid,-14.4dB,-14.5dB,na,na,,,,
2025-07-30 21:14:28.437587,PHY,0x4601,1,0,na,"[0,",0,0,1,1209.1,+16.6dB,18.4us,"[0,",1,394.18,normal,0,valid,-15.1dB,-15.2dB,na,na,,,,
2025-07-30 21:14:28.438162,PHY,0x4601,1,0,na,"[0,",0,0,1,1154.4,+16.4dB,15.9us,"[0,",1,394.19,normal,0,valid,-15.2dB,-15.3dB,na,na,,,,
2025-07-30 21:14:28.442654,PHY,0x4601,1,0,na,"[0,",0,0,1,1186.8,+16.5dB,19.3us,"[0,",1,395.8,normal,0,valid,-15.2dB,-15.3dB,na,na,,,,
2025-07-30 21:14:28.443125,PHY,0x4601,1,0,na,"[0,",0,0,1,1194.4,+16.5dB,15.5us,"[0,",1,395.9,normal,0,valid,-15.2dB,-15.3dB,na,na,,,,
2025-07-30 21:14:28.447624,PHY,0x4601,1,0,na,"[0,",0,0,1,1231.6,+16.6dB,22.3us,"[0,",1,395.18,normal,0,valid,-15.2dB,-15.3dB,na,na,,,,
2025-07-30 21:14:28.448087,PHY,0x4601,1,0,na,"[0,",0,0,1,1188.2,+16.5dB,16.6us,"[0,",1,395.19,normal,0,valid,-15.3dB,-15.3dB,na,na,,,,
2025-07-30 21:14:28.452214,CSI,0x4601,2,,na,"[0,",,,1,,+30.3dB,16.5us,"[0,",1,396.8,normal,0,valid,-12.5dB,-12.5dB,0.21us,+17.9Hz,,"[6,",1111,1
2025-07-30 21:14:28.453157,PHY,0x4601,1,0,na,"[0,",0,0,1,1263.8,+16.8dB,16.5us,"[0,",1,396.9,normal,0,valid,-15.3dB,-15.3dB,na,na,,,,
2025-07-30 21:14:28.457649,PHY,0x4601,1,0,na,"[0,",0,0,1,1204.0,+16.5dB,18.1us,"[0,",1,396.18,normal,0,valid,-15.3dB,-15.4dB,na,na,,,,
2025-07-30 21:14:28.458121,PHY,0x4601,1,0,na,"[0,",0,0,1,1236.8,+16.7dB,14.6us,"[0,",1,396.19,normal,0,valid,-15.3dB,-15.4dB,na,na,,,,
2025-07-30 21:14:28.462611,PHY,0x4601,1,0,na,"[0,",0,0,1,1189.2,+16.5dB,17.1us,"[0,",1,397.8,normal,0,valid,-15.2dB,-15.3dB,na,na,,,,
2025-07-30 21:14:28.463089,PHY,0x4601,1,0,na,"[0,",0,0,1,1170.5,+16.4dB,23.1us,"[0,",1,397.9,normal,0,valid,-15.2dB,-15.3dB,na,na,,,,
2025-07-30 21:14:28.467573,PHY,0x4601,1,0,na,"[0,",0,0,1,1162.3,+16.4dB,23.0us,"[0,",1,397.18,normal,0,valid,-15.2dB,-15.2dB,na,na,,,,
2025-07-30 21:14:28.468153,PHY,0x4601,1,0,na,"[0,",0,0,1,1094.0,+16.1dB,15.0us,"[0,",1,397.19,normal,0,valid,-15.2dB,-15.3dB,na,na,,,,
2025-07-30 21:14:28.472239,CSI,0x4601,2,,na,"[0,",,,1,,+33.6dB,14.3us,"[0,",1,398.8,normal,0,valid,-12.4dB,-12.4dB,0.22us,-118.0Hz,,"[6,",1111,1
2025-07-30 21:14:28.473110,PHY,0x4601,1,0,na,"[0,",0,0,1,1195.7,+16.5dB,16.3us,"[0,",1,398.9,normal,0,valid,-15.2dB,-15.3dB,na,na,,,,
2025-07-30 21:14:28.477602,PHY,0x4601,1,0,na,"[0,",0,0,1,1136.1,+16.3dB,16.7us,"[0,",1,398.18,normal,0,valid,-15.2dB,-15.3dB,na,na,,,,
2025-07-30 21:14:28.478078,PHY,0x4601,1,0,na,"[0,",0,0,1,1212.5,+16.6dB,16.1us,"[0,",1,398.19,normal,0,valid,-15.2dB,-15.3dB,na,na,,,,
2025-07-30 21:14:28.482675,PHY,0x4601,1,0,na,"[0,",0,0,1,1230.2,+16.7dB,20.4us,"[0,",1,399.8,normal,0,valid,-15.3dB,-15.4dB,na,na,,,,
2025-07-30 21:14:28.483136,PHY,0x4601,1,0,na,"[0,",0,0,1,1234.7,+16.7dB,14.5us,"[0,",1,399.9,normal,0,valid,-15.3dB,-15.4dB,na,na,,,,
2025-07-30 21:14:28.487629,PHY,0x4601,1,0,na,"[0,",0,0,2,0.2,-29.0dB,16.6us,"[0,",1,399.18,normal,0,invalid,-1.5dB,-31.4dB,na,na,,,,
2025-07-30 21:14:28.488106,PHY,0x4601,1,0,na,"[0,",0,0,2,0.5,-15.1dB,15.6us,"[0,",1,399.19,normal,0,invalid,-46.8dB,-62.7dB,na,na,,,,
2025-07-30 21:14:28.492243,CSI,0x4601,2,,na,"[0,",,,1,,+30.9dB,22.9us,"[0,",1,400.8,normal,0,valid,-12.6dB,-12.6dB,0.20us,-27.2Hz,,"[6,",1111,1
2025-07-30 21:14:28.493071,PHY,0x4601,1,0,na,"[0,",0,0,1,1619.0,+17.9dB,19.7us,"[0,",1,400.9,normal,0,valid,-15.2dB,-15.3dB,na,na,,,,
2025-07-30 21:14:28.497673,PHY,0x4601,1,0,na,"[0,",0,0,1,1185.6,+16.5dB,18.6us,"[0,",1,400.18,normal,0,valid,-15.2dB,-15.3dB,na,na,,,,
2025-07-30 21:14:28.498136,PHY,0x4601,1,0,na,"[0,",0,0,1,1254.8,+16.7dB,15.6us,"[0,",1,400.19,normal,0,valid,-15.2dB,-15.3dB,na,na,,,,
2025-07-30 21:14:28.502628,PHY,0x4601,1,0,na,"[0,",0,0,1,1254.7,+16.7dB,17.5us,"[0,",1,401.8,normal,0,valid,-15.3dB,-15.4dB,na,na,,,,
2025-07-30 21:14:28.503098,PHY,0x4601,1,0,na,"[0,",0,0,1,1190.0,+16.5dB,14.5us,"[0,",1,401.9,normal,0,valid,-15.3dB,-15.4dB,na,na,,,,
2025-07-30 21:14:28.507589,PHY,0x4601,1,0,na,"[0,",0,0,1,1167.5,+16.4dB,18.4us,"[0,",1,401.18,normal,0,valid,-15.2dB,-15.3dB,na,na,,,,
2025-07-30 21:14:28.508179,PHY,0x4601,1,0,na,"[0,",0,0,1,1150.5,+16.3dB,25.2us,"[0,",1,401.19,normal,0,valid,-15.2dB,-15.3dB,na,na,,,,
2025-07-30 21:14:28.512242,CSI,0x4601,2,,na,"[0,",,,1,,+29.1dB,20.9us,"[0,",1,402.8,normal,0,valid,-12.5dB,-12.5dB,0.21us,-31.2Hz,,"[6,",1111,1
2025-07-30 21:14:28.513131,PHY,0x4601,1,0,na,"[0,",0,0,1,1195.0,+16.5dB,18.4us,"[0,",1,402.9,normal,0,valid,-15.2dB,-15.3dB,na,na,,,,
2025-07-30 21:14:28.517619,PHY,0x4601,1,0,na,"[0,",0,0,1,1264.3,+16.8dB,18.5us,"[0,",1,402.18,normal,0,valid,-15.2dB,-15.2dB,na,na,,,,
2025-07-30 21:14:28.518096,PHY,0x4601,1,0,na,"[0,",0,0,1,1135.9,+16.3dB,19.8us,"[0,",1,402.19,normal,0,valid,-15.2dB,-15.3dB,na,na,,,,
2025-07-30 21:14:28.522595,PHY,0x4601,1,0,na,"[0,",0,0,1,1167.3,+16.4dB,18.1us,"[0,",1,403.8,normal,0,valid,-15.3dB,-15.3dB,na,na,,,,
2025-07-30 21:14:28.523160,PHY,0x4601,1,0,na,"[0,",0,0,1,1172.4,+16.4dB,14.6us,"[0,",1,403.9,normal,0,valid,-15.3dB,-15.4dB,na,na,,,,
2025-07-30 21:14:28.527657,PHY,0x4601,1,0,na,"[0,",0,0,1,1045.9,+15.9dB,23.7us,"[0,",1,403.18,normal,0,valid,-15.2dB,-15.3dB,na,na,,,,
2025-07-30 21:14:28.528134,PHY,0x4601,1,0,na,"[0,",0,0,1,1217.8,+16.6dB,19.7us,"[0,",1,403.19,normal,0,valid,-15.2dB,-15.3dB,na,na,,,,
2025-07-30 21:14:28.532204,CSI,0x4601,2,,na,"[0,",,,1,,+34.5dB,13.7us,"[0,",1,404.8,normal,0,valid,-12.5dB,-12.5dB,0.23us,-248.8Hz,,"[6,",1111,1
2025-07-30 21:14:28.533087,PHY,0x4601,1,0,na,"[0,",0,0,1,1137.7,+16.3dB,16.7us,"[0,",1,404.9,normal,0,valid,-15.2dB,-15.3dB,na,na,,,,
2025-07-30 21:14:28.537581,PHY,0x4601,1,0,na,"[0,",0,0,1,1209.4,+16.6dB,22.7us,"[0,",1,404.18,normal,0,valid,-15.2dB,-15.3dB,na,na,,,,
2025-07-30 21:14:28.538169,PHY,0x4601,1,0,na,"[0,",0,0,1,1203.0,+16.6dB,15.9us,"[0,",1,404.19,normal,0,valid,-15.2dB,-15.3dB,na,na,,,,
2025-07-30 21:14:28.542644,PHY,0x4601,1,0,na,"[0,",0,0,1,1194.6,+16.5dB,17.7us,"[0,",1,405.8,normal,0,valid,-15.3dB,-15.4dB,na,na,,,,
2025-07-30 21:14:28.543118,PHY,0x4601,1,0,na,"[0,",0,0,1,1192.7,+16.5dB,14.7us,"[0,",1,405.9,normal,0,valid,-15.3dB,-15.4dB,na,na,,,,
2025-07-30 21:14:28.547611,PHY,0x4601,1,0,na,"[0,",0,0,1,1112.5,+16.2dB,16.8us,"[0,",1,405.18,normal,0,valid,-15.2dB,-15.3dB,na,na,,,,
2025-07-30 21:14:28.548082,PHY,0x4601,1,0,na,"[0,",0,0,1,1205.8,+16.5dB,14.4us,"[0,",1,405.19,normal,0,valid,-15.2dB,-15.3dB,na,na,,,,
2025-07-30 21:14:28.552244,CSI,0x4601,2,,na,"[0,",,,1,,+33.6dB,17.5us,"[0,",1,406.8,normal,0,valid,-12.4dB,-12.4dB,0.22us,-53.6Hz,,"[6,",1111,1
2025-07-30 21:14:28.553162,PHY,0x4601,1,0,na,"[0,",0,0,1,1533.6,+17.6dB,19.4us,"[0,",1,406.9,normal,0,valid,-15.2dB,-15.3dB,na,na,,,,
2025-07-30 21:14:28.557679,PHY,0x4601,1,0,na,"[0,",0,0,1,1168.2,+16.4dB,17.9us,"[0,",1,406.18,normal,0,valid,-15.1dB,-15.2dB,na,na,,,,
2025-07-30 21:14:28.558126,PHY,0x4601,1,0,na,"[0,",0,0,1,1212.5,+16.6dB,20.7us,"[0,",1,406.19,normal,0,valid,-15.2dB,-15.3dB,na,na,,,,
2025-07-30 21:14:28.562610,PHY,0x4601,1,0,na,"[0,",0,0,1,1165.2,+16.4dB,17.7us,"[0,",1,407.8,normal,0,valid,-15.3dB,-15.4dB,na,na,,,,
2025-07-30 21:14:28.563092,PHY,0x4601,1,0,na,"[0,",0,0,1,1193.4,+16.5dB,22.7us,"[0,",1,407.9,normal,0,valid,-15.3dB,-15.4dB,na,na,,,,
2025-07-30 21:14:28.567693,PHY,0x4601,1,0,na,"[0,",0,0,1,1180.0,+16.4dB,19.5us,"[0,",1,407.18,normal,0,valid,-15.2dB,-15.3dB,na,na,,,,
2025-07-30 21:14:28.568155,PHY,0x4601,1,0,na,"[0,",0,0,1,1251.1,+16.7dB,17.1us,"[0,",1,407.19,normal,0,valid,-15.2dB,-15.3dB,na,na,,,,
2025-07-30 21:14:28.572257,CSI,0x4601,2,,na,"[0,",,,1,,+30.4dB,16.6us,"[0,",1,408.8,normal,0,valid,-12.4dB,-12.5dB,0.23us,-143.6Hz,,"[6,",1111,1
2025-07-30 21:14:28.573114,PHY,0x4601,1,0,na,"[0,",0,0,1,1485.0,+17.5dB,19.7us,"[0,",1,408.9,normal,0,valid,-15.2dB,-15.3dB,na,na,,,,
2025-07-30 21:14:28.577624,PHY,0x4601,1,0,na,"[0,",0,0,1,1151.2,+16.4dB,18.7us,"[0,",1,408.18,normal,0,valid,-15.2dB,-15.3dB,na,na,,,,
2025-07-30 21:14:28.578088,PHY,0x4601,1,0,na,"[0,",0,0,1,1175.6,+16.4dB,18.5us,"[0,",1,408.19,normal,0,valid,-15.2dB,-15.3dB,na,na,,,,
2025-07-30 21:14:28.582675,PHY,0x4601,1,0,na,"[0,",0,0,1,1234.4,+16.7dB,19.3us,"[0,",1,409.8,normal,0,valid,-15.3dB,-15.3dB,na,na,,,,
2025-07-30 21:14:28.583153,PHY,0x4601,1,0,na,"[0,",0,0,1,1241.1,+16.7dB,14.9us,"[0,",1,409.9,normal,0,valid,-15.3dB,-15.3dB,na,na,,,,
2025-07-30 21:14:28.587635,PHY,0x4601,1,0,na,"[0,",0,0,1,1182.0,+16.5dB,21.5us,"[0,",1,409.18,normal,0,valid,-15.2dB,-15.3dB,na,na,,,,
2025-07-30 21:14:28.588125,PHY,0x4601,1,0,na,"[0,",0,0,1,1159.1,+16.4dB,18.2us,"[0,",1,409.19,normal,0,valid,-15.2dB,-15.3dB,na,na,,,,
2025-07-30 21:14:28.592236,CSI,0x4601,2,,na,"[0,",,,1,,+33.0dB,24.2us,"[0,",1,410.8,normal,0,valid,-12.4dB,-12.4dB,0.22us,-24.4Hz,,"[6,",1111,1
2025-07-30 21:14:28.593169,PHY,0x4601,1,0,na,"[0,",0,0,1,1493.8,+17.5dB,16.4us,"[0,",1,410.9,normal,0,valid,-15.3dB,-15.3dB,na,na,,,,
2025-07-30 21:14:28.597660,PHY,0x4601,1,0,na,"[0,",0,0,1,1211.6,+16.6dB,16.9us,"[0,",1,410.18,normal,0,valid,-15.2dB,-15.3dB,na,na,,,,
2025-07-30 21:14:28.598143,PHY,0x4601,1,0,na,"[0,",0,0,1,1238.6,+16.7dB,17.1us,"[0,",1,410.19,normal,0,valid,-14.9dB,-15.0dB,na,na,,,,
2025-07-30 21:14:28.602662,PHY,0x4601,1,0,na,"[0,",0,0,1,1216.2,+16.6dB,16.9us,"[0,",1,411.8,normal,0,valid,-15.0dB,-15.1dB,na,na,,,,
2025-07-30 21:14:28.603097,PHY,0x4601,1,0,na,"[0,",0,0,1,1216.5,+16.6dB,26.3us,"[0,",1,411.9,normal,0,valid,-15.0dB,-15.1dB,na,na,,,,
2025-07-30 21:14:28.607622,PHY,0x4601,1,0,na,"[0,",0,0,1,1169.3,+16.4dB,17.3us,"[0,",1,411.18,normal,0,valid,-14.9dB,-15.0dB,na,na,,,,
2025-07-30 21:14:28.608163,PHY,0x4601,1,0,na,"[0,",0,0,1,1220.5,+16.6dB,15.0us,"[0,",1,411.19,normal,0,valid,-14.9dB,-15.0dB,na,na,,,,
2025-07-30 21:14:28.612213,CSI,0x4601,2,,na,"[0,",,,1,,+32.8dB,16.2us,"[0,",1,412.8,normal,0,valid,-12.1dB,-12.2dB,0.22us,+37.4Hz,,"[6,",1111,1
2025-07-30 21:14:28.613124,PHY,0x4601,1,0,na,"[0,",0,0,1,1537.1,+17.6dB,16.5us,"[0,",1,412.9,normal,0,valid,-14.9dB,-15.0dB,na,na,,,,
2025-07-30 21:14:28.617667,PHY,0x4601,1,0,na,"[0,",0,0,1,1181.0,+16.5dB,17.1us,"[0,",1,412.18,normal,0,valid,-14.9dB,-15.0dB,na,na,,,,
2025-07-30 21:14:28.618091,PHY,0x4601,1,0,na,"[0,",0,0,1,1186.2,+16.5dB,15.1us,"[0,",1,412.19,normal,0,valid,-14.9dB,-15.0dB,na,na,,,,
2025-07-30 21:14:28.622576,PHY,0x4601,1,0,na,"[0,",0,0,1,1200.7,+16.6dB,16.8us,"[0,",1,413.8,normal,0,valid,-15.0dB,-15.1dB,na,na,,,,
2025-07-30 21:14:28.623177,PHY,0x4601,1,0,na,"[0,",0,0,1,1116.2,+16.2dB,15.3us,"[0,",1,413.9,normal,0,valid,-15.0dB,-15.1dB,na,na,,,,
2025-07-30 21:14:28.627646,PHY,0x4601,1,0,na,"[0,",0,0,1,1136.3,+16.3dB,18.6us,"[0,",1,413.18,normal,0,valid,-14.9dB,-15.0dB,na,na,,,,
2025-07-30 21:14:28.628116,PHY,0x4601,1,0,na,"[0,",0,0,1,1143.7,+16.3dB,15.6us,"[0,",1,413.19,normal,0,valid,-14.9dB,-15.0dB,na,na,,,,
2025-07-30 21:14:28.632278,CSI,0x4601,2,,na,"[0,",,,1,,+34.2dB,17.1us,"[0,",1,414.8,normal,0,valid,-12.2dB,-12.3dB,0.21us,+54.8Hz,,"[6,",1111,1
2025-07-30 21:14:28.633085,PHY,0x4601,1,0,na,"[0,",0,0,1,1610.6,+17.8dB,16.4us,"[0,",1,414.9,normal,0,valid,-14.9dB,-15.0dB,na,na,,,,
2025-07-30 21:14:28.637611,PHY,0x4601,1,0,na,"[0,",0,0,1,1179.1,+16.4dB,16.0us,"[0,",1,414.18,normal,0,valid,-14.9dB,-15.0dB,na,na,,,,
2025-07-30 21:14:28.638160,PHY,0x4601,1,0,na,"[0,",0,0,1,1235.7,+16.6dB,19.6us,"[0,",1,414.19,normal,0,valid,-14.9dB,-15.0dB,na,na,,,,
2025-07-30 21:14:28.642640,PHY,0x4601,1,0,na,"[0,",0,0,1,1211.5,+16.5dB,16.7us,"[0,",1,415.8,normal,0,valid,-15.0dB,-15.1dB,na,na,,,,
2025-07-30 21:14:28.643108,PHY,0x4601,1,0,na,"[0,",0,0,1,1166.5,+16.4dB,16.0us,"[0,",1,415.9,normal,0,valid,-15.0dB,-15.1dB,na,na,,,,
2025-07-30 21:14:28.647604,PHY,0x4601,1,0,na,"[0,",0,0,1,1180.5,+16.5dB,16.0us,"[0,",1,415.18,normal,0,valid,-14.9dB,-15.0dB,na,na,,,,
2025-07-30 21:14:28.648085,PHY,0x4601,1,0,na,"[0,",0,0,1,1218.9,+16.6dB,19.0us,"[0,",1,415.19,normal,0,valid,-14.9dB,-15.0dB,na,na,,,,
2025-07-30 21:14:28.652209,CSI,0x4601,2,,na,"[0,",,,1,,+32.0dB,18.4us,"[0,",1,416.8,normal,0,valid,-12.1dB,-12.1dB,0.22us,-18.9Hz,,"[6,",1111,1
2025-07-30 21:14:28.653145,PHY,0x4601,1,0,na,"[0,",0,0,1,1183.8,+16.5dB,16.8us,"[0,",1,416.9,normal,0,valid,-15.0dB,-15.1dB,na,na,,,,
2025-07-30 21:14:28.657638,PHY,0x4601,1,0,na,"[0,",0,0,1,1178.7,+16.5dB,16.5us,"[0,",1,416.18,normal,0,valid,-14.9dB,-15.0dB,na,na,,,,
2025-07-30 21:14:28.658110,PHY,0x4601,1,0,na,"[0,",0,0,1,1194.9,+16.5dB,16.6us,"[0,",1,416.19,normal,0,valid,-14.9dB,-15.0dB,na,na,,,,
2025-07-30 21:14:28.662603,PHY,0x4601,1,0,na,"[0,",0,0,1,1269.3,+16.8dB,23.5us,"[0,",1,417.8,normal,0,valid,-15.0dB,-15.1dB,na,na,,,,
2025-07-30 21:14:28.663084,PHY,0x4601,1,0,na,"[0,",0,0,1,1147.9,+16.3dB,15.5us,"[0,",1,417.9,normal,0,valid,-15.0dB,-15.1dB,na,na,,,,
2025-07-30 21:14:28.667666,PHY,0x4601,1,0,na,"[0,",0,0,1,1248.4,+16.7dB,17.5us,"[0,",1,417.18,normal,0,valid,-14.9dB,-15.0dB,na,na,,,,
2025-07-30 21:14:28.668142,PHY,0x4601,1,0,na,"[0,",0,0,1,1144.6,+16.3dB,15.0us,"[0,",1,417.19,normal,0,valid,-14.9dB,-15.0dB,na,na,,,,
2025-07-30 21:14:28.672214,CSI,0x4601,2,,na,"[0,",,,1,,+32.7dB,13.4us,"[0,",1,418.8,normal,0,valid,-12.2dB,-12.2dB,0.20us,-65.2Hz,,"[6,",1111,1
2025-07-30 21:14:28.673107,PHY,0x4601,1,0,na,"[0,",0,0,1,1178.7,+16.5dB,17.4us,"[0,",1,418.9,normal,0,valid,-15.0dB,-15.0dB,na,na,,,,
2025-07-30 21:14:28.677588,PHY,0x4601,1,0,na,"[0,",0,0,1,1189.0,+16.5dB,18.0us,"[0,",1,418.18,normal,0,valid,-14.9dB,-15.0dB,na,na,,,,
2025-07-30 21:14:28.678176,PHY,0x4601,1,0,na,"[0,",0,0,1,1110.1,+16.2dB,16.8us,"[0,",1,418.19,normal,0,valid,-14.9dB,-15.0dB,na,na,,,,
2025-07-30 21:14:28.682654,PHY,0x4601,1,0,na,"[0,",0,0,1,1176.2,+16.5dB,17.1us,"[0,",1,419.8,normal,0,valid,-15.0dB,-15.1dB,na,na,,,,
2025-07-30 21:14:28.683131,PHY,0x4601,1,0,na,"[0,",0,0,1,1178.3,+16.5dB,14.4us,"[0,",1,419.9,normal,0,valid,-15.0dB,-15.1dB,na,na,,,,
2025-07-30 21:14:28.687629,PHY,0x4601,1,0,na,"[0,",0,0,1,1213.0,+16.6dB,18.3us,"[0,",1,419.18,normal,0,valid,-14.9dB,-15.0dB,na,na,,,,
2025-07-30 21:14:28.688104,PHY,0x4601,1,0,na,"[0,",0,0,1,1183.9,+16.5dB,19.7us,"[0,",1,419.19,normal,0,valid,-14.9dB,-15.0dB,na,na,,,,
2025-07-30 21:14:28.692230,CSI,0x4601,2,,na,"[0,",,,1,,+35.1dB,18.1us,"[0,",1,420.8,normal,0,valid,-12.2dB,-12.2dB,0.23us,+47.4Hz,,"[6,",1111,1
2025-07-30 21:14:28.693164,PHY,0x4601,1,0,na,"[0,",0,0,1,1170.4,+16.4dB,16.9us,"[0,",1,420.9,normal,0,valid,-14.9dB,-15.0dB,na,na,,,,
2025-07-30 21:14:28.697651,PHY,0x4601,1,0,na,"[0,",0,0,1,1187.9,+16.5dB,17.0us,"[0,",1,420.18,normal,0,valid,-14.9dB,-15.0dB,na,na,,,,
2025-07-30 21:14:28.698130,PHY,0x4601,1,0,na,"[0,",0,0,1,1185.1,+16.5dB,20.2us,"[0,",1,420.19,normal,0,valid,-14.9dB,-15.0dB,na,na,,,,
2025-07-30 21:14:28.702616,PHY,0x4601,1,0,na,"[0,",0,0,1,1190.0,+16.5dB,17.1us,"[0,",1,421.8,normal,0,valid,-15.0dB,-15.1dB,na,na,,,,
2025-07-30 21:14:28.703081,PHY,0x4601,1,0,na,"[0,",0,0,1,1155.4,+16.4dB,14.5us,"[0,",1,421.9,normal,0,valid,-15.0dB,-15.1dB,na,na,,,,
2025-07-30 21:14:28.707576,PHY,0x4601,1,0,na,"[0,",0,0,1,1189.1,+16.5dB,16.3us,"[0,",1,421.18,normal,0,valid,-14.9dB,-15.0dB,na,na,,,,
2025-07-30 21:14:28.708161,PHY,0x4601,1,0,na,"[0,",0,0,1,1119.8,+16.2dB,15.3us,"[0,",1,421.19,normal,0,valid,-14.9dB,-15.0dB,na,na,,,,
2025-07-30 21:14:28.712227,CSI,0x4601,2,,na,"[0,",,,1,,+31.7dB,13.4us,"[0,",1,422.8,normal,0,valid,-12.2dB,-12.2dB,0.23us,+27.0Hz,,"[6,",1111,1
2025-07-30 21:14:28.713109,PHY,0x4601,1,0,na,"[0,",0,0,1,1112.3,+16.2dB,15.8us,"[0,",1,422.9,normal,0,valid,-15.0dB,-15.1dB,na,na,,,,
2025-07-30 21:14:28.717601,PHY,0x4601,1,0,na,"[0,",0,0,1,1196.6,+16.5dB,16.5us,"[0,",1,422.18,normal,0,valid,-14.9dB,-15.0dB,na,na,,,,
2025-07-30 21:14:28.718083,PHY,0x4601,1,0,na,"[0,",0,0,1,1163.3,+16.4dB,18.2us,"[0,",1,422.19,normal,0,valid,-14.9dB,-15.0dB,na,na,,,,
2025-07-30 21:14:28.722586,PHY,0x4601,1,0,na,"[0,",0,0,1,1128.9,+16.3dB,21.4us,"[0,",1,423.8,normal,0,valid,-15.0dB,-15.1dB,na,na,,,,
2025-07-30 21:14:28.723154,PHY,0x4601,1,0,na,"[0,",0,0,1,1181.9,+16.4dB,28.0us,"[0,",1,423.9,normal,0,valid,-15.0dB,-15.1dB,na,na,,,,
2025-07-30 21:14:28.727635,PHY,0x4601,1,0,na,"[0,",0,0,1,1113.7,+16.2dB,16.9us,"[0,",1,423.18,normal,0,valid,-14.9dB,-15.0dB,na,na,,,,
2025-07-30 21:14:28.728108,PHY,0x4601,1,0,na,"[0,",0,0,1,1155.5,+16.4dB,19.6us,"[0,",1,423.19,normal,0,valid,-14.9dB,-15.0dB,na,na,,,,
2025-07-30 21:14:28.732250,CSI,0x4601,2,,na,"[0,",,,1,,+31.8dB,18.8us,"[0,",1,424.8,normal,0,valid,-12.3dB,-12.4dB,0.22us,-61.7Hz,,"[6,",1111,1
2025-07-30 21:14:28.733073,PHY,0x4601,1,0,na,"[0,",0,0,1,1168.4,+16.4dB,17.7us,"[0,",1,424.9,normal,0,valid,-15.0dB,-15.0dB,na,na,,,,
2025-07-30 21:14:28.737670,PHY,0x4601,1,0,na,"[0,",0,0,1,1104.3,+16.1dB,16.8us,"[0,",1,424.18,normal,0,valid,-14.9dB,-15.0dB,na,na,,,,
2025-07-30 21:14:28.738142,PHY,0x4601,1,0,na,"[0,",0,0,1,1232.2,+16.7dB,18.9us,"[0,",1,424.19,normal,0,valid,-14.9dB,-15.0dB,na,na,,,,
2025-07-30 21:14:28.742635,PHY,0x4601,1,0,na,"[0,",0,0,1,1198.5,+16.6dB,18.9us,"[0,",1,425.8,normal,0,valid,-14.9dB,-15.0dB,na,na,,,,
2025-07-30 21:14:28.743103,PHY,0x4601,1,0,na,"[0,",0,0,1,1215.6,+16.6dB,21.7us,"[0,",1,425.9,normal,0,valid,-15.0dB,-15.1dB,na,na,,,,
2025-07-30 21:14:28.747619,PHY,0x4601,1,0,na,"[0,",0,0,1,1045.8,+15.9dB,21.3us,"[0,",1,425.18,normal,0,valid,-14.9dB,-15.0dB,na,na,,,,
2025-07-30 21:14:28.748065,PHY,0x4601,1,0,na,"[0,",0,0,1,1174.2,+16.4dB,18.3us,"[0,",1,425.19,normal,0,valid,-14.9dB,-15.0dB,na,na,,,,
2025-07-30 21:14:28.752201,CSI,0x4601,2,,na,"[0,",,,1,,+32.1dB,18.3us,"[0,",1,426.8,normal,0,valid,-12.2dB,-12.2dB,0.23us,-35.0Hz,,"[6,",1111,1
2025-07-30 21:14:28.753135,PHY,0x4601,1,0,na,"[0,",0,0,1,1542.9,+17.6dB,17.0us,"[0,",1,426.9,normal,0,valid,-15.0dB,-15.1dB,na,na,,,,
2025-07-30 21:14:28.757639,PHY,0x4601,1,0,na,"[0,",0,0,1,1206.6,+16.5dB,21.4us,"[0,",1,426.18,normal,0,valid,-14.9dB,-15.0dB,na,na,,,,
2025-07-30 21:14:28.758093,PHY,0x4601,1,0,na,"[0,",0,0,1,1181.5,+16.5dB,15.0us,"[0,",1,426.19,normal,0,valid,-14.9dB,-14.9dB,na,na,,,,
2025-07-30 21:14:28.762586,PHY,0x4601,1,0,na,"[0,",0,0,1,1240.5,+16.7dB,17.4us,"[0,",1,427.8,normal,0,valid,-15.0dB,-15.0dB,na,na,,,,
2025-07-30 21:14:28.763162,PHY,0x4601,1,0,na,"[0,",0,0,1,1215.2,+16.6dB,16.0us,"[0,",1,427.9,normal,0,valid,-15.0dB,-15.1dB,na,na,,,,
2025-07-30 21:14:28.767650,PHY,0x4601,1,0,na,"[0,",0,0,1,1137.8,+16.3dB,16.9us,"[0,",1,427.18,normal,0,valid,-14.9dB,-15.0dB,na,na,,,,
2025-07-30 21:14:28.768126,PHY,0x4601,1,0,na,"[0,",0,0,1,1200.2,+16.5dB,19.2us,"[0,",1,427.19,normal,0,valid,-14.9dB,-15.0dB,na,na,,,,
2025-07-30 21:14:28.772238,CSI,0x4601,2,,na,"[0,",,,1,,+33.3dB,13.7us,"[0,",1,428.8,normal,0,valid,-12.1dB,-12.1dB,0.22us,-13.1Hz,,"[6,",1111,1
2025-07-30 21:14:28.773099,PHY,0x4601,1,0,na,"[0,",0,0,1,1156.6,+16.3dB,19.6us,"[0,",1,428.9,normal,0,valid,-15.0dB,-15.1dB,na,na,,,,
2025-07-30 21:14:28.777592,PHY,0x4601,1,0,na,"[0,",0,0,1,1182.4,+16.5dB,23.6us,"[0,",1,428.18,normal,0,valid,-14.9dB,-15.0dB,na,na,,,,
2025-07-30 21:14:28.778165,PHY,0x4601,1,0,na,"[0,",0,0,1,1239.7,+16.7dB,18.6us,"[0,",1,428.19,normal,0,valid,-14.9dB,-15.0dB,na,na,,,,
2025-07-30 21:14:28.782648,PHY,0x4601,1,0,na,"[0,",0,0,1,1251.1,+16.7dB,17.3us,"[0,",1,429.8,normal,0,valid,-15.0dB,-15.1dB,na,na,,,,
2025-07-30 21:14:28.783123,PHY,0x4601,1,0,na,"[0,",0,0,1,1087.9,+16.1dB,13.9us,"[0,",1,429.9,normal,0,valid,-15.0dB,-15.1dB,na,na,,,,
2025-07-30 21:14:28.787614,PHY,0x4601,1,0,na,"[0,",0,0,1,1142.0,+16.3dB,16.5us,"[0,",1,429.18,normal,0,valid,-14.9dB,-15.0dB,na,na,,,,
2025-07-30 21:14:28.788087,PHY,0x4601,1,0,na,"[0,",0,0,1,1176.1,+16.4dB,15.4us,"[0,",1,429.19,normal,0,valid,-14.9dB,-15.0dB,na,na,,,,
2025-07-30 21:14:28.792224,CSI,0x4601,2,,na,"[0,",,,1,,+32.6dB,16.7us,"[0,",1,430.8,normal,0,valid,-12.2dB,-12.3dB,0.22us,+0.3Hz,,"[6,",1111,1
2025-07-30 21:14:28.793158,PHY,0x4601,1,0,na,"[0,",0,0,1,1137.9,+16.3dB,16.9us,"[0,",1,430.9,normal,0,valid,-15.0dB,-15.1dB,na,na,,,,
2025-07-30 21:14:28.797651,PHY,0x4601,1,0,na,"[0,",0,0,1,1125.4,+16.3dB,17.0us,"[0,",1,430.18,normal,0,valid,-14.9dB,-15.0dB,na,na,,,,
2025-07-30 21:14:28.798118,PHY,0x4601,1,0,na,"[0,",0,0,1,1127.3,+16.3dB,16.7us,"[0,",1,430.19,normal,0,valid,-14.9dB,-15.0dB,na,na,,,,
2025-07-30 21:14:28.802657,PHY,0x4601,1,0,na,"[0,",0,0,1,1154.6,+16.4dB,18.5us,"[0,",1,431.8,normal,0,valid,-14.9dB,-15.0dB,na,na,,,,
2025-07-30 21:14:28.803100,PHY,0x4601,1,0,na,"[0,",0,0,1,1222.1,+16.6dB,23.7us,"[0,",1,431.9,normal,0,valid,-15.0dB,-15.1dB,na,na,,,,
2025-07-30 21:14:28.807617,PHY,0x4601,1,0,na,"[0,",0,0,1,986.5,+15.6dB,16.8us,"[0,",1,431.18,normal,0,valid,-14.3dB,-14.4dB,na,na,,,,
2025-07-30 21:14:28.808191,PHY,0x4601,1,0,na,"[0,",0,0,1,1105.8,+16.2dB,14.9us,"[0,",1,431.19,normal,0,valid,-14.1dB,-14.2dB,na,na,,,,
2025-07-30 21:14:28.812233,CSI,0x4601,2,,na,"[0,",,,1,,+31.1dB,15.5us,"[0,",1,432.8,normal,0,valid,-11.1dB,-11.2dB,0.21us,-84.9Hz,,"[6,",1111,1
2025-07-30 21:14:28.813122,PHY,0x4601,1,0,na,"[0,",0,0,1,1441.7,+17.3dB,20.2us,"[0,",1,432.9,normal,0,valid,-14.1dB,-14.2dB,na,na,,,,
2025-07-30 21:14:28.817608,PHY,0x4601,1,0,na,"[0,",0,0,1,1209.6,+16.6dB,17.6us,"[0,",1,432.18,normal,0,valid,-14.1dB,-14.2dB,na,na,,,,
2025-07-30 21:14:28.818097,PHY,0x4601,1,0,na,"[0,",0,0,1,1166.9,+16.4dB,16.0us,"[0,",1,432.19,normal,0,valid,-14.1dB,-14.2dB,na,na,,,,
2025-07-30 21:14:28.822695,PHY,0x4601,1,0,na,"[0,",0,0,1,1166.9,+16.4dB,16.7us,"[0,",1,433.8,normal,0,valid,-14.2dB,-14.3dB,na,na,,,,
2025-07-30 21:14:28.823131,PHY,0x4601,1,0,na,"[0,",0,0,1,1152.2,+16.4dB,15.4us,"[0,",1,433.9,normal,0,valid,-14.2dB,-14.3dB,na,na,,,,
2025-07-30 21:14:28.827643,PHY,0x4601,1,0,na,"[0,",0,0,1,1196.4,+16.5dB,19.1us,"[0,",1,433.18,normal,0,valid,-14.1dB,-14.2dB,na,na,,,,
2025-07-30 21:14:28.828102,PHY,0x4601,1,0,na,"[0,",0,0,1,1198.8,+16.5dB,17.5us,"[0,",1,433.19,normal,0,valid,-14.1dB,-14.2dB,na,na,,,,
2025-07-30 21:14:28.832265,CSI,0x4601,2,,na,"[0,",,,1,,+31.4dB,18.3us,"[0,",1,434.8,normal,0,valid,-11.2dB,-11.3dB,0.22us,-36.9Hz,,"[6,",1111,1
2025-07-30 21:14:28.833074,PHY,0x4601,1,0,na,"[0,",0,0,1,1215.8,+16.6dB,20.9us,"[0,",1,434.9,normal,0,valid,-14.1dB,-14.2dB,na,na,,,,
2025-07-30 21:14:28.837706,PHY,0x4601,1,0,na,"[0,",0,0,1,1132.4,+16.3dB,16.5us,"[0,",1,434.18,normal,0,valid,-14.1dB,-14.2dB,na,na,,,,
2025-07-30 21:14:28.838142,PHY,0x4601,1,0,na,"[0,",0,0,1,1124.7,+16.2dB,14.8us,"[0,",1,434.19,normal,0,valid,-14.1dB,-14.2dB,na,na,,,,
2025-07-30 21:14:28.842619,PHY,0x4601,1,0,na,"[0,",0,0,1,1181.3,+16.5dB,16.2us,"[0,",1,435.8,normal,0,valid,-13.7dB,-13.8dB,na,na,,,,
2025-07-30 21:14:28.843087,PHY,0x4601,1,0,na,"[0,",0,0,1,1238.2,+16.7dB,15.0us,"[0,",1,435.9,normal,0,valid,-13.7dB,-13.8dB,na,na,,,,
2025-07-30 21:14:28.847584,PHY,0x4601,1,0,na,"[0,",0,0,1,1179.8,+16.4dB,18.7us,"[0,",1,435.18,normal,0,valid,-13.7dB,-13.8dB,na,na,,,,
2025-07-30 21:14:28.848205,PHY,0x4601,1,0,na,"[0,",0,0,1,1210.1,+16.6dB,16.5us,"[0,",1,435.19,normal,0,valid,-13.6dB,-13.7dB,na,na,,,,
2025-07-30 21:14:28.852192,CSI,0x4601,2,,na,"[0,",,,1,,+32.5dB,18.2us,"[0,",1,436.8,normal,0,valid,-10.7dB,-10.8dB,0.23us,-81.6Hz,,"[6,",1111,1
2025-07-30 21:14:28.853153,PHY,0x4601,1,0,na,"[0,",0,0,1,1242.1,+16.7dB,16.2us,"[0,",1,436.9,normal,0,valid,-13.7dB,-13.8dB,na,na,,,,
2025-07-30 21:14:28.857622,PHY,0x4601,1,0,na,"[0,",0,0,1,1189.9,+16.5dB,16.3us,"[0,",1,436.18,normal,0,valid,-13.7dB,-13.8dB,na,na,,,,
2025-07-30 21:14:28.858118,PHY,0x4601,1,0,na,"[0,",0,0,1,1135.9,+16.3dB,18.3us,"[0,",1,436.19,normal,0,valid,-13.7dB,-13.8dB,na,na,,,,
2025-07-30 21:14:28.862588,PHY,0x4601,1,0,na,"[0,",0,0,1,1162.0,+16.4dB,18.3us,"[0,",1,437.8,normal,0,valid,-13.6dB,-13.8dB,na,na,,,,
2025-07-30 21:14:28.863158,PHY,0x4601,1,0,na,"[0,",0,0,1,1127.1,+16.3dB,17.9us,"[0,",1,437.9,normal,0,valid,-13.7dB,-13.8dB,na,na,,,,
2025-07-30 21:14:28.867647,PHY,0x4601,1,0,na,"[0,",0,0,1,1182.3,+16.5dB,17.2us,"[0,",1,437.18,normal,0,valid,-13.7dB,-13.8dB,na,na,,,,
2025-07-30 21:14:28.868129,PHY,0x4601,1,0,na,"[0,",0,0,1,1123.0,+16.2dB,14.5us,"[0,",1,437.19,normal,0,valid,-13.7dB,-13.8dB,na,na,,,,
2025-07-30 21:14:28.872227,CSI,0x4601,2,,na,"[0,",,,1,,+32.9dB,12.4us,"[0,",1,438.8,normal,0,valid,-10.7dB,-10.7dB,0.24us,-46.3Hz,,"[6,",1111,1
2025-07-30 21:14:28.873088,PHY,0x4601,1,0,na,"[0,",0,0,1,1465.1,+17.4dB,17.3us,"[0,",1,438.9,normal,0,valid,-13.7dB,-13.7dB,na,na,,,,
2025-07-30 21:14:28.877606,PHY,0x4601,1,0,na,"[0,",0,0,1,1117.6,+16.2dB,16.2us,"[0,",1,438.18,normal,0,valid,-13.7dB,-13.8dB,na,na,,,,
2025-07-30 21:14:28.878153,PHY,0x4601,1,0,na,"[0,",0,0,1,1212.8,+16.6dB,14.9us,"[0,",1,438.19,normal,0,valid,-13.7dB,-13.8dB,na,na,,,,
2025-07-30 21:14:28.882641,PHY,0x4601,1,0,na,"[0,",0,0,1,1247.9,+16.7dB,16.4us,"[0,",1,439.8,normal,0,valid,-13.6dB,-13.8dB,na,na,,,,
2025-07-30 21:14:28.883136,PHY,0x4601,1,0,na,"[0,",0,0,1,1125.1,+16.3dB,15.6us,"[0,",1,439.9,normal,0,valid,-13.7dB,-13.8dB,na,na,,,,
2025-07-30 21:14:28.887613,PHY,0x4601,1,0,na,"[0,",0,0,1,1179.7,+16.4dB,16.1us,"[0,",1,439.18,normal,0,valid,-13.7dB,-13.8dB,na,na,,,,
2025-07-30 21:14:28.888082,PHY,0x4601,1,0,na,"[0,",0,0,1,1182.7,+16.4dB,15.2us,"[0,",1,439.19,normal,0,valid,-13.7dB,-13.8dB,na,na,,,,
2025-07-30 21:14:28.892215,CSI,0x4601,2,,na,"[0,",,,1,,+31.2dB,15.8us,"[0,",1,440.8,normal,0,valid,-10.7dB,-10.7dB,0.21us,+81.5Hz,,"[6,",1111,1
2025-07-30 21:14:28.893150,PHY,0x4601,1,0,na,"[0,",0,0,1,1168.0,+16.4dB,18.7us,"[0,",1,440.9,normal,0,valid,-13.6dB,-13.7dB,na,na,,,,
2025-07-30 21:14:28.897645,PHY,0x4601,1,0,na,"[0,",0,0,1,1163.0,+16.4dB,16.5us,"[0,",1,440.18,normal,0,valid,-13.7dB,-13.8dB,na,na,,,,
2025-07-30 21:14:28.898121,PHY,0x4601,1,0,na,"[0,",0,0,1,1184.0,+16.5dB,18.9us,"[0,",1,440.19,normal,0,valid,-13.7dB,-13.8dB,na,na,,,,
2025-07-30 21:14:28.902606,PHY,0x4601,1,0,na,"[0,",0,0,1,1229.8,+16.6dB,15.8us,"[0,",1,441.8,normal,0,valid,-13.7dB,-13.8dB,na,na,,,,
2025-07-30 21:14:28.903075,PHY,0x4601,1,0,na,"[0,",0,0,1,1172.0,+16.4dB,13.8us,"[0,",1,441.9,normal,0,valid,-13.7dB,-13.8dB,na,na,,,,
2025-07-30 21:14:28.906723,PHY,0x4601,2,,na,"[0,",,,11111,,+34.4dB,17.2us,"[0,",1,441.17,normal,0,valid,-10.7dB,-10.8dB,0.20us,-9.5Hz,,"[6,",,1
2025-07-30 21:14:28.907675,PHY,0x4601,1,0,na,"[0,",0,0,1,1208.9,+16.5dB,16.3us,"[0,",1,441.18,normal,0,valid,-13.7dB,-13.8dB,na,na,,,,
2025-07-30 21:14:28.908144,PHY,0x4601,1,0,na,"[0,",0,0,1,1225.5,+16.6dB,19.6us,"[0,",1,441.19,normal,0,valid,-13.6dB,-13.7dB,na,na,,,,
2025-07-30 21:14:28.911693,PHY,0x4601,2,,na,"[0,",,,11111,,+34.9dB,17.6us,"[0,",1,442.7,normal,0,valid,-9.8dB,-9.9dB,0.23us,-119.2Hz,1,"[6,",,1
2025-07-30 21:14:28.912158,CSI,0x4601,2,,na,"[0,",,,1,,+32.8dB,10.6us,"[0,",1,442.8,normal,0,valid,-10.6dB,-10.7dB,0.20us,+46.0Hz,,"[6,",1111,1
2025-07-30 21:14:28.913107,PHY,0x4601,1,0,na,"[0,",0,0,1,1450.8,+17.3dB,16.8us,"[0,",1,442.9,normal,0,valid,-13.6dB,-13.7dB,na,na,,,,
2025-07-30 21:14:28.916652,PHY,0x4601,2,,na,"[0,",,,11111,,+32.2dB,12.5us,"[0,",1,442.17,normal,0,valid,-10.7dB,-10.8dB,0.21us,+47.0Hz,,"[6,",,1
2025-07-30 21:14:28.917592,PHY,0x4601,1,0,na,"[0,",0,0,1,1116.2,+16.2dB,16.3us,"[0,",1,442.18,normal,0,valid,-13.6dB,-13.7dB,na,na,,,,
2025-07-30 21:14:28.918072,PHY,0x4601,1,0,na,"[0,",0,0,1,1195.0,+16.5dB,14.8us,"[0,",1,442.19,normal,0,valid,-13.6dB,-13.7dB,na,na,,,,
2025-07-30 21:14:28.922671,PHY,0x4601,1,0,na,"[0,",0,0,1,1177.0,+16.5dB,16.5us,"[0,",1,443.8,normal,0,valid,-13.6dB,-13.7dB,na,na,,,,
2025-07-30 21:14:28.923141,PHY,0x4601,1,0,na,"[0,",0,0,1,1158.7,+16.4dB,14.7us,"[0,",1,443.9,normal,0,valid,-13.7dB,-13.8dB,na,na,,,,
2025-07-30 21:14:28.926716,PHY,0x4601,2,,na,"[0,",,,11111,,+32.6dB,21.1us,"[0,",1,443.17,normal,0,valid,-10.6dB,-10.6dB,0.21us,+50.1Hz,,"[6,",,1
2025-07-30 21:14:28.927615,PHY,0x4601,1,0,na,"[0,",0,0,1,1447.1,+17.3dB,16.1us,"[0,",1,443.18,normal,0,valid,-13.6dB,-13.7dB,na,na,,,,
2025-07-30 21:14:28.928094,PHY,0x4601,1,0,na,"[0,",0,0,1,1574.7,+17.7dB,15.5us,"[0,",1,443.19,normal,0,valid,-13.6dB,-13.7dB,na,na,,,,
2025-07-30 21:14:28.932237,CSI,0x4601,2,,na,"[0,",,,1,,+30.9dB,14.0us,"[0,",1,444.8,normal,0,valid,-10.5dB,-10.5dB,0.22us,+68.2Hz,,"[6,",1111,1
2025-07-30 21:14:28.933166,PHY,0x4601,1,0,na,"[0,",0,0,1,1208.0,+16.6dB,15.7us,"[0,",1,444.9,normal,0,valid,-13.6dB,-13.7dB,na,na,,,,
2025-07-30 21:14:28.936720,PHY,0x4601,2,,na,"[0,",,,11111,,+31.6dB,14.1us,"[0,",1,444.17,normal,0,valid,-10.7dB,-10.7dB,0.20us,+22.7Hz,,"[6,",,1
2025-07-30 21:14:28.937664,PHY,0x4601,1,0,na,"[0,",0,0,1,1174.2,+16.4dB,16.4us,"[0,",1,444.18,normal,0,valid,-13.6dB,-13.7dB,na,na,,,,
2025-07-30 21:14:28.938130,PHY,0x4601,1,0,na,"[0,",0,0,1,1119.5,+16.2dB,14.2us,"[0,",1,444.19,normal,0,valid,-13.6dB,-13.7dB,na,na,,,,
2025-07-30 21:14:28.942623,PHY,0x4601,1,0,na,"[0,",0,0,1,1174.0,+16.5dB,16.7us,"[0,",1,445.8,normal,0,valid,-13.5dB,-13.6dB,na,na,,,,
2025-07-30 21:14:28.943099,PHY,0x4601,1,0,na,"[0,",0,0,1,1228.9,+16.6dB,22.5us,"[0,",1,445.9,normal,0,valid,-13.6dB,-13.7dB,na,na,,,,
2025-07-30 21:14:28.946748,PHY,0x4601,2,,na,"[0,",,,11111,,+31.6dB,16.6us,"[0,",1,445.17,normal,0,valid,-10.6dB,-10.7dB,0.22us,-14.5Hz,,"[6,",,1
2025-07-30 21:14:28.947583,PHY,0x4601,1,0,na,"[0,",0,0,1,1583.8,+17.7dB,21.9us,"[0,",1,445.18,normal,0,valid,-13.6dB,-13.7dB,na,na,,,,
2025-07-30 21:14:28.948162,PHY,0x4601,1,0,na,"[0,",0,0,1,1560.2,+17.7dB,15.8us,"[0,",1,445.19,normal,0,valid,-13.6dB,-13.7dB,na,na,,,,
2025-07-30 21:14:28.952190,CSI,0x4601,2,,na,"[0,",,,1,,+32.4dB,14.9us,"[0,",1,446.8,normal,0,valid,-10.5dB,-10.6dB,0.21us,-7.7Hz,,"[6,",1111,1
2025-07-30 21:14:28.953134,PHY,0x4601,1,0,na,"[0,",0,0,1,1168.0,+16.4dB,24.1us,"[0,",1,446.9,normal,0,valid,-13.6dB,-13.7dB,na,na,,,,
2025-07-30 21:14:28.956674,PHY,0x4601,2,,na,"[0,",,,11111,,+29.2dB,13.9us,"[0,",1,446.17,normal,0,valid,-10.6dB,-10.7dB,0.23us,+83.9Hz,,"[6,",,1
2025-07-30 21:14:28.957609,PHY,0x4601,1,0,na,"[0,",0,0,1,1617.7,+17.8dB,16.2us,"[0,",1,446.18,normal,0,valid,-13.7dB,-13.7dB,na,na,,,,
2025-07-30 21:14:28.958086,PHY,0x4601,1,0,na,"[0,",0,0,1,1611.7,+17.8dB,14.6us,"[0,",1,446.19,normal,0,valid,-13.6dB,-13.7dB,na,na,,,,
2025-07-30 21:14:28.962578,PHY,0x4601,1,0,na,"[0,",0,0,1,1173.8,+16.4dB,16.5us,"[0,",1,447.8,normal,0,valid,-13.6dB,-13.7dB,na,na,,,,
2025-07-30 21:14:28.963155,PHY,0x4601,1,0,na,"[0,",0,0,1,1166.3,+16.4dB,17.5us,"[0,",1,447.9,normal,0,valid,-13.7dB,-13.8dB,na,na,,,,
2025-07-30 21:14:28.966720,PHY,0x4601,2,,na,"[0,",,,11111,,+31.9dB,18.7us,"[0,",1,447.17,normal,0,valid,-10.6dB,-10.6dB,0.22us,-56.4Hz,,"[6,",,1
2025-07-30 21:14:28.967643,PHY,0x4601,1,0,na,"[0,",0,0,1,1578.6,+17.7dB,16.7us,"[0,",1,447.18,normal,0,valid,-13.6dB,-13.7dB,na,na,,,,
2025-07-30 21:14:28.968120,PHY,0x4601,1,0,na,"[0,",0,0,1,1502.3,+17.5dB,13.9us,"[0,",1,447.19,normal,0,valid,-13.6dB,-13.7dB,na,na,,,,
2025-07-30 21:14:28.972250,CSI,0x4601,2,,na,"[0,",,,1,,+32.3dB,14.3us,"[0,",1,448.8,normal,0,valid,-10.6dB,-10.7dB,0.22us,-26.9Hz,,"[6,",1111,1
2025-07-30 21:14:28.973074,PHY,0x4601,1,0,na,"[0,",0,0,1,1512.0,+17.6dB,19.1us,"[0,",1,448.9,normal,0,valid,-13.6dB,-13.7dB,na,na,,,,
2025-07-30 21:14:28.976762,PHY,0x4601,2,,na,"[0,",,,11111,,+30.5dB,16.8us,"[0,",1,448.17,normal,0,valid,-10.7dB,-10.7dB,0.20us,-31.8Hz,,"[6,",,1
2025-07-30 21:14:28.977567,PHY,0x4601,1,0,na,"[0,",0,0,1,1179.7,+16.5dB,23.7us,"[0,",1,448.18,normal,0,valid,-13.7dB,-13.8dB,na,na,,,,
2025-07-30 21:14:28.978139,PHY,0x4601,1,0,na,"[0,",0,0,1,1221.3,+16.6dB,14.4us,"[0,",1,448.19,normal,0,valid,-13.7dB,-13.7dB,na,na,,,,
2025-07-30 21:14:28.982634,PHY,0x4601,1,0,na,"[0,",0,0,1,1171.3,+16.4dB,17.1us,"[0,",1,449.8,normal,0,valid,-13.6dB,-13.7dB,na,na,,,,
2025-07-30 21:14:28.983106,PHY,0x4601,1,0,na,"[0,",0,0,1,1159.3,+16.4dB,14.6us,"[0,",1,449.9,normal,0,valid,-13.6dB,-13.7dB,na,na,,,,
2025-07-30 21:14:28.986653,PHY,0x4601,2,,na,"[0,",,,11111,,+35.0dB,15.9us,"[0,",1,449.17,normal,0,valid,-10.8dB,-10.8dB,0.21us,+44.9Hz,,"[6,",,1
2025-07-30 21:14:28.987596,PHY,0x4601,1,0,na,"[0,",0,0,1,1597.0,+17.8dB,22.5us,"[0,",1,449.18,normal,0,valid,-13.6dB,-13.7dB,na,na,,,,
2025-07-30 21:14:28.988067,PHY,0x4601,1,0,na,"[0,",0,0,1,1460.3,+17.4dB,14.8us,"[0,",1,449.19,normal,0,valid,-13.6dB,-13.7dB,na,na,,,,
2025-07-30 21:14:28.992203,CSI,0x4601,2,,na,"[0,",,,1,,+31.0dB,13.2us,"[0,",1,450.8,normal,0,valid,-10.6dB,-10.6dB,0.23us,-72.3Hz,,"[6,",1111,1
2025-07-30 21:14:28.993133,PHY,0x4601,1,0,na,"[0,",0,0,1,1543.4,+17.6dB,16.7us,"[0,",1,450.9,normal,0,valid,-13.6dB,-13.7dB,na,na,,,,
2025-07-30 21:14:28.996689,PHY,0x4601,2,,na,"[0,",,,11111,,+33.0dB,15.6us,"[0,",1,450.17,normal,0,valid,-10.7dB,-10.7dB,0.23us,+5.8Hz,,"[6,",,1
2025-07-30 21:14:28.997629,PHY,0x4601,1,0,na,"[0,",0,0,1,1485.9,+17.5dB,17.5us,"[0,",1,450.18,normal,0,valid,-13.6dB,-13.7dB,na,na,,,,
2025-07-30 21:14:28.998102,PHY,0x4601,1,0,na,"[0,",0,0,1,1447.0,+17.3dB,15.8us,"[0,",1,450.19,normal,0,valid,-13.6dB,-13.7dB,na,na,,,,
2025-07-30 21:14:29.002599,PHY,0x4601,1,0,na,"[0,",0,0,1,1192.8,+16.5dB,21.7us,"[0,",1,451.8,normal,0,valid,-13.7dB,-13.8dB,na,na,,,,
2025-07-30 21:14:29.003065,PHY,0x4601,1,0,na,"[0,",0,0,1,1105.0,+16.2dB,17.5us,"[0,",1,451.9,normal,0,valid,-13.6dB,-13.8dB,na,na,,,,
2025-07-30 21:14:29.006762,PHY,0x4601,2,,na,"[0,",,,11111,,+32.5dB,23.1us,"[0,",1,451.17,normal,0,valid,-10.6dB,-10.7dB,0.22us,-24.7Hz,,"[6,",,1
2025-07-30 21:14:29.007665,PHY,0x4601,1,0,na,"[0,",0,0,1,1149.4,+16.3dB,25.4us,"[0,",1,451.18,normal,0,valid,-13.6dB,-13.7dB,na,na,,,,
2025-07-30 21:14:29.008135,PHY,0x4601,1,0,na,"[0,",0,0,1,1132.1,+16.3dB,16.3us,"[0,",1,451.19,normal,0,valid,-13.6dB,-13.7dB,na,na,,,,
2025-07-30 21:14:29.012243,CSI,0x4601,2,,na,"[0,",,,1,,+33.5dB,15.3us,"[0,",1,452.8,normal,0,valid,-10.6dB,-10.6dB,0.21us,-94.0Hz,,"[6,",1111,1
2025-07-30 21:14:29.013095,PHY,0x4601,1,0,na,"[0,",0,0,1,1432.5,+17.3dB,17.8us,"[0,",1,452.9,normal,0,valid,-13.6dB,-13.7dB,na,na,,,,
2025-07-30 21:14:29.016635,PHY,0x4601,2,,na,"[0,",,,11111,,+32.8dB,15.0us,"[0,",1,452.17,normal,0,valid,-10.6dB,-10.7dB,0.22us,+68.7Hz,,"[6,",,1
2025-07-30 21:14:29.017579,PHY,0x4601,1,0,na,"[0,",0,0,1,1208.1,+16.6dB,16.8us,"[0,",1,452.18,normal,0,valid,-13.6dB,-13.7dB,na,na,,,,
2025-07-30 21:14:29.018161,PHY,0x4601,1,0,na,"[0,",0,0,1,1190.2,+16.5dB,15.8us,"[0,",1,452.19,normal,0,valid,-13.6dB,-13.7dB,na,na,,,,
2025-07-30 21:14:29.022694,PHY,0x4601,1,0,na,"[0,",0,0,1,1168.6,+16.4dB,18.4us,"[0,",1,453.8,normal,0,valid,-13.6dB,-13.7dB,na,na,,,,
2025-07-30 21:14:29.023120,PHY,0x4601,1,0,na,"[0,",0,0,1,1140.0,+16.3dB,15.0us,"[0,",1,453.9,normal,0,valid,-13.7dB,-13.8dB,na,na,,,,
2025-07-30 21:14:29.026669,PHY,0x4601,2,,na,"[0,",,,11111,,+35.0dB,16.8us,"[0,",1,453.17,normal,0,valid,-10.6dB,-10.6dB,0.21us,-11.8Hz,,"[6,",,1
2025-07-30 21:14:29.027611,PHY,0x4601,1,0,na,"[0,",0,0,1,1513.2,+17.5dB,17.4us,"[0,",1,453.18,normal,0,valid,-13.6dB,-13.7dB,na,na,,,,
2025-07-30 21:14:29.028086,PHY,0x4601,1,0,na,"[0,",0,0,1,1549.9,+17.6dB,17.3us,"[0,",1,453.19,normal,0,valid,-13.6dB,-13.7dB,na,na,,,,
2025-07-30 21:14:29.032243,CSI,0x4601,2,,na,"[0,",,,1,,+32.7dB,14.4us,"[0,",1,454.8,normal,0,valid,-10.6dB,-10.6dB,0.23us,-67.5Hz,,"[6,",1111,1
2025-07-30 21:14:29.033158,PHY,0x4601,1,0,na,"[0,",0,0,1,1484.4,+17.4dB,17.6us,"[0,",1,454.9,normal,0,valid,-13.6dB,-13.7dB,na,na,,,,
2025-07-30 21:14:29.036710,PHY,0x4601,2,,na,"[0,",,,11111,,+33.9dB,14.9us,"[0,",1,454.17,normal,0,valid,-10.7dB,-10.7dB,0.23us,+15.0Hz,,"[6,",,1
2025-07-30 21:14:29.037643,PHY,0x4601,1,0,na,"[0,",0,0,1,1559.0,+17.7dB,16.8us,"[0,",1,454.18,normal,0,valid,-13.6dB,-13.7dB,na,na,,,,
2025-07-30 21:14:29.038114,PHY,0x4601,1,0,na,"[0,",0,0,1,1585.1,+17.7dB,14.7us,"[0,",1,454.19,normal,0,valid,-13.6dB,-13.7dB,na,na,,,,
2025-07-30 21:14:29.042690,PHY,0x4601,1,0,na,"[0,",0,0,1,1113.9,+16.2dB,18.4us,"[0,",1,455.8,normal,0,valid,-13.6dB,-13.7dB,na,na,,,,
2025-07-30 21:14:29.043083,PHY,0x4601,1,0,na,"[0,",0,0,1,1185.6,+16.5dB,15.6us,"[0,",1,455.9,normal,0,valid,-13.6dB,-13.7dB,na,na,,,,
2025-07-30 21:14:29.046752,PHY,0x4601,2,,na,"[0,",,,11111,,+31.2dB,19.2us,"[0,",1,455.17,normal,0,valid,-10.7dB,-10.7dB,0.21us,-25.3Hz,,"[6,",,1
2025-07-30 21:14:29.047566,PHY,0x4601,1,0,na,"[0,",0,0,1,1183.4,+16.5dB,16.6us,"[0,",1,455.18,normal,0,valid,-13.6dB,-13.7dB,na,na,,,,
2025-07-30 21:14:29.048147,PHY,0x4601,1,0,na,"[0,",0,0,1,1169.9,+16.4dB,14.5us,"[0,",1,455.19,normal,0,valid,-13.6dB,-13.7dB,na,na,,,,
2025-07-30 21:14:29.052247,CSI,0x4601,2,,na,"[0,",,,1,,+35.0dB,12.3us,"[0,",1,456.8,normal,0,valid,-10.6dB,-10.6dB,0.23us,-2.5Hz,,"[6,",1111,1
2025-07-30 21:14:29.053118,PHY,0x4601,1,0,na,"[0,",0,0,1,1653.3,+17.9dB,16.4us,"[0,",1,456.9,normal,0,valid,-13.6dB,-13.7dB,na,na,,,,
2025-07-30 21:14:29.056660,PHY,0x4601,2,,na,"[0,",,,11111,,+31.8dB,15.2us,"[0,",1,456.17,normal,0,valid,-10.7dB,-10.8dB,0.21us,-9.9Hz,,"[6,",,1
2025-07-30 21:14:29.057600,PHY,0x4601,1,0,na,"[0,",0,0,1,1475.2,+17.4dB,15.9us,"[0,",1,456.18,normal,0,valid,-13.6dB,-13.7dB,na,na,,,,
2025-07-30 21:14:29.058075,PHY,0x4601,1,0,na,"[0,",0,0,1,1567.7,+17.7dB,15.9us,"[0,",1,456.19,normal,0,valid,-13.6dB,-13.7dB,na,na,,,,
2025-07-30 21:14:29.062573,PHY,0x4601,1,0,na,"[0,",0,0,1,1144.0,+16.3dB,19.4us,"[0,",1,457.8,normal,0,valid,-13.7dB,-13.7dB,na,na,,,,
2025-07-30 21:14:29.063144,PHY,0x4601,1,0,na,"[0,",0,0,1,1150.5,+16.3dB,15.5us,"[0,",1,457.9,normal,0,valid,-13.6dB,-13.7dB,na,na,,,,
2025-07-30 21:14:29.066732,PHY,0x4601,2,,na,"[0,",,,11111,,+31.1dB,15.0us,"[0,",1,457.17,normal,0,valid,-10.8dB,-10.8dB,0.22us,-52.3Hz,,"[6,",,1
2025-07-30 21:14:29.067631,PHY,0x4601,1,0,na,"[0,",0,0,1,1259.6,+16.7dB,15.7us,"[0,",1,457.18,normal,0,valid,-13.6dB,-13.7dB,na,na,,,,
2025-07-30 21:14:29.068103,PHY,0x4601,1,0,na,"[0,",0,0,1,1138.6,+16.3dB,14.8us,"[0,",1,457.19,normal,0,valid,-13.6dB,-13.7dB,na,na,,,,
2025-07-30 21:14:29.072243,CSI,0x4601,2,,na,"[0,",,,1,,+32.3dB,13.1us,"[0,",1,458.8,normal,0,valid,-10.6dB,-10.6dB,0.22us,-140.0Hz,,"[6,",1111,1
2025-07-30 21:14:29.073077,PHY,0x4601,1,0,na,"[0,",0,0,1,1579.4,+17.7dB,17.8us,"[0,",1,458.9,normal,0,valid,-13.6dB,-13.7dB,na,na,,,,
2025-07-30 21:14:29.076735,PHY,0x4601,2,,na,"[0,",,,11111,,+31.6dB,16.3us,"[0,",1,458.17,normal,0,valid,-10.7dB,-10.8dB,0.21us,+36.4Hz,,"[6,",,1
2025-07-30 21:14:29.077668,PHY,0x4601,1,0,na,"[0,",0,0,1,1130.6,+16.3dB,16.1us,"[0,",1,458.18,normal,0,valid,-13.6dB,-13.7dB,na,na,,,,
2025-07-30 21:14:29.078146,PHY,0x4601,1,0,na,"[0,",0,0,1,1190.4,+16.5dB,20.9us,"[0,",1,458.19,normal,0,valid,-13.6dB,-13.7dB,na,na,,,,
2025-07-30 21:14:29.082649,PHY,0x4601,1,0,na,"[0,",0,0,1,1190.4,+16.5dB,20.0us,"[0,",1,459.8,normal,0,valid,-13.6dB,-13.7dB,na,na,,,,
2025-07-30 21:14:29.083109,PHY,0x4601,1,0,na,"[0,",0,0,1,1150.2,+16.4dB,15.4us,"[0,",1,459.9,normal,0,valid,-13.6dB,-13.7dB,na,na,,,,
2025-07-30 21:14:29.086646,PHY,0x4601,2,,na,"[0,",,,11111,,+32.6dB,14.1us,"[0,",1,459.17,normal,0,valid,-10.7dB,-10.8dB,0.21us,-8.4Hz,,"[6,",,1
2025-07-30 21:14:29.087590,PHY,0x4601,1,0,na,"[0,",0,0,1,1496.3,+17.5dB,14.7us,"[0,",1,459.18,normal,0,valid,-13.6dB,-13.7dB,na,na,,,,
2025-07-30 21:14:29.088065,PHY,0x4601,1,0,na,"[0,",0,0,1,1556.6,+17.7dB,14.2us,"[0,",1,459.19,normal,0,valid,-13.6dB,-13.7dB,na,na,,,,
2025-07-30 21:14:29.092192,CSI,0x4601,2,,na,"[0,",,,1,,+34.6dB,11.4us,"[0,",1,460.8,normal,0,valid,-10.6dB,-10.6dB,0.22us,-133.2Hz,,"[6,",1111,1
2025-07-30 21:14:29.093142,PHY,0x4601,1,0,na,"[0,",0,0,1,1133.4,+16.3dB,15.8us,"[0,",1,460.9,normal,0,valid,-13.6dB,-13.7dB,na,na,,,,
2025-07-30 21:14:29.096679,PHY,0x4601,2,,na,"[0,",,,11111,,+33.8dB,15.2us,"[0,",1,460.17,normal,0,valid,-10.7dB,-10.7dB,0.21us,+10.1Hz,,"[6,",,1
2025-07-30 21:14:29.097634,PHY,0x4601,1,0,na,"[0,",0,0,1,1074.9,+16.0dB,19.5us,"[0,",1,460.18,normal,0,valid,-13.7dB,-13.8dB,na,na,,,,
2025-07-30 21:14:29.098095,PHY,0x4601,1,0,na,"[0,",0,0,1,1087.5,+16.1dB,14.2us,"[0,",1,460.19,normal,0,valid,-13.6dB,-13.7dB,na,na,,,,
2025-07-30 21:14:29.102602,PHY,0x4601,1,0,na,"[0,",0,0,1,1140.0,+16.3dB,23.2us,"[0,",1,461.8,normal,0,valid,-13.6dB,-13.7dB,na,na,,,,
2025-07-30 21:14:29.103177,PHY,0x4601,1,0,na,"[0,",0,0,1,1232.9,+16.6dB,23.3us,"[0,",1,461.9,normal,0,valid,-13.6dB,-13.8dB,na,na,,,,
2025-07-30 21:14:29.106722,PHY,0x4601,2,,na,"[0,",,,11111,,+30.6dB,15.1us,"[0,",1,461.17,normal,0,valid,-10.7dB,-10.8dB,0.22us,-3.1Hz,,"[6,",,1
2025-07-30 21:14:29.107654,PHY,0x4601,1,0,na,"[0,",0,0,1,1525.3,+17.6dB,16.4us,"[0,",1,461.18,normal,0,valid,-13.6dB,-13.7dB,na,na,,,,
2025-07-30 21:14:29.108130,PHY,0x4601,1,0,na,"[0,",0,0,1,1556.7,+17.7dB,16.3us,"[0,",1,461.19,normal,0,valid,-13.6dB,-13.7dB,na,na,,,,
2025-07-30 21:14:29.112213,CSI,0x4601,2,,na,"[0,",,,1,,+32.9dB,11.1us,"[0,",1,462.8,normal,0,valid,-10.7dB,-10.7dB,0.21us,-23.5Hz,,"[6,",1111,1
2025-07-30 21:14:29.113101,PHY,0x4601,1,0,na,"[0,",0,0,1,1076.0,+16.1dB,18.1us,"[0,",1,462.9,normal,0,valid,-13.6dB,-13.7dB,na,na,,,,
2025-07-30 21:14:29.116784,PHY,0x4601,2,,na,"[0,",,,11111,,+33.2dB,13.8us,"[0,",1,462.17,normal,0,valid,-10.6dB,-10.6dB,0.21us,-23.3Hz,,"[6,",,1
2025-07-30 21:14:29.117584,PHY,0x4601,1,0,na,"[0,",0,0,1,1454.9,+17.4dB,17.5us,"[0,",1,462.18,normal,0,valid,-13.7dB,-13.7dB,na,na,,,,
2025-07-30 21:14:29.118158,PHY,0x4601,1,0,na,"[0,",0,0,1,1642.7,+17.9dB,13.9us,"[0,",1,462.19,normal,0,valid,-13.6dB,-13.7dB,na,na,,,,
2025-07-30 21:14:29.122652,PHY,0x4601,1,0,na,"[0,",0,0,1,1183.3,+16.5dB,18.2us,"[0,",1,463.8,normal,0,valid,-13.6dB,-13.7dB,na,na,,,,
2025-07-30 21:14:29.123135,PHY,0x4601,1,0,na,"[0,",0,0,1,1149.4,+16.4dB,14.3us,"[0,",1,463.9,normal,0,valid,-13.6dB,-13.7dB,na,na,,,,
2025-07-30 21:14:29.126675,PHY,0x4601,2,,na,"[0,",,,11111,,+29.9dB,19.0us,"[0,",1,463.17,normal,0,valid,-10.7dB,-10.7dB,0.22us,-61.9Hz,,"[6,",,1
2025-07-30 21:14:29.127609,PHY,0x4601,1,0,na,"[0,",0,0,1,1615.4,+17.8dB,15.9us,"[0,",1,463.18,normal,0,valid,-13.6dB,-13.7dB,na,na,,,,
2025-07-30 21:14:29.128084,PHY,0x4601,1,0,na,"[0,",0,0,1,1467.5,+17.4dB,14.2us,"[0,",1,463.19,normal,0,valid,-13.6dB,-13.7dB,na,na,,,,
2025-07-30 21:14:29.132228,CSI,0x4601,2,,na,"[0,",,,1,,+36.2dB,15.8us,"[0,",1,464.8,normal,0,valid,-10.6dB,-10.7dB,0.21us,-46.1Hz,,"[6,",1111,1
2025-07-30 21:14:29.133155,PHY,0x4601,1,0,na,"[0,",0,0,1,1133.5,+16.3dB,15.8us,"[0,",1,464.9,normal,0,valid,-13.7dB,-13.8dB,na,na,,,,
2025-07-30 21:14:29.136737,PHY,0x4601,2,,na,"[0,",,,11111,,+35.8dB,14.7us,"[0,",1,464.17,normal,0,valid,-10.7dB,-10.7dB,0.21us,+21.7Hz,,"[6,",,1
2025-07-30 21:14:29.137640,PHY,0x4601,1,0,na,"[0,",0,0,1,1542.0,+17.6dB,16.2us,"[0,",1,464.18,normal,0,valid,-13.6dB,-13.7dB,na,na,,,,
2025-07-30 21:14:29.138121,PHY,0x4601,1,0,na,"[0,",0,0,1,1476.2,+17.4dB,21.5us,"[0,",1,464.19,normal,0,valid,-13.6dB,-13.7dB,na,na,,,,
2025-07-30 21:14:29.142612,PHY,0x4601,1,0,na,"[0,",0,0,1,1196.7,+16.5dB,16.0us,"[0,",1,465.8,normal,0,valid,-13.6dB,-13.7dB,na,na,,,,
2025-07-30 21:14:29.143087,PHY,0x4601,1,0,na,"[0,",0,0,1,1112.7,+16.2dB,14.7us,"[0,",1,465.9,normal,0,valid,-13.6dB,-13.7dB,na,na,,,,
2025-07-30 21:14:29.146729,PHY,0x4601,2,,na,"[0,",,,11111,,+28.3dB,14.8us,"[0,",1,465.17,normal,0,valid,-10.6dB,-10.7dB,0.21us,+19.0Hz,,"[6,",,1
2025-07-30 21:14:29.147567,PHY,0x4601,1,0,na,"[0,",0,0,1,1434.6,+17.3dB,16.0us,"[0,",1,465.18,normal,0,valid,-13.6dB,-13.7dB,na,na,,,,
2025-07-30 21:14:29.148144,PHY,0x4601,1,0,na,"[0,",0,0,1,1565.2,+17.7dB,13.6us,"[0,",1,465.19,normal,0,valid,-13.6dB,-13.7dB,na,na,,,,
2025-07-30 21:14:29.152237,CSI,0x4601,2,,na,"[0,",,,1,,+29.9dB,11.0us,"[0,",1,466.8,normal,0,valid,-10.5dB,-10.6dB,0.21us,+43.6Hz,,"[6,",1111,1
2025-07-30 21:14:29.153111,PHY,0x4601,1,0,na,"[0,",0,0,1,1556.5,+17.7dB,18.2us,"[0,",1,466.9,normal,0,valid,-13.6dB,-13.7dB,na,na,,,,
2025-07-30 21:14:29.156654,PHY,0x4601,2,,na,"[0,",,,11111,,+33.8dB,13.8us,"[0,",1,466.17,normal,0,valid,-10.6dB,-10.7dB,0.21us,-23.4Hz,,"[6,",,1
2025-07-30 21:14:29.157592,PHY,0x4601,1,0,na,"[0,",0,0,1,1550.6,+17.7dB,15.4us,"[0,",1,466.18,normal,0,valid,-13.6dB,-13.7dB,na,na,,,,
2025-07-30 21:14:29.158074,PHY,0x4601,1,0,na,"[0,",0,0,1,1599.6,+17.8dB,14.1us,"[0,",1,466.19,normal,0,valid,-13.6dB,-13.7dB,na,na,,,,
2025-07-30 21:14:29.162674,PHY,0x4601,1,0,na,"[0,",0,0,1,1166.8,+16.4dB,15.9us,"[0,",1,467.8,normal,0,valid,-13.6dB,-13.7dB,na,na,,,,
2025-07-30 21:14:29.163139,PHY,0x4601,1,0,na,"[0,",0,0,1,1062.0,+16.0dB,14.1us,"[0,",1,467.9,normal,0,valid,-13.6dB,-13.8dB,na,na,,,,
2025-07-30 21:14:29.166693,PHY,0x4601,2,,na,"[0,",,,11111,,+30.2dB,23.8us,"[0,",1,467.17,normal,0,valid,-10.6dB,-10.6dB,0.21us,-8.0Hz,,"[6,",,1
2025-07-30 21:14:29.167629,PHY,0x4601,1,0,na,"[0,",0,0,1,1588.7,+17.8dB,15.5us,"[0,",1,467.18,normal,0,valid,-13.6dB,-13.7dB,na,na,,,,
2025-07-30 21:14:29.168106,PHY,0x4601,1,0,na,"[0,",0,0,1,1432.6,+17.3dB,13.9us,"[0,",1,467.19,normal,0,valid,-13.7dB,-13.7dB,na,na,,,,
2025-07-30 21:14:29.172234,CSI,0x4601,2,,na,"[0,",,,1,,+30.4dB,14.8us,"[0,",1,468.8,normal,0,valid,-10.7dB,-10.7dB,0.23us,-60.4Hz,,"[6,",1111,1
2025-07-30 21:14:29.173066,PHY,0x4601,1,0,na,"[0,",0,0,1,1484.6,+17.5dB,15.9us,"[0,",1,468.9,normal,0,valid,-13.6dB,-13.7dB,na,na,,,,
2025-07-30 21:14:29.176726,PHY,0x4601,2,,na,"[0,",,,11111,,+33.8dB,17.5us,"[0,",1,468.17,normal,0,valid,-10.7dB,-10.7dB,0.20us,+42.9Hz,,"[6,",,1
2025-07-30 21:14:29.177662,PHY,0x4601,1,0,na,"[0,",0,0,1,1581.0,+17.7dB,15.9us,"[0,",1,468.18,normal,0,valid,-13.6dB,-13.7dB,na,na,,,,
2025-07-30 21:14:29.178134,PHY,0x4601,1,0,na,"[0,",0,0,1,1724.5,+18.1dB,13.8us,"[0,",1,468.19,normal,0,valid,-13.6dB,-13.7dB,na,na,,,,
2025-07-30 21:14:29.182629,PHY,0x4601,1,0,na,"[0,",0,0,1,1138.3,+16.3dB,18.3us,"[0,",1,469.8,normal,0,valid,-13.6dB,-13.7dB,na,na,,,,
2025-07-30 21:14:29.183092,PHY,0x4601,1,0,na,"[0,",0,0,1,1139.9,+16.3dB,15.0us,"[0,",1,469.9,normal,0,valid,-13.6dB,-13.7dB,na,na,,,,
2025-07-30 21:14:29.186637,PHY,0x4601,2,,na,"[0,",,,11111,,+32.2dB,14.5us,"[0,",1,469.17,normal,0,valid,-10.6dB,-10.7dB,0.20us,+68.6Hz,,"[6,",,1
2025-07-30 21:14:29.187585,PHY,0x4601,1,0,na,"[0,",0,0,1,1477.0,+17.4dB,15.9us,"[0,",1,469.18,normal,0,valid,-13.6dB,-13.7dB,na,na,,,,
2025-07-30 21:14:29.188166,PHY,0x4601,1,0,na,"[0,",0,0,1,1586.2,+17.7dB,14.4us,"[0,",1,469.19,normal,0,valid,-13.6dB,-13.7dB,na,na,,,,
2025-07-30 21:14:29.192198,CSI,0x4601,2,,na,"[0,",,,1,,+33.6dB,14.0us,"[0,",1,470.8,normal,0,valid,-10.6dB,-10.7dB,0.20us,-28.1Hz,,"[6,",1111,1
2025-07-30 21:14:29.193133,PHY,0x4601,1,0,na,"[0,",0,0,1,1074.4,+16.0dB,16.4us,"[0,",1,470.9,normal,0,valid,-13.6dB,-13.8dB,na,na,,,,
2025-07-30 21:14:29.196673,PHY,0x4601,2,,na,"[0,",,,11111,,+31.1dB,14.9us,"[0,",1,470.17,normal,0,valid,-10.7dB,-10.7dB,0.21us,+146.7Hz,,"[6,",,1
2025-07-30 21:14:29.197621,PHY,0x4601,1,0,na,"[0,",0,0,1,1139.0,+16.3dB,20.3us,"[0,",1,470.18,normal,0,valid,-13.6dB,-13.7dB,na,na,,,,
2025-07-30 21:14:29.198095,PHY,0x4601,1,0,na,"[0,",0,0,1,1100.7,+16.1dB,15.6us,"[0,",1,470.19,normal,0,valid,-13.6dB,-13.7dB,na,na,,,,
2025-07-30 21:14:29.202592,PHY,0x4601,1,0,na,"[0,",0,0,1,1123.9,+16.2dB,16.9us,"[0,",1,471.8,normal,0,valid,-13.6dB,-13.7dB,na,na,,,,
2025-07-30 21:14:29.203161,PHY,0x4601,1,0,na,"[0,",0,0,1,1112.6,+16.2dB,14.5us,"[0,",1,471.9,normal,0,valid,-13.6dB,-13.7dB,na,na,,,,
2025-07-30 21:14:29.206716,PHY,0x4601,2,,na,"[0,",,,11111,,+32.4dB,15.0us,"[0,",1,471.17,normal,0,valid,-10.6dB,-10.7dB,0.20us,+93.0Hz,,"[6,",,1
2025-07-30 21:14:29.207646,PHY,0x4601,1,0,na,"[0,",0,0,1,1481.8,+17.4dB,15.7us,"[0,",1,471.18,normal,0,valid,-13.6dB,-13.7dB,na,na,,,,
2025-07-30 21:14:29.208121,PHY,0x4601,1,0,na,"[0,",0,0,1,1505.1,+17.5dB,14.0us,"[0,",1,471.19,normal,0,valid,-13.6dB,-13.7dB,na,na,,,,
2025-07-30 21:14:29.212213,CSI,0x4601,2,,na,"[0,",,,1,,+30.2dB,13.6us,"[0,",1,472.8,normal,0,valid,-10.7dB,-10.7dB,0.23us,-21.7Hz,,"[6,",1111,1
2025-07-30 21:14:29.213087,PHY,0x4601,1,0,na,"[0,",0,0,1,1182.8,+16.5dB,15.9us,"[0,",1,472.9,normal,0,valid,-13.7dB,-13.8dB,na,na,,,,
2025-07-30 21:14:29.216743,PHY,0x4601,2,,na,"[0,",,,11111,,+34.8dB,17.7us,"[0,",1,472.17,normal,0,valid,-10.7dB,-10.8dB,0.21us,-88.9Hz,,"[6,",,1
2025-07-30 21:14:29.217575,PHY,0x4601,1,0,na,"[0,",0,0,1,1498.3,+17.5dB,16.2us,"[0,",1,472.18,normal,0,valid,-13.6dB,-13.7dB,na,na,,,,
2025-07-30 21:14:29.218153,PHY,0x4601,1,0,na,"[0,",0,0,1,1625.7,+17.9dB,15.7us,"[0,",1,472.19,normal,0,valid,-13.6dB,-13.7dB,na,na,,,,
2025-07-30 21:14:29.222644,PHY,0x4601,1,0,na,"[0,",0,0,1,1142.5,+16.3dB,17.8us,"[0,",1,473.8,normal,0,valid,-13.6dB,-13.7dB,na,na,,,,
2025-07-30 21:14:29.223112,PHY,0x4601,1,0,na,"[0,",0,0,1,1234.4,+16.7dB,13.7us,"[0,",1,473.9,normal,0,valid,-13.6dB,-13.7dB,na,na,,,,
2025-07-30 21:14:29.226668,PHY,0x4601,2,,na,"[0,",,,11111,,+31.7dB,14.9us,"[0,",1,473.17,normal,0,valid,-10.8dB,-10.8dB,0.20us,-57.7Hz,,"[6,",,1
2025-07-30 21:14:29.227605,PHY,0x4601,1,0,na,"[0,",0,0,1,1112.7,+16.2dB,15.3us,"[0,",1,473.18,normal,0,valid,-13.6dB,-13.8dB,na,na,,,,
2025-07-30 21:14:29.228078,PHY,0x4601,1,0,na,"[0,",0,0,1,1171.4,+16.4dB,15.0us,"[0,",1,473.19,normal,0,valid,-13.6dB,-13.7dB,na,na,,,,
2025-07-30 21:14:29.232221,CSI,0x4601,2,,na,"[0,",,,1,,+31.4dB,18.5us,"[0,",1,474.8,normal,0,valid,-10.6dB,-10.7dB,0.21us,+39.1Hz,,"[6,",1111,1
2025-07-30 21:14:29.233158,PHY,0x4601,1,0,na,"[0,",0,0,1,1132.3,+16.3dB,16.2us,"[0,",1,474.9,normal,0,valid,-13.6dB,-13.7dB,na,na,,,,
2025-07-30 21:14:29.236713,PHY,0x4601,2,,na,"[0,",,,11111,,+34.1dB,23.5us,"[0,",1,474.17,normal,0,valid,-10.7dB,-10.7dB,0.20us,-3.6Hz,,"[6,",,1
2025-07-30 21:14:29.237639,PHY,0x4601,1,0,na,"[0,",0,0,1,1414.2,+17.2dB,18.4us,"[0,",1,474.18,normal,0,valid,-13.6dB,-13.7dB,na,na,,,,
2025-07-30 21:14:29.238110,PHY,0x4601,1,0,na,"[0,",0,0,1,1526.7,+17.6dB,15.6us,"[0,",1,474.19,normal,0,valid,-13.6dB,-13.7dB,na,na,,,,
2025-07-30 21:14:29.242607,PHY,0x4601,1,0,na,"[0,",0,0,1,1118.1,+16.2dB,16.3us,"[0,",1,475.8,normal,0,valid,-13.6dB,-13.7dB,na,na,,,,
2025-07-30 21:14:29.243087,PHY,0x4601,1,0,na,"[0,",0,0,1,1133.7,+16.3dB,24.5us,"[0,",1,475.9,normal,0,valid,-13.6dB,-13.8dB,na,na,,,,
2025-07-30 21:14:29.246741,PHY,0x4601,2,,na,"[0,",,,11111,,+28.9dB,23.6us,"[0,",1,475.17,normal,0,valid,-10.6dB,-10.7dB,0.20us,+59.9Hz,,"[6,",,1
2025-07-30 21:14:29.247671,PHY,0x4601,1,0,na,"[0,",0,0,1,1108.3,+16.2dB,21.1us,"[0,",1,475.18,normal,0,valid,-13.6dB,-13.7dB,na,na,,,,
2025-07-30 21:14:29.248140,PHY,0x4601,1,0,na,"[0,",0,0,1,1050.1,+15.9dB,14.5us,"[0,",1,475.19,normal,0,valid,-13.6dB,-13.7dB,na,na,,,,
2025-07-30 21:14:29.252231,CSI,0x4601,2,,na,"[0,",,,1,,+33.5dB,11.6us,"[0,",1,476.8,normal,0,valid,-10.5dB,-10.6dB,0.19us,-117.9Hz,,"[6,",1111,1
2025-07-30 21:14:29.253140,PHY,0x4601,1,0,na,"[0,",0,0,1,1445.8,+17.3dB,16.3us,"[0,",1,476.9,normal,0,valid,-13.6dB,-13.7dB,na,na,,,,
2025-07-30 21:14:29.256645,PHY,0x4601,2,,na,"[0,",,,11111,,+31.8dB,15.2us,"[0,",1,476.17,normal,0,valid,-10.7dB,-10.7dB,0.22us,-66.9Hz,,"[6,",,1
2025-07-30 21:14:29.257594,PHY,0x4601,1,0,na,"[0,",0,0,1,1128.5,+16.3dB,17.5us,"[0,",1,476.18,normal,0,valid,-13.6dB,-13.7dB,na,na,,,,
2025-07-30 21:14:29.258066,PHY,0x4601,1,0,na,"[0,",0,0,1,1105.4,+16.2dB,14.8us,"[0,",1,476.19,normal,0,valid,-13.6dB,-13.8dB,na,na,,,,
2025-07-30 21:14:29.262666,PHY,0x4601,1,0,na,"[0,",0,0,1,1105.0,+16.2dB,16.1us,"[0,",1,477.8,normal,0,valid,-13.6dB,-13.7dB,na,na,,,,
2025-07-30 21:14:29.263136,PHY,0x4601,1,0,na,"[0,",0,0,1,1141.0,+16.3dB,15.4us,"[0,",1,477.9,normal,0,valid,-13.6dB,-13.7dB,na,na,,,,
2025-07-30 21:14:29.266678,PHY,0x4601,2,,na,"[0,",,,11111,,+35.1dB,14.8us,"[0,",1,477.17,normal,0,valid,-10.7dB,-10.8dB,0.23us,-17.9Hz,,"[6,",,1
2025-07-30 21:14:29.267622,PHY,0x4601,1,0,na,"[0,",0,0,1,1145.6,+16.3dB,16.0us,"[0,",1,477.18,normal,0,valid,-13.7dB,-13.8dB,na,na,,,,
2025-07-30 21:14:29.268094,PHY,0x4601,1,0,na,"[0,",0,0,1,1103.4,+16.2dB,16.0us,"[0,",1,477.19,normal,0,valid,-13.6dB,-13.7dB,na,na,,,,
2025-07-30 21:14:29.272243,CSI,0x4601,2,,na,"[0,",,,1,,+30.8dB,15.2us,"[0,",1,478.8,normal,0,valid,-10.6dB,-10.7dB,0.22us,+29.7Hz,,"[6,",1111,1
2025-07-30 21:14:29.273180,PHY,0x4601,1,0,na,"[0,",0,0,1,1137.7,+16.3dB,16.9us,"[0,",1,478.9,normal,0,valid,-13.6dB,-13.7dB,na,na,,,,
2025-07-30 21:14:29.276717,PHY,0x4601,2,,na,"[0,",,,11111,,+29.1dB,17.0us,"[0,",1,478.17,normal,0,valid,-10.8dB,-10.8dB,0.22us,+74.0Hz,,"[6,",,1
2025-07-30 21:14:29.277657,PHY,0x4601,1,0,na,"[0,",0,0,1,1125.5,+16.2dB,17.8us,"[0,",1,478.18,normal,0,valid,-13.6dB,-13.8dB,na,na,,,,
2025-07-30 21:14:29.278129,PHY,0x4601,1,0,na,"[0,",0,0,1,1145.2,+16.3dB,14.2us,"[0,",1,478.19,normal,0,valid,-13.6dB,-13.7dB,na,na,,,,
2025-07-30 21:14:29.282616,PHY,0x4601,1,0,na,"[0,",0,0,1,1106.1,+16.2dB,16.8us,"[0,",1,479.8,normal,0,valid,-13.7dB,-13.8dB,na,na,,,,
2025-07-30 21:14:29.283093,PHY,0x4601,1,0,na,"[0,",0,0,1,1098.2,+16.1dB,20.3us,"[0,",1,479.9,normal,0,valid,-13.6dB,-13.7dB,na,na,,,,
2025-07-30 21:14:29.286778,PHY,0x4601,2,,na,"[0,",,,11111,,+31.5dB,16.7us,"[0,",1,479.17,normal,0,valid,-10.6dB,-10.7dB,0.22us,-32.5Hz,,"[6,",,1
2025-07-30 21:14:29.287578,PHY,0x4601,1,0,na,"[0,",0,0,1,1121.6,+16.2dB,17.1us,"[0,",1,479.18,normal,0,valid,-13.7dB,-13.8dB,na,na,,,,
2025-07-30 21:14:29.288172,PHY,0x4601,1,0,na,"[0,",0,0,1,1114.9,+16.2dB,20.1us,"[0,",1,479.19,normal,0,valid,-13.7dB,-13.8dB,na,na,,,,
2025-07-30 21:14:29.292204,CSI,0x4601,2,,na,"[0,",,,1,,+31.5dB,16.8us,"[0,",1,480.8,normal,0,valid,-10.6dB,-10.7dB,0.23us,+16.1Hz,,"[6,",1111,1
2025-07-30 21:14:29.293137,PHY,0x4601,1,0,na,"[0,",0,0,1,1537.7,+17.6dB,18.2us,"[0,",1,480.9,normal,0,valid,-13.7dB,-13.7dB,na,na,,,,
2025-07-30 21:14:29.296682,PHY,0x4601,2,,na,"[0,",,,11111,,+32.0dB,23.0us,"[0,",1,480.17,normal,0,valid,-10.7dB,-10.7dB,0.22us,+116.2Hz,,"[6,",,1
2025-07-30 21:14:29.297612,PHY,0x4601,1,0,na,"[0,",0,0,1,1488.9,+17.5dB,18.4us,"[0,",1,480.18,normal,0,valid,-13.6dB,-13.7dB,na,na,,,,
2025-07-30 21:14:29.298090,PHY,0x4601,1,0,na,"[0,",0,0,1,1584.5,+17.7dB,18.9us,"[0,",1,480.19,normal,0,valid,-13.7dB,-13.7dB,na,na,,,,
2025-07-30 21:14:29.302587,PHY,0x4601,1,0,na,"[0,",0,0,1,1116.7,+16.2dB,24.0us,"[0,",1,481.8,normal,0,valid,-13.6dB,-13.7dB,na,na,,,,
2025-07-30 21:14:29.303166,PHY,0x4601,1,0,na,"[0,",0,0,1,1132.9,+16.3dB,20.7us,"[0,",1,481.9,normal,0,valid,-13.6dB,-13.7dB,na,na,,,,
2025-07-30 21:14:29.306715,PHY,0x4601,2,,na,"[0,",,,11111,,+30.2dB,23.7us,"[0,",1,481.17,normal,0,valid,-10.7dB,-10.7dB,0.21us,+24.0Hz,,"[6,",,1
2025-07-30 21:14:29.307649,PHY,0x4601,1,0,na,"[0,",0,0,1,1172.7,+16.4dB,17.9us,"[0,",1,481.18,normal,0,valid,-13.6dB,-13.7dB,na,na,,,,
2025-07-30 21:14:29.308132,PHY,0x4601,1,0,na,"[0,",0,0,1,1117.4,+16.2dB,28.4us,"[0,",1,481.19,normal,0,valid,-13.7dB,-13.8dB,na,na,,,,
2025-07-30 21:14:29.312262,CSI,0x4601,2,,na,"[0,",,,1,,+33.0dB,18.6us,"[0,",1,482.8,normal,0,valid,-10.7dB,-10.7dB,0.22us,+52.7Hz,,"[6,",1111,1
2025-07-30 21:14:29.313093,PHY,0x4601,1,0,na,"[0,",0,0,1,1387.3,+17.2dB,18.6us,"[0,",1,482.9,normal,0,valid,-13.6dB,-13.7dB,na,na,,,,
2025-07-30 21:14:29.316771,PHY,0x4601,2,,na,"[0,",,,11111,,+33.2dB,22.6us,"[0,",1,482.17,normal,0,valid,-10.7dB,-10.7dB,0.22us,+31.8Hz,,"[6,",,1
2025-07-30 21:14:29.317576,PHY,0x4601,1,0,na,"[0,",0,0,1,1113.0,+16.2dB,18.5us,"[0,",1,482.18,normal,0,valid,-13.7dB,-13.8dB,na,na,,,,
2025-07-30 21:14:29.318158,PHY,0x4601,1,0,na,"[0,",0,0,1,1088.7,+16.1dB,16.2us,"[0,",1,482.19,normal,0,valid,-13.6dB,-13.7dB,na,na,,,,
2025-07-30 21:14:29.322690,PHY,0x4601,1,0,na,"[0,",0,0,1,1058.1,+16.0dB,20.5us,"[0,",1,483.8,normal,0,valid,-14.0dB,-14.1dB,na,na,,,,
2025-07-30 21:14:29.323111,PHY,0x4601,1,0,na,"[0,",0,0,1,1110.1,+16.2dB,16.9us,"[0,",1,483.9,normal,0,valid,-14.0dB,-14.1dB,na,na,,,,
2025-07-30 21:14:29.326674,PHY,0x4601,2,,na,"[0,",,,11111,,+34.4dB,23.3us,"[0,",1,483.17,normal,0,valid,-11.0dB,-11.1dB,0.23us,+28.9Hz,,"[6,",,1
2025-07-30 21:14:29.327605,PHY,0x4601,1,0,na,"[0,",0,0,1,1172.3,+16.4dB,19.0us,"[0,",1,483.18,normal,0,valid,-14.1dB,-14.2dB,na,na,,,,
2025-07-30 21:14:29.328077,PHY,0x4601,1,0,na,"[0,",0,0,1,1113.4,+16.2dB,16.5us,"[0,",1,483.19,normal,0,valid,-14.0dB,-14.1dB,na,na,,,,
2025-07-30 21:14:29.332220,CSI,0x4601,2,,na,"[0,",,,1,,+30.6dB,16.8us,"[0,",1,484.8,normal,0,valid,-11.0dB,-11.1dB,0.21us,-108.9Hz,,"[6,",1111,1
2025-07-30 21:14:29.333149,PHY,0x4601,1,0,na,"[0,",0,0,1,1094.0,+16.1dB,17.8us,"[0,",1,484.9,normal,0,valid,-14.0dB,-14.2dB,na,na,,,,
2025-07-30 21:14:29.336708,PHY,0x4601,2,,na,"[0,",,,11111,,+32.7dB,23.3us,"[0,",1,484.17,normal,0,valid,-11.0dB,-11.1dB,0.23us,-79.3Hz,,"[6,",,1
2025-07-30 21:14:29.337636,PHY,0x4601,1,0,na,"[0,",0,0,1,1475.3,+17.4dB,18.8us,"[0,",1,484.18,normal,0,valid,-14.0dB,-14.1dB,na,na,,,,
2025-07-30 21:14:29.338118,PHY,0x4601,1,0,na,"[0,",0,0,1,1446.2,+17.4dB,16.1us,"[0,",1,484.19,normal,0,valid,-14.0dB,-14.1dB,na,na,,,,
2025-07-30 21:14:29.342615,PHY,0x4601,1,0,na,"[0,",0,0,1,1081.3,+16.1dB,26.6us,"[0,",1,485.8,normal,0,valid,-14.0dB,-14.2dB,na,na,,,,
2025-07-30 21:14:29.343071,PHY,0x4601,1,0,na,"[0,",0,0,1,1111.9,+16.2dB,16.6us,"[0,",1,485.9,normal,0,valid,-14.0dB,-14.1dB,na,na,,,,
2025-07-30 21:14:29.346740,PHY,0x4601,2,,na,"[0,",,,11111,,+31.5dB,22.5us,"[0,",1,485.17,normal,0,valid,-11.2dB,-11.2dB,0.20us,+36.2Hz,,"[6,",,1
2025-07-30 21:14:29.347666,PHY,0x4601,1,0,na,"[0,",0,0,1,1124.0,+16.2dB,18.7us,"[0,",1,485.18,normal,0,valid,-14.0dB,-14.1dB,na,na,,,,
2025-07-30 21:14:29.348139,PHY,0x4601,1,0,na,"[0,",0,0,1,1116.2,+16.2dB,16.2us,"[0,",1,485.19,normal,0,valid,-14.0dB,-14.1dB,na,na,,,,
2025-07-30 21:14:29.352250,CSI,0x4601,2,,na,"[0,",,,1,,+32.9dB,17.9us,"[0,",1,486.8,normal,0,valid,-11.0dB,-11.0dB,0.23us,-39.8Hz,,"[6,",1111,1
2025-07-30 21:14:29.353100,PHY,0x4601,1,0,na,"[0,",0,0,1,1505.7,+17.5dB,18.4us,"[0,",1,486.9,normal,0,valid,-14.0dB,-14.1dB,na,na,,,,
2025-07-30 21:14:29.356653,PHY,0x4601,2,,na,"[0,",,,11111,,+31.0dB,21.3us,"[0,",1,486.17,normal,0,valid,-11.0dB,-11.1dB,0.22us,+11.1Hz,,"[6,",,1
2025-07-30 21:14:29.357589,PHY,0x4601,1,0,na,"[0,",0,0,1,1638.6,+17.9dB,19.1us,"[0,",1,486.18,normal,0,valid,-14.0dB,-14.1dB,na,na,,,,
2025-07-30 21:14:29.358170,PHY,0x4601,1,0,na,"[0,",0,0,1,1476.2,+17.4dB,16.4us,"[0,",1,486.19,normal,0,valid,-14.0dB,-14.1dB,na,na,,,,
2025-07-30 21:14:29.362676,PHY,0x4601,1,0,na,"[0,",0,0,1,1056.4,+16.0dB,20.8us,"[0,",1,487.8,normal,0,valid,-14.0dB,-14.2dB,na,na,,,,
2025-07-30 21:14:29.363152,PHY,0x4601,1,0,na,"[0,",0,0,1,1141.7,+16.3dB,18.2us,"[0,",1,487.9,normal,0,valid,-14.0dB,-14.1dB,na,na,,,,
2025-07-30 21:14:29.366695,PHY,0x4601,2,,na,"[0,",,,11111,,+34.6dB,25.0us,"[0,",1,487.17,normal,0,valid,-11.0dB,-11.1dB,0.24us,+143.3Hz,,"[6,",,1
2025-07-30 21:14:29.367621,PHY,0x4601,1,0,na,"[0,",0,0,1,1054.9,+16.0dB,20.1us,"[0,",1,487.18,normal,0,valid,-14.0dB,-14.1dB,na,na,,,,
2025-07-30 21:14:29.368105,PHY,0x4601,1,0,na,"[0,",0,0,1,1085.3,+16.1dB,16.4us,"[0,",1,487.19,normal,0,valid,-14.0dB,-14.1dB,na,na,,,,
2025-07-30 21:14:29.372238,CSI,0x4601,2,,na,"[0,",,,1,,+32.8dB,19.6us,"[0,",1,488.8,normal,0,valid,-11.0dB,-11.0dB,0.23us,+40.2Hz,,"[6,",1111,1
2025-07-30 21:14:29.373173,PHY,0x4601,1,0,na,"[0,",0,0,1,1077.2,+16.1dB,18.9us,"[0,",1,488.9,normal,0,valid,-14.0dB,-14.1dB,na,na,,,,
2025-07-30 21:14:29.376732,PHY,0x4601,2,,na,"[0,",,,11111,,+33.7dB,32.3us,"[0,",1,488.17,normal,0,valid,-11.0dB,-11.1dB,0.22us,-11.0Hz,,"[6,",,1
2025-07-30 21:14:29.377659,PHY,0x4601,1,0,na,"[0,",0,0,1,1112.3,+16.2dB,25.2us,"[0,",1,488.18,normal,0,valid,-14.0dB,-14.1dB,na,na,,,,
2025-07-30 21:14:29.378131,PHY,0x4601,1,0,na,"[0,",0,0,1,1131.3,+16.3dB,16.5us,"[0,",1,488.19,normal,0,valid,-14.0dB,-14.1dB,na,na,,,,
2025-07-30 21:14:29.382631,PHY,0x4601,1,0,na,"[0,",0,0,1,1144.5,+16.3dB,18.9us,"[0,",1,489.8,normal,0,valid,-14.0dB,-14.1dB,na,na,,,,
2025-07-30 21:14:29.383103,PHY,0x4601,1,0,na,"[0,",0,0,1,1114.7,+16.2dB,16.5us,"[0,",1,489.9,normal,0,valid,-14.0dB,-14.1dB,na,na,,,,
2025-07-30 21:14:29.386775,PHY,0x4601,2,,na,"[0,",,,11111,,+33.1dB,23.0us,"[0,",1,489.17,normal,0,valid,-11.0dB,-11.0dB,0.21us,+66.5Hz,,"[6,",,1
2025-07-30 21:14:29.387580,PHY,0x4601,1,0,na,"[0,",0,0,1,1516.2,+17.6dB,18.5us,"[0,",1,489.18,normal,0,valid,-14.0dB,-14.1dB,na,na,,,,
2025-07-30 21:14:29.388158,PHY,0x4601,1,0,na,"[0,",0,0,1,1462.0,+17.4dB,16.1us,"[0,",1,489.19,normal,0,valid,-14.0dB,-14.1dB,na,na,,,,
2025-07-30 21:14:29.392288,CSI,0x4601,2,,na,"[0,",,,1,,+32.6dB,15.7us,"[0,",1,490.8,normal,0,valid,-11.1dB,-11.1dB,0.21us,-83.9Hz,,"[6,",1111,1
2025-07-30 21:14:29.393127,PHY,0x4601,1,0,na,"[0,",0,0,1,1538.8,+17.6dB,19.4us,"[0,",1,490.9,normal,0,valid,-14.0dB,-14.1dB,na,na,,,,
2025-07-30 21:14:29.396673,PHY,0x4601,2,,na,"[0,",,,11111,,+32.6dB,22.9us,"[0,",1,490.17,normal,0,valid,-11.1dB,-11.1dB,0.24us,-98.7Hz,,"[6,",,1
2025-07-30 21:14:29.397610,PHY,0x4601,1,0,na,"[0,",0,0,1,1127.7,+16.3dB,20.2us,"[0,",1,490.18,normal,0,valid,-14.0dB,-14.1dB,na,na,,,,
2025-07-30 21:14:29.398093,PHY,0x4601,1,0,na,"[0,",0,0,1,1084.8,+16.1dB,22.1us,"[0,",1,490.19,normal,0,valid,-14.0dB,-14.2dB,na,na,,,,
2025-07-30 21:14:29.402588,PHY,0x4601,1,0,na,"[0,",0,0,1,1106.3,+16.2dB,22.8us,"[0,",1,491.8,normal,0,valid,-14.0dB,-14.1dB,na,na,,,,
2025-07-30 21:14:29.403163,PHY,0x4601,1,0,na,"[0,",0,0,1,1114.7,+16.2dB,16.9us,"[0,",1,491.9,normal,0,valid,-14.0dB,-14.1dB,na,na,,,,
2025-07-30 21:14:29.406727,PHY,0x4601,2,,na,"[0,",,,11111,,+31.4dB,22.6us,"[0,",1,491.17,normal,0,valid,-11.0dB,-11.1dB,0.20us,+22.2Hz,,"[6,",,1
2025-07-30 21:14:29.407650,PHY,0x4601,1,0,na,"[0,",0,0,1,1460.9,+17.4dB,24.2us,"[0,",1,491.18,normal,0,valid,-14.1dB,-14.2dB,na,na,,,,
2025-07-30 21:14:29.408112,PHY,0x4601,1,0,na,"[0,",0,0,1,1416.5,+17.2dB,16.6us,"[0,",1,491.19,normal,0,valid,-14.0dB,-14.1dB,na,na,,,,
2025-07-30 21:14:29.412255,CSI,0x4601,2,,na,"[0,",,,1,,+31.8dB,21.7us,"[0,",1,492.8,normal,0,valid,-10.9dB,-10.9dB,0.23us,-10.3Hz,,"[6,",1111,1
2025-07-30 21:14:29.413077,PHY,0x4601,1,0,na,"[0,",0,0,1,1517.8,+17.5dB,18.2us,"[0,",1,492.9,normal,0,valid,-14.0dB,-14.1dB,na,na,,,,
2025-07-30 21:14:29.416757,PHY,0x4601,2,,na,"[0,",,,11111,,+32.8dB,22.5us,"[0,",1,492.17,normal,0,valid,-11.0dB,-11.1dB,0.22us,+27.2Hz,,"[6,",,1
2025-07-30 21:14:29.417674,PHY,0x4601,1,0,na,"[0,",0,0,1,1447.1,+17.4dB,20.1us,"[0,",1,492.18,normal,0,valid,-14.0dB,-14.1dB,na,na,,,,
2025-07-30 21:14:29.418155,PHY,0x4601,1,0,na,"[0,",0,0,1,1469.2,+17.4dB,18.2us,"[0,",1,492.19,normal,0,valid,-14.0dB,-14.1dB,na,na,,,,
2025-07-30 21:14:29.422653,PHY,0x4601,1,0,na,"[0,",0,0,1,1076.9,+16.0dB,19.1us,"[0,",1,493.8,normal,0,valid,-14.0dB,-14.1dB,na,na,,,,
2025-07-30 21:14:29.423130,PHY,0x4601,1,0,na,"[0,",0,0,1,1079.4,+16.1dB,21.0us,"[0,",1,493.9,normal,0,valid,-14.0dB,-14.2dB,na,na,,,,
2025-07-30 21:14:29.426666,PHY,0x4601,2,,na,"[0,",,,11111,,+29.5dB,24.8us,"[0,",1,493.17,normal,0,valid,-11.1dB,-11.2dB,0.23us,+97.2Hz,,"[6,",,1
2025-07-30 21:14:29.427600,PHY,0x4601,1,0,na,"[0,",0,0,1,1064.9,+16.0dB,18.2us,"[0,",1,493.18,normal,0,valid,-14.0dB,-14.1dB,na,na,,,,
2025-07-30 21:14:29.428080,PHY,0x4601,1,0,na,"[0,",0,0,1,1060.0,+16.0dB,17.2us,"[0,",1,493.19,normal,0,valid,-14.0dB,-14.2dB,na,na,,,,
2025-07-30 21:14:29.432230,CSI,0x4601,2,,na,"[0,",,,1,,+34.1dB,20.0us,"[0,",1,494.8,normal,0,valid,-10.9dB,-11.0dB,0.23us,-78.5Hz,,"[6,",1111,1
2025-07-30 21:14:29.433142,PHY,0x4601,1,0,na,"[0,",0,0,1,1440.7,+17.3dB,19.7us,"[0,",1,494.9,normal,0,valid,-14.0dB,-14.1dB,na,na,,,,
2025-07-30 21:14:29.436701,PHY,0x4601,2,,na,"[0,",,,11111,,+30.9dB,21.6us,"[0,",1,494.17,normal,0,valid,-11.1dB,-11.1dB,0.22us,-63.9Hz,,"[6,",,1
2025-07-30 21:14:29.437636,PHY,0x4601,1,0,na,"[0,",0,0,1,1142.7,+16.3dB,27.0us,"[0,",1,494.18,normal,0,valid,-14.0dB,-14.1dB,na,na,,,,
2025-07-30 21:14:29.438102,PHY,0x4601,1,0,na,"[0,",0,0,1,1158.4,+16.4dB,15.9us,"[0,",1,494.19,normal,0,valid,-14.0dB,-14.1dB,na,na,,,,
2025-07-30 21:14:29.442598,PHY,0x4601,1,0,na,"[0,",0,0,1,1045.3,+15.9dB,22.0us,"[0,",1,495.8,normal,0,valid,-14.0dB,-14.1dB,na,na,,,,
2025-07-30 21:14:29.443176,PHY,0x4601,1,0,na,"[0,",0,0,1,1145.1,+16.3dB,19.7us,"[0,",1,495.9,normal,0,valid,-14.0dB,-14.2dB,na,na,,,,
2025-07-30 21:14:29.446736,PHY,0x4601,2,,na,"[0,",,,11111,,+31.2dB,29.4us,"[0,",1,495.17,normal,0,valid,-11.1dB,-11.1dB,0.21us,+20.1Hz,,"[6,",,1
2025-07-30 21:14:29.447659,PHY,0x4601,1,0,na,"[0,",0,0,1,1504.1,+17.5dB,19.6us,"[0,",1,495.18,normal,0,valid,-14.0dB,-14.1dB,na,na,,,,
2025-07-30 21:14:29.448136,PHY,0x4601,1,0,na,"[0,",0,0,1,1441.6,+17.3dB,16.9us,"[0,",1,495.19,normal,0,valid,-14.0dB,-14.1dB,na,na,,,,
2025-07-30 21:14:29.452250,CSI,0x4601,2,,na,"[0,",,,1,,+32.7dB,23.6us,"[0,",1,496.8,normal,0,valid,-10.9dB,-11.0dB,0.24us,+42.1Hz,,"[6,",1111,1
2025-07-30 21:14:29.453097,PHY,0x4601,1,0,na,"[0,",0,0,1,1433.2,+17.3dB,19.3us,"[0,",1,496.9,normal,0,valid,-14.0dB,-14.1dB,na,na,,,,
2025-07-30 21:14:29.456761,PHY,0x4601,2,,na,"[0,",,,11111,,+33.2dB,25.8us,"[0,",1,496.17,normal,0,valid,-11.2dB,-11.2dB,0.20us,-31.9Hz,,"[6,",,1
2025-07-30 21:14:29.457583,PHY,0x4601,1,0,na,"[0,",0,0,1,1522.9,+17.6dB,18.9us,"[0,",1,496.18,normal,0,valid,-14.0dB,-14.1dB,na,na,,,,
2025-07-30 21:14:29.458164,PHY,0x4601,1,0,na,"[0,",0,0,1,1523.1,+17.6dB,17.9us,"[0,",1,496.19,normal,0,valid,-14.0dB,-14.1dB,na,na,,,,
2025-07-30 21:14:29.462661,PHY,0x4601,1,0,na,"[0,",0,0,1,1102.3,+16.2dB,19.5us,"[0,",1,497.8,normal,0,valid,-14.0dB,-14.1dB,na,na,,,,
2025-07-30 21:14:29.463135,PHY,0x4601,1,0,na,"[0,",0,0,1,1103.9,+16.2dB,17.0us,"[0,",1,497.9,normal,0,valid,-14.0dB,-14.1dB,na,na,,,,
2025-07-30 21:14:29.466684,PHY,0x4601,2,,na,"[0,",,,11111,,+31.8dB,24.5us,"[0,",1,497.17,normal,0,valid,-11.0dB,-11.1dB,0.22us,+61.7Hz,,"[6,",,1
2025-07-30 21:14:29.467619,PHY,0x4601,1,0,na,"[0,",0,0,1,1469.8,+17.4dB,18.9us,"[0,",1,497.18,normal,0,valid,-14.0dB,-14.1dB,na,na,,,,
2025-07-30 21:14:29.468090,PHY,0x4601,1,0,na,"[0,",0,0,1,1481.5,+17.5dB,17.8us,"[0,",1,497.19,normal,0,valid,-14.0dB,-14.1dB,na,na,,,,
2025-07-30 21:14:29.472222,CSI,0x4601,2,,na,"[0,",,,1,,+29.8dB,17.1us,"[0,",1,498.8,normal,0,valid,-11.0dB,-11.0dB,0.23us,-59.8Hz,,"[6,",1111,1
2025-07-30 21:14:29.473161,PHY,0x4601,1,0,na,"[0,",0,0,1,1168.0,+16.4dB,17.9us,"[0,",1,498.9,normal,0,valid,-14.0dB,-14.1dB,na,na,,,,
2025-07-30 21:14:29.476735,PHY,0x4601,2,,na,"[0,",,,11111,,+30.8dB,24.4us,"[0,",1,498.17,normal,0,valid,-11.1dB,-11.1dB,0.20us,+90.1Hz,,"[6,",,1
2025-07-30 21:14:29.477637,PHY,0x4601,1,0,na,"[0,",0,0,1,1512.7,+17.5dB,18.7us,"[0,",1,498.18,normal,0,valid,-14.0dB,-14.1dB,na,na,,,,
2025-07-30 21:14:29.478114,PHY,0x4601,1,0,na,"[0,",0,0,1,1510.1,+17.5dB,16.0us,"[0,",1,498.19,normal,0,valid,-14.0dB,-14.1dB,na,na,,,,
2025-07-30 21:14:29.482621,PHY,0x4601,1,0,na,"[0,",0,0,1,1161.9,+16.4dB,20.3us,"[0,",1,499.8,normal,0,valid,-14.0dB,-14.2dB,na,na,,,,
2025-07-30 21:14:29.483077,PHY,0x4601,1,0,na,"[0,",0,0,1,1155.7,+16.4dB,16.3us,"[0,",1,499.9,normal,0,valid,-14.0dB,-14.1dB,na,na,,,,
2025-07-30 21:14:29.486754,PHY,0x4601,2,,na,"[0,",,,11111,,+35.1dB,27.4us,"[0,",1,499.17,normal,0,valid,-10.9dB,-11.0dB,0.21us,-10.5Hz,,"[6,",,1
2025-07-30 21:14:29.487568,PHY,0x4601,1,0,na,"[0,",0,0,1,1501.4,+17.5dB,18.3us,"[0,",1,499.18,normal,0,valid,-14.0dB,-14.1dB,na,na,,,,
2025-07-30 21:14:29.488149,PHY,0x4601,1,0,na,"[0,",0,0,1,1520.8,+17.6dB,15.7us,"[0,",1,499.19,normal,0,valid,-14.0dB,-14.1dB,na,na,,,,
2025-07-30 21:14:29.492263,CSI,0x4601,2,,na,"[0,",,,1,,+35.1dB,18.1us,"[0,",1,500.8,normal,0,valid,-11.1dB,-11.1dB,0.24us,+16.8Hz,,"[6,",1111,1
2025-07-30 21:14:29.493114,PHY,0x4601,1,0,na,"[0,",0,0,1,1199.2,+16.5dB,18.9us,"[0,",1,500.9,normal,0,valid,-14.0dB,-14.1dB,na,na,,,,
2025-07-30 21:14:29.496660,PHY,0x4601,2,,na,"[0,",,,11111,,+31.9dB,22.8us,"[0,",1,500.17,normal,0,valid,-11.1dB,-11.2dB,0.23us,+12.2Hz,,"[6,",,1
2025-07-30 21:14:29.497616,PHY,0x4601,1,0,na,"[0,",0,0,1,1119.4,+16.2dB,26.4us,"[0,",1,500.18,normal,0,valid,-14.0dB,-14.1dB,na,na,,,,
2025-07-30 21:14:29.498078,PHY,0x4601,1,0,na,"[0,",0,0,1,1115.0,+16.2dB,16.3us,"[0,",1,500.19,normal,0,valid,-14.0dB,-14.1dB,na,na,,,,
2025-07-30 21:14:29.502666,PHY,0x4601,1,0,na,"[0,",0,0,1,1051.2,+15.9dB,18.2us,"[0,",1,501.8,normal,0,valid,-14.0dB,-14.1dB,na,na,,,,
2025-07-30 21:14:29.503132,PHY,0x4601,1,0,na,"[0,",0,0,1,1075.5,+16.1dB,15.4us,"[0,",1,501.9,normal,0,valid,-14.0dB,-14.1dB,na,na,,,,
2025-07-30 21:14:29.506724,PHY,0x4601,2,,na,"[0,",,,11111,,+29.4dB,22.5us,"[0,",1,501.17,normal,0,valid,-11.0dB,-11.1dB,0.22us,+21.9Hz,,"[6,",,1
2025-07-30 21:14:29.507633,PHY,0x4601,1,0,na,"[0,",0,0,1,1179.0,+16.5dB,20.2us,"[0,",1,501.18,normal,0,valid,-14.0dB,-14.1dB,na,na,,,,
2025-07-30 21:14:29.508105,PHY,0x4601,1,0,na,"[0,",0,0,1,1135.2,+16.3dB,18.7us,"[0,",1,501.19,normal,0,valid,-14.0dB,-14.1dB,na,na,,,,
2025-07-30 21:14:29.512232,CSI,0x4601,2,,na,"[0,",,,1,,+34.3dB,15.5us,"[0,",1,502.8,normal,0,valid,-11.1dB,-11.1dB,0.24us,-7.2Hz,,"[6,",1111,1
2025-07-30 21:14:29.513075,PHY,0x4601,1,0,na,"[0,",0,0,1,1115.1,+16.2dB,22.4us,"[0,",1,502.9,normal,0,valid,-14.1dB,-14.1dB,na,na,,,,
2025-07-30 21:14:29.516739,PHY,0x4601,2,,na,"[0,",,,11111,,+31.6dB,37.5us,"[0,",1,502.17,normal,0,valid,-11.2dB,-11.2dB,0.22us,+13.7Hz,,"[6,",,1
2025-07-30 21:14:29.517672,PHY,0x4601,1,0,na,"[0,",0,0,1,1452.8,+17.4dB,32.9us,"[0,",1,502.18,normal,0,valid,-14.0dB,-14.1dB,na,na,,,,
2025-07-30 21:14:29.518137,PHY,0x4601,1,0,na,"[0,",0,0,1,1492.3,+17.5dB,18.1us,"[0,",1,502.19,normal,0,valid,-14.0dB,-14.1dB,na,na,,,,
2025-07-30 21:14:29.522626,PHY,0x4601,1,0,na,"[0,",0,0,1,1114.7,+16.2dB,18.3us,"[0,",1,503.8,normal,0,valid,-14.0dB,-14.1dB,na,na,,,,
2025-07-30 21:14:29.523098,PHY,0x4601,1,0,na,"[0,",0,0,1,1142.3,+16.3dB,20.9us,"[0,",1,503.9,normal,0,valid,-14.0dB,-14.1dB,na,na,,,,
2025-07-30 21:14:29.526647,PHY,0x4601,2,,na,"[0,",,,11111,,+30.2dB,24.8us,"[0,",1,503.17,normal,0,valid,-11.2dB,-11.3dB,0.21us,+30.5Hz,,"[6,",,1
2025-07-30 21:14:29.527581,PHY,0x4601,1,0,na,"[0,",0,0,1,1436.4,+17.3dB,18.5us,"[0,",1,503.18,normal,0,valid,-14.0dB,-14.1dB,na,na,,,,
2025-07-30 21:14:29.528166,PHY,0x4601,1,0,na,"[0,",0,0,1,1429.0,+17.3dB,16.9us,"[0,",1,503.19,normal,0,valid,-14.0dB,-14.1dB,na,na,,,,
2025-07-30 21:14:29.532203,CSI,0x4601,2,,na,"[0,",,,1,,+33.6dB,15.7us,"[0,",1,504.8,normal,0,valid,-11.1dB,-11.1dB,0.22us,-33.8Hz,,"[6,",1111,1
2025-07-30 21:14:29.533136,PHY,0x4601,1,0,na,"[0,",0,0,1,1394.7,+17.2dB,19.5us,"[0,",1,504.9,normal,0,valid,-14.1dB,-14.2dB,na,na,,,,
2025-07-30 21:14:29.536680,PHY,0x4601,2,,na,"[0,",,,11111,,+32.3dB,23.2us,"[0,",1,504.17,normal,0,valid,-11.2dB,-11.2dB,0.24us,-67.7Hz,,"[6,",,1
2025-07-30 21:14:29.537612,PHY,0x4601,1,0,na,"[0,",0,0,1,1412.2,+17.3dB,19.0us,"[0,",1,504.18,normal,0,valid,-14.0dB,-14.1dB,na,na,,,,
2025-07-30 21:14:29.538090,PHY,0x4601,1,0,na,"[0,",0,0,1,1456.0,+17.4dB,17.4us,"[0,",1,504.19,normal,0,valid,-14.0dB,-14.1dB,na,na,,,,
2025-07-30 21:14:29.542582,PHY,0x4601,1,0,na,"[0,",0,0,1,1164.9,+16.4dB,18.5us,"[0,",1,505.8,normal,0,valid,-14.0dB,-14.1dB,na,na,,,,
2025-07-30 21:14:29.543152,PHY,0x4601,1,0,na,"[0,",0,0,1,1084.6,+16.1dB,15.6us,"[0,",1,505.9,normal,0,valid,-14.0dB,-14.1dB,na,na,,,,
2025-07-30 21:14:29.546730,PHY,0x4601,2,,na,"[0,",,,11111,,+32.7dB,24.4us,"[0,",1,505.17,normal,0,valid,-11.0dB,-11.1dB,0.22us,+99.2Hz,,"[6,",,1
2025-07-30 21:14:29.547644,PHY,0x4601,1,0,na,"[0,",0,0,1,1511.2,+17.6dB,18.3us,"[0,",1,505.18,normal,0,valid,-14.0dB,-14.1dB,na,na,,,,
2025-07-30 21:14:29.548126,PHY,0x4601,1,0,na,"[0,",0,0,1,1446.8,+17.3dB,18.2us,"[0,",1,505.19,normal,0,valid,-14.0dB,-14.1dB,na,na,,,,
2025-07-30 21:14:29.552247,CSI,0x4601,2,,na,"[0,",,,1,,+34.1dB,18.0us,"[0,",1,506.8,normal,0,valid,-11.0dB,-11.0dB,0.22us,-54.6Hz,,"[6,",1111,1
2025-07-30 21:14:29.553101,PHY,0x4601,1,0,na,"[0,",0,0,1,1395.4,+17.2dB,19.4us,"[0,",1,506.9,normal,0,valid,-14.0dB,-14.1dB,na,na,,,,
2025-07-30 21:14:29.556778,PHY,0x4601,2,,na,"[0,",,,11111,,+30.2dB,23.6us,"[0,",1,506.17,normal,0,valid,-11.1dB,-11.2dB,0.20us,+8.8Hz,,"[6,",,1
2025-07-30 21:14:29.557576,PHY,0x4601,1,0,na,"[0,",0,0,1,1131.9,+16.3dB,18.8us,"[0,",1,506.18,normal,0,valid,-14.0dB,-14.1dB,na,na,,,,
2025-07-30 21:14:29.558158,PHY,0x4601,1,0,na,"[0,",0,0,1,1051.5,+16.0dB,16.1us,"[0,",1,506.19,normal,0,valid,-14.0dB,-14.1dB,na,na,,,,
2025-07-30 21:14:29.562646,PHY,0x4601,1,0,na,"[0,",0,0,1,1187.8,+16.5dB,18.6us,"[0,",1,507.8,normal,0,valid,-14.0dB,-14.1dB,na,na,,,,
2025-07-30 21:14:29.563120,PHY,0x4601,1,0,na,"[0,",0,0,1,1097.8,+16.1dB,15.6us,"[0,",1,507.9,normal,0,valid,-14.0dB,-14.2dB,na,na,,,,
2025-07-30 21:14:29.566673,PHY,0x4601,2,,na,"[0,",,,11111,,+30.8dB,23.4us,"[0,",1,507.17,normal,0,valid,-11.4dB,-11.5dB,0.22us,+155.6Hz,,"[6,",,1
2025-07-30 21:14:29.567608,PHY,0x4601,1,0,na,"[0,",0,0,1,1491.8,+17.4dB,18.2us,"[0,",1,507.18,normal,0,valid,-14.4dB,-14.6dB,na,na,,,,
2025-07-30 21:14:29.568090,PHY,0x4601,1,0,na,"[0,",0,0,1,1534.9,+17.6dB,16.3us,"[0,",1,507.19,normal,0,valid,-14.4dB,-14.5dB,na,na,,,,
2025-07-30 21:14:29.572221,CSI,0x4601,2,,na,"[0,",,,1,,+32.8dB,18.5us,"[0,",1,508.8,normal,0,valid,-11.5dB,-11.5dB,0.23us,-60.7Hz,,"[6,",1111,1
2025-07-30 21:14:29.573157,PHY,0x4601,1,0,na,"[0,",0,0,1,1085.0,+16.1dB,20.9us,"[0,",1,508.9,normal,0,valid,-14.4dB,-14.6dB,na,na,,,,
2025-07-30 21:14:29.576720,PHY,0x4601,2,,na,"[0,",,,11111,,+30.3dB,32.4us,"[0,",1,508.17,normal,0,valid,-11.5dB,-11.5dB,0.22us,+62.3Hz,,"[6,",,1
2025-07-30 21:14:29.577648,PHY,0x4601,1,0,na,"[0,",0,0,1,1121.2,+16.2dB,19.4us,"[0,",1,508.18,normal,0,valid,-14.4dB,-14.5dB,na,na,,,,
2025-07-30 21:14:29.578122,PHY,0x4601,1,0,na,"[0,",0,0,1,1041.5,+15.9dB,23.3us,"[0,",1,508.19,normal,0,valid,-14.4dB,-14.5dB,na,na,,,,
2025-07-30 21:14:29.582605,PHY,0x4601,1,0,na,"[0,",0,0,1,1063.6,+16.0dB,18.6us,"[0,",1,509.8,normal,0,valid,-14.4dB,-14.5dB,na,na,,,,
2025-07-30 21:14:29.583079,PHY,0x4601,1,0,na,"[0,",0,0,1,1066.7,+16.0dB,17.4us,"[0,",1,509.9,normal,0,valid,-14.5dB,-14.6dB,na,na,,,,
2025-07-30 21:14:29.586736,PHY,0x4601,2,,na,"[0,",,,11111,,+29.9dB,28.3us,"[0,",1,509.17,normal,0,valid,-11.5dB,-11.5dB,0.22us,+41.0Hz,,"[6,",,1
2025-07-30 21:14:29.587674,PHY,0x4601,1,0,na,"[0,",0,0,1,1077.9,+16.1dB,19.5us,"[0,",1,509.18,normal,0,valid,-14.4dB,-14.5dB,na,na,,,,
2025-07-30 21:14:29.588153,PHY,0x4601,1,0,na,"[0,",0,0,1,1076.4,+16.1dB,15.4us,"[0,",1,509.19,normal,0,valid,-14.4dB,-14.5dB,na,na,,,,
2025-07-30 21:14:29.592254,CSI,0x4601,2,,na,"[0,",,,1,,+32.2dB,17.3us,"[0,",1,510.8,normal,0,valid,-11.4dB,-11.5dB,0.22us,+7.2Hz,,"[6,",1111,1
2025-07-30 21:14:29.593118,PHY,0x4601,1,0,na,"[0,",0,0,1,1463.0,+17.4dB,19.2us,"[0,",1,510.9,normal,0,valid,-14.4dB,-14.5dB,na,na,,,,
2025-07-30 21:14:29.596672,PHY,0x4601,2,,na,"[0,",,,11111,,+34.5dB,29.2us,"[0,",1,510.17,normal,0,valid,-11.5dB,-11.5dB,0.20us,-81.8Hz,,"[6,",,1
2025-07-30 21:14:29.597600,PHY,0x4601,1,0,na,"[0,",0,0,1,1453.2,+17.4dB,23.5us,"[0,",1,510.18,normal,0,valid,-14.4dB,-14.5dB,na,na,,,,
2025-07-30 21:14:29.598078,PHY,0x4601,1,0,na,"[0,",0,0,1,1389.9,+17.1dB,16.8us,"[0,",1,510.19,normal,0,valid,-14.4dB,-14.5dB,na,na,,,,
2025-07-30 21:14:29.602667,PHY,0x4601,1,0,na,"[0,",0,0,1,1108.6,+16.2dB,18.5us,"[0,",1,511.8,normal,0,valid,-14.5dB,-14.6dB,na,na,,,,
2025-07-30 21:14:29.603138,PHY,0x4601,1,0,na,"[0,",0,0,1,1047.2,+15.9dB,15.5us,"[0,",1,511.9,normal,0,valid,-14.5dB,-14.6dB,na,na,,,,
2025-07-30 21:14:29.606727,PHY,0x4601,2,,na,"[0,",,,11111,,+30.3dB,23.7us,"[0,",1,511.17,normal,0,valid,-11.5dB,-11.6dB,0.22us,+90.7Hz,,"[6,",,1
2025-07-30 21:14:29.607631,PHY,0x4601,1,0,na,"[0,",0,0,1,1491.4,+17.5dB,23.0us,"[0,",1,511.18,normal,0,valid,-14.4dB,-14.5dB,na,na,,,,
2025-07-30 21:14:29.608099,PHY,0x4601,1,0,na,"[0,",0,0,1,1423.2,+17.3dB,16.9us,"[0,",1,511.19,normal,0,valid,-14.4dB,-14.5dB,na,na,,,,
2025-07-30 21:14:29.612254,CSI,0x4601,2,,na,"[0,",,,1,,+33.6dB,21.1us,"[0,",1,512.8,normal,0,valid,-11.3dB,-11.4dB,0.24us,-53.4Hz,,"[6,",1111,1
2025-07-30 21:14:29.613183,PHY,0x4601,1,0,na,"[0,",0,0,1,1546.1,+17.6dB,25.0us,"[0,",1,512.9,normal,0,valid,-14.4dB,-14.5dB,na,na,,,,
2025-07-30 21:14:29.616741,PHY,0x4601,2,,na,"[0,",,,11111,,+30.9dB,22.3us,"[0,",1,512.17,normal,0,valid,-11.4dB,-11.5dB,0.23us,+101.7Hz,,"[6,",,1
2025-07-30 21:14:29.617661,PHY,0x4601,1,0,na,"[0,",0,0,1,1124.9,+16.2dB,19.4us,"[0,",1,512.18,normal,0,valid,-14.4dB,-14.5dB,na,na,,,,
2025-07-30 21:14:29.618138,PHY,0x4601,1,0,na,"[0,",0,0,1,1107.8,+16.2dB,15.6us,"[0,",1,512.19,normal,0,valid,-14.4dB,-14.5dB,na,na,,,,
2025-07-30 21:14:29.622628,PHY,0x4601,1,0,na,"[0,",0,0,1,1076.2,+16.1dB,18.5us,"[0,",1,513.8,normal,0,valid,-14.5dB,-14.6dB,na,na,,,,
2025-07-30 21:14:29.623092,PHY,0x4601,1,0,na,"[0,",0,0,1,1104.7,+16.2dB,15.8us,"[0,",1,513.9,normal,0,valid,-14.5dB,-14.6dB,na,na,,,,
2025-07-30 21:14:29.626773,PHY,0x4601,2,,na,"[0,",,,11111,,+32.3dB,22.9us,"[0,",1,513.17,normal,0,valid,-11.5dB,-11.5dB,0.21us,+4.9Hz,,"[6,",,1
2025-07-30 21:14:29.627589,PHY,0x4601,1,0,na,"[0,",0,0,1,1127.0,+16.3dB,19.2us,"[0,",1,513.18,normal,0,valid,-14.4dB,-14.5dB,na,na,,,,
2025-07-30 21:14:29.628162,PHY,0x4601,1,0,na,"[0,",0,0,1,1043.1,+16.0dB,15.9us,"[0,",1,513.19,normal,0,valid,-14.5dB,-14.5dB,na,na,,,,
2025-07-30 21:14:29.632201,CSI,0x4601,2,,na,"[0,",,,1,,+30.7dB,17.8us,"[0,",1,514.8,normal,0,valid,-11.3dB,-11.4dB,0.20us,-9.1Hz,,"[6,",1111,1
2025-07-30 21:14:29.633137,PHY,0x4601,1,0,na,"[0,",0,0,1,1386.6,+17.2dB,23.5us,"[0,",1,514.9,normal,0,valid,-14.4dB,-14.5dB,na,na,,,,
2025-07-30 21:14:29.636692,PHY,0x4601,2,,na,"[0,",,,11111,,+30.3dB,28.5us,"[0,",1,514.17,normal,0,valid,-11.4dB,-11.5dB,0.23us,+113.6Hz,,"[6,",,1
2025-07-30 21:14:29.637615,PHY,0x4601,1,0,na,"[0,",0,0,1,1165.8,+16.4dB,18.8us,"[0,",1,514.18,normal,0,valid,-14.4dB,-14.5dB,na,na,,,,
2025-07-30 21:14:29.638092,PHY,0x4601,1,0,na,"[0,",0,0,1,1164.2,+16.4dB,20.6us,"[0,",1,514.19,normal,0,valid,-14.4dB,-14.5dB,na,na,,,,
2025-07-30 21:14:29.642594,PHY,0x4601,1,0,na,"[0,",0,0,1,1121.9,+16.3dB,18.3us,"[0,",1,515.8,normal,0,valid,-14.5dB,-14.6dB,na,na,,,,
2025-07-30 21:14:29.643153,PHY,0x4601,1,0,na,"[0,",0,0,1,1108.3,+16.2dB,15.3us,"[0,",1,515.9,normal,0,valid,-14.5dB,-14.6dB,na,na,,,,
2025-07-30 21:14:29.646728,PHY,0x4601,2,,na,"[0,",,,11111,,+31.1dB,23.3us,"[0,",1,515.17,normal,0,valid,-11.5dB,-11.5dB,0.23us,+85.4Hz,,"[6,",,1
2025-07-30 21:14:29.647645,PHY,0x4601,1,0,na,"[0,",0,0,1,1097.0,+16.1dB,19.4us,"[0,",1,515.18,normal,0,valid,-14.4dB,-14.5dB,na,na,,,,
2025-07-30 21:14:29.648122,PHY,0x4601,1,0,na,"[0,",0,0,1,1070.4,+16.0dB,17.9us,"[0,",1,515.19,normal,0,valid,-14.4dB,-14.5dB,na,na,,,,
2025-07-30 21:14:29.652264,CSI,0x4601,2,,na,"[0,",,,1,,+33.8dB,19.3us,"[0,",1,516.8,normal,0,valid,-11.4dB,-11.5dB,0.23us,-42.3Hz,,"[6,",1111,1
2025-07-30 21:14:29.653097,PHY,0x4601,1,0,na,"[0,",0,0,1,1115.4,+16.2dB,25.5us,"[0,",1,516.9,normal,0,valid,-14.4dB,-14.5dB,na,na,,,,
2025-07-30 21:14:29.656766,PHY,0x4601,2,,na,"[0,",,,11111,,+30.5dB,29.1us,"[0,",1,516.17,normal,0,valid,-11.4dB,-11.5dB,0.23us,+159.1Hz,,"[6,",,1
2025-07-30 21:14:29.657573,PHY,0x4601,1,0,na,"[0,",0,0,1,1114.3,+16.2dB,20.3us,"[0,",1,516.18,normal,0,valid,-14.4dB,-14.5dB,na,na,,,,
2025-07-30 21:14:29.658158,PHY,0x4601,1,0,na,"[0,",0,0,1,1089.3,+16.1dB,22.7us,"[0,",1,516.19,normal,0,valid,-14.4dB,-14.5dB,na,na,,,,
2025-07-30 21:14:29.662665,PHY,0x4601,1,0,na,"[0,",0,0,1,1076.4,+16.1dB,33.6us,"[0,",1,517.8,normal,0,valid,-14.5dB,-14.6dB,na,na,,,,
2025-07-30 21:14:29.663117,PHY,0x4601,1,0,na,"[0,",0,0,1,1123.2,+16.3dB,21.8us,"[0,",1,517.9,normal,0,valid,-14.5dB,-14.6dB,na,na,,,,
2025-07-30 21:14:29.666674,PHY,0x4601,2,,na,"[0,",,,11111,,+32.7dB,23.0us,"[0,",1,517.17,normal,0,valid,-11.6dB,-11.6dB,0.24us,+37.5Hz,,"[6,",,1
2025-07-30 21:14:29.667613,PHY,0x4601,1,0,na,"[0,",0,0,1,1396.7,+17.2dB,18.9us,"[0,",1,517.18,normal,0,valid,-14.5dB,-14.5dB,na,na,,,,
2025-07-30 21:14:29.668079,PHY,0x4601,1,0,na,"[0,",0,0,1,1409.7,+17.2dB,16.9us,"[0,",1,517.19,normal,0,valid,-14.4dB,-14.5dB,na,na,,,,
2025-07-30 21:14:29.672214,CSI,0x4601,2,,na,"[0,",,,1,,+34.2dB,22.6us,"[0,",1,518.8,normal,0,valid,-11.4dB,-11.4dB,0.22us,-49.2Hz,,"[6,",1111,1
2025-07-30 21:14:29.673146,PHY,0x4601,1,0,na,"[0,",0,0,1,1477.6,+17.5dB,18.8us,"[0,",1,518.9,normal,0,valid,-14.4dB,-14.5dB,na,na,,,,
2025-07-30 21:14:29.676720,PHY,0x4601,2,,na,"[0,",,,11111,,+31.2dB,24.9us,"[0,",1,518.17,normal,0,valid,-11.4dB,-11.4dB,0.23us,+41.8Hz,,"[6,",,1
2025-07-30 21:14:29.677637,PHY,0x4601,1,0,na,"[0,",0,0,1,1117.4,+16.2dB,18.9us,"[0,",1,518.18,normal,0,valid,-14.4dB,-14.5dB,na,na,,,,
2025-07-30 21:14:29.678124,PHY,0x4601,1,0,na,"[0,",0,0,1,1139.0,+16.3dB,20.1us,"[0,",1,518.19,normal,0,valid,-14.4dB,-14.5dB,na,na,,,,
2025-07-30 21:14:29.682604,PHY,0x4601,1,0,na,"[0,",0,0,1,1090.6,+16.1dB,19.4us,"[0,",1,519.8,normal,0,valid,-14.5dB,-14.6dB,na,na,,,,
2025-07-30 21:14:29.683076,PHY,0x4601,1,0,na,"[0,",0,0,1,1122.2,+16.3dB,17.2us,"[0,",1,519.9,normal,0,valid,-14.5dB,-14.6dB,na,na,,,,
2025-07-30 21:14:29.686732,PHY,0x4601,2,,na,"[0,",,,11111,,+29.8dB,26.0us,"[0,",1,519.17,normal,0,valid,-11.5dB,-11.6dB,0.24us,-30.8Hz,,"[6,",,1
2025-07-30 21:14:29.687674,PHY,0x4601,1,0,na,"[0,",0,0,1,1436.9,+17.3dB,23.9us,"[0,",1,519.18,normal,0,valid,-14.4dB,-14.5dB,na,na,,,,
2025-07-30 21:14:29.688141,PHY,0x4601,1,0,na,"[0,",0,0,1,1443.8,+17.4dB,16.6us,"[0,",1,519.19,normal,0,valid,-14.4dB,-14.5dB,na,na,,,,
2025-07-30 21:14:29.692268,CSI,0x4601,2,,na,"[0,",,,1,,+36.4dB,20.8us,"[0,",1,520.8,normal,0,valid,-11.3dB,-11.3dB,0.24us,-24.2Hz,,"[6,",1111,1
2025-07-30 21:14:29.693104,PHY,0x4601,1,0,na,"[0,",0,0,1,1372.3,+17.1dB,21.4us,"[0,",1,520.9,normal,0,valid,-14.4dB,-14.5dB,na,na,,,,
2025-07-30 21:14:29.696665,PHY,0x4601,2,,na,"[0,",,,11111,,+32.8dB,34.8us,"[0,",1,520.17,normal,0,valid,-11.4dB,-11.4dB,0.22us,-30.1Hz,,"[6,",,1
2025-07-30 21:14:29.697609,PHY,0x4601,1,0,na,"[0,",0,0,1,1065.6,+16.0dB,30.5us,"[0,",1,520.18,normal,0,valid,-14.4dB,-14.5dB,na,na,,,,
2025-07-30 21:14:29.698176,PHY,0x4601,1,0,na,"[0,",0,0,1,1057.2,+16.0dB,16.3us,"[0,",1,520.19,normal,0,valid,-14.4dB,-14.5dB,na,na,,,,
2025-07-30 21:14:29.702668,PHY,0x4601,1,0,na,"[0,",0,0,1,1094.9,+16.1dB,21.4us,"[0,",1,521.8,normal,0,valid,-14.4dB,-14.6dB,na,na,,,,
2025-07-30 21:14:29.703139,PHY,0x4601,1,0,na,"[0,",0,0,1,1104.6,+16.2dB,18.2us,"[0,",1,521.9,normal,0,valid,-14.5dB,-14.6dB,na,na,,,,
2025-07-30 21:14:29.706692,PHY,0x4601,2,,na,"[0,",,,11111,,+31.6dB,22.6us,"[0,",1,521.17,normal,0,valid,-11.5dB,-11.5dB,0.23us,+0.7Hz,,"[6,",,1
2025-07-30 21:14:29.707623,PHY,0x4601,1,0,na,"[0,",0,0,1,1075.8,+16.1dB,18.8us,"[0,",1,521.18,normal,0,valid,-14.4dB,-14.5dB,na,na,,,,
2025-07-30 21:14:29.708102,PHY,0x4601,1,0,na,"[0,",0,0,1,1134.1,+16.3dB,16.1us,"[0,",1,521.19,normal,0,valid,-14.4dB,-14.5dB,na,na,,,,
2025-07-30 21:14:29.712218,CSI,0x4601,2,,na,"[0,",,,1,,+29.9dB,14.9us,"[0,",1,522.8,normal,0,valid,-11.4dB,-11.4dB,0.22us,-114.2Hz,,"[6,",1111,1
2025-07-30 21:14:29.713167,PHY,0x4601,1,0,na,"[0,",0,0,1,1517.1,+17.6dB,19.4us,"[0,",1,522.9,normal,0,valid,-14.4dB,-14.5dB,na,na,,,,
2025-07-30 21:14:29.716751,PHY,0x4601,2,,na,"[0,",,,11111,,+31.6dB,22.1us,"[0,",1,522.17,normal,0,valid,-11.5dB,-11.5dB,0.21us,+29.0Hz,,"[6,",,1
2025-07-30 21:14:29.717662,PHY,0x4601,1,0,na,"[0,",0,0,1,1076.3,+16.1dB,24.5us,"[0,",1,522.18,normal,0,valid,-14.4dB,-14.5dB,na,na,,,,
2025-07-30 21:14:29.718143,PHY,0x4601,1,0,na,"[0,",0,0,1,1093.5,+16.1dB,22.8us,"[0,",1,522.19,normal,0,valid,-14.4dB,-14.5dB,na,na,,,,
2025-07-30 21:14:29.722622,PHY,0x4601,1,0,na,"[0,",0,0,1,1131.8,+16.2dB,19.4us,"[0,",1,523.8,normal,0,valid,-14.5dB,-14.6dB,na,na,,,,
2025-07-30 21:14:29.723091,PHY,0x4601,1,0,na,"[0,",0,0,1,1085.1,+16.1dB,16.1us,"[0,",1,523.9,normal,0,valid,-14.4dB,-14.5dB,na,na,,,,
2025-07-30 21:14:29.726777,PHY,0x4601,2,,na,"[0,",,,11111,,+28.6dB,23.6us,"[0,",1,523.17,normal,0,valid,-11.5dB,-11.5dB,0.20us,+52.2Hz,,"[6,",,1
2025-07-30 21:14:29.727584,PHY,0x4601,1,0,na,"[0,",0,0,1,1057.8,+16.0dB,19.3us,"[0,",1,523.18,normal,0,valid,-14.4dB,-14.5dB,na,na,,,,
2025-07-30 21:14:29.728162,PHY,0x4601,1,0,na,"[0,",0,0,1,1076.3,+16.0dB,16.5us,"[0,",1,523.19,normal,0,valid,-14.4dB,-14.6dB,na,na,,,,
2025-07-30 21:14:29.732285,CSI,0x4601,2,,na,"[0,",,,1,,+28.7dB,26.9us,"[0,",1,524.8,normal,0,valid,-11.4dB,-11.5dB,0.24us,+31.9Hz,,"[6,",1111,1
2025-07-30 21:14:29.733130,PHY,0x4601,1,0,na,"[0,",0,0,1,1117.9,+16.2dB,19.5us,"[0,",1,524.9,normal,0,valid,-14.4dB,-14.5dB,na,na,,,,
2025-07-30 21:14:29.736679,PHY,0x4601,2,,na,"[0,",,,11111,,+27.8dB,23.3us,"[0,",1,524.17,normal,0,valid,-11.4dB,-11.5dB,0.23us,-129.2Hz,,"[6,",,1
2025-07-30 21:14:29.737613,PHY,0x4601,1,0,na,"[0,",0,0,1,1113.0,+16.2dB,18.3us,"[0,",1,524.18,normal,0,valid,-14.4dB,-14.5dB,na,na,,,,
2025-07-30 21:14:29.738088,PHY,0x4601,1,0,na,"[0,",0,0,1,1132.4,+16.2dB,16.2us,"[0,",1,524.19,normal,0,valid,-14.4dB,-14.5dB,na,na,,,,
2025-07-30 21:14:29.742599,PHY,0x4601,1,0,na,"[0,",0,0,1,1109.2,+16.2dB,26.3us,"[0,",1,525.8,normal,0,valid,-14.5dB,-14.6dB,na,na,,,,
2025-07-30 21:14:29.743152,PHY,0x4601,1,0,na,"[0,",0,0,1,1102.3,+16.2dB,17.3us,"[0,",1,525.9,normal,0,valid,-14.5dB,-14.5dB,na,na,,,,
2025-07-30 21:14:29.746728,PHY,0x4601,2,,na,"[0,",,,11111,,+27.7dB,22.1us,"[0,",1,525.17,normal,0,valid,-11.5dB,-11.5dB,0.22us,+17.4Hz,,"[6,",,1
2025-07-30 21:14:29.747652,PHY,0x4601,1,0,na,"[0,",0,0,1,1494.4,+17.5dB,27.1us,"[0,",1,525.18,normal,0,valid,-14.4dB,-14.5dB,na,na,,,,
2025-07-30 21:14:29.748113,PHY,0x4601,1,0,na,"[0,",0,0,1,1472.2,+17.4dB,15.8us,"[0,",1,525.19,normal,0,valid,-14.4dB,-14.5dB,na,na,,,,
2025-07-30 21:14:29.752251,CSI,0x4601,2,,na,"[0,",,,1,,+28.8dB,16.7us,"[0,",1,526.8,normal,0,valid,-11.4dB,-11.4dB,0.24us,-33.3Hz,,"[6,",1111,1
2025-07-30 21:14:29.753077,PHY,0x4601,1,0,na,"[0,",0,0,1,1440.1,+17.3dB,18.8us,"[0,",1,526.9,normal,0,valid,-14.4dB,-14.5dB,na,na,,,,
2025-07-30 21:14:29.756734,PHY,0x4601,2,,na,"[0,",,,11111,,+30.0dB,25.3us,"[0,",1,526.17,normal,0,valid,-11.4dB,-11.5dB,0.24us,+56.6Hz,,"[6,",,1
2025-07-30 21:14:29.757670,PHY,0x4601,1,0,na,"[0,",0,0,1,1433.5,+17.3dB,18.4us,"[0,",1,526.18,normal,0,valid,-14.4dB,-14.5dB,na,na,,,,
2025-07-30 21:14:29.758141,PHY,0x4601,1,0,na,"[0,",0,0,1,1500.5,+17.5dB,16.1us,"[0,",1,526.19,normal,0,valid,-14.4dB,-14.5dB,na,na,,,,
2025-07-30 21:14:29.762646,PHY,0x4601,1,0,na,"[0,",0,0,1,1125.6,+16.3dB,19.7us,"[0,",1,527.8,normal,0,valid,-14.5dB,-14.6dB,na,na,,,,
2025-07-30 21:14:29.763112,PHY,0x4601,1,0,na,"[0,",0,0,1,1179.9,+16.5dB,17.3us,"[0,",1,527.9,normal,0,valid,-14.5dB,-14.6dB,na,na,,,,
2025-07-30 21:14:29.766670,PHY,0x4601,2,,na,"[0,",,,11111,,+32.0dB,31.6us,"[0,",1,527.17,normal,0,valid,-11.6dB,-11.7dB,0.23us,-23.0Hz,,"[6,",,1
2025-07-30 21:14:29.767605,PHY,0x4601,1,0,na,"[0,",0,0,1,1085.0,+16.1dB,27.0us,"[0,",1,527.18,normal,0,valid,-14.4dB,-14.5dB,na,na,,,,
2025-07-30 21:14:29.768074,PHY,0x4601,1,0,na,"[0,",0,0,1,1085.3,+16.1dB,17.9us,"[0,",1,527.19,normal,0,valid,-14.4dB,-14.5dB,na,na,,,,
2025-07-30 21:14:29.772204,CSI,0x4601,2,,na,"[0,",,,1,,+30.3dB,18.1us,"[0,",1,528.8,normal,0,valid,-11.5dB,-11.6dB,0.24us,-17.0Hz,,"[6,",1111,1
2025-07-30 21:14:29.773153,PHY,0x4601,1,0,na,"[0,",0,0,1,1069.6,+16.0dB,24.3us,"[0,",1,528.9,normal,0,valid,-14.5dB,-14.6dB,na,na,,,,
2025-07-30 21:14:29.776729,PHY,0x4601,2,,na,"[0,",,,11111,,+28.5dB,24.7us,"[0,",1,528.17,normal,0,valid,-11.5dB,-11.6dB,0.22us,+46.0Hz,,"[6,",,1
2025-07-30 21:14:29.777629,PHY,0x4601,1,0,na,"[0,",0,0,1,1102.2,+16.2dB,20.2us,"[0,",1,528.18,normal,0,valid,-14.4dB,-14.5dB,na,na,,,,
2025-07-30 21:14:29.778097,PHY,0x4601,1,0,na,"[0,",0,0,1,1083.3,+16.1dB,17.1us,"[0,",1,528.19,normal,0,valid,-14.4dB,-14.6dB,na,na,,,,
2025-07-30 21:14:29.782611,PHY,0x4601,1,0,na,"[0,",0,0,1,1071.7,+16.1dB,19.0us,"[0,",1,529.8,normal,0,valid,-14.5dB,-14.5dB,na,na,,,,
2025-07-30 21:14:29.783176,PHY,0x4601,1,0,na,"[0,",0,0,1,1091.6,+16.1dB,16.3us,"[0,",1,529.9,normal,0,valid,-14.5dB,-14.6dB,na,na,,,,
2025-07-30 21:14:29.786754,PHY,0x4601,2,,na,"[0,",,,11111,,+31.4dB,24.0us,"[0,",1,529.17,normal,0,valid,-11.4dB,-11.5dB,0.21us,+126.7Hz,,"[6,",,1
2025-07-30 21:14:29.787658,PHY,0x4601,1,0,na,"[0,",0,0,1,1485.7,+17.5dB,20.3us,"[0,",1,529.18,normal,0,valid,-14.4dB,-14.5dB,na,na,,,,
2025-07-30 21:14:29.788135,PHY,0x4601,1,0,na,"[0,",0,0,1,1506.8,+17.5dB,16.7us,"[0,",1,529.19,normal,0,valid,-14.4dB,-14.5dB,na,na,,,,
2025-07-30 21:14:29.792249,CSI,0x4601,2,,na,"[0,",,,1,,+31.4dB,19.0us,"[0,",1,530.8,normal,0,valid,-11.5dB,-11.5dB,0.22us,+11.7Hz,,"[6,",1111,1
2025-07-30 21:14:29.793101,PHY,0x4601,1,0,na,"[0,",0,0,1,1541.6,+17.6dB,24.1us,"[0,",1,530.9,normal,0,valid,-14.4dB,-14.5dB,na,na,,,,
2025-07-30 21:14:29.796762,PHY,0x4601,2,,na,"[0,",,,11111,,+32.5dB,29.1us,"[0,",1,530.17,normal,0,valid,-11.5dB,-11.5dB,0.22us,-6.4Hz,,"[6,",,1
2025-07-30 21:14:29.797586,PHY,0x4601,1,0,na,"[0,",0,0,1,1087.1,+16.1dB,18.0us,"[0,",1,530.18,normal,0,valid,-14.4dB,-14.5dB,na,na,,,,
2025-07-30 21:14:29.798162,PHY,0x4601,1,0,na,"[0,",0,0,1,1081.3,+16.1dB,15.9us,"[0,",1,530.19,normal,0,valid,-14.4dB,-14.5dB,na,na,,,,
2025-07-30 21:14:29.802667,PHY,0x4601,1,0,na,"[0,",0,0,1,1067.3,+16.0dB,26.0us,"[0,",1,531.8,normal,0,valid,-14.5dB,-14.6dB,na,na,,,,
2025-07-30 21:14:29.803126,PHY,0x4601,1,0,na,"[0,",0,0,1,1121.0,+16.2dB,15.4us,"[0,",1,531.9,normal,0,valid,-14.5dB,-14.6dB,na,na,,,,
2025-07-30 21:14:29.806684,PHY,0x4601,2,,na,"[0,",,,11111,,+34.4dB,25.1us,"[0,",1,531.17,normal,0,valid,-11.5dB,-11.5dB,0.21us,+29.6Hz,,"[6,",,1
2025-07-30 21:14:29.807613,PHY,0x4601,1,0,na,"[0,",0,0,1,1487.6,+17.5dB,19.6us,"[0,",1,531.18,normal,0,valid,-14.4dB,-14.5dB,na,na,,,,
2025-07-30 21:14:29.808088,PHY,0x4601,1,0,na,"[0,",0,0,1,1471.9,+17.5dB,17.5us,"[0,",1,531.19,normal,0,valid,-14.5dB,-14.5dB,na,na,,,,
2025-07-30 21:14:29.812238,CSI,0x4601,2,,na,"[0,",,,1,,+30.9dB,19.9us,"[0,",1,532.8,normal,0,valid,-11.4dB,-11.4dB,0.22us,-117.4Hz,,"[6,",1111,1
2025-07-30 21:14:29.813159,PHY,0x4601,1,0,na,"[0,",0,0,1,1033.1,+15.9dB,18.5us,"[0,",1,532.9,normal,0,valid,-14.4dB,-14.6dB,na,na,,,,
2025-07-30 21:14:29.816716,PHY,0x4601,2,,na,"[0,",,,11111,,+32.1dB,21.4us,"[0,",1,532.17,normal,0,valid,-11.6dB,-11.6dB,0.23us,+68.5Hz,,"[6,",,1
2025-07-30 21:14:29.817644,PHY,0x4601,1,0,na,"[0,",0,0,1,1378.8,+17.1dB,18.0us,"[0,",1,532.18,normal,0,valid,-14.4dB,-14.5dB,na,na,,,,
2025-07-30 21:14:29.818119,PHY,0x4601,1,0,na,"[0,",0,0,1,1390.9,+17.2dB,17.7us,"[0,",1,532.19,normal,0,valid,-14.4dB,-14.5dB,na,na,,,,
2025-07-30 21:14:29.822617,PHY,0x4601,1,0,na,"[0,",0,0,1,1100.7,+16.1dB,18.9us,"[0,",1,533.8,normal,0,valid,-14.4dB,-14.6dB,na,na,,,,
2025-07-30 21:14:29.823086,PHY,0x4601,1,0,na,"[0,",0,0,1,1106.2,+16.2dB,16.6us,"[0,",1,533.9,normal,0,valid,-14.5dB,-14.6dB,na,na,,,,
2025-07-30 21:14:29.826753,PHY,0x4601,2,,na,"[0,",,,11111,,+30.5dB,26.8us,"[0,",1,533.17,normal,0,valid,-11.6dB,-11.7dB,0.20us,-2.3Hz,,"[6,",,1
2025-07-30 21:14:29.827577,PHY,0x4601,1,0,na,"[0,",0,0,1,1408.7,+17.2dB,18.4us,"[0,",1,533.18,normal,0,valid,-14.4dB,-14.5dB,na,na,,,,
2025-07-30 21:14:29.828161,PHY,0x4601,1,0,na,"[0,",0,0,1,1510.3,+17.5dB,16.6us,"[0,",1,533.19,normal,0,valid,-14.4dB,-14.5dB,na,na,,,,
2025-07-30 21:14:29.832265,CSI,0x4601,2,,na,"[0,",,,1,,+31.8dB,17.7us,"[0,",1,534.8,normal,0,valid,-11.5dB,-11.5dB,0.23us,+32.8Hz,,"[6,",1111,1
2025-07-30 21:14:29.833123,PHY,0x4601,1,0,na,"[0,",0,0,1,1445.4,+17.3dB,18.9us,"[0,",1,534.9,normal,0,valid,-14.5dB,-14.5dB,na,na,,,,
2025-07-30 21:14:29.836678,PHY,0x4601,2,,na,"[0,",,,11111,,+37.0dB,29.4us,"[0,",1,534.17,normal,0,valid,-11.4dB,-11.4dB,0.23us,+33.6Hz,,"[6,",,1
2025-07-30 21:14:29.837605,PHY,0x4601,1,0,na,"[0,",0,0,1,1412.3,+17.2dB,18.2us,"[0,",1,534.18,normal,0,valid,-14.4dB,-14.5dB,na,na,,,,
2025-07-30 21:14:29.838076,PHY,0x4601,1,0,na,"[0,",0,0,1,1472.5,+17.4dB,16.5us,"[0,",1,534.19,normal,0,valid,-14.4dB,-14.5dB,na,na,,,,
2025-07-30 21:14:29.842681,PHY,0x4601,1,0,na,"[0,",0,0,1,1084.0,+16.1dB,25.0us,"[0,",1,535.8,normal,0,valid,-14.5dB,-14.5dB,na,na,,,,
2025-07-30 21:14:29.843142,PHY,0x4601,1,0,na,"[0,",0,0,1,1128.2,+16.3dB,16.0us,"[0,",1,535.9,normal,0,valid,-14.5dB,-14.5dB,na,na,,,,
2025-07-30 21:14:29.846730,PHY,0x4601,2,,na,"[0,",,,11111,,+34.4dB,26.4us,"[0,",1,535.17,normal,0,valid,-11.4dB,-11.4dB,0.21us,-129.6Hz,,"[6,",,1
2025-07-30 21:14:29.847634,PHY,0x4601,1,0,na,"[0,",0,0,1,1104.0,+16.2dB,17.7us,"[0,",1,535.18,normal,0,valid,-14.4dB,-14.5dB,na,na,,,,
2025-07-30 21:14:29.848111,PHY,0x4601,1,0,na,"[0,",0,0,1,1072.6,+16.1dB,18.8us,"[0,",1,535.19,normal,0,valid,-14.4dB,-14.5dB,na,na,,,,
2025-07-30 21:14:29.852244,CSI,0x4601,2,,na,"[0,",,,1,,+32.0dB,21.1us,"[0,",1,536.8,normal,0,valid,-11.4dB,-11.4dB,0.22us,-90.9Hz,,"[6,",1111,1
2025-07-30 21:14:29.853079,PHY,0x4601,1,0,na,"[0,",0,0,1,1081.0,+16.1dB,19.9us,"[0,",1,536.9,normal,0,valid,-14.4dB,-14.5dB,na,na,,,,
2025-07-30 21:14:29.856740,PHY,0x4601,2,,na,"[0,",,,11111,,+29.2dB,32.6us,"[0,",1,536.17,normal,0,valid,-11.4dB,-11.4dB,0.23us,+25.6Hz,,"[6,",,1
2025-07-30 21:14:29.857668,PHY,0x4601,1,0,na,"[0,",0,0,1,1414.3,+17.2dB,20.5us,"[0,",1,536.18,normal,0,valid,-14.4dB,-14.5dB,na,na,,,,
2025-07-30 21:14:29.858154,PHY,0x4601,1,0,na,"[0,",0,0,1,1399.0,+17.2dB,18.7us,"[0,",1,536.19,normal,0,valid,-14.4dB,-14.5dB,na,na,,,,
2025-07-30 21:14:29.862634,PHY,0x4601,1,0,na,"[0,",0,0,1,1160.4,+16.4dB,18.8us,"[0,",1,537.8,normal,0,valid,-14.5dB,-14.6dB,na,na,,,,
2025-07-30 21:14:29.863104,PHY,0x4601,1,0,na,"[0,",0,0,1,1081.1,+16.1dB,15.3us,"[0,",1,537.9,normal,0,valid,-14.4dB,-14.5dB,na,na,,,,
2025-07-30 21:14:29.866657,PHY,0x4601,2,,na,"[0,",,,11111,,+33.2dB,29.6us,"[0,",1,537.17,normal,0,valid,-11.4dB,-11.4dB,0.21us,+69.7Hz,,"[6,",,1
2025-07-30 21:14:29.867586,PHY,0x4601,1,0,na,"[0,",0,0,1,1044.3,+15.9dB,17.5us,"[0,",1,537.18,normal,0,valid,-14.4dB,-14.5dB,na,na,,,,
2025-07-30 21:14:29.868187,PHY,0x4601,1,0,na,"[0,",0,0,1,1073.5,+16.0dB,23.6us,"[0,",1,537.19,normal,0,valid,-14.4dB,-14.5dB,na,na,,,,
2025-07-30 21:14:29.872191,CSI,0x4601,2,,na,"[0,",,,1,,+33.1dB,15.6us,"[0,",1,538.8,normal,0,valid,-11.3dB,-11.4dB,0.23us,-27.6Hz,,"[6,",1111,1
2025-07-30 21:14:29.873148,PHY,0x4601,1,0,na,"[0,",0,0,1,1528.3,+17.6dB,23.4us,"[0,",1,538.9,normal,0,valid,-14.4dB,-14.5dB,na,na,,,,
2025-07-30 21:14:29.876688,PHY,0x4601,2,,na,"[0,",,,11111,,+28.7dB,22.9us,"[0,",1,538.17,normal,0,valid,-11.4dB,-11.5dB,0.24us,-36.2Hz,,"[6,",,1
2025-07-30 21:14:29.877620,PHY,0x4601,1,0,na,"[0,",0,0,1,1471.5,+17.4dB,19.0us,"[0,",1,538.18,normal,0,valid,-14.4dB,-14.5dB,na,na,,,,
2025-07-30 21:14:29.878098,PHY,0x4601,1,0,na,"[0,",0,0,1,1545.0,+17.6dB,18.2us,"[0,",1,538.19,normal,0,valid,-14.4dB,-14.5dB,na,na,,,,
2025-07-30 21:14:29.882585,PHY,0x4601,1,0,na,"[0,",0,0,1,1069.7,+16.0dB,18.6us,"[0,",1,539.8,normal,0,valid,-14.5dB,-14.6dB,na,na,,,,
2025-07-30 21:14:29.883165,PHY,0x4601,1,0,na,"[0,",0,0,1,1078.1,+16.1dB,16.2us,"[0,",1,539.9,normal,0,valid,-14.5dB,-14.5dB,na,na,,,,
2025-07-30 21:14:29.886742,PHY,0x4601,2,,na,"[0,",,,11111,,+30.2dB,25.3us,"[0,",1,539.17,normal,0,valid,-11.5dB,-11.5dB,0.20us,-110.7Hz,,"[6,",,1
2025-07-30 21:14:29.887661,PHY,0x4601,1,0,na,"[0,",0,0,1,1132.2,+16.3dB,19.8us,"[0,",1,539.18,normal,0,valid,-14.4dB,-14.6dB,na,na,,,,
2025-07-30 21:14:29.888126,PHY,0x4601,1,0,na,"[0,",0,0,1,1094.5,+16.2dB,16.3us,"[0,",1,539.19,normal,0,valid,-14.4dB,-14.5dB,na,na,,,,
2025-07-30 21:14:29.892248,CSI,0x4601,2,,na,"[0,",,,1,,+29.2dB,18.8us,"[0,",1,540.8,normal,0,valid,-11.4dB,-11.5dB,0.22us,-141.0Hz,,"[6,",1111,1
2025-07-30 21:14:29.893101,PHY,0x4601,1,0,na,"[0,",0,0,1,1092.2,+16.1dB,20.9us,"[0,",1,540.9,normal,0,valid,-14.4dB,-14.5dB,na,na,,,,
2025-07-30 21:14:29.896750,PHY,0x4601,2,,na,"[0,",,,11111,,+32.8dB,24.4us,"[0,",1,540.17,normal,0,valid,-11.4dB,-11.5dB,0.22us,-24.5Hz,,"[6,",,1
2025-07-30 21:14:29.897579,PHY,0x4601,1,0,na,"[0,",0,0,1,1053.4,+15.9dB,18.9us,"[0,",1,540.18,normal,0,valid,-14.4dB,-14.5dB,na,na,,,,
2025-07-30 21:14:29.898162,PHY,0x4601,1,0,na,"[0,",0,0,1,1067.7,+16.0dB,15.9us,"[0,",1,540.19,normal,0,valid,-14.4dB,-14.5dB,na,na,,,,
2025-07-30 21:14:29.902649,PHY,0x4601,1,0,na,"[0,",0,0,1,1061.0,+16.0dB,18.9us,"[0,",1,541.8,normal,0,valid,-14.5dB,-14.6dB,na,na,,,,
2025-07-30 21:14:29.903120,PHY,0x4601,1,0,na,"[0,",0,0,1,1041.9,+15.9dB,16.7us,"[0,",1,541.9,normal,0,valid,-14.5dB,-14.6dB,na,na,,,,
2025-07-30 21:14:29.906675,PHY,0x4601,2,,na,"[0,",,,11111,,+28.8dB,29.1us,"[0,",1,541.17,normal,0,valid,-11.4dB,-11.5dB,0.23us,+90.0Hz,,"[6,",,1
2025-07-30 21:14:29.907611,PHY,0x4601,1,0,na,"[0,",0,0,1,1360.0,+17.1dB,18.5us,"[0,",1,541.18,normal,0,valid,-14.4dB,-14.5dB,na,na,,,,
2025-07-30 21:14:29.908134,PHY,0x4601,1,0,na,"[0,",0,0,1,1451.4,+17.4dB,19.7us,"[0,",1,541.19,normal,0,valid,-14.4dB,-14.5dB,na,na,,,,
2025-07-30 21:14:29.912224,CSI,0x4601,2,,na,"[0,",,,1,,+30.5dB,20.4us,"[0,",1,542.8,normal,0,valid,-11.4dB,-11.4dB,0.25us,-113.2Hz,,"[6,",1111,1
2025-07-30 21:14:29.913166,PHY,0x4601,1,0,na,"[0,",0,0,1,1449.9,+17.3dB,22.2us,"[0,",1,542.9,normal,0,valid,-14.4dB,-14.5dB,na,na,,,,
2025-07-30 21:14:29.916720,PHY,0x4601,2,,na,"[0,",,,11111,,+33.6dB,24.7us,"[0,",1,542.17,normal,0,valid,-11.4dB,-11.5dB,0.23us,-44.3Hz,,"[6,",,1
2025-07-30 21:14:29.917645,PHY,0x4601,1,0,na,"[0,",0,0,1,1430.9,+17.3dB,22.8us,"[0,",1,542.18,normal,0,valid,-14.4dB,-14.5dB,na,na,,,,
2025-07-30 21:14:29.918116,PHY,0x4601,1,0,na,"[0,",0,0,1,1403.1,+17.2dB,16.1us,"[0,",1,542.19,normal,0,valid,-14.5dB,-14.5dB,na,na,,,,
2025-07-30 21:14:29.922605,PHY,0x4601,1,0,na,"[0,",0,0,1,1070.8,+16.0dB,19.4us,"[0,",1,543.8,normal,0,valid,-14.5dB,-14.6dB,na,na,,,,
2025-07-30 21:14:29.923074,PHY,0x4601,1,0,na,"[0,",0,0,1,1044.6,+16.0dB,16.1us,"[0,",1,543.9,normal,0,valid,-14.4dB,-14.5dB,na,na,,,,
2025-07-30 21:14:29.926743,PHY,0x4601,2,,na,"[0,",,,11111,,+32.4dB,23.3us,"[0,",1,543.17,normal,0,valid,-11.3dB,-11.4dB,0.23us,+73.7Hz,,"[6,",,1
2025-07-30 21:14:29.927673,PHY,0x4601,1,0,na,"[0,",0,0,1,1513.7,+17.5dB,19.3us,"[0,",1,543.18,normal,0,valid,-14.4dB,-14.5dB,na,na,,,,
2025-07-30 21:14:29.928142,PHY,0x4601,1,0,na,"[0,",0,0,1,1393.2,+17.2dB,16.3us,"[0,",1,543.19,normal,0,valid,-14.4dB,-14.5dB,na,na,,,,
2025-07-30 21:14:29.932272,CSI,0x4601,2,,na,"[0,",,,1,,+33.3dB,18.0us,"[0,",1,544.8,normal,0,valid,-11.3dB,-11.3dB,0.24us,-57.7Hz,,"[6,",1111,1
2025-07-30 21:14:29.933130,PHY,0x4601,1,0,na,"[0,",0,0,1,1053.5,+16.0dB,23.3us,"[0,",1,544.9,normal,0,valid,-14.5dB,-14.6dB,na,na,,,,
2025-07-30 21:14:29.936661,PHY,0x4601,2,,na,"[0,",,,11111,,+28.7dB,20.7us,"[0,",1,544.17,normal,0,valid,-11.6dB,-11.6dB,0.21us,-2.7Hz,,"[6,",,1
2025-07-30 21:14:29.937610,PHY,0x4601,1,0,na,"[0,",0,0,1,1376.9,+17.2dB,21.9us,"[0,",1,544.18,normal,0,valid,-14.4dB,-14.5dB,na,na,,,,
2025-07-30 21:14:29.938081,PHY,0x4601,1,0,na,"[0,",0,0,1,1447.8,+17.4dB,18.8us,"[0,",1,544.19,normal,0,valid,-14.4dB,-14.5dB,na,na,,,,
2025-07-30 21:14:29.942669,PHY,0x4601,1,0,na,"[0,",0,0,1,1122.7,+16.2dB,20.2us,"[0,",1,545.8,normal,0,valid,-14.5dB,-14.6dB,na,na,,,,
2025-07-30 21:14:29.943140,PHY,0x4601,1,0,na,"[0,",0,0,1,1046.8,+15.9dB,15.4us,"[0,",1,545.9,normal,0,valid,-14.5dB,-14.6dB,na,na,,,,
2025-07-30 21:14:29.946723,PHY,0x4601,2,,na,"[0,",,,11111,,+31.5dB,34.6us,"[0,",1,545.17,normal,0,valid,-11.4dB,-11.4dB,0.21us,+70.7Hz,,"[6,",,1
2025-07-30 21:14:29.947633,PHY,0x4601,1,0,na,"[0,",0,0,1,1041.0,+15.9dB,19.6us,"[0,",1,545.18,normal,0,valid,-14.4dB,-14.5dB,na,na,,,,
2025-07-30 21:14:29.948126,PHY,0x4601,1,0,na,"[0,",0,0,1,1168.5,+16.4dB,29.2us,"[0,",1,545.19,normal,0,valid,-14.4dB,-14.5dB,na,na,,,,
2025-07-30 21:14:29.952235,CSI,0x4601,2,,na,"[0,",,,1,,+31.0dB,15.9us,"[0,",1,546.8,normal,0,valid,-11.3dB,-11.3dB,0.22us,-28.6Hz,,"[6,",1111,1
2025-07-30 21:14:29.953184,PHY,0x4601,1,0,na,"[0,",0,0,1,1407.4,+17.2dB,18.9us,"[0,",1,546.9,normal,0,valid,-14.4dB,-14.5dB,na,na,,,,
2025-07-30 21:14:29.956740,PHY,0x4601,2,,na,"[0,",,,11111,,+27.7dB,25.6us,"[0,",1,546.17,normal,0,valid,-11.5dB,-11.5dB,0.22us,-70.1Hz,,"[6,",,1
2025-07-30 21:14:29.957661,PHY,0x4601,1,0,na,"[0,",0,0,1,1113.5,+16.2dB,21.3us,"[0,",1,546.18,normal,0,valid,-14.4dB,-14.5dB,na,na,,,,
2025-07-30 21:14:29.958134,PHY,0x4601,1,0,na,"[0,",0,0,1,1087.7,+16.1dB,15.8us,"[0,",1,546.19,normal,0,valid,-14.4dB,-14.5dB,na,na,,,,
2025-07-30 21:14:29.962633,PHY,0x4601,1,0,na,"[0,",0,0,1,1128.3,+16.2dB,18.7us,"[0,",1,547.8,normal,0,valid,-14.5dB,-14.6dB,na,na,,,,
2025-07-30 21:14:29.963097,PHY,0x4601,1,0,na,"[0,",0,0,1,1065.3,+16.0dB,15.9us,"[0,",1,547.9,normal,0,valid,-14.5dB,-14.6dB,na,na,,,,
2025-07-30 21:14:29.966772,PHY,0x4601,2,,na,"[0,",,,11111,,+33.4dB,29.8us,"[0,",1,547.17,normal,0,valid,-11.4dB,-11.4dB,0.22us,+130.2Hz,,"[6,",,1
2025-07-30 21:14:29.967586,PHY,0x4601,1,0,na,"[0,",0,0,1,1066.5,+16.0dB,18.7us,"[0,",1,547.18,normal,0,valid,-14.4dB,-14.5dB,na,na,,,,
2025-07-30 21:14:29.968170,PHY,0x4601,1,0,na,"[0,",0,0,1,1089.3,+16.1dB,21.3us,"[0,",1,547.19,normal,0,valid,-14.4dB,-14.5dB,na,na,,,,
2025-07-30 21:14:29.972191,CSI,0x4601,2,,na,"[0,",,,1,,+31.6dB,19.1us,"[0,",1,548.8,normal,0,valid,-11.3dB,-11.3dB,0.21us,-80.9Hz,,"[6,",1111,1
2025-07-30 21:14:29.973143,PHY,0x4601,1,0,na,"[0,",0,0,1,1062.5,+16.0dB,23.7us,"[0,",1,548.9,normal,0,valid,-14.4dB,-14.6dB,na,na,,,,
2025-07-30 21:14:29.976680,PHY,0x4601,2,,na,"[0,",,,11111,,+29.1dB,23.1us,"[0,",1,548.17,normal,0,valid,-11.4dB,-11.4dB,0.22us,+30.6Hz,,"[6,",,1
2025-07-30 21:14:29.977617,PHY,0x4601,1,0,na,"[0,",0,0,1,1548.1,+17.6dB,18.6us,"[0,",1,548.18,normal,0,valid,-14.4dB,-14.5dB,na,na,,,,
2025-07-30 21:14:29.978093,PHY,0x4601,1,0,na,"[0,",0,0,1,1413.6,+17.2dB,16.1us,"[0,",1,548.19,normal,0,valid,-14.4dB,-14.5dB,na,na,,,,
2025-07-30 21:14:29.982583,PHY,0x4601,1,0,na,"[0,",0,0,1,1079.9,+16.1dB,19.2us,"[0,",1,549.8,normal,0,valid,-14.5dB,-14.6dB,na,na,,,,
2025-07-30 21:14:29.983157,PHY,0x4601,1,0,na,"[0,",0,0,1,1141.8,+16.3dB,16.2us,"[0,",1,549.9,normal,0,valid,-14.5dB,-14.5dB,na,na,,,,
2025-07-30 21:14:29.986729,PHY,0x4601,2,,na,"[0,",,,11111,,+33.5dB,27.1us,"[0,",1,549.17,normal,0,valid,-11.3dB,-11.3dB,0.22us,-63.4Hz,,"[6,",,1
2025-07-30 21:14:29.987643,PHY,0x4601,1,0,na,"[0,",0,0,1,1513.1,+17.5dB,18.5us,"[0,",1,549.18,normal,0,valid,-14.4dB,-14.5dB,na,na,,,,
2025-07-30 21:14:29.988140,PHY,0x4601,1,0,na,"[0,",0,0,1,1377.3,+17.1dB,19.6us,"[0,",1,549.19,normal,0,valid,-14.4dB,-14.5dB,na,na,,,,
2025-07-30 21:14:29.992327,CSI,0x4601,2,,na,"[0,",,,1,,+32.4dB,18.7us,"[0,",1,550.8,normal,0,valid,-11.4dB,-11.5dB,0.23us,+100.0Hz,,"[6,",1111,1
2025-07-30 21:14:29.993093,PHY,0x4601,1,0,na,"[0,",0,0,1,1351.4,+17.1dB,20.9us,"[0,",1,550.9,normal,0,valid,-14.4dB,-14.5dB,na,na,,,,
2025-07-30 21:14:29.996766,PHY,0x4601,2,,na,"[0,",,,11111,,+32.1dB,25.7us,"[0,",1,550.17,normal,0,valid,-11.5dB,-11.5dB,0.22us,-43.4Hz,,"[6,",,1
2025-07-30 21:14:29.997572,PHY,0x4601,1,0,na,"[0,",0,0,1,1372.0,+17.1dB,20.5us,"[0,",1,550.18,normal,0,valid,-14.4dB,-14.5dB,na,na,,,,
2025-07-30 21:14:29.998152,PHY,0x4601,1,0,na,"[0,",0,0,1,1579.5,+17.7dB,17.6us,"[0,",1,550.19,normal,0,valid,-14.4dB,-14.5dB,na,na,,,,
2025-07-30 21:14:30.002649,PHY,0x4601,1,0,na,"[0,",0,0,1,1088.6,+16.1dB,23.3us,"[0,",1,551.8,normal,0,valid,-14.5dB,-14.6dB,na,na,,,,
2025-07-30 21:14:30.003131,PHY,0x4601,1,0,na,"[0,",0,0,1,1088.3,+16.1dB,29.9us,"[0,",1,551.9,normal,0,valid,-14.5dB,-14.6dB,na,na,,,,
2025-07-30 21:14:30.006672,PHY,0x4601,2,,na,"[0,",,,11111,,+33.3dB,21.7us,"[0,",1,551.17,normal,0,valid,-11.4dB,-11.4dB,0.22us,+104.1Hz,,"[6,",,1
2025-07-30 21:14:30.007603,PHY,0x4601,1,0,na,"[0,",0,0,1,1606.7,+17.8dB,17.8us,"[0,",1,551.18,normal,0,valid,-14.4dB,-14.5dB,na,na,,,,
2025-07-30 21:14:30.008079,PHY,0x4601,1,0,na,"[0,",0,0,1,1483.4,+17.5dB,16.4us,"[0,",1,551.19,normal,0,valid,-14.4dB,-14.5dB,na,na,,,,
2025-07-30 21:14:30.012218,CSI,0x4601,2,,na,"[0,",,,1,,+31.5dB,17.9us,"[0,",1,552.8,normal,0,valid,-11.4dB,-11.4dB,0.22us,-51.5Hz,,"[6,",1111,1
2025-07-30 21:14:30.013143,PHY,0x4601,1,0,na,"[0,",0,0,1,1379.8,+17.1dB,18.8us,"[0,",1,552.9,normal,0,valid,-14.4dB,-14.5dB,na,na,,,,
2025-07-30 21:14:30.016725,PHY,0x4601,2,,na,"[0,",,,11111,,+32.6dB,25.0us,"[0,",1,552.17,normal,0,valid,-11.4dB,-11.5dB,0.22us,-9.3Hz,,"[6,",,1
2025-07-30 21:14:30.017629,PHY,0x4601,1,0,na,"[0,",0,0,1,1453.9,+17.4dB,18.5us,"[0,",1,552.18,normal,0,valid,-14.4dB,-14.5dB,na,na,,,,
2025-07-30 21:14:30.018101,PHY,0x4601,1,0,na,"[0,",0,0,1,1476.5,+17.5dB,16.9us,"[0,",1,552.19,normal,0,valid,-14.4dB,-14.5dB,na,na,,,,
2025-07-30 21:14:30.022600,PHY,0x4601,1,0,na,"[0,",0,0,1,1073.4,+16.0dB,24.6us,"[0,",1,553.8,normal,0,valid,-14.5dB,-14.6dB,na,na,,,,
2025-07-30 21:14:30.023078,PHY,0x4601,1,0,na,"[0,",0,0,1,1040.7,+15.9dB,19.5us,"[0,",1,553.9,normal,0,valid,-14.5dB,-14.5dB,na,na,,,,
2025-07-30 21:14:30.026755,PHY,0x4601,2,,na,"[0,",,,11111,,+33.6dB,26.2us,"[0,",1,553.17,normal,0,valid,-11.3dB,-11.3dB,0.21us,+54.8Hz,,"[6,",,1
2025-07-30 21:14:30.027673,PHY,0x4601,1,0,na,"[0,",0,0,1,1110.8,+16.2dB,26.6us,"[0,",1,553.18,normal,0,valid,-14.4dB,-14.5dB,na,na,,,,
2025-07-30 21:14:30.028140,PHY,0x4601,1,0,na,"[0,",0,0,1,1069.2,+16.0dB,16.0us,"[0,",1,553.19,normal,0,valid,-14.4dB,-14.6dB,na,na,,,,
2025-07-30 21:14:30.032234,CSI,0x4601,2,,na,"[0,",,,1,,+30.1dB,13.6us,"[0,",1,554.8,normal,0,valid,-11.5dB,-11.5dB,0.24us,+17.0Hz,,"[6,",1111,1
2025-07-30 21:14:30.033121,PHY,0x4601,1,0,na,"[0,",0,0,1,1352.1,+17.1dB,17.3us,"[0,",1,554.9,normal,0,valid,-14.4dB,-14.5dB,na,na,,,,
2025-07-30 21:14:30.036649,PHY,0x4601,2,,na,"[0,",,,11111,,+29.0dB,20.8us,"[0,",1,554.17,normal,0,valid,-11.5dB,-11.6dB,0.25us,+37.1Hz,,"[6,",,1
2025-07-30 21:14:30.037609,PHY,0x4601,1,0,na,"[0,",0,0,1,1121.8,+16.2dB,18.5us,"[0,",1,554.18,normal,0,valid,-14.4dB,-14.5dB,na,na,,,,
2025-07-30 21:14:30.038204,PHY,0x4601,1,0,na,"[0,",0,0,1,1096.3,+16.2dB,17.0us,"[0,",1,554.19,normal,0,valid,-14.4dB,-14.5dB,na,na,,,,
2025-07-30 21:14:30.042692,PHY,0x4601,1,0,na,"[0,",0,0,1,1065.9,+16.0dB,21.5us,"[0,",1,555.8,normal,0,valid,-14.5dB,-14.6dB,na,na,,,,
2025-07-30 21:14:30.043172,PHY,0x4601,1,0,na,"[0,",0,0,1,1080.7,+16.1dB,19.8us,"[0,",1,555.9,normal,0,valid,-14.4dB,-14.5dB,na,na,,,,
2025-07-30 21:14:30.046701,PHY,0x4601,2,,na,"[0,",,,11111,,+34.3dB,20.2us,"[0,",1,555.17,normal,0,valid,-11.5dB,-11.5dB,0.20us,+5.1Hz,,"[6,",,1
2025-07-30 21:14:30.047640,PHY,0x4601,1,0,na,"[0,",0,0,1,1014.9,+15.8dB,17.7us,"[0,",1,555.18,normal,0,valid,-14.4dB,-14.5dB,na,na,,,,
2025-07-30 21:14:30.048128,PHY,0x4601,1,0,na,"[0,",0,0,1,1058.2,+16.0dB,16.8us,"[0,",1,555.19,normal,0,valid,-14.4dB,-14.5dB,na,na,,,,
2025-07-30 21:14:30.052247,CSI,0x4601,2,,na,"[0,",,,1,,+32.5dB,17.5us,"[0,",1,556.8,normal,0,valid,-11.4dB,-11.5dB,0.21us,-25.7Hz,,"[6,",1111,1
2025-07-30 21:14:30.053159,PHY,0x4601,1,0,na,"[0,",0,0,1,1432.7,+17.3dB,19.0us,"[0,",1,556.9,normal,0,valid,-14.4dB,-14.5dB,na,na,,,,
2025-07-30 21:14:30.056725,PHY,0x4601,2,,na,"[0,",,,11111,,+35.7dB,19.0us,"[0,",1,556.17,normal,0,valid,-11.5dB,-11.5dB,0.22us,+100.4Hz,,"[6,",,1
2025-07-30 21:14:30.057674,PHY,0x4601,1,0,na,"[0,",0,0,1,1031.6,+15.9dB,18.8us,"[0,",1,556.18,normal,0,valid,-14.4dB,-14.5dB,na,na,,,,
2025-07-30 21:14:30.058149,PHY,0x4601,1,0,na,"[0,",0,0,1,1144.7,+16.3dB,15.4us,"[0,",1,556.19,normal,0,valid,-14.4dB,-14.5dB,na,na,,,,
2025-07-30 21:14:30.062669,PHY,0x4601,1,0,na,"[0,",0,0,1,1103.9,+16.2dB,21.1us,"[0,",1,557.8,normal,0,valid,-14.5dB,-14.5dB,na,na,,,,
2025-07-30 21:14:30.063121,PHY,0x4601,1,0,na,"[0,",0,0,1,1015.4,+15.8dB,16.3us,"[0,",1,557.9,normal,0,valid,-14.5dB,-14.6dB,na,na,,,,
2025-07-30 21:14:30.066755,PHY,0x4601,2,,na,"[0,",,,11111,,+30.9dB,20.0us,"[0,",1,557.17,normal,0,valid,-11.4dB,-11.5dB,0.21us,-5.7Hz,,"[6,",,1
2025-07-30 21:14:30.067603,PHY,0x4601,1,0,na,"[0,",0,0,1,1069.7,+16.0dB,16.8us,"[0,",1,557.18,normal,0,valid,-14.4dB,-14.5dB,na,na,,,,
2025-07-30 21:14:30.068150,PHY,0x4601,1,0,na,"[0,",0,0,1,1038.6,+15.9dB,15.6us,"[0,",1,557.19,normal,0,valid,-14.4dB,-14.5dB,na,na,,,,
2025-07-30 21:14:30.072277,CSI,0x4601,2,,na,"[0,",,,1,,+33.9dB,12.8us,"[0,",1,558.8,normal,0,valid,-11.3dB,-11.4dB,0.24us,-38.4Hz,,"[6,",1111,1
2025-07-30 21:14:30.073117,PHY,0x4601,1,0,na,"[0,",0,0,1,1354.5,+17.1dB,18.4us,"[0,",1,558.9,normal,0,valid,-14.4dB,-14.5dB,na,na,,,,
2025-07-30 21:14:30.076664,PHY,0x4601,2,,na,"[0,",,,11111,,+33.2dB,24.4us,"[0,",1,558.17,normal,0,valid,-11.4dB,-11.4dB,0.22us,+5.4Hz,,"[6,",,1
2025-07-30 21:14:30.077626,PHY,0x4601,1,0,na,"[0,",0,0,1,1461.3,+17.4dB,17.0us,"[0,",1,558.18,normal,0,valid,-14.4dB,-14.5dB,na,na,,,,
2025-07-30 21:14:30.078076,PHY,0x4601,1,0,na,"[0,",0,0,1,1317.0,+17.0dB,16.2us,"[0,",1,558.19,normal,0,valid,-14.4dB,-14.4dB,na,na,,,,
2025-07-30 21:14:30.082603,PHY,0x4601,1,0,na,"[0,",0,0,1,1093.1,+16.1dB,26.9us,"[0,",1,559.8,normal,0,valid,-14.5dB,-14.6dB,na,na,,,,
2025-07-30 21:14:30.083176,PHY,0x4601,1,0,na,"[0,",0,0,1,1021.3,+15.8dB,17.0us,"[0,",1,559.9,normal,0,valid,-14.5dB,-14.6dB,na,na,,,,
2025-07-30 21:14:30.086706,PHY,0x4601,2,,na,"[0,",,,11111,,+33.7dB,17.2us,"[0,",1,559.17,normal,0,valid,-11.4dB,-11.5dB,0.24us,+32.2Hz,,"[6,",,1
2025-07-30 21:14:30.087680,PHY,0x4601,1,0,na,"[0,",0,0,1,1439.7,+17.3dB,18.7us,"[0,",1,559.18,normal,0,valid,-14.4dB,-14.5dB,na,na,,,,
2025-07-30 21:14:30.088107,PHY,0x4601,1,0,na,"[0,",0,0,1,1500.3,+17.5dB,16.9us,"[0,",1,559.19,normal,0,valid,-14.4dB,-14.4dB,na,na,,,,
2025-07-30 21:14:30.092241,CSI,0x4601,2,,na,"[0,",,,1,,+29.5dB,16.1us,"[0,",1,560.8,normal,0,valid,-11.3dB,-11.4dB,0.24us,-104.1Hz,,"[6,",1111,1
2025-07-30 21:14:30.093081,PHY,0x4601,1,0,na,"[0,",0,0,1,1446.0,+17.3dB,24.1us,"[0,",1,560.9,normal,0,valid,-14.5dB,-14.6dB,na,na,,,,
2025-07-30 21:14:30.096716,PHY,0x4601,2,,na,"[0,",,,11111,,+36.0dB,14.4us,"[0,",1,560.17,normal,0,valid,-11.4dB,-11.5dB,0.22us,+3.2Hz,,"[6,",,1
2025-07-30 21:14:30.097672,PHY,0x4601,1,0,na,"[0,",0,0,1,1434.9,+17.3dB,18.0us,"[0,",1,560.18,normal,0,valid,-14.4dB,-14.5dB,na,na,,,,
2025-07-30 21:14:30.098146,PHY,0x4601,1,0,na,"[0,",0,0,1,1348.4,+17.0dB,16.8us,"[0,",1,560.19,normal,0,valid,-14.4dB,-14.5dB,na,na,,,,
2025-07-30 21:14:30.102631,PHY,0x4601,1,0,na,"[0,",0,0,1,1041.6,+15.9dB,17.0us,"[0,",1,561.8,normal,0,valid,-14.5dB,-14.6dB,na,na,,,,
2025-07-30 21:14:30.103107,PHY,0x4601,1,0,na,"[0,",0,0,1,1020.3,+15.8dB,15.7us,"[0,",1,561.9,normal,0,valid,-14.4dB,-14.6dB,na,na,,,,
2025-07-30 21:14:30.106647,PHY,0x4601,2,,na,"[0,",,,11111,,+28.9dB,15.0us,"[0,",1,561.17,normal,0,valid,-11.4dB,-11.5dB,0.22us,+110.5Hz,,"[6,",,1
2025-07-30 21:14:30.107597,PHY,0x4601,1,0,na,"[0,",0,0,1,1409.3,+17.2dB,20.9us,"[0,",1,561.18,normal,0,valid,-14.5dB,-14.6dB,na,na,,,,
2025-07-30 21:14:30.108071,PHY,0x4601,1,0,na,"[0,",0,0,1,1326.4,+17.0dB,14.2us,"[0,",1,561.19,normal,0,valid,-14.4dB,-14.5dB,na,na,,,,
2025-07-30 21:14:30.112193,CSI,0x4601,2,,na,"[0,",,,1,,+32.0dB,13.8us,"[0,",1,562.8,normal,0,valid,-11.4dB,-11.5dB,0.22us,+1.8Hz,,"[6,",1111,1
2025-07-30 21:14:30.113138,PHY,0x4601,1,0,na,"[0,",0,0,1,1337.3,+17.0dB,16.6us,"[0,",1,562.9,normal,0,valid,-14.4dB,-14.5dB,na,na,,,,
2025-07-30 21:14:30.116706,PHY,0x4601,2,,na,"[0,",,,11111,,+33.2dB,14.3us,"[0,",1,562.17,normal,0,valid,-11.5dB,-11.5dB,0.22us,+91.7Hz,,"[6,",,1
2025-07-30 21:14:30.117624,PHY,0x4601,1,0,na,"[0,",0,0,1,1108.2,+16.2dB,17.1us,"[0,",1,562.18,normal,0,valid,-14.4dB,-14.5dB,na,na,,,,
2025-07-30 21:14:30.118098,PHY,0x4601,1,0,na,"[0,",0,0,1,1025.2,+15.8dB,14.4us,"[0,",1,562.19,normal,0,valid,-14.4dB,-14.5dB,na,na,,,,
2025-07-30 21:14:30.122595,PHY,0x4601,1,0,na,"[0,",0,0,1,1132.9,+16.3dB,16.8us,"[0,",1,563.8,normal,0,valid,-14.4dB,-14.5dB,na,na,,,,
2025-07-30 21:14:30.123168,PHY,0x4601,1,0,na,"[0,",0,0,1,1091.5,+16.1dB,16.5us,"[0,",1,563.9,normal,0,valid,-14.5dB,-14.6dB,na,na,,,,
2025-07-30 21:14:30.126734,PHY,0x4601,2,,na,"[0,",,,11111,,+33.9dB,17.4us,"[0,",1,563.17,normal,0,valid,-11.4dB,-11.4dB,0.21us,-22.6Hz,,"[6,",,1
2025-07-30 21:14:30.127657,PHY,0x4601,1,0,na,"[0,",0,0,1,1405.2,+17.2dB,18.5us,"[0,",1,563.18,normal,0,valid,-14.4dB,-14.5dB,na,na,,,,
2025-07-30 21:14:30.128129,PHY,0x4601,1,0,na,"[0,",0,0,1,1333.8,+17.0dB,15.0us,"[0,",1,563.19,normal,0,valid,-14.4dB,-14.5dB,na,na,,,,
2025-07-30 21:14:30.132227,CSI,0x4601,2,,na,"[0,",,,1,,+31.5dB,14.6us,"[0,",1,564.8,normal,0,valid,-11.4dB,-11.4dB,0.24us,-153.9Hz,,"[6,",1111,1
2025-07-30 21:14:30.133098,PHY,0x4601,1,0,na,"[0,",0,0,1,1410.2,+17.2dB,21.6us,"[0,",1,564.9,normal,0,valid,-14.4dB,-14.5dB,na,na,,,,
2025-07-30 21:14:30.136739,PHY,0x4601,2,,na,"[0,",,,11111,,+37.7dB,17.1us,"[0,",1,564.17,normal,0,valid,-11.4dB,-11.5dB,0.22us,+38.3Hz,,"[6,",,1
2025-07-30 21:14:30.137573,PHY,0x4601,1,0,na,"[0,",0,0,1,1407.5,+17.2dB,17.1us,"[0,",1,564.18,normal,0,valid,-14.4dB,-14.5dB,na,na,,,,
2025-07-30 21:14:30.138160,PHY,0x4601,1,0,na,"[0,",0,0,1,1449.4,+17.4dB,14.3us,"[0,",1,564.19,normal,0,valid,-14.4dB,-14.5dB,na,na,,,,
2025-07-30 21:14:30.142658,PHY,0x4601,1,0,na,"[0,",0,0,1,1093.1,+16.1dB,20.2us,"[0,",1,565.8,normal,0,valid,-14.5dB,-14.6dB,na,na,,,,
2025-07-30 21:14:30.143127,PHY,0x4601,1,0,na,"[0,",0,0,1,1099.3,+16.2dB,20.7us,"[0,",1,565.9,normal,0,valid,-14.5dB,-14.6dB,na,na,,,,
2025-07-30 21:14:30.146669,PHY,0x4601,2,,na,"[0,",,,11111,,+34.0dB,14.8us,"[0,",1,565.17,normal,0,valid,-11.4dB,-11.4dB,0.22us,+66.4Hz,,"[6,",,1
2025-07-30 21:14:30.147618,PHY,0x4601,1,0,na,"[0,",0,0,1,1439.0,+17.3dB,17.4us,"[0,",1,565.18,normal,0,valid,-14.4dB,-14.5dB,na,na,,,,
2025-07-30 21:14:30.148094,PHY,0x4601,1,0,na,"[0,",0,0,1,1452.9,+17.4dB,15.4us,"[0,",1,565.19,normal,0,valid,-14.4dB,-14.5dB,na,na,,,,
2025-07-30 21:14:30.152242,CSI,0x4601,2,,na,"[0,",,,1,,+35.4dB,13.2us,"[0,",1,566.8,normal,0,valid,-11.5dB,-11.5dB,0.23us,-0.6Hz,,"[6,",1111,1
2025-07-30 21:14:30.153161,PHY,0x4601,1,0,na,"[0,",0,0,1,1074.1,+16.0dB,21.7us,"[0,",1,566.9,normal,0,valid,-14.4dB,-14.5dB,na,na,,,,
2025-07-30 21:14:30.156716,PHY,0x4601,2,,na,"[0,",,,11111,,+30.3dB,19.0us,"[0,",1,566.17,normal,0,valid,-11.5dB,-11.6dB,0.23us,+116.6Hz,,"[6,",,1
2025-07-30 21:14:30.157642,PHY,0x4601,1,0,na,"[0,",0,0,1,1081.9,+16.1dB,15.6us,"[0,",1,566.18,normal,0,valid,-14.4dB,-14.5dB,na,na,,,,
2025-07-30 21:14:30.158117,PHY,0x4601,1,0,na,"[0,",0,0,1,1106.9,+16.2dB,15.4us,"[0,",1,566.19,normal,0,valid,-14.4dB,-14.5dB,na,na,,,,
2025-07-30 21:14:30.162608,PHY,0x4601,1,0,na,"[0,",0,0,1,1136.9,+16.3dB,19.9us,"[0,",1,567.8,normal,0,valid,-14.5dB,-14.6dB,na,na,,,,
2025-07-30 21:14:30.163083,PHY,0x4601,1,0,na,"[0,",0,0,1,997.9,+15.7dB,14.6us,"[0,",1,567.9,normal,0,valid,-14.5dB,-14.6dB,na,na,,,,
2025-07-30 21:14:30.166737,PHY,0x4601,2,,na,"[0,",,,11111,,+28.1dB,15.0us,"[0,",1,567.17,normal,0,valid,-11.4dB,-11.4dB,0.21us,-18.1Hz,,"[6,",,1
2025-07-30 21:14:30.167573,PHY,0x4601,1,0,na,"[0,",0,0,1,1443.5,+17.3dB,15.3us,"[0,",1,567.18,normal,0,valid,-14.4dB,-14.5dB,na,na,,,,
2025-07-30 21:14:30.168158,PHY,0x4601,1,0,na,"[0,",0,0,1,1423.2,+17.3dB,16.9us,"[0,",1,567.19,normal,0,valid,-14.4dB,-14.5dB,na,na,,,,
2025-07-30 21:14:30.172257,CSI,0x4601,2,,na,"[0,",,,1,,+32.5dB,11.0us,"[0,",1,568.8,normal,0,valid,-11.5dB,-11.5dB,0.23us,-19.9Hz,,"[6,",1111,1
2025-07-30 21:14:30.173117,PHY,0x4601,1,0,na,"[0,",0,0,1,1009.6,+15.8dB,16.8us,"[0,",1,568.9,normal,0,valid,-14.4dB,-14.5dB,na,na,,,,
2025-07-30 21:14:30.176662,PHY,0x4601,2,,na,"[0,",,,11111,,+30.5dB,20.5us,"[0,",1,568.17,normal,0,valid,-11.4dB,-11.4dB,0.22us,+74.0Hz,,"[6,",,1
2025-07-30 21:14:30.177602,PHY,0x4601,1,0,na,"[0,",0,0,1,1104.7,+16.2dB,16.5us,"[0,",1,568.18,normal,0,valid,-14.4dB,-14.5dB,na,na,,,,
2025-07-30 21:14:30.178081,PHY,0x4601,1,0,na,"[0,",0,0,1,1072.9,+16.1dB,16.2us,"[0,",1,568.19,normal,0,valid,-14.4dB,-14.5dB,na,na,,,,
2025-07-30 21:14:30.182673,PHY,0x4601,1,0,na,"[0,",0,0,1,1047.3,+16.0dB,17.3us,"[0,",1,569.8,normal,0,valid,-14.4dB,-14.5dB,na,na,,,,
2025-07-30 21:14:30.183146,PHY,0x4601,1,0,na,"[0,",0,0,1,1043.4,+16.0dB,20.1us,"[0,",1,569.9,normal,0,valid,-14.4dB,-14.5dB,na,na,,,,
2025-07-30 21:14:30.186722,PHY,0x4601,2,,na,"[0,",,,11111,,+34.0dB,17.8us,"[0,",1,569.17,normal,0,valid,-11.5dB,-11.6dB,0.22us,+44.1Hz,,"[6,",,1
2025-07-30 21:14:30.187633,PHY,0x4601,1,0,na,"[0,",0,0,1,1118.4,+16.2dB,16.7us,"[0,",1,569.18,normal,0,valid,-14.4dB,-14.6dB,na,na,,,,
2025-07-30 21:14:30.188105,PHY,0x4601,1,0,na,"[0,",0,0,1,1039.2,+15.9dB,15.0us,"[0,",1,569.19,normal,0,valid,-14.5dB,-14.5dB,na,na,,,,
2025-07-30 21:14:30.192253,CSI,0x4601,2,,na,"[0,",,,1,,+32.0dB,14.0us,"[0,",1,570.8,normal,0,valid,-11.5dB,-11.5dB,0.23us,-0.6Hz,,"[6,",1111,1
2025-07-30 21:14:30.193076,PHY,0x4601,1,0,na,"[0,",0,0,1,1032.0,+15.9dB,17.6us,"[0,",1,570.9,normal,0,valid,-14.4dB,-14.5dB,na,na,,,,
2025-07-30 21:14:30.196733,PHY,0x4601,2,,na,"[0,",,,11111,,+30.8dB,19.9us,"[0,",1,570.17,normal,0,valid,-11.6dB,-11.7dB,0.23us,+25.9Hz,,"[6,",,1
2025-07-30 21:14:30.197664,PHY,0x4601,1,0,na,"[0,",0,0,1,1383.4,+17.1dB,17.2us,"[0,",1,570.18,normal,0,valid,-14.4dB,-14.5dB,na,na,,,,
2025-07-30 21:14:30.198147,PHY,0x4601,1,0,na,"[0,",0,0,1,1369.8,+17.1dB,16.0us,"[0,",1,570.19,normal,0,valid,-14.4dB,-14.5dB,na,na,,,,
2025-07-30 21:14:30.202625,PHY,0x4601,1,0,na,"[0,",0,0,1,1017.4,+15.8dB,17.4us,"[0,",1,571.8,normal,0,valid,-14.5dB,-14.6dB,na,na,,,,
2025-07-30 21:14:30.203098,PHY,0x4601,1,0,na,"[0,",0,0,1,1121.3,+16.3dB,15.4us,"[0,",1,571.9,normal,0,valid,-14.5dB,-14.6dB,na,na,,,,
2025-07-30 21:14:30.206644,PHY,0x4601,2,,na,"[0,",,,11111,,+32.1dB,15.6us,"[0,",1,571.17,normal,0,valid,-11.4dB,-11.5dB,0.22us,-42.5Hz,,"[6,",,1
2025-07-30 21:14:30.207590,PHY,0x4601,1,0,na,"[0,",0,0,1,1327.6,+17.0dB,17.3us,"[0,",1,571.18,normal,0,valid,-14.4dB,-14.5dB,na,na,,,,
2025-07-30 21:14:30.208166,PHY,0x4601,1,0,na,"[0,",0,0,1,1451.8,+17.4dB,15.0us,"[0,",1,571.19,normal,0,valid,-14.4dB,-14.4dB,na,na,,,,
2025-07-30 21:14:30.212189,CSI,0x4601,2,,na,"[0,",,,1,,+32.9dB,12.6us,"[0,",1,572.8,normal,0,valid,-11.3dB,-11.4dB,0.24us,-33.3Hz,,"[6,",1111,1
2025-07-30 21:14:30.213139,PHY,0x4601,1,0,na,"[0,",0,0,1,1076.5,+16.0dB,16.1us,"[0,",1,572.9,normal,0,valid,-14.4dB,-14.6dB,na,na,,,,
2025-07-30 21:14:30.216679,PHY,0x4601,2,,na,"[0,",,,11111,,+30.4dB,21.1us,"[0,",1,572.17,normal,0,valid,-11.5dB,-11.6dB,0.23us,+15.2Hz,,"[6,",,1
2025-07-30 21:14:30.217637,PHY,0x4601,1,0,na,"[0,",0,0,1,1088.7,+16.1dB,30.3us,"[0,",1,572.18,normal,0,valid,-14.4dB,-14.5dB,na,na,,,,
2025-07-30 21:14:30.218092,PHY,0x4601,1,0,na,"[0,",0,0,1,1068.8,+16.0dB,15.1us,"[0,",1,572.19,normal,0,valid,-14.4dB,-14.5dB,na,na,,,,
2025-07-30 21:14:30.222585,PHY,0x4601,1,0,na,"[0,",0,0,1,1091.1,+16.1dB,17.2us,"[0,",1,573.8,normal,0,valid,-14.4dB,-14.5dB,na,na,,,,
2025-07-30 21:14:30.223167,PHY,0x4601,1,0,na,"[0,",0,0,1,1079.9,+16.1dB,16.0us,"[0,",1,573.9,normal,0,valid,-14.5dB,-14.6dB,na,na,,,,
2025-07-30 21:14:30.226720,PHY,0x4601,2,,na,"[0,",,,11111,,+32.5dB,14.7us,"[0,",1,573.17,normal,0,valid,-11.5dB,-11.5dB,0.22us,+39.3Hz,,"[6,",,1
2025-07-30 21:14:30.227647,PHY,0x4601,1,0,na,"[0,",0,0,1,1096.8,+16.1dB,15.5us,"[0,",1,573.18,normal,0,valid,-14.5dB,-14.6dB,na,na,,,,
2025-07-30 21:14:30.228129,PHY,0x4601,1,0,na,"[0,",0,0,1,1079.6,+16.1dB,15.6us,"[0,",1,573.19,normal,0,valid,-14.4dB,-14.5dB,na,na,,,,
2025-07-30 21:14:30.232225,CSI,0x4601,2,,na,"[0,",,,1,,+30.8dB,11.9us,"[0,",1,574.8,normal,0,valid,-11.3dB,-11.3dB,0.22us,-17.3Hz,,"[6,",1111,1
2025-07-30 21:14:30.233088,PHY,0x4601,1,0,na,"[0,",0,0,1,1080.9,+16.1dB,15.9us,"[0,",1,574.9,normal,0,valid,-14.4dB,-14.5dB,na,na,,,,
2025-07-30 21:14:30.236740,PHY,0x4601,2,,na,"[0,",,,11111,,+31.0dB,13.6us,"[0,",1,574.17,normal,0,valid,-11.5dB,-11.6dB,0.21us,+3.9Hz,,"[6,",,1
2025-07-30 21:14:30.237577,PHY,0x4601,1,0,na,"[0,",0,0,1,1049.7,+16.0dB,14.9us,"[0,",1,574.18,normal,0,valid,-14.4dB,-14.5dB,na,na,,,,
2025-07-30 21:14:30.238153,PHY,0x4601,1,0,na,"[0,",0,0,1,1055.9,+16.0dB,14.1us,"[0,",1,574.19,normal,0,valid,-14.4dB,-14.5dB,na,na,,,,
2025-07-30 21:14:30.242641,PHY,0x4601,1,0,na,"[0,",0,0,1,1072.5,+16.0dB,15.7us,"[0,",1,575.8,normal,0,valid,-14.5dB,-14.6dB,na,na,,,,
2025-07-30 21:14:30.243119,PHY,0x4601,1,0,na,"[0,",0,0,1,1028.0,+15.9dB,19.7us,"[0,",1,575.9,normal,0,valid,-14.5dB,-14.5dB,na,na,,,,
2025-07-30 21:14:30.246657,PHY,0x4601,2,,na,"[0,",,,11111,,+30.9dB,13.6us,"[0,",1,575.17,normal,0,valid,-11.5dB,-11.5dB,0.19us,+169.2Hz,,"[6,",,1
2025-07-30 21:14:30.247602,PHY,0x4601,1,0,na,"[0,",0,0,1,1079.9,+16.1dB,15.5us,"[0,",1,575.18,normal,0,valid,-14.5dB,-14.6dB,na,na,,,,
2025-07-30 21:14:30.248077,PHY,0x4601,1,0,na,"[0,",0,0,1,1047.6,+16.0dB,14.4us,"[0,",1,575.19,normal,0,valid,-14.4dB,-14.5dB,na,na,,,,
2025-07-30 21:14:30.252227,CSI,0x4601,2,,na,"[0,",,,1,,+35.1dB,19.8us,"[0,",1,576.8,normal,0,valid,-11.4dB,-11.5dB,0.23us,-33.0Hz,,"[6,",1111,1
2025-07-30 21:14:30.253152,PHY,0x4601,1,0,na,"[0,",0,0,1,1496.5,+17.5dB,16.2us,"[0,",1,576.9,normal,0,valid,-14.4dB,-14.5dB,na,na,,,,
2025-07-30 21:14:30.256714,PHY,0x4601,2,,na,"[0,",,,11111,,+30.8dB,14.7us,"[0,",1,576.17,normal,0,valid,-11.5dB,-11.6dB,0.25us,+3.7Hz,,"[6,",,1
2025-07-30 21:14:30.257645,PHY,0x4601,1,0,na,"[0,",0,0,1,1388.6,+17.2dB,22.9us,"[0,",1,576.18,normal,0,valid,-14.4dB,-14.5dB,na,na,,,,
2025-07-30 21:14:30.258107,PHY,0x4601,1,0,na,"[0,",0,0,1,1333.5,+17.0dB,14.4us,"[0,",1,576.19,normal,0,valid,-14.4dB,-14.5dB,na,na,,,,
2025-07-30 21:14:30.262601,PHY,0x4601,1,0,na,"[0,",0,0,1,1067.1,+16.0dB,16.5us,"[0,",1,577.8,normal,0,valid,-14.5dB,-14.6dB,na,na,,,,
2025-07-30 21:14:30.263073,PHY,0x4601,1,0,na,"[0,",0,0,1,1113.8,+16.2dB,14.0us,"[0,",1,577.9,normal,0,valid,-14.5dB,-14.5dB,na,na,,,,
2025-07-30 21:14:30.266726,PHY,0x4601,2,,na,"[0,",,,11111,,+29.8dB,15.9us,"[0,",1,577.17,normal,0,valid,-11.5dB,-11.5dB,0.21us,+61.0Hz,,"[6,",,1
2025-07-30 21:14:30.267674,PHY,0x4601,1,0,na,"[0,",0,0,1,1062.5,+16.0dB,22.8us,"[0,",1,577.18,normal,0,valid,-14.4dB,-14.5dB,na,na,,,,
2025-07-30 21:14:30.268140,PHY,0x4601,1,0,na,"[0,",0,0,1,1015.0,+15.8dB,14.6us,"[0,",1,577.19,normal,0,valid,-14.4dB,-14.5dB,na,na,,,,
2025-07-30 21:14:30.272236,CSI,0x4601,2,,na,"[0,",,,1,,+29.4dB,16.2us,"[0,",1,578.8,normal,0,valid,-11.4dB,-11.5dB,0.24us,-78.6Hz,,"[6,",1111,1
2025-07-30 21:14:30.273122,PHY,0x4601,1,0,na,"[0,",0,0,1,1551.7,+17.6dB,22.8us,"[0,",1,578.9,normal,0,valid,-14.4dB,-14.5dB,na,na,,,,
2025-07-30 21:14:30.276646,PHY,0x4601,2,,na,"[0,",,,11111,,+29.5dB,14.0us,"[0,",1,578.17,normal,0,valid,-11.5dB,-11.5dB,0.23us,+62.9Hz,,"[6,",,1
2025-07-30 21:14:30.277590,PHY,0x4601,1,0,na,"[0,",0,0,1,1069.9,+16.0dB,16.2us,"[0,",1,578.18,normal,0,valid,-14.5dB,-14.6dB,na,na,,,,
2025-07-30 21:14:30.278066,PHY,0x4601,1,0,na,"[0,",0,0,1,1086.5,+16.1dB,16.2us,"[0,",1,578.19,normal,0,valid,-14.4dB,-14.5dB,na,na,,,,
2025-07-30 21:14:30.282665,PHY,0x4601,1,0,na,"[0,",0,0,1,1021.3,+15.8dB,16.3us,"[0,",1,579.8,normal,0,valid,-14.5dB,-14.6dB,na,na,,,,
2025-07-30 21:14:30.283141,PHY,0x4601,1,0,na,"[0,",0,0,1,1098.2,+16.1dB,19.0us,"[0,",1,579.9,normal,0,valid,-14.5dB,-14.6dB,na,na,,,,
2025-07-30 21:14:30.286679,PHY,0x4601,2,,na,"[0,",,,11111,,+30.1dB,16.0us,"[0,",1,579.17,normal,0,valid,-11.5dB,-11.6dB,0.21us,-8.5Hz,,"[6,",,1
2025-07-30 21:14:30.287620,PHY,0x4601,1,0,na,"[0,",0,0,1,1329.5,+17.0dB,15.8us,"[0,",1,579.18,normal,0,valid,-14.4dB,-14.5dB,na,na,,,,
2025-07-30 21:14:30.288099,PHY,0x4601,1,0,na,"[0,",0,0,1,1408.7,+17.2dB,15.9us,"[0,",1,579.19,normal,0,valid,-14.4dB,-14.5dB,na,na,,,,
2025-07-30 21:14:30.292275,CSI,0x4601,2,,na,"[0,",,,1,,+36.0dB,12.5us,"[0,",1,580.8,normal,0,valid,-11.4dB,-11.5dB,0.24us,-29.9Hz,,"[6,",1111,1
2025-07-30 21:14:30.293176,PHY,0x4601,1,0,na,"[0,",0,0,1,1436.2,+17.3dB,15.7us,"[0,",1,580.9,normal,0,valid,-14.4dB,-14.5dB,na,na,,,,
2025-07-30 21:14:30.296753,PHY,0x4601,2,,na,"[0,",,,11111,,+32.1dB,22.8us,"[0,",1,580.17,normal,0,valid,-11.5dB,-11.5dB,0.24us,+122.6Hz,,"[6,",,1
2025-07-30 21:14:30.297658,PHY,0x4601,1,0,na,"[0,",0,0,1,1372.2,+17.1dB,16.4us,"[0,",1,580.18,normal,0,valid,-14.4dB,-14.5dB,na,na,,,,
2025-07-30 21:14:30.298132,PHY,0x4601,1,0,na,"[0,",0,0,1,1336.7,+17.0dB,19.0us,"[0,",1,580.19,normal,0,valid,-14.4dB,-14.5dB,na,na,,,,
2025-07-30 21:14:30.302628,PHY,0x4601,1,0,na,"[0,",0,0,1,1088.6,+16.1dB,26.7us,"[0,",1,581.8,normal,0,valid,-14.5dB,-14.6dB,na,na,,,,
2025-07-30 21:14:30.303088,PHY,0x4601,1,0,na,"[0,",0,0,1,1024.1,+15.8dB,13.9us,"[0,",1,581.9,normal,0,valid,-14.5dB,-14.6dB,na,na,,,,
2025-07-30 21:14:30.306748,PHY,0x4601,2,,na,"[0,",,,11111,,+33.2dB,15.8us,"[0,",1,581.17,normal,0,valid,-11.5dB,-11.5dB,0.24us,-65.8Hz,,"[6,",,1
2025-07-30 21:14:30.307579,PHY,0x4601,1,0,na,"[0,",0,0,1,1080.9,+16.1dB,17.9us,"[0,",1,581.18,normal,0,valid,-14.4dB,-14.5dB,na,na,,,,
2025-07-30 21:14:30.308164,PHY,0x4601,1,0,na,"[0,",0,0,1,1096.1,+16.1dB,14.0us,"[0,",1,581.19,normal,0,valid,-14.4dB,-14.5dB,na,na,,,,
2025-07-30 21:14:30.312198,CSI,0x4601,2,,na,"[0,",,,1,,+32.2dB,14.1us,"[0,",1,582.8,normal,0,valid,-11.3dB,-11.4dB,0.24us,-57.1Hz,,"[6,",1111,1
2025-07-30 21:14:30.313137,PHY,0x4601,1,0,na,"[0,",0,0,1,1327.8,+17.0dB,17.1us,"[0,",1,582.9,normal,0,valid,-14.4dB,-14.5dB,na,na,,,,
2025-07-30 21:14:30.316669,PHY,0x4601,2,,na,"[0,",,,11111,,+30.5dB,19.1us,"[0,",1,582.17,normal,0,valid,-11.5dB,-11.6dB,0.24us,-41.4Hz,,"[6,",,1
2025-07-30 21:14:30.317606,PHY,0x4601,1,0,na,"[0,",0,0,1,1404.8,+17.2dB,16.8us,"[0,",1,582.18,normal,0,valid,-14.4dB,-14.5dB,na,na,,,,
2025-07-30 21:14:30.318087,PHY,0x4601,1,0,na,"[0,",0,0,1,1426.5,+17.3dB,20.1us,"[0,",1,582.19,normal,0,valid,-14.4dB,-14.5dB,na,na,,,,
2025-07-30 21:14:30.322568,PHY,0x4601,1,0,na,"[0,",0,0,1,1056.7,+16.0dB,16.6us,"[0,",1,583.8,normal,0,valid,-14.5dB,-14.6dB,na,na,,,,
2025-07-30 21:14:30.323146,PHY,0x4601,1,0,na,"[0,",0,0,1,1141.5,+16.3dB,15.2us,"[0,",1,583.9,normal,0,valid,-14.5dB,-14.6dB,na,na,,,,
2025-07-30 21:14:30.326713,PHY,0x4601,2,,na,"[0,",,,11111,,+34.0dB,20.3us,"[0,",1,583.17,normal,0,valid,-11.5dB,-11.5dB,0.20us,-57.6Hz,,"[6,",,1
2025-07-30 21:14:30.327637,PHY,0x4601,1,0,na,"[0,",0,0,1,1344.3,+17.0dB,18.9us,"[0,",1,583.18,normal,0,valid,-14.4dB,-14.6dB,na,na,,,,
2025-07-30 21:14:30.328111,PHY,0x4601,1,0,na,"[0,",0,0,1,1394.1,+17.2dB,15.3us,"[0,",1,583.19,normal,0,valid,-14.4dB,-14.5dB,na,na,,,,
2025-07-30 21:14:30.332257,CSI,0x4601,2,,na,"[0,",,,1,,+30.1dB,16.6us,"[0,",1,584.8,normal,0,valid,-11.5dB,-11.5dB,0.23us,-18.8Hz,,"[6,",1111,1
2025-07-30 21:14:30.333086,PHY,0x4601,1,0,na,"[0,",0,0,1,1022.8,+15.8dB,21.3us,"[0,",1,584.9,normal,0,valid,-14.4dB,-14.6dB,na,na,,,,
2025-07-30 21:14:30.336755,PHY,0x4601,2,,na,"[0,",,,11111,,+32.0dB,19.6us,"[0,",1,584.17,normal,0,valid,-11.4dB,-11.5dB,0.23us,-71.4Hz,,"[6,",,1
2025-07-30 21:14:30.337578,PHY,0x4601,1,0,na,"[0,",0,0,1,1413.5,+17.2dB,22.4us,"[0,",1,584.18,normal,0,valid,-14.4dB,-14.5dB,na,na,,,,
2025-07-30 21:14:30.338151,PHY,0x4601,1,0,na,"[0,",0,0,1,1339.3,+17.0dB,18.4us,"[0,",1,584.19,normal,0,valid,-14.4dB,-14.5dB,na,na,,,,
2025-07-30 21:14:30.342646,PHY,0x4601,1,0,na,"[0,",0,0,1,1097.8,+16.2dB,21.9us,"[0,",1,585.8,normal,0,valid,-14.4dB,-14.5dB,na,na,,,,
2025-07-30 21:14:30.343113,PHY,0x4601,1,0,na,"[0,",0,0,1,1072.8,+16.1dB,19.5us,"[0,",1,585.9,normal,0,valid,-14.5dB,-14.6dB,na,na,,,,
2025-07-30 21:14:30.346656,PHY,0x4601,2,,na,"[0,",,,11111,,+31.9dB,20.6us,"[0,",1,585.17,normal,0,valid,-11.5dB,-11.6dB,0.20us,+56.9Hz,,"[6,",,1
2025-07-30 21:14:30.347596,PHY,0x4601,1,0,na,"[0,",0,0,1,1397.9,+17.2dB,19.1us,"[0,",1,585.18,normal,0,valid,-14.5dB,-14.6dB,na,na,,,,
2025-07-30 21:14:30.348070,PHY,0x4601,1,0,na,"[0,",0,0,1,1391.7,+17.2dB,15.9us,"[0,",1,585.19,normal,0,valid,-14.4dB,-14.5dB,na,na,,,,
2025-07-30 21:14:30.352214,CSI,0x4601,2,,na,"[0,",,,1,,+31.9dB,13.7us,"[0,",1,586.8,normal,0,valid,-11.4dB,-11.4dB,0.25us,-74.6Hz,,"[6,",1111,1
2025-07-30 21:14:30.353138,PHY,0x4601,1,0,na,"[0,",0,0,1,1042.4,+15.9dB,19.6us,"[0,",1,586.9,normal,0,valid,-14.4dB,-14.6dB,na,na,,,,
2025-07-30 21:14:30.356694,PHY,0x4601,2,,na,"[0,",,,11111,,+29.5dB,18.9us,"[0,",1,586.17,normal,0,valid,-11.5dB,-11.5dB,0.22us,-9.1Hz,,"[6,",,1
2025-07-30 21:14:30.357623,PHY,0x4601,1,0,na,"[0,",0,0,1,1005.7,+15.8dB,16.9us,"[0,",1,586.18,normal,0,valid,-14.4dB,-14.5dB,na,na,,,,
2025-07-30 21:14:30.358101,PHY,0x4601,1,0,na,"[0,",0,0,1,1007.5,+15.8dB,14.8us,"[0,",1,586.19,normal,0,valid,-14.4dB,-14.5dB,na,na,,,,
2025-07-30 21:14:30.362599,PHY,0x4601,1,0,na,"[0,",0,0,1,1021.1,+15.8dB,20.6us,"[0,",1,587.8,normal,0,valid,-14.5dB,-14.6dB,na,na,,,,
2025-07-30 21:14:30.363082,PHY,0x4601,1,0,na,"[0,",0,0,1,1014.3,+15.8dB,19.2us,"[0,",1,587.9,normal,0,valid,-14.5dB,-14.6dB,na,na,,,,
2025-07-30 21:14:30.366715,PHY,0x4601,2,,na,"[0,",,,11111,,+31.6dB,18.6us,"[0,",1,587.17,normal,0,valid,-11.4dB,-11.5dB,0.22us,-22.9Hz,,"[6,",,1
2025-07-30 21:14:30.367653,PHY,0x4601,1,0,na,"[0,",0,0,1,1039.5,+15.9dB,16.0us,"[0,",1,587.18,normal,0,valid,-14.4dB,-14.5dB,na,na,,,,
2025-07-30 21:14:30.368130,PHY,0x4601,1,0,na,"[0,",0,0,1,1041.1,+15.9dB,14.1us,"[0,",1,587.19,normal,0,valid,-14.4dB,-14.5dB,na,na,,,,
2025-07-30 21:14:30.372219,CSI,0x4601,2,,na,"[0,",,,1,,+32.7dB,11.5us,"[0,",1,588.8,normal,0,valid,-11.5dB,-11.5dB,0.24us,-50.9Hz,,"[6,",1111,1
2025-07-30 21:14:30.373093,PHY,0x4601,1,0,na,"[0,",0,0,1,1380.8,+17.1dB,16.8us,"[0,",1,588.9,normal,0,valid,-14.5dB,-14.6dB,na,na,,,,
2025-07-30 21:14:30.376639,PHY,0x4601,2,,na,"[0,",,,11111,,+31.0dB,15.7us,"[0,",1,588.17,normal,0,valid,-11.3dB,-11.4dB,0.22us,+14.9Hz,,"[6,",,1
2025-07-30 21:14:30.377578,PHY,0x4601,1,0,na,"[0,",0,0,1,1040.0,+15.9dB,17.8us,"[0,",1,588.18,normal,0,valid,-14.4dB,-14.5dB,na,na,,,,
2025-07-30 21:14:30.378164,PHY,0x4601,1,0,na,"[0,",0,0,1,1056.6,+16.0dB,17.2us,"[0,",1,588.19,normal,0,valid,-14.4dB,-14.6dB,na,na,,,,
2025-07-30 21:14:30.382658,PHY,0x4601,1,0,na,"[0,",0,0,1,1018.1,+15.8dB,21.2us,"[0,",1,589.8,normal,0,valid,-14.5dB,-14.6dB,na,na,,,,
2025-07-30 21:14:30.383127,PHY,0x4601,1,0,na,"[0,",0,0,1,1072.9,+16.1dB,15.0us,"[0,",1,589.9,normal,0,valid,-14.5dB,-14.6dB,na,na,,,,
2025-07-30 21:14:30.386717,PHY,0x4601,2,,na,"[0,",,,11111,,+30.1dB,25.2us,"[0,",1,589.17,normal,0,valid,-11.4dB,-11.5dB,0.22us,+63.6Hz,,"[6,",,1
2025-07-30 21:14:30.387610,PHY,0x4601,1,0,na,"[0,",0,0,1,1270.6,+16.8dB,16.2us,"[0,",1,589.18,normal,0,valid,-14.4dB,-14.5dB,na,na,,,,
2025-07-30 21:14:30.388086,PHY,0x4601,1,0,na,"[0,",0,0,1,1351.8,+17.0dB,16.3us,"[0,",1,589.19,normal,0,valid,-14.4dB,-14.5dB,na,na,,,,
2025-07-30 21:14:30.392221,CSI,0x4601,2,,na,"[0,",,,1,,+34.3dB,16.4us,"[0,",1,590.8,normal,0,valid,-11.5dB,-11.5dB,0.21us,+55.0Hz,,"[6,",1111,1
2025-07-30 21:14:30.393155,PHY,0x4601,1,0,na,"[0,",0,0,1,1396.7,+17.2dB,16.5us,"[0,",1,590.9,normal,0,valid,-14.4dB,-14.5dB,na,na,,,,
2025-07-30 21:14:30.396708,PHY,0x4601,2,,na,"[0,",,,11111,,+29.5dB,14.6us,"[0,",1,590.17,normal,0,valid,-11.4dB,-11.5dB,0.23us,+0.4Hz,,"[6,",,1
2025-07-30 21:14:30.397643,PHY,0x4601,1,0,na,"[0,",0,0,1,1405.3,+17.2dB,16.8us,"[0,",1,590.18,normal,0,valid,-14.4dB,-14.5dB,na,na,,,,
2025-07-30 21:14:30.398117,PHY,0x4601,1,0,na,"[0,",0,0,1,1277.5,+16.8dB,15.4us,"[0,",1,590.19,normal,0,valid,-14.4dB,-14.5dB,na,na,,,,
2025-07-30 21:14:30.402605,PHY,0x4601,1,0,na,"[0,",0,0,1,1068.9,+16.0dB,16.9us,"[0,",1,591.8,normal,0,valid,-14.5dB,-14.6dB,na,na,,,,
2025-07-30 21:14:30.403076,PHY,0x4601,1,0,na,"[0,",0,0,1,1081.8,+16.1dB,15.0us,"[0,",1,591.9,normal,0,valid,-14.5dB,-14.6dB,na,na,,,,
2025-07-30 21:14:30.406767,PHY,0x4601,2,,na,"[0,",,,11111,,+33.4dB,14.3us,"[0,",1,591.17,normal,0,valid,-11.5dB,-11.6dB,0.23us,+82.8Hz,,"[6,",,1
2025-07-30 21:14:30.407574,PHY,0x4601,1,0,na,"[0,",0,0,1,1038.9,+15.9dB,15.5us,"[0,",1,591.18,normal,0,valid,-14.4dB,-14.5dB,na,na,,,,
2025-07-30 21:14:30.408158,PHY,0x4601,1,0,na,"[0,",0,0,1,1070.6,+16.0dB,14.4us,"[0,",1,591.19,normal,0,valid,-14.5dB,-14.6dB,na,na,,,,
2025-07-30 21:14:30.412276,CSI,0x4601,2,,na,"[0,",,,1,,+31.1dB,15.4us,"[0,",1,592.8,normal,0,valid,-11.5dB,-11.6dB,0.25us,-86.2Hz,,"[6,",1111,1
2025-07-30 21:14:30.413134,PHY,0x4601,1,0,na,"[0,",0,0,1,1005.5,+15.8dB,19.4us,"[0,",1,592.9,normal,0,valid,-14.4dB,-14.5dB,na,na,,,,
2025-07-30 21:14:30.416659,PHY,0x4601,2,,na,"[0,",,,11111,,+31.8dB,15.3us,"[0,",1,592.17,normal,0,valid,-11.4dB,-11.4dB,0.23us,+28.9Hz,,"[6,",,1
2025-07-30 21:14:30.417603,PHY,0x4601,1,0,na,"[0,",0,0,1,1339.6,+17.0dB,18.6us,"[0,",1,592.18,normal,0,valid,-14.4dB,-14.5dB,na,na,,,,
2025-07-30 21:14:30.418081,PHY,0x4601,1,0,na,"[0,",0,0,1,1556.3,+17.7dB,17.6us,"[0,",1,592.19,normal,0,valid,-14.4dB,-14.5dB,na,na,,,,
2025-07-30 21:14:30.422602,PHY,0x4601,1,0,na,"[0,",0,0,1,1074.3,+16.0dB,18.0us,"[0,",1,593.8,normal,0,valid,-14.5dB,-14.6dB,na,na,,,,
2025-07-30 21:14:30.423148,PHY,0x4601,1,0,na,"[0,",0,0,1,987.7,+15.7dB,14.6us,"[0,",1,593.9,normal,0,valid,-14.5dB,-14.6dB,na,na,,,,
2025-07-30 21:14:30.426700,PHY,0x4601,2,,na,"[0,",,,11111,,+30.9dB,17.1us,"[0,",1,593.17,normal,0,valid,-11.4dB,-11.5dB,0.21us,+78.3Hz,,"[6,",,1
2025-07-30 21:14:30.427641,PHY,0x4601,1,0,na,"[0,",0,0,1,1338.4,+17.0dB,17.3us,"[0,",1,593.18,normal,0,valid,-14.4dB,-14.5dB,na,na,,,,
2025-07-30 21:14:30.428108,PHY,0x4601,1,0,na,"[0,",0,0,1,1399.2,+17.2dB,14.5us,"[0,",1,593.19,normal,0,valid,-14.4dB,-14.5dB,na,na,,,,
2025-07-30 21:14:30.432241,CSI,0x4601,2,,na,"[0,",,,1,,+29.8dB,15.4us,"[0,",1,594.8,normal,0,valid,-11.5dB,-11.5dB,0.23us,-19.0Hz,,"[6,",1111,1
2025-07-30 21:14:30.433096,PHY,0x4601,1,0,na,"[0,",0,0,1,1070.9,+16.1dB,17.9us,"[0,",1,594.9,normal,0,valid,-14.4dB,-14.5dB,na,na,,,,
2025-07-30 21:14:30.436769,PHY,0x4601,2,,na,"[0,",,,10000,,+13.2dB,16.7us,"[0,",1,594.17,normal,0,valid,-12.2dB,-12.2dB,0.23us,+251.2Hz,,"[6,",,1
2025-07-30 21:14:30.437664,PHY,0x4601,1,0,na,"[0,",0,0,1,29.5,+0.4dB,15.9us,"[0,",1,594.18,normal,0,valid,-14.1dB,-16.5dB,na,na,,,,
2025-07-30 21:14:30.438147,PHY,0x4601,1,0,na,"[0,",0,0,0,43.4,+3.0dB,16.6us,"[0,",1,594.19,normal,0,valid,-14.2dB,-16.3dB,na,na,,,,
2025-07-30 21:14:30.442630,PHY,0x4601,1,0,na,"[0,",0,0,1,46.6,+2.4dB,18.4us,"[0,",1,595.8,normal,0,valid,-14.1dB,-16.8dB,na,na,,,,
2025-07-30 21:14:30.443119,PHY,0x4601,1,0,na,"[0,",0,0,0,27.7,-0.0dB,16.0us,"[0,",1,595.9,normal,0,valid,-14.1dB,-16.7dB,na,na,,,,
2025-07-30 21:14:30.446648,PHY,0x4601,2,,na,"[0,",,,01111,,+12.0dB,13.2us,"[0,",1,595.17,normal,0,valid,-12.1dB,-12.4dB,0.40us,+63.0Hz,,"[6,",,1
2025-07-30 21:14:30.447595,PHY,0x4601,1,0,na,"[0,",0,0,1,45.4,+2.4dB,16.8us,"[0,",1,595.18,normal,0,valid,-14.3dB,-16.3dB,na,na,,,,
2025-07-30 21:14:30.448071,PHY,0x4601,1,0,na,"[0,",0,0,1,54.3,+3.9dB,16.9us,"[0,",1,595.19,normal,0,valid,-14.6dB,-16.4dB,na,na,,,,
2025-07-30 21:14:30.452197,CSI,0x4601,2,,na,"[0,",,,2,,-5.2dB,14.3us,"[0,",1,596.8,normal,0,invalid,-40.9dB,-47.4dB,-1.13us,-13953.4Hz,,"[6,",2222,1
2025-07-30 21:14:30.453134,PHY,0x4601,1,0,na,"[0,",0,0,1,23.8,-1.1dB,17.5us,"[0,",1,596.9,normal,0,valid,-13.9dB,-17.0dB,na,na,,,,
2025-07-30 21:14:30.456693,PHY,0x4601,2,,na,"[0,",,,01000,,+17.8dB,13.8us,"[0,",1,596.17,normal,0,valid,-12.0dB,-12.1dB,0.21us,-123.4Hz,,"[6,",,1
2025-07-30 21:14:30.457619,PHY,0x4601,1,0,na,"[0,",0,0,0,35.9,+1.7dB,18.1us,"[0,",1,596.18,normal,0,valid,-14.3dB,-16.3dB,na,na,,,,
2025-07-30 21:14:30.458109,PHY,0x4601,1,0,na,"[0,",0,0,1,35.8,+1.9dB,15.0us,"[0,",1,596.19,normal,0,valid,-14.5dB,-17.1dB,na,na,,,,
2025-07-30 21:14:30.462622,PHY,0x4601,1,0,na,"[0,",0,0,1,64.5,+3.0dB,20.4us,"[0,",1,597.8,normal,0,valid,-13.9dB,-16.6dB,na,na,,,,
2025-07-30 21:14:30.463202,PHY,0x4601,1,0,na,"[0,",0,0,0,19.6,-2.1dB,14.0us,"[0,",1,597.9,normal,0,valid,-14.2dB,-17.7dB,na,na,,,,
2025-07-30 21:14:30.466721,PHY,0x4601,2,,na,"[0,",,,11111,,+14.3dB,15.7us,"[0,",1,597.17,normal,0,valid,-12.4dB,-12.6dB,0.17us,+363.1Hz,,"[6,",,1
2025-07-30 21:14:30.467669,PHY,0x4601,1,0,na,"[0,",0,0,0,32.4,+1.4dB,17.4us,"[0,",1,597.18,normal,0,valid,-14.3dB,-16.1dB,na,na,,,,
2025-07-30 21:14:30.468128,PHY,0x4601,1,0,na,"[0,",0,0,1,51.4,+3.0dB,14.3us,"[0,",1,597.19,normal,0,valid,-14.2dB,-16.5dB,na,na,,,,
2025-07-30 21:14:30.472206,CSI,0x4601,2,,na,"[0,",,,1,,+33.2dB,12.7us,"[0,",1,598.8,normal,0,valid,-11.8dB,-11.9dB,0.24us,-26.3Hz,,"[6,",1111,1
2025-07-30 21:14:30.473111,PHY,0x4601,1,0,na,"[0,",0,0,0,22.9,-1.1dB,16.9us,"[0,",1,598.9,normal,0,valid,-14.3dB,-17.2dB,na,na,,,,
2025-07-30 21:14:30.476766,PHY,0x4601,2,,na,"[0,",,,01000,,+13.0dB,13.4us,"[0,",1,598.17,normal,0,valid,-11.8dB,-12.1dB,0.20us,+92.5Hz,,"[6,",,1
2025-07-30 21:14:30.477596,PHY,0x4601,1,0,na,"[0,",0,0,0,37.8,+1.2dB,17.7us,"[0,",1,598.18,normal,0,valid,-14.5dB,-16.9dB,na,na,,,,
2025-07-30 21:14:30.478201,PHY,0x4601,1,0,na,"[0,",0,0,1,29.0,+0.8dB,14.7us,"[0,",1,598.19,normal,0,valid,-14.4dB,-17.2dB,na,na,,,,
2025-07-30 21:14:30.482653,PHY,0x4601,1,0,na,"[0,",0,0,1,43.7,+2.4dB,17.1us,"[0,",1,599.8,normal,0,valid,-14.1dB,-17.0dB,na,na,,,,
2025-07-30 21:14:30.483117,PHY,0x4601,1,0,na,"[0,",0,0,0,24.2,-0.5dB,14.9us,"[0,",1,599.9,normal,0,valid,-14.0dB,-16.3dB,na,na,,,,
2025-07-30 21:14:30.486665,PHY,0x4601,2,,na,"[0,",,,11111,,+11.1dB,15.9us,"[0,",1,599.17,normal,0,valid,-12.4dB,-12.6dB,0.00us,+340.8Hz,,"[6,",,1
2025-07-30 21:14:30.487604,PHY,0x4601,1,0,na,"[0,",0,0,0,37.8,+2.0dB,15.5us,"[0,",1,599.18,normal,0,valid,-14.2dB,-16.1dB,na,na,,,,
2025-07-30 21:14:30.488094,PHY,0x4601,1,0,na,"[0,",0,0,1,44.4,+2.7dB,15.7us,"[0,",1,599.19,normal,0,valid,-14.4dB,-16.5dB,na,na,,,,
2025-07-30 21:14:30.497636,PHY,0x4601,1,0,na,"[0,",0,0,0,29.7,+0.4dB,17.8us,"[0,",1,600.18,normal,0,valid,-14.0dB,-16.3dB,na,na,,,,
2025-07-30 21:14:30.498116,PHY,0x4601,1,0,na,"[0,",0,0,1,38.9,+1.9dB,14.9us,"[0,",1,600.19,normal,0,valid,-14.0dB,-16.6dB,na,na,,,,
2025-07-30 21:14:30.507593,PHY,0x4601,1,0,na,"[0,",0,0,1,29.2,+0.5dB,18.1us,"[0,",1,601.18,normal,0,valid,-14.2dB,-16.6dB,na,na,,,,
2025-07-30 21:14:30.508148,PHY,0x4601,1,0,na,"[0,",0,0,1,28.2,-0.0dB,14.6us,"[0,",1,601.19,normal,0,valid,-14.2dB,-18.2dB,na,na,,,,
2025-07-30 21:14:30.517593,PHY,0x4601,1,0,na,"[0,",0,0,0,45.0,+2.6dB,15.8us,"[0,",1,602.18,normal,0,valid,-14.0dB,-16.1dB,na,na,,,,
2025-07-30 21:14:30.518091,PHY,0x4601,1,0,na,"[0,",0,0,1,21.6,-0.8dB,14.2us,"[0,",1,602.19,normal,0,valid,-14.3dB,-17.5dB,na,na,,,,
2025-07-30 21:14:50.458163,PHY,0x4601,1,0,na,"[0,",0,0,1,953.0,+15.5dB,24.6us,"[0,",1,548.19,normal,0,valid,-14.5dB,-14.6dB,na,na,,,,
2025-07-30 21:14:50.461671,PHY,0x4601,2,,na,"[0,",,,11111,,+30.6dB,18.6us,"[0,",1,549.7,normal,0,valid,-11.4dB,-11.5dB,0.25us,+103.3Hz,,"[6,",,1
2025-07-30 21:14:50.462612,PHY,0x4601,1,0,na,"[0,",0,0,1,926.5,+15.4dB,20.0us,"[0,",1,549.8,normal,0,valid,-14.4dB,-14.6dB,na,na,,,,
2025-07-30 21:14:50.463086,PHY,0x4601,1,0,na,"[0,",0,0,1,962.2,+15.6dB,19.6us,"[0,",1,549.9,normal,0,valid,-14.4dB,-14.6dB,na,na,,,,
2025-07-30 21:14:50.476677,PHY,0x4601,2,,na,"[0,",,,11111,,+32.1dB,24.5us,"[0,",1,550.17,normal,0,valid,-11.7dB,-11.7dB,0.23us,-15.5Hz,,"[6,",,1
2025-07-30 21:14:50.477610,PHY,0x4601,1,0,na,"[0,",0,0,1,1258.1,+16.7dB,19.5us,"[0,",1,550.18,normal,0,valid,-14.6dB,-14.6dB,na,na,,,,
2025-07-30 21:14:50.478090,PHY,0x4601,1,0,na,"[0,",0,0,1,1110.3,+16.2dB,20.8us,"[0,",1,550.19,normal,0,valid,-14.6dB,-14.7dB,na,na,,,,
2025-07-30 21:14:50.482591,PHY,0x4601,1,0,na,"[0,",0,0,1,947.5,+15.5dB,25.6us,"[0,",1,551.8,normal,0,valid,-14.5dB,-14.6dB,na,na,,,,
2025-07-30 21:14:50.483159,PHY,0x4601,1,0,na,"[0,",0,0,1,933.7,+15.4dB,18.2us,"[0,",1,551.9,normal,0,valid,-14.4dB,-14.6dB,na,na,,,,
2025-07-30 21:14:50.486725,PHY,0x4601,2,,na,"[0,",,,11111,,+34.9dB,20.0us,"[0,",1,551.17,normal,0,valid,-11.5dB,-11.6dB,0.24us,-73.5Hz,,"[6,",,1
2025-07-30 21:14:50.487636,PHY,0x4601,1,0,na,"[0,",0,0,1,940.1,+15.5dB,17.5us,"[0,",1,551.18,normal,0,valid,-14.5dB,-14.7dB,na,na,,,,
2025-07-30 21:14:50.488114,PHY,0x4601,1,0,na,"[0,",0,0,1,978.2,+15.7dB,20.1us,"[0,",1,551.19,normal,0,valid,-14.5dB,-14.6dB,na,na,,,,
2025-07-30 21:14:50.492260,CSI,0x4601,2,,na,"[0,",,,1,,+33.0dB,15.0us,"[0,",1,552.8,normal,0,valid,-11.3dB,-11.4dB,0.25us,-111.4Hz,,"[6,",1101,1
2025-07-30 21:14:50.493072,PHY,0x4601,1,0,na,"[0,",0,0,1,1290.6,+16.8dB,16.8us,"[0,",1,552.9,normal,0,valid,-14.6dB,-14.7dB,na,na,,,,
2025-07-30 21:14:50.496753,PHY,0x4601,2,,na,"[0,",,,11111,,+33.4dB,17.2us,"[0,",1,552.17,normal,0,valid,-11.5dB,-11.5dB,0.24us,+61.7Hz,,"[6,",,1
2025-07-30 21:14:50.497676,PHY,0x4601,1,0,na,"[0,",0,0,1,1208.5,+16.6dB,25.1us,"[0,",1,552.18,normal,0,valid,-14.6dB,-14.6dB,na,na,,,,
2025-07-30 21:14:50.498139,PHY,0x4601,1,0,na,"[0,",0,0,1,1224.9,+16.6dB,15.9us,"[0,",1,552.19,normal,0,valid,-14.5dB,-14.6dB,na,na,,,,
2025-07-30 21:14:50.502631,PHY,0x4601,1,0,na,"[0,",0,0,1,967.3,+15.6dB,18.0us,"[0,",1,553.8,normal,0,valid,-14.5dB,-14.6dB,na,na,,,,
2025-07-30 21:14:50.503101,PHY,0x4601,1,0,na,"[0,",0,0,1,990.8,+15.7dB,14.5us,"[0,",1,553.9,normal,0,valid,-14.5dB,-14.6dB,na,na,,,,
2025-07-30 21:14:50.506647,PHY,0x4601,2,,na,"[0,",,,11111,,+29.7dB,16.8us,"[0,",1,553.17,normal,0,valid,-11.6dB,-11.6dB,0.22us,+119.3Hz,,"[6,",,1
2025-07-30 21:14:50.507592,PHY,0x4601,1,0,na,"[0,",0,0,1,1193.0,+16.5dB,18.7us,"[0,",1,553.18,normal,0,valid,-14.5dB,-14.6dB,na,na,,,,
2025-07-30 21:14:50.508071,PHY,0x4601,1,0,na,"[0,",0,0,1,1220.7,+16.6dB,17.6us,"[0,",1,553.19,normal,0,valid,-14.6dB,-14.7dB,na,na,,,,
2025-07-30 21:14:50.512204,CSI,0x4601,2,,na,"[0,",,,1,,+31.1dB,15.9us,"[0,",1,554.8,normal,0,valid,-11.4dB,-11.4dB,0.25us,+25.9Hz,,"[6,",1101,1
2025-07-30 21:14:50.513161,PHY,0x4601,1,0,na,"[0,",0,0,1,920.0,+15.4dB,30.8us,"[0,",1,554.9,normal,0,valid,-14.6dB,-14.7dB,na,na,,,,
2025-07-30 21:14:50.516701,PHY,0x4601,2,,na,"[0,",,,11111,,+30.0dB,16.3us,"[0,",1,554.17,normal,0,valid,-11.5dB,-11.6dB,0.25us,-10.2Hz,,"[6,",,1
2025-07-30 21:14:50.517622,PHY,0x4601,1,0,na,"[0,",0,0,1,955.7,+15.5dB,17.6us,"[0,",1,554.18,normal,0,valid,-14.6dB,-14.7dB,na,na,,,,
2025-07-30 21:14:50.518098,PHY,0x4601,1,0,na,"[0,",0,0,1,879.2,+15.2dB,15.7us,"[0,",1,554.19,normal,0,valid,-14.6dB,-14.7dB,na,na,,,,
2025-07-30 21:14:50.522595,PHY,0x4601,1,0,na,"[0,",0,0,1,972.6,+15.6dB,24.8us,"[0,",1,555.8,normal,0,valid,-14.4dB,-14.6dB,na,na,,,,
2025-07-30 21:14:50.523175,PHY,0x4601,1,0,na,"[0,",0,0,1,962.2,+15.6dB,19.1us,"[0,",1,555.9,normal,0,valid,-14.5dB,-14.6dB,na,na,,,,
2025-07-30 21:14:50.526717,PHY,0x4601,2,,na,"[0,",,,11111,,+33.7dB,16.0us,"[0,",1,555.17,normal,0,valid,-11.6dB,-11.7dB,0.21us,+47.3Hz,,"[6,",,1
2025-07-30 21:14:50.527653,PHY,0x4601,1,0,na,"[0,",0,0,1,1243.8,+16.7dB,16.0us,"[0,",1,555.18,normal,0,valid,-14.5dB,-14.6dB,na,na,,,,
2025-07-30 21:14:50.528132,PHY,0x4601,1,0,na,"[0,",0,0,1,1242.8,+16.7dB,15.0us,"[0,",1,555.19,normal,0,valid,-14.6dB,-14.6dB,na,na,,,,
2025-07-30 21:14:50.532233,CSI,0x4601,2,,na,"[0,",,,1,,+33.6dB,16.1us,"[0,",1,556.8,normal,0,valid,-11.7dB,-11.7dB,0.26us,+108.8Hz,,"[6,",1101,1
2025-07-30 21:14:50.533110,PHY,0x4601,1,0,na,"[0,",0,0,1,914.1,+15.3dB,16.5us,"[0,",1,556.9,normal,0,valid,-14.5dB,-14.7dB,na,na,,,,
2025-07-30 21:14:50.536750,PHY,0x4601,2,,na,"[0,",,,11111,,+33.1dB,18.4us,"[0,",1,556.17,normal,0,valid,-11.5dB,-11.6dB,0.24us,-6.4Hz,,"[6,",,1
2025-07-30 21:14:50.537580,PHY,0x4601,1,0,na,"[0,",0,0,1,914.9,+15.4dB,17.5us,"[0,",1,556.18,normal,0,valid,-14.5dB,-14.6dB,na,na,,,,
2025-07-30 21:14:50.538168,PHY,0x4601,1,0,na,"[0,",0,0,1,970.4,+15.6dB,21.4us,"[0,",1,556.19,normal,0,valid,-14.5dB,-14.6dB,na,na,,,,
2025-07-30 21:14:50.542648,PHY,0x4601,1,0,na,"[0,",0,0,1,971.2,+15.6dB,18.3us,"[0,",1,557.8,normal,0,valid,-14.5dB,-14.6dB,na,na,,,,
2025-07-30 21:14:50.543124,PHY,0x4601,1,0,na,"[0,",0,0,1,1001.2,+15.7dB,17.2us,"[0,",1,557.9,normal,0,valid,-14.5dB,-14.6dB,na,na,,,,
2025-07-30 21:14:50.546665,PHY,0x4601,2,,na,"[0,",,,11111,,+29.8dB,16.2us,"[0,",1,557.17,normal,0,valid,-11.5dB,-11.6dB,0.25us,+51.5Hz,,"[6,",,1
2025-07-30 21:14:50.547603,PHY,0x4601,1,0,na,"[0,",0,0,1,962.6,+15.6dB,16.5us,"[0,",1,557.18,normal,0,valid,-14.6dB,-14.6dB,na,na,,,,
2025-07-30 21:14:50.548088,PHY,0x4601,1,0,na,"[0,",0,0,1,919.0,+15.4dB,18.9us,"[0,",1,557.19,normal,0,valid,-14.5dB,-14.7dB,na,na,,,,
2025-07-30 21:14:50.552271,CSI,0x4601,2,,na,"[0,",,,1,,+30.4dB,18.1us,"[0,",1,558.8,normal,0,valid,-11.4dB,-11.4dB,0.23us,-23.6Hz,,"[6,",1101,1
2025-07-30 21:14:50.553163,PHY,0x4601,1,0,na,"[0,",0,0,1,966.8,+15.6dB,20.4us,"[0,",1,558.9,normal,0,valid,-14.6dB,-14.7dB,na,na,,,,
2025-07-30 21:14:50.556735,PHY,0x4601,2,,na,"[0,",,,11111,,+27.6dB,26.4us,"[0,",1,558.17,normal,0,valid,-11.7dB,-11.7dB,0.24us,+47.3Hz,,"[6,",,1
2025-07-30 21:14:50.557652,PHY,0x4601,1,0,na,"[0,",0,0,1,1240.6,+16.7dB,20.8us,"[0,",1,558.18,normal,0,valid,-14.5dB,-14.6dB,na,na,,,,
2025-07-30 21:14:50.558125,PHY,0x4601,1,0,na,"[0,",0,0,1,1291.0,+16.9dB,20.1us,"[0,",1,558.19,normal,0,valid,-14.5dB,-14.6dB,na,na,,,,
2025-07-30 21:14:50.562620,PHY,0x4601,1,0,na,"[0,",0,0,1,922.7,+15.4dB,21.3us,"[0,",1,559.8,normal,0,valid,-14.5dB,-14.6dB,na,na,,,,
2025-07-30 21:14:50.563084,PHY,0x4601,1,0,na,"[0,",0,0,1,937.9,+15.5dB,17.8us,"[0,",1,559.9,normal,0,valid,-14.5dB,-14.6dB,na,na,,,,
2025-07-30 21:14:50.566796,PHY,0x4601,2,,na,"[0,",,,11111,,+27.3dB,43.1us,"[0,",1,559.17,normal,0,valid,-11.6dB,-11.7dB,0.23us,+46.2Hz,,"[6,",,1
2025-07-30 21:14:50.567585,PHY,0x4601,1,0,na,"[0,",0,0,1,932.8,+15.5dB,23.7us,"[0,",1,559.18,normal,0,valid,-14.5dB,-14.6dB,na,na,,,,
2025-07-30 21:14:50.568160,PHY,0x4601,1,0,na,"[0,",0,0,1,942.4,+15.5dB,21.7us,"[0,",1,559.19,normal,0,valid,-14.6dB,-14.7dB,na,na,,,,
2025-07-30 21:14:50.572325,CSI,0x4601,2,,na,"[0,",,,1,,+33.8dB,20.9us,"[0,",1,560.8,normal,0,valid,-11.4dB,-11.5dB,0.25us,+120.4Hz,,"[6,",1101,1
2025-07-30 21:14:50.573125,PHY,0x4601,1,0,na,"[0,",0,0,1,1263.3,+16.8dB,23.0us,"[0,",1,560.9,normal,0,valid,-14.5dB,-14.6dB,na,na,,,,
2025-07-30 21:14:50.576674,PHY,0x4601,2,,na,"[0,",,,11111,,+29.9dB,31.5us,"[0,",1,560.17,normal,0,valid,-11.6dB,-11.7dB,0.24us,-22.8Hz,,"[6,",,1
2025-07-30 21:14:50.577600,PHY,0x4601,1,0,na,"[0,",0,0,1,915.9,+15.4dB,18.9us,"[0,",1,560.18,normal,0,valid,-14.5dB,-14.7dB,na,na,,,,
2025-07-30 21:14:50.578084,PHY,0x4601,1,0,na,"[0,",0,0,1,1014.3,+15.8dB,19.6us,"[0,",1,560.19,normal,0,valid,-14.5dB,-14.6dB,na,na,,,,
2025-07-30 21:14:50.582693,PHY,0x4601,1,0,na,"[0,",0,0,1,907.7,+15.3dB,20.0us,"[0,",1,561.8,normal,0,valid,-14.6dB,-14.7dB,na,na,,,,
2025-07-30 21:14:50.583153,PHY,0x4601,1,0,na,"[0,",0,0,1,925.4,+15.4dB,16.7us,"[0,",1,561.9,normal,0,valid,-14.5dB,-14.6dB,na,na,,,,
2025-07-30 21:14:50.586723,PHY,0x4601,2,,na,"[0,",,,11111,,+29.4dB,32.4us,"[0,",1,561.17,normal,0,valid,-11.6dB,-11.7dB,0.25us,+67.7Hz,,"[6,",,1
2025-07-30 21:14:50.587632,PHY,0x4601,1,0,na,"[0,",0,0,1,971.0,+15.6dB,19.1us,"[0,",1,561.18,normal,0,valid,-14.6dB,-14.7dB,na,na,,,,
2025-07-30 21:14:50.588108,PHY,0x4601,1,0,na,"[0,",0,0,1,942.4,+15.5dB,17.2us,"[0,",1,561.19,normal,0,valid,-14.5dB,-14.7dB,na,na,,,,
2025-07-30 21:14:50.592248,CSI,0x4601,2,,na,"[0,",,,1,,+33.0dB,20.3us,"[0,",1,562.8,normal,0,valid,-11.5dB,-11.5dB,0.24us,-20.6Hz,,"[6,",1101,1
2025-07-30 21:14:50.593082,PHY,0x4601,1,0,na,"[0,",0,0,1,1288.0,+16.9dB,26.6us,"[0,",1,562.9,normal,0,valid,-14.5dB,-14.6dB,na,na,,,,
2025-07-30 21:14:50.596729,PHY,0x4601,2,,na,"[0,",,,11111,,+32.2dB,22.6us,"[0,",1,562.17,normal,0,valid,-11.4dB,-11.5dB,0.24us,+12.6Hz,,"[6,",,1
2025-07-30 21:14:50.597661,PHY,0x4601,1,0,na,"[0,",0,0,1,986.6,+15.7dB,18.1us,"[0,",1,562.18,normal,0,valid,-14.5dB,-14.6dB,na,na,,,,
2025-07-30 21:14:50.598137,PHY,0x4601,1,0,na,"[0,",0,0,1,975.9,+15.7dB,16.5us,"[0,",1,562.19,normal,0,valid,-14.6dB,-14.6dB,na,na,,,,
2025-07-30 21:14:50.602630,PHY,0x4601,1,0,na,"[0,",0,0,1,986.3,+15.7dB,19.9us,"[0,",1,563.8,normal,0,valid,-14.5dB,-14.7dB,na,na,,,,
2025-07-30 21:14:50.603106,PHY,0x4601,1,0,na,"[0,",0,0,1,949.5,+15.5dB,16.6us,"[0,",1,563.9,normal,0,valid,-14.6dB,-14.7dB,na,na,,,,
2025-07-30 21:14:50.606642,PHY,0x4601,2,,na,"[0,",,,11111,,+32.6dB,17.5us,"[0,",1,563.17,normal,0,valid,-11.6dB,-11.6dB,0.23us,+62.0Hz,,"[6,",,1
2025-07-30 21:14:50.607586,PHY,0x4601,1,0,na,"[0,",0,0,1,939.1,+15.5dB,19.9us,"[0,",1,563.18,normal,0,valid,-14.5dB,-14.7dB,na,na,,,,
2025-07-30 21:14:50.608175,PHY,0x4601,1,0,na,"[0,",0,0,1,966.7,+15.6dB,20.2us,"[0,",1,563.19,normal,0,valid,-14.6dB,-14.7dB,na,na,,,,
2025-07-30 21:14:50.612225,CSI,0x4601,2,,na,"[0,",,,1,,+29.1dB,15.0us,"[0,",1,564.8,normal,0,valid,-11.5dB,-11.5dB,0.24us,+14.1Hz,,"[6,",1101,1
2025-07-30 21:14:50.613129,PHY,0x4601,1,0,na,"[0,",0,0,1,954.2,+15.5dB,17.9us,"[0,",1,564.9,normal,0,valid,-14.6dB,-14.7dB,na,na,,,,
2025-07-30 21:14:50.616674,PHY,0x4601,2,,na,"[0,",,,11111,,+30.3dB,15.8us,"[0,",1,564.17,normal,0,valid,-11.6dB,-11.6dB,0.23us,+74.0Hz,,"[6,",,1
2025-07-30 21:14:50.617616,PHY,0x4601,1,0,na,"[0,",0,0,1,1272.1,+16.8dB,17.3us,"[0,",1,564.18,normal,0,valid,-14.6dB,-14.6dB,na,na,,,,
2025-07-30 21:14:50.618102,PHY,0x4601,1,0,na,"[0,",0,0,1,1313.4,+16.9dB,20.1us,"[0,",1,564.19,normal,0,valid,-14.6dB,-14.7dB,na,na,,,,
2025-07-30 21:14:50.622580,PHY,0x4601,1,0,na,"[0,",0,0,1,933.5,+15.5dB,16.5us,"[0,",1,565.8,normal,0,valid,-14.5dB,-14.7dB,na,na,,,,
2025-07-30 21:14:50.623156,PHY,0x4601,1,0,na,"[0,",0,0,1,932.6,+15.4dB,14.5us,"[0,",1,565.9,normal,0,valid,-14.5dB,-14.7dB,na,na,,,,
2025-07-30 21:14:50.626723,PHY,0x4601,2,,na,"[0,",,,11111,,+28.1dB,13.9us,"[0,",1,565.17,normal,0,valid,-11.5dB,-11.5dB,0.24us,-54.1Hz,,"[6,",,1
2025-07-30 21:14:50.627656,PHY,0x4601,1,0,na,"[0,",0,0,1,1285.6,+16.8dB,16.3us,"[0,",1,565.18,normal,0,valid,-14.5dB,-14.6dB,na,na,,,,
2025-07-30 21:14:50.628125,PHY,0x4601,1,0,na,"[0,",0,0,1,1201.5,+16.6dB,15.6us,"[0,",1,565.19,normal,0,valid,-14.5dB,-14.6dB,na,na,,,,
2025-07-30 21:14:50.632210,CSI,0x4601,2,,na,"[0,",,,1,,+36.1dB,13.0us,"[0,",1,566.8,normal,0,valid,-11.6dB,-11.6dB,0.24us,+43.0Hz,,"[6,",1101,1
2025-07-30 21:14:50.633086,PHY,0x4601,1,0,na,"[0,",0,0,1,1200.5,+16.5dB,16.1us,"[0,",1,566.9,normal,0,valid,-14.6dB,-14.6dB,na,na,,,,
2025-07-30 21:14:50.636763,PHY,0x4601,2,,na,"[0,",,,11111,,+32.9dB,20.2us,"[0,",1,566.17,normal,0,valid,-11.5dB,-11.6dB,0.23us,+100.1Hz,,"[6,",,1
2025-07-30 21:14:50.637575,PHY,0x4601,1,0,na,"[0,",0,0,1,1330.5,+17.0dB,20.2us,"[0,",1,566.18,normal,0,valid,-14.5dB,-14.6dB,na,na,,,,
2025-07-30 21:14:50.638153,PHY,0x4601,1,0,na,"[0,",0,0,1,1186.4,+16.5dB,14.9us,"[0,",1,566.19,normal,0,valid,-14.5dB,-14.6dB,na,na,,,,
2025-07-30 21:14:50.642641,PHY,0x4601,1,0,na,"[0,",0,0,1,939.6,+15.4dB,16.8us,"[0,",1,567.8,normal,0,valid,-14.5dB,-14.7dB,na,na,,,,
2025-07-30 21:14:50.643116,PHY,0x4601,1,0,na,"[0,",0,0,1,949.3,+15.5dB,14.4us,"[0,",1,567.9,normal,0,valid,-14.5dB,-14.7dB,na,na,,,,
2025-07-30 21:14:50.646669,PHY,0x4601,2,,na,"[0,",,,11111,,+30.6dB,14.1us,"[0,",1,567.17,normal,0,valid,-11.5dB,-11.5dB,0.24us,+64.1Hz,,"[6,",,1
2025-07-30 21:14:50.647602,PHY,0x4601,1,0,na,"[0,",0,0,1,926.6,+15.4dB,15.8us,"[0,",1,567.18,normal,0,valid,-14.5dB,-14.6dB,na,na,,,,
2025-07-30 21:14:50.648074,PHY,0x4601,1,0,na,"[0,",0,0,1,969.3,+15.6dB,14.3us,"[0,",1,567.19,normal,0,valid,-14.6dB,-14.7dB,na,na,,,,
2025-07-30 21:14:50.652216,CSI,0x4601,2,,na,"[0,",,,1,,+31.0dB,11.8us,"[0,",1,568.8,normal,0,valid,-11.6dB,-11.6dB,0.23us,+2.8Hz,,"[6,",1101,1
2025-07-30 21:14:50.653144,PHY,0x4601,1,0,na,"[0,",0,0,1,970.3,+15.6dB,15.4us,"[0,",1,568.9,normal,0,valid,-14.5dB,-14.6dB,na,na,,,,
2025-07-30 21:14:50.656704,PHY,0x4601,2,,na,"[0,",,,11111,,+28.5dB,14.7us,"[0,",1,568.17,normal,0,valid,-11.6dB,-11.7dB,0.25us,+50.3Hz,,"[6,",,1
2025-07-30 21:14:50.657637,PHY,0x4601,1,0,na,"[0,",0,0,1,1319.7,+16.9dB,16.9us,"[0,",1,568.18,normal,0,valid,-14.5dB,-14.6dB,na,na,,,,
2025-07-30 21:14:50.658112,PHY,0x4601,1,0,na,"[0,",0,0,1,1267.3,+16.8dB,14.0us,"[0,",1,568.19,normal,0,valid,-14.5dB,-14.7dB,na,na,,,,
2025-07-30 21:14:50.662599,PHY,0x4601,1,0,na,"[0,",0,0,1,981.6,+15.6dB,17.5us,"[0,",1,569.8,normal,0,valid,-14.5dB,-14.7dB,na,na,,,,
2025-07-30 21:14:50.663083,PHY,0x4601,1,0,na,"[0,",0,0,1,919.3,+15.3dB,19.3us,"[0,",1,569.9,normal,0,valid,-14.5dB,-14.7dB,na,na,,,,
2025-07-30 21:14:50.666721,PHY,0x4601,2,,na,"[0,",,,11111,,+33.4dB,17.8us,"[0,",1,569.17,normal,0,valid,-11.7dB,-11.7dB,0.23us,+74.7Hz,,"[6,",,1
2025-07-30 21:14:50.667667,PHY,0x4601,1,0,na,"[0,",0,0,1,949.9,+15.5dB,16.0us,"[0,",1,569.18,normal,0,valid,-14.5dB,-14.7dB,na,na,,,,
2025-07-30 21:14:50.668148,PHY,0x4601,1,0,na,"[0,",0,0,1,950.5,+15.5dB,22.2us,"[0,",1,569.19,normal,0,valid,-14.6dB,-14.7dB,na,na,,,,
2025-07-30 21:14:50.672230,CSI,0x4601,2,,na,"[0,",,,1,,+32.7dB,11.8us,"[0,",1,570.8,normal,0,valid,-11.5dB,-11.5dB,0.23us,+13.3Hz,,"[6,",1101,1
2025-07-30 21:14:50.673108,PHY,0x4601,1,0,na,"[0,",0,0,1,1231.0,+16.6dB,15.7us,"[0,",1,570.9,normal,0,valid,-14.6dB,-14.7dB,na,na,,,,
2025-07-30 21:14:50.676646,PHY,0x4601,2,,na,"[0,",,,11111,,+29.6dB,14.7us,"[0,",1,570.17,normal,0,valid,-11.6dB,-11.6dB,0.22us,+27.0Hz,,"[6,",,1
2025-07-30 21:14:50.677591,PHY,0x4601,1,0,na,"[0,",0,0,1,991.4,+15.7dB,16.1us,"[0,",1,570.18,normal,0,valid,-14.6dB,-14.7dB,na,na,,,,
2025-07-30 21:14:50.678068,PHY,0x4601,1,0,na,"[0,",0,0,1,987.6,+15.7dB,17.8us,"[0,",1,570.19,normal,0,valid,-14.6dB,-14.7dB,na,na,,,,
2025-07-30 21:14:50.682684,PHY,0x4601,1,0,na,"[0,",0,0,1,934.1,+15.4dB,17.8us,"[0,",1,571.8,normal,0,valid,-14.5dB,-14.7dB,na,na,,,,
2025-07-30 21:14:50.683136,PHY,0x4601,1,0,na,"[0,",0,0,1,922.6,+15.4dB,14.8us,"[0,",1,571.9,normal,0,valid,-14.6dB,-14.7dB,na,na,,,,
2025-07-30 21:14:50.686686,PHY,0x4601,2,,na,"[0,",,,11111,,+33.9dB,14.9us,"[0,",1,571.17,normal,0,valid,-11.6dB,-11.6dB,0.24us,-5.6Hz,,"[6,",,1
2025-07-30 21:14:50.687625,PHY,0x4601,1,0,na,"[0,",0,0,1,1229.2,+16.6dB,15.3us,"[0,",1,571.18,normal,0,valid,-14.5dB,-14.6dB,na,na,,,,
2025-07-30 21:14:50.688096,PHY,0x4601,1,0,na,"[0,",0,0,1,1225.3,+16.6dB,13.9us,"[0,",1,571.19,normal,0,valid,-14.6dB,-14.6dB,na,na,,,,
2025-07-30 21:14:50.692231,CSI,0x4601,2,,na,"[0,",,,1,,+30.1dB,14.7us,"[0,",1,572.8,normal,0,valid,-11.7dB,-11.7dB,0.25us,+27.9Hz,,"[6,",1101,1
2025-07-30 21:14:50.693166,PHY,0x4601,1,0,na,"[0,",0,0,1,1176.1,+16.4dB,16.0us,"[0,",1,572.9,normal,0,valid,-14.8dB,-14.9dB,na,na,,,,
2025-07-30 21:14:50.696723,PHY,0x4601,2,,na,"[0,",,,11111,,+31.3dB,16.8us,"[0,",1,572.17,normal,0,valid,-11.7dB,-11.8dB,0.21us,-48.1Hz,,"[6,",,1
2025-07-30 21:14:50.697657,PHY,0x4601,1,0,na,"[0,",0,0,1,1208.0,+16.6dB,18.2us,"[0,",1,572.18,normal,0,valid,-14.8dB,-14.8dB,na,na,,,,
2025-07-30 21:14:50.698140,PHY,0x4601,1,0,na,"[0,",0,0,1,1248.5,+16.7dB,14.9us,"[0,",1,572.19,normal,0,valid,-14.8dB,-14.9dB,na,na,,,,
2025-07-30 21:14:50.702617,PHY,0x4601,1,0,na,"[0,",0,0,1,961.6,+15.6dB,19.8us,"[0,",1,573.8,normal,0,valid,-14.7dB,-14.8dB,na,na,,,,
2025-07-30 21:14:50.703088,PHY,0x4601,1,0,na,"[0,",0,0,1,944.8,+15.5dB,15.7us,"[0,",1,573.9,normal,0,valid,-14.8dB,-14.9dB,na,na,,,,
2025-07-30 21:14:50.706746,PHY,0x4601,2,,na,"[0,",,,11111,,+31.7dB,14.8us,"[0,",1,573.17,normal,0,valid,-11.9dB,-12.0dB,0.21us,-60.7Hz,,"[6,",,1
2025-07-30 21:14:50.707575,PHY,0x4601,1,0,na,"[0,",0,0,1,1183.3,+16.5dB,15.9us,"[0,",1,573.18,normal,0,valid,-14.7dB,-14.8dB,na,na,,,,
2025-07-30 21:14:50.708156,PHY,0x4601,1,0,na,"[0,",0,0,1,1242.6,+16.7dB,14.1us,"[0,",1,573.19,normal,0,valid,-14.7dB,-14.8dB,na,na,,,,
2025-07-30 21:14:50.712181,CSI,0x4601,2,,na,"[0,",,,1,,+33.0dB,11.7us,"[0,",1,574.8,normal,0,valid,-11.7dB,-11.7dB,0.23us,+10.7Hz,,"[6,",1101,1
2025-07-30 21:14:50.713126,PHY,0x4601,1,0,na,"[0,",0,0,1,1231.3,+16.6dB,16.9us,"[0,",1,574.9,normal,0,valid,-14.7dB,-14.8dB,na,na,,,,
2025-07-30 21:14:50.716662,PHY,0x4601,2,,na,"[0,",,,11111,,+28.4dB,13.5us,"[0,",1,574.17,normal,0,valid,-11.8dB,-11.8dB,0.22us,+129.5Hz,,"[6,",,1
2025-07-30 21:14:50.717612,PHY,0x4601,1,0,na,"[0,",0,0,1,1244.4,+16.7dB,20.0us,"[0,",1,574.18,normal,0,valid,-14.7dB,-14.8dB,na,na,,,,
2025-07-30 21:14:50.718093,PHY,0x4601,1,0,na,"[0,",0,0,1,1268.5,+16.8dB,14.5us,"[0,",1,574.19,normal,0,valid,-14.7dB,-14.8dB,na,na,,,,
2025-07-30 21:14:50.722572,PHY,0x4601,1,0,na,"[0,",0,0,1,997.0,+15.7dB,15.8us,"[0,",1,575.8,normal,0,valid,-14.7dB,-14.8dB,na,na,,,,
2025-07-30 21:14:50.723151,PHY,0x4601,1,0,na,"[0,",0,0,1,968.5,+15.6dB,15.2us,"[0,",1,575.9,normal,0,valid,-14.7dB,-14.9dB,na,na,,,,
2025-07-30 21:14:50.726707,PHY,0x4601,2,,na,"[0,",,,11111,,+29.9dB,21.7us,"[0,",1,575.17,normal,0,valid,-11.8dB,-11.9dB,0.23us,+1.9Hz,,"[6,",,1
2025-07-30 21:14:50.727642,PHY,0x4601,1,0,na,"[0,",0,0,1,928.3,+15.4dB,17.7us,"[0,",1,575.18,normal,0,valid,-14.7dB,-14.9dB,na,na,,,,
2025-07-30 21:14:50.728128,PHY,0x4601,1,0,na,"[0,",0,0,1,1013.0,+15.8dB,19.3us,"[0,",1,575.19,normal,0,valid,-14.7dB,-14.9dB,na,na,,,,
2025-07-30 21:14:50.732255,CSI,0x4601,2,,na,"[0,",,,1,,+32.2dB,15.5us,"[0,",1,576.8,normal,0,valid,-11.7dB,-11.7dB,0.24us,-52.3Hz,,"[6,",1101,1
2025-07-30 21:14:50.733076,PHY,0x4601,1,0,na,"[0,",0,0,1,970.8,+15.6dB,16.1us,"[0,",1,576.9,normal,0,valid,-14.8dB,-14.9dB,na,na,,,,
2025-07-30 21:14:50.736756,PHY,0x4601,2,,na,"[0,",,,11111,,+32.7dB,15.1us,"[0,",1,576.17,normal,0,valid,-11.9dB,-11.9dB,0.24us,-36.6Hz,,"[6,",,1
2025-07-30 21:14:50.737562,PHY,0x4601,1,0,na,"[0,",0,0,1,933.9,+15.4dB,15.1us,"[0,",1,576.18,normal,0,valid,-14.7dB,-14.8dB,na,na,,,,
2025-07-30 21:14:50.738148,PHY,0x4601,1,0,na,"[0,",0,0,1,945.9,+15.5dB,18.4us,"[0,",1,576.19,normal,0,valid,-14.7dB,-14.9dB,na,na,,,,
2025-07-30 21:14:50.742640,PHY,0x4601,1,0,na,"[0,",0,0,1,922.3,+15.4dB,16.3us,"[0,",1,577.8,normal,0,valid,-14.7dB,-14.8dB,na,na,,,,
2025-07-30 21:14:50.743109,PHY,0x4601,1,0,na,"[0,",0,0,1,907.3,+15.4dB,14.2us,"[0,",1,577.9,normal,0,valid,-14.7dB,-14.8dB,na,na,,,,
2025-07-30 21:14:50.746651,PHY,0x4601,2,,na,"[0,",,,11111,,+30.6dB,14.0us,"[0,",1,577.17,normal,0,valid,-11.8dB,-11.8dB,0.24us,+70.1Hz,,"[6,",,1
2025-07-30 21:14:50.747594,PHY,0x4601,1,0,na,"[0,",0,0,1,1331.5,+17.0dB,15.9us,"[0,",1,577.18,normal,0,valid,-14.7dB,-14.8dB,na,na,,,,
2025-07-30 21:14:50.748077,PHY,0x4601,1,0,na,"[0,",0,0,1,1169.4,+16.4dB,17.8us,"[0,",1,577.19,normal,0,valid,-14.7dB,-14.8dB,na,na,,,,
2025-07-30 21:14:50.752210,CSI,0x4601,2,,na,"[0,",,,1,,+34.4dB,14.0us,"[0,",1,578.8,normal,0,valid,-11.7dB,-11.8dB,0.25us,-47.0Hz,,"[6,",1101,1
2025-07-30 21:14:50.753139,PHY,0x4601,1,0,na,"[0,",0,0,1,1293.0,+16.9dB,16.2us,"[0,",1,578.9,normal,0,valid,-14.7dB,-14.8dB,na,na,,,,
2025-07-30 21:14:50.756684,PHY,0x4601,2,,na,"[0,",,,11111,,+31.0dB,15.5us,"[0,",1,578.17,normal,0,valid,-11.7dB,-11.8dB,0.24us,+79.5Hz,,"[6,",,1
2025-07-30 21:14:50.757627,PHY,0x4601,1,0,na,"[0,",0,0,1,894.0,+15.2dB,15.7us,"[0,",1,578.18,normal,0,valid,-14.7dB,-14.8dB,na,na,,,,
2025-07-30 21:14:50.758106,PHY,0x4601,1,0,na,"[0,",0,0,1,976.1,+15.6dB,17.2us,"[0,",1,578.19,normal,0,valid,-14.7dB,-14.9dB,na,na,,,,
2025-07-30 21:14:50.762592,PHY,0x4601,1,0,na,"[0,",0,0,1,1000.7,+15.7dB,16.2us,"[0,",1,579.8,normal,0,valid,-14.7dB,-14.9dB,na,na,,,,
2025-07-30 21:14:50.763065,PHY,0x4601,1,0,na,"[0,",0,0,1,882.9,+15.2dB,14.7us,"[0,",1,579.9,normal,0,valid,-14.7dB,-14.8dB,na,na,,,,
2025-07-30 21:14:50.766716,PHY,0x4601,2,,na,"[0,",,,11111,,+30.3dB,15.9us,"[0,",1,579.17,normal,0,valid,-11.7dB,-11.8dB,0.23us,-112.7Hz,,"[6,",,1
2025-07-30 21:14:50.767665,PHY,0x4601,1,0,na,"[0,",0,0,1,946.5,+15.5dB,21.8us,"[0,",1,579.18,normal,0,valid,-14.7dB,-14.9dB,na,na,,,,
2025-07-30 21:14:50.768138,PHY,0x4601,1,0,na,"[0,",0,0,1,911.3,+15.4dB,15.1us,"[0,",1,579.19,normal,0,valid,-14.7dB,-14.8dB,na,na,,,,
2025-07-30 21:14:50.772223,CSI,0x4601,2,,na,"[0,",,,1,,+30.7dB,11.3us,"[0,",1,580.8,normal,0,valid,-11.8dB,-11.8dB,0.24us,-64.5Hz,,"[6,",1101,1
2025-07-30 21:14:50.773098,PHY,0x4601,1,0,na,"[0,",0,0,1,981.6,+15.7dB,16.0us,"[0,",1,580.9,normal,0,valid,-14.8dB,-14.9dB,na,na,,,,
2025-07-30 21:14:50.776637,PHY,0x4601,2,,na,"[0,",,,11111,,+31.0dB,13.5us,"[0,",1,580.17,normal,0,valid,-11.8dB,-11.9dB,0.22us,+8.2Hz,,"[6,",,1
2025-07-30 21:14:50.777584,PHY,0x4601,1,0,na,"[0,",0,0,1,1248.0,+16.7dB,16.6us,"[0,",1,580.18,normal,0,valid,-14.7dB,-14.8dB,na,na,,,,
2025-07-30 21:14:50.778167,PHY,0x4601,1,0,na,"[0,",0,0,1,1258.4,+16.7dB,13.7us,"[0,",1,580.19,normal,0,valid,-14.8dB,-14.9dB,na,na,,,,
2025-07-30 21:14:50.782655,PHY,0x4601,1,0,na,"[0,",0,0,1,966.6,+15.6dB,16.6us,"[0,",1,581.8,normal,0,valid,-14.8dB,-14.9dB,na,na,,,,
2025-07-30 21:14:50.783127,PHY,0x4601,1,0,na,"[0,",0,0,1,947.3,+15.5dB,14.4us,"[0,",1,581.9,normal,0,valid,-14.7dB,-14.9dB,na,na,,,,
2025-07-30 21:14:50.786673,PHY,0x4601,2,,na,"[0,",,,11111,,+31.8dB,14.2us,"[0,",1,581.17,normal,0,valid,-11.8dB,-11.9dB,0.24us,+27.5Hz,,"[6,",,1
2025-07-30 21:14:50.787616,PHY,0x4601,1,0,na,"[0,",0,0,1,1243.4,+16.7dB,16.8us,"[0,",1,581.18,normal,0,valid,-14.7dB,-14.8dB,na,na,,,,
2025-07-30 21:14:50.788090,PHY,0x4601,1,0,na,"[0,",0,0,1,1285.9,+16.8dB,15.8us,"[0,",1,581.19,normal,0,valid,-14.7dB,-14.8dB,na,na,,,,
2025-07-30 21:14:50.792226,CSI,0x4601,2,,na,"[0,",,,1,,+31.4dB,17.2us,"[0,",1,582.8,normal,0,valid,-11.8dB,-11.8dB,0.25us,-72.2Hz,,"[6,",1101,1
2025-07-30 21:14:50.793162,PHY,0x4601,1,0,na,"[0,",0,0,1,952.6,+15.5dB,16.4us,"[0,",1,582.9,normal,0,valid,-14.8dB,-14.9dB,na,na,,,,
2025-07-30 21:14:50.796737,PHY,0x4601,2,,na,"[0,",,,11111,,+32.6dB,14.6us,"[0,",1,582.17,normal,0,valid,-11.6dB,-11.6dB,0.24us,-37.2Hz,,"[6,",,1
2025-07-30 21:14:50.797647,PHY,0x4601,1,0,na,"[0,",0,0,1,1307.3,+16.9dB,17.5us,"[0,",1,582.18,normal,0,valid,-14.7dB,-14.8dB,na,na,,,,
2025-07-30 21:14:50.798126,PHY,0x4601,1,0,na,"[0,",0,0,1,1255.2,+16.7dB,18.9us,"[0,",1,582.19,normal,0,valid,-14.7dB,-14.8dB,na,na,,,,
2025-07-30 21:14:50.802608,PHY,0x4601,1,0,na,"[0,",0,0,1,938.2,+15.5dB,16.0us,"[0,",1,583.8,normal,0,valid,-14.7dB,-14.8dB,na,na,,,,
2025-07-30 21:14:50.803079,PHY,0x4601,1,0,na,"[0,",0,0,1,902.8,+15.3dB,14.1us,"[0,",1,583.9,normal,0,valid,-14.7dB,-14.9dB,na,na,,,,
2025-07-30 21:14:50.806738,PHY,0x4601,2,,na,"[0,",,,11111,,+30.5dB,16.6us,"[0,",1,583.17,normal,0,valid,-11.8dB,-11.8dB,0.23us,-3.0Hz,,"[6,",,1
2025-07-30 21:14:50.807569,PHY,0x4601,1,0,na,"[0,",0,0,1,1236.8,+16.7dB,15.6us,"[0,",1,583.18,normal,0,valid,-14.7dB,-14.8dB,na,na,,,,
2025-07-30 21:14:50.808154,PHY,0x4601,1,0,na,"[0,",0,0,1,1253.2,+16.7dB,20.0us,"[0,",1,583.19,normal,0,valid,-14.8dB,-14.9dB,na,na,,,,
2025-07-30 21:14:50.812256,CSI,0x4601,2,,na,"[0,",,,1,,+32.3dB,14.4us,"[0,",1,584.8,normal,0,valid,-11.7dB,-11.8dB,0.27us,-79.4Hz,,"[6,",1101,1
2025-07-30 21:14:50.813119,PHY,0x4601,1,0,na,"[0,",0,0,1,1291.9,+16.9dB,17.9us,"[0,",1,584.9,normal,0,valid,-14.8dB,-14.9dB,na,na,,,,
2025-07-30 21:14:50.816666,PHY,0x4601,2,,na,"[0,",,,11111,,+30.2dB,13.2us,"[0,",1,584.17,normal,0,valid,-11.9dB,-11.9dB,0.24us,-59.5Hz,,"[6,",,1
2025-07-30 21:14:50.817604,PHY,0x4601,1,0,na,"[0,",0,0,1,1251.7,+16.7dB,16.1us,"[0,",1,584.18,normal,0,valid,-14.7dB,-14.8dB,na,na,,,,
2025-07-30 21:14:50.818080,PHY,0x4601,1,0,na,"[0,",0,0,1,1256.6,+16.8dB,14.6us,"[0,",1,584.19,normal,0,valid,-14.7dB,-14.8dB,na,na,,,,
2025-07-30 21:14:50.822568,PHY,0x4601,1,0,na,"[0,",0,0,1,962.2,+15.6dB,16.1us,"[0,",1,585.8,normal,0,valid,-14.8dB,-14.9dB,na,na,,,,
2025-07-30 21:14:50.823148,PHY,0x4601,1,0,na,"[0,",0,0,1,871.4,+15.2dB,15.2us,"[0,",1,585.9,normal,0,valid,-14.7dB,-14.8dB,na,na,,,,
2025-07-30 21:14:50.826708,PHY,0x4601,2,,na,"[0,",,,11111,,+31.2dB,14.6us,"[0,",1,585.17,normal,0,valid,-11.7dB,-11.8dB,0.26us,+26.7Hz,,"[6,",,1
2025-07-30 21:14:50.827634,PHY,0x4601,1,0,na,"[0,",0,0,1,894.8,+15.3dB,15.0us,"[0,",1,585.18,normal,0,valid,-14.8dB,-14.9dB,na,na,,,,
2025-07-30 21:14:50.828105,PHY,0x4601,1,0,na,"[0,",0,0,1,939.0,+15.4dB,14.7us,"[0,",1,585.19,normal,0,valid,-14.7dB,-14.9dB,na,na,,,,
2025-07-30 21:14:50.832241,CSI,0x4601,2,,na,"[0,",,,1,,+30.8dB,12.8us,"[0,",1,586.8,normal,0,valid,-11.7dB,-11.7dB,0.22us,+28.4Hz,,"[6,",1101,1
2025-07-30 21:14:50.833077,PHY,0x4601,1,0,na,"[0,",0,0,1,1238.2,+16.7dB,21.1us,"[0,",1,586.9,normal,0,valid,-14.8dB,-14.8dB,na,na,,,,
2025-07-30 21:14:50.836726,PHY,0x4601,2,,na,"[0,",,,11111,,+33.0dB,14.2us,"[0,",1,586.17,normal,0,valid,-11.7dB,-11.7dB,0.23us,+42.9Hz,,"[6,",,1
2025-07-30 21:14:50.837671,PHY,0x4601,1,0,na,"[0,",0,0,1,954.4,+15.5dB,15.9us,"[0,",1,586.18,normal,0,valid,-14.7dB,-14.8dB,na,na,,,,
2025-07-30 21:14:50.838140,PHY,0x4601,1,0,na,"[0,",0,0,1,929.5,+15.4dB,14.8us,"[0,",1,586.19,normal,0,valid,-14.7dB,-14.9dB,na,na,,,,
2025-07-30 21:14:50.842630,PHY,0x4601,1,0,na,"[0,",0,0,1,901.0,+15.2dB,15.9us,"[0,",1,587.8,normal,0,valid,-14.7dB,-14.9dB,na,na,,,,
2025-07-30 21:14:50.843100,PHY,0x4601,1,0,na,"[0,",0,0,1,944.3,+15.5dB,14.4us,"[0,",1,587.9,normal,0,valid,-14.7dB,-14.8dB,na,na,,,,
2025-07-30 21:14:50.846643,PHY,0x4601,2,,na,"[0,",,,11111,,+31.6dB,13.9us,"[0,",1,587.17,normal,0,valid,-11.7dB,-11.8dB,0.23us,+84.8Hz,,"[6,",,1
2025-07-30 21:14:50.847588,PHY,0x4601,1,0,na,"[0,",0,0,1,1165.1,+16.4dB,15.5us,"[0,",1,587.18,normal,0,valid,-14.7dB,-14.8dB,na,na,,,,
2025-07-30 21:14:50.848066,PHY,0x4601,1,0,na,"[0,",0,0,1,1166.5,+16.4dB,15.1us,"[0,",1,587.19,normal,0,valid,-14.8dB,-14.9dB,na,na,,,,
2025-07-30 21:14:50.852203,CSI,0x4601,2,,na,"[0,",,,1,,+34.7dB,14.1us,"[0,",1,588.8,normal,0,valid,-11.7dB,-11.8dB,0.25us,-61.9Hz,,"[6,",1101,1
2025-07-30 21:14:50.853147,PHY,0x4601,1,0,na,"[0,",0,0,1,903.5,+15.3dB,20.0us,"[0,",1,588.9,normal,0,valid,-14.7dB,-14.8dB,na,na,,,,
2025-07-30 21:14:50.856691,PHY,0x4601,2,,na,"[0,",,,11111,,+30.9dB,15.0us,"[0,",1,588.17,normal,0,valid,-11.8dB,-11.9dB,0.24us,+31.1Hz,,"[6,",,1
2025-07-30 21:14:50.857625,PHY,0x4601,1,0,na,"[0,",0,0,1,968.4,+15.6dB,16.6us,"[0,",1,588.18,normal,0,valid,-14.7dB,-14.8dB,na,na,,,,
2025-07-30 21:14:50.858097,PHY,0x4601,1,0,na,"[0,",0,0,1,927.8,+15.4dB,14.3us,"[0,",1,588.19,normal,0,valid,-14.7dB,-14.8dB,na,na,,,,
2025-07-30 21:14:50.862588,PHY,0x4601,1,0,na,"[0,",0,0,1,945.2,+15.5dB,17.7us,"[0,",1,589.8,normal,0,valid,-14.7dB,-14.8dB,na,na,,,,
2025-07-30 21:14:50.863172,PHY,0x4601,1,0,na,"[0,",0,0,1,935.3,+15.4dB,21.4us,"[0,",1,589.9,normal,0,valid,-14.7dB,-14.9dB,na,na,,,,
2025-07-30 21:14:50.866726,PHY,0x4601,2,,na,"[0,",,,11111,,+32.4dB,17.9us,"[0,",1,589.17,normal,0,valid,-11.7dB,-11.7dB,0.24us,-35.6Hz,,"[6,",,1
2025-07-30 21:14:50.867653,PHY,0x4601,1,0,na,"[0,",0,0,1,1309.4,+16.9dB,17.4us,"[0,",1,589.18,normal,0,valid,-14.7dB,-14.8dB,na,na,,,,
2025-07-30 21:14:50.868127,PHY,0x4601,1,0,na,"[0,",0,0,1,1264.1,+16.8dB,16.4us,"[0,",1,589.19,normal,0,valid,-14.8dB,-14.8dB,na,na,,,,
2025-07-30 21:14:50.872226,CSI,0x4601,2,,na,"[0,",,,1,,+32.3dB,12.6us,"[0,",1,590.8,normal,0,valid,-11.7dB,-11.7dB,0.24us,-34.9Hz,,"[6,",1101,1
2025-07-30 21:14:50.873090,PHY,0x4601,1,0,na,"[0,",0,0,1,893.1,+15.3dB,15.6us,"[0,",1,590.9,normal,0,valid,-14.7dB,-14.8dB,na,na,,,,
2025-07-30 21:14:50.876742,PHY,0x4601,2,,na,"[0,",,,11111,,+32.9dB,16.9us,"[0,",1,590.17,normal,0,valid,-11.8dB,-11.8dB,0.26us,+34.7Hz,,"[6,",,1
2025-07-30 21:14:50.877578,PHY,0x4601,1,0,na,"[0,",0,0,1,958.5,+15.5dB,16.2us,"[0,",1,590.18,normal,0,valid,-14.8dB,-14.9dB,na,na,,,,
2025-07-30 21:14:50.878163,PHY,0x4601,1,0,na,"[0,",0,0,1,942.3,+15.5dB,15.5us,"[0,",1,590.19,normal,0,valid,-14.7dB,-14.9dB,na,na,,,,
2025-07-30 21:14:50.882655,PHY,0x4601,1,0,na,"[0,",0,0,1,993.9,+15.7dB,18.6us,"[0,",1,591.8,normal,0,valid,-14.7dB,-14.8dB,na,na,,,,
2025-07-30 21:14:50.883117,PHY,0x4601,1,0,na,"[0,",0,0,1,892.2,+15.2dB,14.8us,"[0,",1,591.9,normal,0,valid,-14.7dB,-14.9dB,na,na,,,,
2025-07-30 21:14:50.886663,PHY,0x4601,2,,na,"[0,",,,11111,,+30.3dB,13.8us,"[0,",1,591.17,normal,0,valid,-11.7dB,-11.8dB,0.24us,-3.5Hz,,"[6,",,1
2025-07-30 21:14:50.887608,PHY,0x4601,1,0,na,"[0,",0,0,1,947.9,+15.5dB,17.6us,"[0,",1,591.18,normal,0,valid,-14.7dB,-14.9dB,na,na,,,,
2025-07-30 21:14:50.888088,PHY,0x4601,1,0,na,"[0,",0,0,1,947.8,+15.5dB,14.7us,"[0,",1,591.19,normal,0,valid,-14.7dB,-14.8dB,na,na,,,,
2025-07-30 21:14:50.892221,CSI,0x4601,2,,na,"[0,",,,1,,+31.9dB,12.7us,"[0,",1,592.8,normal,0,valid,-11.8dB,-11.8dB,0.25us,+2.7Hz,,"[6,",1101,1
2025-07-30 21:14:50.893162,PHY,0x4601,1,0,na,"[0,",0,0,1,1280.5,+16.8dB,16.1us,"[0,",1,592.9,normal,0,valid,-14.7dB,-14.8dB,na,na,,,,
2025-07-30 21:14:50.896706,PHY,0x4601,2,,na,"[0,",,,11111,,+30.8dB,14.2us,"[0,",1,592.17,normal,0,valid,-11.8dB,-11.9dB,0.22us,-17.2Hz,,"[6,",,1
2025-07-30 21:14:50.897637,PHY,0x4601,1,0,na,"[0,",0,0,1,1176.3,+16.4dB,16.1us,"[0,",1,592.18,normal,0,valid,-14.7dB,-14.8dB,na,na,,,,
2025-07-30 21:14:50.898121,PHY,0x4601,1,0,na,"[0,",0,0,1,1167.9,+16.4dB,19.2us,"[0,",1,592.19,normal,0,valid,-14.8dB,-14.9dB,na,na,,,,
2025-07-30 21:14:50.902605,PHY,0x4601,1,0,na,"[0,",0,0,1,965.2,+15.6dB,16.4us,"[0,",1,593.8,normal,0,valid,-14.8dB,-14.9dB,na,na,,,,
2025-07-30 21:14:50.903073,PHY,0x4601,1,0,na,"[0,",0,0,1,934.1,+15.4dB,14.3us,"[0,",1,593.9,normal,0,valid,-14.8dB,-14.9dB,na,na,,,,
2025-07-30 21:14:50.906759,PHY,0x4601,2,,na,"[0,",,,11111,,+31.1dB,15.5us,"[0,",1,593.17,normal,0,valid,-11.8dB,-11.9dB,0.24us,+76.2Hz,,"[6,",,1
2025-07-30 21:14:50.907565,PHY,0x4601,1,0,na,"[0,",0,0,1,901.1,+15.3dB,15.2us,"[0,",1,593.18,normal,0,valid,-14.7dB,-14.8dB,na,na,,,,
2025-07-30 21:14:50.908162,PHY,0x4601,1,0,na,"[0,",0,0,1,889.1,+15.2dB,18.9us,"[0,",1,593.19,normal,0,valid,-14.7dB,-14.8dB,na,na,,,,
2025-07-30 21:14:50.912249,CSI,0x4601,2,,na,"[0,",,,1,,+32.2dB,15.4us,"[0,",1,594.8,normal,0,valid,-11.7dB,-11.8dB,0.24us,-28.6Hz,,"[6,",1101,1
2025-07-30 21:14:50.913108,PHY,0x4601,1,0,na,"[0,",0,0,1,929.7,+15.4dB,15.6us,"[0,",1,594.9,normal,0,valid,-14.8dB,-14.9dB,na,na,,,,
2025-07-30 21:14:50.916659,PHY,0x4601,2,,na,"[0,",,,11111,,+34.3dB,20.6us,"[0,",1,594.17,normal,0,valid,-11.7dB,-11.8dB,0.25us,+64.6Hz,,"[6,",,1
2025-07-30 21:14:50.917596,PHY,0x4601,1,0,na,"[0,",0,0,1,931.5,+15.5dB,15.9us,"[0,",1,594.18,normal,0,valid,-14.7dB,-14.8dB,na,na,,,,
2025-07-30 21:14:50.918074,PHY,0x4601,1,0,na,"[0,",0,0,1,916.3,+15.3dB,16.9us,"[0,",1,594.19,normal,0,valid,-14.7dB,-14.9dB,na,na,,,,
2025-07-30 21:14:50.922678,PHY,0x4601,1,0,na,"[0,",0,0,1,906.2,+15.3dB,20.7us,"[0,",1,595.8,normal,0,valid,-14.7dB,-14.9dB,na,na,,,,
2025-07-30 21:14:50.923152,PHY,0x4601,1,0,na,"[0,",0,0,1,950.2,+15.5dB,14.2us,"[0,",1,595.9,normal,0,valid,-14.7dB,-14.8dB,na,na,,,,
2025-07-30 21:14:50.926689,PHY,0x4601,2,,na,"[0,",,,11111,,+31.6dB,15.9us,"[0,",1,595.17,normal,0,valid,-11.8dB,-11.9dB,0.23us,-13.7Hz,,"[6,",,1
2025-07-30 21:14:50.927627,PHY,0x4601,1,0,na,"[0,",0,0,1,922.1,+15.4dB,16.8us,"[0,",1,595.18,normal,0,valid,-14.7dB,-14.9dB,na,na,,,,
2025-07-30 21:14:50.928101,PHY,0x4601,1,0,na,"[0,",0,0,1,920.8,+15.4dB,14.7us,"[0,",1,595.19,normal,0,valid,-14.7dB,-14.9dB,na,na,,,,
2025-07-30 21:14:50.932263,CSI,0x4601,2,,na,"[0,",,,1,,+30.7dB,12.8us,"[0,",1,596.8,normal,0,valid,-11.8dB,-11.9dB,0.24us,-60.6Hz,,"[6,",1101,1
2025-07-30 21:14:50.933067,PHY,0x4601,1,0,na,"[0,",0,0,1,1604.9,+17.8dB,17.8us,"[0,",1,596.9,normal,0,valid,-14.8dB,-14.9dB,na,na,,,,
2025-07-30 21:14:50.936741,PHY,0x4601,2,,na,"[0,",,,11111,,+30.6dB,12.5us,"[0,",1,596.17,normal,0,valid,-11.8dB,-11.9dB,0.17us,-7.1Hz,,"[6,",,1
2025-07-30 21:14:50.937662,PHY,0x4601,1,0,na,"[0,",0,0,1,1733.4,+18.1dB,17.6us,"[0,",1,596.18,normal,0,valid,-14.8dB,-14.9dB,na,na,,,,
2025-07-30 21:14:50.938141,PHY,0x4601,1,0,na,"[0,",0,0,1,1665.9,+18.0dB,14.5us,"[0,",1,596.19,normal,0,valid,-14.8dB,-14.9dB,na,na,,,,
2025-07-30 21:14:50.942621,PHY,0x4601,1,0,na,"[0,",0,0,1,1762.7,+18.2dB,15.9us,"[0,",1,597.8,normal,0,valid,-14.9dB,-15.0dB,na,na,,,,
2025-07-30 21:14:50.943094,PHY,0x4601,1,0,na,"[0,",0,0,1,1697.0,+18.0dB,13.5us,"[0,",1,597.9,normal,0,valid,-14.9dB,-14.9dB,na,na,,,,
2025-07-30 21:14:50.946637,PHY,0x4601,2,,na,"[0,",,,11111,,+31.0dB,14.0us,"[0,",1,597.17,normal,0,valid,-11.8dB,-11.8dB,0.17us,-121.0Hz,,"[6,",,1
2025-07-30 21:14:50.947581,PHY,0x4601,1,0,na,"[0,",0,0,1,1173.8,+16.5dB,15.2us,"[0,",1,597.18,normal,0,valid,-14.8dB,-14.9dB,na,na,,,,
2025-07-30 21:14:50.948166,PHY,0x4601,1,0,na,"[0,",0,0,1,1209.7,+16.5dB,14.3us,"[0,",1,597.19,normal,0,valid,-14.8dB,-15.0dB,na,na,,,,
2025-07-30 21:14:50.952184,CSI,0x4601,2,,na,"[0,",,,1,,+29.7dB,11.4us,"[0,",1,598.8,normal,0,valid,-11.8dB,-11.8dB,0.19us,+17.8Hz,,"[6,",1101,1
2025-07-30 21:14:50.953128,PHY,0x4601,1,0,na,"[0,",0,0,1,1199.3,+16.5dB,15.9us,"[0,",1,598.9,normal,0,valid,-14.8dB,-14.9dB,na,na,,,,
2025-07-30 21:14:50.956673,PHY,0x4601,2,,na,"[0,",,,11111,,+34.4dB,14.1us,"[0,",1,598.17,normal,0,valid,-11.8dB,-11.8dB,0.15us,-8.5Hz,,"[6,",,1
2025-07-30 21:14:50.957618,PHY,0x4601,1,0,na,"[0,",0,0,1,1689.2,+18.0dB,15.7us,"[0,",1,598.18,normal,0,valid,-14.8dB,-14.9dB,na,na,,,,
2025-07-30 21:14:50.958092,PHY,0x4601,1,0,na,"[0,",0,0,1,1643.3,+17.9dB,17.8us,"[0,",1,598.19,normal,0,valid,-14.8dB,-14.9dB,na,na,,,,
2025-07-30 21:14:50.962587,PHY,0x4601,1,0,na,"[0,",0,0,1,1740.2,+18.1dB,16.2us,"[0,",1,599.8,normal,0,valid,-14.9dB,-15.0dB,na,na,,,,
2025-07-30 21:14:50.963164,PHY,0x4601,1,0,na,"[0,",0,0,1,1762.3,+18.2dB,15.5us,"[0,",1,599.9,normal,0,valid,-14.9dB,-14.9dB,na,na,,,,
2025-07-30 21:14:50.966720,PHY,0x4601,2,,na,"[0,",,,11111,,+30.2dB,15.5us,"[0,",1,599.17,normal,0,valid,-11.8dB,-11.8dB,0.17us,+76.5Hz,,"[6,",,1
2025-07-30 21:14:50.967645,PHY,0x4601,1,0,na,"[0,",0,0,1,1776.9,+18.2dB,15.6us,"[0,",1,599.18,normal,0,valid,-14.8dB,-14.9dB,na,na,,,,
2025-07-30 21:14:50.968124,PHY,0x4601,1,0,na,"[0,",0,0,1,1702.7,+18.1dB,14.9us,"[0,",1,599.19,normal,0,valid,-14.9dB,-14.9dB,na,na,,,,
2025-07-30 21:14:50.972211,CSI,0x4601,2,,na,"[0,",,,1,,+31.2dB,12.4us,"[0,",1,600.8,normal,0,valid,-11.8dB,-11.8dB,0.17us,+49.5Hz,,"[6,",1101,1
2025-07-30 21:14:50.973086,PHY,0x4601,1,0,na,"[0,",0,0,1,1530.6,+17.6dB,17.4us,"[0,",1,600.9,normal,0,valid,-14.8dB,-14.9dB,na,na,,,,
2025-07-30 21:14:50.976735,PHY,0x4601,2,,na,"[0,",,,11111,,+29.0dB,16.5us,"[0,",1,600.17,normal,0,valid,-12.0dB,-12.0dB,0.17us,-24.5Hz,,"[6,",,1
2025-07-30 21:14:50.977579,PHY,0x4601,1,0,na,"[0,",0,0,1,1309.7,+16.9dB,20.3us,"[0,",1,600.18,normal,0,valid,-14.8dB,-14.9dB,na,na,,,,
2025-07-30 21:14:50.978161,PHY,0x4601,1,0,na,"[0,",0,0,1,1180.4,+16.5dB,14.9us,"[0,",1,600.19,normal,0,valid,-14.9dB,-15.0dB,na,na,,,,
2025-07-30 21:14:50.982646,PHY,0x4601,1,0,na,"[0,",0,0,1,1734.7,+18.2dB,15.7us,"[0,",1,601.8,normal,0,valid,-14.8dB,-14.9dB,na,na,,,,
2025-07-30 21:14:50.983107,PHY,0x4601,1,0,na,"[0,",0,0,1,1649.3,+17.9dB,14.9us,"[0,",1,601.9,normal,0,valid,-14.9dB,-15.0dB,na,na,,,,
2025-07-30 21:14:50.986665,PHY,0x4601,2,,na,"[0,",,,11111,,+32.6dB,15.2us,"[0,",1,601.17,normal,0,valid,-11.9dB,-11.9dB,0.16us,+34.8Hz,,"[6,",,1
2025-07-30 21:14:50.987604,PHY,0x4601,1,0,na,"[0,",0,0,1,1202.0,+16.5dB,15.9us,"[0,",1,601.18,normal,0,valid,-14.9dB,-15.0dB,na,na,,,,
2025-07-30 21:14:50.988080,PHY,0x4601,1,0,na,"[0,",0,0,1,1213.4,+16.6dB,14.4us,"[0,",1,601.19,normal,0,valid,-14.8dB,-14.9dB,na,na,,,,
2025-07-30 21:14:50.992209,CSI,0x4601,2,,na,"[0,",,,1,,+32.6dB,12.4us,"[0,",1,602.8,normal,0,valid,-11.8dB,-11.9dB,0.17us,-34.7Hz,,"[6,",1101,1
2025-07-30 21:14:50.993153,PHY,0x4601,1,0,na,"[0,",0,0,1,1596.7,+17.8dB,17.0us,"[0,",1,602.9,normal,0,valid,-14.8dB,-14.9dB,na,na,,,,
2025-07-30 21:14:50.996702,PHY,0x4601,2,,na,"[0,",,,11111,,+30.3dB,16.9us,"[0,",1,602.17,normal,0,valid,-11.9dB,-11.9dB,0.17us,-28.7Hz,,"[6,",,1
2025-07-30 21:14:50.997638,PHY,0x4601,1,0,na,"[0,",0,0,1,1194.6,+16.5dB,16.6us,"[0,",1,602.18,normal,0,valid,-14.8dB,-14.9dB,na,na,,,,
2025-07-30 21:14:50.998120,PHY,0x4601,1,0,na,"[0,",0,0,1,1269.3,+16.7dB,14.1us,"[0,",1,602.19,normal,0,valid,-14.8dB,-15.0dB,na,na,,,,
2025-07-30 21:14:51.002603,PHY,0x4601,1,0,na,"[0,",0,0,1,1593.2,+17.8dB,18.9us,"[0,",1,603.8,normal,0,valid,-14.9dB,-14.9dB,na,na,,,,
2025-07-30 21:14:51.003068,PHY,0x4601,1,0,na,"[0,",0,0,1,1600.6,+17.8dB,14.9us,"[0,",1,603.9,normal,0,valid,-14.9dB,-15.0dB,na,na,,,,
2025-07-30 21:14:51.006735,PHY,0x4601,2,,na,"[0,",,,11111,,+28.3dB,15.9us,"[0,",1,603.17,normal,0,valid,-11.9dB,-11.9dB,0.18us,+148.8Hz,,"[6,",,1
2025-07-30 21:14:51.007666,PHY,0x4601,1,0,na,"[0,",0,0,1,1230.1,+16.7dB,17.1us,"[0,",1,603.18,normal,0,valid,-14.8dB,-14.9dB,na,na,,,,
2025-07-30 21:14:51.008137,PHY,0x4601,1,0,na,"[0,",0,0,1,1237.0,+16.7dB,14.7us,"[0,",1,603.19,normal,0,valid,-14.8dB,-14.9dB,na,na,,,,
2025-07-30 21:14:51.012235,CSI,0x4601,2,,na,"[0,",,,1,,+33.0dB,15.8us,"[0,",1,604.8,normal,0,valid,-11.8dB,-11.8dB,0.17us,+11.8Hz,,"[6,",1101,1
2025-07-30 21:14:51.013101,PHY,0x4601,1,0,na,"[0,",0,0,1,1143.9,+16.3dB,16.0us,"[0,",1,604.9,normal,0,valid,-14.8dB,-14.9dB,na,na,,,,
2025-07-30 21:14:51.016646,PHY,0x4601,2,,na,"[0,",,,11111,,+30.8dB,13.8us,"[0,",1,604.17,normal,0,valid,-11.8dB,-11.9dB,0.20us,-31.1Hz,,"[6,",,1
2025-07-30 21:14:51.017590,PHY,0x4601,1,0,na,"[0,",0,0,1,1167.0,+16.4dB,17.6us,"[0,",1,604.18,normal,0,valid,-14.8dB,-14.9dB,na,na,,,,
2025-07-30 21:14:51.018071,PHY,0x4601,1,0,na,"[0,",0,0,1,1268.5,+16.8dB,18.4us,"[0,",1,604.19,normal,0,valid,-14.8dB,-14.9dB,na,na,,,,
2025-07-30 21:14:51.022662,PHY,0x4601,1,0,na,"[0,",0,0,1,1645.8,+17.9dB,17.4us,"[0,",1,605.8,normal,0,valid,-14.8dB,-14.9dB,na,na,,,,
2025-07-30 21:14:51.023133,PHY,0x4601,1,0,na,"[0,",0,0,1,1632.5,+17.9dB,14.8us,"[0,",1,605.9,normal,0,valid,-14.9dB,-14.9dB,na,na,,,,
2025-07-30 21:14:51.026679,PHY,0x4601,2,,na,"[0,",,,11111,,+31.5dB,16.0us,"[0,",1,605.17,normal,0,valid,-11.9dB,-11.9dB,0.19us,+66.4Hz,,"[6,",,1
2025-07-30 21:14:51.027626,PHY,0x4601,1,0,na,"[0,",0,0,1,1455.4,+17.4dB,22.0us,"[0,",1,605.18,normal,0,valid,-14.8dB,-14.9dB,na,na,,,,
2025-07-30 21:14:51.028102,PHY,0x4601,1,0,na,"[0,",0,0,1,1554.1,+17.7dB,17.8us,"[0,",1,605.19,normal,0,valid,-14.8dB,-14.9dB,na,na,,,,
2025-07-30 21:14:51.032223,CSI,0x4601,2,,na,"[0,",,,1,,+31.5dB,13.9us,"[0,",1,606.8,normal,0,valid,-11.8dB,-11.9dB,0.20us,-190.9Hz,,"[6,",1101,1
2025-07-30 21:14:51.033169,PHY,0x4601,1,0,na,"[0,",0,0,1,1554.5,+17.7dB,15.8us,"[0,",1,606.9,normal,0,valid,-14.8dB,-14.9dB,na,na,,,,
2025-07-30 21:14:51.036727,PHY,0x4601,2,,na,"[0,",,,11111,,+31.1dB,13.8us,"[0,",1,606.17,normal,0,valid,-11.8dB,-11.9dB,0.17us,-32.8Hz,,"[6,",,1
2025-07-30 21:14:51.037651,PHY,0x4601,1,0,na,"[0,",0,0,1,1167.7,+16.4dB,15.4us,"[0,",1,606.18,normal,0,valid,-14.8dB,-14.9dB,na,na,,,,
2025-07-30 21:14:51.038138,PHY,0x4601,1,0,na,"[0,",0,0,1,1254.1,+16.7dB,18.5us,"[0,",1,606.19,normal,0,valid,-14.8dB,-14.9dB,na,na,,,,
2025-07-30 21:14:51.042616,PHY,0x4601,1,0,na,"[0,",0,0,1,1664.0,+17.9dB,18.1us,"[0,",1,607.8,normal,0,valid,-14.9dB,-14.9dB,na,na,,,,
2025-07-30 21:14:51.043088,PHY,0x4601,1,0,na,"[0,",0,0,1,1577.4,+17.7dB,14.9us,"[0,",1,607.9,normal,0,valid,-14.9dB,-15.0dB,na,na,,,,
2025-07-30 21:14:51.046768,PHY,0x4601,2,,na,"[0,",,,11111,,+30.6dB,25.7us,"[0,",1,607.17,normal,0,valid,-11.8dB,-11.8dB,0.16us,-6.8Hz,,"[6,",,1
2025-07-30 21:14:51.047585,PHY,0x4601,1,0,na,"[0,",0,0,1,1689.7,+18.0dB,21.4us,"[0,",1,607.18,normal,0,valid,-14.8dB,-14.9dB,na,na,,,,
2025-07-30 21:14:51.048162,PHY,0x4601,1,0,na,"[0,",0,0,1,1579.4,+17.8dB,18.4us,"[0,",1,607.19,normal,0,valid,-14.8dB,-14.8dB,na,na,,,,
2025-07-30 21:14:51.052183,CSI,0x4601,2,,na,"[0,",,,1,,+33.2dB,15.2us,"[0,",1,608.8,normal,0,valid,-11.8dB,-11.8dB,0.15us,-3.1Hz,,"[6,",1101,1
2025-07-30 21:14:51.053124,PHY,0x4601,1,0,na,"[0,",0,0,1,1174.1,+16.4dB,16.1us,"[0,",1,608.9,normal,0,valid,-14.9dB,-15.0dB,na,na,,,,
2025-07-30 21:14:51.056662,PHY,0x4601,2,,na,"[0,",,,11111,,+28.8dB,13.8us,"[0,",1,608.17,normal,0,valid,-11.9dB,-12.0dB,0.17us,-24.1Hz,,"[6,",,1
2025-07-30 21:14:51.057607,PHY,0x4601,1,0,na,"[0,",0,0,1,1234.1,+16.7dB,16.8us,"[0,",1,608.18,normal,0,valid,-14.8dB,-14.9dB,na,na,,,,
2025-07-30 21:14:51.058086,PHY,0x4601,1,0,na,"[0,",0,0,1,1168.9,+16.4dB,17.9us,"[0,",1,608.19,normal,0,valid,-14.8dB,-14.9dB,na,na,,,,
2025-07-30 21:14:51.062571,PHY,0x4601,1,0,na,"[0,",0,0,1,1604.8,+17.8dB,16.3us,"[0,",1,609.8,normal,0,valid,-14.8dB,-14.9dB,na,na,,,,
2025-07-30 21:14:51.063149,PHY,0x4601,1,0,na,"[0,",0,0,1,1719.4,+18.1dB,14.6us,"[0,",1,609.9,normal,0,valid,-14.9dB,-14.9dB,na,na,,,,
2025-07-30 21:14:51.066734,PHY,0x4601,2,,na,"[0,",,,11111,,+35.7dB,15.4us,"[0,",1,609.17,normal,0,valid,-11.9dB,-11.9dB,0.16us,+92.7Hz,,"[6,",,1
2025-07-30 21:14:51.067639,PHY,0x4601,1,0,na,"[0,",0,0,1,1591.6,+17.8dB,16.4us,"[0,",1,609.18,normal,0,valid,-14.8dB,-14.9dB,na,na,,,,
2025-07-30 21:14:51.068112,PHY,0x4601,1,0,na,"[0,",0,0,1,1619.6,+17.8dB,18.7us,"[0,",1,609.19,normal,0,valid,-14.8dB,-14.9dB,na,na,,,,
2025-07-30 21:14:51.072251,CSI,0x4601,2,,na,"[0,",,,1,,+28.9dB,12.2us,"[0,",1,610.8,normal,0,valid,-11.8dB,-11.8dB,0.18us,-33.2Hz,,"[6,",1101,1
2025-07-30 21:14:51.073077,PHY,0x4601,1,0,na,"[0,",0,0,1,1704.3,+18.0dB,15.3us,"[0,",1,610.9,normal,0,valid,-14.8dB,-14.9dB,na,na,,,,
2025-07-30 21:14:51.076722,PHY,0x4601,2,,na,"[0,",,,11111,,+30.8dB,15.7us,"[0,",1,610.17,normal,0,valid,-11.9dB,-11.9dB,0.19us,+25.6Hz,,"[6,",,1
2025-07-30 21:14:51.077570,PHY,0x4601,1,0,na,"[0,",0,0,1,1229.6,+16.6dB,22.3us,"[0,",1,610.18,normal,0,valid,-14.8dB,-14.9dB,na,na,,,,
2025-07-30 21:14:51.078150,PHY,0x4601,1,0,na,"[0,",0,0,1,1259.8,+16.7dB,18.5us,"[0,",1,610.19,normal,0,valid,-14.8dB,-14.9dB,na,na,,,,
2025-07-30 21:14:51.082637,PHY,0x4601,1,0,na,"[0,",0,0,1,1537.6,+17.6dB,15.8us,"[0,",1,611.8,normal,0,valid,-14.9dB,-14.9dB,na,na,,,,
2025-07-30 21:14:51.083103,PHY,0x4601,1,0,na,"[0,",0,0,1,1636.0,+17.9dB,14.5us,"[0,",1,611.9,normal,0,valid,-14.8dB,-14.9dB,na,na,,,,
2025-07-30 21:14:51.086651,PHY,0x4601,2,,na,"[0,",,,11111,,+32.9dB,14.6us,"[0,",1,611.17,normal,0,valid,-11.9dB,-11.9dB,0.16us,-9.3Hz,,"[6,",,1
2025-07-30 21:14:51.087604,PHY,0x4601,1,0,na,"[0,",0,0,1,1235.1,+16.6dB,15.9us,"[0,",1,611.18,normal,0,valid,-14.8dB,-15.0dB,na,na,,,,
2025-07-30 21:14:51.088074,PHY,0x4601,1,0,na,"[0,",0,0,1,1280.3,+16.8dB,15.0us,"[0,",1,611.19,normal,0,valid,-14.8dB,-14.9dB,na,na,,,,
2025-07-30 21:14:51.092205,CSI,0x4601,2,,na,"[0,",,,1,,+29.7dB,12.3us,"[0,",1,612.8,normal,0,valid,-11.8dB,-11.9dB,0.19us,+47.9Hz,,"[6,",1101,1
2025-07-30 21:14:51.093138,PHY,0x4601,1,0,na,"[0,",0,0,1,1652.1,+17.9dB,15.8us,"[0,",1,612.9,normal,0,valid,-14.8dB,-14.9dB,na,na,,,,
2025-07-30 21:14:51.096700,PHY,0x4601,2,,na,"[0,",,,11111,,+30.1dB,14.3us,"[0,",1,612.17,normal,0,valid,-11.8dB,-11.8dB,0.18us,+32.1Hz,,"[6,",,1
2025-07-30 21:14:51.097628,PHY,0x4601,1,0,na,"[0,",0,0,1,1626.1,+17.9dB,16.1us,"[0,",1,612.18,normal,0,valid,-14.8dB,-14.9dB,na,na,,,,
2025-07-30 21:14:51.098107,PHY,0x4601,1,0,na,"[0,",0,0,1,1679.6,+18.0dB,15.1us,"[0,",1,612.19,normal,0,valid,-14.9dB,-14.9dB,na,na,,,,
2025-07-30 21:14:51.102590,PHY,0x4601,1,0,na,"[0,",0,0,1,1695.6,+18.0dB,15.2us,"[0,",1,613.8,normal,0,valid,-14.9dB,-15.0dB,na,na,,,,
2025-07-30 21:14:51.103065,PHY,0x4601,1,0,na,"[0,",0,0,1,1619.6,+17.8dB,14.8us,"[0,",1,613.9,normal,0,valid,-14.9dB,-14.9dB,na,na,,,,
2025-07-30 21:14:51.106742,PHY,0x4601,2,,na,"[0,",,,11111,,+30.8dB,21.9us,"[0,",1,613.17,normal,0,valid,-11.9dB,-11.9dB,0.16us,+30.3Hz,,"[6,",,1
2025-07-30 21:14:51.107663,PHY,0x4601,1,0,na,"[0,",0,0,1,1703.6,+18.0dB,21.0us,"[0,",1,613.18,normal,0,valid,-14.8dB,-14.9dB,na,na,,,,
2025-07-30 21:14:51.108140,PHY,0x4601,1,0,na,"[0,",0,0,1,1724.3,+18.1dB,19.0us,"[0,",1,613.19,normal,0,valid,-14.9dB,-14.9dB,na,na,,,,
2025-07-30 21:14:51.112225,CSI,0x4601,2,,na,"[0,",,,1,,+32.2dB,14.0us,"[0,",1,614.8,normal,0,valid,-11.9dB,-12.0dB,0.18us,+1.2Hz,,"[6,",1101,1
2025-07-30 21:14:51.113099,PHY,0x4601,1,0,na,"[0,",0,0,1,1590.8,+17.8dB,17.4us,"[0,",1,614.9,normal,0,valid,-14.8dB,-14.9dB,na,na,,,,
2025-07-30 21:14:51.116637,PHY,0x4601,2,,na,"[0,",,,11111,,+31.6dB,15.4us,"[0,",1,614.17,normal,0,valid,-11.9dB,-11.9dB,0.18us,+48.9Hz,,"[6,",,1
2025-07-30 21:14:51.117587,PHY,0x4601,1,0,na,"[0,",0,0,1,1652.9,+17.9dB,15.5us,"[0,",1,614.18,normal,0,valid,-14.8dB,-14.9dB,na,na,,,,
2025-07-30 21:14:51.118167,PHY,0x4601,1,0,na,"[0,",0,0,1,1571.7,+17.7dB,13.6us,"[0,",1,614.19,normal,0,valid,-14.9dB,-14.9dB,na,na,,,,
2025-07-30 21:14:51.122652,PHY,0x4601,1,0,na,"[0,",0,0,1,1751.1,+18.2dB,15.5us,"[0,",1,615.8,normal,0,valid,-14.9dB,-14.9dB,na,na,,,,
2025-07-30 21:14:51.123129,PHY,0x4601,1,0,na,"[0,",0,0,1,1671.4,+18.0dB,14.3us,"[0,",1,615.9,normal,0,valid,-14.9dB,-14.9dB,na,na,,,,
2025-07-30 21:14:51.126671,PHY,0x4601,2,,na,"[0,",,,11111,,+31.0dB,13.9us,"[0,",1,615.17,normal,0,valid,-11.9dB,-11.9dB,0.16us,-33.3Hz,,"[6,",,1
2025-07-30 21:14:51.127608,PHY,0x4601,1,0,na,"[0,",0,0,1,1216.4,+16.6dB,15.1us,"[0,",1,615.18,normal,0,valid,-14.8dB,-14.9dB,na,na,,,,
2025-07-30 21:14:51.128095,PHY,0x4601,1,0,na,"[0,",0,0,1,1171.7,+16.4dB,20.5us,"[0,",1,615.19,normal,0,valid,-14.9dB,-15.0dB,na,na,,,,
2025-07-30 21:14:51.132216,CSI,0x4601,2,,na,"[0,",,,1,,+34.3dB,11.0us,"[0,",1,616.8,normal,0,valid,-11.9dB,-11.9dB,0.15us,-4.5Hz,,"[6,",1101,1
2025-07-30 21:14:51.133160,PHY,0x4601,1,0,na,"[0,",0,0,1,1633.9,+17.9dB,16.1us,"[0,",1,616.9,normal,0,valid,-14.9dB,-14.9dB,na,na,,,,
2025-07-30 21:14:51.136702,PHY,0x4601,2,,na,"[0,",,,11111,,+31.5dB,13.9us,"[0,",1,616.17,normal,0,valid,-11.9dB,-11.9dB,0.18us,-15.3Hz,,"[6,",,1
2025-07-30 21:14:51.137654,PHY,0x4601,1,0,na,"[0,",0,0,1,1766.1,+18.2dB,24.1us,"[0,",1,616.18,normal,0,valid,-14.8dB,-14.9dB,na,na,,,,
2025-07-30 21:14:51.138123,PHY,0x4601,1,0,na,"[0,",0,0,1,1613.6,+17.8dB,13.9us,"[0,",1,616.19,normal,0,valid,-14.8dB,-14.9dB,na,na,,,,
2025-07-30 21:14:51.142606,PHY,0x4601,1,0,na,"[0,",0,0,1,1637.2,+17.9dB,15.7us,"[0,",1,617.8,normal,0,valid,-14.9dB,-14.9dB,na,na,,,,
2025-07-30 21:14:51.143080,PHY,0x4601,1,0,na,"[0,",0,0,1,1734.5,+18.1dB,15.3us,"[0,",1,617.9,normal,0,valid,-14.9dB,-14.9dB,na,na,,,,
2025-07-30 21:14:51.146751,PHY,0x4601,2,,na,"[0,",,,11111,,+33.5dB,13.2us,"[0,",1,617.17,normal,0,valid,-11.9dB,-11.9dB,0.19us,+133.0Hz,,"[6,",,1
2025-07-30 21:14:51.147571,PHY,0x4601,1,0,na,"[0,",0,0,1,1617.0,+17.8dB,16.2us,"[0,",1,617.18,normal,0,valid,-14.8dB,-14.9dB,na,na,,,,
2025-07-30 21:14:51.148156,PHY,0x4601,1,0,na,"[0,",0,0,1,1511.2,+17.5dB,13.7us,"[0,",1,617.19,normal,0,valid,-14.8dB,-14.9dB,na,na,,,,
2025-07-30 21:14:51.152254,CSI,0x4601,2,,na,"[0,",,,1,,+29.4dB,11.1us,"[0,",1,618.8,normal,0,valid,-11.8dB,-11.9dB,0.18us,+1.5Hz,,"[6,",1101,1
2025-07-30 21:14:51.153121,PHY,0x4601,1,0,na,"[0,",0,0,1,1736.0,+18.2dB,15.7us,"[0,",1,618.9,normal,0,valid,-14.8dB,-14.9dB,na,na,,,,
2025-07-30 21:14:51.156656,PHY,0x4601,2,,na,"[0,",,,11111,,+33.3dB,13.2us,"[0,",1,618.17,normal,0,valid,-11.8dB,-11.9dB,0.20us,+54.4Hz,,"[6,",,1
2025-07-30 21:14:51.157602,PHY,0x4601,1,0,na,"[0,",0,0,1,1693.2,+18.1dB,16.4us,"[0,",1,618.18,normal,0,valid,-14.9dB,-14.9dB,na,na,,,,
2025-07-30 21:14:51.158083,PHY,0x4601,1,0,na,"[0,",0,0,1,1674.3,+18.0dB,20.0us,"[0,",1,618.19,normal,0,valid,-14.9dB,-15.0dB,na,na,,,,
2025-07-30 21:14:51.162572,PHY,0x4601,1,0,na,"[0,",0,0,1,1670.8,+18.0dB,23.6us,"[0,",1,619.8,normal,0,valid,-14.8dB,-14.9dB,na,na,,,,
2025-07-30 21:14:51.163150,PHY,0x4601,1,0,na,"[0,",0,0,1,1678.0,+18.0dB,14.5us,"[0,",1,619.9,normal,0,valid,-14.9dB,-15.0dB,na,na,,,,
2025-07-30 21:14:51.166711,PHY,0x4601,2,,na,"[0,",,,11111,,+34.9dB,14.7us,"[0,",1,619.17,normal,0,valid,-11.8dB,-11.8dB,0.20us,-113.4Hz,,"[6,",,1
2025-07-30 21:14:51.167634,PHY,0x4601,1,0,na,"[0,",0,0,1,1169.7,+16.4dB,15.7us,"[0,",1,619.18,normal,0,valid,-14.8dB,-15.0dB,na,na,,,,
2025-07-30 21:14:51.168117,PHY,0x4601,1,0,na,"[0,",0,0,1,1192.4,+16.5dB,18.6us,"[0,",1,619.19,normal,0,valid,-14.8dB,-14.9dB,na,na,,,,
2025-07-30 21:14:51.172232,CSI,0x4601,2,,na,"[0,",,,1,,+32.9dB,13.7us,"[0,",1,620.8,normal,0,valid,-11.8dB,-11.9dB,0.18us,+99.5Hz,,"[6,",1101,1
2025-07-30 21:14:51.173076,PHY,0x4601,1,0,na,"[0,",0,0,1,1705.6,+18.0dB,16.1us,"[0,",1,620.9,normal,0,valid,-14.9dB,-15.0dB,na,na,,,,
2025-07-30 21:14:51.176724,PHY,0x4601,2,,na,"[0,",,,11111,,+30.5dB,14.4us,"[0,",1,620.17,normal,0,valid,-12.1dB,-12.1dB,0.17us,+48.2Hz,,"[6,",,1
2025-07-30 21:14:51.177668,PHY,0x4601,1,0,na,"[0,",0,0,1,1247.7,+16.7dB,16.6us,"[0,",1,620.18,normal,0,valid,-15.1dB,-15.1dB,na,na,,,,
2025-07-30 21:14:51.178159,PHY,0x4601,1,0,na,"[0,",0,0,1,1175.0,+16.4dB,27.7us,"[0,",1,620.19,normal,0,valid,-15.0dB,-15.2dB,na,na,,,,
2025-07-30 21:14:51.182633,PHY,0x4601,1,0,na,"[0,",0,0,1,1711.1,+18.1dB,17.5us,"[0,",1,621.8,normal,0,valid,-15.1dB,-15.1dB,na,na,,,,
2025-07-30 21:14:51.183106,PHY,0x4601,1,0,na,"[0,",0,0,1,1527.8,+17.6dB,21.0us,"[0,",1,621.9,normal,0,valid,-15.1dB,-15.2dB,na,na,,,,
2025-07-30 21:14:51.186644,PHY,0x4601,2,,na,"[0,",,,11111,,+33.9dB,14.7us,"[0,",1,621.17,normal,0,valid,-12.1dB,-12.1dB,0.17us,-36.3Hz,,"[6,",,1
2025-07-30 21:14:51.187589,PHY,0x4601,1,0,na,"[0,",0,0,1,1740.6,+18.2dB,17.4us,"[0,",1,621.18,normal,0,valid,-15.0dB,-15.1dB,na,na,,,,
2025-07-30 21:14:51.188069,PHY,0x4601,1,0,na,"[0,",0,0,1,1577.4,+17.7dB,17.7us,"[0,",1,621.19,normal,0,valid,-15.0dB,-15.1dB,na,na,,,,
2025-07-30 21:14:51.192191,CSI,0x4601,2,,na,"[0,",,,1,,+28.2dB,13.0us,"[0,",1,622.8,normal,0,valid,-12.0dB,-12.1dB,0.19us,+97.9Hz,,"[6,",1101,1
2025-07-30 21:14:51.193132,PHY,0x4601,1,0,na,"[0,",0,0,1,1162.1,+16.4dB,15.5us,"[0,",1,622.9,normal,0,valid,-15.0dB,-15.1dB,na,na,,,,
2025-07-30 21:14:51.196733,PHY,0x4601,2,,na,"[0,",,,11111,,+30.5dB,13.9us,"[0,",1,622.17,normal,0,valid,-12.1dB,-12.1dB,0.19us,+5.7Hz,,"[6,",,1
2025-07-30 21:14:51.197628,PHY,0x4601,1,0,na,"[0,",0,0,1,1139.5,+16.3dB,23.2us,"[0,",1,622.18,normal,0,valid,-15.0dB,-15.1dB,na,na,,,,
2025-07-30 21:14:51.198098,PHY,0x4601,1,0,na,"[0,",0,0,1,1142.3,+16.3dB,17.2us,"[0,",1,622.19,normal,0,valid,-15.1dB,-15.2dB,na,na,,,,
2025-07-30 21:14:51.202582,PHY,0x4601,1,0,na,"[0,",0,0,1,1741.2,+18.2dB,16.6us,"[0,",1,623.8,normal,0,valid,-15.1dB,-15.1dB,na,na,,,,
2025-07-30 21:14:51.203173,PHY,0x4601,1,0,na,"[0,",0,0,1,1594.8,+17.8dB,21.6us,"[0,",1,623.9,normal,0,valid,-15.0dB,-15.1dB,na,na,,,,
2025-07-30 21:14:51.206726,PHY,0x4601,2,,na,"[0,",,,11111,,+30.4dB,17.5us,"[0,",1,623.17,normal,0,valid,-12.1dB,-12.1dB,0.14us,+40.2Hz,,"[6,",,1
2025-07-30 21:14:51.207658,PHY,0x4601,1,0,na,"[0,",0,0,1,1570.0,+17.7dB,15.2us,"[0,",1,623.18,normal,0,valid,-15.0dB,-15.1dB,na,na,,,,
2025-07-30 21:14:51.208132,PHY,0x4601,1,0,na,"[0,",0,0,1,1601.6,+17.8dB,17.9us,"[0,",1,623.19,normal,0,valid,-15.0dB,-15.1dB,na,na,,,,
2025-07-30 21:14:51.212230,CSI,0x4601,2,,na,"[0,",,,1,,+27.9dB,12.0us,"[0,",1,624.8,normal,0,valid,-12.0dB,-12.1dB,0.18us,-2.1Hz,,"[6,",1101,1
2025-07-30 21:14:51.213088,PHY,0x4601,1,0,na,"[0,",0,0,1,1218.9,+16.6dB,15.6us,"[0,",1,624.9,normal,0,valid,-15.1dB,-15.1dB,na,na,,,,
2025-07-30 21:14:51.216759,PHY,0x4601,2,,na,"[0,",,,11111,,+30.6dB,16.3us,"[0,",1,624.17,normal,0,valid,-12.0dB,-12.0dB,0.19us,+61.0Hz,,"[6,",,1
2025-07-30 21:14:51.217581,PHY,0x4601,1,0,na,"[0,",0,0,1,1585.1,+17.7dB,21.8us,"[0,",1,624.18,normal,0,valid,-15.0dB,-15.1dB,na,na,,,,
2025-07-30 21:14:51.218158,PHY,0x4601,1,0,na,"[0,",0,0,1,1519.5,+17.6dB,15.1us,"[0,",1,624.19,normal,0,valid,-15.0dB,-15.1dB,na,na,,,,
2025-07-30 21:14:51.222650,PHY,0x4601,1,0,na,"[0,",0,0,1,1685.5,+18.0dB,17.9us,"[0,",1,625.8,normal,0,valid,-15.1dB,-15.1dB,na,na,,,,
2025-07-30 21:14:51.223121,PHY,0x4601,1,0,na,"[0,",0,0,1,1600.2,+17.8dB,13.7us,"[0,",1,625.9,normal,0,valid,-15.1dB,-15.1dB,na,na,,,,
2025-07-30 21:14:51.226674,PHY,0x4601,2,,na,"[0,",,,11111,,+34.6dB,21.3us,"[0,",1,625.17,normal,0,valid,-12.1dB,-12.1dB,0.16us,+152.8Hz,,"[6,",,1
2025-07-30 21:14:51.227615,PHY,0x4601,1,0,na,"[0,",0,0,1,1267.5,+16.7dB,23.0us,"[0,",1,625.18,normal,0,valid,-15.0dB,-15.1dB,na,na,,,,
2025-07-30 21:14:51.228082,PHY,0x4601,1,0,na,"[0,",0,0,1,1194.1,+16.5dB,14.9us,"[0,",1,625.19,normal,0,valid,-15.0dB,-15.1dB,na,na,,,,
2025-07-30 21:14:51.232238,CSI,0x4601,2,,na,"[0,",,,1,,+31.4dB,15.1us,"[0,",1,626.8,normal,0,valid,-12.0dB,-12.0dB,0.18us,+57.8Hz,,"[6,",1101,1
2025-07-30 21:14:51.233151,PHY,0x4601,1,0,na,"[0,",0,0,1,1288.5,+16.8dB,15.4us,"[0,",1,626.9,normal,0,valid,-15.0dB,-15.2dB,na,na,,,,
2025-07-30 21:14:51.236733,PHY,0x4601,2,,na,"[0,",,,11111,,+30.3dB,14.8us,"[0,",1,626.17,normal,0,valid,-12.1dB,-12.1dB,0.20us,+107.6Hz,,"[6,",,1
2025-07-30 21:14:51.237641,PHY,0x4601,1,0,na,"[0,",0,0,1,1218.5,+16.6dB,18.3us,"[0,",1,626.18,normal,0,valid,-15.0dB,-15.1dB,na,na,,,,
2025-07-30 21:14:51.238106,PHY,0x4601,1,0,na,"[0,",0,0,1,1193.2,+16.5dB,14.7us,"[0,",1,626.19,normal,0,valid,-15.1dB,-15.2dB,na,na,,,,
2025-07-30 21:14:51.242603,PHY,0x4601,1,0,na,"[0,",0,0,1,1600.4,+17.8dB,16.7us,"[0,",1,627.8,normal,0,valid,-15.1dB,-15.1dB,na,na,,,,
2025-07-30 21:14:51.243077,PHY,0x4601,1,0,na,"[0,",0,0,1,1618.6,+17.8dB,13.7us,"[0,",1,627.9,normal,0,valid,-15.1dB,-15.2dB,na,na,,,,
2025-07-30 21:14:51.246749,PHY,0x4601,2,,na,"[0,",,,11111,,+30.9dB,14.7us,"[0,",1,627.17,normal,0,valid,-12.1dB,-12.1dB,0.17us,-29.7Hz,,"[6,",,1
2025-07-30 21:14:51.247565,PHY,0x4601,1,0,na,"[0,",0,0,1,1159.9,+16.4dB,16.2us,"[0,",1,627.18,normal,0,valid,-15.0dB,-15.1dB,na,na,,,,
2025-07-30 21:14:51.248147,PHY,0x4601,1,0,na,"[0,",0,0,1,1227.4,+16.6dB,14.7us,"[0,",1,627.19,normal,0,valid,-15.0dB,-15.1dB,na,na,,,,
2025-07-30 21:14:51.252246,CSI,0x4601,2,,na,"[0,",,,1,,+30.5dB,11.4us,"[0,",1,628.8,normal,0,valid,-12.0dB,-12.0dB,0.19us,+93.3Hz,,"[6,",1101,1
2025-07-30 21:14:51.253114,PHY,0x4601,1,0,na,"[0,",0,0,1,1530.6,+17.6dB,16.4us,"[0,",1,628.9,normal,0,valid,-15.0dB,-15.1dB,na,na,,,,
2025-07-30 21:14:51.256653,PHY,0x4601,2,,na,"[0,",,,11111,,+28.7dB,13.4us,"[0,",1,628.17,normal,0,valid,-12.0dB,-12.0dB,0.17us,-36.7Hz,,"[6,",,1
2025-07-30 21:14:51.257599,PHY,0x4601,1,0,na,"[0,",0,0,1,1153.5,+16.3dB,17.4us,"[0,",1,628.18,normal,0,valid,-15.0dB,-15.2dB,na,na,,,,
2025-07-30 21:14:51.258074,PHY,0x4601,1,0,na,"[0,",0,0,1,1209.0,+16.6dB,15.7us,"[0,",1,628.19,normal,0,valid,-15.0dB,-15.1dB,na,na,,,,
2025-07-30 21:14:51.262667,PHY,0x4601,1,0,na,"[0,",0,0,1,1639.3,+17.9dB,15.9us,"[0,",1,629.8,normal,0,valid,-15.1dB,-15.1dB,na,na,,,,
2025-07-30 21:14:51.263141,PHY,0x4601,1,0,na,"[0,",0,0,1,1628.3,+17.8dB,14.3us,"[0,",1,629.9,normal,0,valid,-15.1dB,-15.2dB,na,na,,,,
2025-07-30 21:14:51.266688,PHY,0x4601,2,,na,"[0,",,,11111,,+32.6dB,15.0us,"[0,",1,629.17,normal,0,valid,-12.1dB,-12.2dB,0.17us,-14.4Hz,,"[6,",,1
2025-07-30 21:14:51.267628,PHY,0x4601,1,0,na,"[0,",0,0,1,1209.2,+16.5dB,17.1us,"[0,",1,629.18,normal,0,valid,-15.0dB,-15.2dB,na,na,,,,
2025-07-30 21:14:51.268101,PHY,0x4601,1,0,na,"[0,",0,0,1,1174.2,+16.5dB,13.9us,"[0,",1,629.19,normal,0,valid,-15.0dB,-15.1dB,na,na,,,,
2025-07-30 21:14:51.272240,CSI,0x4601,2,,na,"[0,",,,1,,+36.1dB,12.0us,"[0,",1,630.8,normal,0,valid,-12.0dB,-12.0dB,0.18us,+46.9Hz,,"[6,",1101,1
2025-07-30 21:14:51.273064,PHY,0x4601,1,0,na,"[0,",0,0,1,1579.9,+17.7dB,16.0us,"[0,",1,630.9,normal,0,valid,-15.0dB,-15.1dB,na,na,,,,
2025-07-30 21:14:51.276716,PHY,0x4601,2,,na,"[0,",,,11111,,+33.1dB,15.5us,"[0,",1,630.17,normal,0,valid,-12.1dB,-12.1dB,0.18us,-78.4Hz,,"[6,",,1
2025-07-30 21:14:51.277659,PHY,0x4601,1,0,na,"[0,",0,0,1,1121.9,+16.2dB,15.9us,"[0,",1,630.18,normal,0,valid,-15.0dB,-15.1dB,na,na,,,,
2025-07-30 21:14:51.278132,PHY,0x4601,1,0,na,"[0,",0,0,1,1229.7,+16.7dB,14.4us,"[0,",1,630.19,normal,0,valid,-15.0dB,-15.1dB,na,na,,,,
2025-07-30 21:14:51.282629,PHY,0x4601,1,0,na,"[0,",0,0,1,1609.1,+17.8dB,20.3us,"[0,",1,631.8,normal,0,valid,-15.1dB,-15.1dB,na,na,,,,
2025-07-30 21:14:51.283093,PHY,0x4601,1,0,na,"[0,",0,0,1,1695.7,+18.1dB,13.9us,"[0,",1,631.9,normal,0,valid,-15.1dB,-15.1dB,na,na,,,,
2025-07-30 21:14:51.286635,PHY,0x4601,2,,na,"[0,",,,11111,,+31.3dB,13.7us,"[0,",1,631.17,normal,0,valid,-12.0dB,-12.0dB,0.16us,+43.7Hz,,"[6,",,1
2025-07-30 21:14:51.287588,PHY,0x4601,1,0,na,"[0,",0,0,1,1545.5,+17.6dB,15.4us,"[0,",1,631.18,normal,0,valid,-15.0dB,-15.1dB,na,na,,,,
2025-07-30 21:14:51.288164,PHY,0x4601,1,0,na,"[0,",0,0,1,1660.9,+17.9dB,14.0us,"[0,",1,631.19,normal,0,valid,-15.0dB,-15.1dB,na,na,,,,
2025-07-30 21:14:51.292194,CSI,0x4601,2,,na,"[0,",,,1,,+34.8dB,22.5us,"[0,",1,632.8,normal,0,valid,-12.0dB,-12.1dB,0.17us,-33.1Hz,,"[6,",1101,1
2025-07-30 21:14:51.293128,PHY,0x4601,1,0,na,"[0,",0,0,1,1216.3,+16.6dB,15.2us,"[0,",1,632.9,normal,0,valid,-15.0dB,-15.1dB,na,na,,,,
2025-07-30 21:14:51.296672,PHY,0x4601,2,,na,"[0,",,,11111,,+29.6dB,12.7us,"[0,",1,632.17,normal,0,valid,-12.0dB,-12.0dB,0.16us,-17.8Hz,,"[6,",,1
2025-07-30 21:14:51.297611,PHY,0x4601,1,0,na,"[0,",0,0,1,1527.6,+17.6dB,15.3us,"[0,",1,632.18,normal,0,valid,-15.0dB,-15.1dB,na,na,,,,
2025-07-30 21:14:51.298092,PHY,0x4601,1,0,na,"[0,",0,0,1,1603.9,+17.8dB,14.2us,"[0,",1,632.19,normal,0,valid,-15.0dB,-15.1dB,na,na,,,,
2025-07-30 21:14:51.302574,PHY,0x4601,1,0,na,"[0,",0,0,1,1573.9,+17.7dB,15.2us,"[0,",1,633.8,normal,0,valid,-15.0dB,-15.1dB,na,na,,,,
2025-07-30 21:14:51.303160,PHY,0x4601,1,0,na,"[0,",0,0,1,1655.3,+17.9dB,17.4us,"[0,",1,633.9,normal,0,valid,-15.1dB,-15.1dB,na,na,,,,
2025-07-30 21:14:51.306705,PHY,0x4601,2,,na,"[0,",,,11111,,+31.7dB,13.8us,"[0,",1,633.17,normal,0,valid,-12.1dB,-12.1dB,0.18us,+39.4Hz,,"[6,",,1
2025-07-30 21:14:51.307653,PHY,0x4601,1,0,na,"[0,",0,0,1,1798.2,+18.3dB,22.2us,"[0,",1,633.18,normal,0,valid,-15.0dB,-15.1dB,na,na,,,,
2025-07-30 21:14:51.308121,PHY,0x4601,1,0,na,"[0,",0,0,1,1604.4,+17.8dB,14.6us,"[0,",1,633.19,normal,0,valid,-15.0dB,-15.1dB,na,na,,,,
2025-07-30 21:14:51.312198,CSI,0x4601,2,,na,"[0,",,,1,,+32.8dB,10.8us,"[0,",1,634.8,normal,0,valid,-11.9dB,-12.0dB,0.18us,+138.5Hz,,"[6,",1101,1
2025-07-30 21:14:51.313088,PHY,0x4601,1,0,na,"[0,",0,0,1,1609.4,+17.8dB,14.9us,"[0,",1,634.9,normal,0,valid,-15.1dB,-15.1dB,na,na,,,,
2025-07-30 21:14:51.316746,PHY,0x4601,2,,na,"[0,",,,11111,,+29.3dB,15.2us,"[0,",1,634.17,normal,0,valid,-12.1dB,-12.1dB,0.17us,+16.2Hz,,"[6,",,1
2025-07-30 21:14:51.317571,PHY,0x4601,1,0,na,"[0,",0,0,1,1591.4,+17.8dB,15.7us,"[0,",1,634.18,normal,0,valid,-15.0dB,-15.1dB,na,na,,,,
2025-07-30 21:14:51.318157,PHY,0x4601,1,0,na,"[0,",0,0,1,1658.4,+17.9dB,15.7us,"[0,",1,634.19,normal,0,valid,-15.0dB,-15.1dB,na,na,,,,
2025-07-30 21:14:51.322638,PHY,0x4601,1,0,na,"[0,",0,0,1,1692.2,+18.1dB,15.7us,"[0,",1,635.8,normal,0,valid,-15.0dB,-15.1dB,na,na,,,,
2025-07-30 21:14:51.323108,PHY,0x4601,1,0,na,"[0,",0,0,1,1636.4,+17.9dB,15.7us,"[0,",1,635.9,normal,0,valid,-15.1dB,-15.2dB,na,na,,,,
2025-07-30 21:14:51.326670,PHY,0x4601,2,,na,"[0,",,,11111,,+32.5dB,14.5us,"[0,",1,635.17,normal,0,valid,-12.0dB,-12.0dB,0.16us,+43.2Hz,,"[6,",,1
2025-07-30 21:14:51.327605,PHY,0x4601,1,0,na,"[0,",0,0,1,1594.6,+17.8dB,16.2us,"[0,",1,635.18,normal,0,valid,-15.0dB,-15.1dB,na,na,,,,
2025-07-30 21:14:51.328089,PHY,0x4601,1,0,na,"[0,",0,0,1,1591.9,+17.8dB,21.9us,"[0,",1,635.19,normal,0,valid,-15.1dB,-15.1dB,na,na,,,,
2025-07-30 21:14:51.332211,CSI,0x4601,2,,na,"[0,",,,1,,+33.8dB,13.4us,"[0,",1,636.8,normal,0,valid,-12.0dB,-12.0dB,0.20us,-75.1Hz,,"[6,",1101,1
2025-07-30 21:14:51.333147,PHY,0x4601,1,0,na,"[0,",0,0,1,1515.6,+17.6dB,15.5us,"[0,",1,636.9,normal,0,valid,-15.0dB,-15.1dB,na,na,,,,
2025-07-30 21:14:51.336701,PHY,0x4601,2,,na,"[0,",,,11111,,+32.2dB,14.1us,"[0,",1,636.17,normal,0,valid,-12.0dB,-12.0dB,0.18us,+9.7Hz,,"[6,",,1
2025-07-30 21:14:51.337634,PHY,0x4601,1,0,na,"[0,",0,0,1,1528.3,+17.6dB,16.8us,"[0,",1,636.18,normal,0,valid,-15.0dB,-15.1dB,na,na,,,,
2025-07-30 21:14:51.338107,PHY,0x4601,1,0,na,"[0,",0,0,1,1609.4,+17.8dB,14.0us,"[0,",1,636.19,normal,0,valid,-15.1dB,-15.2dB,na,na,,,,
2025-07-30 21:14:51.342598,PHY,0x4601,1,0,na,"[0,",0,0,1,1563.7,+17.7dB,15.8us,"[0,",1,637.8,normal,0,valid,-15.1dB,-15.1dB,na,na,,,,
2025-07-30 21:14:51.343074,PHY,0x4601,1,0,na,"[0,",0,0,1,1582.9,+17.7dB,14.3us,"[0,",1,637.9,normal,0,valid,-15.1dB,-15.2dB,na,na,,,,
2025-07-30 21:14:51.346728,PHY,0x4601,2,,na,"[0,",,,11111,,+30.6dB,15.1us,"[0,",1,637.17,normal,0,valid,-12.1dB,-12.1dB,0.17us,-14.9Hz,,"[6,",,1
2025-07-30 21:14:51.347665,PHY,0x4601,1,0,na,"[0,",0,0,1,1660.2,+17.9dB,15.5us,"[0,",1,637.18,normal,0,valid,-15.0dB,-15.1dB,na,na,,,,
2025-07-30 21:14:51.348138,PHY,0x4601,1,0,na,"[0,",0,0,1,1660.5,+17.9dB,13.8us,"[0,",1,637.19,normal,0,valid,-15.1dB,-15.1dB,na,na,,,,
2025-07-30 21:14:51.352244,CSI,0x4601,2,,na,"[0,",,,1,,+31.6dB,11.1us,"[0,",1,638.8,normal,0,valid,-12.0dB,-12.0dB,0.18us,+5.1Hz,,"[6,",1101,1
2025-07-30 21:14:51.353105,PHY,0x4601,1,0,na,"[0,",0,0,1,1156.4,+16.4dB,15.6us,"[0,",1,638.9,normal,0,valid,-15.0dB,-15.1dB,na,na,,,,
2025-07-30 21:14:51.356644,PHY,0x4601,2,,na,"[0,",,,11111,,+30.8dB,13.6us,"[0,",1,638.17,normal,0,valid,-12.1dB,-12.1dB,0.17us,+78.4Hz,,"[6,",,1
2025-07-30 21:14:51.357589,PHY,0x4601,1,0,na,"[0,",0,0,1,1759.2,+18.2dB,15.4us,"[0,",1,638.18,normal,0,valid,-15.0dB,-15.1dB,na,na,,,,
2025-07-30 21:14:51.358071,PHY,0x4601,1,0,na,"[0,",0,0,1,1598.1,+17.8dB,17.9us,"[0,",1,638.19,normal,0,valid,-15.0dB,-15.1dB,na,na,,,,
2025-07-30 21:14:51.362668,PHY,0x4601,1,0,na,"[0,",0,0,1,1688.2,+18.0dB,22.5us,"[0,",1,639.8,normal,0,valid,-15.1dB,-15.2dB,na,na,,,,
2025-07-30 21:14:51.363135,PHY,0x4601,1,0,na,"[0,",0,0,1,1650.9,+17.9dB,14.1us,"[0,",1,639.9,normal,0,valid,-15.1dB,-15.1dB,na,na,,,,
2025-07-30 21:14:51.366698,PHY,0x4601,2,,na,"[0,",,,11111,,+33.8dB,14.8us,"[0,",1,639.17,normal,0,valid,-12.0dB,-12.1dB,0.18us,-26.6Hz,,"[6,",,1
2025-07-30 21:14:51.367622,PHY,0x4601,1,0,na,"[0,",0,0,1,1184.9,+16.5dB,16.2us,"[0,",1,639.18,normal,0,valid,-15.0dB,-15.1dB,na,na,,,,
2025-07-30 21:14:51.368093,PHY,0x4601,1,0,na,"[0,",0,0,1,1196.2,+16.5dB,13.3us,"[0,",1,639.19,normal,0,valid,-15.0dB,-15.1dB,na,na,,,,
2025-07-30 21:14:51.372235,CSI,0x4601,2,,na,"[0,",,,1,,+32.2dB,13.2us,"[0,",1,640.8,normal,0,valid,-12.0dB,-12.0dB,0.19us,+52.9Hz,,"[6,",1101,1
2025-07-30 21:14:51.373179,PHY,0x4601,1,0,na,"[0,",0,0,1,1140.3,+16.3dB,15.1us,"[0,",1,640.9,normal,0,valid,-15.1dB,-15.2dB,na,na,,,,
2025-07-30 21:14:51.376731,PHY,0x4601,2,,na,"[0,",,,11111,,+30.1dB,15.9us,"[0,",1,640.17,normal,0,valid,-12.0dB,-12.1dB,0.16us,+29.5Hz,,"[6,",,1
2025-07-30 21:14:51.377655,PHY,0x4601,1,0,na,"[0,",0,0,1,1171.0,+16.4dB,15.4us,"[0,",1,640.18,normal,0,valid,-15.0dB,-15.1dB,na,na,,,,
2025-07-30 21:14:51.378132,PHY,0x4601,1,0,na,"[0,",0,0,1,1127.2,+16.3dB,18.0us,"[0,",1,640.19,normal,0,valid,-15.0dB,-15.1dB,na,na,,,,
2025-07-30 21:14:51.382609,PHY,0x4601,1,0,na,"[0,",0,0,1,1674.3,+18.0dB,15.4us,"[0,",1,641.8,normal,0,valid,-15.0dB,-15.1dB,na,na,,,,
2025-07-30 21:14:51.383087,PHY,0x4601,1,0,na,"[0,",0,0,1,1701.2,+18.0dB,13.7us,"[0,",1,641.9,normal,0,valid,-15.1dB,-15.2dB,na,na,,,,
2025-07-30 21:14:51.386750,PHY,0x4601,2,,na,"[0,",,,11111,,+28.9dB,16.4us,"[0,",1,641.17,normal,0,valid,-12.0dB,-12.1dB,0.18us,+31.5Hz,,"[6,",,1
2025-07-30 21:14:51.387575,PHY,0x4601,1,0,na,"[0,",0,0,1,1215.2,+16.6dB,16.0us,"[0,",1,641.18,normal,0,valid,-15.1dB,-15.2dB,na,na,,,,
2025-07-30 21:14:51.388156,PHY,0x4601,1,0,na,"[0,",0,0,1,1124.9,+16.2dB,13.7us,"[0,",1,641.19,normal,0,valid,-15.0dB,-15.1dB,na,na,,,,
2025-07-30 21:14:51.392179,CSI,0x4601,2,,na,"[0,",,,1,,+32.0dB,19.8us,"[0,",1,642.8,normal,0,valid,-12.0dB,-12.0dB,0.18us,-82.8Hz,,"[6,",1101,1
2025-07-30 21:14:51.393125,PHY,0x4601,1,0,na,"[0,",0,0,1,1577.7,+17.7dB,20.6us,"[0,",1,642.9,normal,0,valid,-15.0dB,-15.1dB,na,na,,,,
2025-07-30 21:14:51.396664,PHY,0x4601,2,,na,"[0,",,,11111,,+29.1dB,13.1us,"[0,",1,642.17,normal,0,valid,-12.0dB,-12.1dB,0.17us,-26.7Hz,,"[6,",,1
2025-07-30 21:14:51.397605,PHY,0x4601,1,0,na,"[0,",0,0,1,1680.1,+18.0dB,15.2us,"[0,",1,642.18,normal,0,valid,-15.0dB,-15.1dB,na,na,,,,
2025-07-30 21:14:51.398081,PHY,0x4601,1,0,na,"[0,",0,0,1,1757.2,+18.2dB,14.3us,"[0,",1,642.19,normal,0,valid,-15.0dB,-15.1dB,na,na,,,,
2025-07-30 21:14:51.402575,PHY,0x4601,1,0,na,"[0,",0,0,1,1720.3,+18.1dB,15.1us,"[0,",1,643.8,normal,0,valid,-15.1dB,-15.1dB,na,na,,,,
2025-07-30 21:14:51.403148,PHY,0x4601,1,0,na,"[0,",0,0,1,1568.8,+17.7dB,14.8us,"[0,",1,643.9,normal,0,valid,-15.1dB,-15.1dB,na,na,,,,
2025-07-30 21:14:51.406733,PHY,0x4601,2,,na,"[0,",,,11111,,+32.4dB,23.8us,"[0,",1,643.17,normal,0,valid,-11.9dB,-11.9dB,0.18us,+73.1Hz,,"[6,",,1
2025-07-30 21:14:51.407643,PHY,0x4601,1,0,na,"[0,",0,0,1,1561.7,+17.7dB,21.8us,"[0,",1,643.18,normal,0,valid,-15.0dB,-15.1dB,na,na,,,,
2025-07-30 21:14:51.408106,PHY,0x4601,1,0,na,"[0,",0,0,1,1677.7,+18.0dB,13.8us,"[0,",1,643.19,normal,0,valid,-15.0dB,-15.1dB,na,na,,,,
2025-07-30 21:14:51.412249,CSI,0x4601,2,,na,"[0,",,,1,,+31.5dB,16.0us,"[0,",1,644.8,normal,0,valid,-12.0dB,-12.0dB,0.18us,-47.0Hz,,"[6,",1101,1
2025-07-30 21:14:51.413076,PHY,0x4601,1,0,na,"[0,",0,0,1,1169.6,+16.4dB,16.0us,"[0,",1,644.9,normal,0,valid,-15.0dB,-15.1dB,na,na,,,,
2025-07-30 21:14:51.416765,PHY,0x4601,2,,na,"[0,",,,11111,,+34.3dB,13.2us,"[0,",1,644.17,normal,0,valid,-12.1dB,-12.1dB,0.16us,+16.3Hz,,"[6,",,1
2025-07-30 21:14:51.417569,PHY,0x4601,1,0,na,"[0,",0,0,1,1579.9,+17.7dB,16.0us,"[0,",1,644.18,normal,0,valid,-15.0dB,-15.1dB,na,na,,,,
2025-07-30 21:14:51.418146,PHY,0x4601,1,0,na,"[0,",0,0,1,1532.1,+17.6dB,13.4us,"[0,",1,644.19,normal,0,valid,-15.1dB,-15.1dB,na,na,,,,
2025-07-30 21:14:51.422635,PHY,0x4601,1,0,na,"[0,",0,0,1,1501.1,+17.5dB,15.6us,"[0,",1,645.8,normal,0,valid,-15.1dB,-15.1dB,na,na,,,,
2025-07-30 21:14:51.423102,PHY,0x4601,1,0,na,"[0,",0,0,1,1488.7,+17.5dB,13.8us,"[0,",1,645.9,normal,0,valid,-15.1dB,-15.2dB,na,na,,,,
2025-07-30 21:14:51.426663,PHY,0x4601,2,,na,"[0,",,,11111,,+30.9dB,21.3us,"[0,",1,645.17,normal,0,valid,-12.0dB,-12.1dB,0.19us,+5.1Hz,,"[6,",,1
2025-07-30 21:14:51.427601,PHY,0x4601,1,0,na,"[0,",0,0,1,1195.2,+16.5dB,20.8us,"[0,",1,645.18,normal,0,valid,-15.0dB,-15.2dB,na,na,,,,
2025-07-30 21:14:51.428070,PHY,0x4601,1,0,na,"[0,",0,0,1,1185.1,+16.4dB,13.9us,"[0,",1,645.19,normal,0,valid,-15.0dB,-15.1dB,na,na,,,,
2025-07-30 21:14:51.432209,CSI,0x4601,2,,na,"[0,",,,1,,+33.9dB,13.9us,"[0,",1,646.8,normal,0,valid,-12.0dB,-12.0dB,0.17us,-13.7Hz,,"[6,",1101,1
2025-07-30 21:14:51.433137,PHY,0x4601,1,0,na,"[0,",0,0,1,1479.3,+17.5dB,15.4us,"[0,",1,646.9,normal,0,valid,-15.0dB,-15.1dB,na,na,,,,
2025-07-30 21:14:51.436688,PHY,0x4601,2,,na,"[0,",,,11111,,+33.5dB,15.3us,"[0,",1,646.17,normal,0,valid,-12.0dB,-12.0dB,0.19us,-41.0Hz,,"[6,",,1
2025-07-30 21:14:51.437640,PHY,0x4601,1,0,na,"[0,",0,0,1,1545.7,+17.6dB,23.0us,"[0,",1,646.18,normal,0,valid,-15.0dB,-15.1dB,na,na,,,,
2025-07-30 21:14:51.438105,PHY,0x4601,1,0,na,"[0,",0,0,1,1667.2,+17.9dB,15.5us,"[0,",1,646.19,normal,0,valid,-15.0dB,-15.1dB,na,na,,,,
2025-07-30 21:14:51.442589,PHY,0x4601,1,0,na,"[0,",0,0,1,1596.5,+17.7dB,16.8us,"[0,",1,647.8,normal,0,valid,-15.1dB,-15.2dB,na,na,,,,
2025-07-30 21:14:51.443060,PHY,0x4601,1,0,na,"[0,",0,0,1,1585.9,+17.8dB,13.9us,"[0,",1,647.9,normal,0,valid,-15.1dB,-15.2dB,na,na,,,,
2025-07-30 21:14:51.446720,PHY,0x4601,2,,na,"[0,",,,11111,,+27.9dB,13.5us,"[0,",1,647.17,normal,0,valid,-12.1dB,-12.1dB,0.16us,-64.2Hz,,"[6,",,1
2025-07-30 21:14:51.447661,PHY,0x4601,1,0,na,"[0,",0,0,1,1497.1,+17.5dB,17.6us,"[0,",1,647.18,normal,0,valid,-15.1dB,-15.1dB,na,na,,,,
2025-07-30 21:14:51.448134,PHY,0x4601,1,0,na,"[0,",0,0,1,1596.3,+17.7dB,14.1us,"[0,",1,647.19,normal,0,valid,-15.0dB,-15.1dB,na,na,,,,
2025-07-30 21:14:51.452224,CSI,0x4601,2,,na,"[0,",,,1,,+35.8dB,10.4us,"[0,",1,648.8,normal,0,valid,-12.0dB,-12.0dB,0.18us,+21.4Hz,,"[6,",1101,1
2025-07-30 21:14:51.453097,PHY,0x4601,1,0,na,"[0,",0,0,1,1491.7,+17.5dB,15.8us,"[0,",1,648.9,normal,0,valid,-15.1dB,-15.1dB,na,na,,,,
2025-07-30 21:14:51.456637,PHY,0x4601,2,,na,"[0,",,,11111,,+29.5dB,13.5us,"[0,",1,648.17,normal,0,valid,-12.1dB,-12.1dB,0.17us,+2.1Hz,,"[6,",,1
2025-07-30 21:14:51.457584,PHY,0x4601,1,0,na,"[0,",0,0,1,1111.2,+16.2dB,16.8us,"[0,",1,648.18,normal,0,valid,-15.1dB,-15.1dB,na,na,,,,
2025-07-30 21:14:51.458163,PHY,0x4601,1,0,na,"[0,",0,0,1,1148.1,+16.4dB,13.3us,"[0,",1,648.19,normal,0,valid,-15.1dB,-15.1dB,na,na,,,,
2025-07-30 21:14:51.462651,PHY,0x4601,1,0,na,"[0,",0,0,1,1534.1,+17.6dB,16.9us,"[0,",1,649.8,normal,0,valid,-15.1dB,-15.1dB,na,na,,,,
2025-07-30 21:14:51.463123,PHY,0x4601,1,0,na,"[0,",0,0,1,1616.1,+17.8dB,14.5us,"[0,",1,649.9,normal,0,valid,-15.1dB,-15.2dB,na,na,,,,
2025-07-30 21:14:51.466672,PHY,0x4601,2,,na,"[0,",,,11111,,+29.5dB,14.3us,"[0,",1,649.17,normal,0,valid,-12.2dB,-12.2dB,0.17us,+90.1Hz,,"[6,",,1
2025-07-30 21:14:51.467608,PHY,0x4601,1,0,na,"[0,",0,0,1,1750.0,+18.2dB,15.8us,"[0,",1,649.18,normal,0,valid,-15.0dB,-15.1dB,na,na,,,,
2025-07-30 21:14:51.468089,PHY,0x4601,1,0,na,"[0,",0,0,1,1609.6,+17.8dB,14.4us,"[0,",1,649.19,normal,0,valid,-15.0dB,-15.1dB,na,na,,,,
2025-07-30 21:14:51.472229,CSI,0x4601,2,,na,"[0,",,,1,,+31.6dB,14.7us,"[0,",1,650.8,normal,0,valid,-11.9dB,-11.9dB,0.18us,+74.3Hz,,"[6,",1101,1
2025-07-30 21:14:51.473163,PHY,0x4601,1,0,na,"[0,",0,0,1,1227.1,+16.6dB,16.6us,"[0,",1,650.9,normal,0,valid,-15.1dB,-15.2dB,na,na,,,,
2025-07-30 21:14:51.476711,PHY,0x4601,2,,na,"[0,",,,11111,,+29.2dB,12.5us,"[0,",1,650.17,normal,0,valid,-12.0dB,-12.0dB,0.19us,-58.0Hz,,"[6,",,1
2025-07-30 21:14:51.477645,PHY,0x4601,1,0,na,"[0,",0,0,1,1163.9,+16.4dB,16.4us,"[0,",1,650.18,normal,0,valid,-15.0dB,-15.1dB,na,na,,,,
2025-07-30 21:14:51.478123,PHY,0x4601,1,0,na,"[0,",0,0,1,1166.6,+16.4dB,18.4us,"[0,",1,650.19,normal,0,valid,-15.0dB,-15.1dB,na,na,,,,
2025-07-30 21:14:51.482616,PHY,0x4601,1,0,na,"[0,",0,0,1,1671.5,+18.0dB,17.9us,"[0,",1,651.8,normal,0,valid,-15.1dB,-15.1dB,na,na,,,,
2025-07-30 21:14:51.483085,PHY,0x4601,1,0,na,"[0,",0,0,1,1558.8,+17.7dB,18.3us,"[0,",1,651.9,normal,0,valid,-15.1dB,-15.2dB,na,na,,,,
2025-07-30 21:14:51.486735,PHY,0x4601,2,,na,"[0,",,,11111,,+30.7dB,17.0us,"[0,",1,651.17,normal,0,valid,-12.0dB,-12.1dB,0.18us,+27.1Hz,,"[6,",,1
2025-07-30 21:14:51.487571,PHY,0x4601,1,0,na,"[0,",0,0,1,1559.6,+17.7dB,16.0us,"[0,",1,651.18,normal,0,valid,-15.0dB,-15.1dB,na,na,,,,
2025-07-30 21:14:51.488154,PHY,0x4601,1,0,na,"[0,",0,0,1,1544.2,+17.6dB,18.7us,"[0,",1,651.19,normal,0,valid,-15.0dB,-15.1dB,na,na,,,,
2025-07-30 21:14:51.492257,CSI,0x4601,2,,na,"[0,",,,1,,+32.9dB,11.4us,"[0,",1,652.8,normal,0,valid,-12.0dB,-12.1dB,0.18us,+39.4Hz,,"[6,",1101,1
2025-07-30 21:14:51.493115,PHY,0x4601,1,0,na,"[0,",0,0,1,1245.8,+16.7dB,22.7us,"[0,",1,652.9,normal,0,valid,-15.0dB,-15.2dB,na,na,,,,
2025-07-30 21:14:51.496656,PHY,0x4601,2,,na,"[0,",,,11111,,+31.3dB,14.1us,"[0,",1,652.17,normal,0,valid,-12.1dB,-12.1dB,0.18us,+14.2Hz,,"[6,",,1
2025-07-30 21:14:51.497604,PHY,0x4601,1,0,na,"[0,",0,0,1,1500.5,+17.5dB,15.6us,"[0,",1,652.18,normal,0,valid,-15.0dB,-15.1dB,na,na,,,,
2025-07-30 21:14:51.498080,PHY,0x4601,1,0,na,"[0,",0,0,1,1617.4,+17.8dB,17.9us,"[0,",1,652.19,normal,0,valid,-15.0dB,-15.1dB,na,na,,,,
2025-07-30 21:14:51.502572,PHY,0x4601,1,0,na,"[0,",0,0,1,1703.6,+18.0dB,15.7us,"[0,",1,653.8,normal,0,valid,-15.1dB,-15.2dB,na,na,,,,
2025-07-30 21:14:51.503145,PHY,0x4601,1,0,na,"[0,",0,0,1,1652.4,+17.9dB,13.7us,"[0,",1,653.9,normal,0,valid,-15.1dB,-15.2dB,na,na,,,,
2025-07-30 21:14:51.506705,PHY,0x4601,2,,na,"[0,",,,11111,,+29.7dB,20.0us,"[0,",1,653.17,normal,0,valid,-12.0dB,-12.1dB,0.18us,+75.8Hz,,"[6,",,1
2025-07-30 21:14:51.507646,PHY,0x4601,1,0,na,"[0,",0,0,1,1690.7,+18.0dB,19.6us,"[0,",1,653.18,normal,0,valid,-15.0dB,-15.1dB,na,na,,,,
2025-07-30 21:14:51.508115,PHY,0x4601,1,0,na,"[0,",0,0,1,1571.7,+17.7dB,18.5us,"[0,",1,653.19,normal,0,valid,-15.0dB,-15.1dB,na,na,,,,
2025-07-30 21:14:51.512239,CSI,0x4601,2,,na,"[0,",,,1,,+33.7dB,13.5us,"[0,",1,654.8,normal,0,valid,-12.0dB,-12.0dB,0.20us,+38.8Hz,,"[6,",1101,1
2025-07-30 21:14:51.513083,PHY,0x4601,1,0,na,"[0,",0,0,1,1175.4,+16.4dB,18.8us,"[0,",1,654.9,normal,0,valid,-15.1dB,-15.2dB,na,na,,,,
2025-07-30 21:14:51.516729,PHY,0x4601,2,,na,"[0,",,,11111,,+36.3dB,15.3us,"[0,",1,654.17,normal,0,valid,-12.2dB,-12.2dB,0.16us,+148.3Hz,,"[6,",,1
2025-07-30 21:14:51.517675,PHY,0x4601,1,0,na,"[0,",0,0,1,1629.9,+17.9dB,16.0us,"[0,",1,654.18,normal,0,valid,-15.0dB,-15.1dB,na,na,,,,
2025-07-30 21:14:51.518155,PHY,0x4601,1,0,na,"[0,",0,0,1,1649.7,+17.9dB,18.9us,"[0,",1,654.19,normal,0,valid,-15.1dB,-15.2dB,na,na,,,,
2025-07-30 21:14:51.522636,PHY,0x4601,1,0,na,"[0,",0,0,1,1628.0,+17.8dB,16.8us,"[0,",1,655.8,normal,0,valid,-15.1dB,-15.1dB,na,na,,,,
2025-07-30 21:14:51.523110,PHY,0x4601,1,0,na,"[0,",0,0,1,1524.3,+17.6dB,14.8us,"[0,",1,655.9,normal,0,valid,-15.0dB,-15.1dB,na,na,,,,
2025-07-30 21:14:51.526655,PHY,0x4601,2,,na,"[0,",,,11111,,+31.8dB,15.4us,"[0,",1,655.17,normal,0,valid,-12.0dB,-12.0dB,0.17us,+169.4Hz,,"[6,",,1
2025-07-30 21:14:51.527607,PHY,0x4601,1,0,na,"[0,",0,0,1,1580.5,+17.7dB,24.6us,"[0,",1,655.18,normal,0,valid,-15.0dB,-15.1dB,na,na,,,,
2025-07-30 21:14:51.528075,PHY,0x4601,1,0,na,"[0,",0,0,1,1499.7,+17.5dB,16.3us,"[0,",1,655.19,normal,0,valid,-15.1dB,-15.1dB,na,na,,,,
2025-07-30 21:14:51.532196,CSI,0x4601,2,,na,"[0,",,,1,,+33.0dB,16.8us,"[0,",1,656.8,normal,0,valid,-11.9dB,-12.0dB,0.19us,+22.0Hz,,"[6,",1101,1
2025-07-30 21:14:51.533138,PHY,0x4601,1,0,na,"[0,",0,0,1,1225.6,+16.6dB,18.1us,"[0,",1,656.9,normal,0,valid,-15.0dB,-15.1dB,na,na,,,,
2025-07-30 21:14:51.536697,PHY,0x4601,2,,na,"[0,",,,11111,,+36.2dB,16.0us,"[0,",1,656.17,normal,0,valid,-12.0dB,-12.1dB,0.19us,-1.3Hz,,"[6,",,1
2025-07-30 21:14:51.537633,PHY,0x4601,1,0,na,"[0,",0,0,1,1632.9,+17.9dB,20.7us,"[0,",1,656.18,normal,0,valid,-15.0dB,-15.1dB,na,na,,,,
2025-07-30 21:14:51.538099,PHY,0x4601,1,0,na,"[0,",0,0,1,1634.0,+17.9dB,16.8us,"[0,",1,656.19,normal,0,valid,-15.0dB,-15.1dB,na,na,,,,
2025-07-30 21:14:51.542581,PHY,0x4601,1,0,na,"[0,",0,0,1,1553.7,+17.6dB,16.8us,"[0,",1,657.8,normal,0,valid,-15.1dB,-15.2dB,na,na,,,,
2025-07-30 21:14:51.543163,PHY,0x4601,1,0,na,"[0,",0,0,1,1557.5,+17.7dB,14.5us,"[0,",1,657.9,normal,0,valid,-15.1dB,-15.1dB,na,na,,,,
2025-07-30 21:14:51.546713,PHY,0x4601,2,,na,"[0,",,,11111,,+29.5dB,14.1us,"[0,",1,657.17,normal,0,valid,-12.1dB,-12.1dB,0.19us,+32.4Hz,,"[6,",,1
2025-07-30 21:14:51.547650,PHY,0x4601,1,0,na,"[0,",0,0,1,1554.0,+17.7dB,16.6us,"[0,",1,657.18,normal,0,valid,-15.0dB,-15.1dB,na,na,,,,
2025-07-30 21:14:51.548125,PHY,0x4601,1,0,na,"[0,",0,0,1,1730.8,+18.1dB,14.4us,"[0,",1,657.19,normal,0,valid,-15.1dB,-15.1dB,na,na,,,,
2025-07-30 21:14:51.552209,CSI,0x4601,2,,na,"[0,",,,1,,+33.3dB,10.5us,"[0,",1,658.8,normal,0,valid,-12.0dB,-12.1dB,0.18us,+2.1Hz,,"[6,",1101,1
2025-07-30 21:14:51.553098,PHY,0x4601,1,0,na,"[0,",0,0,1,1648.0,+17.9dB,19.2us,"[0,",1,658.9,normal,0,valid,-15.0dB,-15.1dB,na,na,,,,
2025-07-30 21:14:51.556755,PHY,0x4601,2,,na,"[0,",,,11111,,+30.4dB,17.7us,"[0,",1,658.17,normal,0,valid,-12.0dB,-12.1dB,0.18us,-41.8Hz,,"[6,",,1
2025-07-30 21:14:51.557577,PHY,0x4601,1,0,na,"[0,",0,0,1,1221.8,+16.6dB,16.2us,"[0,",1,658.18,normal,0,valid,-15.0dB,-15.1dB,na,na,,,,
2025-07-30 21:14:51.558165,PHY,0x4601,1,0,na,"[0,",0,0,1,1159.6,+16.4dB,19.1us,"[0,",1,658.19,normal,0,valid,-15.0dB,-15.1dB,na,na,,,,
2025-07-30 21:14:51.562658,PHY,0x4601,1,0,na,"[0,",0,0,1,1641.2,+17.9dB,17.5us,"[0,",1,659.8,normal,0,valid,-15.1dB,-15.1dB,na,na,,,,
2025-07-30 21:14:51.563121,PHY,0x4601,1,0,na,"[0,",0,0,1,1575.9,+17.7dB,14.8us,"[0,",1,659.9,normal,0,valid,-15.1dB,-15.1dB,na,na,,,,
2025-07-30 21:14:51.566675,PHY,0x4601,2,,na,"[0,",,,11111,,+32.6dB,15.0us,"[0,",1,659.17,normal,0,valid,-12.2dB,-12.2dB,0.18us,+48.7Hz,,"[6,",,1
2025-07-30 21:14:51.567608,PHY,0x4601,1,0,na,"[0,",0,0,1,1540.6,+17.7dB,16.9us,"[0,",1,659.18,normal,0,valid,-15.0dB,-15.0dB,na,na,,,,
2025-07-30 21:14:51.568088,PHY,0x4601,1,0,na,"[0,",0,0,1,1590.4,+17.8dB,17.8us,"[0,",1,659.19,normal,0,valid,-15.0dB,-15.1dB,na,na,,,,
2025-07-30 21:14:51.572224,CSI,0x4601,2,,na,"[0,",,,1,,+32.3dB,13.0us,"[0,",1,660.8,normal,0,valid,-12.0dB,-12.0dB,0.16us,-83.6Hz,,"[6,",1101,1
2025-07-30 21:14:51.573153,PHY,0x4601,1,0,na,"[0,",0,0,1,1175.6,+16.4dB,16.4us,"[0,",1,660.9,normal,0,valid,-15.1dB,-15.2dB,na,na,,,,
2025-07-30 21:14:51.576698,PHY,0x4601,2,,na,"[0,",,,11111,,+30.5dB,14.8us,"[0,",1,660.17,normal,0,valid,-12.1dB,-12.1dB,0.18us,+22.9Hz,,"[6,",,1
2025-07-30 21:14:51.577637,PHY,0x4601,1,0,na,"[0,",0,0,1,1610.3,+17.8dB,16.0us,"[0,",1,660.18,normal,0,valid,-15.0dB,-15.1dB,na,na,,,,
2025-07-30 21:14:51.578110,PHY,0x4601,1,0,na,"[0,",0,0,1,1549.5,+17.6dB,18.4us,"[0,",1,660.19,normal,0,valid,-15.0dB,-15.1dB,na,na,,,,
2025-07-30 21:14:51.582610,PHY,0x4601,1,0,na,"[0,",0,0,1,1637.4,+17.9dB,16.1us,"[0,",1,661.8,normal,0,valid,-15.1dB,-15.2dB,na,na,,,,
2025-07-30 21:14:51.583075,PHY,0x4601,1,0,na,"[0,",0,0,1,1548.5,+17.7dB,15.1us,"[0,",1,661.9,normal,0,valid,-15.1dB,-15.2dB,na,na,,,,
2025-07-30 21:14:51.586731,PHY,0x4601,2,,na,"[0,",,,11111,,+29.1dB,17.9us,"[0,",1,661.17,normal,0,valid,-12.1dB,-12.1dB,0.18us,-20.3Hz,,"[6,",,1
2025-07-30 21:14:51.587566,PHY,0x4601,1,0,na,"[0,",0,0,1,1656.9,+18.0dB,17.4us,"[0,",1,661.18,normal,0,valid,-15.0dB,-15.1dB,na,na,,,,
2025-07-30 21:14:51.588156,PHY,0x4601,1,0,na,"[0,",0,0,1,1550.2,+17.6dB,26.4us,"[0,",1,661.19,normal,0,valid,-15.0dB,-15.1dB,na,na,,,,
2025-07-30 21:14:51.592242,CSI,0x4601,2,,na,"[0,",,,1,,+31.1dB,12.7us,"[0,",1,662.8,normal,0,valid,-12.0dB,-12.0dB,0.18us,-70.2Hz,,"[6,",1101,1
2025-07-30 21:14:51.593108,PHY,0x4601,1,0,na,"[0,",0,0,1,1571.0,+17.7dB,16.0us,"[0,",1,662.9,normal,0,valid,-15.0dB,-15.1dB,na,na,,,,
2025-07-30 21:14:51.596658,PHY,0x4601,2,,na,"[0,",,,11111,,+35.7dB,20.2us,"[0,",1,662.17,normal,0,valid,-12.1dB,-12.1dB,0.18us,+19.4Hz,,"[6,",,1
2025-07-30 21:14:51.597609,PHY,0x4601,1,0,na,"[0,",0,0,1,1126.1,+16.3dB,29.0us,"[0,",1,662.18,normal,0,valid,-15.0dB,-15.1dB,na,na,,,,
2025-07-30 21:14:51.598076,PHY,0x4601,1,0,na,"[0,",0,0,1,1168.1,+16.4dB,17.9us,"[0,",1,662.19,normal,0,valid,-15.0dB,-15.1dB,na,na,,,,
2025-07-30 21:14:51.602671,PHY,0x4601,1,0,na,"[0,",0,0,1,1533.2,+17.6dB,16.3us,"[0,",1,663.8,normal,0,valid,-15.0dB,-15.1dB,na,na,,,,
2025-07-30 21:14:51.603145,PHY,0x4601,1,0,na,"[0,",0,0,1,1581.1,+17.7dB,14.8us,"[0,",1,663.9,normal,0,valid,-15.1dB,-15.2dB,na,na,,,,
2025-07-30 21:14:51.606707,PHY,0x4601,2,,na,"[0,",,,11111,,+30.6dB,22.2us,"[0,",1,663.17,normal,0,valid,-12.1dB,-12.1dB,0.18us,-42.1Hz,,"[6,",,1
2025-07-30 21:14:51.607632,PHY,0x4601,1,0,na,"[0,",0,0,1,1157.4,+16.4dB,19.7us,"[0,",1,663.18,normal,0,valid,-15.0dB,-15.2dB,na,na,,,,
2025-07-30 21:14:51.608119,PHY,0x4601,1,0,na,"[0,",0,0,1,1245.7,+16.7dB,27.1us,"[0,",1,663.19,normal,0,valid,-15.0dB,-15.1dB,na,na,,,,
2025-07-30 21:14:51.612266,CSI,0x4601,2,,na,"[0,",,,1,,+29.8dB,15.6us,"[0,",1,664.8,normal,0,valid,-12.1dB,-12.1dB,0.18us,-74.8Hz,,"[6,",1101,1
2025-07-30 21:14:51.613065,PHY,0x4601,1,0,na,"[0,",0,0,1,1091.1,+16.1dB,17.0us,"[0,",1,664.9,normal,0,valid,-15.0dB,-15.1dB,na,na,,,,
2025-07-30 21:14:51.616726,PHY,0x4601,2,,na,"[0,",,,11111,,+29.4dB,18.3us,"[0,",1,664.17,normal,0,valid,-12.0dB,-12.0dB,0.19us,+13.6Hz,,"[6,",,1
2025-07-30 21:14:51.617657,PHY,0x4601,1,0,na,"[0,",0,0,1,1574.7,+17.7dB,16.3us,"[0,",1,664.18,normal,0,valid,-15.0dB,-15.1dB,na,na,,,,
2025-07-30 21:14:51.618140,PHY,0x4601,1,0,na,"[0,",0,0,1,1519.5,+17.6dB,15.3us,"[0,",1,664.19,normal,0,valid,-15.0dB,-15.1dB,na,na,,,,
2025-07-30 21:14:51.622630,PHY,0x4601,1,0,na,"[0,",0,0,1,1490.5,+17.5dB,17.3us,"[0,",1,665.8,normal,0,valid,-15.1dB,-15.1dB,na,na,,,,
2025-07-30 21:14:51.623104,PHY,0x4601,1,0,na,"[0,",0,0,1,1621.0,+17.8dB,16.4us,"[0,",1,665.9,normal,0,valid,-15.0dB,-15.1dB,na,na,,,,
2025-07-30 21:14:51.626637,PHY,0x4601,2,,na,"[0,",,,11111,,+27.8dB,15.1us,"[0,",1,665.17,normal,0,valid,-12.0dB,-12.1dB,0.17us,+56.1Hz,,"[6,",,1
2025-07-30 21:14:51.627584,PHY,0x4601,1,0,na,"[0,",0,0,1,1519.5,+17.6dB,16.8us,"[0,",1,665.18,normal,0,valid,-15.0dB,-15.1dB,na,na,,,,
2025-07-30 21:14:51.628174,PHY,0x4601,1,0,na,"[0,",0,0,1,1530.8,+17.6dB,14.4us,"[0,",1,665.19,normal,0,valid,-15.0dB,-15.1dB,na,na,,,,
2025-07-30 21:14:51.632194,CSI,0x4601,2,,na,"[0,",,,1,,+31.4dB,14.7us,"[0,",1,666.8,normal,0,valid,-12.0dB,-12.0dB,0.17us,-48.3Hz,,"[6,",1101,1
2025-07-30 21:14:51.633135,PHY,0x4601,1,0,na,"[0,",0,0,1,1273.8,+16.8dB,16.4us,"[0,",1,666.9,normal,0,valid,-15.0dB,-15.1dB,na,na,,,,
2025-07-30 21:14:51.636672,PHY,0x4601,2,,na,"[0,",,,11111,,+30.8dB,13.4us,"[0,",1,666.17,normal,0,valid,-12.0dB,-12.1dB,0.19us,+30.3Hz,,"[6,",,1
2025-07-30 21:14:51.637610,PHY,0x4601,1,0,na,"[0,",0,0,1,1573.9,+17.7dB,15.6us,"[0,",1,666.18,normal,0,valid,-15.0dB,-15.1dB,na,na,,,,
2025-07-30 21:14:51.638094,PHY,0x4601,1,0,na,"[0,",0,0,1,1647.4,+17.9dB,17.7us,"[0,",1,666.19,normal,0,valid,-15.0dB,-15.1dB,na,na,,,,
2025-07-30 21:14:51.642598,PHY,0x4601,1,0,na,"[0,",0,0,1,1580.7,+17.7dB,16.3us,"[0,",1,667.8,normal,0,valid,-15.1dB,-15.1dB,na,na,,,,
2025-07-30 21:14:51.643158,PHY,0x4601,1,0,na,"[0,",0,0,1,1390.0,+17.2dB,16.1us,"[0,",1,667.9,normal,0,valid,-15.1dB,-15.2dB,na,na,,,,
2025-07-30 21:14:51.646737,PHY,0x4601,2,,na,"[0,",,,11111,,+29.7dB,15.3us,"[0,",1,667.17,normal,0,valid,-12.1dB,-12.1dB,0.19us,+26.0Hz,,"[6,",,1
2025-07-30 21:14:51.647648,PHY,0x4601,1,0,na,"[0,",0,0,1,1429.4,+17.3dB,16.9us,"[0,",1,667.18,normal,0,valid,-15.0dB,-15.1dB,na,na,,,,
2025-07-30 21:14:51.648119,PHY,0x4601,1,0,na,"[0,",0,0,1,1597.7,+17.8dB,13.9us,"[0,",1,667.19,normal,0,valid,-15.0dB,-15.1dB,na,na,,,,
2025-07-30 21:14:51.652210,CSI,0x4601,2,,na,"[0,",,,1,,+31.7dB,13.4us,"[0,",1,668.8,normal,0,valid,-12.0dB,-12.0dB,0.19us,+50.7Hz,,"[6,",1101,1
2025-07-30 21:14:51.653090,PHY,0x4601,1,0,na,"[0,",0,0,1,1207.1,+16.5dB,22.7us,"[0,",1,668.9,normal,0,valid,-15.0dB,-15.1dB,na,na,,,,
2025-07-30 21:14:51.656744,PHY,0x4601,2,,na,"[0,",,,11111,,+30.8dB,16.1us,"[0,",1,668.17,normal,0,valid,-12.0dB,-12.0dB,0.19us,+64.1Hz,,"[6,",,1
2025-07-30 21:14:51.657570,PHY,0x4601,1,0,na,"[0,",0,0,1,1227.8,+16.6dB,15.1us,"[0,",1,668.18,normal,0,valid,-15.0dB,-15.2dB,na,na,,,,
2025-07-30 21:14:51.658161,PHY,0x4601,1,0,na,"[0,",0,0,1,1169.1,+16.4dB,15.9us,"[0,",1,668.19,normal,0,valid,-15.0dB,-15.1dB,na,na,,,,
2025-07-30 21:14:51.662657,PHY,0x4601,1,0,na,"[0,",0,0,1,1551.8,+17.7dB,16.1us,"[0,",1,669.8,normal,0,valid,-15.0dB,-15.1dB,na,na,,,,
2025-07-30 21:14:51.663114,PHY,0x4601,1,0,na,"[0,",0,0,1,1485.4,+17.5dB,14.3us,"[0,",1,669.9,normal,0,valid,-15.1dB,-15.1dB,na,na,,,,
2025-07-30 21:14:51.666660,PHY,0x4601,2,,na,"[0,",,,11111,,+30.4dB,14.6us,"[0,",1,669.17,normal,0,valid,-12.2dB,-12.2dB,0.17us,-73.6Hz,,"[6,",,1
2025-07-30 21:14:51.667605,PHY,0x4601,1,0,na,"[0,",0,0,1,1182.7,+16.5dB,17.7us,"[0,",1,669.18,normal,0,valid,-15.0dB,-15.1dB,na,na,,,,
2025-07-30 21:14:51.668081,PHY,0x4601,1,0,na,"[0,",0,0,1,1136.9,+16.3dB,17.5us,"[0,",1,669.19,normal,0,valid,-15.0dB,-15.1dB,na,na,,,,
2025-07-30 21:14:51.672203,CSI,0x4601,2,,na,"[0,",,,1,,+31.7dB,12.6us,"[0,",1,670.8,normal,0,valid,-11.9dB,-11.9dB,0.18us,+78.7Hz,,"[6,",1101,1
2025-07-30 21:14:51.673146,PHY,0x4601,1,0,na,"[0,",0,0,1,1177.9,+16.5dB,15.4us,"[0,",1,670.9,normal,0,valid,-15.1dB,-15.1dB,na,na,,,,
2025-07-30 21:14:51.676697,PHY,0x4601,2,,na,"[0,",,,11111,,+31.6dB,16.1us,"[0,",1,670.17,normal,0,valid,-12.1dB,-12.1dB,0.18us,-84.1Hz,,"[6,",,1
2025-07-30 21:14:51.677635,PHY,0x4601,1,0,na,"[0,",0,0,1,1199.1,+16.5dB,15.4us,"[0,",1,670.18,normal,0,valid,-15.0dB,-15.1dB,na,na,,,,
2025-07-30 21:14:51.678114,PHY,0x4601,1,0,na,"[0,",0,0,1,1184.5,+16.5dB,15.5us,"[0,",1,670.19,normal,0,valid,-15.0dB,-15.1dB,na,na,,,,
2025-07-30 21:14:51.682606,PHY,0x4601,1,0,na,"[0,",0,0,1,1647.2,+17.9dB,16.1us,"[0,",1,671.8,normal,0,valid,-15.1dB,-15.1dB,na,na,,,,
2025-07-30 21:14:51.683070,PHY,0x4601,1,0,na,"[0,",0,0,1,1628.1,+17.9dB,13.9us,"[0,",1,671.9,normal,0,valid,-15.1dB,-15.1dB,na,na,,,,
2025-07-30 21:14:51.686751,PHY,0x4601,2,,na,"[0,",,,11111,,+29.3dB,15.4us,"[0,",1,671.17,normal,0,valid,-12.1dB,-12.1dB,0.19us,+26.3Hz,,"[6,",,1
2025-07-30 21:14:51.687665,PHY,0x4601,1,0,na,"[0,",0,0,1,1179.8,+16.5dB,15.6us,"[0,",1,671.18,normal,0,valid,-15.0dB,-15.1dB,na,na,,,,
2025-07-30 21:14:51.688144,PHY,0x4601,1,0,na,"[0,",0,0,1,1162.5,+16.4dB,22.0us,"[0,",1,671.19,normal,0,valid,-15.0dB,-15.1dB,na,na,,,,
2025-07-30 21:14:51.692259,CSI,0x4601,2,,na,"[0,",,,1,,+31.7dB,12.3us,"[0,",1,672.8,normal,0,valid,-12.0dB,-12.0dB,0.18us,-40.2Hz,,"[6,",1101,1
2025-07-30 21:14:51.693104,PHY,0x4601,1,0,na,"[0,",0,0,1,1156.4,+16.4dB,15.9us,"[0,",1,672.9,normal,0,valid,-15.0dB,-15.1dB,na,na,,,,
2025-07-30 21:14:51.696644,PHY,0x4601,2,,na,"[0,",,,11111,,+29.6dB,12.7us,"[0,",1,672.17,normal,0,valid,-12.0dB,-12.1dB,0.19us,-2.2Hz,,"[6,",,1
2025-07-30 21:14:51.697588,PHY,0x4601,1,0,na,"[0,",0,0,1,1611.0,+17.8dB,15.1us,"[0,",1,672.18,normal,0,valid,-15.0dB,-15.1dB,na,na,,,,
2025-07-30 21:14:51.698063,PHY,0x4601,1,0,na,"[0,",0,0,1,1662.1,+18.0dB,13.6us,"[0,",1,672.19,normal,0,valid,-15.0dB,-15.1dB,na,na,,,,
2025-07-30 21:14:51.702669,PHY,0x4601,1,0,na,"[0,",0,0,1,1846.3,+18.4dB,15.9us,"[0,",1,673.8,normal,0,valid,-15.1dB,-15.1dB,na,na,,,,
2025-07-30 21:14:51.703135,PHY,0x4601,1,0,na,"[0,",0,0,1,1624.7,+17.8dB,14.0us,"[0,",1,673.9,normal,0,valid,-15.1dB,-15.2dB,na,na,,,,
2025-07-30 21:14:51.706685,PHY,0x4601,2,,na,"[0,",,,11111,,+31.1dB,14.2us,"[0,",1,673.17,normal,0,valid,-12.1dB,-12.1dB,0.17us,+62.0Hz,,"[6,",,1
2025-07-30 21:14:51.707621,PHY,0x4601,1,0,na,"[0,",0,0,1,1265.3,+16.8dB,15.8us,"[0,",1,673.18,normal,0,valid,-15.0dB,-15.1dB,na,na,,,,
2025-07-30 21:14:51.708096,PHY,0x4601,1,0,na,"[0,",0,0,1,1195.0,+16.5dB,13.9us,"[0,",1,673.19,normal,0,valid,-15.0dB,-15.1dB,na,na,,,,
2025-07-30 21:14:51.712232,CSI,0x4601,2,,na,"[0,",,,1,,+34.2dB,14.7us,"[0,",1,674.8,normal,0,valid,-11.8dB,-11.9dB,0.18us,+34.5Hz,,"[6,",1101,1
2025-07-30 21:14:51.713165,PHY,0x4601,1,0,na,"[0,",0,0,1,1502.0,+17.5dB,15.4us,"[0,",1,674.9,normal,0,valid,-15.1dB,-15.1dB,na,na,,,,
2025-07-30 21:14:51.716723,PHY,0x4601,2,,na,"[0,",,,11111,,+31.0dB,20.0us,"[0,",1,674.17,normal,0,valid,-12.0dB,-12.1dB,0.20us,-39.2Hz,,"[6,",,1
2025-07-30 21:14:51.717652,PHY,0x4601,1,0,na,"[0,",0,0,1,1452.9,+17.4dB,15.3us,"[0,",1,674.18,normal,0,valid,-15.1dB,-15.1dB,na,na,,,,
2025-07-30 21:14:51.718130,PHY,0x4601,1,0,na,"[0,",0,0,1,1607.9,+17.8dB,14.1us,"[0,",1,674.19,normal,0,valid,-15.0dB,-15.1dB,na,na,,,,
2025-07-30 21:14:51.722612,PHY,0x4601,1,0,na,"[0,",0,0,1,1592.4,+17.8dB,16.2us,"[0,",1,675.8,normal,0,valid,-15.1dB,-15.2dB,na,na,,,,
2025-07-30 21:14:51.723091,PHY,0x4601,1,0,na,"[0,",0,0,1,1547.7,+17.6dB,13.7us,"[0,",1,675.9,normal,0,valid,-15.1dB,-15.1dB,na,na,,,,
2025-07-30 21:14:51.726748,PHY,0x4601,2,,na,"[0,",,,11111,,+31.9dB,16.6us,"[0,",1,675.17,normal,0,valid,-12.0dB,-12.1dB,0.17us,+86.4Hz,,"[6,",,1
2025-07-30 21:14:51.727584,PHY,0x4601,1,0,na,"[0,",0,0,1,1225.4,+16.6dB,21.5us,"[0,",1,675.18,normal,0,valid,-15.0dB,-15.1dB,na,na,,,,
2025-07-30 21:14:51.728164,PHY,0x4601,1,0,na,"[0,",0,0,1,1223.2,+16.6dB,15.8us,"[0,",1,675.19,normal,0,valid,-15.0dB,-15.1dB,na,na,,,,
2025-07-30 21:14:51.732181,CSI,0x4601,2,,na,"[0,",,,1,,+30.2dB,14.5us,"[0,",1,676.8,normal,0,valid,-12.1dB,-12.1dB,0.16us,+67.4Hz,,"[6,",1101,1
2025-07-30 21:14:51.733122,PHY,0x4601,1,0,na,"[0,",0,0,1,1500.7,+17.5dB,16.2us,"[0,",1,676.9,normal,0,valid,-15.0dB,-15.1dB,na,na,,,,
2025-07-30 21:14:51.736663,PHY,0x4601,2,,na,"[0,",,,11111,,+30.1dB,13.9us,"[0,",1,676.17,normal,0,valid,-12.1dB,-12.1dB,0.19us,-2.3Hz,,"[6,",,1
2025-07-30 21:14:51.737614,PHY,0x4601,1,0,na,"[0,",0,0,1,1277.9,+16.8dB,16.7us,"[0,",1,676.18,normal,0,valid,-15.0dB,-15.1dB,na,na,,,,
2025-07-30 21:14:51.738081,PHY,0x4601,1,0,na,"[0,",0,0,1,1138.9,+16.3dB,14.1us,"[0,",1,676.19,normal,0,valid,-15.0dB,-15.1dB,na,na,,,,
2025-07-30 21:14:51.742587,PHY,0x4601,1,0,na,"[0,",0,0,1,1528.2,+17.6dB,19.8us,"[0,",1,677.8,normal,0,valid,-15.1dB,-15.2dB,na,na,,,,
2025-07-30 21:14:51.743150,PHY,0x4601,1,0,na,"[0,",0,0,1,1574.9,+17.7dB,15.1us,"[0,",1,677.9,normal,0,valid,-15.1dB,-15.2dB,na,na,,,,
2025-07-30 21:14:51.746728,PHY,0x4601,2,,na,"[0,",,,11111,,+31.4dB,14.3us,"[0,",1,677.17,normal,0,valid,-12.1dB,-12.1dB,0.18us,+122.8Hz,,"[6,",,1
2025-07-30 21:14:51.747638,PHY,0x4601,1,0,na,"[0,",0,0,1,1161.0,+16.4dB,16.3us,"[0,",1,677.18,normal,0,valid,-15.0dB,-15.1dB,na,na,,,,
2025-07-30 21:14:51.748118,PHY,0x4601,1,0,na,"[0,",0,0,1,1225.5,+16.6dB,14.2us,"[0,",1,677.19,normal,0,valid,-15.0dB,-15.1dB,na,na,,,,
2025-07-30 21:14:51.752253,CSI,0x4601,2,,na,"[0,",,,1,,+30.8dB,14.8us,"[0,",1,678.8,normal,0,valid,-12.0dB,-12.1dB,0.19us,+51.4Hz,,"[6,",1101,1
2025-07-30 21:14:51.753092,PHY,0x4601,1,0,na,"[0,",0,0,1,1204.0,+16.6dB,16.3us,"[0,",1,678.9,normal,0,valid,-15.0dB,-15.1dB,na,na,,,,
2025-07-30 21:14:51.756726,PHY,0x4601,2,,na,"[0,",,,11111,,+34.8dB,15.1us,"[0,",1,678.17,normal,0,valid,-12.0dB,-12.0dB,0.16us,+92.2Hz,,"[6,",,1
2025-07-30 21:14:51.757564,PHY,0x4601,1,0,na,"[0,",0,0,1,1204.8,+16.6dB,15.4us,"[0,",1,678.18,normal,0,valid,-15.0dB,-15.1dB,na,na,,,,
2025-07-30 21:14:51.758145,PHY,0x4601,1,0,na,"[0,",0,0,1,1217.7,+16.6dB,15.4us,"[0,",1,678.19,normal,0,valid,-15.0dB,-15.1dB,na,na,,,,
2025-07-30 21:14:51.762644,PHY,0x4601,1,0,na,"[0,",0,0,1,1571.7,+17.7dB,16.7us,"[0,",1,679.8,normal,0,valid,-15.1dB,-15.2dB,na,na,,,,
2025-07-30 21:14:51.763121,PHY,0x4601,1,0,na,"[0,",0,0,1,1605.6,+17.8dB,14.7us,"[0,",1,679.9,normal,0,valid,-15.1dB,-15.2dB,na,na,,,,
2025-07-30 21:14:51.766650,PHY,0x4601,2,,na,"[0,",,,11111,,+28.9dB,14.0us,"[0,",1,679.17,normal,0,valid,-12.1dB,-12.1dB,0.15us,+79.1Hz,,"[6,",,1
2025-07-30 21:14:51.767601,PHY,0x4601,1,0,na,"[0,",0,0,1,1108.5,+16.2dB,19.2us,"[0,",1,679.18,normal,0,valid,-15.0dB,-15.1dB,na,na,,,,
2025-07-30 21:14:51.768074,PHY,0x4601,1,0,na,"[0,",0,0,1,1179.0,+16.5dB,15.7us,"[0,",1,679.19,normal,0,valid,-15.1dB,-15.1dB,na,na,,,,
2025-07-30 21:14:51.772213,CSI,0x4601,2,,na,"[0,",,,1,,+33.9dB,16.5us,"[0,",1,680.8,normal,0,valid,-12.1dB,-12.1dB,0.21us,+54.0Hz,,"[6,",1101,1
2025-07-30 21:14:51.773141,PHY,0x4601,1,0,na,"[0,",0,0,1,1193.7,+16.5dB,15.5us,"[0,",1,680.9,normal,0,valid,-15.0dB,-15.1dB,na,na,,,,
2025-07-30 21:14:51.776697,PHY,0x4601,2,,na,"[0,",,,11111,,+34.9dB,13.2us,"[0,",1,680.17,normal,0,valid,-12.0dB,-12.0dB,0.19us,+12.4Hz,,"[6,",,1
2025-07-30 21:14:51.777626,PHY,0x4601,1,0,na,"[0,",0,0,1,1179.8,+16.5dB,14.9us,"[0,",1,680.18,normal,0,valid,-15.0dB,-15.1dB,na,na,,,,
2025-07-30 21:14:51.778107,PHY,0x4601,1,0,na,"[0,",0,0,1,1161.4,+16.4dB,15.9us,"[0,",1,680.19,normal,0,valid,-15.0dB,-15.1dB,na,na,,,,
2025-07-30 21:14:51.782598,PHY,0x4601,1,0,na,"[0,",0,0,1,1529.9,+17.6dB,16.0us,"[0,",1,681.8,normal,0,valid,-15.1dB,-15.1dB,na,na,,,,
2025-07-30 21:14:51.783061,PHY,0x4601,1,0,na,"[0,",0,0,1,1445.3,+17.3dB,14.1us,"[0,",1,681.9,normal,0,valid,-15.1dB,-15.1dB,na,na,,,,
2025-07-30 21:14:51.786724,PHY,0x4601,2,,na,"[0,",,,11111,,+31.4dB,14.5us,"[0,",1,681.17,normal,0,valid,-12.0dB,-12.0dB,0.16us,-110.4Hz,,"[6,",,1
2025-07-30 21:14:51.787656,PHY,0x4601,1,0,na,"[0,",0,0,1,1095.9,+16.2dB,15.4us,"[0,",1,681.18,normal,0,valid,-15.0dB,-15.1dB,na,na,,,,
2025-07-30 21:14:51.788131,PHY,0x4601,1,0,na,"[0,",0,0,1,1199.3,+16.6dB,13.6us,"[0,",1,681.19,normal,0,valid,-15.0dB,-15.1dB,na,na,,,,
2025-07-30 21:14:51.792208,CSI,0x4601,2,,na,"[0,",,,1,,+30.3dB,10.9us,"[0,",1,682.8,normal,0,valid,-12.1dB,-12.1dB,0.19us,+27.4Hz,,"[6,",1101,1
2025-07-30 21:14:51.793095,PHY,0x4601,1,0,na,"[0,",0,0,1,1640.5,+17.9dB,15.6us,"[0,",1,682.9,normal,0,valid,-15.1dB,-15.2dB,na,na,,,,
2025-07-30 21:14:51.796646,PHY,0x4601,2,,na,"[0,",,,11111,,+31.5dB,20.1us,"[0,",1,682.17,normal,0,valid,-12.2dB,-12.2dB,0.16us,+69.4Hz,,"[6,",,1
2025-07-30 21:14:51.797584,PHY,0x4601,1,0,na,"[0,",0,0,1,1131.5,+16.3dB,16.1us,"[0,",1,682.18,normal,0,valid,-15.0dB,-15.1dB,na,na,,,,
2025-07-30 21:14:51.798164,PHY,0x4601,1,0,na,"[0,",0,0,1,1179.0,+16.5dB,14.9us,"[0,",1,682.19,normal,0,valid,-15.1dB,-15.1dB,na,na,,,,
2025-07-30 21:14:51.802654,PHY,0x4601,1,0,na,"[0,",0,0,1,1576.3,+17.7dB,16.1us,"[0,",1,683.8,normal,0,valid,-15.1dB,-15.2dB,na,na,,,,
2025-07-30 21:14:51.803134,PHY,0x4601,1,0,na,"[0,",0,0,1,1550.8,+17.7dB,19.0us,"[0,",1,683.9,normal,0,valid,-15.1dB,-15.1dB,na,na,,,,
2025-07-30 21:14:51.806676,PHY,0x4601,2,,na,"[0,",,,11111,,+30.5dB,14.8us,"[0,",1,683.17,normal,0,valid,-12.1dB,-12.1dB,0.17us,+7.7Hz,,"[6,",,1
2025-07-30 21:14:51.807616,PHY,0x4601,1,0,na,"[0,",0,0,1,1127.3,+16.3dB,17.6us,"[0,",1,683.18,normal,0,valid,-15.0dB,-15.1dB,na,na,,,,
2025-07-30 21:14:51.808096,PHY,0x4601,1,0,na,"[0,",0,0,1,1244.0,+16.7dB,18.6us,"[0,",1,683.19,normal,0,valid,-15.0dB,-15.1dB,na,na,,,,
2025-07-30 21:14:51.812231,CSI,0x4601,2,,na,"[0,",,,1,,+28.3dB,15.3us,"[0,",1,684.8,normal,0,valid,-12.0dB,-12.1dB,0.20us,-73.1Hz,,"[6,",1101,1
2025-07-30 21:14:51.813157,PHY,0x4601,1,0,na,"[0,",0,0,1,1524.0,+17.6dB,15.7us,"[0,",1,684.9,normal,0,valid,-15.1dB,-15.1dB,na,na,,,,
2025-07-30 21:14:51.816714,PHY,0x4601,2,,na,"[0,",,,11111,,+34.2dB,13.8us,"[0,",1,684.17,normal,0,valid,-12.1dB,-12.1dB,0.18us,+56.6Hz,,"[6,",,1
2025-07-30 21:14:51.817644,PHY,0x4601,1,0,na,"[0,",0,0,1,1150.7,+16.3dB,15.9us,"[0,",1,684.18,normal,0,valid,-15.0dB,-15.1dB,na,na,,,,
2025-07-30 21:14:51.818118,PHY,0x4601,1,0,na,"[0,",0,0,1,1250.1,+16.7dB,14.2us,"[0,",1,684.19,normal,0,valid,-15.0dB,-15.1dB,na,na,,,,
2025-07-30 21:14:51.822621,PHY,0x4601,1,0,na,"[0,",0,0,1,1513.9,+17.5dB,19.2us,"[0,",1,685.8,normal,0,valid,-15.1dB,-15.2dB,na,na,,,,
2025-07-30 21:14:51.823082,PHY,0x4601,1,0,na,"[0,",0,0,1,1474.0,+17.4dB,15.6us,"[0,",1,685.9,normal,0,valid,-15.1dB,-15.2dB,na,na,,,,
2025-07-30 21:14:51.826736,PHY,0x4601,2,,na,"[0,",,,11111,,+34.5dB,17.7us,"[0,",1,685.17,normal,0,valid,-12.2dB,-12.2dB,0.18us,+20.6Hz,,"[6,",,1
2025-07-30 21:14:51.827570,PHY,0x4601,1,0,na,"[0,",0,0,1,1171.9,+16.5dB,15.8us,"[0,",1,685.18,normal,0,valid,-15.0dB,-15.1dB,na,na,,,,
2025-07-30 21:14:51.828149,PHY,0x4601,1,0,na,"[0,",0,0,1,1215.0,+16.6dB,14.5us,"[0,",1,685.19,normal,0,valid,-15.0dB,-15.1dB,na,na,,,,
2025-07-30 21:14:51.832259,CSI,0x4601,2,,na,"[0,",,,1,,+31.6dB,14.3us,"[0,",1,686.8,normal,0,valid,-12.0dB,-12.0dB,0.18us,-0.7Hz,,"[6,",1101,1
2025-07-30 21:14:51.833122,PHY,0x4601,1,0,na,"[0,",0,0,1,1560.9,+17.7dB,23.4us,"[0,",1,686.9,normal,0,valid,-15.0dB,-15.1dB,na,na,,,,
2025-07-30 21:14:51.836669,PHY,0x4601,2,,na,"[0,",,,11111,,+32.0dB,14.3us,"[0,",1,686.17,normal,0,valid,-12.1dB,-12.2dB,0.18us,-8.9Hz,,"[6,",,1
2025-07-30 21:14:51.837603,PHY,0x4601,1,0,na,"[0,",0,0,1,1186.4,+16.5dB,16.4us,"[0,",1,686.18,normal,0,valid,-15.0dB,-15.1dB,na,na,,,,
2025-07-30 21:14:51.838082,PHY,0x4601,1,0,na,"[0,",0,0,1,1162.1,+16.4dB,14.7us,"[0,",1,686.19,normal,0,valid,-15.0dB,-15.1dB,na,na,,,,
2025-07-30 21:14:51.842569,PHY,0x4601,1,0,na,"[0,",0,0,1,1632.6,+17.9dB,16.7us,"[0,",1,687.8,normal,0,valid,-15.1dB,-15.1dB,na,na,,,,
2025-07-30 21:14:51.843147,PHY,0x4601,1,0,na,"[0,",0,0,1,1517.6,+17.6dB,15.0us,"[0,",1,687.9,normal,0,valid,-15.1dB,-15.1dB,na,na,,,,
2025-07-30 21:14:51.846708,PHY,0x4601,2,,na,"[0,",,,11111,,+31.3dB,22.7us,"[0,",1,687.17,normal,0,valid,-12.2dB,-12.2dB,0.19us,+33.0Hz,,"[6,",,1
2025-07-30 21:14:51.847634,PHY,0x4601,1,0,na,"[0,",0,0,1,1430.1,+17.3dB,15.5us,"[0,",1,687.18,normal,0,valid,-15.1dB,-15.1dB,na,na,,,,
2025-07-30 21:14:51.848104,PHY,0x4601,1,0,na,"[0,",0,0,1,1561.7,+17.7dB,13.9us,"[0,",1,687.19,normal,0,valid,-15.0dB,-15.1dB,na,na,,,,
2025-07-30 21:14:51.852247,CSI,0x4601,2,,na,"[0,",,,1,,+30.9dB,14.1us,"[0,",1,688.8,normal,0,valid,-12.0dB,-12.1dB,0.20us,+37.5Hz,,"[6,",1101,1
2025-07-30 21:14:51.853077,PHY,0x4601,1,0,na,"[0,",0,0,1,1649.6,+17.9dB,15.8us,"[0,",1,688.9,normal,0,valid,-15.0dB,-15.1dB,na,na,,,,
2025-07-30 21:14:51.856734,PHY,0x4601,2,,na,"[0,",,,11111,,+33.1dB,14.6us,"[0,",1,688.17,normal,0,valid,-12.0dB,-12.1dB,0.18us,-19.0Hz,,"[6,",,1
2025-07-30 21:14:51.857667,PHY,0x4601,1,0,na,"[0,",0,0,1,1105.4,+16.2dB,15.9us,"[0,",1,688.18,normal,0,valid,-15.1dB,-15.2dB,na,na,,,,
2025-07-30 21:14:51.858139,PHY,0x4601,1,0,na,"[0,",0,0,1,1055.9,+16.0dB,13.9us,"[0,",1,688.19,normal,0,valid,-15.0dB,-15.1dB,na,na,,,,
2025-07-30 21:14:51.862626,PHY,0x4601,1,0,na,"[0,",0,0,1,1677.9,+18.0dB,15.7us,"[0,",1,689.8,normal,0,valid,-15.1dB,-15.1dB,na,na,,,,
2025-07-30 21:14:51.863103,PHY,0x4601,1,0,na,"[0,",0,0,1,1470.6,+17.4dB,15.0us,"[0,",1,689.9,normal,0,valid,-15.1dB,-15.2dB,na,na,,,,
2025-07-30 21:14:51.866645,PHY,0x4601,2,,na,"[0,",,,11111,,+29.2dB,14.3us,"[0,",1,689.17,normal,0,valid,-12.0dB,-12.0dB,0.19us,-24.1Hz,,"[6,",,1
2025-07-30 21:14:51.867590,PHY,0x4601,1,0,na,"[0,",0,0,1,1569.0,+17.7dB,15.8us,"[0,",1,689.18,normal,0,valid,-15.0dB,-15.1dB,na,na,,,,
2025-07-30 21:14:51.868065,PHY,0x4601,1,0,na,"[0,",0,0,1,1510.5,+17.5dB,14.2us,"[0,",1,689.19,normal,0,valid,-15.0dB,-15.1dB,na,na,,,,
2025-07-30 21:14:51.872212,CSI,0x4601,2,,na,"[0,",,,1,,+31.0dB,14.6us,"[0,",1,690.8,normal,0,valid,-11.9dB,-12.0dB,0.18us,-30.8Hz,,"[6,",1101,1
2025-07-30 21:14:51.873158,PHY,0x4601,1,0,na,"[0,",0,0,1,1566.6,+17.6dB,23.7us,"[0,",1,690.9,normal,0,valid,-15.1dB,-15.2dB,na,na,,,,
2025-07-30 21:14:51.876717,PHY,0x4601,2,,na,"[0,",,,11111,,+28.1dB,14.5us,"[0,",1,690.17,normal,0,valid,-12.1dB,-12.2dB,0.19us,+47.3Hz,,"[6,",,1
2025-07-30 21:14:51.877621,PHY,0x4601,1,0,na,"[0,",0,0,1,1121.9,+16.2dB,16.3us,"[0,",1,690.18,normal,0,valid,-15.0dB,-15.1dB,na,na,,,,
2025-07-30 21:14:51.878096,PHY,0x4601,1,0,na,"[0,",0,0,1,1149.1,+16.3dB,14.4us,"[0,",1,690.19,normal,0,valid,-15.0dB,-15.1dB,na,na,,,,
2025-07-30 21:14:51.882594,PHY,0x4601,1,0,na,"[0,",0,0,1,1668.5,+18.0dB,18.1us,"[0,",1,691.8,normal,0,valid,-15.1dB,-15.1dB,na,na,,,,
2025-07-30 21:14:51.883167,PHY,0x4601,1,0,na,"[0,",0,0,1,1518.4,+17.6dB,15.0us,"[0,",1,691.9,normal,0,valid,-15.1dB,-15.1dB,na,na,,,,
2025-07-30 21:14:51.886716,PHY,0x4601,2,,na,"[0,",,,11111,,+31.0dB,14.1us,"[0,",1,691.17,normal,0,valid,-12.2dB,-12.3dB,0.16us,+15.0Hz,,"[6,",,1
2025-07-30 21:14:51.887652,PHY,0x4601,1,0,na,"[0,",0,0,1,1428.1,+17.3dB,15.1us,"[0,",1,691.18,normal,0,valid,-15.0dB,-15.1dB,na,na,,,,
2025-07-30 21:14:51.888124,PHY,0x4601,1,0,na,"[0,",0,0,1,1593.7,+17.8dB,13.9us,"[0,",1,691.19,normal,0,valid,-15.0dB,-15.1dB,na,na,,,,
2025-07-30 21:14:51.892209,CSI,0x4601,2,,na,"[0,",,,1,,+34.5dB,10.7us,"[0,",1,692.8,normal,0,valid,-12.0dB,-12.0dB,0.17us,-28.1Hz,,"[6,",1101,1
2025-07-30 21:14:51.893090,PHY,0x4601,1,0,na,"[0,",0,0,1,1513.3,+17.5dB,16.2us,"[0,",1,692.9,normal,0,valid,-15.0dB,-15.1dB,na,na,,,,
2025-07-30 21:14:51.896755,PHY,0x4601,2,,na,"[0,",,,11111,,+33.6dB,13.7us,"[0,",1,692.17,normal,0,valid,-12.0dB,-12.0dB,0.18us,-25.5Hz,,"[6,",,1
2025-07-30 21:14:51.897582,PHY,0x4601,1,0,na,"[0,",0,0,1,1629.4,+17.8dB,16.9us,"[0,",1,692.18,normal,0,valid,-15.0dB,-15.1dB,na,na,,,,
2025-07-30 21:14:51.898159,PHY,0x4601,1,0,na,"[0,",0,0,1,1570.4,+17.7dB,13.9us,"[0,",1,692.19,normal,0,valid,-15.0dB,-15.1dB,na,na,,,,
2025-07-30 21:14:51.902657,PHY,0x4601,1,0,na,"[0,",0,0,1,1529.9,+17.6dB,16.0us,"[0,",1,693.8,normal,0,valid,-15.1dB,-15.2dB,na,na,,,,
2025-07-30 21:14:51.903119,PHY,0x4601,1,0,na,"[0,",0,0,1,1612.7,+17.8dB,14.3us,"[0,",1,693.9,normal,0,valid,-15.1dB,-15.2dB,na,na,,,,
2025-07-30 21:14:51.906663,PHY,0x4601,2,,na,"[0,",,,11111,,+29.7dB,13.3us,"[0,",1,693.17,normal,0,valid,-12.0dB,-12.0dB,0.17us,+97.0Hz,,"[6,",,1
2025-07-30 21:14:51.907607,PHY,0x4601,1,0,na,"[0,",0,0,1,1203.0,+16.5dB,16.4us,"[0,",1,693.18,normal,0,valid,-15.0dB,-15.1dB,na,na,,,,
2025-07-30 21:14:51.908094,PHY,0x4601,1,0,na,"[0,",0,0,1,1150.0,+16.3dB,15.0us,"[0,",1,693.19,normal,0,valid,-15.1dB,-15.2dB,na,na,,,,
2025-07-30 21:14:51.912206,CSI,0x4601,2,,na,"[0,",,,1,,+32.9dB,14.8us,"[0,",1,694.8,normal,0,valid,-12.0dB,-12.0dB,0.20us,+15.1Hz,,"[6,",1101,1
2025-07-30 21:14:51.913153,PHY,0x4601,1,0,na,"[0,",0,0,1,1533.3,+17.6dB,16.2us,"[0,",1,694.9,normal,0,valid,-15.0dB,-15.1dB,na,na,,,,
2025-07-30 21:14:51.916700,PHY,0x4601,2,,na,"[0,",,,11111,,+34.8dB,14.6us,"[0,",1,694.17,normal,0,valid,-12.0dB,-12.1dB,0.19us,+58.2Hz,,"[6,",,1
2025-07-30 21:14:51.917636,PHY,0x4601,1,0,na,"[0,",0,0,1,1507.7,+17.5dB,15.8us,"[0,",1,694.18,normal,0,valid,-15.0dB,-15.1dB,na,na,,,,
2025-07-30 21:14:51.918114,PHY,0x4601,1,0,na,"[0,",0,0,1,1646.4,+17.9dB,14.4us,"[0,",1,694.19,normal,0,valid,-15.0dB,-15.1dB,na,na,,,,
2025-07-30 21:14:51.922604,PHY,0x4601,1,0,na,"[0,",0,0,1,1498.8,+17.5dB,15.9us,"[0,",1,695.8,normal,0,valid,-15.1dB,-15.1dB,na,na,,,,
2025-07-30 21:14:51.923072,PHY,0x4601,1,0,na,"[0,",0,0,1,1498.5,+17.5dB,14.3us,"[0,",1,695.9,normal,0,valid,-15.1dB,-15.2dB,na,na,,,,
2025-07-30 21:14:51.926742,PHY,0x4601,2,,na,"[0,",,,11111,,+36.0dB,17.5us,"[0,",1,695.17,normal,0,valid,-12.2dB,-12.2dB,0.18us,+44.5Hz,,"[6,",,1
2025-07-30 21:14:51.927569,PHY,0x4601,1,0,na,"[0,",0,0,1,1154.6,+16.4dB,15.2us,"[0,",1,695.18,normal,0,valid,-15.0dB,-15.1dB,na,na,,,,
2025-07-30 21:14:51.928148,PHY,0x4601,1,0,na,"[0,",0,0,1,1153.5,+16.4dB,15.1us,"[0,",1,695.19,normal,0,valid,-15.1dB,-15.1dB,na,na,,,,
2025-07-30 21:14:51.932240,CSI,0x4601,2,,na,"[0,",,,1,,+30.9dB,13.3us,"[0,",1,696.8,normal,0,valid,-12.0dB,-12.0dB,0.20us,-19.8Hz,,"[6,",1101,1
2025-07-30 21:14:51.933115,PHY,0x4601,1,0,na,"[0,",0,0,1,1716.4,+18.1dB,15.9us,"[0,",1,696.9,normal,0,valid,-15.0dB,-15.1dB,na,na,,,,
2025-07-30 21:14:51.936650,PHY,0x4601,2,,na,"[0,",,,11111,,+34.1dB,13.9us,"[0,",1,696.17,normal,0,valid,-12.0dB,-12.1dB,0.20us,+11.2Hz,,"[6,",,1
2025-07-30 21:14:51.937599,PHY,0x4601,1,0,na,"[0,",0,0,1,1398.8,+17.2dB,15.8us,"[0,",1,696.18,normal,0,valid,-15.0dB,-15.1dB,na,na,,,,
2025-07-30 21:14:51.938076,PHY,0x4601,1,0,na,"[0,",0,0,1,1515.1,+17.6dB,14.2us,"[0,",1,696.19,normal,0,valid,-15.0dB,-15.1dB,na,na,,,,
2025-07-30 21:14:51.942672,PHY,0x4601,1,0,na,"[0,",0,0,1,1538.8,+17.6dB,17.7us,"[0,",1,697.8,normal,0,valid,-15.0dB,-15.1dB,na,na,,,,
2025-07-30 21:14:51.943136,PHY,0x4601,1,0,na,"[0,",0,0,1,1510.1,+17.5dB,13.9us,"[0,",1,697.9,normal,0,valid,-15.1dB,-15.2dB,na,na,,,,
2025-07-30 21:14:51.946692,PHY,0x4601,2,,na,"[0,",,,11111,,+28.5dB,15.5us,"[0,",1,697.17,normal,0,valid,-12.1dB,-12.1dB,0.18us,-59.4Hz,,"[6,",,1
2025-07-30 21:14:51.947628,PHY,0x4601,1,0,na,"[0,",0,0,1,1489.9,+17.5dB,16.7us,"[0,",1,697.18,normal,0,valid,-15.0dB,-15.1dB,na,na,,,,
2025-07-30 21:14:51.948107,PHY,0x4601,1,0,na,"[0,",0,0,1,1571.3,+17.7dB,16.5us,"[0,",1,697.19,normal,0,valid,-15.0dB,-15.1dB,na,na,,,,
2025-07-30 21:14:51.952235,CSI,0x4601,2,,na,"[0,",,,1,,+32.5dB,17.2us,"[0,",1,698.8,normal,0,valid,-12.0dB,-12.0dB,0.19us,-51.1Hz,,"[6,",1101,1
2025-07-30 21:14:51.953072,PHY,0x4601,1,0,na,"[0,",0,0,1,1130.9,+16.2dB,22.5us,"[0,",1,698.9,normal,0,valid,-15.1dB,-15.2dB,na,na,,,,
2025-07-30 21:14:51.956728,PHY,0x4601,2,,na,"[0,",,,11111,,+34.5dB,14.7us,"[0,",1,698.17,normal,0,valid,-12.1dB,-12.2dB,0.18us,+62.6Hz,,"[6,",,1
2025-07-30 21:14:51.957660,PHY,0x4601,1,0,na,"[0,",0,0,1,1150.1,+16.4dB,16.8us,"[0,",1,698.18,normal,0,valid,-15.0dB,-15.1dB,na,na,,,,
2025-07-30 21:14:51.958148,PHY,0x4601,1,0,na,"[0,",0,0,1,1158.5,+16.4dB,24.2us,"[0,",1,698.19,normal,0,valid,-15.0dB,-15.1dB,na,na,,,,
2025-07-30 21:14:51.962629,PHY,0x4601,1,0,na,"[0,",0,0,1,1646.3,+17.9dB,16.2us,"[0,",1,699.8,normal,0,valid,-15.1dB,-15.2dB,na,na,,,,
2025-07-30 21:14:51.963097,PHY,0x4601,1,0,na,"[0,",0,0,1,1516.9,+17.6dB,17.6us,"[0,",1,699.9,normal,0,valid,-15.1dB,-15.1dB,na,na,,,,
2025-07-30 21:14:51.966638,PHY,0x4601,2,,na,"[0,",,,11111,,+30.9dB,14.3us,"[0,",1,699.17,normal,0,valid,-12.1dB,-12.2dB,0.19us,-87.9Hz,,"[6,",,1
2025-07-30 21:14:51.967583,PHY,0x4601,1,0,na,"[0,",0,0,1,1117.2,+16.2dB,15.6us,"[0,",1,699.18,normal,0,valid,-15.0dB,-15.1dB,na,na,,,,
2025-07-30 21:14:51.968225,PHY,0x4601,1,0,na,"[0,",0,0,1,1121.1,+16.2dB,15.9us,"[0,",1,699.19,normal,0,valid,-15.0dB,-15.1dB,na,na,,,,
2025-07-30 21:14:51.972194,CSI,0x4601,2,,na,"[0,",,,1,,+32.6dB,14.9us,"[0,",1,700.8,normal,0,valid,-11.9dB,-11.9dB,0.18us,+78.1Hz,,"[6,",1101,1
2025-07-30 21:14:51.973131,PHY,0x4601,1,0,na,"[0,",0,0,1,1436.9,+17.3dB,15.8us,"[0,",1,700.9,normal,0,valid,-15.0dB,-15.1dB,na,na,,,,
2025-07-30 21:14:51.976674,PHY,0x4601,2,,na,"[0,",,,11111,,+31.9dB,14.3us,"[0,",1,700.17,normal,0,valid,-12.1dB,-12.1dB,0.17us,-102.9Hz,,"[6,",,1
2025-07-30 21:14:51.977617,PHY,0x4601,1,0,na,"[0,",0,0,1,1460.1,+17.4dB,15.6us,"[0,",1,700.18,normal,0,valid,-15.0dB,-15.1dB,na,na,,,,
2025-07-30 21:14:51.978100,PHY,0x4601,1,0,na,"[0,",0,0,1,1551.7,+17.6dB,22.1us,"[0,",1,700.19,normal,0,valid,-15.0dB,-15.1dB,na,na,,,,
2025-07-30 21:14:51.982577,PHY,0x4601,1,0,na,"[0,",0,0,1,1595.7,+17.8dB,16.1us,"[0,",1,701.8,normal,0,valid,-15.0dB,-15.1dB,na,na,,,,
2025-07-30 21:14:51.983158,PHY,0x4601,1,0,na,"[0,",0,0,1,1545.2,+17.7dB,14.1us,"[0,",1,701.9,normal,0,valid,-15.0dB,-15.1dB,na,na,,,,
2025-07-30 21:14:51.986717,PHY,0x4601,2,,na,"[0,",,,11111,,+32.3dB,14.5us,"[0,",1,701.17,normal,0,valid,-12.0dB,-12.0dB,0.18us,+88.4Hz,,"[6,",,1
2025-07-30 21:14:51.987647,PHY,0x4601,1,0,na,"[0,",0,0,1,1467.9,+17.4dB,16.0us,"[0,",1,701.18,normal,0,valid,-15.0dB,-15.2dB,na,na,,,,
2025-07-30 21:14:51.988120,PHY,0x4601,1,0,na,"[0,",0,0,1,1538.8,+17.6dB,14.8us,"[0,",1,701.19,normal,0,valid,-15.1dB,-15.1dB,na,na,,,,
2025-07-30 21:14:51.992209,CSI,0x4601,2,,na,"[0,",,,1,,+30.2dB,10.7us,"[0,",1,702.8,normal,0,valid,-12.0dB,-12.0dB,0.20us,+35.0Hz,,"[6,",1101,1
2025-07-30 21:14:51.993082,PHY,0x4601,1,0,na,"[0,",0,0,1,1477.6,+17.5dB,15.4us,"[0,",1,702.9,normal,0,valid,-15.0dB,-15.1dB,na,na,,,,
2025-07-30 21:14:51.996779,PHY,0x4601,2,,na,"[0,",,,11111,,+30.6dB,14.8us,"[0,",1,702.17,normal,0,valid,-12.1dB,-12.1dB,0.20us,+20.1Hz,,"[6,",,1
2025-07-30 21:14:51.997572,PHY,0x4601,1,0,na,"[0,",0,0,1,1465.6,+17.4dB,18.0us,"[0,",1,702.18,normal,0,valid,-15.0dB,-15.1dB,na,na,,,,
2025-07-30 21:14:51.998157,PHY,0x4601,1,0,na,"[0,",0,0,1,1653.5,+17.9dB,17.5us,"[0,",1,702.19,normal,0,valid,-15.0dB,-15.1dB,na,na,,,,
2025-07-30 21:14:52.002649,PHY,0x4601,1,0,na,"[0,",0,0,1,1563.7,+17.7dB,17.0us,"[0,",1,703.8,normal,0,valid,-15.1dB,-15.1dB,na,na,,,,
2025-07-30 21:14:52.003114,PHY,0x4601,1,0,na,"[0,",0,0,1,1489.7,+17.5dB,17.8us,"[0,",1,703.9,normal,0,valid,-15.1dB,-15.1dB,na,na,,,,
2025-07-30 21:14:52.006664,PHY,0x4601,2,,na,"[0,",,,11111,,+32.0dB,15.3us,"[0,",1,703.17,normal,0,valid,-12.2dB,-12.2dB,0.17us,-65.1Hz,,"[6,",,1
2025-07-30 21:14:52.007604,PHY,0x4601,1,0,na,"[0,",0,0,1,1525.5,+17.5dB,16.2us,"[0,",1,703.18,normal,0,valid,-15.0dB,-15.1dB,na,na,,,,
2025-07-30 21:14:52.008083,PHY,0x4601,1,0,na,"[0,",0,0,1,1452.9,+17.4dB,20.3us,"[0,",1,703.19,normal,0,valid,-15.1dB,-15.1dB,na,na,,,,
2025-07-30 21:14:52.012203,CSI,0x4601,2,,na,"[0,",,,1,,+30.1dB,16.1us,"[0,",1,704.8,normal,0,valid,-12.0dB,-12.1dB,0.18us,+75.8Hz,,"[6,",1101,1
2025-07-30 21:14:52.013146,PHY,0x4601,1,0,na,"[0,",0,0,1,1174.2,+16.4dB,17.4us,"[0,",1,704.9,normal,0,valid,-15.0dB,-15.1dB,na,na,,,,
2025-07-30 21:14:52.016709,PHY,0x4601,2,,na,"[0,",,,11111,,+28.6dB,14.8us,"[0,",1,704.17,normal,0,valid,-12.1dB,-12.1dB,0.18us,-49.3Hz,,"[6,",,1
2025-07-30 21:14:52.017635,PHY,0x4601,1,0,na,"[0,",0,0,1,1206.4,+16.6dB,15.8us,"[0,",1,704.18,normal,0,valid,-15.0dB,-15.1dB,na,na,,,,
2025-07-30 21:14:52.018112,PHY,0x4601,1,0,na,"[0,",0,0,1,1151.9,+16.3dB,17.6us,"[0,",1,704.19,normal,0,valid,-15.1dB,-15.2dB,na,na,,,,
2025-07-30 21:14:52.022609,PHY,0x4601,1,0,na,"[0,",0,0,1,1696.5,+18.0dB,16.0us,"[0,",1,705.8,normal,0,valid,-15.0dB,-15.1dB,na,na,,,,
2025-07-30 21:14:52.023070,PHY,0x4601,1,0,na,"[0,",0,0,1,1487.6,+17.5dB,14.3us,"[0,",1,705.9,normal,0,valid,-15.1dB,-15.2dB,na,na,,,,
2025-07-30 21:14:52.026725,PHY,0x4601,2,,na,"[0,",,,11111,,+36.2dB,15.5us,"[0,",1,705.17,normal,0,valid,-12.1dB,-12.1dB,0.18us,-10.6Hz,,"[6,",,1
2025-07-30 21:14:52.027665,PHY,0x4601,1,0,na,"[0,",0,0,1,1077.7,+16.1dB,16.0us,"[0,",1,705.18,normal,0,valid,-15.0dB,-15.1dB,na,na,,,,
2025-07-30 21:14:52.028141,PHY,0x4601,1,0,na,"[0,",0,0,1,1085.8,+16.1dB,17.0us,"[0,",1,705.19,normal,0,valid,-15.0dB,-15.1dB,na,na,,,,
2025-07-30 21:14:52.032230,CSI,0x4601,2,,na,"[0,",,,1,,+31.1dB,15.2us,"[0,",1,706.8,normal,0,valid,-12.0dB,-12.0dB,0.18us,+105.2Hz,,"[6,",1101,1
2025-07-30 21:14:52.033108,PHY,0x4601,1,0,na,"[0,",0,0,1,1216.8,+16.6dB,16.5us,"[0,",1,706.9,normal,0,valid,-15.1dB,-15.1dB,na,na,,,,
2025-07-30 21:14:52.036650,PHY,0x4601,2,,na,"[0,",,,11111,,+30.5dB,17.1us,"[0,",1,706.17,normal,0,valid,-12.2dB,-12.2dB,0.18us,+52.2Hz,,"[6,",,1
2025-07-30 21:14:52.037613,PHY,0x4601,1,0,na,"[0,",0,0,1,1133.5,+16.3dB,16.0us,"[0,",1,706.18,normal,0,valid,-15.0dB,-15.1dB,na,na,,,,
2025-07-30 21:14:52.038080,PHY,0x4601,1,0,na,"[0,",0,0,1,1111.0,+16.2dB,16.3us,"[0,",1,706.19,normal,0,valid,-15.0dB,-15.1dB,na,na,,,,
2025-07-30 21:14:52.042670,PHY,0x4601,1,0,na,"[0,",0,0,1,1500.6,+17.5dB,17.0us,"[0,",1,707.8,normal,0,valid,-15.1dB,-15.2dB,na,na,,,,
2025-07-30 21:14:52.043138,PHY,0x4601,1,0,na,"[0,",0,0,1,1577.7,+17.7dB,15.4us,"[0,",1,707.9,normal,0,valid,-15.1dB,-15.1dB,na,na,,,,
2025-07-30 21:14:52.046682,PHY,0x4601,2,,na,"[0,",,,11111,,+30.6dB,15.8us,"[0,",1,707.17,normal,0,valid,-12.1dB,-12.2dB,0.16us,+88.9Hz,,"[6,",,1
2025-07-30 21:14:52.047615,PHY,0x4601,1,0,na,"[0,",0,0,1,1207.0,+16.6dB,16.2us,"[0,",1,707.18,normal,0,valid,-15.1dB,-15.1dB,na,na,,,,
2025-07-30 21:14:52.048096,PHY,0x4601,1,0,na,"[0,",0,0,1,1121.5,+16.3dB,15.6us,"[0,",1,707.19,normal,0,valid,-15.0dB,-15.1dB,na,na,,,,
2025-07-30 21:14:52.052230,CSI,0x4601,2,,na,"[0,",,,1,,+31.4dB,14.2us,"[0,",1,708.8,normal,0,valid,-12.1dB,-12.1dB,0.20us,-25.5Hz,,"[6,",1101,1
2025-07-30 21:14:52.053172,PHY,0x4601,1,0,na,"[0,",0,0,1,1087.7,+16.1dB,22.2us,"[0,",1,708.9,normal,0,valid,-15.0dB,-15.1dB,na,na,,,,
2025-07-30 21:14:52.056717,PHY,0x4601,2,,na,"[0,",,,11111,,+30.4dB,13.8us,"[0,",1,708.17,normal,0,valid,-12.0dB,-12.1dB,0.19us,+111.7Hz,,"[6,",,1
2025-07-30 21:14:52.057661,PHY,0x4601,1,0,na,"[0,",0,0,1,1138.6,+16.3dB,23.5us,"[0,",1,708.18,normal,0,valid,-15.0dB,-15.1dB,na,na,,,,
2025-07-30 21:14:52.058125,PHY,0x4601,1,0,na,"[0,",0,0,1,1117.0,+16.2dB,15.5us,"[0,",1,708.19,normal,0,valid,-15.0dB,-15.1dB,na,na,,,,
2025-07-30 21:14:52.062626,PHY,0x4601,1,0,na,"[0,",0,0,1,1554.4,+17.7dB,20.8us,"[0,",1,709.8,normal,0,valid,-15.1dB,-15.2dB,na,na,,,,
2025-07-30 21:14:52.063087,PHY,0x4601,1,0,na,"[0,",0,0,1,1503.5,+17.5dB,14.9us,"[0,",1,709.9,normal,0,valid,-15.1dB,-15.2dB,na,na,,,,
2025-07-30 21:14:52.066763,PHY,0x4601,2,,na,"[0,",,,11111,,+31.0dB,25.5us,"[0,",1,709.17,normal,0,valid,-12.1dB,-12.2dB,0.18us,+69.5Hz,,"[6,",,1
2025-07-30 21:14:52.067575,PHY,0x4601,1,0,na,"[0,",0,0,1,1494.8,+17.5dB,15.7us,"[0,",1,709.18,normal,0,valid,-15.1dB,-15.1dB,na,na,,,,
2025-07-30 21:14:52.068158,PHY,0x4601,1,0,na,"[0,",0,0,1,1413.7,+17.2dB,14.7us,"[0,",1,709.19,normal,0,valid,-15.0dB,-15.1dB,na,na,,,,
2025-07-30 21:14:52.072174,CSI,0x4601,2,,na,"[0,",,,1,,+31.4dB,15.6us,"[0,",1,710.8,normal,0,valid,-12.0dB,-12.0dB,0.19us,+10.3Hz,,"[6,",1101,1
2025-07-30 21:14:52.073118,PHY,0x4601,1,0,na,"[0,",0,0,1,1108.7,+16.2dB,18.3us,"[0,",1,710.9,normal,0,valid,-15.0dB,-15.1dB,na,na,,,,
2025-07-30 21:14:52.076665,PHY,0x4601,2,,na,"[0,",,,11111,,+30.3dB,13.6us,"[0,",1,710.17,normal,0,valid,-12.1dB,-12.1dB,0.18us,+36.3Hz,,"[6,",,1
2025-07-30 21:14:52.077606,PHY,0x4601,1,0,na,"[0,",0,0,1,1151.1,+16.4dB,15.8us,"[0,",1,710.18,normal,0,valid,-15.0dB,-15.1dB,na,na,,,,
2025-07-30 21:14:52.078082,PHY,0x4601,1,0,na,"[0,",0,0,1,1112.1,+16.2dB,14.7us,"[0,",1,710.19,normal,0,valid,-15.0dB,-15.1dB,na,na,,,,
2025-07-30 21:14:52.082573,PHY,0x4601,1,0,na,"[0,",0,0,1,1627.0,+17.9dB,15.6us,"[0,",1,711.8,normal,0,valid,-15.1dB,-15.1dB,na,na,,,,
2025-07-30 21:14:52.083151,PHY,0x4601,1,0,na,"[0,",0,0,1,1426.3,+17.3dB,14.6us,"[0,",1,711.9,normal,0,valid,-15.1dB,-15.2dB,na,na,,,,
2025-07-30 21:14:52.086709,PHY,0x4601,2,,na,"[0,",,,11111,,+27.3dB,17.9us,"[0,",1,711.17,normal,0,valid,-12.0dB,-12.0dB,0.20us,-26.2Hz,,"[6,",,1
2025-07-30 21:14:52.087642,PHY,0x4601,1,0,na,"[0,",0,0,1,1539.5,+17.6dB,15.6us,"[0,",1,711.18,normal,0,valid,-15.0dB,-15.1dB,na,na,,,,
2025-07-30 21:14:52.088115,PHY,0x4601,1,0,na,"[0,",0,0,1,1511.5,+17.5dB,13.8us,"[0,",1,711.19,normal,0,valid,-15.0dB,-15.1dB,na,na,,,,
2025-07-30 21:14:52.092253,CSI,0x4601,2,,na,"[0,",,,1,,+30.2dB,25.6us,"[0,",1,712.8,normal,0,valid,-11.9dB,-12.0dB,0.18us,+76.9Hz,,"[6,",1101,1
2025-07-30 21:14:52.093078,PHY,0x4601,1,0,na,"[0,",0,0,1,1162.8,+16.4dB,16.6us,"[0,",1,712.9,normal,0,valid,-15.0dB,-15.2dB,na,na,,,,
2025-07-30 21:14:52.096754,PHY,0x4601,2,,na,"[0,",,,11111,,+30.7dB,16.6us,"[0,",1,712.17,normal,0,valid,-12.1dB,-12.1dB,0.19us,-75.8Hz,,"[6,",,1
2025-07-30 21:14:52.097564,PHY,0x4601,1,0,na,"[0,",0,0,1,1095.4,+16.1dB,15.5us,"[0,",1,712.18,normal,0,valid,-15.0dB,-15.1dB,na,na,,,,
2025-07-30 21:14:52.098143,PHY,0x4601,1,0,na,"[0,",0,0,1,1122.8,+16.3dB,14.3us,"[0,",1,712.19,normal,0,valid,-15.0dB,-15.1dB,na,na,,,,
2025-07-30 21:14:52.102684,PHY,0x4601,1,0,na,"[0,",0,0,1,1477.7,+17.4dB,17.9us,"[0,",1,713.8,normal,0,valid,-15.1dB,-15.1dB,na,na,,,,
2025-07-30 21:14:52.103105,PHY,0x4601,1,0,na,"[0,",0,0,1,1573.7,+17.7dB,13.7us,"[0,",1,713.9,normal,0,valid,-15.1dB,-15.1dB,na,na,,,,
2025-07-30 21:14:52.106657,PHY,0x4601,2,,na,"[0,",,,11111,,+29.9dB,15.6us,"[0,",1,713.17,normal,0,valid,-12.0dB,-12.1dB,0.18us,+90.5Hz,,"[6,",,1
2025-07-30 21:14:52.107603,PHY,0x4601,1,0,na,"[0,",0,0,1,1126.3,+16.3dB,16.6us,"[0,",1,713.18,normal,0,valid,-15.0dB,-15.1dB,na,na,,,,
2025-07-30 21:14:52.108079,PHY,0x4601,1,0,na,"[0,",0,0,1,1194.7,+16.5dB,21.4us,"[0,",1,713.19,normal,0,valid,-15.0dB,-15.1dB,na,na,,,,
2025-07-30 21:14:52.112212,CSI,0x4601,2,,na,"[0,",,,1,,+31.1dB,12.4us,"[0,",1,714.8,normal,0,valid,-12.1dB,-12.1dB,0.20us,+14.2Hz,,"[6,",1101,1
2025-07-30 21:14:52.113137,PHY,0x4601,1,0,na,"[0,",0,0,1,1516.7,+17.6dB,15.6us,"[0,",1,714.9,normal,0,valid,-15.0dB,-15.1dB,na,na,,,,
2025-07-30 21:14:52.116693,PHY,0x4601,2,,na,"[0,",,,11111,,+29.5dB,14.3us,"[0,",1,714.17,normal,0,valid,-11.9dB,-12.0dB,0.18us,+4.1Hz,,"[6,",,1
2025-07-30 21:14:52.117629,PHY,0x4601,1,0,na,"[0,",0,0,1,1114.2,+16.2dB,16.0us,"[0,",1,714.18,normal,0,valid,-15.0dB,-15.2dB,na,na,,,,
2025-07-30 21:14:52.118109,PHY,0x4601,1,0,na,"[0,",0,0,1,1123.8,+16.3dB,13.6us,"[0,",1,714.19,normal,0,valid,-15.0dB,-15.1dB,na,na,,,,
2025-07-30 21:14:52.122590,PHY,0x4601,1,0,na,"[0,",0,0,1,1495.7,+17.5dB,17.7us,"[0,",1,715.8,normal,0,valid,-15.1dB,-15.1dB,na,na,,,,
2025-07-30 21:14:52.123062,PHY,0x4601,1,0,na,"[0,",0,0,1,1595.2,+17.7dB,14.1us,"[0,",1,715.9,normal,0,valid,-15.1dB,-15.2dB,na,na,,,,
2025-07-30 21:14:52.126730,PHY,0x4601,2,,na,"[0,",,,11111,,+29.1dB,16.4us,"[0,",1,715.17,normal,0,valid,-12.2dB,-12.2dB,0.18us,+83.1Hz,,"[6,",,1
2025-07-30 21:14:52.127660,PHY,0x4601,1,0,na,"[0,",0,0,1,1138.3,+16.3dB,16.2us,"[0,",1,715.18,normal,0,valid,-15.0dB,-15.1dB,na,na,,,,
2025-07-30 21:14:52.128135,PHY,0x4601,1,0,na,"[0,",0,0,1,1108.2,+16.2dB,14.0us,"[0,",1,715.19,normal,0,valid,-15.0dB,-15.1dB,na,na,,,,
2025-07-30 21:14:52.132220,CSI,0x4601,2,,na,"[0,",,,1,,+30.4dB,11.4us,"[0,",1,716.8,normal,0,valid,-12.0dB,-12.0dB,0.19us,+5.0Hz,,"[6,",1101,1
2025-07-30 21:14:52.133095,PHY,0x4601,1,0,na,"[0,",0,0,1,1534.3,+17.6dB,15.5us,"[0,",1,716.9,normal,0,valid,-15.0dB,-15.1dB,na,na,,,,
2025-07-30 21:14:52.136639,PHY,0x4601,2,,na,"[0,",,,11111,,+28.5dB,13.3us,"[0,",1,716.17,normal,0,valid,-11.9dB,-12.0dB,0.17us,+170.4Hz,,"[6,",,1
2025-07-30 21:14:52.137584,PHY,0x4601,1,0,na,"[0,",0,0,1,1513.3,+17.5dB,15.4us,"[0,",1,716.18,normal,0,valid,-15.0dB,-15.1dB,na,na,,,,
2025-07-30 21:14:52.138168,PHY,0x4601,1,0,na,"[0,",0,0,1,1564.1,+17.7dB,15.0us,"[0,",1,716.19,normal,0,valid,-15.0dB,-15.1dB,na,na,,,,
2025-07-30 21:14:52.142650,PHY,0x4601,1,0,na,"[0,",0,0,1,1608.2,+17.8dB,15.5us,"[0,",1,717.8,normal,0,valid,-15.1dB,-15.1dB,na,na,,,,
2025-07-30 21:14:52.143124,PHY,0x4601,1,0,na,"[0,",0,0,1,1433.0,+17.3dB,13.9us,"[0,",1,717.9,normal,0,valid,-15.1dB,-15.1dB,na,na,,,,
2025-07-30 21:14:52.146673,PHY,0x4601,2,,na,"[0,",,,11111,,+30.5dB,13.7us,"[0,",1,717.17,normal,0,valid,-12.1dB,-12.2dB,0.18us,-18.6Hz,,"[6,",,1
2025-07-30 21:14:52.147612,PHY,0x4601,1,0,na,"[0,",0,0,1,1169.9,+16.4dB,15.1us,"[0,",1,717.18,normal,0,valid,-15.0dB,-15.1dB,na,na,,,,
2025-07-30 21:14:52.148088,PHY,0x4601,1,0,na,"[0,",0,0,1,1162.3,+16.4dB,13.7us,"[0,",1,717.19,normal,0,valid,-15.0dB,-15.1dB,na,na,,,,
2025-07-30 21:14:52.152218,CSI,0x4601,2,,na,"[0,",,,1,,+32.4dB,11.8us,"[0,",1,718.8,normal,0,valid,-12.1dB,-12.1dB,0.17us,-17.9Hz,,"[6,",1101,1
2025-07-30 21:14:52.153159,PHY,0x4601,1,0,na,"[0,",0,0,1,1572.9,+17.7dB,15.0us,"[0,",1,718.9,normal,0,valid,-15.1dB,-15.1dB,na,na,,,,
2025-07-30 21:14:52.156710,PHY,0x4601,2,,na,"[0,",,,11111,,+33.0dB,13.7us,"[0,",1,718.17,normal,0,valid,-12.1dB,-12.1dB,0.18us,+88.7Hz,,"[6,",,1
2025-07-30 21:14:52.157644,PHY,0x4601,1,0,na,"[0,",0,0,1,1479.5,+17.4dB,15.1us,"[0,",1,718.18,normal,0,valid,-15.0dB,-15.1dB,na,na,,,,
2025-07-30 21:14:52.158116,PHY,0x4601,1,0,na,"[0,",0,0,1,1523.4,+17.5dB,14.8us,"[0,",1,718.19,normal,0,valid,-15.0dB,-15.1dB,na,na,,,,
2025-07-30 21:14:52.162607,PHY,0x4601,1,0,na,"[0,",0,0,1,1530.5,+17.6dB,16.3us,"[0,",1,719.8,normal,0,valid,-15.1dB,-15.2dB,na,na,,,,
2025-07-30 21:14:52.163082,PHY,0x4601,1,0,na,"[0,",0,0,1,1609.0,+17.8dB,16.3us,"[0,",1,719.9,normal,0,valid,-15.1dB,-15.2dB,na,na,,,,
2025-07-30 21:14:52.166740,PHY,0x4601,2,,na,"[0,",,,11111,,+32.0dB,13.8us,"[0,",1,719.17,normal,0,valid,-12.0dB,-12.1dB,0.19us,+106.0Hz,,"[6,",,1
2025-07-30 21:14:52.167570,PHY,0x4601,1,0,na,"[0,",0,0,1,1484.8,+17.5dB,15.2us,"[0,",1,719.18,normal,0,valid,-15.0dB,-15.1dB,na,na,,,,
2025-07-30 21:14:52.168152,PHY,0x4601,1,0,na,"[0,",0,0,1,1399.6,+17.2dB,15.4us,"[0,",1,719.19,normal,0,valid,-15.0dB,-15.1dB,na,na,,,,
2025-07-30 21:14:52.172243,CSI,0x4601,2,,na,"[0,",,,1,,+30.6dB,10.0us,"[0,",1,720.8,normal,0,valid,-12.0dB,-12.0dB,0.19us,+115.2Hz,,"[6,",1101,1
2025-07-30 21:14:52.173113,PHY,0x4601,1,0,na,"[0,",0,0,1,1100.8,+16.2dB,16.3us,"[0,",1,720.9,normal,0,valid,-15.0dB,-15.1dB,na,na,,,,
2025-07-30 21:14:52.176658,PHY,0x4601,2,,na,"[0,",,,11111,,+36.0dB,12.7us,"[0,",1,720.17,normal,0,valid,-12.1dB,-12.1dB,0.18us,+8.5Hz,,"[6,",,1
2025-07-30 21:14:52.177602,PHY,0x4601,1,0,na,"[0,",0,0,1,1582.4,+17.8dB,16.3us,"[0,",1,720.18,normal,0,valid,-15.0dB,-15.1dB,na,na,,,,
2025-07-30 21:14:52.178075,PHY,0x4601,1,0,na,"[0,",0,0,1,1502.2,+17.5dB,14.2us,"[0,",1,720.19,normal,0,valid,-15.0dB,-15.1dB,na,na,,,,
2025-07-30 21:14:52.182575,PHY,0x4601,1,0,na,"[0,",0,0,1,1496.3,+17.5dB,16.1us,"[0,",1,721.8,normal,0,valid,-15.0dB,-15.1dB,na,na,,,,
2025-07-30 21:14:52.183155,PHY,0x4601,1,0,na,"[0,",0,0,1,1557.0,+17.6dB,16.0us,"[0,",1,721.9,normal,0,valid,-15.1dB,-15.2dB,na,na,,,,
2025-07-30 21:14:52.186709,PHY,0x4601,2,,na,"[0,",,,11111,,+29.6dB,15.1us,"[0,",1,721.17,normal,0,valid,-12.1dB,-12.1dB,0.17us,-32.6Hz,,"[6,",,1
2025-07-30 21:14:52.187636,PHY,0x4601,1,0,na,"[0,",0,0,1,1211.6,+16.6dB,17.8us,"[0,",1,721.18,normal,0,valid,-15.0dB,-15.1dB,na,na,,,,
2025-07-30 21:14:52.188104,PHY,0x4601,1,0,na,"[0,",0,0,1,1146.9,+16.4dB,14.8us,"[0,",1,721.19,normal,0,valid,-15.0dB,-15.1dB,na,na,,,,
2025-07-30 21:14:52.192244,CSI,0x4601,2,,na,"[0,",,,1,,+30.1dB,11.4us,"[0,",1,722.8,normal,0,valid,-12.0dB,-12.1dB,0.20us,+43.6Hz,,"[6,",1101,1
2025-07-30 21:14:52.193075,PHY,0x4601,1,0,na,"[0,",0,0,1,1093.9,+16.1dB,16.2us,"[0,",1,722.9,normal,0,valid,-15.0dB,-15.2dB,na,na,,,,
2025-07-30 21:14:52.196732,PHY,0x4601,2,,na,"[0,",,,11111,,+30.0dB,14.9us,"[0,",1,722.17,normal,0,valid,-12.1dB,-12.1dB,0.19us,-37.9Hz,,"[6,",,1
2025-07-30 21:14:52.197665,PHY,0x4601,1,0,na,"[0,",0,0,1,1076.2,+16.1dB,17.6us,"[0,",1,722.18,normal,0,valid,-15.0dB,-15.1dB,na,na,,,,
2025-07-30 21:14:52.198135,PHY,0x4601,1,0,na,"[0,",0,0,1,1081.1,+16.1dB,14.0us,"[0,",1,722.19,normal,0,valid,-15.0dB,-15.1dB,na,na,,,,
2025-07-30 21:14:52.202638,PHY,0x4601,1,0,na,"[0,",0,0,1,1482.2,+17.4dB,16.3us,"[0,",1,723.8,normal,0,valid,-15.1dB,-15.1dB,na,na,,,,
2025-07-30 21:14:52.203119,PHY,0x4601,1,0,na,"[0,",0,0,1,1388.1,+17.2dB,17.8us,"[0,",1,723.9,normal,0,valid,-15.1dB,-15.2dB,na,na,,,,
2025-07-30 21:14:52.206645,PHY,0x4601,2,,na,"[0,",,,11111,,+29.9dB,14.6us,"[0,",1,723.17,normal,0,valid,-11.9dB,-12.0dB,0.17us,-33.7Hz,,"[6,",,1
2025-07-30 21:14:52.207588,PHY,0x4601,1,0,na,"[0,",0,0,1,1437.0,+17.3dB,17.3us,"[0,",1,723.18,normal,0,valid,-15.0dB,-15.1dB,na,na,,,,
2025-07-30 21:14:52.208066,PHY,0x4601,1,0,na,"[0,",0,0,1,1552.6,+17.6dB,14.4us,"[0,",1,723.19,normal,0,valid,-15.0dB,-15.1dB,na,na,,,,
2025-07-30 21:14:52.212190,CSI,0x4601,2,,na,"[0,",,,1,,+32.6dB,12.7us,"[0,",1,724.8,normal,0,valid,-12.2dB,-12.2dB,0.22us,+21.6Hz,,"[6,",1101,1
2025-07-30 21:14:52.213138,PHY,0x4601,1,0,na,"[0,",0,0,1,1128.5,+16.3dB,16.3us,"[0,",1,724.9,normal,0,valid,-15.1dB,-15.2dB,na,na,,,,
2025-07-30 21:14:52.216688,PHY,0x4601,2,,na,"[0,",,,11111,,+35.0dB,14.1us,"[0,",1,724.17,normal,0,valid,-12.0dB,-12.1dB,0.20us,+35.8Hz,,"[6,",,1
2025-07-30 21:14:52.217614,PHY,0x4601,1,0,na,"[0,",0,0,1,1128.7,+16.2dB,15.6us,"[0,",1,724.18,normal,0,valid,-15.0dB,-15.2dB,na,na,,,,
2025-07-30 21:14:52.218100,PHY,0x4601,1,0,na,"[0,",0,0,1,1106.3,+16.2dB,13.7us,"[0,",1,724.19,normal,0,valid,-15.0dB,-15.1dB,na,na,,,,
2025-07-30 21:14:52.222595,PHY,0x4601,1,0,na,"[0,",0,0,1,1611.8,+17.8dB,22.4us,"[0,",1,725.8,normal,0,valid,-15.1dB,-15.1dB,na,na,,,,
2025-07-30 21:14:52.223164,PHY,0x4601,1,0,na,"[0,",0,0,1,1471.9,+17.4dB,14.3us,"[0,",1,725.9,normal,0,valid,-15.1dB,-15.1dB,na,na,,,,
2025-07-30 21:14:52.226716,PHY,0x4601,2,,na,"[0,",,,11111,,+28.1dB,15.8us,"[0,",1,725.17,normal,0,valid,-12.1dB,-12.1dB,0.17us,-9.9Hz,,"[6,",,1
2025-07-30 21:14:52.227656,PHY,0x4601,1,0,na,"[0,",0,0,1,1108.8,+16.2dB,17.5us,"[0,",1,725.18,normal,0,valid,-15.0dB,-15.1dB,na,na,,,,
2025-07-30 21:14:52.228137,PHY,0x4601,1,0,na,"[0,",0,0,1,1112.3,+16.2dB,14.4us,"[0,",1,725.19,normal,0,valid,-15.0dB,-15.2dB,na,na,,,,
2025-07-30 21:14:52.232217,CSI,0x4601,2,,na,"[0,",,,1,,+32.6dB,11.4us,"[0,",1,726.8,normal,0,valid,-12.1dB,-12.1dB,0.19us,-112.9Hz,,"[6,",1101,1
2025-07-30 21:14:52.233102,PHY,0x4601,1,0,na,"[0,",0,0,1,1153.0,+16.3dB,18.9us,"[0,",1,726.9,normal,0,valid,-15.1dB,-15.2dB,na,na,,,,
2025-07-30 21:14:52.236735,PHY,0x4601,2,,na,"[0,",,,11111,,+31.7dB,16.7us,"[0,",1,726.17,normal,0,valid,-12.0dB,-12.1dB,0.19us,-27.3Hz,,"[6,",,1
2025-07-30 21:14:52.237581,PHY,0x4601,1,0,na,"[0,",0,0,1,1526.7,+17.6dB,20.8us,"[0,",1,726.18,normal,0,valid,-15.0dB,-15.1dB,na,na,,,,
2025-07-30 21:14:52.238157,PHY,0x4601,1,0,na,"[0,",0,0,1,1503.8,+17.5dB,15.4us,"[0,",1,726.19,normal,0,valid,-15.0dB,-15.1dB,na,na,,,,
2025-07-30 21:14:52.242647,PHY,0x4601,1,0,na,"[0,",0,0,1,1538.1,+17.6dB,17.5us,"[0,",1,727.8,normal,0,valid,-15.0dB,-15.1dB,na,na,,,,
2025-07-30 21:14:52.243112,PHY,0x4601,1,0,na,"[0,",0,0,1,1514.4,+17.5dB,13.7us,"[0,",1,727.9,normal,0,valid,-15.1dB,-15.2dB,na,na,,,,
2025-07-30 21:14:52.246667,PHY,0x4601,2,,na,"[0,",,,11111,,+28.0dB,14.3us,"[0,",1,727.17,normal,0,valid,-12.1dB,-12.1dB,0.20us,+132.9Hz,,"[6,",,1
2025-07-30 21:14:52.247607,PHY,0x4601,1,0,na,"[0,",0,0,1,1002.1,+15.8dB,16.9us,"[0,",1,727.18,normal,0,valid,-15.0dB,-15.1dB,na,na,,,,
2025-07-30 21:14:52.248083,PHY,0x4601,1,0,na,"[0,",0,0,1,1092.5,+16.1dB,14.9us,"[0,",1,727.19,normal,0,valid,-15.0dB,-15.1dB,na,na,,,,
2025-07-30 21:14:52.252219,CSI,0x4601,2,,na,"[0,",,,1,,+39.8dB,12.1us,"[0,",1,728.8,normal,0,valid,-12.0dB,-12.0dB,0.20us,+5.8Hz,,"[6,",1101,1
2025-07-30 21:14:52.253157,PHY,0x4601,1,0,na,"[0,",0,0,1,1667.6,+18.0dB,16.1us,"[0,",1,728.9,normal,0,valid,-15.0dB,-15.1dB,na,na,,,,
2025-07-30 21:14:52.256707,PHY,0x4601,2,,na,"[0,",,,11111,,+32.7dB,17.5us,"[0,",1,728.17,normal,0,valid,-12.1dB,-12.2dB,0.20us,-36.6Hz,,"[6,",,1
2025-07-30 21:14:52.257639,PHY,0x4601,1,0,na,"[0,",0,0,1,1559.8,+17.7dB,15.5us,"[0,",1,728.18,normal,0,valid,-15.0dB,-15.1dB,na,na,,,,
2025-07-30 21:14:52.258120,PHY,0x4601,1,0,na,"[0,",0,0,1,1413.6,+17.3dB,15.3us,"[0,",1,728.19,normal,0,valid,-15.1dB,-15.1dB,na,na,,,,
2025-07-30 21:14:52.262608,PHY,0x4601,1,0,na,"[0,",0,0,1,1523.9,+17.6dB,16.4us,"[0,",1,729.8,normal,0,valid,-15.1dB,-15.2dB,na,na,,,,
2025-07-30 21:14:52.263072,PHY,0x4601,1,0,na,"[0,",0,0,1,1480.9,+17.4dB,14.0us,"[0,",1,729.9,normal,0,valid,-15.1dB,-15.1dB,na,na,,,,
2025-07-30 21:14:52.266743,PHY,0x4601,2,,na,"[0,",,,11111,,+31.1dB,13.7us,"[0,",1,729.17,normal,0,valid,-12.1dB,-12.1dB,0.17us,-75.6Hz,,"[6,",,1
2025-07-30 21:14:52.267567,PHY,0x4601,1,0,na,"[0,",0,0,1,1159.1,+16.4dB,16.4us,"[0,",1,729.18,normal,0,valid,-15.0dB,-15.1dB,na,na,,,,
2025-07-30 21:14:52.268149,PHY,0x4601,1,0,na,"[0,",0,0,1,1084.9,+16.1dB,17.0us,"[0,",1,729.19,normal,0,valid,-15.0dB,-15.1dB,na,na,,,,
2025-07-30 21:14:52.272233,CSI,0x4601,2,,na,"[0,",,,1,,+32.3dB,11.7us,"[0,",1,730.8,normal,0,valid,-12.0dB,-12.0dB,0.18us,-125.1Hz,,"[6,",1101,1
2025-07-30 21:14:52.273133,PHY,0x4601,1,0,na,"[0,",0,0,1,1467.1,+17.4dB,24.6us,"[0,",1,730.9,normal,0,valid,-15.1dB,-15.1dB,na,na,,,,
2025-07-30 21:14:52.276657,PHY,0x4601,2,,na,"[0,",,,11111,,+31.9dB,14.5us,"[0,",1,730.17,normal,0,valid,-12.0dB,-12.0dB,0.20us,+55.6Hz,,"[6,",,1
2025-07-30 21:14:52.277596,PHY,0x4601,1,0,na,"[0,",0,0,1,1447.7,+17.4dB,16.1us,"[0,",1,730.18,normal,0,valid,-15.0dB,-15.1dB,na,na,,,,
2025-07-30 21:14:52.278073,PHY,0x4601,1,0,na,"[0,",0,0,1,1516.5,+17.5dB,14.1us,"[0,",1,730.19,normal,0,valid,-15.0dB,-15.1dB,na,na,,,,
2025-07-30 21:14:52.282667,PHY,0x4601,1,0,na,"[0,",0,0,1,1475.0,+17.4dB,16.0us,"[0,",1,731.8,normal,0,valid,-15.1dB,-15.2dB,na,na,,,,
2025-07-30 21:14:52.283136,PHY,0x4601,1,0,na,"[0,",0,0,1,1553.2,+17.6dB,14.2us,"[0,",1,731.9,normal,0,valid,-15.1dB,-15.2dB,na,na,,,,
2025-07-30 21:14:52.286722,PHY,0x4601,2,,na,"[0,",,,11111,,+30.0dB,17.2us,"[0,",1,731.17,normal,0,valid,-11.9dB,-12.0dB,0.19us,+131.4Hz,,"[6,",,1
2025-07-30 21:14:52.287626,PHY,0x4601,1,0,na,"[0,",0,0,1,1206.6,+16.6dB,15.7us,"[0,",1,731.18,normal,0,valid,-15.1dB,-15.2dB,na,na,,,,
2025-07-30 21:14:52.288102,PHY,0x4601,1,0,na,"[0,",0,0,1,1057.2,+15.9dB,14.8us,"[0,",1,731.19,normal,0,valid,-15.1dB,-15.2dB,na,na,,,,
2025-07-30 21:14:52.292233,CSI,0x4601,2,,na,"[0,",,,1,,+27.5dB,14.8us,"[0,",1,732.8,normal,0,valid,-12.0dB,-12.0dB,0.20us,-64.7Hz,,"[6,",1101,1
2025-07-30 21:14:52.293069,PHY,0x4601,1,0,na,"[0,",0,0,1,1486.5,+17.5dB,16.2us,"[0,",1,732.9,normal,0,valid,-15.1dB,-15.1dB,na,na,,,,
2025-07-30 21:14:52.296713,PHY,0x4601,2,,na,"[0,",,,11111,,+30.6dB,17.5us,"[0,",1,732.17,normal,0,valid,-12.0dB,-12.0dB,0.20us,-30.4Hz,,"[6,",,1
2025-07-30 21:14:52.297660,PHY,0x4601,1,0,na,"[0,",0,0,1,1667.2,+17.9dB,18.1us,"[0,",1,732.18,normal,0,valid,-15.0dB,-15.2dB,na,na,,,,
2025-07-30 21:14:52.298131,PHY,0x4601,1,0,na,"[0,",0,0,1,1559.2,+17.7dB,14.3us,"[0,",1,732.19,normal,0,valid,-15.0dB,-15.1dB,na,na,,,,
2025-07-30 21:14:52.302628,PHY,0x4601,1,0,na,"[0,",0,0,1,1431.5,+17.3dB,21.6us,"[0,",1,733.8,normal,0,valid,-15.1dB,-15.1dB,na,na,,,,
2025-07-30 21:14:52.303094,PHY,0x4601,1,0,na,"[0,",0,0,1,1642.2,+17.9dB,14.7us,"[0,",1,733.9,normal,0,valid,-15.1dB,-15.2dB,na,na,,,,
2025-07-30 21:14:52.306640,PHY,0x4601,2,,na,"[0,",,,11111,,+30.4dB,13.9us,"[0,",1,733.17,normal,0,valid,-12.0dB,-12.0dB,0.20us,+78.6Hz,,"[6,",,1
2025-07-30 21:14:52.307584,PHY,0x4601,1,0,na,"[0,",0,0,1,1509.5,+17.5dB,15.8us,"[0,",1,733.18,normal,0,valid,-15.0dB,-15.1dB,na,na,,,,
2025-07-30 21:14:52.308169,PHY,0x4601,1,0,na,"[0,",0,0,1,1545.0,+17.6dB,15.6us,"[0,",1,733.19,normal,0,valid,-15.1dB,-15.1dB,na,na,,,,
2025-07-30 21:14:52.312194,CSI,0x4601,2,,na,"[0,",,,1,,+34.3dB,15.0us,"[0,",1,734.8,normal,0,valid,-12.0dB,-12.1dB,0.20us,-77.8Hz,,"[6,",1101,1
2025-07-30 21:14:52.313134,PHY,0x4601,1,0,na,"[0,",0,0,1,1409.4,+17.2dB,17.2us,"[0,",1,734.9,normal,0,valid,-15.0dB,-15.1dB,na,na,,,,
2025-07-30 21:14:52.316675,PHY,0x4601,2,,na,"[0,",,,11111,,+30.7dB,13.9us,"[0,",1,734.17,normal,0,valid,-12.0dB,-12.0dB,0.19us,+9.6Hz,,"[6,",,1
2025-07-30 21:14:52.317614,PHY,0x4601,1,0,na,"[0,",0,0,1,1170.4,+16.4dB,16.3us,"[0,",1,734.18,normal,0,valid,-15.0dB,-15.1dB,na,na,,,,
2025-07-30 21:14:52.318091,PHY,0x4601,1,0,na,"[0,",0,0,1,1121.4,+16.2dB,14.3us,"[0,",1,734.19,normal,0,valid,-15.0dB,-15.1dB,na,na,,,,
2025-07-30 21:14:52.322595,PHY,0x4601,1,0,na,"[0,",0,0,1,1491.5,+17.5dB,20.0us,"[0,",1,735.8,normal,0,valid,-15.1dB,-15.2dB,na,na,,,,
2025-07-30 21:14:52.323162,PHY,0x4601,1,0,na,"[0,",0,0,1,1399.8,+17.2dB,15.6us,"[0,",1,735.9,normal,0,valid,-15.0dB,-15.1dB,na,na,,,,
2025-07-30 21:14:52.326720,PHY,0x4601,2,,na,"[0,",,,11111,,+31.9dB,16.6us,"[0,",1,735.17,normal,0,valid,-12.1dB,-12.1dB,0.17us,+24.1Hz,,"[6,",,1
2025-07-30 21:14:52.327645,PHY,0x4601,1,0,na,"[0,",0,0,1,1206.6,+16.6dB,16.0us,"[0,",1,735.18,normal,0,valid,-15.0dB,-15.1dB,na,na,,,,
2025-07-30 21:14:52.328113,PHY,0x4601,1,0,na,"[0,",0,0,1,1120.2,+16.2dB,15.2us,"[0,",1,735.19,normal,0,valid,-15.0dB,-15.1dB,na,na,,,,
2025-07-30 21:14:52.332221,CSI,0x4601,2,,na,"[0,",,,1,,+30.1dB,15.1us,"[0,",1,736.8,normal,0,valid,-12.1dB,-12.1dB,0.20us,+162.8Hz,,"[6,",1101,1
2025-07-30 21:14:52.333083,PHY,0x4601,1,0,na,"[0,",0,0,1,1492.5,+17.5dB,16.5us,"[0,",1,736.9,normal,0,valid,-15.0dB,-15.1dB,na,na,,,,
2025-07-30 21:14:52.336735,PHY,0x4601,2,,na,"[0,",,,11111,,+31.6dB,14.1us,"[0,",1,736.17,normal,0,valid,-12.1dB,-12.1dB,0.20us,+71.8Hz,,"[6,",,1
2025-07-30 21:14:52.337569,PHY,0x4601,1,0,na,"[0,",0,0,1,1493.9,+17.5dB,15.7us,"[0,",1,736.18,normal,0,valid,-15.0dB,-15.1dB,na,na,,,,
2025-07-30 21:14:52.338157,PHY,0x4601,1,0,na,"[0,",0,0,1,1459.6,+17.4dB,14.0us,"[0,",1,736.19,normal,0,valid,-15.0dB,-15.1dB,na,na,,,,
2025-07-30 21:14:52.342648,PHY,0x4601,1,0,na,"[0,",0,0,1,1675.3,+18.0dB,17.1us,"[0,",1,737.8,normal,0,valid,-15.1dB,-15.2dB,na,na,,,,
2025-07-30 21:14:52.343111,PHY,0x4601,1,0,na,"[0,",0,0,1,1500.3,+17.5dB,15.0us,"[0,",1,737.9,normal,0,valid,-15.1dB,-15.1dB,na,na,,,,
2025-07-30 21:14:52.346662,PHY,0x4601,2,,na,"[0,",,,11111,,+30.0dB,15.1us,"[0,",1,737.17,normal,0,valid,-12.0dB,-12.1dB,0.17us,-9.8Hz,,"[6,",,1
2025-07-30 21:14:52.347607,PHY,0x4601,1,0,na,"[0,",0,0,1,1137.1,+16.3dB,16.1us,"[0,",1,737.18,normal,0,valid,-15.0dB,-15.1dB,na,na,,,,
2025-07-30 21:14:52.348077,PHY,0x4601,1,0,na,"[0,",0,0,1,1056.9,+16.0dB,15.3us,"[0,",1,737.19,normal,0,valid,-15.0dB,-15.1dB,na,na,,,,
2025-07-30 21:14:52.352214,CSI,0x4601,2,,na,"[0,",,,1,,+30.0dB,14.4us,"[0,",1,738.8,normal,0,valid,-11.9dB,-12.0dB,0.20us,+91.9Hz,,"[6,",1101,1
2025-07-30 21:14:52.353152,PHY,0x4601,1,0,na,"[0,",0,0,1,1110.4,+16.2dB,15.4us,"[0,",1,738.9,normal,0,valid,-15.1dB,-15.2dB,na,na,,,,
2025-07-30 21:14:52.356706,PHY,0x4601,2,,na,"[0,",,,11111,,+32.0dB,14.5us,"[0,",1,738.17,normal,0,valid,-12.1dB,-12.1dB,0.20us,-111.7Hz,,"[6,",,1
2025-07-30 21:14:52.357635,PHY,0x4601,1,0,na,"[0,",0,0,1,1456.3,+17.3dB,16.8us,"[0,",1,738.18,normal,0,valid,-15.0dB,-15.1dB,na,na,,,,
2025-07-30 21:14:52.358110,PHY,0x4601,1,0,na,"[0,",0,0,1,1513.8,+17.6dB,14.4us,"[0,",1,738.19,normal,0,valid,-15.0dB,-15.1dB,na,na,,,,
2025-07-30 21:14:52.362596,PHY,0x4601,1,0,na,"[0,",0,0,1,1490.8,+17.5dB,15.8us,"[0,",1,739.8,normal,0,valid,-15.1dB,-15.1dB,na,na,,,,
2025-07-30 21:14:52.363069,PHY,0x4601,1,0,na,"[0,",0,0,1,1492.2,+17.5dB,15.1us,"[0,",1,739.9,normal,0,valid,-15.1dB,-15.1dB,na,na,,,,
2025-07-30 21:14:52.366719,PHY,0x4601,2,,na,"[0,",,,11111,,+33.8dB,14.4us,"[0,",1,739.17,normal,0,valid,-11.9dB,-12.0dB,0.17us,+197.5Hz,,"[6,",,1
2025-07-30 21:14:52.367665,PHY,0x4601,1,0,na,"[0,",0,0,1,1491.2,+17.5dB,15.6us,"[0,",1,739.18,normal,0,valid,-15.0dB,-15.1dB,na,na,,,,
2025-07-30 21:14:52.368136,PHY,0x4601,1,0,na,"[0,",0,0,1,1542.1,+17.6dB,14.2us,"[0,",1,739.19,normal,0,valid,-15.0dB,-15.1dB,na,na,,,,
2025-07-30 21:14:52.372236,CSI,0x4601,2,,na,"[0,",,,1,,+31.4dB,14.6us,"[0,",1,740.8,normal,0,valid,-12.1dB,-12.1dB,0.20us,+14.0Hz,,"[6,",1101,1
2025-07-30 21:14:52.373103,PHY,0x4601,1,0,na,"[0,",0,0,1,1122.6,+16.2dB,15.3us,"[0,",1,740.9,normal,0,valid,-15.1dB,-15.2dB,na,na,,,,
2025-07-30 21:14:52.376645,PHY,0x4601,2,,na,"[0,",,,11111,,+29.2dB,13.1us,"[0,",1,740.17,normal,0,valid,-12.0dB,-12.0dB,0.21us,+12.6Hz,,"[6,",,1
2025-07-30 21:14:52.377589,PHY,0x4601,1,0,na,"[0,",0,0,1,1127.3,+16.3dB,15.7us,"[0,",1,740.18,normal,0,valid,-15.0dB,-15.2dB,na,na,,,,
2025-07-30 21:14:52.378065,PHY,0x4601,1,0,na,"[0,",0,0,1,1095.0,+16.1dB,14.2us,"[0,",1,740.19,normal,0,valid,-15.0dB,-15.1dB,na,na,,,,
2025-07-30 21:14:52.382669,PHY,0x4601,1,0,na,"[0,",0,0,1,1447.9,+17.3dB,16.6us,"[0,",1,741.8,normal,0,valid,-15.1dB,-15.2dB,na,na,,,,
2025-07-30 21:14:52.383133,PHY,0x4601,1,0,na,"[0,",0,0,1,1727.2,+18.1dB,13.3us,"[0,",1,741.9,normal,0,valid,-15.1dB,-15.2dB,na,na,,,,
2025-07-30 21:14:52.386694,PHY,0x4601,2,,na,"[0,",,,11111,,+28.8dB,16.7us,"[0,",1,741.17,normal,0,valid,-12.0dB,-12.1dB,0.17us,+4.2Hz,,"[6,",,1
2025-07-30 21:14:52.387615,PHY,0x4601,1,0,na,"[0,",0,0,1,1397.4,+17.2dB,15.3us,"[0,",1,741.18,normal,0,valid,-15.0dB,-15.1dB,na,na,,,,
2025-07-30 21:14:52.388096,PHY,0x4601,1,0,na,"[0,",0,0,1,1362.8,+17.1dB,14.9us,"[0,",1,741.19,normal,0,valid,-15.0dB,-15.1dB,na,na,,,,
2025-07-30 21:14:52.392224,CSI,0x4601,2,,na,"[0,",,,1,,+34.1dB,14.5us,"[0,",1,742.8,normal,0,valid,-12.0dB,-12.1dB,0.19us,-2.4Hz,,"[6,",1101,1
2025-07-30 21:14:52.393164,PHY,0x4601,1,0,na,"[0,",0,0,1,1452.0,+17.4dB,15.5us,"[0,",1,742.9,normal,0,valid,-15.0dB,-15.1dB,na,na,,,,
2025-07-30 21:14:52.396713,PHY,0x4601,2,,na,"[0,",,,11111,,+31.8dB,13.9us,"[0,",1,742.17,normal,0,valid,-12.2dB,-12.2dB,0.21us,-64.7Hz,,"[6,",,1
2025-07-30 21:14:52.397653,PHY,0x4601,1,0,na,"[0,",0,0,1,1113.0,+16.2dB,15.6us,"[0,",1,742.18,normal,0,valid,-15.0dB,-15.1dB,na,na,,,,
2025-07-30 21:14:52.398128,PHY,0x4601,1,0,na,"[0,",0,0,1,1178.6,+16.5dB,14.4us,"[0,",1,742.19,normal,0,valid,-15.0dB,-15.1dB,na,na,,,,
2025-07-30 21:14:52.402633,PHY,0x4601,1,0,na,"[0,",0,0,1,1517.8,+17.6dB,25.0us,"[0,",1,743.8,normal,0,valid,-15.1dB,-15.2dB,na,na,,,,
2025-07-30 21:14:52.403089,PHY,0x4601,1,0,na,"[0,",0,0,1,1522.6,+17.6dB,14.2us,"[0,",1,743.9,normal,0,valid,-15.1dB,-15.2dB,na,na,,,,
2025-07-30 21:14:52.406734,PHY,0x4601,2,,na,"[0,",,,11111,,+34.3dB,14.3us,"[0,",1,743.17,normal,0,valid,-12.0dB,-12.1dB,0.16us,-43.4Hz,,"[6,",,1
2025-07-30 21:14:52.407584,PHY,0x4601,1,0,na,"[0,",0,0,1,1453.4,+17.4dB,15.2us,"[0,",1,743.18,normal,0,valid,-15.1dB,-15.1dB,na,na,,,,
2025-07-30 21:14:52.408163,PHY,0x4601,1,0,na,"[0,",0,0,1,1459.3,+17.4dB,21.2us,"[0,",1,743.19,normal,0,valid,-15.0dB,-15.1dB,na,na,,,,
2025-07-30 21:14:52.412189,CSI,0x4601,2,,na,"[0,",,,1,,+31.6dB,15.3us,"[0,",1,744.8,normal,0,valid,-12.0dB,-12.0dB,0.17us,+30.1Hz,,"[6,",1101,1
2025-07-30 21:14:52.413115,PHY,0x4601,1,0,na,"[0,",0,0,1,1109.7,+16.2dB,15.7us,"[0,",1,744.9,normal,0,valid,-15.1dB,-15.2dB,na,na,,,,
2025-07-30 21:14:52.416669,PHY,0x4601,2,,na,"[0,",,,11111,,+30.9dB,20.4us,"[0,",1,744.17,normal,0,valid,-12.0dB,-12.1dB,0.20us,-75.7Hz,,"[6,",,1
2025-07-30 21:14:52.417615,PHY,0x4601,1,0,na,"[0,",0,0,1,1158.8,+16.4dB,23.3us,"[0,",1,744.18,normal,0,valid,-15.0dB,-15.1dB,na,na,,,,
2025-07-30 21:14:52.418080,PHY,0x4601,1,0,na,"[0,",0,0,1,1125.8,+16.3dB,14.3us,"[0,",1,744.19,normal,0,valid,-15.0dB,-15.1dB,na,na,,,,
2025-07-30 21:14:52.422573,PHY,0x4601,1,0,na,"[0,",0,0,1,1435.4,+17.3dB,15.8us,"[0,",1,745.8,normal,0,valid,-15.1dB,-15.1dB,na,na,,,,
2025-07-30 21:14:52.423153,PHY,0x4601,1,0,na,"[0,",0,0,1,1394.5,+17.2dB,14.3us,"[0,",1,745.9,normal,0,valid,-15.1dB,-15.1dB,na,na,,,,
2025-07-30 21:14:52.426705,PHY,0x4601,2,,na,"[0,",,,11111,,+33.3dB,14.6us,"[0,",1,745.17,normal,0,valid,-12.1dB,-12.1dB,0.18us,+125.4Hz,,"[6,",,1
2025-07-30 21:14:52.427638,PHY,0x4601,1,0,na,"[0,",0,0,1,1065.7,+16.1dB,16.3us,"[0,",1,745.18,normal,0,valid,-15.0dB,-15.1dB,na,na,,,,
2025-07-30 21:14:52.428110,PHY,0x4601,1,0,na,"[0,",0,0,1,1121.1,+16.2dB,13.8us,"[0,",1,745.19,normal,0,valid,-15.0dB,-15.1dB,na,na,,,,
2025-07-30 21:14:52.432246,CSI,0x4601,2,,na,"[0,",,,1,,+34.1dB,13.5us,"[0,",1,746.8,normal,0,valid,-12.1dB,-12.1dB,0.21us,+9.1Hz,,"[6,",1101,1
2025-07-30 21:14:52.433083,PHY,0x4601,1,0,na,"[0,",0,0,1,1132.9,+16.3dB,16.0us,"[0,",1,746.9,normal,0,valid,-15.0dB,-15.1dB,na,na,,,,
2025-07-30 21:14:52.436756,PHY,0x4601,2,,na,"[0,",,,11111,,+34.2dB,22.4us,"[0,",1,746.17,normal,0,valid,-12.1dB,-12.1dB,0.20us,+78.3Hz,,"[6,",,1
2025-07-30 21:14:52.437567,PHY,0x4601,1,0,na,"[0,",0,0,1,1095.0,+16.1dB,16.7us,"[0,",1,746.18,normal,0,valid,-15.0dB,-15.2dB,na,na,,,,
2025-07-30 21:14:52.438144,PHY,0x4601,1,0,na,"[0,",0,0,1,1151.4,+16.4dB,14.1us,"[0,",1,746.19,normal,0,valid,-15.0dB,-15.1dB,na,na,,,,
2025-07-30 21:14:52.442638,PHY,0x4601,1,0,na,"[0,",0,0,1,1530.4,+17.6dB,15.9us,"[0,",1,747.8,normal,0,valid,-15.1dB,-15.1dB,na,na,,,,
2025-07-30 21:14:52.443106,PHY,0x4601,1,0,na,"[0,",0,0,1,1410.0,+17.2dB,15.2us,"[0,",1,747.9,normal,0,valid,-15.1dB,-15.2dB,na,na,,,,
2025-07-30 21:14:52.446650,PHY,0x4601,2,,na,"[0,",,,11111,,+31.5dB,13.8us,"[0,",1,747.17,normal,0,valid,-12.1dB,-12.1dB,0.19us,+94.9Hz,,"[6,",,1
2025-07-30 21:14:52.447598,PHY,0x4601,1,0,na,"[0,",0,0,1,1429.1,+17.3dB,15.6us,"[0,",1,747.18,normal,0,valid,-15.1dB,-15.1dB,na,na,,,,
2025-07-30 21:14:52.448072,PHY,0x4601,1,0,na,"[0,",0,0,1,1499.4,+17.5dB,13.5us,"[0,",1,747.19,normal,0,valid,-15.0dB,-15.1dB,na,na,,,,
2025-07-30 21:14:52.452205,CSI,0x4601,2,,na,"[0,",,,1,,+35.1dB,14.1us,"[0,",1,748.8,normal,0,valid,-11.9dB,-12.0dB,0.19us,+95.7Hz,,"[6,",1101,1
2025-07-30 21:14:52.453142,PHY,0x4601,1,0,na,"[0,",0,0,1,1043.6,+15.9dB,16.3us,"[0,",1,748.9,normal,0,valid,-15.0dB,-15.1dB,na,na,,,,
2025-07-30 21:14:52.456714,PHY,0x4601,2,,na,"[0,",,,11111,,+27.4dB,15.5us,"[0,",1,748.17,normal,0,valid,-12.0dB,-12.0dB,0.18us,-33.5Hz,,"[6,",,1
2025-07-30 21:14:52.457627,PHY,0x4601,1,0,na,"[0,",0,0,1,1108.7,+16.2dB,16.8us,"[0,",1,748.18,normal,0,valid,-15.0dB,-15.1dB,na,na,,,,
2025-07-30 21:14:52.458115,PHY,0x4601,1,0,na,"[0,",0,0,1,1047.2,+15.9dB,23.2us,"[0,",1,748.19,normal,0,valid,-15.0dB,-15.1dB,na,na,,,,
2025-07-30 21:14:52.462595,PHY,0x4601,1,0,na,"[0,",0,0,1,1522.3,+17.6dB,16.5us,"[0,",1,749.8,normal,0,valid,-15.1dB,-15.2dB,na,na,,,,
2025-07-30 21:14:52.463061,PHY,0x4601,1,0,na,"[0,",0,0,1,1497.4,+17.5dB,14.3us,"[0,",1,749.9,normal,0,valid,-15.0dB,-15.1dB,na,na,,,,
2025-07-30 21:14:52.466745,PHY,0x4601,2,,na,"[0,",,,11111,,+30.9dB,14.5us,"[0,",1,749.17,normal,0,valid,-12.1dB,-12.1dB,0.18us,-60.6Hz,,"[6,",,1
2025-07-30 21:14:52.467658,PHY,0x4601,1,0,na,"[0,",0,0,1,1393.8,+17.2dB,15.9us,"[0,",1,749.18,normal,0,valid,-15.0dB,-15.1dB,na,na,,,,
2025-07-30 21:14:52.468131,PHY,0x4601,1,0,na,"[0,",0,0,1,1666.3,+18.0dB,13.9us,"[0,",1,749.19,normal,0,valid,-15.0dB,-15.1dB,na,na,,,,
2025-07-30 21:14:52.472229,CSI,0x4601,2,,na,"[0,",,,1,,+33.4dB,14.7us,"[0,",1,750.8,normal,0,valid,-12.0dB,-12.0dB,0.17us,+41.4Hz,,"[6,",1101,1
2025-07-30 21:14:52.473101,PHY,0x4601,1,0,na,"[0,",0,0,1,1167.5,+16.4dB,21.9us,"[0,",1,750.9,normal,0,valid,-15.0dB,-15.1dB,na,na,,,,
2025-07-30 21:14:52.476638,PHY,0x4601,2,,na,"[0,",,,11111,,+28.3dB,13.6us,"[0,",1,750.17,normal,0,valid,-12.0dB,-12.0dB,0.19us,+29.3Hz,,"[6,",,1
2025-07-30 21:14:52.477582,PHY,0x4601,1,0,na,"[0,",0,0,1,1111.7,+16.2dB,16.6us,"[0,",1,750.18,normal,0,valid,-15.0dB,-15.1dB,na,na,,,,
2025-07-30 21:14:52.478163,PHY,0x4601,1,0,na,"[0,",0,0,1,1075.1,+16.0dB,15.3us,"[0,",1,750.19,normal,0,valid,-15.0dB,-15.1dB,na,na,,,,
2025-07-30 21:14:52.482659,PHY,0x4601,1,0,na,"[0,",0,0,1,1496.1,+17.5dB,17.2us,"[0,",1,751.8,normal,0,valid,-15.1dB,-15.2dB,na,na,,,,
2025-07-30 21:14:52.483125,PHY,0x4601,1,0,na,"[0,",0,0,1,1535.2,+17.6dB,14.1us,"[0,",1,751.9,normal,0,valid,-15.1dB,-15.2dB,na,na,,,,
2025-07-30 21:14:52.486671,PHY,0x4601,2,,na,"[0,",,,11111,,+32.7dB,14.7us,"[0,",1,751.17,normal,0,valid,-12.1dB,-12.1dB,0.21us,-33.6Hz,,"[6,",,1
2025-07-30 21:14:52.487617,PHY,0x4601,1,0,na,"[0,",0,0,1,1541.2,+17.6dB,16.0us,"[0,",1,751.18,normal,0,valid,-15.0dB,-15.1dB,na,na,,,,
2025-07-30 21:14:52.488090,PHY,0x4601,1,0,na,"[0,",0,0,1,1482.3,+17.5dB,14.5us,"[0,",1,751.19,normal,0,valid,-15.0dB,-15.1dB,na,na,,,,
2025-07-30 21:14:52.492236,CSI,0x4601,2,,na,"[0,",,,1,,+32.3dB,27.7us,"[0,",1,752.8,normal,0,valid,-12.1dB,-12.1dB,0.20us,-11.9Hz,,"[6,",1101,1
2025-07-30 21:14:52.493160,PHY,0x4601,1,0,na,"[0,",0,0,1,1216.3,+16.6dB,16.2us,"[0,",1,752.9,normal,0,valid,-15.0dB,-15.1dB,na,na,,,,
2025-07-30 21:14:52.496730,PHY,0x4601,2,,na,"[0,",,,11111,,+27.6dB,13.8us,"[0,",1,752.17,normal,0,valid,-12.1dB,-12.2dB,0.18us,+111.0Hz,,"[6,",,1
2025-07-30 21:14:52.497647,PHY,0x4601,1,0,na,"[0,",0,0,1,1033.1,+15.9dB,16.7us,"[0,",1,752.18,normal,0,valid,-15.1dB,-15.2dB,na,na,,,,
2025-07-30 21:14:52.498125,PHY,0x4601,1,0,na,"[0,",0,0,1,1167.6,+16.4dB,15.9us,"[0,",1,752.19,normal,0,valid,-15.1dB,-15.1dB,na,na,,,,
2025-07-30 21:14:52.502638,PHY,0x4601,1,0,na,"[0,",0,0,1,1509.0,+17.5dB,21.1us,"[0,",1,753.8,normal,0,valid,-15.1dB,-15.2dB,na,na,,,,
2025-07-30 21:14:52.503082,PHY,0x4601,1,0,na,"[0,",0,0,1,1490.9,+17.5dB,13.7us,"[0,",1,753.9,normal,0,valid,-15.1dB,-15.2dB,na,na,,,,
2025-07-30 21:14:52.506735,PHY,0x4601,2,,na,"[0,",,,11111,,+29.5dB,14.6us,"[0,",1,753.17,normal,0,valid,-12.1dB,-12.1dB,0.20us,+66.9Hz,,"[6,",,1
2025-07-30 21:14:52.507573,PHY,0x4601,1,0,na,"[0,",0,0,1,1442.3,+17.3dB,16.6us,"[0,",1,753.18,normal,0,valid,-15.0dB,-15.1dB,na,na,,,,
2025-07-30 21:14:52.508152,PHY,0x4601,1,0,na,"[0,",0,0,1,1474.9,+17.4dB,14.1us,"[0,",1,753.19,normal,0,valid,-15.0dB,-15.1dB,na,na,,,,
2025-07-30 21:14:52.512247,CSI,0x4601,2,,na,"[0,",,,1,,+32.6dB,14.0us,"[0,",1,754.8,normal,0,valid,-12.1dB,-12.1dB,0.22us,+106.8Hz,,"[6,",1101,1
2025-07-30 21:14:52.513115,PHY,0x4601,1,0,na,"[0,",0,0,1,1194.9,+16.5dB,15.9us,"[0,",1,754.9,normal,0,valid,-15.0dB,-15.1dB,na,na,,,,
2025-07-30 21:14:52.516674,PHY,0x4601,2,,na,"[0,",,,11111,,+30.0dB,21.7us,"[0,",1,754.17,normal,0,valid,-12.1dB,-12.2dB,0.17us,+50.7Hz,,"[6,",,1
2025-07-30 21:14:52.517606,PHY,0x4601,1,0,na,"[0,",0,0,1,1516.3,+17.5dB,15.9us,"[0,",1,754.18,normal,0,valid,-15.0dB,-15.1dB,na,na,,,,
2025-07-30 21:14:52.518077,PHY,0x4601,1,0,na,"[0,",0,0,1,1476.1,+17.4dB,13.8us,"[0,",1,754.19,normal,0,valid,-15.0dB,-15.1dB,na,na,,,,
2025-07-30 21:14:52.522787,PHY,0x4601,1,0,na,"[0,",0,0,1,1565.7,+17.7dB,20.5us,"[0,",1,755.8,normal,0,valid,-15.1dB,-15.2dB,na,na,,,,
2025-07-30 21:14:52.523137,PHY,0x4601,1,0,na,"[0,",0,0,1,1456.4,+17.4dB,15.1us,"[0,",1,755.9,normal,0,valid,-15.0dB,-15.1dB,na,na,,,,
2025-07-30 21:14:52.526705,PHY,0x4601,2,,na,"[0,",,,11111,,+28.9dB,14.0us,"[0,",1,755.17,normal,0,valid,-11.9dB,-12.0dB,0.18us,+7.1Hz,,"[6,",,1
2025-07-30 21:14:52.527628,PHY,0x4601,1,0,na,"[0,",0,0,1,1551.4,+17.6dB,15.5us,"[0,",1,755.18,normal,0,valid,-15.0dB,-15.1dB,na,na,,,,
2025-07-30 21:14:52.528104,PHY,0x4601,1,0,na,"[0,",0,0,1,1405.0,+17.2dB,19.7us,"[0,",1,755.19,normal,0,valid,-15.1dB,-15.1dB,na,na,,,,
2025-07-30 21:14:52.532241,CSI,0x4601,2,,na,"[0,",,,1,,+30.1dB,13.4us,"[0,",1,756.8,normal,0,valid,-12.0dB,-12.0dB,0.21us,-30.9Hz,,"[6,",1101,1
2025-07-30 21:14:52.533072,PHY,0x4601,1,0,na,"[0,",0,0,1,1066.0,+16.0dB,22.5us,"[0,",1,756.9,normal,0,valid,-15.1dB,-15.1dB,na,na,,,,
2025-07-30 21:14:52.536754,PHY,0x4601,2,,na,"[0,",,,11111,,+30.7dB,14.1us,"[0,",1,756.17,normal,0,valid,-12.0dB,-12.1dB,0.18us,+5.7Hz,,"[6,",,1
2025-07-30 21:14:52.537662,PHY,0x4601,1,0,na,"[0,",0,0,1,1557.0,+17.7dB,15.8us,"[0,",1,756.18,normal,0,valid,-15.0dB,-15.1dB,na,na,,,,
2025-07-30 21:14:52.538139,PHY,0x4601,1,0,na,"[0,",0,0,1,1401.2,+17.2dB,15.6us,"[0,",1,756.19,normal,0,valid,-15.0dB,-15.1dB,na,na,,,,
2025-07-30 21:14:52.542622,PHY,0x4601,1,0,na,"[0,",0,0,1,1478.0,+17.4dB,16.3us,"[0,",1,757.8,normal,0,valid,-15.0dB,-15.1dB,na,na,,,,
2025-07-30 21:14:52.543095,PHY,0x4601,1,0,na,"[0,",0,0,1,1549.7,+17.7dB,16.5us,"[0,",1,757.9,normal,0,valid,-15.1dB,-15.1dB,na,na,,,,
2025-07-30 21:14:52.546635,PHY,0x4601,2,,na,"[0,",,,11111,,+34.0dB,14.2us,"[0,",1,757.17,normal,0,valid,-12.1dB,-12.1dB,0.18us,+31.1Hz,,"[6,",,1
2025-07-30 21:14:52.547581,PHY,0x4601,1,0,na,"[0,",0,0,1,1126.8,+16.3dB,15.7us,"[0,",1,757.18,normal,0,valid,-15.0dB,-15.1dB,na,na,,,,
2025-07-30 21:14:52.548058,PHY,0x4601,1,0,na,"[0,",0,0,1,1104.1,+16.2dB,14.8us,"[0,",1,757.19,normal,0,valid,-15.1dB,-15.2dB,na,na,,,,
2025-07-30 21:14:52.552207,CSI,0x4601,2,,na,"[0,",,,1,,+31.9dB,20.2us,"[0,",1,758.8,normal,0,valid,-12.1dB,-12.1dB,0.19us,-1.2Hz,,"[6,",1101,1
2025-07-30 21:14:52.553130,PHY,0x4601,1,0,na,"[0,",0,0,1,1051.2,+16.0dB,17.3us,"[0,",1,758.9,normal,0,valid,-15.0dB,-15.1dB,na,na,,,,
2025-07-30 21:14:52.556679,PHY,0x4601,2,,na,"[0,",,,11111,,+35.3dB,19.0us,"[0,",1,758.17,normal,0,valid,-12.0dB,-12.1dB,0.19us,+84.2Hz,,"[6,",,1
2025-07-30 21:14:52.557621,PHY,0x4601,1,0,na,"[0,",0,0,1,1440.3,+17.3dB,20.4us,"[0,",1,758.18,normal,0,valid,-15.0dB,-15.1dB,na,na,,,,
2025-07-30 21:14:52.558098,PHY,0x4601,1,0,na,"[0,",0,0,1,1440.9,+17.3dB,17.0us,"[0,",1,758.19,normal,0,valid,-15.0dB,-15.1dB,na,na,,,,
2025-07-30 21:14:52.562579,PHY,0x4601,1,0,na,"[0,",0,0,1,1529.6,+17.6dB,16.8us,"[0,",1,759.8,normal,0,valid,-15.1dB,-15.1dB,na,na,,,,
2025-07-30 21:14:52.563159,PHY,0x4601,1,0,na,"[0,",0,0,1,1567.7,+17.7dB,14.6us,"[0,",1,759.9,normal,0,valid,-15.1dB,-15.2dB,na,na,,,,
2025-07-30 21:14:52.566718,PHY,0x4601,2,,na,"[0,",,,11111,,+34.2dB,15.0us,"[0,",1,759.17,normal,0,valid,-12.0dB,-12.0dB,0.16us,-5.8Hz,,"[6,",,1
2025-07-30 21:14:52.567646,PHY,0x4601,1,0,na,"[0,",0,0,1,1140.6,+16.3dB,15.5us,"[0,",1,759.18,normal,0,valid,-15.0dB,-15.1dB,na,na,,,,
2025-07-30 21:14:52.568127,PHY,0x4601,1,0,na,"[0,",0,0,1,1073.6,+16.0dB,15.1us,"[0,",1,759.19,normal,0,valid,-15.0dB,-15.2dB,na,na,,,,
2025-07-30 21:14:52.572221,CSI,0x4601,2,,na,"[0,",,,1,,+30.8dB,14.2us,"[0,",1,760.8,normal,0,valid,-12.0dB,-12.0dB,0.18us,+26.7Hz,,"[6,",1101,1
2025-07-30 21:14:52.573086,PHY,0x4601,1,0,na,"[0,",0,0,1,1166.1,+16.4dB,17.1us,"[0,",1,760.9,normal,0,valid,-15.0dB,-15.1dB,na,na,,,,
2025-07-30 21:14:52.576749,PHY,0x4601,2,,na,"[0,",,,11111,,+30.5dB,15.2us,"[0,",1,760.17,normal,0,valid,-12.2dB,-12.2dB,0.21us,+23.9Hz,,"[6,",,1
2025-07-30 21:14:52.577569,PHY,0x4601,1,0,na,"[0,",0,0,1,1490.4,+17.5dB,15.7us,"[0,",1,760.18,normal,0,valid,-15.1dB,-15.2dB,na,na,,,,
2025-07-30 21:14:52.578156,PHY,0x4601,1,0,na,"[0,",0,0,1,1396.4,+17.2dB,14.5us,"[0,",1,760.19,normal,0,valid,-15.1dB,-15.1dB,na,na,,,,
2025-07-30 21:14:52.582646,PHY,0x4601,1,0,na,"[0,",0,0,1,1499.4,+17.5dB,21.6us,"[0,",1,761.8,normal,0,valid,-15.1dB,-15.2dB,na,na,,,,
2025-07-30 21:14:52.583112,PHY,0x4601,1,0,na,"[0,",0,0,1,1536.6,+17.6dB,15.9us,"[0,",1,761.9,normal,0,valid,-15.1dB,-15.2dB,na,na,,,,
2025-07-30 21:14:52.586660,PHY,0x4601,2,,na,"[0,",,,11111,,+34.6dB,14.6us,"[0,",1,761.17,normal,0,valid,-12.1dB,-12.1dB,0.19us,-88.7Hz,,"[6,",,1
2025-07-30 21:14:52.587598,PHY,0x4601,1,0,na,"[0,",0,0,1,1451.8,+17.3dB,15.3us,"[0,",1,761.18,normal,0,valid,-15.1dB,-15.2dB,na,na,,,,
2025-07-30 21:14:52.588083,PHY,0x4601,1,0,na,"[0,",0,0,1,1422.2,+17.3dB,16.1us,"[0,",1,761.19,normal,0,valid,-15.1dB,-15.1dB,na,na,,,,
2025-07-30 21:14:52.592209,CSI,0x4601,2,,na,"[0,",,,1,,+36.0dB,15.6us,"[0,",1,762.8,normal,0,valid,-12.1dB,-12.1dB,0.18us,-7.1Hz,,"[6,",1101,1
2025-07-30 21:14:52.593156,PHY,0x4601,1,0,na,"[0,",0,0,1,1512.9,+17.5dB,17.6us,"[0,",1,762.9,normal,0,valid,-15.1dB,-15.1dB,na,na,,,,
2025-07-30 21:14:52.596700,PHY,0x4601,2,,na,"[0,",,,11111,,+30.9dB,15.9us,"[0,",1,762.17,normal,0,valid,-12.0dB,-12.0dB,0.17us,+19.7Hz,,"[6,",,1
2025-07-30 21:14:52.597632,PHY,0x4601,1,0,na,"[0,",0,0,1,1473.7,+17.4dB,18.1us,"[0,",1,762.18,normal,0,valid,-15.0dB,-15.1dB,na,na,,,,
2025-07-30 21:14:52.598105,PHY,0x4601,1,0,na,"[0,",0,0,1,1479.7,+17.4dB,14.4us,"[0,",1,762.19,normal,0,valid,-15.1dB,-15.2dB,na,na,,,,
2025-07-30 21:14:52.602623,PHY,0x4601,1,0,na,"[0,",0,0,1,1637.0,+17.8dB,30.0us,"[0,",1,763.8,normal,0,valid,-15.1dB,-15.2dB,na,na,,,,
2025-07-30 21:14:52.603067,PHY,0x4601,1,0,na,"[0,",0,0,1,1423.6,+17.3dB,14.8us,"[0,",1,763.9,normal,0,valid,-15.1dB,-15.2dB,na,na,,,,
2025-07-30 21:14:52.606732,PHY,0x4601,2,,na,"[0,",,,11111,,+29.6dB,16.6us,"[0,",1,763.17,normal,0,valid,-12.1dB,-12.1dB,0.19us,+52.6Hz,,"[6,",,1
2025-07-30 21:14:52.607558,PHY,0x4601,1,0,na,"[0,",0,0,1,1164.2,+16.4dB,16.2us,"[0,",1,763.18,normal,0,valid,-15.0dB,-15.1dB,na,na,,,,
2025-07-30 21:14:52.608141,PHY,0x4601,1,0,na,"[0,",0,0,1,1071.1,+16.0dB,14.0us,"[0,",1,763.19,normal,0,valid,-15.0dB,-15.1dB,na,na,,,,
2025-07-30 21:14:52.612241,CSI,0x4601,2,,na,"[0,",,,1,,+28.2dB,14.5us,"[0,",1,764.8,normal,0,valid,-12.1dB,-12.1dB,0.20us,+64.5Hz,,"[6,",1101,1
2025-07-30 21:14:52.613102,PHY,0x4601,1,0,na,"[0,",0,0,1,1532.0,+17.6dB,16.1us,"[0,",1,764.9,normal,0,valid,-15.1dB,-15.2dB,na,na,,,,
2025-07-30 21:14:52.616650,PHY,0x4601,2,,na,"[0,",,,11111,,+31.1dB,13.3us,"[0,",1,764.17,normal,0,valid,-12.1dB,-12.2dB,0.19us,+28.3Hz,,"[6,",,1
2025-07-30 21:14:52.617601,PHY,0x4601,1,0,na,"[0,",0,0,1,1137.9,+16.3dB,15.6us,"[0,",1,764.18,normal,0,valid,-15.0dB,-15.1dB,na,na,,,,
2025-07-30 21:14:52.618072,PHY,0x4601,1,0,na,"[0,",0,0,1,1093.7,+16.1dB,15.1us,"[0,",1,764.19,normal,0,valid,-15.0dB,-15.2dB,na,na,,,,
2025-07-30 21:14:52.622670,PHY,0x4601,1,0,na,"[0,",0,0,1,1549.6,+17.6dB,16.1us,"[0,",1,765.8,normal,0,valid,-15.1dB,-15.2dB,na,na,,,,
2025-07-30 21:14:52.623138,PHY,0x4601,1,0,na,"[0,",0,0,1,1385.0,+17.1dB,15.7us,"[0,",1,765.9,normal,0,valid,-15.1dB,-15.2dB,na,na,,,,
2025-07-30 21:14:52.626710,PHY,0x4601,2,,na,"[0,",,,11111,,+29.4dB,15.7us,"[0,",1,765.17,normal,0,valid,-12.1dB,-12.1dB,0.18us,+3.7Hz,,"[6,",,1
2025-07-30 21:14:52.627628,PHY,0x4601,1,0,na,"[0,",0,0,1,1060.4,+16.0dB,16.1us,"[0,",1,765.18,normal,0,valid,-15.1dB,-15.2dB,na,na,,,,
2025-07-30 21:14:52.628105,PHY,0x4601,1,0,na,"[0,",0,0,1,1059.1,+16.0dB,14.8us,"[0,",1,765.19,normal,0,valid,-15.1dB,-15.1dB,na,na,,,,
2025-07-30 21:14:52.632222,CSI,0x4601,2,,na,"[0,",,,1,,+31.3dB,12.5us,"[0,",1,766.8,normal,0,valid,-12.1dB,-12.2dB,0.19us,+168.9Hz,,"[6,",1101,1
2025-07-30 21:14:52.633072,PHY,0x4601,1,0,na,"[0,",0,0,1,1025.7,+15.8dB,15.0us,"[0,",1,766.9,normal,0,valid,-15.1dB,-15.2dB,na,na,,,,
2025-07-30 21:14:52.636719,PHY,0x4601,2,,na,"[0,",,,11111,,+33.4dB,15.9us,"[0,",1,766.17,normal,0,valid,-12.0dB,-12.0dB,0.19us,+103.0Hz,,"[6,",,1
2025-07-30 21:14:52.637661,PHY,0x4601,1,0,na,"[0,",0,0,1,1425.0,+17.3dB,17.3us,"[0,",1,766.18,normal,0,valid,-15.0dB,-15.1dB,na,na,,,,
2025-07-30 21:14:52.638134,PHY,0x4601,1,0,na,"[0,",0,0,1,1464.7,+17.4dB,14.7us,"[0,",1,766.19,normal,0,valid,-15.0dB,-15.1dB,na,na,,,,
2025-07-30 21:14:52.642630,PHY,0x4601,1,0,na,"[0,",0,0,1,1470.5,+17.4dB,16.1us,"[0,",1,767.8,normal,0,valid,-15.1dB,-15.2dB,na,na,,,,
2025-07-30 21:14:52.643102,PHY,0x4601,1,0,na,"[0,",0,0,1,1508.6,+17.6dB,15.7us,"[0,",1,767.9,normal,0,valid,-15.1dB,-15.1dB,na,na,,,,
2025-07-30 21:14:52.646637,PHY,0x4601,2,,na,"[0,",,,11111,,+28.9dB,13.8us,"[0,",1,767.17,normal,0,valid,-12.1dB,-12.1dB,0.15us,-87.1Hz,,"[6,",,1
2025-07-30 21:14:52.647581,PHY,0x4601,1,0,na,"[0,",0,0,1,1098.2,+16.2dB,16.6us,"[0,",1,767.18,normal,0,valid,-15.0dB,-15.1dB,na,na,,,,
2025-07-30 21:14:52.648173,PHY,0x4601,1,0,na,"[0,",0,0,1,1156.0,+16.4dB,15.5us,"[0,",1,767.19,normal,0,valid,-15.0dB,-15.1dB,na,na,,,,
2025-07-30 21:14:52.652184,CSI,0x4601,2,,na,"[0,",,,1,,+33.2dB,12.6us,"[0,",1,768.8,normal,0,valid,-12.1dB,-12.1dB,0.19us,-97.3Hz,,"[6,",1101,1
2025-07-30 21:14:52.653126,PHY,0x4601,1,0,na,"[0,",0,0,1,1158.4,+16.4dB,15.6us,"[0,",1,768.9,normal,0,valid,-15.1dB,-15.2dB,na,na,,,,
2025-07-30 21:14:52.656671,PHY,0x4601,2,,na,"[0,",,,11111,,+33.2dB,15.0us,"[0,",1,768.17,normal,0,valid,-12.1dB,-12.1dB,0.19us,-33.3Hz,,"[6,",,1
2025-07-30 21:14:52.657613,PHY,0x4601,1,0,na,"[0,",0,0,1,1444.6,+17.3dB,15.6us,"[0,",1,768.18,normal,0,valid,-15.0dB,-15.1dB,na,na,,,,
2025-07-30 21:14:52.658092,PHY,0x4601,1,0,na,"[0,",0,0,1,1441.3,+17.3dB,15.5us,"[0,",1,768.19,normal,0,valid,-15.1dB,-15.2dB,na,na,,,,
2025-07-30 21:14:52.662582,PHY,0x4601,1,0,na,"[0,",0,0,1,1465.3,+17.4dB,20.3us,"[0,",1,769.8,normal,0,valid,-15.1dB,-15.2dB,na,na,,,,
2025-07-30 21:14:52.663157,PHY,0x4601,1,0,na,"[0,",0,0,1,1391.7,+17.2dB,15.1us,"[0,",1,769.9,normal,0,valid,-15.1dB,-15.2dB,na,na,,,,
2025-07-30 21:14:52.666730,PHY,0x4601,2,,na,"[0,",,,11111,,+30.6dB,14.8us,"[0,",1,769.17,normal,0,valid,-12.0dB,-12.0dB,0.18us,-21.3Hz,,"[6,",,1
2025-07-30 21:14:52.667655,PHY,0x4601,1,0,na,"[0,",0,0,1,1074.5,+16.1dB,15.8us,"[0,",1,769.18,normal,0,valid,-15.0dB,-15.1dB,na,na,,,,
2025-07-30 21:14:52.668112,PHY,0x4601,1,0,na,"[0,",0,0,1,1142.0,+16.3dB,14.3us,"[0,",1,769.19,normal,0,valid,-15.0dB,-15.1dB,na,na,,,,
2025-07-30 21:14:52.672213,CSI,0x4601,2,,na,"[0,",,,1,,+29.5dB,12.1us,"[0,",1,770.8,normal,0,valid,-12.0dB,-12.1dB,0.17us,+10.9Hz,,"[6,",1101,1
2025-07-30 21:14:52.673088,PHY,0x4601,1,0,na,"[0,",0,0,1,1168.2,+16.4dB,20.1us,"[0,",1,770.9,normal,0,valid,-15.0dB,-15.1dB,na,na,,,,
2025-07-30 21:14:52.676758,PHY,0x4601,2,,na,"[0,",,,11111,,+34.1dB,17.0us,"[0,",1,770.17,normal,0,valid,-12.1dB,-12.1dB,0.18us,-81.7Hz,,"[6,",,1
2025-07-30 21:14:52.677572,PHY,0x4601,1,0,na,"[0,",0,0,1,1596.7,+17.8dB,17.4us,"[0,",1,770.18,normal,0,valid,-15.0dB,-15.1dB,na,na,,,,
2025-07-30 21:14:52.678169,PHY,0x4601,1,0,na,"[0,",0,0,1,1435.5,+17.3dB,23.2us,"[0,",1,770.19,normal,0,valid,-15.0dB,-15.1dB,na,na,,,,
2025-07-30 21:14:52.682643,PHY,0x4601,1,0,na,"[0,",0,0,1,1513.1,+17.5dB,16.0us,"[0,",1,771.8,normal,0,valid,-15.0dB,-15.1dB,na,na,,,,
2025-07-30 21:14:52.683115,PHY,0x4601,1,0,na,"[0,",0,0,1,1492.2,+17.5dB,15.1us,"[0,",1,771.9,normal,0,valid,-15.1dB,-15.1dB,na,na,,,,
2025-07-30 21:14:52.686658,PHY,0x4601,2,,na,"[0,",,,11111,,+32.3dB,13.7us,"[0,",1,771.17,normal,0,valid,-12.1dB,-12.1dB,0.18us,+83.1Hz,,"[6,",,1
2025-07-30 21:14:52.687623,PHY,0x4601,1,0,na,"[0,",0,0,1,1508.8,+17.5dB,20.8us,"[0,",1,771.18,normal,0,valid,-15.0dB,-15.1dB,na,na,,,,
2025-07-30 21:14:52.688076,PHY,0x4601,1,0,na,"[0,",0,0,1,1471.3,+17.4dB,13.8us,"[0,",1,771.19,normal,0,valid,-15.0dB,-15.1dB,na,na,,,,
2025-07-30 21:14:52.692213,CSI,0x4601,2,,na,"[0,",,,1,,+29.9dB,13.2us,"[0,",1,772.8,normal,0,valid,-11.9dB,-11.9dB,0.17us,-11.8Hz,,"[6,",1101,1
2025-07-30 21:14:52.693150,PHY,0x4601,1,0,na,"[0,",0,0,1,1061.3,+16.0dB,15.7us,"[0,",1,772.9,normal,0,valid,-15.1dB,-15.2dB,na,na,,,,
2025-07-30 21:14:52.696710,PHY,0x4601,2,,na,"[0,",,,11111,,+28.5dB,15.4us,"[0,",1,772.17,normal,0,valid,-12.0dB,-12.0dB,0.19us,-97.8Hz,,"[6,",,1
2025-07-30 21:14:52.697636,PHY,0x4601,1,0,na,"[0,",0,0,1,1085.5,+16.1dB,15.7us,"[0,",1,772.18,normal,0,valid,-15.1dB,-15.2dB,na,na,,,,
2025-07-30 21:14:52.698116,PHY,0x4601,1,0,na,"[0,",0,0,1,1159.3,+16.4dB,18.3us,"[0,",1,772.19,normal,0,valid,-15.0dB,-15.1dB,na,na,,,,
2025-07-30 21:14:52.702600,PHY,0x4601,1,0,na,"[0,",0,0,1,1396.7,+17.2dB,16.1us,"[0,",1,773.8,normal,0,valid,-15.0dB,-15.1dB,na,na,,,,
2025-07-30 21:14:52.703070,PHY,0x4601,1,0,na,"[0,",0,0,1,1425.7,+17.3dB,14.0us,"[0,",1,773.9,normal,0,valid,-15.1dB,-15.2dB,na,na,,,,
2025-07-30 21:14:52.706725,PHY,0x4601,2,,na,"[0,",,,11111,,+33.7dB,14.8us,"[0,",1,773.17,normal,0,valid,-12.1dB,-12.1dB,0.20us,+86.0Hz,,"[6,",,1
2025-07-30 21:14:52.707664,PHY,0x4601,1,0,na,"[0,",0,0,1,1091.9,+16.1dB,15.4us,"[0,",1,773.18,normal,0,valid,-15.0dB,-15.2dB,na,na,,,,
2025-07-30 21:14:52.708135,PHY,0x4601,1,0,na,"[0,",0,0,1,1096.9,+16.1dB,13.2us,"[0,",1,773.19,normal,0,valid,-15.0dB,-15.2dB,na,na,,,,
2025-07-30 21:14:52.712234,CSI,0x4601,2,,na,"[0,",,,1,,+33.0dB,14.4us,"[0,",1,774.8,normal,0,valid,-12.0dB,-12.0dB,0.20us,-75.1Hz,,"[6,",1101,1
2025-07-30 21:14:52.713105,PHY,0x4601,1,0,na,"[0,",0,0,1,1431.8,+17.3dB,17.1us,"[0,",1,774.9,normal,0,valid,-15.0dB,-15.1dB,na,na,,,,
2025-07-30 21:14:52.716658,PHY,0x4601,2,,na,"[0,",,,11111,,+33.8dB,15.4us,"[0,",1,774.17,normal,0,valid,-12.1dB,-12.2dB,0.20us,+38.8Hz,,"[6,",,1
2025-07-30 21:14:52.717587,PHY,0x4601,1,0,na,"[0,",0,0,1,1076.5,+16.0dB,15.5us,"[0,",1,774.18,normal,0,valid,-15.1dB,-15.2dB,na,na,,,,
2025-07-30 21:14:52.718070,PHY,0x4601,1,0,na,"[0,",0,0,1,1035.9,+15.9dB,18.3us,"[0,",1,774.19,normal,0,valid,-15.0dB,-15.1dB,na,na,,,,
2025-07-30 21:14:52.722721,PHY,0x4601,1,0,na,"[0,",0,0,1,1446.1,+17.3dB,17.6us,"[0,",1,775.8,normal,0,valid,-15.1dB,-15.2dB,na,na,,,,
2025-07-30 21:14:52.723131,PHY,0x4601,1,0,na,"[0,",0,0,1,1587.9,+17.8dB,14.1us,"[0,",1,775.9,normal,0,valid,-15.1dB,-15.2dB,na,na,,,,
2025-07-30 21:14:52.726688,PHY,0x4601,2,,na,"[0,",,,11111,,+32.4dB,14.5us,"[0,",1,775.17,normal,0,valid,-12.1dB,-12.1dB,0.19us,-21.7Hz,,"[6,",,1
2025-07-30 21:14:52.727617,PHY,0x4601,1,0,na,"[0,",0,0,1,1092.7,+16.1dB,16.6us,"[0,",1,775.18,normal,0,valid,-15.1dB,-15.2dB,na,na,,,,
2025-07-30 21:14:52.728097,PHY,0x4601,1,0,na,"[0,",0,0,1,1073.9,+16.1dB,14.2us,"[0,",1,775.19,normal,0,valid,-15.0dB,-15.1dB,na,na,,,,
2025-07-30 21:14:52.732225,CSI,0x4601,2,,na,"[0,",,,1,,+30.9dB,11.4us,"[0,",1,776.8,normal,0,valid,-12.0dB,-12.0dB,0.17us,-5.4Hz,,"[6,",1101,1
2025-07-30 21:14:52.733169,PHY,0x4601,1,0,na,"[0,",0,0,1,1478.4,+17.4dB,19.3us,"[0,",1,776.9,normal,0,valid,-15.1dB,-15.2dB,na,na,,,,
2025-07-30 21:14:52.736740,PHY,0x4601,2,,na,"[0,",,,11111,,+35.1dB,12.9us,"[0,",1,776.17,normal,0,valid,-12.0dB,-12.1dB,0.19us,-42.9Hz,,"[6,",,1
2025-07-30 21:14:52.737653,PHY,0x4601,1,0,na,"[0,",0,0,1,1090.9,+16.1dB,16.1us,"[0,",1,776.18,normal,0,valid,-15.1dB,-15.2dB,na,na,,,,
2025-07-30 21:14:52.738130,PHY,0x4601,1,0,na,"[0,",0,0,1,1076.9,+16.1dB,13.9us,"[0,",1,776.19,normal,0,valid,-15.0dB,-15.1dB,na,na,,,,
2025-07-30 21:14:52.742620,PHY,0x4601,1,0,na,"[0,",0,0,1,1514.3,+17.5dB,21.8us,"[0,",1,777.8,normal,0,valid,-15.1dB,-15.2dB,na,na,,,,
2025-07-30 21:14:52.743094,PHY,0x4601,1,0,na,"[0,",0,0,1,1476.4,+17.4dB,14.4us,"[0,",1,777.9,normal,0,valid,-15.1dB,-15.1dB,na,na,,,,
2025-07-30 21:14:52.746744,PHY,0x4601,2,,na,"[0,",,,11111,,+29.9dB,14.6us,"[0,",1,777.17,normal,0,valid,-12.1dB,-12.1dB,0.19us,+24.3Hz,,"[6,",,1
2025-07-30 21:14:52.747581,PHY,0x4601,1,0,na,"[0,",0,0,1,1396.9,+17.2dB,15.7us,"[0,",1,777.18,normal,0,valid,-15.0dB,-15.1dB,na,na,,,,
2025-07-30 21:14:52.748164,PHY,0x4601,1,0,na,"[0,",0,0,1,1448.1,+17.3dB,19.9us,"[0,",1,777.19,normal,0,valid,-15.1dB,-15.2dB,na,na,,,,
2025-07-30 21:14:52.752175,CSI,0x4601,2,,na,"[0,",,,1,,+34.2dB,12.4us,"[0,",1,778.8,normal,0,valid,-12.2dB,-12.2dB,0.20us,+93.9Hz,,"[6,",1101,1
2025-07-30 21:14:52.753121,PHY,0x4601,1,0,na,"[0,",0,0,1,1327.0,+17.0dB,16.1us,"[0,",1,778.9,normal,0,valid,-15.1dB,-15.2dB,na,na,,,,
2025-07-30 21:14:52.756671,PHY,0x4601,2,,na,"[0,",,,11111,,+30.2dB,20.5us,"[0,",1,778.17,normal,0,valid,-12.1dB,-12.1dB,0.17us,-19.4Hz,,"[6,",,1
2025-07-30 21:14:52.757604,PHY,0x4601,1,0,na,"[0,",0,0,1,1489.6,+17.5dB,15.3us,"[0,",1,778.18,normal,0,valid,-15.0dB,-15.1dB,na,na,,,,
2025-07-30 21:14:52.758080,PHY,0x4601,1,0,na,"[0,",0,0,1,1383.8,+17.1dB,14.1us,"[0,",1,778.19,normal,0,valid,-15.0dB,-15.1dB,na,na,,,,
2025-07-30 21:14:52.762582,PHY,0x4601,1,0,na,"[0,",0,0,1,1407.9,+17.2dB,16.4us,"[0,",1,779.8,normal,0,valid,-15.0dB,-15.1dB,na,na,,,,
2025-07-30 21:14:52.763152,PHY,0x4601,1,0,na,"[0,",0,0,1,1371.9,+17.1dB,14.1us,"[0,",1,779.9,normal,0,valid,-15.1dB,-15.2dB,na,na,,,,
2025-07-30 21:14:52.766699,PHY,0x4601,2,,na,"[0,",,,11111,,+31.8dB,15.0us,"[0,",1,779.17,normal,0,valid,-12.2dB,-12.2dB,0.18us,+33.2Hz,,"[6,",,1
2025-07-30 21:14:52.767641,PHY,0x4601,1,0,na,"[0,",0,0,1,1427.9,+17.3dB,18.4us,"[0,",1,779.18,normal,0,valid,-15.0dB,-15.1dB,na,na,,,,
2025-07-30 21:14:52.768113,PHY,0x4601,1,0,na,"[0,",0,0,1,1521.5,+17.6dB,14.3us,"[0,",1,779.19,normal,0,valid,-15.1dB,-15.2dB,na,na,,,,
2025-07-30 21:14:52.772241,CSI,0x4601,2,,na,"[0,",,,1,,+29.3dB,14.3us,"[0,",1,780.8,normal,0,valid,-12.0dB,-12.0dB,0.18us,-48.4Hz,,"[6,",1101,1
2025-07-30 21:14:52.773089,PHY,0x4601,1,0,na,"[0,",0,0,1,1442.6,+17.3dB,16.0us,"[0,",1,780.9,normal,0,valid,-15.1dB,-15.1dB,na,na,,,,
2025-07-30 21:14:52.776750,PHY,0x4601,2,,na,"[0,",,,11111,,+32.1dB,14.1us,"[0,",1,780.17,normal,0,valid,-12.1dB,-12.1dB,0.19us,-53.8Hz,,"[6,",,1
2025-07-30 21:14:52.777571,PHY,0x4601,1,0,na,"[0,",0,0,1,1437.7,+17.3dB,20.3us,"[0,",1,780.18,normal,0,valid,-15.0dB,-15.2dB,na,na,,,,
2025-07-30 21:14:52.778155,PHY,0x4601,1,0,na,"[0,",0,0,1,1407.2,+17.2dB,14.7us,"[0,",1,780.19,normal,0,valid,-15.0dB,-15.1dB,na,na,,,,
2025-07-30 21:14:52.782643,PHY,0x4601,1,0,na,"[0,",0,0,1,1511.1,+17.5dB,16.2us,"[0,",1,781.8,normal,0,valid,-15.1dB,-15.1dB,na,na,,,,
2025-07-30 21:14:52.783116,PHY,0x4601,1,0,na,"[0,",0,0,1,1465.5,+17.4dB,15.8us,"[0,",1,781.9,normal,0,valid,-15.1dB,-15.2dB,na,na,,,,
2025-07-30 21:14:52.786654,PHY,0x4601,2,,na,"[0,",,,11111,,+28.2dB,16.8us,"[0,",1,781.17,normal,0,valid,-12.1dB,-12.2dB,0.19us,+30.4Hz,,"[6,",,1
2025-07-30 21:14:52.787599,PHY,0x4601,1,0,na,"[0,",0,0,1,1137.1,+16.3dB,16.0us,"[0,",1,781.18,normal,0,valid,-15.0dB,-15.1dB,na,na,,,,
2025-07-30 21:14:52.788073,PHY,0x4601,1,0,na,"[0,",0,0,1,1062.2,+16.0dB,15.0us,"[0,",1,781.19,normal,0,valid,-15.0dB,-15.1dB,na,na,,,,
2025-07-30 21:14:52.792199,CSI,0x4601,2,,na,"[0,",,,1,,+30.2dB,15.1us,"[0,",1,782.8,normal,0,valid,-12.0dB,-12.0dB,0.19us,+129.9Hz,,"[6,",1101,1
2025-07-30 21:14:52.793148,PHY,0x4601,1,0,na,"[0,",0,0,1,1104.2,+16.2dB,16.3us,"[0,",1,782.9,normal,0,valid,-15.0dB,-15.1dB,na,na,,,,
2025-07-30 21:14:52.796726,PHY,0x4601,2,,na,"[0,",,,11111,,+30.6dB,22.1us,"[0,",1,782.17,normal,0,valid,-12.1dB,-12.1dB,0.20us,-227.7Hz,,"[6,",,1
2025-07-30 21:14:52.797629,PHY,0x4601,1,0,na,"[0,",0,0,1,1334.9,+17.0dB,16.7us,"[0,",1,782.18,normal,0,valid,-15.0dB,-15.1dB,na,na,,,,
2025-07-30 21:14:52.798110,PHY,0x4601,1,0,na,"[0,",0,0,1,1473.9,+17.4dB,15.5us,"[0,",1,782.19,normal,0,valid,-15.1dB,-15.1dB,na,na,,,,
2025-07-30 21:14:52.802594,PHY,0x4601,1,0,na,"[0,",0,0,1,1451.2,+17.4dB,16.9us,"[0,",1,783.8,normal,0,valid,-15.1dB,-15.2dB,na,na,,,,
2025-07-30 21:14:52.803067,PHY,0x4601,1,0,na,"[0,",0,0,1,1451.1,+17.3dB,15.5us,"[0,",1,783.9,normal,0,valid,-15.1dB,-15.2dB,na,na,,,,
2025-07-30 21:14:52.806734,PHY,0x4601,2,,na,"[0,",,,11111,,+33.2dB,15.0us,"[0,",1,783.17,normal,0,valid,-12.1dB,-12.1dB,0.19us,-12.5Hz,,"[6,",,1
2025-07-30 21:14:52.807660,PHY,0x4601,1,0,na,"[0,",0,0,1,1124.7,+16.3dB,16.0us,"[0,",1,783.18,normal,0,valid,-15.0dB,-15.1dB,na,na,,,,
2025-07-30 21:14:52.808132,PHY,0x4601,1,0,na,"[0,",0,0,1,1127.5,+16.3dB,13.5us,"[0,",1,783.19,normal,0,valid,-15.0dB,-15.1dB,na,na,,,,
2025-07-30 21:14:52.812233,CSI,0x4601,2,,na,"[0,",,,1,,+30.2dB,13.0us,"[0,",1,784.8,normal,0,valid,-12.1dB,-12.1dB,0.19us,-124.4Hz,,"[6,",1101,1
2025-07-30 21:14:52.813105,PHY,0x4601,1,0,na,"[0,",0,0,1,1117.7,+16.2dB,17.4us,"[0,",1,784.9,normal,0,valid,-15.1dB,-15.1dB,na,na,,,,
2025-07-30 21:14:52.816648,PHY,0x4601,2,,na,"[0,",,,11111,,+32.3dB,21.8us,"[0,",1,784.17,normal,0,valid,-11.7dB,-11.7dB,0.19us,+47.2Hz,,"[6,",,1
2025-07-30 21:14:52.817590,PHY,0x4601,1,0,na,"[0,",0,0,1,2.0,-13.8dB,17.9us,"[0,",1,784.18,normal,0,valid,-5.6dB,-19.9dB,na,na,,,,
2025-07-30 21:14:52.818175,PHY,0x4601,1,0,na,"[0,",0,0,2,0.1,-23.2dB,22.5us,"[0,",1,784.19,normal,0,invalid,-46.9dB,-71.0dB,na,na,,,,
2025-07-30 21:14:52.822676,PHY,0x4601,1,0,na,"[0,",0,0,1,1408.3,+17.2dB,18.7us,"[0,",1,785.8,normal,0,valid,-15.1dB,-15.2dB,na,na,,,,
2025-07-30 21:14:52.823134,PHY,0x4601,1,0,na,"[0,",0,0,1,1560.5,+17.7dB,16.4us,"[0,",1,785.9,normal,0,valid,-15.1dB,-15.2dB,na,na,,,,
2025-07-30 21:14:52.826677,PHY,0x4601,2,,na,"[0,",,,10111,,+29.4dB,19.3us,"[0,",1,785.17,normal,0,valid,-12.1dB,-12.1dB,0.21us,-69.3Hz,,"[6,",,1
2025-07-30 21:14:52.827615,PHY,0x4601,1,0,na,"[0,",0,0,1,1386.6,+17.1dB,17.6us,"[0,",1,785.18,normal,0,valid,-15.0dB,-15.2dB,na,na,,,,
2025-07-30 21:14:52.828093,PHY,0x4601,1,0,na,"[0,",0,0,1,1470.5,+17.4dB,17.4us,"[0,",1,785.19,normal,0,valid,-15.0dB,-15.1dB,na,na,,,,
2025-07-30 21:14:52.832219,CSI,0x4601,2,,na,"[0,",,,1,,+31.3dB,16.2us,"[0,",1,786.8,normal,0,valid,-12.1dB,-12.1dB,0.18us,-12.7Hz,,"[6,",1101,1
2025-07-30 21:14:52.833161,PHY,0x4601,1,0,na,"[0,",0,0,1,1045.2,+15.9dB,17.8us,"[0,",1,786.9,normal,0,valid,-15.0dB,-15.2dB,na,na,,,,
2025-07-30 21:14:52.836737,PHY,0x4601,2,,na,"[0,",,,11111,,+30.9dB,13.4us,"[0,",1,786.17,normal,0,valid,-12.0dB,-12.0dB,0.19us,+51.7Hz,,"[6,",,1
2025-07-30 21:14:52.837645,PHY,0x4601,1,0,na,"[0,",0,0,1,1122.1,+16.2dB,17.6us,"[0,",1,786.18,normal,0,valid,-15.0dB,-15.1dB,na,na,,,,
2025-07-30 21:14:52.838125,PHY,0x4601,1,0,na,"[0,",0,0,1,1014.1,+15.8dB,15.1us,"[0,",1,786.19,normal,0,valid,-15.1dB,-15.2dB,na,na,,,,
2025-07-30 21:14:52.842609,PHY,0x4601,1,0,na,"[0,",0,0,1,1569.7,+17.7dB,17.1us,"[0,",1,787.8,normal,0,valid,-15.1dB,-15.1dB,na,na,,,,
2025-07-30 21:14:52.843081,PHY,0x4601,1,0,na,"[0,",0,0,1,1487.0,+17.5dB,14.8us,"[0,",1,787.9,normal,0,valid,-15.1dB,-15.2dB,na,na,,,,
2025-07-30 21:14:52.846737,PHY,0x4601,2,,na,"[0,",,,11111,,+29.0dB,13.8us,"[0,",1,787.17,normal,0,valid,-12.1dB,-12.1dB,0.19us,-88.4Hz,,"[6,",,1
2025-07-30 21:14:52.847572,PHY,0x4601,1,0,na,"[0,",0,0,1,1444.2,+17.3dB,16.5us,"[0,",1,787.18,normal,0,valid,-15.1dB,-15.2dB,na,na,,,,
2025-07-30 21:14:52.848155,PHY,0x4601,1,0,na,"[0,",0,0,1,1482.7,+17.5dB,14.0us,"[0,",1,787.19,normal,0,valid,-15.0dB,-15.1dB,na,na,,,,
2025-07-30 21:14:52.852236,CSI,0x4601,2,,na,"[0,",,,1,,+33.4dB,10.1us,"[0,",1,788.8,normal,0,valid,-12.0dB,-12.0dB,0.19us,+39.0Hz,,"[6,",1101,1
2025-07-30 21:14:52.853126,PHY,0x4601,1,0,na,"[0,",0,0,1,991.2,+15.7dB,16.6us,"[0,",1,788.9,normal,0,valid,-15.1dB,-15.1dB,na,na,,,,
2025-07-30 21:14:52.856658,PHY,0x4601,2,,na,"[0,",,,11111,,+30.3dB,15.7us,"[0,",1,788.17,normal,0,valid,-12.1dB,-12.2dB,0.19us,+12.7Hz,,"[6,",,1
2025-07-30 21:14:52.857616,PHY,0x4601,1,0,na,"[0,",0,0,1,1086.4,+16.1dB,29.5us,"[0,",1,788.18,normal,0,valid,-15.0dB,-15.2dB,na,na,,,,
2025-07-30 21:14:52.858078,PHY,0x4601,1,0,na,"[0,",0,0,1,998.1,+15.7dB,15.8us,"[0,",1,788.19,normal,0,valid,-15.1dB,-15.2dB,na,na,,,,
2025-07-30 21:14:52.862574,PHY,0x4601,1,0,na,"[0,",0,0,1,1537.9,+17.6dB,17.6us,"[0,",1,789.8,normal,0,valid,-15.1dB,-15.2dB,na,na,,,,
2025-07-30 21:14:52.863145,PHY,0x4601,1,0,na,"[0,",0,0,1,1518.3,+17.6dB,15.4us,"[0,",1,789.9,normal,0,valid,-15.1dB,-15.1dB,na,na,,,,
2025-07-30 21:14:52.866690,PHY,0x4601,2,,na,"[0,",,,11110,,+33.2dB,17.8us,"[0,",1,789.17,normal,0,valid,-12.0dB,-12.1dB,0.22us,+7.1Hz,,"[6,",,1
2025-07-30 21:14:52.867640,PHY,0x4601,1,0,na,"[0,",0,0,1,1144.6,+16.3dB,17.4us,"[0,",1,789.18,normal,0,valid,-15.0dB,-15.1dB,na,na,,,,
2025-07-30 21:14:52.868111,PHY,0x4601,1,0,na,"[0,",0,0,1,1041.4,+15.9dB,15.5us,"[0,",1,789.19,normal,0,valid,-15.0dB,-15.1dB,na,na,,,,
2025-07-30 21:14:52.872240,CSI,0x4601,2,,na,"[0,",,,1,,+30.9dB,14.1us,"[0,",1,790.8,normal,0,valid,-12.2dB,-12.2dB,0.22us,+12.0Hz,,"[6,",1101,1
2025-07-30 21:14:52.873077,PHY,0x4601,1,0,na,"[0,",0,0,1,1060.8,+16.0dB,16.9us,"[0,",1,790.9,normal,0,valid,-15.0dB,-15.1dB,na,na,,,,
2025-07-30 21:14:52.876730,PHY,0x4601,2,,na,"[0,",,,11111,,+28.8dB,17.2us,"[0,",1,790.17,normal,0,valid,-12.0dB,-12.1dB,0.19us,-74.1Hz,,"[6,",,1
2025-07-30 21:14:52.877668,PHY,0x4601,1,0,na,"[0,",0,0,1,1051.0,+16.0dB,16.7us,"[0,",1,790.18,normal,0,valid,-15.0dB,-15.1dB,na,na,,,,
2025-07-30 21:14:52.878141,PHY,0x4601,1,0,na,"[0,",0,0,1,1051.8,+16.0dB,19.5us,"[0,",1,790.19,normal,0,valid,-15.0dB,-15.1dB,na,na,,,,
2025-07-30 21:14:52.882631,PHY,0x4601,1,0,na,"[0,",0,0,1,1489.8,+17.5dB,17.5us,"[0,",1,791.8,normal,0,valid,-15.1dB,-15.2dB,na,na,,,,
2025-07-30 21:14:52.883108,PHY,0x4601,1,0,na,"[0,",0,0,1,1372.3,+17.1dB,21.6us,"[0,",1,791.9,normal,0,valid,-15.1dB,-15.2dB,na,na,,,,
2025-07-30 21:14:52.886651,PHY,0x4601,2,,na,"[0,",,,11111,,+30.5dB,22.1us,"[0,",1,791.17,normal,0,valid,-12.0dB,-12.0dB,0.19us,-14.8Hz,,"[6,",,1
2025-07-30 21:14:52.887598,PHY,0x4601,1,0,na,"[0,",0,0,1,1630.0,+17.8dB,24.0us,"[0,",1,791.18,normal,0,valid,-15.0dB,-15.1dB,na,na,,,,
2025-07-30 21:14:52.888078,PHY,0x4601,1,0,na,"[0,",0,0,1,1479.4,+17.4dB,19.2us,"[0,",1,791.19,normal,0,valid,-15.0dB,-15.1dB,na,na,,,,
2025-07-30 21:14:52.892191,CSI,0x4601,2,,na,"[0,",,,1,,+33.5dB,14.3us,"[0,",1,792.8,normal,0,valid,-12.0dB,-12.0dB,0.20us,+32.5Hz,,"[6,",1101,1
2025-07-30 21:14:52.893142,PHY,0x4601,1,0,na,"[0,",0,0,1,1441.5,+17.3dB,17.3us,"[0,",1,792.9,normal,0,valid,-15.0dB,-15.1dB,na,na,,,,
2025-07-30 21:14:52.896708,PHY,0x4601,2,,na,"[0,",,,11111,,+32.6dB,17.5us,"[0,",1,792.17,normal,0,valid,-12.0dB,-12.1dB,0.20us,-37.5Hz,,"[6,",,1
2025-07-30 21:14:52.897631,PHY,0x4601,1,0,na,"[0,",0,0,1,1533.1,+17.6dB,22.3us,"[0,",1,792.18,normal,0,valid,-15.1dB,-15.1dB,na,na,,,,
2025-07-30 21:14:52.898102,PHY,0x4601,1,0,na,"[0,",0,0,1,1460.1,+17.4dB,18.0us,"[0,",1,792.19,normal,0,valid,-15.1dB,-15.1dB,na,na,,,,
2025-07-30 21:14:52.902590,PHY,0x4601,1,0,na,"[0,",0,0,1,1347.1,+17.0dB,16.0us,"[0,",1,793.8,normal,0,valid,-15.1dB,-15.2dB,na,na,,,,
2025-07-30 21:14:52.903162,PHY,0x4601,1,0,na,"[0,",0,0,1,1403.6,+17.2dB,14.1us,"[0,",1,793.9,normal,0,valid,-15.1dB,-15.2dB,na,na,,,,
2025-07-30 21:14:52.906745,PHY,0x4601,2,,na,"[0,",,,11111,,+33.0dB,17.1us,"[0,",1,793.17,normal,0,valid,-12.0dB,-12.0dB,0.17us,+36.1Hz,,"[6,",,1
2025-07-30 21:14:52.907653,PHY,0x4601,1,0,na,"[0,",0,0,1,1537.6,+17.6dB,18.9us,"[0,",1,793.18,normal,0,valid,-15.1dB,-15.2dB,na,na,,,,
2025-07-30 21:14:52.908132,PHY,0x4601,1,0,na,"[0,",0,0,1,1426.9,+17.3dB,15.2us,"[0,",1,793.19,normal,0,valid,-15.0dB,-15.1dB,na,na,,,,
2025-07-30 21:14:52.912231,CSI,0x4601,2,,na,"[0,",,,1,,+32.1dB,11.3us,"[0,",1,794.8,normal,0,valid,-12.0dB,-12.0dB,0.18us,+79.4Hz,,"[6,",1101,1
2025-07-30 21:14:52.913089,PHY,0x4601,1,0,na,"[0,",0,0,1,1085.0,+16.1dB,16.5us,"[0,",1,794.9,normal,0,valid,-15.1dB,-15.2dB,na,na,,,,
2025-07-30 21:14:52.916750,PHY,0x4601,2,,na,"[0,",,,11111,,+32.5dB,17.7us,"[0,",1,794.17,normal,0,valid,-12.0dB,-12.0dB,0.17us,-87.2Hz,,"[6,",,1
2025-07-30 21:14:52.917595,PHY,0x4601,1,0,na,"[0,",0,0,1,1152.8,+16.4dB,34.6us,"[0,",1,794.18,normal,0,valid,-15.0dB,-15.1dB,na,na,,,,
2025-07-30 21:14:52.918156,PHY,0x4601,1,0,na,"[0,",0,0,1,1061.7,+16.0dB,15.0us,"[0,",1,794.19,normal,0,valid,-15.0dB,-15.1dB,na,na,,,,
2025-07-30 21:14:52.922658,PHY,0x4601,1,0,na,"[0,",0,0,1,1498.3,+17.5dB,18.8us,"[0,",1,795.8,normal,0,valid,-15.1dB,-15.1dB,na,na,,,,
2025-07-30 21:14:52.923123,PHY,0x4601,1,0,na,"[0,",0,0,1,1549.5,+17.7dB,15.0us,"[0,",1,795.9,normal,0,valid,-15.1dB,-15.1dB,na,na,,,,
2025-07-30 21:14:52.926664,PHY,0x4601,2,,na,"[0,",,,11111,,+31.2dB,13.8us,"[0,",1,795.17,normal,0,valid,-12.1dB,-12.2dB,0.17us,-4.2Hz,,"[6,",,1
2025-07-30 21:14:52.927606,PHY,0x4601,1,0,na,"[0,",0,0,1,1364.2,+17.1dB,16.3us,"[0,",1,795.18,normal,0,valid,-15.0dB,-15.1dB,na,na,,,,
2025-07-30 21:14:52.928086,PHY,0x4601,1,0,na,"[0,",0,0,1,1407.3,+17.2dB,14.1us,"[0,",1,795.19,normal,0,valid,-15.0dB,-15.1dB,na,na,,,,
2025-07-30 21:14:52.932209,CSI,0x4601,2,,na,"[0,",,,1,,+32.8dB,12.0us,"[0,",1,796.8,normal,0,valid,-12.1dB,-12.1dB,0.18us,+48.8Hz,,"[6,",1101,1
2025-07-30 21:14:52.933158,PHY,0x4601,1,0,na,"[0,",0,0,1,1365.3,+17.1dB,23.3us,"[0,",1,796.9,normal,0,valid,-15.0dB,-15.1dB,na,na,,,,
2025-07-30 21:14:52.936754,PHY,0x4601,2,,na,"[0,",,,11111,,+27.9dB,15.1us,"[0,",1,796.17,normal,0,valid,-12.1dB,-12.1dB,0.20us,+72.3Hz,,"[6,",,1
2025-07-30 21:14:52.937637,PHY,0x4601,1,0,na,"[0,",0,0,1,1087.6,+16.1dB,16.0us,"[0,",1,796.18,normal,0,valid,-15.0dB,-15.2dB,na,na,,,,
2025-07-30 21:14:52.938122,PHY,0x4601,1,0,na,"[0,",0,0,1,1115.4,+16.2dB,21.0us,"[0,",1,796.19,normal,0,valid,-15.0dB,-15.1dB,na,na,,,,
2025-07-30 21:14:52.942609,PHY,0x4601,1,0,na,"[0,",0,0,1,1435.4,+17.3dB,17.2us,"[0,",1,797.8,normal,0,valid,-15.1dB,-15.1dB,na,na,,,,
2025-07-30 21:14:52.943072,PHY,0x4601,1,0,na,"[0,",0,0,1,1397.2,+17.2dB,14.2us,"[0,",1,797.9,normal,0,valid,-15.1dB,-15.1dB,na,na,,,,
2025-07-30 21:14:52.946744,PHY,0x4601,2,,na,"[0,",,,11111,,+28.8dB,17.8us,"[0,",1,797.17,normal,0,valid,-11.9dB,-11.9dB,0.18us,-18.7Hz,,"[6,",,1
2025-07-30 21:14:52.947567,PHY,0x4601,1,0,na,"[0,",0,0,1,1463.8,+17.4dB,17.9us,"[0,",1,797.18,normal,0,valid,-15.0dB,-15.1dB,na,na,,,,
2025-07-30 21:14:52.948146,PHY,0x4601,1,0,na,"[0,",0,0,1,1424.3,+17.3dB,16.6us,"[0,",1,797.19,normal,0,valid,-15.0dB,-15.1dB,na,na,,,,
2025-07-30 21:14:52.952237,CSI,0x4601,2,,na,"[0,",,,1,,+32.3dB,13.7us,"[0,",1,798.8,normal,0,valid,-12.0dB,-12.0dB,0.17us,-61.1Hz,,"[6,",1101,1
2025-07-30 21:14:52.953122,PHY,0x4601,1,0,na,"[0,",0,0,1,1020.2,+15.8dB,19.8us,"[0,",1,798.9,normal,0,valid,-15.0dB,-15.2dB,na,na,,,,
2025-07-30 21:14:52.956651,PHY,0x4601,2,,na,"[0,",,,11111,,+35.4dB,14.1us,"[0,",1,798.17,normal,0,valid,-12.0dB,-12.1dB,0.19us,-10.7Hz,,"[6,",,1
2025-07-30 21:14:52.957605,PHY,0x4601,1,0,na,"[0,",0,0,1,1093.9,+16.1dB,16.5us,"[0,",1,798.18,normal,0,valid,-15.1dB,-15.2dB,na,na,,,,
2025-07-30 21:14:52.958084,PHY,0x4601,1,0,na,"[0,",0,0,1,1091.6,+16.1dB,17.7us,"[0,",1,798.19,normal,0,valid,-15.0dB,-15.1dB,na,na,,,,
2025-07-30 21:14:52.962733,PHY,0x4601,1,0,na,"[0,",0,0,1,1476.3,+17.4dB,19.4us,"[0,",1,799.8,normal,0,valid,-15.1dB,-15.2dB,na,na,,,,
2025-07-30 21:14:52.963138,PHY,0x4601,1,0,na,"[0,",0,0,1,1410.5,+17.2dB,15.1us,"[0,",1,799.9,normal,0,valid,-15.1dB,-15.2dB,na,na,,,,
2025-07-30 21:14:52.966687,PHY,0x4601,2,,na,"[0,",,,11111,,+34.5dB,14.8us,"[0,",1,799.17,normal,0,valid,-12.0dB,-12.1dB,0.17us,+25.7Hz,,"[6,",,1
2025-07-30 21:14:52.967627,PHY,0x4601,1,0,na,"[0,",0,0,1,1058.7,+16.0dB,16.1us,"[0,",1,799.18,normal,0,valid,-15.0dB,-15.1dB,na,na,,,,
2025-07-30 21:14:52.968104,PHY,0x4601,1,0,na,"[0,",0,0,1,1005.1,+15.8dB,17.7us,"[0,",1,799.19,normal,0,valid,-15.0dB,-15.1dB,na,na,,,,
2025-07-30 21:14:52.972245,CSI,0x4601,2,,na,"[0,",,,1,,+32.4dB,12.3us,"[0,",1,800.8,normal,0,valid,-12.0dB,-12.1dB,0.21us,+20.3Hz,,"[6,",1101,1
2025-07-30 21:14:52.973070,PHY,0x4601,1,0,na,"[0,",0,0,1,1368.6,+17.1dB,15.5us,"[0,",1,800.9,normal,0,valid,-15.0dB,-15.1dB,na,na,,,,
2025-07-30 21:14:52.976724,PHY,0x4601,2,,na,"[0,",,,11111,,+30.7dB,12.6us,"[0,",1,800.17,normal,0,valid,-12.1dB,-12.1dB,0.19us,-48.7Hz,,"[6,",,1
2025-07-30 21:14:52.977656,PHY,0x4601,1,0,na,"[0,",0,0,1,1053.1,+16.0dB,14.9us,"[0,",1,800.18,normal,0,valid,-15.0dB,-15.1dB,na,na,,,,
2025-07-30 21:14:52.978136,PHY,0x4601,1,0,na,"[0,",0,0,1,1013.1,+15.8dB,18.1us,"[0,",1,800.19,normal,0,valid,-15.0dB,-15.2dB,na,na,,,,
2025-07-30 21:14:52.982625,PHY,0x4601,1,0,na,"[0,",0,0,1,1615.5,+17.8dB,16.1us,"[0,",1,801.8,normal,0,valid,-15.1dB,-15.2dB,na,na,,,,
2025-07-30 21:14:52.983092,PHY,0x4601,1,0,na,"[0,",0,0,1,1379.9,+17.1dB,14.1us,"[0,",1,801.9,normal,0,valid,-15.1dB,-15.2dB,na,na,,,,
2025-07-30 21:14:52.986635,PHY,0x4601,2,,na,"[0,",,,11111,,+31.2dB,14.1us,"[0,",1,801.17,normal,0,valid,-12.1dB,-12.2dB,0.20us,-26.8Hz,,"[6,",,1
2025-07-30 21:14:52.987582,PHY,0x4601,1,0,na,"[0,",0,0,1,994.5,+15.7dB,16.4us,"[0,",1,801.18,normal,0,valid,-15.1dB,-15.2dB,na,na,,,,
2025-07-30 21:14:52.988171,PHY,0x4601,1,0,na,"[0,",0,0,1,1114.0,+16.2dB,19.1us,"[0,",1,801.19,normal,0,valid,-15.0dB,-15.1dB,na,na,,,,
2025-07-30 21:14:52.992199,CSI,0x4601,2,,na,"[0,",,,1,,+30.1dB,12.3us,"[0,",1,802.8,normal,0,valid,-12.1dB,-12.1dB,0.20us,+19.1Hz,,"[6,",1101,1
2025-07-30 21:14:52.993131,PHY,0x4601,1,0,na,"[0,",0,0,1,1053.4,+16.0dB,15.8us,"[0,",1,802.9,normal,0,valid,-15.1dB,-15.2dB,na,na,,,,
2025-07-30 21:14:52.996672,PHY,0x4601,2,,na,"[0,",,,11111,,+31.9dB,14.0us,"[0,",1,802.17,normal,0,valid,-12.0dB,-12.1dB,0.21us,-68.5Hz,,"[6,",,1
2025-07-30 21:14:52.997616,PHY,0x4601,1,0,na,"[0,",0,0,1,1059.5,+16.0dB,16.1us,"[0,",1,802.18,normal,0,valid,-15.0dB,-15.1dB,na,na,,,,
2025-07-30 21:14:52.998096,PHY,0x4601,1,0,na,"[0,",0,0,1,1068.0,+16.0dB,17.3us,"[0,",1,802.19,normal,0,valid,-15.1dB,-15.2dB,na,na,,,,
2025-07-30 21:14:53.002612,PHY,0x4601,1,0,na,"[0,",0,0,1,1383.0,+17.1dB,16.6us,"[0,",1,803.8,normal,0,valid,-15.1dB,-15.2dB,na,na,,,,
2025-07-30 21:14:53.003161,PHY,0x4601,1,0,na,"[0,",0,0,1,1506.2,+17.5dB,14.5us,"[0,",1,803.9,normal,0,valid,-15.1dB,-15.2dB,na,na,,,,
2025-07-30 21:14:53.006725,PHY,0x4601,2,,na,"[0,",,,11111,,+29.1dB,15.6us,"[0,",1,803.17,normal,0,valid,-12.2dB,-12.2dB,0.18us,-59.3Hz,,"[6,",,1
2025-07-30 21:14:53.007643,PHY,0x4601,1,0,na,"[0,",0,0,1,1370.3,+17.1dB,15.7us,"[0,",1,803.18,normal,0,valid,-15.0dB,-15.1dB,na,na,,,,
2025-07-30 21:14:53.008132,PHY,0x4601,1,0,na,"[0,",0,0,1,1432.7,+17.3dB,26.8us,"[0,",1,803.19,normal,0,valid,-15.0dB,-15.1dB,na,na,,,,
2025-07-30 21:14:53.012228,CSI,0x4601,2,,na,"[0,",,,1,,+30.5dB,15.1us,"[0,",1,804.8,normal,0,valid,-12.0dB,-12.0dB,0.19us,+11.1Hz,,"[6,",1101,1
2025-07-30 21:14:53.013084,PHY,0x4601,1,0,na,"[0,",0,0,1,1123.8,+16.2dB,17.7us,"[0,",1,804.9,normal,0,valid,-15.0dB,-15.1dB,na,na,,,,
2025-07-30 21:14:53.016739,PHY,0x4601,2,,na,"[0,",,,11111,,+31.4dB,15.1us,"[0,",1,804.17,normal,0,valid,-12.0dB,-12.0dB,0.18us,+7.6Hz,,"[6,",,1
2025-07-30 21:14:53.017572,PHY,0x4601,1,0,na,"[0,",0,0,1,1509.6,+17.5dB,16.7us,"[0,",1,804.18,normal,0,valid,-15.0dB,-15.1dB,na,na,,,,
2025-07-30 21:14:53.018152,PHY,0x4601,1,0,na,"[0,",0,0,1,1476.3,+17.4dB,16.0us,"[0,",1,804.19,normal,0,valid,-15.0dB,-15.1dB,na,na,,,,
2025-07-30 21:14:53.022641,PHY,0x4601,1,0,na,"[0,",0,0,1,1431.1,+17.3dB,17.3us,"[0,",1,805.8,normal,0,valid,-15.0dB,-15.1dB,na,na,,,,
2025-07-30 21:14:53.023115,PHY,0x4601,1,0,na,"[0,",0,0,1,1419.9,+17.3dB,14.5us,"[0,",1,805.9,normal,0,valid,-15.1dB,-15.1dB,na,na,,,,
2025-07-30 21:14:53.026657,PHY,0x4601,2,,na,"[0,",,,11111,,+30.0dB,14.2us,"[0,",1,805.17,normal,0,valid,-12.1dB,-12.1dB,0.20us,-12.6Hz,,"[6,",,1
2025-07-30 21:14:53.027602,PHY,0x4601,1,0,na,"[0,",0,0,1,1112.0,+16.2dB,15.8us,"[0,",1,805.18,normal,0,valid,-15.0dB,-15.1dB,na,na,,,,
2025-07-30 21:14:53.028074,PHY,0x4601,1,0,na,"[0,",0,0,1,1033.1,+15.9dB,14.8us,"[0,",1,805.19,normal,0,valid,-15.0dB,-15.2dB,na,na,,,,
2025-07-30 21:14:53.032213,CSI,0x4601,2,,na,"[0,",,,1,,+31.2dB,20.3us,"[0,",1,806.8,normal,0,valid,-12.0dB,-12.1dB,0.19us,+6.9Hz,,"[6,",1101,1
2025-07-30 21:14:53.033145,PHY,0x4601,1,0,na,"[0,",0,0,1,1318.5,+16.9dB,16.6us,"[0,",1,806.9,normal,0,valid,-15.0dB,-15.1dB,na,na,,,,
2025-07-30 21:14:53.036716,PHY,0x4601,2,,na,"[0,",,,11111,,+28.7dB,18.5us,"[0,",1,806.17,normal,0,valid,-12.0dB,-12.0dB,0.20us,+34.4Hz,,"[6,",,1
2025-07-30 21:14:53.037638,PHY,0x4601,1,0,na,"[0,",0,0,1,985.3,+15.7dB,16.7us,"[0,",1,806.18,normal,0,valid,-15.0dB,-15.1dB,na,na,,,,
2025-07-30 21:14:53.038113,PHY,0x4601,1,0,na,"[0,",0,0,1,1081.5,+16.1dB,16.3us,"[0,",1,806.19,normal,0,valid,-15.0dB,-15.1dB,na,na,,,,
2025-07-30 21:14:53.042603,PHY,0x4601,1,0,na,"[0,",0,0,1,1404.9,+17.2dB,17.5us,"[0,",1,807.8,normal,0,valid,-15.1dB,-15.2dB,na,na,,,,
2025-07-30 21:14:53.043071,PHY,0x4601,1,0,na,"[0,",0,0,1,1382.1,+17.2dB,14.9us,"[0,",1,807.9,normal,0,valid,-15.1dB,-15.2dB,na,na,,,,
2025-07-30 21:14:53.046753,PHY,0x4601,2,,na,"[0,",,,11111,,+29.0dB,18.8us,"[0,",1,807.17,normal,0,valid,-12.1dB,-12.1dB,0.18us,+48.9Hz,,"[6,",,1
2025-07-30 21:14:53.047672,PHY,0x4601,1,0,na,"[0,",0,0,1,1503.7,+17.5dB,22.1us,"[0,",1,807.18,normal,0,valid,-15.0dB,-15.1dB,na,na,,,,
2025-07-30 21:14:53.048139,PHY,0x4601,1,0,na,"[0,",0,0,1,1475.7,+17.5dB,15.2us,"[0,",1,807.19,normal,0,valid,-15.0dB,-15.1dB,na,na,,,,
2025-07-30 21:14:53.052233,CSI,0x4601,2,,na,"[0,",,,1,,+30.2dB,14.0us,"[0,",1,808.8,normal,0,valid,-11.9dB,-12.0dB,0.19us,+61.5Hz,,"[6,",1101,1
2025-07-30 21:14:53.053114,PHY,0x4601,1,0,na,"[0,",0,0,1,1383.7,+17.1dB,17.3us,"[0,",1,808.9,normal,0,valid,-15.1dB,-15.2dB,na,na,,,,
2025-07-30 21:14:53.056652,PHY,0x4601,2,,na,"[0,",,,11111,,+31.5dB,15.6us,"[0,",1,808.17,normal,0,valid,-12.1dB,-12.2dB,0.18us,+40.0Hz,,"[6,",,1
2025-07-30 21:14:53.057591,PHY,0x4601,1,0,na,"[0,",0,0,1,1429.1,+17.3dB,16.6us,"[0,",1,808.18,normal,0,valid,-15.1dB,-15.2dB,na,na,,,,
2025-07-30 21:14:53.058068,PHY,0x4601,1,0,na,"[0,",0,0,1,1328.9,+17.0dB,14.7us,"[0,",1,808.19,normal,0,valid,-15.0dB,-15.1dB,na,na,,,,
2025-07-30 21:14:53.062666,PHY,0x4601,1,0,na,"[0,",0,0,1,1348.8,+17.0dB,17.3us,"[0,",1,809.8,normal,0,valid,-15.1dB,-15.2dB,na,na,,,,
2025-07-30 21:14:53.063137,PHY,0x4601,1,0,na,"[0,",0,0,1,1405.0,+17.2dB,20.3us,"[0,",1,809.9,normal,0,valid,-15.1dB,-15.2dB,na,na,,,,
2025-07-30 21:14:53.066688,PHY,0x4601,2,,na,"[0,",,,11111,,+34.8dB,21.6us,"[0,",1,809.17,normal,0,valid,-12.1dB,-12.1dB,0.18us,-30.5Hz,,"[6,",,1
2025-07-30 21:14:53.067627,PHY,0x4601,1,0,na,"[0,",0,0,1,1035.6,+15.9dB,22.7us,"[0,",1,809.18,normal,0,valid,-15.0dB,-15.2dB,na,na,,,,
2025-07-30 21:14:53.068097,PHY,0x4601,1,0,na,"[0,",0,0,1,1122.6,+16.3dB,14.9us,"[0,",1,809.19,normal,0,valid,-15.0dB,-15.1dB,na,na,,,,
2025-07-30 21:14:53.072232,CSI,0x4601,2,,na,"[0,",,,1,,+32.1dB,15.1us,"[0,",1,810.8,normal,0,valid,-12.1dB,-12.1dB,0.18us,-61.7Hz,,"[6,",1101,1
2025-07-30 21:14:53.073165,PHY,0x4601,1,0,na,"[0,",0,0,1,1393.4,+17.2dB,15.9us,"[0,",1,810.9,normal,0,valid,-15.0dB,-15.1dB,na,na,,,,
2025-07-30 21:14:53.076787,PHY,0x4601,2,,na,"[0,",,,11111,,+30.2dB,22.4us,"[0,",1,810.17,normal,0,valid,-12.1dB,-12.1dB,0.19us,-101.3Hz,,"[6,",,1
2025-07-30 21:14:53.077655,PHY,0x4601,1,0,na,"[0,",0,0,1,1103.8,+16.2dB,15.8us,"[0,",1,810.18,normal,0,valid,-15.0dB,-15.1dB,na,na,,,,
2025-07-30 21:14:53.078131,PHY,0x4601,1,0,na,"[0,",0,0,1,1100.6,+16.1dB,18.1us,"[0,",1,810.19,normal,0,valid,-15.0dB,-15.2dB,na,na,,,,
2025-07-30 21:14:53.082620,PHY,0x4601,1,0,na,"[0,",0,0,1,1353.7,+17.1dB,17.6us,"[0,",1,811.8,normal,0,valid,-15.1dB,-15.2dB,na,na,,,,
2025-07-30 21:14:53.083088,PHY,0x4601,1,0,na,"[0,",0,0,1,1550.7,+17.6dB,14.8us,"[0,",1,811.9,normal,0,valid,-15.1dB,-15.2dB,na,na,,,,
2025-07-30 21:14:53.086744,PHY,0x4601,2,,na,"[0,",,,11111,,+31.4dB,15.0us,"[0,",1,811.17,normal,0,valid,-12.1dB,-12.1dB,0.18us,+5.3Hz,,"[6,",,1
2025-07-30 21:14:53.087576,PHY,0x4601,1,0,na,"[0,",0,0,1,1429.5,+17.3dB,17.4us,"[0,",1,811.18,normal,0,valid,-15.1dB,-15.1dB,na,na,,,,
2025-07-30 21:14:53.088162,PHY,0x4601,1,0,na,"[0,",0,0,1,1393.2,+17.2dB,15.2us,"[0,",1,811.19,normal,0,valid,-15.0dB,-15.1dB,na,na,,,,
2025-07-30 21:14:53.092171,CSI,0x4601,2,,na,"[0,",,,1,,+33.4dB,11.9us,"[0,",1,812.8,normal,0,valid,-12.1dB,-12.1dB,0.19us,+50.9Hz,,"[6,",1101,1
2025-07-30 21:14:53.093121,PHY,0x4601,1,0,na,"[0,",0,0,1,1468.3,+17.4dB,16.9us,"[0,",1,812.9,normal,0,valid,-15.1dB,-15.1dB,na,na,,,,
2025-07-30 21:14:53.096672,PHY,0x4601,2,,na,"[0,",,,11111,,+29.1dB,21.0us,"[0,",1,812.17,normal,0,valid,-12.1dB,-12.1dB,0.18us,-26.2Hz,,"[6,",,1
2025-07-30 21:14:53.097608,PHY,0x4601,1,0,na,"[0,",0,0,1,1080.7,+16.1dB,16.0us,"[0,",1,812.18,normal,0,valid,-15.1dB,-15.1dB,na,na,,,,
2025-07-30 21:14:53.098087,PHY,0x4601,1,0,na,"[0,",0,0,1,1045.9,+15.9dB,14.7us,"[0,",1,812.19,normal,0,valid,-15.0dB,-15.2dB,na,na,,,,
2025-07-30 21:14:53.102580,PHY,0x4601,1,0,na,"[0,",0,0,1,1422.8,+17.3dB,16.7us,"[0,",1,813.8,normal,0,valid,-15.1dB,-15.2dB,na,na,,,,
2025-07-30 21:14:53.103158,PHY,0x4601,1,0,na,"[0,",0,0,1,1328.1,+17.0dB,16.7us,"[0,",1,813.9,normal,0,valid,-15.1dB,-15.2dB,na,na,,,,
2025-07-30 21:14:53.106723,PHY,0x4601,2,,na,"[0,",,,11111,,+31.9dB,16.2us,"[0,",1,813.17,normal,0,valid,-12.0dB,-12.1dB,0.20us,-9.1Hz,,"[6,",,1
2025-07-30 21:14:53.107639,PHY,0x4601,1,0,na,"[0,",0,0,1,1463.5,+17.4dB,16.4us,"[0,",1,813.18,normal,0,valid,-15.0dB,-15.1dB,na,na,,,,
2025-07-30 21:14:53.108111,PHY,0x4601,1,0,na,"[0,",0,0,1,1278.1,+16.8dB,15.0us,"[0,",1,813.19,normal,0,valid,-15.0dB,-15.1dB,na,na,,,,
2025-07-30 21:14:53.112248,CSI,0x4601,2,,na,"[0,",,,1,,+31.7dB,17.3us,"[0,",1,814.8,normal,0,valid,-12.0dB,-12.1dB,0.20us,-9.1Hz,,"[6,",1101,1
2025-07-30 21:14:53.113076,PHY,0x4601,1,0,na,"[0,",0,0,1,1052.2,+16.0dB,17.7us,"[0,",1,814.9,normal,0,valid,-15.1dB,-15.1dB,na,na,,,,
2025-07-30 21:14:53.116741,PHY,0x4601,2,,na,"[0,",,,11111,,+28.5dB,13.9us,"[0,",1,814.17,normal,0,valid,-12.1dB,-12.1dB,0.21us,-83.8Hz,,"[6,",,1
2025-07-30 21:14:53.117563,PHY,0x4601,1,0,na,"[0,",0,0,1,995.6,+15.7dB,16.1us,"[0,",1,814.18,normal,0,valid,-15.0dB,-15.1dB,na,na,,,,
2025-07-30 21:14:53.118143,PHY,0x4601,1,0,na,"[0,",0,0,1,1021.9,+15.8dB,14.7us,"[0,",1,814.19,normal,0,valid,-15.1dB,-15.2dB,na,na,,,,
2025-07-30 21:14:53.122644,PHY,0x4601,1,0,na,"[0,",0,0,1,1566.3,+17.7dB,16.8us,"[0,",1,815.8,normal,0,valid,-15.1dB,-15.2dB,na,na,,,,
2025-07-30 21:14:53.123109,PHY,0x4601,1,0,na,"[0,",0,0,1,1266.5,+16.7dB,15.0us,"[0,",1,815.9,normal,0,valid,-15.1dB,-15.2dB,na,na,,,,
2025-07-30 21:14:53.126650,PHY,0x4601,2,,na,"[0,",,,11111,,+32.9dB,15.1us,"[0,",1,815.17,normal,0,valid,-12.1dB,-12.1dB,0.17us,+1.7Hz,,"[6,",,1
2025-07-30 21:14:53.127599,PHY,0x4601,1,0,na,"[0,",0,0,1,1348.1,+17.0dB,16.2us,"[0,",1,815.18,normal,0,valid,-15.0dB,-15.1dB,na,na,,,,
2025-07-30 21:14:53.128072,PHY,0x4601,1,0,na,"[0,",0,0,1,1408.8,+17.2dB,15.1us,"[0,",1,815.19,normal,0,valid,-15.0dB,-15.1dB,na,na,,,,
2025-07-30 21:14:53.132212,CSI,0x4601,2,,na,"[0,",,,1,,+32.2dB,15.1us,"[0,",1,816.8,normal,0,valid,-12.0dB,-12.0dB,0.21us,+0.1Hz,,"[6,",1101,1
2025-07-30 21:14:53.133140,PHY,0x4601,1,0,na,"[0,",0,0,1,1103.2,+16.2dB,16.5us,"[0,",1,816.9,normal,0,valid,-15.1dB,-15.2dB,na,na,,,,
2025-07-30 21:14:53.136695,PHY,0x4601,2,,na,"[0,",,,11111,,+33.2dB,16.6us,"[0,",1,816.17,normal,0,valid,-12.1dB,-12.1dB,0.21us,+6.0Hz,,"[6,",,1
2025-07-30 21:14:53.137623,PHY,0x4601,1,0,na,"[0,",0,0,1,1047.3,+15.9dB,16.7us,"[0,",1,816.18,normal,0,valid,-15.0dB,-15.2dB,na,na,,,,
2025-07-30 21:14:53.138103,PHY,0x4601,1,0,na,"[0,",0,0,1,1075.7,+16.1dB,15.6us,"[0,",1,816.19,normal,0,valid,-15.1dB,-15.2dB,na,na,,,,
2025-07-30 21:14:53.142596,PHY,0x4601,1,0,na,"[0,",0,0,1,1466.1,+17.4dB,16.2us,"[0,",1,817.8,normal,0,valid,-15.1dB,-15.1dB,na,na,,,,
2025-07-30 21:14:53.143066,PHY,0x4601,1,0,na,"[0,",0,0,1,1361.1,+17.1dB,16.6us,"[0,",1,817.9,normal,0,valid,-15.1dB,-15.1dB,na,na,,,,
2025-07-30 21:14:53.146723,PHY,0x4601,2,,na,"[0,",,,11111,,+31.7dB,14.7us,"[0,",1,817.17,normal,0,valid,-12.0dB,-12.1dB,0.19us,+7.3Hz,,"[6,",,1
2025-07-30 21:14:53.147659,PHY,0x4601,1,0,na,"[0,",0,0,1,1099.6,+16.1dB,15.7us,"[0,",1,817.18,normal,0,valid,-15.0dB,-15.2dB,na,na,,,,
2025-07-30 21:14:53.148138,PHY,0x4601,1,0,na,"[0,",0,0,1,1073.0,+16.0dB,14.3us,"[0,",1,817.19,normal,0,valid,-15.0dB,-15.2dB,na,na,,,,
2025-07-30 21:14:53.152224,CSI,0x4601,2,,na,"[0,",,,1,,+31.9dB,12.8us,"[0,",1,818.8,normal,0,valid,-12.0dB,-12.0dB,0.19us,+47.3Hz,,"[6,",1101,1
2025-07-30 21:14:53.153097,PHY,0x4601,1,0,na,"[0,",0,0,1,1298.4,+16.9dB,15.8us,"[0,",1,818.9,normal,0,valid,-15.0dB,-15.1dB,na,na,,,,
2025-07-30 21:14:53.156636,PHY,0x4601,2,,na,"[0,",,,11111,,+27.2dB,13.4us,"[0,",1,818.17,normal,0,valid,-12.0dB,-12.0dB,0.18us,-26.6Hz,,"[6,",,1
2025-07-30 21:14:53.157587,PHY,0x4601,1,0,na,"[0,",0,0,1,1362.3,+17.1dB,15.9us,"[0,",1,818.18,normal,0,valid,-15.0dB,-15.1dB,na,na,,,,
2025-07-30 21:14:53.158166,PHY,0x4601,1,0,na,"[0,",0,0,1,1279.6,+16.8dB,14.5us,"[0,",1,818.19,normal,0,valid,-15.0dB,-15.1dB,na,na,,,,
2025-07-30 21:14:53.162665,PHY,0x4601,1,0,na,"[0,",0,0,1,1272.3,+16.8dB,16.6us,"[0,",1,819.8,normal,0,valid,-15.1dB,-15.2dB,na,na,,,,
2025-07-30 21:14:53.163124,PHY,0x4601,1,0,na,"[0,",0,0,1,1516.5,+17.5dB,16.5us,"[0,",1,819.9,normal,0,valid,-15.1dB,-15.2dB,na,na,,,,
2025-07-30 21:14:53.166669,PHY,0x4601,2,,na,"[0,",,,11111,,+35.0dB,13.8us,"[0,",1,819.17,normal,0,valid,-12.1dB,-12.1dB,0.20us,+103.1Hz,,"[6,",,1
2025-07-30 21:14:53.167612,PHY,0x4601,1,0,na,"[0,",0,0,1,1029.2,+15.9dB,15.7us,"[0,",1,819.18,normal,0,valid,-15.0dB,-15.1dB,na,na,,,,
2025-07-30 21:14:53.168087,PHY,0x4601,1,0,na,"[0,",0,0,1,1084.7,+16.1dB,14.3us,"[0,",1,819.19,normal,0,valid,-15.1dB,-15.2dB,na,na,,,,
2025-07-30 21:14:53.172219,CSI,0x4601,2,,na,"[0,",,,1,,+31.7dB,11.5us,"[0,",1,820.8,normal,0,valid,-12.1dB,-12.1dB,0.19us,-26.4Hz,,"[6,",1101,1
2025-07-30 21:14:53.173169,PHY,0x4601,1,0,na,"[0,",0,0,1,1427.2,+17.3dB,15.7us,"[0,",1,820.9,normal,0,valid,-15.0dB,-15.1dB,na,na,,,,
2025-07-30 21:14:53.176711,PHY,0x4601,2,,na,"[0,",,,11111,,+31.8dB,13.2us,"[0,",1,820.17,normal,0,valid,-12.0dB,-12.1dB,0.21us,+53.8Hz,,"[6,",,1
2025-07-30 21:14:53.177645,PHY,0x4601,1,0,na,"[0,",0,0,1,1091.8,+16.1dB,16.6us,"[0,",1,820.18,normal,0,valid,-15.0dB,-15.2dB,na,na,,,,
2025-07-30 21:14:53.178123,PHY,0x4601,1,0,na,"[0,",0,0,1,993.5,+15.7dB,15.2us,"[0,",1,820.19,normal,0,valid,-15.1dB,-15.2dB,na,na,,,,
2025-07-30 21:14:53.182619,PHY,0x4601,1,0,na,"[0,",0,0,1,1397.1,+17.2dB,17.4us,"[0,",1,821.8,normal,0,valid,-15.1dB,-15.2dB,na,na,,,,
2025-07-30 21:14:53.183084,PHY,0x4601,1,0,na,"[0,",0,0,1,1340.5,+17.0dB,15.9us,"[0,",1,821.9,normal,0,valid,-15.1dB,-15.2dB,na,na,,,,
2025-07-30 21:14:53.186753,PHY,0x4601,2,,na,"[0,",,,11111,,+31.8dB,17.4us,"[0,",1,821.17,normal,0,valid,-12.2dB,-12.2dB,0.19us,+46.6Hz,,"[6,",,1
2025-07-30 21:14:53.187580,PHY,0x4601,1,0,na,"[0,",0,0,1,1085.6,+16.1dB,17.1us,"[0,",1,821.18,normal,0,valid,-15.1dB,-15.2dB,na,na,,,,
2025-07-30 21:14:53.188148,PHY,0x4601,1,0,na,"[0,",0,0,1,1061.5,+16.0dB,14.1us,"[0,",1,821.19,normal,0,valid,-15.0dB,-15.1dB,na,na,,,,
2025-07-30 21:14:53.192241,CSI,0x4601,2,,na,"[0,",,,1,,+35.2dB,11.9us,"[0,",1,822.8,normal,0,valid,-12.0dB,-12.1dB,0.19us,+51.6Hz,,"[6,",1101,1
2025-07-30 21:14:53.193121,PHY,0x4601,1,0,na,"[0,",0,0,1,1344.8,+17.0dB,16.1us,"[0,",1,822.9,normal,0,valid,-15.0dB,-15.1dB,na,na,,,,
2025-07-30 21:14:53.196659,PHY,0x4601,2,,na,"[0,",,,11111,,+29.8dB,14.1us,"[0,",1,822.17,normal,0,valid,-12.0dB,-12.0dB,0.19us,+7.2Hz,,"[6,",,1
2025-07-30 21:14:53.197602,PHY,0x4601,1,0,na,"[0,",0,0,1,1022.8,+15.8dB,16.6us,"[0,",1,822.18,normal,0,valid,-15.1dB,-15.2dB,na,na,,,,
2025-07-30 21:14:53.198081,PHY,0x4601,1,0,na,"[0,",0,0,1,1035.0,+15.9dB,20.5us,"[0,",1,822.19,normal,0,valid,-15.0dB,-15.1dB,na,na,,,,
2025-07-30 21:14:53.202573,PHY,0x4601,1,0,na,"[0,",0,0,1,1420.9,+17.3dB,18.9us,"[0,",1,823.8,normal,0,valid,-15.1dB,-15.2dB,na,na,,,,
2025-07-30 21:14:53.203149,PHY,0x4601,1,0,na,"[0,",0,0,1,1350.4,+17.1dB,14.5us,"[0,",1,823.9,normal,0,valid,-15.1dB,-15.1dB,na,na,,,,
2025-07-30 21:14:53.206709,PHY,0x4601,2,,na,"[0,",,,11111,,+30.2dB,16.6us,"[0,",1,823.17,normal,0,valid,-12.1dB,-12.1dB,0.19us,+42.4Hz,,"[6,",,1
2025-07-30 21:14:53.207640,PHY,0x4601,1,0,na,"[0,",0,0,1,1407.7,+17.2dB,22.4us,"[0,",1,823.18,normal,0,valid,-15.1dB,-15.1dB,na,na,,,,
2025-07-30 21:14:53.208112,PHY,0x4601,1,0,na,"[0,",0,0,1,1492.9,+17.5dB,15.2us,"[0,",1,823.19,normal,0,valid,-15.0dB,-15.1dB,na,na,,,,
2025-07-30 21:14:53.212244,CSI,0x4601,2,,na,"[0,",,,1,,+33.9dB,13.3us,"[0,",1,824.8,normal,0,valid,-12.0dB,-12.0dB,0.20us,+75.2Hz,,"[6,",1101,1
2025-07-30 21:14:53.213076,PHY,0x4601,1,0,na,"[0,",0,0,1,1405.2,+17.2dB,15.8us,"[0,",1,824.9,normal,0,valid,-15.1dB,-15.2dB,na,na,,,,
2025-07-30 21:14:53.216747,PHY,0x4601,2,,na,"[0,",,,11111,,+31.5dB,13.6us,"[0,",1,824.17,normal,0,valid,-12.0dB,-12.0dB,0.19us,+13.5Hz,,"[6,",,1
2025-07-30 21:14:53.217670,PHY,0x4601,1,0,na,"[0,",0,0,1,1441.4,+17.3dB,17.5us,"[0,",1,824.18,normal,0,valid,-15.0dB,-15.1dB,na,na,,,,
2025-07-30 21:14:53.218135,PHY,0x4601,1,0,na,"[0,",0,0,1,1340.1,+17.0dB,13.9us,"[0,",1,824.19,normal,0,valid,-15.1dB,-15.1dB,na,na,,,,
2025-07-30 21:14:53.222625,PHY,0x4601,1,0,na,"[0,",0,0,1,1577.2,+17.7dB,16.1us,"[0,",1,825.8,normal,0,valid,-15.1dB,-15.2dB,na,na,,,,
2025-07-30 21:14:53.223109,PHY,0x4601,1,0,na,"[0,",0,0,1,1408.5,+17.2dB,20.0us,"[0,",1,825.9,normal,0,valid,-15.1dB,-15.2dB,na,na,,,,
2025-07-30 21:14:53.226652,PHY,0x4601,2,,na,"[0,",,,11111,,+29.6dB,21.5us,"[0,",1,825.17,normal,0,valid,-12.0dB,-12.1dB,0.18us,+58.5Hz,,"[6,",,1
2025-07-30 21:14:53.227590,PHY,0x4601,1,0,na,"[0,",0,0,1,1095.8,+16.1dB,16.5us,"[0,",1,825.18,normal,0,valid,-15.0dB,-15.2dB,na,na,,,,
2025-07-30 21:14:53.228065,PHY,0x4601,1,0,na,"[0,",0,0,1,1033.0,+15.9dB,15.1us,"[0,",1,825.19,normal,0,valid,-15.0dB,-15.1dB,na,na,,,,
2025-07-30 21:14:53.232206,CSI,0x4601,2,,na,"[0,",,,1,,+35.4dB,15.3us,"[0,",1,826.8,normal,0,valid,-12.1dB,-12.1dB,0.19us,+0.3Hz,,"[6,",1101,1
2025-07-30 21:14:53.233135,PHY,0x4601,1,0,na,"[0,",0,0,1,1062.6,+16.0dB,16.6us,"[0,",1,826.9,normal,0,valid,-15.0dB,-15.1dB,na,na,,,,
2025-07-30 21:14:53.236691,PHY,0x4601,2,,na,"[0,",,,11111,,+33.4dB,17.2us,"[0,",1,826.17,normal,0,valid,-11.9dB,-12.0dB,0.19us,+99.3Hz,,"[6,",,1
2025-07-30 21:14:53.237622,PHY,0x4601,1,0,na,"[0,",0,0,1,1057.5,+16.0dB,15.9us,"[0,",1,826.18,normal,0,valid,-15.0dB,-15.2dB,na,na,,,,
2025-07-30 21:14:53.238097,PHY,0x4601,1,0,na,"[0,",0,0,1,1042.2,+15.9dB,13.7us,"[0,",1,826.19,normal,0,valid,-15.1dB,-15.2dB,na,na,,,,
2025-07-30 21:14:53.242599,PHY,0x4601,1,0,na,"[0,",0,0,1,1554.9,+17.7dB,27.3us,"[0,",1,827.8,normal,0,valid,-15.1dB,-15.1dB,na,na,,,,
2025-07-30 21:14:53.243167,PHY,0x4601,1,0,na,"[0,",0,0,1,1487.4,+17.4dB,19.3us,"[0,",1,827.9,normal,0,valid,-15.1dB,-15.2dB,na,na,,,,
2025-07-30 21:14:53.246745,PHY,0x4601,2,,na,"[0,",,,11111,,+29.1dB,15.3us,"[0,",1,827.17,normal,0,valid,-12.0dB,-12.1dB,0.19us,+105.0Hz,,"[6,",,1
2025-07-30 21:14:53.247657,PHY,0x4601,1,0,na,"[0,",0,0,1,1083.1,+16.1dB,15.7us,"[0,",1,827.18,normal,0,valid,-15.0dB,-15.1dB,na,na,,,,
2025-07-30 21:14:53.248130,PHY,0x4601,1,0,na,"[0,",0,0,1,1082.4,+16.1dB,16.5us,"[0,",1,827.19,normal,0,valid,-15.0dB,-15.1dB,na,na,,,,
2025-07-30 21:14:53.252229,CSI,0x4601,2,,na,"[0,",,,1,,+36.0dB,13.7us,"[0,",1,828.8,normal,0,valid,-12.0dB,-12.1dB,0.19us,+81.7Hz,,"[6,",1101,1
2025-07-30 21:14:53.253087,PHY,0x4601,1,0,na,"[0,",0,0,1,1020.3,+15.8dB,15.6us,"[0,",1,828.9,normal,0,valid,-15.1dB,-15.2dB,na,na,,,,
2025-07-30 21:14:53.256741,PHY,0x4601,2,,na,"[0,",,,11111,,+31.7dB,17.1us,"[0,",1,828.17,normal,0,valid,-12.0dB,-12.0dB,0.20us,+32.2Hz,,"[6,",,1
2025-07-30 21:14:53.257574,PHY,0x4601,1,0,na,"[0,",0,0,1,1406.9,+17.2dB,15.6us,"[0,",1,828.18,normal,0,valid,-15.0dB,-15.1dB,na,na,,,,
2025-07-30 21:14:53.258160,PHY,0x4601,1,0,na,"[0,",0,0,1,1367.4,+17.1dB,16.2us,"[0,",1,828.19,normal,0,valid,-15.1dB,-15.1dB,na,na,,,,
2025-07-30 21:14:53.262654,PHY,0x4601,1,0,na,"[0,",0,0,1,1354.4,+17.0dB,16.9us,"[0,",1,829.8,normal,0,valid,-15.1dB,-15.2dB,na,na,,,,
2025-07-30 21:14:53.263123,PHY,0x4601,1,0,na,"[0,",0,0,1,1400.9,+17.2dB,13.8us,"[0,",1,829.9,normal,0,valid,-15.1dB,-15.2dB,na,na,,,,
2025-07-30 21:14:53.266672,PHY,0x4601,2,,na,"[0,",,,11111,,+27.2dB,21.1us,"[0,",1,829.17,normal,0,valid,-12.2dB,-12.2dB,0.17us,-57.6Hz,,"[6,",,1
2025-07-30 21:14:53.267622,PHY,0x4601,1,0,na,"[0,",0,0,1,1058.8,+16.0dB,28.9us,"[0,",1,829.18,normal,0,valid,-15.0dB,-15.2dB,na,na,,,,
2025-07-30 21:14:53.268086,PHY,0x4601,1,0,na,"[0,",0,0,1,1061.1,+16.0dB,13.7us,"[0,",1,829.19,normal,0,valid,-15.1dB,-15.2dB,na,na,,,,
2025-07-30 21:14:53.272213,CSI,0x4601,2,,na,"[0,",,,1,,+31.0dB,11.7us,"[0,",1,830.8,normal,0,valid,-12.0dB,-12.0dB,0.19us,-6.3Hz,,"[6,",1101,1
2025-07-30 21:14:53.273156,PHY,0x4601,1,0,na,"[0,",0,0,1,1405.4,+17.2dB,15.6us,"[0,",1,830.9,normal,0,valid,-15.0dB,-15.1dB,na,na,,,,
2025-07-30 21:14:53.276709,PHY,0x4601,2,,na,"[0,",,,11111,,+31.6dB,13.6us,"[0,",1,830.17,normal,0,valid,-12.1dB,-12.2dB,0.17us,-27.0Hz,,"[6,",,1
2025-07-30 21:14:53.277640,PHY,0x4601,1,0,na,"[0,",0,0,1,1022.5,+15.8dB,17.1us,"[0,",1,830.18,normal,0,valid,-15.0dB,-15.1dB,na,na,,,,
2025-07-30 21:14:53.278118,PHY,0x4601,1,0,na,"[0,",0,0,1,1112.8,+16.2dB,18.6us,"[0,",1,830.19,normal,0,valid,-15.1dB,-15.1dB,na,na,,,,
2025-07-30 21:14:53.282627,PHY,0x4601,1,0,na,"[0,",0,0,1,1440.8,+17.3dB,17.5us,"[0,",1,831.8,normal,0,valid,-15.1dB,-15.2dB,na,na,,,,
2025-07-30 21:14:53.283079,PHY,0x4601,1,0,na,"[0,",0,0,1,1384.2,+17.2dB,14.8us,"[0,",1,831.9,normal,0,valid,-15.1dB,-15.2dB,na,na,,,,
2025-07-30 21:14:53.286764,PHY,0x4601,2,,na,"[0,",,,11111,,+32.6dB,16.5us,"[0,",1,831.17,normal,0,valid,-12.2dB,-12.2dB,0.18us,-65.0Hz,,"[6,",,1
2025-07-30 21:14:53.287570,PHY,0x4601,1,0,na,"[0,",0,0,1,1052.1,+16.0dB,19.5us,"[0,",1,831.18,normal,0,valid,-15.0dB,-15.1dB,na,na,,,,
2025-07-30 21:14:53.288145,PHY,0x4601,1,0,na,"[0,",0,0,1,1037.0,+15.9dB,15.9us,"[0,",1,831.19,normal,0,valid,-15.1dB,-15.2dB,na,na,,,,
2025-07-30 21:14:53.292244,CSI,0x4601,2,,na,"[0,",,,1,,+30.5dB,13.2us,"[0,",1,832.8,normal,0,valid,-12.0dB,-12.0dB,0.19us,-121.6Hz,,"[6,",1101,1
2025-07-30 21:14:53.293109,PHY,0x4601,1,0,na,"[0,",0,0,1,1033.4,+15.9dB,16.7us,"[0,",1,832.9,normal,0,valid,-15.1dB,-15.2dB,na,na,,,,
2025-07-30 21:14:53.296658,PHY,0x4601,2,,na,"[0,",,,11111,,+31.5dB,20.4us,"[0,",1,832.17,normal,0,valid,-12.1dB,-12.1dB,0.19us,+104.9Hz,,"[6,",,1
2025-07-30 21:14:53.297599,PHY,0x4601,1,0,na,"[0,",0,0,1,1011.9,+15.8dB,15.7us,"[0,",1,832.18,normal,0,valid,-15.1dB,-15.2dB,na,na,,,,
2025-07-30 21:14:53.298077,PHY,0x4601,1,0,na,"[0,",0,0,1,1027.4,+15.9dB,17.2us,"[0,",1,832.19,normal,0,valid,-15.0dB,-15.2dB,na,na,,,,
2025-07-30 21:14:53.302672,PHY,0x4601,1,0,na,"[0,",0,0,1,1399.2,+17.2dB,16.7us,"[0,",1,833.8,normal,0,valid,-15.1dB,-15.2dB,na,na,,,,
2025-07-30 21:14:53.303137,PHY,0x4601,1,0,na,"[0,",0,0,1,1430.1,+17.3dB,14.2us,"[0,",1,833.9,normal,0,valid,-15.1dB,-15.2dB,na,na,,,,
2025-07-30 21:14:53.306693,PHY,0x4601,2,,na,"[0,",,,11111,,+32.9dB,15.3us,"[0,",1,833.17,normal,0,valid,-12.2dB,-12.2dB,0.20us,+37.1Hz,,"[6,",,1
2025-07-30 21:14:53.307622,PHY,0x4601,1,0,na,"[0,",0,0,1,1395.1,+17.2dB,15.6us,"[0,",1,833.18,normal,0,valid,-15.0dB,-15.1dB,na,na,,,,
2025-07-30 21:14:53.308101,PHY,0x4601,1,0,na,"[0,",0,0,1,1357.8,+17.1dB,14.1us,"[0,",1,833.19,normal,0,valid,-15.0dB,-15.1dB,na,na,,,,
2025-07-30 21:14:53.312242,CSI,0x4601,2,,na,"[0,",,,1,,+32.2dB,15.3us,"[0,",1,834.8,normal,0,valid,-11.9dB,-12.0dB,0.19us,-25.3Hz,,"[6,",1101,1
2025-07-30 21:14:53.313064,PHY,0x4601,1,0,na,"[0,",0,0,1,1490.7,+17.5dB,16.2us,"[0,",1,834.9,normal,0,valid,-15.1dB,-15.1dB,na,na,,,,
2025-07-30 21:14:53.316716,PHY,0x4601,2,,na,"[0,",,,11111,,+31.7dB,14.1us,"[0,",1,834.17,normal,0,valid,-12.0dB,-12.1dB,0.21us,+6.3Hz,,"[6,",,1
2025-07-30 21:14:53.317661,PHY,0x4601,1,0,na,"[0,",0,0,1,1351.4,+17.1dB,16.1us,"[0,",1,834.18,normal,0,valid,-15.0dB,-15.1dB,na,na,,,,
2025-07-30 21:14:53.318134,PHY,0x4601,1,0,na,"[0,",0,0,1,1394.6,+17.2dB,14.1us,"[0,",1,834.19,normal,0,valid,-15.0dB,-15.1dB,na,na,,,,
2025-07-30 21:14:53.322645,PHY,0x4601,1,0,na,"[0,",0,0,1,1359.1,+17.1dB,15.8us,"[0,",1,835.8,normal,0,valid,-15.1dB,-15.2dB,na,na,,,,
2025-07-30 21:14:53.323094,PHY,0x4601,1,0,na,"[0,",0,0,1,1432.2,+17.3dB,14.3us,"[0,",1,835.9,normal,0,valid,-15.1dB,-15.2dB,na,na,,,,
2025-07-30 21:14:53.326644,PHY,0x4601,2,,na,"[0,",,,11111,,+27.5dB,20.9us,"[0,",1,835.17,normal,0,valid,-12.1dB,-12.1dB,0.18us,-29.0Hz,,"[6,",,1
2025-07-30 21:14:53.327588,PHY,0x4601,1,0,na,"[0,",0,0,1,1025.1,+15.9dB,15.9us,"[0,",1,835.18,normal,0,valid,-15.1dB,-15.2dB,na,na,,,,
2025-07-30 21:14:53.328170,PHY,0x4601,1,0,na,"[0,",0,0,1,1033.1,+15.9dB,14.0us,"[0,",1,835.19,normal,0,valid,-15.1dB,-15.2dB,na,na,,,,
2025-07-30 21:14:53.332197,CSI,0x4601,2,,na,"[0,",,,1,,+34.0dB,20.9us,"[0,",1,836.8,normal,0,valid,-12.0dB,-12.0dB,0.21us,+43.1Hz,,"[6,",1101,1
2025-07-30 21:14:53.333124,PHY,0x4601,1,0,na,"[0,",0,0,1,1320.9,+17.0dB,17.4us,"[0,",1,836.9,normal,0,valid,-15.1dB,-15.1dB,na,na,,,,
2025-07-30 21:14:53.336670,PHY,0x4601,2,,na,"[0,",,,11111,,+31.1dB,13.9us,"[0,",1,836.17,normal,0,valid,-12.0dB,-12.0dB,0.19us,+40.0Hz,,"[6,",,1
2025-07-30 21:14:53.337615,PHY,0x4601,1,0,na,"[0,",0,0,1,1424.6,+17.3dB,16.7us,"[0,",1,836.18,normal,0,valid,-15.0dB,-15.1dB,na,na,,,,
2025-07-30 21:14:53.338091,PHY,0x4601,1,0,na,"[0,",0,0,1,1426.3,+17.3dB,16.2us,"[0,",1,836.19,normal,0,valid,-15.0dB,-15.1dB,na,na,,,,
2025-07-30 21:14:53.342588,PHY,0x4601,1,0,na,"[0,",0,0,1,1511.3,+17.5dB,17.8us,"[0,",1,837.8,normal,0,valid,-15.1dB,-15.2dB,na,na,,,,
2025-07-30 21:14:53.343159,PHY,0x4601,1,0,na,"[0,",0,0,1,1394.6,+17.2dB,15.2us,"[0,",1,837.9,normal,0,valid,-15.1dB,-15.2dB,na,na,,,,
2025-07-30 21:14:53.346725,PHY,0x4601,2,,na,"[0,",,,11111,,+29.2dB,16.2us,"[0,",1,837.17,normal,0,valid,-12.2dB,-12.2dB,0.20us,-18.9Hz,,"[6,",,1
2025-07-30 21:14:53.347648,PHY,0x4601,1,0,na,"[0,",0,0,1,1325.2,+17.0dB,18.9us,"[0,",1,837.18,normal,0,valid,-15.1dB,-15.1dB,na,na,,,,
2025-07-30 21:14:53.348122,PHY,0x4601,1,0,na,"[0,",0,0,1,1347.8,+17.0dB,14.0us,"[0,",1,837.19,normal,0,valid,-15.0dB,-15.1dB,na,na,,,,
2025-07-30 21:14:53.352220,CSI,0x4601,2,,na,"[0,",,,1,,+31.9dB,13.7us,"[0,",1,838.8,normal,0,valid,-12.1dB,-12.1dB,0.20us,-35.7Hz,,"[6,",1101,1
2025-07-30 21:14:53.353085,PHY,0x4601,1,0,na,"[0,",0,0,1,1054.3,+16.0dB,15.8us,"[0,",1,838.9,normal,0,valid,-15.1dB,-15.2dB,na,na,,,,
2025-07-30 21:14:53.356760,PHY,0x4601,2,,na,"[0,",,,11111,,+29.1dB,16.1us,"[0,",1,838.17,normal,0,valid,-12.1dB,-12.1dB,0.19us,-77.2Hz,,"[6,",,1
2025-07-30 21:14:53.357573,PHY,0x4601,1,0,na,"[0,",0,0,1,1387.3,+17.2dB,16.5us,"[0,",1,838.18,normal,0,valid,-15.1dB,-15.1dB,na,na,,,,
2025-07-30 21:14:53.358158,PHY,0x4601,1,0,na,"[0,",0,0,1,1414.8,+17.2dB,20.0us,"[0,",1,838.19,normal,0,valid,-15.0dB,-15.1dB,na,na,,,,
2025-07-30 21:14:53.362640,PHY,0x4601,1,0,na,"[0,",0,0,1,1416.8,+17.3dB,16.2us,"[0,",1,839.8,normal,0,valid,-15.1dB,-15.2dB,na,na,,,,
2025-07-30 21:14:53.363113,PHY,0x4601,1,0,na,"[0,",0,0,1,1374.2,+17.1dB,14.1us,"[0,",1,839.9,normal,0,valid,-15.1dB,-15.2dB,na,na,,,,
2025-07-30 21:14:53.366660,PHY,0x4601,2,,na,"[0,",,,11111,,+31.9dB,13.8us,"[0,",1,839.17,normal,0,valid,-12.1dB,-12.1dB,0.20us,+67.4Hz,,"[6,",,1
2025-07-30 21:14:53.367605,PHY,0x4601,1,0,na,"[0,",0,0,1,1063.0,+16.0dB,15.6us,"[0,",1,839.18,normal,0,valid,-15.0dB,-15.2dB,na,na,,,,
2025-07-30 21:14:53.368075,PHY,0x4601,1,0,na,"[0,",0,0,1,1131.0,+16.3dB,14.8us,"[0,",1,839.19,normal,0,valid,-15.1dB,-15.1dB,na,na,,,,
2025-07-30 21:14:53.372219,CSI,0x4601,2,,na,"[0,",,,1,,+31.1dB,16.5us,"[0,",1,840.8,normal,0,valid,-11.9dB,-12.0dB,0.21us,+8.0Hz,,"[6,",1101,1
2025-07-30 21:14:53.373149,PHY,0x4601,1,0,na,"[0,",0,0,1,1350.4,+17.0dB,19.6us,"[0,",1,840.9,normal,0,valid,-15.1dB,-15.2dB,na,na,,,,
2025-07-30 21:14:53.376717,PHY,0x4601,2,,na,"[0,",,,11111,,+31.1dB,21.6us,"[0,",1,840.17,normal,0,valid,-12.0dB,-12.0dB,0.19us,+4.3Hz,,"[6,",,1
2025-07-30 21:14:53.377634,PHY,0x4601,1,0,na,"[0,",0,0,1,1343.1,+17.0dB,16.7us,"[0,",1,840.18,normal,0,valid,-15.0dB,-15.2dB,na,na,,,,
2025-07-30 21:14:53.378107,PHY,0x4601,1,0,na,"[0,",0,0,1,1436.5,+17.3dB,15.7us,"[0,",1,840.19,normal,0,valid,-15.0dB,-15.1dB,na,na,,,,
2025-07-30 21:14:53.382609,PHY,0x4601,1,0,na,"[0,",0,0,1,1403.0,+17.2dB,16.0us,"[0,",1,841.8,normal,0,valid,-15.1dB,-15.2dB,na,na,,,,
2025-07-30 21:14:53.383072,PHY,0x4601,1,0,na,"[0,",0,0,1,1499.4,+17.5dB,15.2us,"[0,",1,841.9,normal,0,valid,-15.1dB,-15.2dB,na,na,,,,
2025-07-30 21:14:53.386748,PHY,0x4601,2,,na,"[0,",,,11111,,+31.0dB,14.5us,"[0,",1,841.17,normal,0,valid,-12.1dB,-12.1dB,0.19us,+91.7Hz,,"[6,",,1
2025-07-30 21:14:53.387666,PHY,0x4601,1,0,na,"[0,",0,0,1,1458.0,+17.4dB,16.0us,"[0,",1,841.18,normal,0,valid,-15.1dB,-15.1dB,na,na,,,,
2025-07-30 21:14:53.388135,PHY,0x4601,1,0,na,"[0,",0,0,1,1292.7,+16.8dB,14.1us,"[0,",1,841.19,normal,0,valid,-15.1dB,-15.2dB,na,na,,,,
2025-07-30 21:14:53.392239,CSI,0x4601,2,,na,"[0,",,,1,,+31.1dB,14.7us,"[0,",1,842.8,normal,0,valid,-12.0dB,-12.0dB,0.19us,-38.9Hz,,"[6,",1101,1
2025-07-30 21:14:53.393109,PHY,0x4601,1,0,na,"[0,",0,0,1,1328.6,+17.0dB,19.5us,"[0,",1,842.9,normal,0,valid,-15.0dB,-15.1dB,na,na,,,,
2025-07-30 21:14:53.396647,PHY,0x4601,2,,na,"[0,",,,11111,,+29.9dB,14.5us,"[0,",1,842.17,normal,0,valid,-12.0dB,-12.0dB,0.21us,+96.3Hz,,"[6,",,1
2025-07-30 21:14:53.397592,PHY,0x4601,1,0,na,"[0,",0,0,1,1077.9,+16.1dB,16.2us,"[0,",1,842.18,normal,0,valid,-15.0dB,-15.1dB,na,na,,,,
2025-07-30 21:14:53.398067,PHY,0x4601,1,0,na,"[0,",0,0,1,1014.5,+15.8dB,13.8us,"[0,",1,842.19,normal,0,valid,-15.0dB,-15.1dB,na,na,,,,
2025-07-30 21:14:53.402671,PHY,0x4601,1,0,na,"[0,",0,0,1,1405.3,+17.2dB,20.8us,"[0,",1,843.8,normal,0,valid,-15.1dB,-15.2dB,na,na,,,,
2025-07-30 21:14:53.403134,PHY,0x4601,1,0,na,"[0,",0,0,1,1419.9,+17.3dB,14.2us,"[0,",1,843.9,normal,0,valid,-15.1dB,-15.2dB,na,na,,,,
2025-07-30 21:14:53.406689,PHY,0x4601,2,,na,"[0,",,,11111,,+31.5dB,14.7us,"[0,",1,843.17,normal,0,valid,-12.1dB,-12.1dB,0.20us,-40.7Hz,,"[6,",,1
2025-07-30 21:14:53.407619,PHY,0x4601,1,0,na,"[0,",0,0,1,1394.4,+17.2dB,15.2us,"[0,",1,843.18,normal,0,valid,-15.1dB,-15.2dB,na,na,,,,
2025-07-30 21:14:53.408096,PHY,0x4601,1,0,na,"[0,",0,0,1,1382.0,+17.1dB,14.5us,"[0,",1,843.19,normal,0,valid,-15.0dB,-15.1dB,na,na,,,,
2025-07-30 21:14:53.412219,CSI,0x4601,2,,na,"[0,",,,1,,+32.5dB,11.5us,"[0,",1,844.8,normal,0,valid,-12.0dB,-12.1dB,0.20us,+21.2Hz,,"[6,",1101,1
2025-07-30 21:14:53.413164,PHY,0x4601,1,0,na,"[0,",0,0,1,1345.0,+17.0dB,15.2us,"[0,",1,844.9,normal,0,valid,-15.1dB,-15.2dB,na,na,,,,
2025-07-30 21:14:53.416710,PHY,0x4601,2,,na,"[0,",,,11111,,+30.2dB,14.9us,"[0,",1,844.17,normal,0,valid,-12.1dB,-12.1dB,0.19us,+92.3Hz,,"[6,",,1
2025-07-30 21:14:53.417653,PHY,0x4601,1,0,na,"[0,",0,0,1,1367.8,+17.1dB,17.5us,"[0,",1,844.18,normal,0,valid,-15.0dB,-15.1dB,na,na,,,,
2025-07-30 21:14:53.418122,PHY,0x4601,1,0,na,"[0,",0,0,1,1376.6,+17.1dB,15.9us,"[0,",1,844.19,normal,0,valid,-15.0dB,-15.1dB,na,na,,,,
2025-07-30 21:14:53.422625,PHY,0x4601,1,0,na,"[0,",0,0,1,1454.7,+17.4dB,16.0us,"[0,",1,845.8,normal,0,valid,-15.1dB,-15.2dB,na,na,,,,
2025-07-30 21:14:53.423088,PHY,0x4601,1,0,na,"[0,",0,0,1,1469.6,+17.4dB,15.5us,"[0,",1,845.9,normal,0,valid,-15.1dB,-15.2dB,na,na,,,,
2025-07-30 21:14:53.426764,PHY,0x4601,2,,na,"[0,",,,11111,,+28.9dB,13.9us,"[0,",1,845.17,normal,0,valid,-12.1dB,-12.1dB,0.21us,-0.4Hz,,"[6,",,1
2025-07-30 21:14:53.427583,PHY,0x4601,1,0,na,"[0,",0,0,1,1034.4,+15.9dB,17.5us,"[0,",1,845.18,normal,0,valid,-15.0dB,-15.1dB,na,na,,,,
2025-07-30 21:14:53.428170,PHY,0x4601,1,0,na,"[0,",0,0,1,1025.6,+15.8dB,14.8us,"[0,",1,845.19,normal,0,valid,-15.0dB,-15.2dB,na,na,,,,
2025-07-30 21:14:53.432180,CSI,0x4601,2,,na,"[0,",,,1,,+35.5dB,14.3us,"[0,",1,846.8,normal,0,valid,-12.0dB,-12.0dB,0.20us,-35.2Hz,,"[6,",1101,1
2025-07-30 21:14:53.433120,PHY,0x4601,1,0,na,"[0,",0,0,1,1023.1,+15.8dB,15.2us,"[0,",1,846.9,normal,0,valid,-15.1dB,-15.2dB,na,na,,,,
2025-07-30 21:14:53.436666,PHY,0x4601,2,,na,"[0,",,,11111,,+31.4dB,13.5us,"[0,",1,846.17,normal,0,valid,-12.0dB,-12.1dB,0.20us,-108.3Hz,,"[6,",,1
2025-07-30 21:14:53.437604,PHY,0x4601,1,0,na,"[0,",0,0,1,1038.7,+15.9dB,16.0us,"[0,",1,846.18,normal,0,valid,-15.0dB,-15.2dB,na,na,,,,
2025-07-30 21:14:53.438082,PHY,0x4601,1,0,na,"[0,",0,0,1,1075.5,+16.1dB,14.6us,"[0,",1,846.19,normal,0,valid,-15.0dB,-15.1dB,na,na,,,,
2025-07-30 21:14:53.442583,PHY,0x4601,1,0,na,"[0,",0,0,1,1400.2,+17.2dB,16.2us,"[0,",1,847.8,normal,0,valid,-15.1dB,-15.2dB,na,na,,,,
2025-07-30 21:14:53.443151,PHY,0x4601,1,0,na,"[0,",0,0,1,1394.9,+17.2dB,16.2us,"[0,",1,847.9,normal,0,valid,-15.1dB,-15.2dB,na,na,,,,
2025-07-30 21:14:53.446696,PHY,0x4601,2,,na,"[0,",,,11111,,+32.7dB,13.6us,"[0,",1,847.17,normal,0,valid,-12.1dB,-12.1dB,0.18us,+196.6Hz,,"[6,",,1
2025-07-30 21:14:53.447637,PHY,0x4601,1,0,na,"[0,",0,0,1,1068.7,+16.0dB,15.2us,"[0,",1,847.18,normal,0,valid,-15.0dB,-15.2dB,na,na,,,,
2025-07-30 21:14:53.448111,PHY,0x4601,1,0,na,"[0,",0,0,1,1027.5,+15.9dB,14.5us,"[0,",1,847.19,normal,0,valid,-15.1dB,-15.1dB,na,na,,,,
2025-07-30 21:14:53.452251,CSI,0x4601,2,,na,"[0,",,,1,,+28.4dB,15.2us,"[0,",1,848.8,normal,0,valid,-12.0dB,-12.0dB,0.18us,+54.0Hz,,"[6,",1101,1
2025-07-30 21:14:53.453075,PHY,0x4601,1,0,na,"[0,",0,0,1,1314.9,+16.9dB,16.3us,"[0,",1,848.9,normal,0,valid,-15.1dB,-15.1dB,na,na,,,,
2025-07-30 21:14:53.456739,PHY,0x4601,2,,na,"[0,",,,11111,,+28.0dB,17.0us,"[0,",1,848.17,normal,0,valid,-12.1dB,-12.1dB,0.18us,+50.5Hz,,"[6,",,1
2025-07-30 21:14:53.457564,PHY,0x4601,1,0,na,"[0,",0,0,1,1369.1,+17.1dB,15.7us,"[0,",1,848.18,normal,0,valid,-15.0dB,-15.1dB,na,na,,,,
2025-07-30 21:14:53.458146,PHY,0x4601,1,0,na,"[0,",0,0,1,1335.9,+17.0dB,14.2us,"[0,",1,848.19,normal,0,valid,-15.0dB,-15.1dB,na,na,,,,
2025-07-30 21:14:53.462642,PHY,0x4601,1,0,na,"[0,",0,0,1,1353.5,+17.1dB,16.3us,"[0,",1,849.8,normal,0,valid,-15.1dB,-15.1dB,na,na,,,,
2025-07-30 21:14:53.463106,PHY,0x4601,1,0,na,"[0,",0,0,1,1481.6,+17.4dB,14.0us,"[0,",1,849.9,normal,0,valid,-15.1dB,-15.2dB,na,na,,,,
2025-07-30 21:14:53.466654,PHY,0x4601,2,,na,"[0,",,,11111,,+34.3dB,14.2us,"[0,",1,849.17,normal,0,valid,-12.0dB,-12.0dB,0.19us,+46.8Hz,,"[6,",,1
2025-07-30 21:14:53.467599,PHY,0x4601,1,0,na,"[0,",0,0,1,963.0,+15.6dB,15.0us,"[0,",1,849.18,normal,0,valid,-15.1dB,-15.2dB,na,na,,,,
2025-07-30 21:14:53.468074,PHY,0x4601,1,0,na,"[0,",0,0,1,990.8,+15.7dB,15.3us,"[0,",1,849.19,normal,0,valid,-15.1dB,-15.2dB,na,na,,,,
2025-07-30 21:14:53.472208,CSI,0x4601,2,,na,"[0,",,,1,,+32.4dB,15.9us,"[0,",1,850.8,normal,0,valid,-12.0dB,-12.0dB,0.20us,-23.9Hz,,"[6,",1101,1
2025-07-30 21:14:53.473137,PHY,0x4601,1,0,na,"[0,",0,0,1,1351.4,+17.1dB,15.8us,"[0,",1,850.9,normal,0,valid,-15.1dB,-15.1dB,na,na,,,,
2025-07-30 21:14:53.476696,PHY,0x4601,2,,na,"[0,",,,11111,,+31.6dB,14.3us,"[0,",1,850.17,normal,0,valid,-11.9dB,-12.0dB,0.18us,+4.3Hz,,"[6,",,1
2025-07-30 21:14:53.477629,PHY,0x4601,1,0,na,"[0,",0,0,1,1333.9,+17.0dB,18.0us,"[0,",1,850.18,normal,0,valid,-15.1dB,-15.1dB,na,na,,,,
2025-07-30 21:14:53.478106,PHY,0x4601,1,0,na,"[0,",0,0,1,1382.4,+17.2dB,16.0us,"[0,",1,850.19,normal,0,valid,-15.0dB,-15.1dB,na,na,,,,
2025-07-30 21:14:53.482590,PHY,0x4601,1,0,na,"[0,",0,0,1,1274.0,+16.8dB,16.9us,"[0,",1,851.8,normal,0,valid,-15.1dB,-15.1dB,na,na,,,,
2025-07-30 21:14:53.483096,PHY,0x4601,1,0,na,"[0,",0,0,1,1466.3,+17.5dB,13.8us,"[0,",1,851.9,normal,0,valid,-15.1dB,-15.1dB,na,na,,,,
2025-07-30 21:14:53.486720,PHY,0x4601,2,,na,"[0,",,,11111,,+30.7dB,14.9us,"[0,",1,851.17,normal,0,valid,-12.0dB,-12.1dB,0.18us,-27.5Hz,,"[6,",,1
2025-07-30 21:14:53.487661,PHY,0x4601,1,0,na,"[0,",0,0,1,1065.2,+16.0dB,15.4us,"[0,",1,851.18,normal,0,valid,-15.0dB,-15.2dB,na,na,,,,
2025-07-30 21:14:53.488134,PHY,0x4601,1,0,na,"[0,",0,0,1,996.5,+15.8dB,15.9us,"[0,",1,851.19,normal,0,valid,-15.1dB,-15.1dB,na,na,,,,
2025-07-30 21:14:53.492227,CSI,0x4601,2,,na,"[0,",,,1,,+29.2dB,14.5us,"[0,",1,852.8,normal,0,valid,-11.9dB,-12.0dB,0.21us,+23.2Hz,,"[6,",1101,1
2025-07-30 21:14:53.493099,PHY,0x4601,1,0,na,"[0,",0,0,1,1494.1,+17.5dB,16.8us,"[0,",1,852.9,normal,0,valid,-15.1dB,-15.1dB,na,na,,,,
2025-07-30 21:14:53.496638,PHY,0x4601,2,,na,"[0,",,,11111,,+32.0dB,14.2us,"[0,",1,852.17,normal,0,valid,-12.0dB,-12.1dB,0.20us,+25.5Hz,,"[6,",,1
2025-07-30 21:14:53.497581,PHY,0x4601,1,0,na,"[0,",0,0,1,1184.1,+16.5dB,16.4us,"[0,",1,852.18,normal,0,valid,-15.1dB,-15.2dB,na,na,,,,
2025-07-30 21:14:53.498167,PHY,0x4601,1,0,na,"[0,",0,0,1,1072.3,+16.1dB,13.5us,"[0,",1,852.19,normal,0,valid,-15.0dB,-15.1dB,na,na,,,,
2025-07-30 21:14:53.502654,PHY,0x4601,1,0,na,"[0,",0,0,1,1429.1,+17.3dB,16.7us,"[0,",1,853.8,normal,0,valid,-15.1dB,-15.2dB,na,na,,,,
2025-07-30 21:14:53.503119,PHY,0x4601,1,0,na,"[0,",0,0,1,1336.9,+17.0dB,13.7us,"[0,",1,853.9,normal,0,valid,-15.1dB,-15.2dB,na,na,,,,
2025-07-30 21:14:53.506675,PHY,0x4601,2,,na,"[0,",,,11111,,+34.6dB,14.8us,"[0,",1,853.17,normal,0,valid,-12.1dB,-12.2dB,0.21us,+70.7Hz,,"[6,",,1
2025-07-30 21:14:53.507613,PHY,0x4601,1,0,na,"[0,",0,0,1,1097.7,+16.1dB,16.2us,"[0,",1,853.18,normal,0,valid,-15.0dB,-15.1dB,na,na,,,,
2025-07-30 21:14:53.508089,PHY,0x4601,1,0,na,"[0,",0,0,1,973.6,+15.6dB,13.7us,"[0,",1,853.19,normal,0,valid,-15.0dB,-15.2dB,na,na,,,,
2025-07-30 21:14:53.512224,CSI,0x4601,2,,na,"[0,",,,1,,+31.7dB,14.6us,"[0,",1,854.8,normal,0,valid,-12.1dB,-12.1dB,0.20us,+38.0Hz,,"[6,",1101,1
2025-07-30 21:14:53.513163,PHY,0x4601,1,0,na,"[0,",0,0,1,1416.8,+17.2dB,15.9us,"[0,",1,854.9,normal,0,valid,-15.1dB,-15.2dB,na,na,,,,
2025-07-30 21:14:53.516722,PHY,0x4601,2,,na,"[0,",,,11111,,+29.3dB,17.2us,"[0,",1,854.17,normal,0,valid,-12.2dB,-12.2dB,0.22us,+37.6Hz,,"[6,",,1
2025-07-30 21:14:53.517652,PHY,0x4601,1,0,na,"[0,",0,0,1,1117.6,+16.2dB,18.3us,"[0,",1,854.18,normal,0,valid,-15.0dB,-15.1dB,na,na,,,,
2025-07-30 21:14:53.518118,PHY,0x4601,1,0,na,"[0,",0,0,1,1030.4,+15.9dB,14.8us,"[0,",1,854.19,normal,0,valid,-15.1dB,-15.2dB,na,na,,,,
2025-07-30 21:14:53.522609,PHY,0x4601,1,0,na,"[0,",0,0,1,1384.3,+17.2dB,15.9us,"[0,",1,855.8,normal,0,valid,-15.1dB,-15.1dB,na,na,,,,
2025-07-30 21:14:53.523081,PHY,0x4601,1,0,na,"[0,",0,0,1,1396.1,+17.2dB,16.4us,"[0,",1,855.9,normal,0,valid,-15.1dB,-15.2dB,na,na,,,,
2025-07-30 21:14:53.526780,PHY,0x4601,2,,na,"[0,",,,11111,,+31.1dB,14.1us,"[0,",1,855.17,normal,0,valid,-12.1dB,-12.1dB,0.20us,-29.9Hz,,"[6,",,1
2025-07-30 21:14:53.527576,PHY,0x4601,1,0,na,"[0,",0,0,1,1290.7,+16.8dB,15.8us,"[0,",1,855.18,normal,0,valid,-15.0dB,-15.1dB,na,na,,,,
2025-07-30 21:14:53.528148,PHY,0x4601,1,0,na,"[0,",0,0,1,1317.6,+16.9dB,14.7us,"[0,",1,855.19,normal,0,valid,-15.1dB,-15.1dB,na,na,,,,
2025-07-30 21:14:53.532261,CSI,0x4601,2,,na,"[0,",,,1,,+29.8dB,14.8us,"[0,",1,856.8,normal,0,valid,-12.0dB,-12.0dB,0.19us,-52.3Hz,,"[6,",1111,1
2025-07-30 21:14:53.533118,PHY,0x4601,1,0,na,"[0,",0,0,1,1248.5,+16.7dB,15.8us,"[0,",1,856.9,normal,0,valid,-15.0dB,-15.2dB,na,na,,,,
2025-07-30 21:14:53.536656,PHY,0x4601,2,,na,"[0,",,,11111,,+32.4dB,13.9us,"[0,",1,856.17,normal,0,valid,-12.0dB,-12.1dB,0.20us,-56.7Hz,,"[6,",,1
2025-07-30 21:14:53.537603,PHY,0x4601,1,0,na,"[0,",0,0,1,1386.9,+17.1dB,17.2us,"[0,",1,856.18,normal,0,valid,-15.0dB,-15.1dB,na,na,,,,
2025-07-30 21:14:53.538073,PHY,0x4601,1,0,na,"[0,",0,0,1,1375.9,+17.1dB,14.0us,"[0,",1,856.19,normal,0,valid,-15.0dB,-15.1dB,na,na,,,,
2025-07-30 21:14:53.542569,PHY,0x4601,1,0,na,"[0,",0,0,1,1390.8,+17.2dB,16.5us,"[0,",1,857.8,normal,0,valid,-15.1dB,-15.1dB,na,na,,,,
2025-07-30 21:14:53.543149,PHY,0x4601,1,0,na,"[0,",0,0,1,1319.9,+17.0dB,20.4us,"[0,",1,857.9,normal,0,valid,-15.1dB,-15.1dB,na,na,,,,
2025-07-30 21:14:53.546716,PHY,0x4601,2,,na,"[0,",,,11111,,+30.1dB,17.7us,"[0,",1,857.17,normal,0,valid,-12.0dB,-12.0dB,0.19us,+38.2Hz,,"[6,",,1
2025-07-30 21:14:53.547634,PHY,0x4601,1,0,na,"[0,",0,0,1,1031.5,+15.9dB,15.2us,"[0,",1,857.18,normal,0,valid,-15.0dB,-15.1dB,na,na,,,,
2025-07-30 21:14:53.548103,PHY,0x4601,1,0,na,"[0,",0,0,1,1014.8,+15.8dB,14.6us,"[0,",1,857.19,normal,0,valid,-15.0dB,-15.1dB,na,na,,,,
2025-07-30 21:14:53.552240,CSI,0x4601,2,,na,"[0,",,,1,,+31.0dB,14.8us,"[0,",1,858.8,normal,0,valid,-12.1dB,-12.1dB,0.21us,+14.6Hz,,"[6,",1111,1
2025-07-30 21:14:53.553073,PHY,0x4601,1,0,na,"[0,",0,0,1,1020.1,+15.8dB,16.6us,"[0,",1,858.9,normal,0,valid,-15.0dB,-15.2dB,na,na,,,,
2025-07-30 21:14:53.556721,PHY,0x4601,2,,na,"[0,",,,11111,,+30.5dB,16.3us,"[0,",1,858.17,normal,0,valid,-12.1dB,-12.2dB,0.19us,-36.0Hz,,"[6,",,1
2025-07-30 21:14:53.557665,PHY,0x4601,1,0,na,"[0,",0,0,1,1014.8,+15.8dB,15.1us,"[0,",1,858.18,normal,0,valid,-15.0dB,-15.2dB,na,na,,,,
2025-07-30 21:14:53.558143,PHY,0x4601,1,0,na,"[0,",0,0,1,1020.4,+15.8dB,21.3us,"[0,",1,858.19,normal,0,valid,-15.1dB,-15.2dB,na,na,,,,
2025-07-30 21:14:53.562627,PHY,0x4601,1,0,na,"[0,",0,0,1,1338.0,+17.0dB,17.3us,"[0,",1,859.8,normal,0,valid,-15.1dB,-15.1dB,na,na,,,,
2025-07-30 21:14:53.563111,PHY,0x4601,1,0,na,"[0,",0,0,1,1527.7,+17.6dB,14.6us,"[0,",1,859.9,normal,0,valid,-15.1dB,-15.2dB,na,na,,,,
2025-07-30 21:14:53.566657,PHY,0x4601,2,,na,"[0,",,,11111,,+31.6dB,20.8us,"[0,",1,859.17,normal,0,valid,-12.0dB,-12.0dB,0.19us,-5.5Hz,,"[6,",,1
2025-07-30 21:14:53.567594,PHY,0x4601,1,0,na,"[0,",0,0,1,1322.7,+17.0dB,16.2us,"[0,",1,859.18,normal,0,valid,-15.0dB,-15.1dB,na,na,,,,
2025-07-30 21:14:53.568064,PHY,0x4601,1,0,na,"[0,",0,0,1,1370.6,+17.1dB,14.4us,"[0,",1,859.19,normal,0,valid,-15.1dB,-15.2dB,na,na,,,,
2025-07-30 21:14:53.572272,CSI,0x4601,2,,na,"[0,",,,1,,+30.8dB,14.1us,"[0,",1,860.8,normal,0,valid,-12.0dB,-12.0dB,0.18us,-29.1Hz,,"[6,",1111,1
2025-07-30 21:14:53.573142,PHY,0x4601,1,0,na,"[0,",0,0,1,1042.5,+15.9dB,18.1us,"[0,",1,860.9,normal,0,valid,-15.1dB,-15.2dB,na,na,,,,
2025-07-30 21:14:53.576690,PHY,0x4601,2,,na,"[0,",,,11111,,+32.0dB,14.8us,"[0,",1,860.17,normal,0,valid,-12.0dB,-12.1dB,0.20us,+6.3Hz,,"[6,",,1
2025-07-30 21:14:53.577621,PHY,0x4601,1,0,na,"[0,",0,0,1,1438.0,+17.3dB,16.0us,"[0,",1,860.18,normal,0,valid,-15.1dB,-15.1dB,na,na,,,,
2025-07-30 21:14:53.578096,PHY,0x4601,1,0,na,"[0,",0,0,1,1250.3,+16.7dB,15.0us,"[0,",1,860.19,normal,0,valid,-15.1dB,-15.1dB,na,na,,,,
2025-07-30 21:14:53.582591,PHY,0x4601,1,0,na,"[0,",0,0,1,1409.3,+17.2dB,16.7us,"[0,",1,861.8,normal,0,valid,-15.1dB,-15.2dB,na,na,,,,
2025-07-30 21:14:53.583167,PHY,0x4601,1,0,na,"[0,",0,0,1,1493.2,+17.5dB,14.6us,"[0,",1,861.9,normal,0,valid,-15.1dB,-15.2dB,na,na,,,,
2025-07-30 21:14:53.586724,PHY,0x4601,2,,na,"[0,",,,11111,,+29.8dB,20.5us,"[0,",1,861.17,normal,0,valid,-12.0dB,-12.1dB,0.20us,-5.0Hz,,"[6,",,1
2025-07-30 21:14:53.587655,PHY,0x4601,1,0,na,"[0,",0,0,1,1038.9,+15.9dB,17.8us,"[0,",1,861.18,normal,0,valid,-15.0dB,-15.2dB,na,na,,,,
2025-07-30 21:14:53.588120,PHY,0x4601,1,0,na,"[0,",0,0,1,1079.7,+16.1dB,14.9us,"[0,",1,861.19,normal,0,valid,-15.0dB,-15.1dB,na,na,,,,
2025-07-30 21:14:53.592251,CSI,0x4601,2,,na,"[0,",,,1,,+32.6dB,24.9us,"[0,",1,862.8,normal,0,valid,-11.9dB,-11.9dB,0.19us,-114.0Hz,,"[6,",1111,1
2025-07-30 21:14:53.593097,PHY,0x4601,1,0,na,"[0,",0,0,1,1067.0,+16.0dB,16.0us,"[0,",1,862.9,normal,0,valid,-15.0dB,-15.2dB,na,na,,,,
2025-07-30 21:14:53.596746,PHY,0x4601,2,,na,"[0,",,,11111,,+30.9dB,15.0us,"[0,",1,862.17,normal,0,valid,-12.1dB,-12.2dB,0.20us,-10.4Hz,,"[6,",,1
2025-07-30 21:14:53.597586,PHY,0x4601,1,0,na,"[0,",0,0,1,1396.2,+17.2dB,26.0us,"[0,",1,862.18,normal,0,valid,-15.1dB,-15.1dB,na,na,,,,
2025-07-30 21:14:53.598159,PHY,0x4601,1,0,na,"[0,",0,0,1,1334.9,+17.0dB,16.7us,"[0,",1,862.19,normal,0,valid,-15.1dB,-15.1dB,na,na,,,,
2025-07-30 21:14:53.602655,PHY,0x4601,1,0,na,"[0,",0,0,1,1279.9,+16.8dB,17.0us,"[0,",1,863.8,normal,0,valid,-15.0dB,-15.2dB,na,na,,,,
2025-07-30 21:14:53.603120,PHY,0x4601,1,0,na,"[0,",0,0,1,1512.6,+17.5dB,14.5us,"[0,",1,863.9,normal,0,valid,-15.1dB,-15.2dB,na,na,,,,
2025-07-30 21:14:53.606667,PHY,0x4601,2,,na,"[0,",,,11111,,+29.4dB,14.4us,"[0,",1,863.17,normal,0,valid,-12.0dB,-12.1dB,0.20us,+7.0Hz,,"[6,",,1
2025-07-30 21:14:53.607615,PHY,0x4601,1,0,na,"[0,",0,0,1,1076.8,+16.1dB,16.2us,"[0,",1,863.18,normal,0,valid,-15.0dB,-15.1dB,na,na,,,,
2025-07-30 21:14:53.608085,PHY,0x4601,1,0,na,"[0,",0,0,1,1068.8,+16.0dB,15.8us,"[0,",1,863.19,normal,0,valid,-15.0dB,-15.1dB,na,na,,,,
2025-07-30 21:14:53.612241,CSI,0x4601,2,,na,"[0,",,,1,,+30.9dB,12.4us,"[0,",1,864.8,normal,0,valid,-12.1dB,-12.1dB,0.19us,-88.9Hz,,"[6,",1111,1
2025-07-30 21:14:53.613158,PHY,0x4601,1,0,na,"[0,",0,0,1,1032.1,+15.9dB,15.4us,"[0,",1,864.9,normal,0,valid,-15.1dB,-15.2dB,na,na,,,,
2025-07-30 21:14:53.616711,PHY,0x4601,2,,na,"[0,",,,11111,,+34.2dB,14.1us,"[0,",1,864.17,normal,0,valid,-12.1dB,-12.1dB,0.20us,+5.2Hz,,"[6,",,1
2025-07-30 21:14:53.617638,PHY,0x4601,1,0,na,"[0,",0,0,1,1026.4,+15.8dB,16.2us,"[0,",1,864.18,normal,0,valid,-15.0dB,-15.2dB,na,na,,,,
2025-07-30 21:14:53.618115,PHY,0x4601,1,0,na,"[0,",0,0,1,987.9,+15.7dB,14.5us,"[0,",1,864.19,normal,0,valid,-15.1dB,-15.2dB,na,na,,,,
2025-07-30 21:14:53.622646,PHY,0x4601,1,0,na,"[0,",0,0,1,1316.3,+16.9dB,16.9us,"[0,",1,865.8,normal,0,valid,-15.1dB,-15.2dB,na,na,,,,
2025-07-30 21:14:53.623073,PHY,0x4601,1,0,na,"[0,",0,0,1,1336.0,+17.0dB,14.4us,"[0,",1,865.9,normal,0,valid,-15.1dB,-15.1dB,na,na,,,,
2025-07-30 21:14:53.626757,PHY,0x4601,2,,na,"[0,",,,11111,,+31.3dB,16.3us,"[0,",1,865.17,normal,0,valid,-12.0dB,-12.0dB,0.18us,-110.8Hz,,"[6,",,1
2025-07-30 21:14:53.627566,PHY,0x4601,1,0,na,"[0,",0,0,1,1346.6,+17.0dB,15.9us,"[0,",1,865.18,normal,0,valid,-15.1dB,-15.1dB,na,na,,,,
2025-07-30 21:14:53.628144,PHY,0x4601,1,0,na,"[0,",0,0,1,1364.5,+17.1dB,14.8us,"[0,",1,865.19,normal,0,valid,-15.1dB,-15.1dB,na,na,,,,
2025-07-30 21:14:53.632253,CSI,0x4601,2,,na,"[0,",,,1,,+30.2dB,13.9us,"[0,",1,866.8,normal,0,valid,-11.9dB,-11.9dB,0.20us,+39.8Hz,,"[6,",1111,1
2025-07-30 21:14:53.633109,PHY,0x4601,1,0,na,"[0,",0,0,1,994.8,+15.7dB,15.6us,"[0,",1,866.9,normal,0,valid,-15.0dB,-15.1dB,na,na,,,,
2025-07-30 21:14:53.636650,PHY,0x4601,2,,na,"[0,",,,11111,,+29.2dB,14.2us,"[0,",1,866.17,normal,0,valid,-12.3dB,-12.3dB,0.20us,-34.1Hz,,"[6,",,1
2025-07-30 21:14:53.637596,PHY,0x4601,1,0,na,"[0,",0,0,1,1058.1,+16.0dB,17.1us,"[0,",1,866.18,normal,0,valid,-15.0dB,-15.1dB,na,na,,,,
2025-07-30 21:14:53.638073,PHY,0x4601,1,0,na,"[0,",0,0,1,1039.9,+15.9dB,16.3us,"[0,",1,866.19,normal,0,valid,-15.0dB,-15.1dB,na,na,,,,
2025-07-30 21:14:53.642673,PHY,0x4601,1,0,na,"[0,",0,0,1,1371.1,+17.1dB,16.7us,"[0,",1,867.8,normal,0,valid,-15.1dB,-15.2dB,na,na,,,,
2025-07-30 21:14:53.643140,PHY,0x4601,1,0,na,"[0,",0,0,1,1369.4,+17.1dB,15.5us,"[0,",1,867.9,normal,0,valid,-15.1dB,-15.2dB,na,na,,,,
2025-07-30 21:14:53.646685,PHY,0x4601,2,,na,"[0,",,,11111,,+30.7dB,16.8us,"[0,",1,867.17,normal,0,valid,-12.1dB,-12.1dB,0.18us,-65.1Hz,,"[6,",,1
2025-07-30 21:14:53.647627,PHY,0x4601,1,0,na,"[0,",0,0,1,1072.0,+16.1dB,15.9us,"[0,",1,867.18,normal,0,valid,-15.1dB,-15.1dB,na,na,,,,
2025-07-30 21:14:53.648101,PHY,0x4601,1,0,na,"[0,",0,0,1,1000.4,+15.7dB,13.7us,"[0,",1,867.19,normal,0,valid,-15.1dB,-15.2dB,na,na,,,,
2025-07-30 21:14:53.652234,CSI,0x4601,2,,na,"[0,",,,1,,+34.7dB,14.5us,"[0,",1,868.8,normal,0,valid,-12.0dB,-12.0dB,0.20us,+32.7Hz,,"[6,",1111,1
2025-07-30 21:14:53.653073,PHY,0x4601,1,0,na,"[0,",0,0,1,1077.6,+16.1dB,17.2us,"[0,",1,868.9,normal,0,valid,-15.1dB,-15.2dB,na,na,,,,
2025-07-30 21:14:53.656725,PHY,0x4601,2,,na,"[0,",,,11111,,+31.6dB,15.9us,"[0,",1,868.17,normal,0,valid,-12.0dB,-12.1dB,0.20us,-27.4Hz,,"[6,",,1
2025-07-30 21:14:53.657667,PHY,0x4601,1,0,na,"[0,",0,0,1,1049.4,+16.0dB,15.7us,"[0,",1,868.18,normal,0,valid,-15.0dB,-15.2dB,na,na,,,,
2025-07-30 21:14:53.658133,PHY,0x4601,1,0,na,"[0,",0,0,1,1007.8,+15.8dB,15.8us,"[0,",1,868.19,normal,0,valid,-15.0dB,-15.2dB,na,na,,,,
2025-07-30 21:14:53.662630,PHY,0x4601,1,0,na,"[0,",0,0,1,1300.2,+16.9dB,16.5us,"[0,",1,869.8,normal,0,valid,-15.1dB,-15.2dB,na,na,,,,
2025-07-30 21:14:53.663097,PHY,0x4601,1,0,na,"[0,",0,0,1,1419.4,+17.2dB,16.0us,"[0,",1,869.9,normal,0,valid,-15.1dB,-15.2dB,na,na,,,,
2025-07-30 21:14:53.666641,PHY,0x4601,2,,na,"[0,",,,11111,,+29.0dB,15.2us,"[0,",1,869.17,normal,0,valid,-12.0dB,-12.0dB,0.20us,+38.2Hz,,"[6,",,1
2025-07-30 21:14:53.667582,PHY,0x4601,1,0,na,"[0,",0,0,1,1007.9,+15.8dB,16.4us,"[0,",1,869.18,normal,0,valid,-15.1dB,-15.2dB,na,na,,,,
2025-07-30 21:14:53.668169,PHY,0x4601,1,0,na,"[0,",0,0,1,1007.0,+15.8dB,16.0us,"[0,",1,869.19,normal,0,valid,-15.0dB,-15.2dB,na,na,,,,
2025-07-30 21:14:53.672185,CSI,0x4601,2,,na,"[0,",,,1,,+29.7dB,12.9us,"[0,",1,870.8,normal,0,valid,-12.0dB,-12.0dB,0.20us,-90.0Hz,,"[6,",1111,1
2025-07-30 21:14:53.673128,PHY,0x4601,1,0,na,"[0,",0,0,1,1325.3,+17.0dB,15.9us,"[0,",1,870.9,normal,0,valid,-15.0dB,-15.1dB,na,na,,,,
2025-07-30 21:14:53.676671,PHY,0x4601,2,,na,"[0,",,,11111,,+29.8dB,14.3us,"[0,",1,870.17,normal,0,valid,-12.0dB,-12.1dB,0.19us,+59.2Hz,,"[6,",,1
2025-07-30 21:14:53.677615,PHY,0x4601,1,0,na,"[0,",0,0,1,1407.6,+17.2dB,16.7us,"[0,",1,870.18,normal,0,valid,-15.1dB,-15.2dB,na,na,,,,
2025-07-30 21:14:53.678102,PHY,0x4601,1,0,na,"[0,",0,0,1,1353.8,+17.1dB,17.0us,"[0,",1,870.19,normal,0,valid,-15.0dB,-15.1dB,na,na,,,,
2025-07-30 21:14:53.682580,PHY,0x4601,1,0,na,"[0,",0,0,1,1359.6,+17.1dB,16.9us,"[0,",1,871.8,normal,0,valid,-15.1dB,-15.2dB,na,na,,,,
2025-07-30 21:14:53.683160,PHY,0x4601,1,0,na,"[0,",0,0,1,1423.8,+17.3dB,14.9us,"[0,",1,871.9,normal,0,valid,-15.1dB,-15.2dB,na,na,,,,
2025-07-30 21:14:53.686713,PHY,0x4601,2,,na,"[0,",,,11111,,+35.6dB,16.5us,"[0,",1,871.17,normal,0,valid,-12.1dB,-12.1dB,0.19us,-56.5Hz,,"[6,",,1
2025-07-30 21:14:53.687651,PHY,0x4601,1,0,na,"[0,",0,0,1,1004.4,+15.8dB,23.5us,"[0,",1,871.18,normal,0,valid,-15.0dB,-15.1dB,na,na,,,,
2025-07-30 21:14:53.688118,PHY,0x4601,1,0,na,"[0,",0,0,1,1014.7,+15.8dB,15.6us,"[0,",1,871.19,normal,0,valid,-15.1dB,-15.2dB,na,na,,,,
2025-07-30 21:14:53.692216,CSI,0x4601,2,,na,"[0,",,,1,,+25.5dB,12.4us,"[0,",1,872.8,normal,0,valid,-12.0dB,-12.0dB,0.19us,+29.1Hz,,"[6,",1111,1
2025-07-30 21:14:53.693084,PHY,0x4601,1,0,na,"[0,",0,0,1,1358.7,+17.1dB,15.7us,"[0,",1,872.9,normal,0,valid,-15.1dB,-15.1dB,na,na,,,,
2025-07-30 21:14:53.696746,PHY,0x4601,2,,na,"[0,",,,11111,,+31.1dB,17.9us,"[0,",1,872.17,normal,0,valid,-12.1dB,-12.1dB,0.20us,-84.9Hz,,"[6,",,1
2025-07-30 21:14:53.697577,PHY,0x4601,1,0,na,"[0,",0,0,1,1402.8,+17.2dB,18.0us,"[0,",1,872.18,normal,0,valid,-15.0dB,-15.1dB,na,na,,,,
2025-07-30 21:14:53.698150,PHY,0x4601,1,0,na,"[0,",0,0,1,1360.2,+17.1dB,15.8us,"[0,",1,872.19,normal,0,valid,-15.1dB,-15.1dB,na,na,,,,
2025-07-30 21:14:53.702645,PHY,0x4601,1,0,na,"[0,",0,0,1,1462.8,+17.4dB,18.6us,"[0,",1,873.8,normal,0,valid,-15.1dB,-15.2dB,na,na,,,,
2025-07-30 21:14:53.703115,PHY,0x4601,1,0,na,"[0,",0,0,1,1388.9,+17.2dB,15.2us,"[0,",1,873.9,normal,0,valid,-15.1dB,-15.2dB,na,na,,,,
2025-07-30 21:14:53.706656,PHY,0x4601,2,,na,"[0,",,,11111,,+30.7dB,14.5us,"[0,",1,873.17,normal,0,valid,-12.0dB,-12.1dB,0.22us,-3.4Hz,,"[6,",,1
2025-07-30 21:14:53.707604,PHY,0x4601,1,0,na,"[0,",0,0,1,1408.2,+17.2dB,16.8us,"[0,",1,873.18,normal,0,valid,-15.1dB,-15.1dB,na,na,,,,
2025-07-30 21:14:53.708080,PHY,0x4601,1,0,na,"[0,",0,0,1,1370.6,+17.1dB,16.1us,"[0,",1,873.19,normal,0,valid,-15.0dB,-15.1dB,na,na,,,,
2025-07-30 21:14:53.712204,CSI,0x4601,2,,na,"[0,",,,1,,+33.0dB,12.4us,"[0,",1,874.8,normal,0,valid,-12.0dB,-12.0dB,0.21us,-27.5Hz,,"[6,",1111,1
2025-07-30 21:14:53.713154,PHY,0x4601,1,0,na,"[0,",0,0,1,1453.2,+17.4dB,17.2us,"[0,",1,874.9,normal,0,valid,-15.1dB,-15.1dB,na,na,,,,
2025-07-30 21:14:53.716698,PHY,0x4601,2,,na,"[0,",,,11111,,+31.5dB,14.8us,"[0,",1,874.17,normal,0,valid,-12.2dB,-12.2dB,0.20us,+72.4Hz,,"[6,",,1
2025-07-30 21:14:53.717636,PHY,0x4601,1,0,na,"[0,",0,0,1,1050.4,+15.9dB,17.5us,"[0,",1,874.18,normal,0,valid,-15.0dB,-15.2dB,na,na,,,,
2025-07-30 21:14:53.718114,PHY,0x4601,1,0,na,"[0,",0,0,1,1032.5,+15.9dB,14.6us,"[0,",1,874.19,normal,0,valid,-15.1dB,-15.2dB,na,na,,,,
2025-07-30 21:14:53.722598,PHY,0x4601,1,0,na,"[0,",0,0,1,1280.6,+16.8dB,16.7us,"[0,",1,875.8,normal,0,valid,-15.1dB,-15.2dB,na,na,,,,
2025-07-30 21:14:53.723071,PHY,0x4601,1,0,na,"[0,",0,0,1,1421.7,+17.3dB,15.6us,"[0,",1,875.9,normal,0,valid,-15.1dB,-15.1dB,na,na,,,,
2025-07-30 21:14:53.726755,PHY,0x4601,2,,na,"[0,",,,11111,,+29.5dB,21.3us,"[0,",1,875.17,normal,0,valid,-12.0dB,-12.0dB,0.21us,+4.4Hz,,"[6,",,1
2025-07-30 21:14:53.727668,PHY,0x4601,1,0,na,"[0,",0,0,1,1043.4,+15.9dB,17.6us,"[0,",1,875.18,normal,0,valid,-15.0dB,-15.2dB,na,na,,,,
2025-07-30 21:14:53.728149,PHY,0x4601,1,0,na,"[0,",0,0,1,1032.8,+15.9dB,20.4us,"[0,",1,875.19,normal,0,valid,-15.1dB,-15.2dB,na,na,,,,
2025-07-30 21:14:53.732229,CSI,0x4601,2,,na,"[0,",,,1,,+30.2dB,14.4us,"[0,",1,876.8,normal,0,valid,-12.1dB,-12.2dB,0.19us,+69.2Hz,,"[6,",1111,1
2025-07-30 21:14:53.733108,PHY,0x4601,1,0,na,"[0,",0,0,1,1344.6,+17.0dB,20.5us,"[0,",1,876.9,normal,0,valid,-15.1dB,-15.2dB,na,na,,,,
2025-07-30 21:14:53.736651,PHY,0x4601,2,,na,"[0,",,,11111,,+31.2dB,13.9us,"[0,",1,876.17,normal,0,valid,-12.1dB,-12.1dB,0.19us,-62.7Hz,,"[6,",,1
2025-07-30 21:14:53.737594,PHY,0x4601,1,0,na,"[0,",0,0,1,1033.5,+15.9dB,21.8us,"[0,",1,876.18,normal,0,valid,-15.0dB,-15.2dB,na,na,,,,
2025-07-30 21:14:53.738065,PHY,0x4601,1,0,na,"[0,",0,0,1,1002.9,+15.8dB,14.8us,"[0,",1,876.19,normal,0,valid,-15.0dB,-15.1dB,na,na,,,,
2025-07-30 21:14:53.742673,PHY,0x4601,1,0,na,"[0,",0,0,1,1374.6,+17.1dB,20.7us,"[0,",1,877.8,normal,0,valid,-15.1dB,-15.2dB,na,na,,,,
2025-07-30 21:14:53.743139,PHY,0x4601,1,0,na,"[0,",0,0,1,1368.0,+17.1dB,14.2us,"[0,",1,877.9,normal,0,valid,-15.1dB,-15.2dB,na,na,,,,
2025-07-30 21:14:53.746700,PHY,0x4601,2,,na,"[0,",,,11111,,+30.8dB,14.4us,"[0,",1,877.17,normal,0,valid,-12.1dB,-12.1dB,0.17us,+45.4Hz,,"[6,",,1
2025-07-30 21:14:53.747622,PHY,0x4601,1,0,na,"[0,",0,0,1,1346.6,+17.0dB,15.7us,"[0,",1,877.18,normal,0,valid,-15.1dB,-15.1dB,na,na,,,,
2025-07-30 21:14:53.748096,PHY,0x4601,1,0,na,"[0,",0,0,1,1297.8,+16.9dB,14.3us,"[0,",1,877.19,normal,0,valid,-15.0dB,-15.1dB,na,na,,,,
2025-07-30 21:14:53.752228,CSI,0x4601,2,,na,"[0,",,,1,,+30.5dB,12.9us,"[0,",1,878.8,normal,0,valid,-12.0dB,-12.0dB,0.18us,+25.1Hz,,"[6,",1111,1
2025-07-30 21:14:53.753166,PHY,0x4601,1,0,na,"[0,",0,0,1,1415.6,+17.3dB,15.8us,"[0,",1,878.9,normal,0,valid,-15.0dB,-15.1dB,na,na,,,,
2025-07-30 21:14:53.756725,PHY,0x4601,2,,na,"[0,",,,11111,,+30.4dB,21.7us,"[0,",1,878.17,normal,0,valid,-11.9dB,-12.0dB,0.19us,+31.7Hz,,"[6,",,1
2025-07-30 21:14:53.757651,PHY,0x4601,1,0,na,"[0,",0,0,1,1033.1,+15.9dB,16.1us,"[0,",1,878.18,normal,0,valid,-15.0dB,-15.1dB,na,na,,,,
2025-07-30 21:14:53.758122,PHY,0x4601,1,0,na,"[0,",0,0,1,1041.3,+15.9dB,15.1us,"[0,",1,878.19,normal,0,valid,-15.0dB,-15.1dB,na,na,,,,
2025-07-30 21:14:53.762670,PHY,0x4601,1,0,na,"[0,",0,0,1,1406.2,+17.2dB,16.3us,"[0,",1,879.8,normal,0,valid,-15.1dB,-15.2dB,na,na,,,,
2025-07-30 21:14:53.763093,PHY,0x4601,1,0,na,"[0,",0,0,1,1392.5,+17.2dB,14.1us,"[0,",1,879.9,normal,0,valid,-15.1dB,-15.2dB,na,na,,,,
2025-07-30 21:14:53.766753,PHY,0x4601,2,,na,"[0,",,,11111,,+31.3dB,16.1us,"[0,",1,879.17,normal,0,valid,-12.0dB,-12.0dB,0.19us,+59.0Hz,,"[6,",,1
2025-07-30 21:14:53.767576,PHY,0x4601,1,0,na,"[0,",0,0,1,1315.2,+16.9dB,15.8us,"[0,",1,879.18,normal,0,valid,-15.0dB,-15.1dB,na,na,,,,
2025-07-30 21:14:53.768158,PHY,0x4601,1,0,na,"[0,",0,0,1,1315.7,+16.9dB,16.3us,"[0,",1,879.19,normal,0,valid,-15.0dB,-15.1dB,na,na,,,,
2025-07-30 21:14:53.772185,CSI,0x4601,2,,na,"[0,",,,1,,+31.2dB,21.3us,"[0,",1,880.8,normal,0,valid,-12.0dB,-12.1dB,0.19us,-74.8Hz,,"[6,",1111,1
2025-07-30 21:14:53.773121,PHY,0x4601,1,0,na,"[0,",0,0,1,1332.7,+17.0dB,17.3us,"[0,",1,880.9,normal,0,valid,-15.1dB,-15.1dB,na,na,,,,
2025-07-30 21:14:53.776669,PHY,0x4601,2,,na,"[0,",,,11111,,+32.0dB,13.2us,"[0,",1,880.17,normal,0,valid,-12.0dB,-12.0dB,0.18us,-53.0Hz,,"[6,",,1
2025-07-30 21:14:53.777607,PHY,0x4601,1,0,na,"[0,",0,0,1,1009.0,+15.8dB,15.2us,"[0,",1,880.18,normal,0,valid,-15.1dB,-15.2dB,na,na,,,,
2025-07-30 21:14:53.778081,PHY,0x4601,1,0,na,"[0,",0,0,1,962.2,+15.5dB,14.9us,"[0,",1,880.19,normal,0,valid,-15.1dB,-15.2dB,na,na,,,,
2025-07-30 21:14:53.782580,PHY,0x4601,1,0,na,"[0,",0,0,1,1328.0,+17.0dB,19.4us,"[0,",1,881.8,normal,0,valid,-15.0dB,-15.1dB,na,na,,,,
2025-07-30 21:14:53.783149,PHY,0x4601,1,0,na,"[0,",0,0,1,1324.3,+17.0dB,14.3us,"[0,",1,881.9,normal,0,valid,-15.1dB,-15.2dB,na,na,,,,
2025-07-30 21:14:53.786705,PHY,0x4601,2,,na,"[0,",,,11111,,+28.6dB,16.5us,"[0,",1,881.17,normal,0,valid,-11.9dB,-11.9dB,0.19us,+40.0Hz,,"[6,",,1
2025-07-30 21:14:53.787639,PHY,0x4601,1,0,na,"[0,",0,0,1,1425.6,+17.3dB,15.6us,"[0,",1,881.18,normal,0,valid,-15.1dB,-15.1dB,na,na,,,,
2025-07-30 21:14:53.788125,PHY,0x4601,1,0,na,"[0,",0,0,1,1340.5,+17.0dB,15.9us,"[0,",1,881.19,normal,0,valid,-15.0dB,-15.1dB,na,na,,,,
2025-07-30 21:14:53.792256,CSI,0x4601,2,,na,"[0,",,,1,,+31.1dB,17.7us,"[0,",1,882.8,normal,0,valid,-12.0dB,-12.0dB,0.23us,+14.6Hz,,"[6,",1111,1
2025-07-30 21:14:53.793076,PHY,0x4601,1,0,na,"[0,",0,0,1,1010.6,+15.8dB,15.8us,"[0,",1,882.9,normal,0,valid,-15.1dB,-15.2dB,na,na,,,,
2025-07-30 21:14:53.796726,PHY,0x4601,2,,na,"[0,",,,11111,,+32.4dB,13.8us,"[0,",1,882.17,normal,0,valid,-11.9dB,-12.0dB,0.20us,+18.0Hz,,"[6,",,1
2025-07-30 21:14:53.797567,PHY,0x4601,1,0,na,"[0,",0,0,1,1402.8,+17.2dB,17.1us,"[0,",1,882.18,normal,0,valid,-15.0dB,-15.1dB,na,na,,,,
2025-07-30 21:14:53.798147,PHY,0x4601,1,0,na,"[0,",0,0,1,1339.1,+17.0dB,17.2us,"[0,",1,882.19,normal,0,valid,-15.0dB,-15.1dB,na,na,,,,
2025-07-30 21:14:53.802647,PHY,0x4601,1,0,na,"[0,",0,0,1,1361.7,+17.1dB,16.5us,"[0,",1,883.8,normal,0,valid,-15.1dB,-15.2dB,na,na,,,,
2025-07-30 21:14:53.803109,PHY,0x4601,1,0,na,"[0,",0,0,1,1318.4,+17.0dB,14.3us,"[0,",1,883.9,normal,0,valid,-15.1dB,-15.2dB,na,na,,,,
2025-07-30 21:14:53.806650,PHY,0x4601,2,,na,"[0,",,,11111,,+32.3dB,14.1us,"[0,",1,883.17,normal,0,valid,-12.1dB,-12.2dB,0.21us,-5.6Hz,,"[6,",,1
2025-07-30 21:14:53.807594,PHY,0x4601,1,0,na,"[0,",0,0,1,1286.2,+16.8dB,15.4us,"[0,",1,883.18,normal,0,valid,-15.1dB,-15.1dB,na,na,,,,
2025-07-30 21:14:53.808072,PHY,0x4601,1,0,na,"[0,",0,0,1,1319.8,+16.9dB,15.2us,"[0,",1,883.19,normal,0,valid,-15.1dB,-15.2dB,na,na,,,,
2025-07-30 21:14:53.812209,CSI,0x4601,2,,na,"[0,",,,1,,+30.4dB,15.7us,"[0,",1,884.8,normal,0,valid,-12.0dB,-12.1dB,0.19us,-91.8Hz,,"[6,",1111,1
2025-07-30 21:14:53.813138,PHY,0x4601,1,0,na,"[0,",0,0,1,1262.4,+16.7dB,16.3us,"[0,",1,884.9,normal,0,valid,-15.1dB,-15.2dB,na,na,,,,
2025-07-30 21:14:53.816692,PHY,0x4601,2,,na,"[0,",,,11111,,+32.5dB,14.8us,"[0,",1,884.17,normal,0,valid,-12.0dB,-12.1dB,0.19us,-82.7Hz,,"[6,",,1
2025-07-30 21:14:53.817626,PHY,0x4601,1,0,na,"[0,",0,0,1,1021.8,+15.8dB,17.4us,"[0,",1,884.18,normal,0,valid,-15.0dB,-15.1dB,na,na,,,,
2025-07-30 21:14:53.818097,PHY,0x4601,1,0,na,"[0,",0,0,1,1044.0,+16.0dB,16.0us,"[0,",1,884.19,normal,0,valid,-15.1dB,-15.2dB,na,na,,,,
2025-07-30 21:14:53.822588,PHY,0x4601,1,0,na,"[0,",0,0,1,1330.6,+17.0dB,20.6us,"[0,",1,885.8,normal,0,valid,-15.1dB,-15.2dB,na,na,,,,
2025-07-30 21:14:53.823065,PHY,0x4601,1,0,na,"[0,",0,0,1,1356.2,+17.1dB,16.7us,"[0,",1,885.9,normal,0,valid,-15.1dB,-15.2dB,na,na,,,,
2025-07-30 21:14:53.826716,PHY,0x4601,2,,na,"[0,",,,11111,,+30.8dB,15.7us,"[0,",1,885.17,normal,0,valid,-12.1dB,-12.1dB,0.19us,+81.9Hz,,"[6,",,1
2025-07-30 21:14:53.827653,PHY,0x4601,1,0,na,"[0,",0,0,1,1072.3,+16.1dB,17.1us,"[0,",1,885.18,normal,0,valid,-15.1dB,-15.2dB,na,na,,,,
2025-07-30 21:14:53.828131,PHY,0x4601,1,0,na,"[0,",0,0,1,1076.2,+16.1dB,14.3us,"[0,",1,885.19,normal,0,valid,-15.1dB,-15.2dB,na,na,,,,
2025-07-30 21:14:53.832224,CSI,0x4601,2,,na,"[0,",,,1,,+32.9dB,22.0us,"[0,",1,886.8,normal,0,valid,-12.0dB,-12.0dB,0.20us,-91.0Hz,,"[6,",1111,1
2025-07-30 21:14:53.833096,PHY,0x4601,1,0,na,"[0,",0,0,1,1042.5,+15.9dB,15.8us,"[0,",1,886.9,normal,0,valid,-15.0dB,-15.1dB,na,na,,,,
2025-07-30 21:14:53.836631,PHY,0x4601,2,,na,"[0,",,,11111,,+32.5dB,14.7us,"[0,",1,886.17,normal,0,valid,-12.0dB,-12.1dB,0.19us,-2.2Hz,,"[6,",,1
2025-07-30 21:14:53.837576,PHY,0x4601,1,0,na,"[0,",0,0,1,1264.8,+16.8dB,16.1us,"[0,",1,886.18,normal,0,valid,-15.0dB,-15.1dB,na,na,,,,
2025-07-30 21:14:53.838156,PHY,0x4601,1,0,na,"[0,",0,0,1,1310.8,+16.9dB,14.4us,"[0,",1,886.19,normal,0,valid,-15.1dB,-15.1dB,na,na,,,,
2025-07-30 21:14:53.842663,PHY,0x4601,1,0,na,"[0,",0,0,1,1449.2,+17.3dB,17.3us,"[0,",1,887.8,normal,0,valid,-15.1dB,-15.2dB,na,na,,,,
2025-07-30 21:14:53.843117,PHY,0x4601,1,0,na,"[0,",0,0,1,1259.5,+16.7dB,14.0us,"[0,",1,887.9,normal,0,valid,-15.1dB,-15.2dB,na,na,,,,
2025-07-30 21:14:53.846664,PHY,0x4601,2,,na,"[0,",,,11111,,+31.8dB,14.5us,"[0,",1,887.17,normal,0,valid,-12.1dB,-12.1dB,0.19us,-28.6Hz,,"[6,",,1
2025-07-30 21:14:53.847608,PHY,0x4601,1,0,na,"[0,",0,0,1,1347.4,+17.0dB,18.0us,"[0,",1,887.18,normal,0,valid,-15.0dB,-15.1dB,na,na,,,,
2025-07-30 21:14:53.848081,PHY,0x4601,1,0,na,"[0,",0,0,1,1324.1,+17.0dB,13.9us,"[0,",1,887.19,normal,0,valid,-15.1dB,-15.1dB,na,na,,,,
2025-07-30 21:14:53.852233,CSI,0x4601,2,,na,"[0,",,,1,,+33.3dB,12.6us,"[0,",1,888.8,normal,0,valid,-12.1dB,-12.1dB,0.22us,+37.4Hz,,"[6,",1111,1
2025-07-30 21:14:53.853156,PHY,0x4601,1,0,na,"[0,",0,0,1,1378.0,+17.2dB,18.2us,"[0,",1,888.9,normal,0,valid,-15.1dB,-15.1dB,na,na,,,,
2025-07-30 21:14:53.856706,PHY,0x4601,2,,na,"[0,",,,11111,,+35.6dB,15.8us,"[0,",1,888.17,normal,0,valid,-12.2dB,-12.2dB,0.21us,+66.4Hz,,"[6,",,1
2025-07-30 21:14:53.857643,PHY,0x4601,1,0,na,"[0,",0,0,1,1314.9,+16.9dB,15.0us,"[0,",1,888.18,normal,0,valid,-15.0dB,-15.1dB,na,na,,,,
2025-07-30 21:14:53.858111,PHY,0x4601,1,0,na,"[0,",0,0,1,1283.0,+16.8dB,13.9us,"[0,",1,888.19,normal,0,valid,-15.0dB,-15.1dB,na,na,,,,
2025-07-30 21:14:53.862624,PHY,0x4601,1,0,na,"[0,",0,0,1,1400.3,+17.2dB,30.0us,"[0,",1,889.8,normal,0,valid,-15.1dB,-15.2dB,na,na,,,,
2025-07-30 21:14:53.863075,PHY,0x4601,1,0,na,"[0,",0,0,1,1436.5,+17.3dB,14.5us,"[0,",1,889.9,normal,0,valid,-15.1dB,-15.2dB,na,na,,,,
2025-07-30 21:14:53.866769,PHY,0x4601,2,,na,"[0,",,,11111,,+30.7dB,17.0us,"[0,",1,889.17,normal,0,valid,-12.2dB,-12.2dB,0.20us,+34.2Hz,,"[6,",,1
2025-07-30 21:14:53.867563,PHY,0x4601,1,0,na,"[0,",0,0,1,958.8,+15.6dB,16.1us,"[0,",1,889.18,normal,0,valid,-15.1dB,-15.2dB,na,na,,,,
2025-07-30 21:14:53.868144,PHY,0x4601,1,0,na,"[0,",0,0,1,1053.0,+16.0dB,14.9us,"[0,",1,889.19,normal,0,valid,-15.0dB,-15.1dB,na,na,,,,
2025-07-30 21:14:53.872248,CSI,0x4601,2,,na,"[0,",,,1,,+27.8dB,15.1us,"[0,",1,890.8,normal,0,valid,-12.0dB,-12.1dB,0.19us,-39.8Hz,,"[6,",1111,1
2025-07-30 21:14:53.873105,PHY,0x4601,1,0,na,"[0,",0,0,1,968.2,+15.6dB,15.2us,"[0,",1,890.9,normal,0,valid,-15.1dB,-15.2dB,na,na,,,,
2025-07-30 21:14:53.876659,PHY,0x4601,2,,na,"[0,",,,11111,,+29.3dB,17.6us,"[0,",1,890.17,normal,0,valid,-12.1dB,-12.1dB,0.20us,-31.3Hz,,"[6,",,1
2025-07-30 21:14:53.877595,PHY,0x4601,1,0,na,"[0,",0,0,1,1319.7,+16.9dB,15.7us,"[0,",1,890.18,normal,0,valid,-15.0dB,-15.1dB,na,na,,,,
2025-07-30 21:14:53.878073,PHY,0x4601,1,0,na,"[0,",0,0,1,1450.9,+17.4dB,14.6us,"[0,",1,890.19,normal,0,valid,-15.1dB,-15.1dB,na,na,,,,
2025-07-30 21:14:53.882559,PHY,0x4601,1,0,na,"[0,",0,0,1,1343.1,+17.0dB,17.6us,"[0,",1,891.8,normal,0,valid,-15.1dB,-15.2dB,na,na,,,,
2025-07-30 21:14:53.883138,PHY,0x4601,1,0,na,"[0,",0,0,1,1395.3,+17.2dB,14.1us,"[0,",1,891.9,normal,0,valid,-15.1dB,-15.2dB,na,na,,,,
2025-07-30 21:14:53.886728,PHY,0x4601,2,,na,"[0,",,,11111,,+28.3dB,22.4us,"[0,",1,891.17,normal,0,valid,-12.1dB,-12.1dB,0.19us,-15.3Hz,,"[6,",,1
2025-07-30 21:14:53.887624,PHY,0x4601,1,0,na,"[0,",0,0,1,958.7,+15.6dB,15.2us,"[0,",1,891.18,normal,0,valid,-15.1dB,-15.2dB,na,na,,,,
2025-07-30 21:14:53.888096,PHY,0x4601,1,0,na,"[0,",0,0,1,1045.6,+15.9dB,13.9us,"[0,",1,891.19,normal,0,valid,-15.1dB,-15.2dB,na,na,,,,
2025-07-30 21:14:53.892242,CSI,0x4601,2,,na,"[0,",,,1,,+30.9dB,15.6us,"[0,",1,892.8,normal,0,valid,-12.0dB,-12.0dB,0.20us,-82.4Hz,,"[6,",1111,1
2025-07-30 21:14:53.893071,PHY,0x4601,1,0,na,"[0,",0,0,1,1059.2,+16.0dB,15.7us,"[0,",1,892.9,normal,0,valid,-15.1dB,-15.2dB,na,na,,,,
2025-07-30 21:14:53.896728,PHY,0x4601,2,,na,"[0,",,,11111,,+31.3dB,15.1us,"[0,",1,892.17,normal,0,valid,-12.0dB,-12.1dB,0.18us,-108.9Hz,,"[6,",,1
2025-07-30 21:14:53.897666,PHY,0x4601,1,0,na,"[0,",0,0,1,1314.3,+16.9dB,16.9us,"[0,",1,892.18,normal,0,valid,-15.0dB,-15.1dB,na,na,,,,
2025-07-30 21:14:53.898138,PHY,0x4601,1,0,na,"[0,",0,0,1,1347.3,+17.0dB,13.9us,"[0,",1,892.19,normal,0,valid,-15.1dB,-15.1dB,na,na,,,,
2025-07-30 21:14:53.902631,PHY,0x4601,1,0,na,"[0,",0,0,1,1391.3,+17.2dB,16.9us,"[0,",1,893.8,normal,0,valid,-15.1dB,-15.1dB,na,na,,,,
2025-07-30 21:14:53.903100,PHY,0x4601,1,0,na,"[0,",0,0,1,1368.6,+17.1dB,14.2us,"[0,",1,893.9,normal,0,valid,-15.1dB,-15.2dB,na,na,,,,
2025-07-30 21:14:53.906646,PHY,0x4601,2,,na,"[0,",,,11111,,+31.7dB,14.1us,"[0,",1,893.17,normal,0,valid,-12.1dB,-12.2dB,0.20us,+39.7Hz,,"[6,",,1
2025-07-30 21:14:53.907589,PHY,0x4601,1,0,na,"[0,",0,0,1,1360.1,+17.1dB,15.0us,"[0,",1,893.18,normal,0,valid,-15.1dB,-15.1dB,na,na,,,,
2025-07-30 21:14:53.908071,PHY,0x4601,1,0,na,"[0,",0,0,1,1316.2,+16.9dB,16.2us,"[0,",1,893.19,normal,0,valid,-15.1dB,-15.1dB,na,na,,,,
2025-07-30 21:14:53.912211,CSI,0x4601,2,,na,"[0,",,,1,,+31.9dB,12.7us,"[0,",1,894.8,normal,0,valid,-12.0dB,-12.0dB,0.21us,-39.5Hz,,"[6,",1111,1
2025-07-30 21:14:53.913135,PHY,0x4601,1,0,na,"[0,",0,0,1,1435.6,+17.3dB,15.6us,"[0,",1,894.9,normal,0,valid,-15.1dB,-15.2dB,na,na,,,,
2025-07-30 21:14:53.916689,PHY,0x4601,2,,na,"[0,",,,11111,,+30.2dB,17.1us,"[0,",1,894.17,normal,0,valid,-12.0dB,-12.1dB,0.17us,-12.8Hz,,"[6,",,1
2025-07-30 21:14:53.917623,PHY,0x4601,1,0,na,"[0,",0,0,1,1374.0,+17.1dB,17.3us,"[0,",1,894.18,normal,0,valid,-15.1dB,-15.1dB,na,na,,,,
2025-07-30 21:14:53.918102,PHY,0x4601,1,0,na,"[0,",0,0,1,1265.6,+16.8dB,14.0us,"[0,",1,894.19,normal,0,valid,-15.0dB,-15.1dB,na,na,,,,
2025-07-30 21:14:53.922590,PHY,0x4601,1,0,na,"[0,",0,0,1,1383.6,+17.2dB,16.3us,"[0,",1,895.8,normal,0,valid,-15.1dB,-15.2dB,na,na,,,,
2025-07-30 21:14:53.923163,PHY,0x4601,1,0,na,"[0,",0,0,1,1310.1,+16.9dB,15.4us,"[0,",1,895.9,normal,0,valid,-15.1dB,-15.2dB,na,na,,,,
2025-07-30 21:14:53.926715,PHY,0x4601,2,,na,"[0,",,,11111,,+32.0dB,15.6us,"[0,",1,895.17,normal,0,valid,-12.0dB,-12.0dB,0.20us,+42.2Hz,,"[6,",,1
2025-07-30 21:14:53.927653,PHY,0x4601,1,0,na,"[0,",0,0,1,1255.2,+16.8dB,15.8us,"[0,",1,895.18,normal,0,valid,-15.0dB,-15.1dB,na,na,,,,
2025-07-30 21:14:53.928126,PHY,0x4601,1,0,na,"[0,",0,0,1,1268.8,+16.8dB,15.7us,"[0,",1,895.19,normal,0,valid,-15.1dB,-15.1dB,na,na,,,,
2025-07-30 21:14:53.932223,CSI,0x4601,2,,na,"[0,",,,1,,+33.1dB,16.6us,"[0,",1,896.8,normal,0,valid,-12.1dB,-12.1dB,0.22us,-39.4Hz,,"[6,",1111,1
2025-07-30 21:14:53.933090,PHY,0x4601,1,0,na,"[0,",0,0,1,1050.2,+15.9dB,16.5us,"[0,",1,896.9,normal,0,valid,-15.0dB,-15.2dB,na,na,,,,
2025-07-30 21:14:53.936772,PHY,0x4601,2,,na,"[0,",,,11111,,+32.0dB,23.8us,"[0,",1,896.17,normal,0,valid,-12.1dB,-12.1dB,0.20us,+153.4Hz,,"[6,",,1
2025-07-30 21:14:53.937580,PHY,0x4601,1,0,na,"[0,",0,0,1,1292.7,+16.9dB,16.4us,"[0,",1,896.18,normal,0,valid,-15.0dB,-15.1dB,na,na,,,,
2025-07-30 21:14:53.938158,PHY,0x4601,1,0,na,"[0,",0,0,1,1363.6,+17.1dB,14.3us,"[0,",1,896.19,normal,0,valid,-15.0dB,-15.1dB,na,na,,,,
2025-07-30 21:14:53.942650,PHY,0x4601,1,0,na,"[0,",0,0,1,1335.2,+17.0dB,18.8us,"[0,",1,897.8,normal,0,valid,-15.1dB,-15.2dB,na,na,,,,
2025-07-30 21:14:53.943119,PHY,0x4601,1,0,na,"[0,",0,0,1,1302.3,+16.9dB,14.4us,"[0,",1,897.9,normal,0,valid,-15.1dB,-15.1dB,na,na,,,,
2025-07-30 21:14:53.946671,PHY,0x4601,2,,na,"[0,",,,11111,,+30.8dB,16.2us,"[0,",1,897.17,normal,0,valid,-12.1dB,-12.2dB,0.21us,-98.9Hz,,"[6,",,1
2025-07-30 21:14:53.947610,PHY,0x4601,1,0,na,"[0,",0,0,1,1511.9,+17.5dB,17.2us,"[0,",1,897.18,normal,0,valid,-15.1dB,-15.2dB,na,na,,,,
2025-07-30 21:14:53.948084,PHY,0x4601,1,0,na,"[0,",0,0,1,1277.0,+16.8dB,15.6us,"[0,",1,897.19,normal,0,valid,-15.0dB,-15.2dB,na,na,,,,
2025-07-30 21:14:53.952219,CSI,0x4601,2,,na,"[0,",,,1,,+33.1dB,14.9us,"[0,",1,898.8,normal,0,valid,-12.0dB,-12.0dB,0.20us,-107.3Hz,,"[6,",1111,1
2025-07-30 21:14:53.953157,PHY,0x4601,1,0,na,"[0,",0,0,1,965.0,+15.6dB,16.7us,"[0,",1,898.9,normal,0,valid,-15.1dB,-15.2dB,na,na,,,,
2025-07-30 21:14:53.956710,PHY,0x4601,2,,na,"[0,",,,11111,,+30.2dB,15.8us,"[0,",1,898.17,normal,0,valid,-12.1dB,-12.1dB,0.19us,+52.3Hz,,"[6,",,1
2025-07-30 21:14:53.957642,PHY,0x4601,1,0,na,"[0,",0,0,1,992.8,+15.7dB,19.1us,"[0,",1,898.18,normal,0,valid,-15.0dB,-15.2dB,na,na,,,,
2025-07-30 21:14:53.958114,PHY,0x4601,1,0,na,"[0,",0,0,1,982.5,+15.7dB,15.2us,"[0,",1,898.19,normal,0,valid,-15.0dB,-15.2dB,na,na,,,,
2025-07-30 21:14:53.962609,PHY,0x4601,1,0,na,"[0,",0,0,1,1349.8,+17.0dB,19.2us,"[0,",1,899.8,normal,0,valid,-15.1dB,-15.2dB,na,na,,,,
2025-07-30 21:14:53.963079,PHY,0x4601,1,0,na,"[0,",0,0,1,1341.9,+17.0dB,15.0us,"[0,",1,899.9,normal,0,valid,-15.1dB,-15.2dB,na,na,,,,
2025-07-30 21:14:53.966747,PHY,0x4601,2,,na,"[0,",,,11111,,+33.9dB,17.9us,"[0,",1,899.17,normal,0,valid,-12.0dB,-12.1dB,0.19us,+49.4Hz,,"[6,",,1
2025-07-30 21:14:53.967568,PHY,0x4601,1,0,na,"[0,",0,0,1,1010.3,+15.8dB,15.4us,"[0,",1,899.18,normal,0,valid,-15.0dB,-15.1dB,na,na,,,,
2025-07-30 21:14:53.968141,PHY,0x4601,1,0,na,"[0,",0,0,1,1051.3,+15.9dB,14.0us,"[0,",1,899.19,normal,0,valid,-15.1dB,-15.2dB,na,na,,,,
2025-07-30 21:14:53.972237,CSI,0x4601,2,,na,"[0,",,,1,,+31.1dB,13.4us,"[0,",1,900.8,normal,0,valid,-11.9dB,-12.0dB,0.20us,+22.6Hz,,"[6,",1111,1
2025-07-30 21:14:53.973108,PHY,0x4601,1,0,na,"[0,",0,0,1,999.8,+15.7dB,16.1us,"[0,",1,900.9,normal,0,valid,-15.1dB,-15.2dB,na,na,,,,
2025-07-30 21:14:53.976657,PHY,0x4601,2,,na,"[0,",,,11111,,+28.0dB,13.3us,"[0,",1,900.17,normal,0,valid,-12.0dB,-12.0dB,0.20us,-31.8Hz,,"[6,",,1
2025-07-30 21:14:53.977598,PHY,0x4601,1,0,na,"[0,",0,0,1,1376.6,+17.2dB,16.1us,"[0,",1,900.18,normal,0,valid,-15.0dB,-15.1dB,na,na,,,,
2025-07-30 21:14:53.978074,PHY,0x4601,1,0,na,"[0,",0,0,1,1367.6,+17.1dB,15.0us,"[0,",1,900.19,normal,0,valid,-15.0dB,-15.1dB,na,na,,,,
2025-07-30 21:14:53.982673,PHY,0x4601,1,0,na,"[0,",0,0,1,1362.8,+17.1dB,19.6us,"[0,",1,901.8,normal,0,valid,-15.1dB,-15.2dB,na,na,,,,
2025-07-30 21:14:53.983138,PHY,0x4601,1,0,na,"[0,",0,0,1,1391.1,+17.2dB,14.8us,"[0,",1,901.9,normal,0,valid,-15.1dB,-15.2dB,na,na,,,,
2025-07-30 21:14:53.986695,PHY,0x4601,2,,na,"[0,",,,11111,,+31.2dB,15.9us,"[0,",1,901.17,normal,0,valid,-12.1dB,-12.1dB,0.19us,+91.2Hz,,"[6,",,1
2025-07-30 21:14:53.987628,PHY,0x4601,1,0,na,"[0,",0,0,1,1402.6,+17.2dB,16.5us,"[0,",1,901.18,normal,0,valid,-15.1dB,-15.1dB,na,na,,,,
2025-07-30 21:14:53.988103,PHY,0x4601,1,0,na,"[0,",0,0,1,1275.0,+16.8dB,15.5us,"[0,",1,901.19,normal,0,valid,-15.1dB,-15.1dB,na,na,,,,
2025-07-30 21:14:53.992237,CSI,0x4601,2,,na,"[0,",,,1,,+31.8dB,15.2us,"[0,",1,902.8,normal,0,valid,-12.0dB,-12.0dB,0.21us,-96.5Hz,,"[6,",1111,1
2025-07-30 21:14:53.993076,PHY,0x4601,1,0,na,"[0,",0,0,1,1020.0,+15.8dB,15.9us,"[0,",1,902.9,normal,0,valid,-15.1dB,-15.2dB,na,na,,,,
2025-07-30 21:14:53.996732,PHY,0x4601,2,,na,"[0,",,,11111,,+31.9dB,14.6us,"[0,",1,902.17,normal,0,valid,-12.2dB,-12.2dB,0.22us,+47.8Hz,,"[6,",,1
2025-07-30 21:14:53.997659,PHY,0x4601,1,0,na,"[0,",0,0,1,1005.8,+15.8dB,16.4us,"[0,",1,902.18,normal,0,valid,-15.0dB,-15.1dB,na,na,,,,
2025-07-30 21:14:53.998135,PHY,0x4601,1,0,na,"[0,",0,0,1,988.1,+15.7dB,15.4us,"[0,",1,902.19,normal,0,valid,-15.1dB,-15.2dB,na,na,,,,
2025-07-30 21:14:54.002622,PHY,0x4601,1,0,na,"[0,",0,0,1,1384.1,+17.1dB,16.7us,"[0,",1,903.8,normal,0,valid,-15.1dB,-15.2dB,na,na,,,,
2025-07-30 21:14:54.003099,PHY,0x4601,1,0,na,"[0,",0,0,1,1251.6,+16.7dB,16.8us,"[0,",1,903.9,normal,0,valid,-15.1dB,-15.2dB,na,na,,,,
2025-07-30 21:14:54.006640,PHY,0x4601,2,,na,"[0,",,,11111,,+30.5dB,16.2us,"[0,",1,903.17,normal,0,valid,-12.0dB,-12.1dB,0.21us,-6.3Hz,,"[6,",,1
2025-07-30 21:14:54.007581,PHY,0x4601,1,0,na,"[0,",0,0,1,1021.2,+15.8dB,16.6us,"[0,",1,903.18,normal,0,valid,-15.0dB,-15.2dB,na,na,,,,
2025-07-30 21:14:54.008163,PHY,0x4601,1,0,na,"[0,",0,0,1,998.0,+15.7dB,15.0us,"[0,",1,903.19,normal,0,valid,-15.0dB,-15.2dB,na,na,,,,
2025-07-30 21:14:54.012196,CSI,0x4601,2,,na,"[0,",,,1,,+34.6dB,15.2us,"[0,",1,904.8,normal,0,valid,-11.8dB,-11.9dB,0.19us,-13.5Hz,,"[6,",1111,1
2025-07-30 21:14:54.013138,PHY,0x4601,1,0,na,"[0,",0,0,1,1233.3,+16.7dB,16.1us,"[0,",1,904.9,normal,0,valid,-15.0dB,-15.1dB,na,na,,,,
2025-07-30 21:14:54.016671,PHY,0x4601,2,,na,"[0,",,,11111,,+30.4dB,14.0us,"[0,",1,904.17,normal,0,valid,-12.0dB,-12.1dB,0.20us,+45.7Hz,,"[6,",,1
2025-07-30 21:14:54.017615,PHY,0x4601,1,0,na,"[0,",0,0,1,1018.1,+15.8dB,15.7us,"[0,",1,904.18,normal,0,valid,-15.0dB,-15.2dB,na,na,,,,
2025-07-30 21:14:54.018094,PHY,0x4601,1,0,na,"[0,",0,0,1,1060.7,+16.0dB,15.0us,"[0,",1,904.19,normal,0,valid,-15.0dB,-15.2dB,na,na,,,,
2025-07-30 21:14:54.022579,PHY,0x4601,1,0,na,"[0,",0,0,1,1391.0,+17.2dB,16.8us,"[0,",1,905.8,normal,0,valid,-15.1dB,-15.2dB,na,na,,,,
2025-07-30 21:14:54.023156,PHY,0x4601,1,0,na,"[0,",0,0,1,1365.8,+17.1dB,15.1us,"[0,",1,905.9,normal,0,valid,-15.1dB,-15.2dB,na,na,,,,
2025-07-30 21:14:54.026705,PHY,0x4601,2,,na,"[0,",,,11111,,+31.9dB,16.1us,"[0,",1,905.17,normal,0,valid,-12.2dB,-12.2dB,0.20us,-180.3Hz,,"[6,",,1
2025-07-30 21:14:54.027648,PHY,0x4601,1,0,na,"[0,",0,0,1,1002.6,+15.8dB,16.4us,"[0,",1,905.18,normal,0,valid,-15.1dB,-15.2dB,na,na,,,,
2025-07-30 21:14:54.028124,PHY,0x4601,1,0,na,"[0,",0,0,1,1069.6,+16.0dB,16.2us,"[0,",1,905.19,normal,0,valid,-15.0dB,-15.2dB,na,na,,,,
2025-07-30 21:14:54.032222,CSI,0x4601,2,,na,"[0,",,,1,,+35.3dB,12.2us,"[0,",1,906.8,normal,0,valid,-12.0dB,-12.0dB,0.21us,-29.3Hz,,"[6,",1111,1
2025-07-30 21:14:54.033094,PHY,0x4601,1,0,na,"[0,",0,0,1,1348.0,+17.0dB,16.8us,"[0,",1,906.9,normal,0,valid,-15.1dB,-15.2dB,na,na,,,,
2025-07-30 21:14:54.036761,PHY,0x4601,2,,na,"[0,",,,11111,,+33.9dB,15.3us,"[0,",1,906.17,normal,0,valid,-12.0dB,-12.0dB,0.19us,+18.0Hz,,"[6,",,1
2025-07-30 21:14:54.037570,PHY,0x4601,1,0,na,"[0,",0,0,1,1427.2,+17.3dB,15.6us,"[0,",1,906.18,normal,0,valid,-15.0dB,-15.1dB,na,na,,,,
2025-07-30 21:14:54.038155,PHY,0x4601,1,0,na,"[0,",0,0,1,1391.0,+17.2dB,15.8us,"[0,",1,906.19,normal,0,valid,-15.1dB,-15.1dB,na,na,,,,
2025-07-30 21:14:54.042640,PHY,0x4601,1,0,na,"[0,",0,0,1,1273.0,+16.8dB,16.9us,"[0,",1,907.8,normal,0,valid,-15.1dB,-15.2dB,na,na,,,,
2025-07-30 21:14:54.043113,PHY,0x4601,1,0,na,"[0,",0,0,1,1414.2,+17.3dB,15.5us,"[0,",1,907.9,normal,0,valid,-15.1dB,-15.2dB,na,na,,,,
2025-07-30 21:14:54.046661,PHY,0x4601,2,,na,"[0,",,,11111,,+30.0dB,17.1us,"[0,",1,907.17,normal,0,valid,-12.0dB,-12.0dB,0.18us,+108.6Hz,,"[6,",,1
2025-07-30 21:14:54.047611,PHY,0x4601,1,0,na,"[0,",0,0,1,1004.5,+15.8dB,17.0us,"[0,",1,907.18,normal,0,valid,-15.1dB,-15.2dB,na,na,,,,
2025-07-30 21:14:54.048083,PHY,0x4601,1,0,na,"[0,",0,0,1,1062.8,+16.0dB,15.7us,"[0,",1,907.19,normal,0,valid,-15.1dB,-15.2dB,na,na,,,,
2025-07-30 21:14:54.052213,CSI,0x4601,2,,na,"[0,",,,1,,+34.4dB,14.3us,"[0,",1,908.8,normal,0,valid,-11.9dB,-12.0dB,0.18us,+62.2Hz,,"[6,",1111,1
2025-07-30 21:14:54.053144,PHY,0x4601,1,0,na,"[0,",0,0,1,1008.8,+15.8dB,15.3us,"[0,",1,908.9,normal,0,valid,-15.0dB,-15.1dB,na,na,,,,
2025-07-30 21:14:54.056695,PHY,0x4601,2,,na,"[0,",,,11111,,+33.7dB,14.6us,"[0,",1,908.17,normal,0,valid,-12.1dB,-12.2dB,0.20us,-20.7Hz,,"[6,",,1
2025-07-30 21:14:54.057632,PHY,0x4601,1,0,na,"[0,",0,0,1,1037.5,+15.9dB,22.5us,"[0,",1,908.18,normal,0,valid,-15.1dB,-15.2dB,na,na,,,,
2025-07-30 21:14:54.058104,PHY,0x4601,1,0,na,"[0,",0,0,1,1017.8,+15.9dB,15.4us,"[0,",1,908.19,normal,0,valid,-15.0dB,-15.1dB,na,na,,,,
2025-07-30 21:14:54.062595,PHY,0x4601,1,0,na,"[0,",0,0,1,1399.2,+17.2dB,16.8us,"[0,",1,909.8,normal,0,valid,-15.1dB,-15.1dB,na,na,,,,
2025-07-30 21:14:54.063067,PHY,0x4601,1,0,na,"[0,",0,0,1,1310.3,+16.9dB,15.5us,"[0,",1,909.9,normal,0,valid,-15.1dB,-15.2dB,na,na,,,,
2025-07-30 21:14:54.066740,PHY,0x4601,2,,na,"[0,",,,11111,,+29.0dB,24.0us,"[0,",1,909.17,normal,0,valid,-12.1dB,-12.2dB,0.20us,-31.5Hz,,"[6,",,1
2025-07-30 21:14:54.067660,PHY,0x4601,1,0,na,"[0,",0,0,1,985.7,+15.7dB,15.6us,"[0,",1,909.18,normal,0,valid,-15.1dB,-15.2dB,na,na,,,,
2025-07-30 21:14:54.068130,PHY,0x4601,1,0,na,"[0,",0,0,1,905.3,+15.3dB,14.6us,"[0,",1,909.19,normal,0,valid,-15.0dB,-15.1dB,na,na,,,,
2025-07-30 21:14:54.072228,CSI,0x4601,2,,na,"[0,",,,1,,+30.0dB,15.1us,"[0,",1,910.8,normal,0,valid,-12.0dB,-12.0dB,0.23us,-7.4Hz,,"[6,",1111,1
2025-07-30 21:14:54.073101,PHY,0x4601,1,0,na,"[0,",0,0,1,1225.3,+16.6dB,15.8us,"[0,",1,910.9,normal,0,valid,-15.1dB,-15.1dB,na,na,,,,
2025-07-30 21:14:54.076640,PHY,0x4601,2,,na,"[0,",,,11111,,+32.1dB,14.6us,"[0,",1,910.17,normal,0,valid,-12.1dB,-12.1dB,0.20us,+62.1Hz,,"[6,",,1
2025-07-30 21:14:54.077581,PHY,0x4601,1,0,na,"[0,",0,0,1,1296.3,+16.9dB,16.0us,"[0,",1,910.18,normal,0,valid,-15.1dB,-15.2dB,na,na,,,,
2025-07-30 21:14:54.078061,PHY,0x4601,1,0,na,"[0,",0,0,1,1282.5,+16.8dB,14.7us,"[0,",1,910.19,normal,0,valid,-15.1dB,-15.1dB,na,na,,,,
2025-07-30 21:14:54.082665,PHY,0x4601,1,0,na,"[0,",0,0,1,1383.9,+17.1dB,18.6us,"[0,",1,911.8,normal,0,valid,-15.1dB,-15.2dB,na,na,,,,
2025-07-30 21:14:54.083126,PHY,0x4601,1,0,na,"[0,",0,0,1,1302.3,+16.9dB,16.0us,"[0,",1,911.9,normal,0,valid,-15.1dB,-15.2dB,na,na,,,,
2025-07-30 21:14:54.086731,PHY,0x4601,2,,na,"[0,",,,11111,,+32.0dB,26.0us,"[0,",1,911.17,normal,0,valid,-12.2dB,-12.2dB,0.20us,-27.1Hz,,"[6,",,1
2025-07-30 21:14:54.087618,PHY,0x4601,1,0,na,"[0,",0,0,1,1297.0,+16.9dB,17.0us,"[0,",1,911.18,normal,0,valid,-15.0dB,-15.1dB,na,na,,,,
2025-07-30 21:14:54.088093,PHY,0x4601,1,0,na,"[0,",0,0,1,1348.8,+17.0dB,15.4us,"[0,",1,911.19,normal,0,valid,-15.0dB,-15.1dB,na,na,,,,
2025-07-30 21:14:54.092236,CSI,0x4601,2,,na,"[0,",,,1,,+31.8dB,14.6us,"[0,",1,912.8,normal,0,valid,-11.9dB,-11.9dB,0.19us,+22.7Hz,,"[6,",1111,1
2025-07-30 21:14:54.093164,PHY,0x4601,1,0,na,"[0,",0,0,1,1254.5,+16.7dB,17.6us,"[0,",1,912.9,normal,0,valid,-15.1dB,-15.2dB,na,na,,,,
2025-07-30 21:14:54.096728,PHY,0x4601,2,,na,"[0,",,,11111,,+31.2dB,14.0us,"[0,",1,912.17,normal,0,valid,-12.2dB,-12.2dB,0.21us,-62.0Hz,,"[6,",,1
2025-07-30 21:14:54.097647,PHY,0x4601,1,0,na,"[0,",0,0,1,1306.6,+16.9dB,17.2us,"[0,",1,912.18,normal,0,valid,-15.0dB,-15.1dB,na,na,,,,
2025-07-30 21:14:54.098120,PHY,0x4601,1,0,na,"[0,",0,0,1,1389.5,+17.2dB,15.1us,"[0,",1,912.19,normal,0,valid,-15.1dB,-15.2dB,na,na,,,,
2025-07-30 21:14:54.102611,PHY,0x4601,1,0,na,"[0,",0,0,1,1343.5,+17.0dB,16.1us,"[0,",1,913.8,normal,0,valid,-15.1dB,-15.2dB,na,na,,,,
2025-07-30 21:14:54.103085,PHY,0x4601,1,0,na,"[0,",0,0,1,1430.9,+17.3dB,15.0us,"[0,",1,913.9,normal,0,valid,-15.1dB,-15.1dB,na,na,,,,
2025-07-30 21:14:54.106737,PHY,0x4601,2,,na,"[0,",,,11111,,+31.7dB,13.6us,"[0,",1,913.17,normal,0,valid,-12.1dB,-12.1dB,0.19us,+41.4Hz,,"[6,",,1
2025-07-30 21:14:54.107572,PHY,0x4601,1,0,na,"[0,",0,0,1,1053.1,+16.0dB,16.6us,"[0,",1,913.18,normal,0,valid,-15.0dB,-15.1dB,na,na,,,,
2025-07-30 21:14:54.108153,PHY,0x4601,1,0,na,"[0,",0,0,1,1011.5,+15.8dB,15.6us,"[0,",1,913.19,normal,0,valid,-15.0dB,-15.1dB,na,na,,,,
2025-07-30 21:14:54.112169,CSI,0x4601,2,,na,"[0,",,,1,,+33.1dB,11.4us,"[0,",1,914.8,normal,0,valid,-12.0dB,-12.0dB,0.21us,+44.1Hz,,"[6,",1111,1
2025-07-30 21:14:54.113124,PHY,0x4601,1,0,na,"[0,",0,0,1,1013.7,+15.8dB,21.7us,"[0,",1,914.9,normal,0,valid,-15.1dB,-15.2dB,na,na,,,,
2025-07-30 21:14:54.116657,PHY,0x4601,2,,na,"[0,",,,11111,,+31.1dB,13.4us,"[0,",1,914.17,normal,0,valid,-12.0dB,-12.0dB,0.19us,-37.1Hz,,"[6,",,1
2025-07-30 21:14:54.117603,PHY,0x4601,1,0,na,"[0,",0,0,1,1061.8,+16.0dB,19.3us,"[0,",1,914.18,normal,0,valid,-15.1dB,-15.1dB,na,na,,,,
2025-07-30 21:14:54.118075,PHY,0x4601,1,0,na,"[0,",0,0,1,998.6,+15.7dB,15.9us,"[0,",1,914.19,normal,0,valid,-15.1dB,-15.2dB,na,na,,,,
2025-07-30 21:14:54.122576,PHY,0x4601,1,0,na,"[0,",0,0,1,1302.0,+16.9dB,20.4us,"[0,",1,915.8,normal,0,valid,-15.1dB,-15.2dB,na,na,,,,
2025-07-30 21:14:54.123142,PHY,0x4601,1,0,na,"[0,",0,0,1,1267.5,+16.8dB,14.6us,"[0,",1,915.9,normal,0,valid,-15.1dB,-15.2dB,na,na,,,,
2025-07-30 21:14:54.126694,PHY,0x4601,2,,na,"[0,",,,11111,,+32.4dB,13.8us,"[0,",1,915.17,normal,0,valid,-12.1dB,-12.1dB,0.20us,+17.8Hz,,"[6,",,1
2025-07-30 21:14:54.127631,PHY,0x4601,1,0,na,"[0,",0,0,1,959.8,+15.6dB,15.9us,"[0,",1,915.18,normal,0,valid,-15.1dB,-15.2dB,na,na,,,,
2025-07-30 21:14:54.128111,PHY,0x4601,1,0,na,"[0,",0,0,1,1048.0,+15.9dB,14.5us,"[0,",1,915.19,normal,0,valid,-15.1dB,-15.2dB,na,na,,,,
2025-07-30 21:14:54.132258,CSI,0x4601,2,,na,"[0,",,,1,,+30.7dB,15.7us,"[0,",1,916.8,normal,0,valid,-12.1dB,-12.1dB,0.20us,+2.8Hz,,"[6,",1111,1
2025-07-30 21:14:54.133076,PHY,0x4601,1,0,na,"[0,",0,0,1,1294.4,+16.8dB,17.4us,"[0,",1,916.9,normal,0,valid,-15.1dB,-15.2dB,na,na,,,,
2025-07-30 21:14:54.136732,PHY,0x4601,2,,na,"[0,",,,11111,,+32.7dB,13.6us,"[0,",1,916.17,normal,0,valid,-12.0dB,-12.1dB,0.20us,+71.0Hz,,"[6,",,1
2025-07-30 21:14:54.137565,PHY,0x4601,1,0,na,"[0,",0,0,1,964.3,+15.6dB,16.2us,"[0,",1,916.18,normal,0,valid,-15.0dB,-15.2dB,na,na,,,,
2025-07-30 21:14:54.138147,PHY,0x4601,1,0,na,"[0,",0,0,1,979.2,+15.7dB,16.7us,"[0,",1,916.19,normal,0,valid,-15.0dB,-15.1dB,na,na,,,,
2025-07-30 21:14:54.142642,PHY,0x4601,1,0,na,"[0,",0,0,1,1393.8,+17.2dB,16.8us,"[0,",1,917.8,normal,0,valid,-15.1dB,-15.2dB,na,na,,,,
2025-07-30 21:14:54.143106,PHY,0x4601,1,0,na,"[0,",0,0,1,1315.0,+16.9dB,15.5us,"[0,",1,917.9,normal,0,valid,-15.1dB,-15.2dB,na,na,,,,
2025-07-30 21:14:54.146651,PHY,0x4601,2,,na,"[0,",,,11111,,+31.2dB,15.2us,"[0,",1,917.17,normal,0,valid,-12.1dB,-12.1dB,0.20us,-20.7Hz,,"[6,",,1
2025-07-30 21:14:54.147599,PHY,0x4601,1,0,na,"[0,",0,0,1,1361.5,+17.1dB,17.6us,"[0,",1,917.18,normal,0,valid,-15.1dB,-15.2dB,na,na,,,,
2025-07-30 21:14:54.148075,PHY,0x4601,1,0,na,"[0,",0,0,1,1359.2,+17.1dB,14.8us,"[0,",1,917.19,normal,0,valid,-15.0dB,-15.1dB,na,na,,,,
2025-07-30 21:14:54.152208,CSI,0x4601,2,,na,"[0,",,,1,,+35.6dB,12.8us,"[0,",1,918.8,normal,0,valid,-12.0dB,-12.1dB,0.22us,+113.3Hz,,"[6,",1111,1
2025-07-30 21:14:54.153140,PHY,0x4601,1,0,na,"[0,",0,0,1,979.8,+15.7dB,16.1us,"[0,",1,918.9,normal,0,valid,-15.0dB,-15.1dB,na,na,,,,
2025-07-30 21:14:54.156722,PHY,0x4601,2,,na,"[0,",,,11111,,+30.5dB,22.3us,"[0,",1,918.17,normal,0,valid,-12.1dB,-12.2dB,0.20us,-123.9Hz,,"[6,",,1
2025-07-30 21:14:54.157632,PHY,0x4601,1,0,na,"[0,",0,0,1,1304.1,+16.9dB,21.0us,"[0,",1,918.18,normal,0,valid,-15.0dB,-15.1dB,na,na,,,,
2025-07-30 21:14:54.158107,PHY,0x4601,1,0,na,"[0,",0,0,1,1237.3,+16.7dB,14.3us,"[0,",1,918.19,normal,0,valid,-15.0dB,-15.1dB,na,na,,,,
2025-07-30 21:14:54.162596,PHY,0x4601,1,0,na,"[0,",0,0,1,1373.3,+17.1dB,17.8us,"[0,",1,919.8,normal,0,valid,-15.1dB,-15.2dB,na,na,,,,
2025-07-30 21:14:54.163063,PHY,0x4601,1,0,na,"[0,",0,0,1,1290.5,+16.8dB,14.5us,"[0,",1,919.9,normal,0,valid,-15.1dB,-15.2dB,na,na,,,,
2025-07-30 21:14:54.166740,PHY,0x4601,2,,na,"[0,",,,11111,,+32.2dB,18.3us,"[0,",1,919.17,normal,0,valid,-12.1dB,-12.2dB,0.20us,-124.4Hz,,"[6,",,1
2025-07-30 21:14:54.167663,PHY,0x4601,1,0,na,"[0,",0,0,1,1020.9,+15.8dB,16.4us,"[0,",1,919.18,normal,0,valid,-15.0dB,-15.1dB,na,na,,,,
2025-07-30 21:14:54.168132,PHY,0x4601,1,0,na,"[0,",0,0,1,955.2,+15.5dB,19.2us,"[0,",1,919.19,normal,0,valid,-15.1dB,-15.2dB,na,na,,,,
2025-07-30 21:14:54.172226,CSI,0x4601,2,,na,"[0,",,,1,,+32.4dB,12.1us,"[0,",1,920.8,normal,0,valid,-12.0dB,-12.1dB,0.18us,-86.8Hz,,"[6,",1111,1
2025-07-30 21:14:54.173100,PHY,0x4601,1,0,na,"[0,",0,0,1,1355.8,+17.1dB,17.8us,"[0,",1,920.9,normal,0,valid,-15.1dB,-15.1dB,na,na,,,,
2025-07-30 21:14:54.176642,PHY,0x4601,2,,na,"[0,",,,11111,,+31.8dB,14.5us,"[0,",1,920.17,normal,0,valid,-12.1dB,-12.1dB,0.21us,-30.4Hz,,"[6,",,1
2025-07-30 21:14:54.177589,PHY,0x4601,1,0,na,"[0,",0,0,1,1339.6,+17.0dB,17.2us,"[0,",1,920.18,normal,0,valid,-15.0dB,-15.1dB,na,na,,,,
2025-07-30 21:14:54.178173,PHY,0x4601,1,0,na,"[0,",0,0,1,1324.5,+17.0dB,18.8us,"[0,",1,920.19,normal,0,valid,-15.1dB,-15.1dB,na,na,,,,
2025-07-30 21:14:54.182656,PHY,0x4601,1,0,na,"[0,",0,0,1,1407.2,+17.2dB,17.6us,"[0,",1,921.8,normal,0,valid,-15.1dB,-15.2dB,na,na,,,,
2025-07-30 21:14:54.183124,PHY,0x4601,1,0,na,"[0,",0,0,1,1383.8,+17.2dB,14.9us,"[0,",1,921.9,normal,0,valid,-15.1dB,-15.1dB,na,na,,,,
2025-07-30 21:14:54.186676,PHY,0x4601,2,,na,"[0,",,,11111,,+32.7dB,19.9us,"[0,",1,921.17,normal,0,valid,-12.1dB,-12.1dB,0.21us,+61.5Hz,,"[6,",,1
2025-07-30 21:14:54.187613,PHY,0x4601,1,0,na,"[0,",0,0,1,1297.0,+16.8dB,15.8us,"[0,",1,921.18,normal,0,valid,-15.1dB,-15.2dB,na,na,,,,
2025-07-30 21:14:54.188093,PHY,0x4601,1,0,na,"[0,",0,0,1,1272.7,+16.8dB,18.1us,"[0,",1,921.19,normal,0,valid,-15.1dB,-15.2dB,na,na,,,,
2025-07-30 21:14:54.192215,CSI,0x4601,2,,na,"[0,",,,1,,+32.1dB,12.7us,"[0,",1,922.8,normal,0,valid,-12.1dB,-12.1dB,0.20us,+13.0Hz,,"[6,",1111,1
2025-07-30 21:14:54.193174,PHY,0x4601,1,0,na,"[0,",0,0,1,984.7,+15.7dB,22.8us,"[0,",1,922.9,normal,0,valid,-15.1dB,-15.2dB,na,na,,,,
2025-07-30 21:14:54.196708,PHY,0x4601,2,,na,"[0,",,,11111,,+33.1dB,13.9us,"[0,",1,922.17,normal,0,valid,-12.1dB,-12.2dB,0.21us,-57.7Hz,,"[6,",,1
2025-07-30 21:14:54.197643,PHY,0x4601,1,0,na,"[0,",0,0,1,977.3,+15.7dB,15.6us,"[0,",1,922.18,normal,0,valid,-15.0dB,-15.1dB,na,na,,,,
2025-07-30 21:14:54.198129,PHY,0x4601,1,0,na,"[0,",0,0,1,1040.7,+15.9dB,14.5us,"[0,",1,922.19,normal,0,valid,-15.1dB,-15.2dB,na,na,,,,
2025-07-30 21:14:54.202613,PHY,0x4601,1,0,na,"[0,",0,0,1,1423.5,+17.3dB,17.9us,"[0,",1,923.8,normal,0,valid,-15.1dB,-15.1dB,na,na,,,,
2025-07-30 21:14:54.203087,PHY,0x4601,1,0,na,"[0,",0,0,1,1368.4,+17.1dB,14.6us,"[0,",1,923.9,normal,0,valid,-15.1dB,-15.2dB,na,na,,,,
2025-07-30 21:14:54.206738,PHY,0x4601,2,,na,"[0,",,,11111,,+28.2dB,15.2us,"[0,",1,923.17,normal,0,valid,-12.1dB,-12.1dB,0.20us,-1.3Hz,,"[6,",,1
2025-07-30 21:14:54.207575,PHY,0x4601,1,0,na,"[0,",0,0,1,974.8,+15.6dB,15.6us,"[0,",1,923.18,normal,0,valid,-15.1dB,-15.2dB,na,na,,,,
2025-07-30 21:14:54.208147,PHY,0x4601,1,0,na,"[0,",0,0,1,942.5,+15.5dB,14.1us,"[0,",1,923.19,normal,0,valid,-15.0dB,-15.1dB,na,na,,,,
2025-07-30 21:14:54.212239,CSI,0x4601,2,,na,"[0,",,,1,,+32.1dB,11.3us,"[0,",1,924.8,normal,0,valid,-12.1dB,-12.1dB,0.19us,-84.9Hz,,"[6,",1111,1
2025-07-30 21:14:54.213115,PHY,0x4601,1,0,na,"[0,",0,0,1,1337.6,+17.0dB,16.5us,"[0,",1,924.9,normal,0,valid,-15.1dB,-15.1dB,na,na,,,,
2025-07-30 21:14:54.216655,PHY,0x4601,2,,na,"[0,",,,11111,,+33.0dB,14.1us,"[0,",1,924.17,normal,0,valid,-12.1dB,-12.1dB,0.21us,+84.7Hz,,"[6,",,1
2025-07-30 21:14:54.217601,PHY,0x4601,1,0,na,"[0,",0,0,1,1321.1,+16.9dB,15.8us,"[0,",1,924.18,normal,0,valid,-15.0dB,-15.1dB,na,na,,,,
2025-07-30 21:14:54.218074,PHY,0x4601,1,0,na,"[0,",0,0,1,1289.7,+16.9dB,14.1us,"[0,",1,924.19,normal,0,valid,-15.0dB,-15.1dB,na,na,,,,
2025-07-30 21:14:54.222568,PHY,0x4601,1,0,na,"[0,",0,0,1,1315.2,+16.9dB,17.2us,"[0,",1,925.8,normal,0,valid,-15.1dB,-15.1dB,na,na,,,,
2025-07-30 21:14:54.223148,PHY,0x4601,1,0,na,"[0,",0,0,1,1223.4,+16.6dB,15.8us,"[0,",1,925.9,normal,0,valid,-15.1dB,-15.2dB,na,na,,,,
2025-07-30 21:14:54.226720,PHY,0x4601,2,,na,"[0,",,,11111,,+32.0dB,14.6us,"[0,",1,925.17,normal,0,valid,-12.1dB,-12.2dB,0.21us,+44.4Hz,,"[6,",,1
2025-07-30 21:14:54.227634,PHY,0x4601,1,0,na,"[0,",0,0,1,1029.0,+15.8dB,16.3us,"[0,",1,925.18,normal,0,valid,-15.0dB,-15.2dB,na,na,,,,
2025-07-30 21:14:54.228109,PHY,0x4601,1,0,na,"[0,",0,0,1,1049.7,+16.0dB,19.2us,"[0,",1,925.19,normal,0,valid,-15.1dB,-15.2dB,na,na,,,,
2025-07-30 21:14:54.232266,CSI,0x4601,2,,na,"[0,",,,1,,+34.8dB,25.9us,"[0,",1,926.8,normal,0,valid,-12.0dB,-12.0dB,0.22us,+42.0Hz,,"[6,",1111,1
2025-07-30 21:14:54.233078,PHY,0x4601,1,0,na,"[0,",0,0,1,1325.8,+17.0dB,16.8us,"[0,",1,926.9,normal,0,valid,-15.1dB,-15.1dB,na,na,,,,
2025-07-30 21:14:54.236725,PHY,0x4601,2,,na,"[0,",,,11111,,+30.5dB,13.9us,"[0,",1,926.17,normal,0,valid,-12.1dB,-12.1dB,0.20us,-35.0Hz,,"[6,",,1
2025-07-30 21:14:54.237665,PHY,0x4601,1,0,na,"[0,",0,0,1,1011.2,+15.8dB,15.6us,"[0,",1,926.18,normal,0,valid,-15.0dB,-15.1dB,na,na,,,,
2025-07-30 21:14:54.238135,PHY,0x4601,1,0,na,"[0,",0,0,1,992.3,+15.7dB,13.8us,"[0,",1,926.19,normal,0,valid,-15.1dB,-15.2dB,na,na,,,,
2025-07-30 21:14:54.242630,PHY,0x4601,1,0,na,"[0,",0,0,1,1359.2,+17.1dB,16.3us,"[0,",1,927.8,normal,0,valid,-15.1dB,-15.2dB,na,na,,,,
2025-07-30 21:14:54.243100,PHY,0x4601,1,0,na,"[0,",0,0,1,1322.0,+17.0dB,14.4us,"[0,",1,927.9,normal,0,valid,-15.1dB,-15.2dB,na,na,,,,
2025-07-30 21:14:54.246648,PHY,0x4601,2,,na,"[0,",,,11111,,+29.1dB,15.8us,"[0,",1,927.17,normal,0,valid,-12.1dB,-12.1dB,0.19us,-47.4Hz,,"[6,",,1
2025-07-30 21:14:54.247590,PHY,0x4601,1,0,na,"[0,",0,0,1,1229.1,+16.6dB,16.2us,"[0,",1,927.18,normal,0,valid,-15.1dB,-15.1dB,na,na,,,,
2025-07-30 21:14:54.248069,PHY,0x4601,1,0,na,"[0,",0,0,1,1326.4,+17.0dB,17.1us,"[0,",1,927.19,normal,0,valid,-15.1dB,-15.1dB,na,na,,,,
2025-07-30 21:14:54.252192,CSI,0x4601,2,,na,"[0,",,,1,,+29.6dB,11.7us,"[0,",1,928.8,normal,0,valid,-11.9dB,-11.9dB,0.21us,-88.1Hz,,"[6,",1111,1
2025-07-30 21:14:54.253128,PHY,0x4601,1,0,na,"[0,",0,0,1,1362.1,+17.1dB,16.8us,"[0,",1,928.9,normal,0,valid,-15.1dB,-15.2dB,na,na,,,,
2025-07-30 21:14:54.256696,PHY,0x4601,2,,na,"[0,",,,11111,,+31.6dB,13.7us,"[0,",1,928.17,normal,0,valid,-12.1dB,-12.1dB,0.19us,+60.8Hz,,"[6,",,1
2025-07-30 21:14:54.257626,PHY,0x4601,1,0,na,"[0,",0,0,1,1378.7,+17.1dB,16.5us,"[0,",1,928.18,normal,0,valid,-15.0dB,-15.1dB,na,na,,,,
2025-07-30 21:14:54.258095,PHY,0x4601,1,0,na,"[0,",0,0,1,1381.9,+17.1dB,13.9us,"[0,",1,928.19,normal,0,valid,-15.0dB,-15.1dB,na,na,,,,
2025-07-30 21:14:54.262603,PHY,0x4601,1,0,na,"[0,",0,0,1,1429.2,+17.3dB,18.2us,"[0,",1,929.8,normal,0,valid,-15.1dB,-15.2dB,na,na,,,,
2025-07-30 21:14:54.263164,PHY,0x4601,1,0,na,"[0,",0,0,1,1263.8,+16.7dB,15.6us,"[0,",1,929.9,normal,0,valid,-15.1dB,-15.2dB,na,na,,,,
2025-07-30 21:14:54.266731,PHY,0x4601,2,,na,"[0,",,,11111,,+33.4dB,23.1us,"[0,",1,929.17,normal,0,valid,-12.1dB,-12.1dB,0.21us,+52.1Hz,,"[6,",,1
2025-07-30 21:14:54.267658,PHY,0x4601,1,0,na,"[0,",0,0,1,1335.5,+17.0dB,16.1us,"[0,",1,929.18,normal,0,valid,-15.0dB,-15.1dB,na,na,,,,
2025-07-30 21:14:54.268139,PHY,0x4601,1,0,na,"[0,",0,0,1,1372.0,+17.1dB,18.7us,"[0,",1,929.19,normal,0,valid,-15.0dB,-15.1dB,na,na,,,,
2025-07-30 21:14:54.272220,CSI,0x4601,2,,na,"[0,",,,1,,+32.2dB,12.0us,"[0,",1,930.8,normal,0,valid,-12.0dB,-12.0dB,0.19us,-91.6Hz,,"[6,",1111,1
2025-07-30 21:14:54.273089,PHY,0x4601,1,0,na,"[0,",0,0,1,1296.7,+16.8dB,15.9us,"[0,",1,930.9,normal,0,valid,-15.1dB,-15.2dB,na,na,,,,
2025-07-30 21:14:54.276736,PHY,0x4601,2,,na,"[0,",,,11111,,+30.7dB,14.2us,"[0,",1,930.17,normal,0,valid,-12.0dB,-12.1dB,0.23us,-29.6Hz,,"[6,",,1
2025-07-30 21:14:54.277577,PHY,0x4601,1,0,na,"[0,",0,0,1,1299.6,+16.9dB,17.4us,"[0,",1,930.18,normal,0,valid,-15.1dB,-15.1dB,na,na,,,,
2025-07-30 21:14:54.278155,PHY,0x4601,1,0,na,"[0,",0,0,1,1319.6,+16.9dB,14.2us,"[0,",1,930.19,normal,0,valid,-15.1dB,-15.2dB,na,na,,,,
2025-07-30 21:14:54.282655,PHY,0x4601,1,0,na,"[0,",0,0,1,1369.8,+17.1dB,19.7us,"[0,",1,931.8,normal,0,valid,-15.1dB,-15.2dB,na,na,,,,
2025-07-30 21:14:54.283116,PHY,0x4601,1,0,na,"[0,",0,0,1,1358.5,+17.1dB,14.2us,"[0,",1,931.9,normal,0,valid,-15.1dB,-15.2dB,na,na,,,,
2025-07-30 21:14:54.286663,PHY,0x4601,2,,na,"[0,",,,11111,,+31.7dB,14.5us,"[0,",1,931.17,normal,0,valid,-12.1dB,-12.1dB,0.19us,+122.7Hz,,"[6,",,1
2025-07-30 21:14:54.287606,PHY,0x4601,1,0,na,"[0,",0,0,1,1289.6,+16.9dB,17.0us,"[0,",1,931.18,normal,0,valid,-15.0dB,-15.1dB,na,na,,,,
2025-07-30 21:14:54.288080,PHY,0x4601,1,0,na,"[0,",0,0,1,1301.1,+16.9dB,14.9us,"[0,",1,931.19,normal,0,valid,-15.1dB,-15.2dB,na,na,,,,
2025-07-30 21:14:54.292219,CSI,0x4601,2,,na,"[0,",,,1,,+32.0dB,15.1us,"[0,",1,932.8,normal,0,valid,-12.0dB,-12.1dB,0.21us,-73.2Hz,,"[6,",1111,1
2025-07-30 21:14:54.293151,PHY,0x4601,1,0,na,"[0,",0,0,1,1327.6,+16.9dB,16.2us,"[0,",1,932.9,normal,0,valid,-15.1dB,-15.2dB,na,na,,,,
2025-07-30 21:14:54.296704,PHY,0x4601,2,,na,"[0,",,,11111,,+33.4dB,17.5us,"[0,",1,932.17,normal,0,valid,-12.0dB,-12.1dB,0.18us,-9.4Hz,,"[6,",,1
2025-07-30 21:14:54.297637,PHY,0x4601,1,0,na,"[0,",0,0,1,1302.7,+16.9dB,16.1us,"[0,",1,932.18,normal,0,valid,-15.1dB,-15.1dB,na,na,,,,
2025-07-30 21:14:54.298118,PHY,0x4601,1,0,na,"[0,",0,0,1,1348.0,+17.1dB,18.3us,"[0,",1,932.19,normal,0,valid,-15.0dB,-15.1dB,na,na,,,,
2025-07-30 21:14:54.302615,PHY,0x4601,1,0,na,"[0,",0,0,1,1370.8,+17.1dB,16.4us,"[0,",1,933.8,normal,0,valid,-15.1dB,-15.2dB,na,na,,,,
2025-07-30 21:14:54.303078,PHY,0x4601,1,0,na,"[0,",0,0,1,1280.1,+16.8dB,15.8us,"[0,",1,933.9,normal,0,valid,-15.1dB,-15.2dB,na,na,,,,
2025-07-30 21:14:54.306741,PHY,0x4601,2,,na,"[0,",,,11111,,+32.1dB,18.2us,"[0,",1,933.17,normal,0,valid,-12.0dB,-12.1dB,0.21us,-20.2Hz,,"[6,",,1
2025-07-30 21:14:54.307567,PHY,0x4601,1,0,na,"[0,",0,0,1,1442.5,+17.3dB,16.0us,"[0,",1,933.18,normal,0,valid,-15.1dB,-15.1dB,na,na,,,,
2025-07-30 21:14:54.308149,PHY,0x4601,1,0,na,"[0,",0,0,1,1402.1,+17.2dB,18.2us,"[0,",1,933.19,normal,0,valid,-15.0dB,-15.1dB,na,na,,,,
2025-07-30 21:14:54.312234,CSI,0x4601,2,,na,"[0,",,,1,,+33.1dB,11.5us,"[0,",1,934.8,normal,0,valid,-11.9dB,-12.0dB,0.22us,+2.3Hz,,"[6,",1111,1
2025-07-30 21:14:54.313099,PHY,0x4601,1,0,na,"[0,",0,0,1,960.0,+15.5dB,16.3us,"[0,",1,934.9,normal,0,valid,-15.0dB,-15.2dB,na,na,,,,
2025-07-30 21:14:54.316653,PHY,0x4601,2,,na,"[0,",,,11111,,+31.7dB,23.1us,"[0,",1,934.17,normal,0,valid,-12.0dB,-12.0dB,0.20us,-76.9Hz,,"[6,",,1
2025-07-30 21:14:54.317592,PHY,0x4601,1,0,na,"[0,",0,0,1,983.1,+15.7dB,16.9us,"[0,",1,934.18,normal,0,valid,-15.1dB,-15.2dB,na,na,,,,
2025-07-30 21:14:54.318074,PHY,0x4601,1,0,na,"[0,",0,0,1,941.8,+15.5dB,16.7us,"[0,",1,934.19,normal,0,valid,-15.1dB,-15.2dB,na,na,,,,
2025-07-30 21:14:54.322670,PHY,0x4601,1,0,na,"[0,",0,0,1,1268.0,+16.8dB,16.6us,"[0,",1,935.8,normal,0,valid,-15.1dB,-15.2dB,na,na,,,,
2025-07-30 21:14:54.323128,PHY,0x4601,1,0,na,"[0,",0,0,1,1203.7,+16.5dB,14.6us,"[0,",1,935.9,normal,0,valid,-15.1dB,-15.2dB,na,na,,,,
2025-07-30 21:14:54.326711,PHY,0x4601,2,,na,"[0,",,,11111,,+30.7dB,15.0us,"[0,",1,935.17,normal,0,valid,-12.2dB,-12.2dB,0.20us,-24.8Hz,,"[6,",,1
2025-07-30 21:14:54.327629,PHY,0x4601,1,0,na,"[0,",0,0,1,988.7,+15.7dB,23.6us,"[0,",1,935.18,normal,0,valid,-15.1dB,-15.2dB,na,na,,,,
2025-07-30 21:14:54.328101,PHY,0x4601,1,0,na,"[0,",0,0,1,1092.3,+16.1dB,17.3us,"[0,",1,935.19,normal,0,valid,-15.1dB,-15.2dB,na,na,,,,
2025-07-30 21:14:54.332229,CSI,0x4601,2,,na,"[0,",,,1,,+32.2dB,15.3us,"[0,",1,936.8,normal,0,valid,-12.1dB,-12.1dB,0.22us,+45.6Hz,,"[6,",1111,1
2025-07-30 21:14:54.333065,PHY,0x4601,1,0,na,"[0,",0,0,1,1351.5,+17.1dB,16.2us,"[0,",1,936.9,normal,0,valid,-15.1dB,-15.1dB,na,na,,,,
2025-07-30 21:14:54.336726,PHY,0x4601,2,,na,"[0,",,,11111,,+30.6dB,25.3us,"[0,",1,936.17,normal,0,valid,-12.1dB,-12.1dB,0.20us,+8.0Hz,,"[6,",,1
2025-07-30 21:14:54.337653,PHY,0x4601,1,0,na,"[0,",0,0,1,967.3,+15.6dB,16.4us,"[0,",1,936.18,normal,0,valid,-15.0dB,-15.2dB,na,na,,,,
2025-07-30 21:14:54.338126,PHY,0x4601,1,0,na,"[0,",0,0,1,1026.9,+15.9dB,14.5us,"[0,",1,936.19,normal,0,valid,-15.1dB,-15.2dB,na,na,,,,
2025-07-30 21:14:54.342675,PHY,0x4601,1,0,na,"[0,",0,0,1,1362.1,+17.1dB,16.4us,"[0,",1,937.8,normal,0,valid,-15.1dB,-15.2dB,na,na,,,,
2025-07-30 21:14:54.343087,PHY,0x4601,1,0,na,"[0,",0,0,1,1322.5,+16.9dB,13.5us,"[0,",1,937.9,normal,0,valid,-15.1dB,-15.2dB,na,na,,,,
2025-07-30 21:14:54.346629,PHY,0x4601,2,,na,"[0,",,,11111,,+34.7dB,15.1us,"[0,",1,937.17,normal,0,valid,-12.1dB,-12.1dB,0.22us,+85.9Hz,,"[6,",,1
2025-07-30 21:14:54.347574,PHY,0x4601,1,0,na,"[0,",0,0,1,1392.2,+17.2dB,15.7us,"[0,",1,937.18,normal,0,valid,-15.1dB,-15.2dB,na,na,,,,
2025-07-30 21:14:54.348158,PHY,0x4601,1,0,na,"[0,",0,0,1,1241.8,+16.7dB,14.8us,"[0,",1,937.19,normal,0,valid,-15.1dB,-15.1dB,na,na,,,,
2025-07-30 21:14:54.352214,CSI,0x4601,2,,na,"[0,",,,1,,+27.7dB,13.4us,"[0,",1,938.8,normal,0,valid,-11.9dB,-12.0dB,0.18us,-58.4Hz,,"[6,",1111,1
2025-07-30 21:14:54.353119,PHY,0x4601,1,0,na,"[0,",0,0,1,1304.5,+16.9dB,16.3us,"[0,",1,938.9,normal,0,valid,-15.1dB,-15.2dB,na,na,,,,
2025-07-30 21:14:54.356665,PHY,0x4601,2,,na,"[0,",,,11111,,+32.0dB,13.3us,"[0,",1,938.17,normal,0,valid,-12.2dB,-12.2dB,0.20us,-111.1Hz,,"[6,",,1
2025-07-30 21:14:54.357609,PHY,0x4601,1,0,na,"[0,",0,0,1,1310.5,+16.9dB,15.7us,"[0,",1,938.18,normal,0,valid,-15.0dB,-15.1dB,na,na,,,,
2025-07-30 21:14:54.358092,PHY,0x4601,1,0,na,"[0,",0,0,1,1225.6,+16.6dB,17.1us,"[0,",1,938.19,normal,0,valid,-15.1dB,-15.1dB,na,na,,,,
2025-07-30 21:14:54.362577,PHY,0x4601,1,0,na,"[0,",0,0,1,1281.3,+16.8dB,16.9us,"[0,",1,939.8,normal,0,valid,-15.1dB,-15.2dB,na,na,,,,
2025-07-30 21:14:54.363153,PHY,0x4601,1,0,na,"[0,",0,0,1,1314.8,+16.9dB,20.1us,"[0,",1,939.9,normal,0,valid,-15.1dB,-15.2dB,na,na,,,,
2025-07-30 21:14:54.366703,PHY,0x4601,2,,na,"[0,",,,11111,,+34.1dB,13.8us,"[0,",1,939.17,normal,0,valid,-12.0dB,-12.1dB,0.19us,+26.3Hz,,"[6,",,1
2025-07-30 21:14:54.367643,PHY,0x4601,1,0,na,"[0,",0,0,1,1292.3,+16.9dB,21.2us,"[0,",1,939.18,normal,0,valid,-15.0dB,-15.1dB,na,na,,,,
2025-07-30 21:14:54.368115,PHY,0x4601,1,0,na,"[0,",0,0,1,1365.3,+17.1dB,14.3us,"[0,",1,939.19,normal,0,valid,-15.0dB,-15.1dB,na,na,,,,
2025-07-30 21:14:54.372209,CSI,0x4601,2,,na,"[0,",,,1,,+34.4dB,11.3us,"[0,",1,940.8,normal,0,valid,-12.2dB,-12.2dB,0.20us,+105.0Hz,,"[6,",1111,1
2025-07-30 21:14:54.373075,PHY,0x4601,1,0,na,"[0,",0,0,1,1269.4,+16.8dB,17.0us,"[0,",1,940.9,normal,0,valid,-15.0dB,-15.1dB,na,na,,,,
2025-07-30 21:14:54.376731,PHY,0x4601,2,,na,"[0,",,,11111,,+28.5dB,14.6us,"[0,",1,940.17,normal,0,valid,-12.1dB,-12.1dB,0.19us,-41.8Hz,,"[6,",,1
2025-07-30 21:14:54.377573,PHY,0x4601,1,0,na,"[0,",0,0,1,1307.8,+16.9dB,19.0us,"[0,",1,940.18,normal,0,valid,-15.1dB,-15.1dB,na,na,,,,
2025-07-30 21:14:54.378155,PHY,0x4601,1,0,na,"[0,",0,0,1,1301.5,+16.9dB,19.6us,"[0,",1,940.19,normal,0,valid,-15.0dB,-15.1dB,na,na,,,,
2025-07-30 21:14:54.382642,PHY,0x4601,1,0,na,"[0,",0,0,1,1294.8,+16.9dB,16.1us,"[0,",1,941.8,normal,0,valid,-15.1dB,-15.2dB,na,na,,,,
2025-07-30 21:14:54.383116,PHY,0x4601,1,0,na,"[0,",0,0,1,1250.5,+16.7dB,15.1us,"[0,",1,941.9,normal,0,valid,-15.1dB,-15.2dB,na,na,,,,
2025-07-30 21:14:54.386662,PHY,0x4601,2,,na,"[0,",,,11111,,+32.0dB,14.7us,"[0,",1,941.17,normal,0,valid,-12.0dB,-12.0dB,0.19us,-1.1Hz,,"[6,",,1
2025-07-30 21:14:54.387602,PHY,0x4601,1,0,na,"[0,",0,0,1,1250.6,+16.7dB,15.7us,"[0,",1,941.18,normal,0,valid,-15.0dB,-15.1dB,na,na,,,,
2025-07-30 21:14:54.388076,PHY,0x4601,1,0,na,"[0,",0,0,1,1388.0,+17.2dB,14.3us,"[0,",1,941.19,normal,0,valid,-15.1dB,-15.2dB,na,na,,,,
2025-07-30 21:14:54.392222,CSI,0x4601,2,,na,"[0,",,,1,,+34.2dB,16.5us,"[0,",1,942.8,normal,0,valid,-12.1dB,-12.1dB,0.21us,-32.6Hz,,"[6,",1111,1
2025-07-30 21:14:54.393146,PHY,0x4601,1,0,na,"[0,",0,0,1,1294.5,+16.9dB,15.8us,"[0,",1,942.9,normal,0,valid,-15.0dB,-15.1dB,na,na,,,,
2025-07-30 21:14:54.396704,PHY,0x4601,2,,na,"[0,",,,11111,,+30.9dB,14.2us,"[0,",1,942.17,normal,0,valid,-12.3dB,-12.3dB,0.19us,+15.9Hz,,"[6,",,1
2025-07-30 21:14:54.397631,PHY,0x4601,1,0,na,"[0,",0,0,1,1278.3,+16.8dB,16.5us,"[0,",1,942.18,normal,0,valid,-15.0dB,-15.1dB,na,na,,,,
2025-07-30 21:14:54.398110,PHY,0x4601,1,0,na,"[0,",0,0,1,1149.6,+16.4dB,15.0us,"[0,",1,942.19,normal,0,valid,-15.0dB,-15.1dB,na,na,,,,
2025-07-30 21:14:54.402886,PHY,0x4601,1,0,na,"[0,",0,0,1,1281.9,+16.8dB,16.6us,"[0,",1,943.8,normal,0,valid,-15.1dB,-15.2dB,na,na,,,,
2025-07-30 21:14:54.403106,PHY,0x4601,1,0,na,"[0,",0,0,1,1287.2,+16.8dB,13.6us,"[0,",1,943.9,normal,0,valid,-15.1dB,-15.2dB,na,na,,,,
2025-07-30 21:14:54.406764,PHY,0x4601,2,,na,"[0,",,,11111,,+31.0dB,15.9us,"[0,",1,943.17,normal,0,valid,-12.0dB,-12.1dB,0.19us,-90.1Hz,,"[6,",,1
2025-07-30 21:14:54.407667,PHY,0x4601,1,0,na,"[0,",0,0,1,1270.3,+16.8dB,16.4us,"[0,",1,943.18,normal,0,valid,-15.0dB,-15.1dB,na,na,,,,
2025-07-30 21:14:54.408142,PHY,0x4601,1,0,na,"[0,",0,0,1,1288.2,+16.9dB,15.4us,"[0,",1,943.19,normal,0,valid,-15.0dB,-15.1dB,na,na,,,,
2025-07-30 21:14:54.412239,CSI,0x4601,2,,na,"[0,",,,1,,+31.0dB,12.3us,"[0,",1,944.8,normal,0,valid,-12.0dB,-12.1dB,0.22us,-58.7Hz,,"[6,",1111,1
2025-07-30 21:14:54.413109,PHY,0x4601,1,0,na,"[0,",0,0,1,960.5,+15.5dB,17.4us,"[0,",1,944.9,normal,0,valid,-15.1dB,-15.2dB,na,na,,,,
2025-07-30 21:14:54.416648,PHY,0x4601,2,,na,"[0,",,,11111,,+32.5dB,13.3us,"[0,",1,944.17,normal,0,valid,-12.2dB,-12.2dB,0.20us,+1.1Hz,,"[6,",,1
2025-07-30 21:14:54.417589,PHY,0x4601,1,0,na,"[0,",0,0,1,1292.6,+16.9dB,15.4us,"[0,",1,944.18,normal,0,valid,-15.1dB,-15.1dB,na,na,,,,
2025-07-30 21:14:54.418068,PHY,0x4601,1,0,na,"[0,",0,0,1,1286.5,+16.9dB,15.4us,"[0,",1,944.19,normal,0,valid,-15.1dB,-15.1dB,na,na,,,,
2025-07-30 21:14:54.422665,PHY,0x4601,1,0,na,"[0,",0,0,1,1409.5,+17.3dB,16.2us,"[0,",1,945.8,normal,0,valid,-15.1dB,-15.2dB,na,na,,,,
2025-07-30 21:14:54.423128,PHY,0x4601,1,0,na,"[0,",0,0,1,1267.8,+16.8dB,15.5us,"[0,",1,945.9,normal,0,valid,-15.1dB,-15.2dB,na,na,,,,
2025-07-30 21:14:54.426711,PHY,0x4601,2,,na,"[0,",,,11111,,+31.1dB,24.3us,"[0,",1,945.17,normal,0,valid,-12.0dB,-12.0dB,0.20us,-72.5Hz,,"[6,",,1
2025-07-30 21:14:54.427614,PHY,0x4601,1,0,na,"[0,",0,0,1,1313.5,+16.9dB,16.1us,"[0,",1,945.18,normal,0,valid,-15.1dB,-15.2dB,na,na,,,,
2025-07-30 21:14:54.428090,PHY,0x4601,1,0,na,"[0,",0,0,1,1237.9,+16.7dB,14.5us,"[0,",1,945.19,normal,0,valid,-15.0dB,-15.1dB,na,na,,,,
2025-07-30 21:14:54.432218,CSI,0x4601,2,,na,"[0,",,,1,,+33.5dB,15.9us,"[0,",1,946.8,normal,0,valid,-12.0dB,-12.1dB,0.23us,+93.2Hz,,"[6,",1111,1
2025-07-30 21:14:54.433173,PHY,0x4601,1,0,na,"[0,",0,0,1,983.0,+15.7dB,15.4us,"[0,",1,946.9,normal,0,valid,-15.1dB,-15.2dB,na,na,,,,
2025-07-30 21:14:54.436742,PHY,0x4601,2,,na,"[0,",,,11111,,+32.0dB,18.7us,"[0,",1,946.17,normal,0,valid,-12.1dB,-12.2dB,0.19us,-47.8Hz,,"[6,",,1
2025-07-30 21:14:54.437649,PHY,0x4601,1,0,na,"[0,",0,0,1,1287.4,+16.8dB,15.6us,"[0,",1,946.18,normal,0,valid,-15.1dB,-15.2dB,na,na,,,,
2025-07-30 21:14:54.438126,PHY,0x4601,1,0,na,"[0,",0,0,1,1275.9,+16.8dB,14.2us,"[0,",1,946.19,normal,0,valid,-15.0dB,-15.1dB,na,na,,,,
2025-07-30 21:14:54.442623,PHY,0x4601,1,0,na,"[0,",0,0,1,1286.8,+16.8dB,15.8us,"[0,",1,947.8,normal,0,valid,-15.1dB,-15.2dB,na,na,,,,
2025-07-30 21:14:54.443093,PHY,0x4601,1,0,na,"[0,",0,0,1,1328.0,+17.0dB,13.9us,"[0,",1,947.9,normal,0,valid,-15.1dB,-15.2dB,na,na,,,,
2025-07-30 21:14:54.446767,PHY,0x4601,2,,na,"[0,",,,11111,,+30.4dB,15.9us,"[0,",1,947.17,normal,0,valid,-12.2dB,-12.2dB,0.20us,-73.7Hz,,"[6,",,1
2025-07-30 21:14:54.447574,PHY,0x4601,1,0,na,"[0,",0,0,1,963.7,+15.6dB,14.9us,"[0,",1,947.18,normal,0,valid,-15.0dB,-15.1dB,na,na,,,,
2025-07-30 21:14:54.448161,PHY,0x4601,1,0,na,"[0,",0,0,1,1033.9,+15.9dB,16.1us,"[0,",1,947.19,normal,0,valid,-15.0dB,-15.2dB,na,na,,,,
2025-07-30 21:14:54.452194,CSI,0x4601,2,,na,"[0,",,,1,,+31.1dB,15.2us,"[0,",1,948.8,normal,0,valid,-12.0dB,-12.0dB,0.20us,-2.1Hz,,"[6,",1111,1
2025-07-30 21:14:54.453123,PHY,0x4601,1,0,na,"[0,",0,0,1,1255.8,+16.7dB,16.0us,"[0,",1,948.9,normal,0,valid,-15.1dB,-15.1dB,na,na,,,,
2025-07-30 21:14:54.456665,PHY,0x4601,2,,na,"[0,",,,11111,,+27.4dB,14.3us,"[0,",1,948.17,normal,0,valid,-12.1dB,-12.2dB,0.23us,-0.6Hz,,"[6,",,1
2025-07-30 21:14:54.457604,PHY,0x4601,1,0,na,"[0,",0,0,1,1235.9,+16.6dB,15.3us,"[0,",1,948.18,normal,0,valid,-15.0dB,-15.1dB,na,na,,,,
2025-07-30 21:14:54.458087,PHY,0x4601,1,0,na,"[0,",0,0,1,1330.0,+17.0dB,19.8us,"[0,",1,948.19,normal,0,valid,-15.0dB,-15.1dB,na,na,,,,
2025-07-30 21:14:54.462578,PHY,0x4601,1,0,na,"[0,",0,0,1,1265.6,+16.7dB,16.1us,"[0,",1,949.8,normal,0,valid,-15.1dB,-15.2dB,na,na,,,,
2025-07-30 21:14:54.463150,PHY,0x4601,1,0,na,"[0,",0,0,1,1370.2,+17.1dB,14.6us,"[0,",1,949.9,normal,0,valid,-15.1dB,-15.2dB,na,na,,,,
2025-07-30 21:14:54.466702,PHY,0x4601,2,,na,"[0,",,,11111,,+28.5dB,14.7us,"[0,",1,949.17,normal,0,valid,-12.1dB,-12.1dB,0.19us,+86.3Hz,,"[6,",,1
2025-07-30 21:14:54.467643,PHY,0x4601,1,0,na,"[0,",0,0,1,1416.1,+17.2dB,16.5us,"[0,",1,949.18,normal,0,valid,-15.0dB,-15.1dB,na,na,,,,
2025-07-30 21:14:54.468111,PHY,0x4601,1,0,na,"[0,",0,0,1,1289.6,+16.8dB,15.3us,"[0,",1,949.19,normal,0,valid,-15.0dB,-15.1dB,na,na,,,,
2025-07-30 21:14:54.472246,CSI,0x4601,2,,na,"[0,",,,1,,+34.0dB,15.7us,"[0,",1,950.8,normal,0,valid,-12.1dB,-12.1dB,0.20us,-43.8Hz,,"[6,",1111,1
2025-07-30 21:14:54.473077,PHY,0x4601,1,0,na,"[0,",0,0,1,985.5,+15.7dB,16.2us,"[0,",1,950.9,normal,0,valid,-15.1dB,-15.2dB,na,na,,,,
2025-07-30 21:14:54.476735,PHY,0x4601,2,,na,"[0,",,,11111,,+32.6dB,13.6us,"[0,",1,950.17,normal,0,valid,-12.2dB,-12.2dB,0.22us,+60.6Hz,,"[6,",,1
2025-07-30 21:14:54.477562,PHY,0x4601,1,0,na,"[0,",0,0,1,1281.2,+16.8dB,15.2us,"[0,",1,950.18,normal,0,valid,-15.1dB,-15.1dB,na,na,,,,
2025-07-30 21:14:54.478142,PHY,0x4601,1,0,na,"[0,",0,0,1,1311.1,+16.9dB,14.1us,"[0,",1,950.19,normal,0,valid,-15.0dB,-15.1dB,na,na,,,,
2025-07-30 21:14:54.482630,PHY,0x4601,1,0,na,"[0,",0,0,1,1336.3,+17.0dB,15.6us,"[0,",1,951.8,normal,0,valid,-15.1dB,-15.1dB,na,na,,,,
2025-07-30 21:14:54.483105,PHY,0x4601,1,0,na,"[0,",0,0,1,1291.7,+16.8dB,14.1us,"[0,",1,951.9,normal,0,valid,-15.1dB,-15.2dB,na,na,,,,
2025-07-30 21:14:54.486649,PHY,0x4601,2,,na,"[0,",,,11111,,+32.2dB,13.4us,"[0,",1,951.17,normal,0,valid,-12.1dB,-12.1dB,0.21us,+94.1Hz,,"[6,",,1
2025-07-30 21:14:54.487600,PHY,0x4601,1,0,na,"[0,",0,0,1,948.5,+15.5dB,15.2us,"[0,",1,951.18,normal,0,valid,-15.0dB,-15.2dB,na,na,,,,
2025-07-30 21:14:54.488074,PHY,0x4601,1,0,na,"[0,",0,0,1,940.1,+15.5dB,14.5us,"[0,",1,951.19,normal,0,valid,-15.1dB,-15.2dB,na,na,,,,
2025-07-30 21:14:54.492196,CSI,0x4601,2,,na,"[0,",,,1,,+31.5dB,12.0us,"[0,",1,952.8,normal,0,valid,-12.1dB,-12.1dB,0.21us,-11.3Hz,,"[6,",1111,1
2025-07-30 21:14:54.493154,PHY,0x4601,1,0,na,"[0,",0,0,1,898.5,+15.3dB,16.2us,"[0,",1,952.9,normal,0,valid,-15.1dB,-15.2dB,na,na,,,,
2025-07-30 21:14:54.496698,PHY,0x4601,2,,na,"[0,",,,11111,,+30.2dB,22.1us,"[0,",1,952.17,normal,0,valid,-12.1dB,-12.2dB,0.20us,+65.2Hz,,"[6,",,1
2025-07-30 21:14:54.497643,PHY,0x4601,1,0,na,"[0,",0,0,1,1165.8,+16.4dB,28.1us,"[0,",1,952.18,normal,0,valid,-15.1dB,-15.1dB,na,na,,,,
2025-07-30 21:14:54.498108,PHY,0x4601,1,0,na,"[0,",0,0,1,1356.5,+17.1dB,18.7us,"[0,",1,952.19,normal,0,valid,-15.1dB,-15.1dB,na,na,,,,
2025-07-30 21:14:54.502596,PHY,0x4601,1,0,na,"[0,",0,0,1,1222.0,+16.6dB,16.2us,"[0,",1,953.8,normal,0,valid,-15.1dB,-15.2dB,na,na,,,,
2025-07-30 21:14:54.503065,PHY,0x4601,1,0,na,"[0,",0,0,1,1269.9,+16.8dB,14.2us,"[0,",1,953.9,normal,0,valid,-15.1dB,-15.2dB,na,na,,,,
2025-07-30 21:14:54.506730,PHY,0x4601,2,,na,"[0,",,,11111,,+31.9dB,18.1us,"[0,",1,953.17,normal,0,valid,-12.0dB,-12.1dB,0.21us,-24.9Hz,,"[6,",,1
2025-07-30 21:14:54.507662,PHY,0x4601,1,0,na,"[0,",0,0,1,1339.8,+17.0dB,16.3us,"[0,",1,953.18,normal,0,valid,-15.1dB,-15.1dB,na,na,,,,
2025-07-30 21:14:54.508137,PHY,0x4601,1,0,na,"[0,",0,0,1,1222.5,+16.6dB,13.9us,"[0,",1,953.19,normal,0,valid,-15.1dB,-15.2dB,na,na,,,,
2025-07-30 21:14:54.512220,CSI,0x4601,2,,na,"[0,",,,1,,+32.7dB,11.2us,"[0,",1,954.8,normal,0,valid,-12.0dB,-12.0dB,0.20us,-122.3Hz,,"[6,",1111,1
2025-07-30 21:14:54.513101,PHY,0x4601,1,0,na,"[0,",0,0,1,1362.7,+17.1dB,17.0us,"[0,",1,954.9,normal,0,valid,-15.1dB,-15.2dB,na,na,,,,
2025-07-30 21:14:54.516632,PHY,0x4601,2,,na,"[0,",,,11111,,+30.9dB,12.9us,"[0,",1,954.17,normal,0,valid,-12.0dB,-12.1dB,0.22us,+109.6Hz,,"[6,",,1
2025-07-30 21:14:54.517582,PHY,0x4601,1,0,na,"[0,",0,0,1,947.2,+15.5dB,15.3us,"[0,",1,954.18,normal,0,valid,-15.0dB,-15.1dB,na,na,,,,
2025-07-30 21:14:54.518172,PHY,0x4601,1,0,na,"[0,",0,0,1,1018.6,+15.8dB,15.2us,"[0,",1,954.19,normal,0,valid,-15.0dB,-15.1dB,na,na,,,,
2025-07-30 21:14:54.522665,PHY,0x4601,1,0,na,"[0,",0,0,1,1241.3,+16.7dB,23.5us,"[0,",1,955.8,normal,0,valid,-15.1dB,-15.2dB,na,na,,,,
2025-07-30 21:14:54.523127,PHY,0x4601,1,0,na,"[0,",0,0,1,1295.4,+16.9dB,14.7us,"[0,",1,955.9,normal,0,valid,-15.1dB,-15.2dB,na,na,,,,
2025-07-30 21:14:54.526674,PHY,0x4601,2,,na,"[0,",,,11111,,+32.0dB,14.3us,"[0,",1,955.17,normal,0,valid,-12.0dB,-12.0dB,0.18us,-72.3Hz,,"[6,",,1
2025-07-30 21:14:54.527614,PHY,0x4601,1,0,na,"[0,",0,0,1,1013.1,+15.8dB,15.7us,"[0,",1,955.18,normal,0,valid,-15.0dB,-15.2dB,na,na,,,,
2025-07-30 21:14:54.528088,PHY,0x4601,1,0,na,"[0,",0,0,1,981.6,+15.7dB,14.4us,"[0,",1,955.19,normal,0,valid,-15.0dB,-15.2dB,na,na,,,,
2025-07-30 21:14:54.532231,CSI,0x4601,2,,na,"[0,",,,1,,+33.0dB,12.7us,"[0,",1,956.8,normal,0,valid,-11.9dB,-12.0dB,0.23us,-60.8Hz,,"[6,",1111,1
2025-07-30 21:14:54.533158,PHY,0x4601,1,0,na,"[0,",0,0,1,1322.2,+16.9dB,15.6us,"[0,",1,956.9,normal,0,valid,-15.0dB,-15.2dB,na,na,,,,
2025-07-30 21:14:54.536712,PHY,0x4601,2,,na,"[0,",,,11111,,+32.7dB,14.8us,"[0,",1,956.17,normal,0,valid,-12.0dB,-12.1dB,0.20us,-24.1Hz,,"[6,",,1
2025-07-30 21:14:54.537648,PHY,0x4601,1,0,na,"[0,",0,0,1,981.9,+15.6dB,16.9us,"[0,",1,956.18,normal,0,valid,-15.0dB,-15.1dB,na,na,,,,
2025-07-30 21:14:54.538123,PHY,0x4601,1,0,na,"[0,",0,0,1,1023.4,+15.9dB,14.4us,"[0,",1,956.19,normal,0,valid,-15.0dB,-15.1dB,na,na,,,,
2025-07-30 21:14:54.542616,PHY,0x4601,1,0,na,"[0,",0,0,1,1335.2,+17.0dB,16.7us,"[0,",1,957.8,normal,0,valid,-15.0dB,-15.1dB,na,na,,,,
2025-07-30 21:14:54.543080,PHY,0x4601,1,0,na,"[0,",0,0,1,1320.1,+16.9dB,13.9us,"[0,",1,957.9,normal,0,valid,-15.1dB,-15.2dB,na,na,,,,
2025-07-30 21:14:54.546760,PHY,0x4601,2,,na,"[0,",,,11111,,+29.5dB,16.9us,"[0,",1,957.17,normal,0,valid,-12.1dB,-12.1dB,0.19us,+44.4Hz,,"[6,",,1
2025-07-30 21:14:54.547572,PHY,0x4601,1,0,na,"[0,",0,0,1,1305.4,+16.9dB,15.5us,"[0,",1,957.18,normal,0,valid,-15.1dB,-15.2dB,na,na,,,,
2025-07-30 21:14:54.548156,PHY,0x4601,1,0,na,"[0,",0,0,1,1318.5,+17.0dB,17.1us,"[0,",1,957.19,normal,0,valid,-15.1dB,-15.1dB,na,na,,,,
2025-07-30 21:14:54.552246,CSI,0x4601,2,,na,"[0,",,,1,,+32.8dB,12.6us,"[0,",1,958.8,normal,0,valid,-12.0dB,-12.1dB,0.19us,-18.8Hz,,"[6,",1111,1
2025-07-30 21:14:54.553121,PHY,0x4601,1,0,na,"[0,",0,0,1,1276.1,+16.8dB,20.4us,"[0,",1,958.9,normal,0,valid,-15.1dB,-15.2dB,na,na,,,,
2025-07-30 21:14:54.556678,PHY,0x4601,2,,na,"[0,",,,11111,,+33.2dB,19.1us,"[0,",1,958.17,normal,0,valid,-12.1dB,-12.1dB,0.24us,-31.2Hz,,"[6,",,1
2025-07-30 21:14:54.557624,PHY,0x4601,1,0,na,"[0,",0,0,1,985.5,+15.7dB,19.6us,"[0,",1,958.18,normal,0,valid,-15.1dB,-15.2dB,na,na,,,,
2025-07-30 21:14:54.558090,PHY,0x4601,1,0,na,"[0,",0,0,1,863.7,+15.1dB,19.7us,"[0,",1,958.19,normal,0,valid,-15.1dB,-15.2dB,na,na,,,,
2025-07-30 21:14:54.562570,PHY,0x4601,1,0,na,"[0,",0,0,1,1380.5,+17.1dB,17.9us,"[0,",1,959.8,normal,0,valid,-15.1dB,-15.2dB,na,na,,,,
2025-07-30 21:14:54.563158,PHY,0x4601,1,0,na,"[0,",0,0,1,1250.2,+16.7dB,21.2us,"[0,",1,959.9,normal,0,valid,-15.1dB,-15.2dB,na,na,,,,
2025-07-30 21:14:54.566752,PHY,0x4601,2,,na,"[0,",,,11111,,+31.0dB,18.3us,"[0,",1,959.17,normal,0,valid,-12.1dB,-12.1dB,0.20us,+55.6Hz,,"[6,",,1
2025-07-30 21:14:54.567647,PHY,0x4601,1,0,na,"[0,",0,0,1,994.4,+15.7dB,22.8us,"[0,",1,959.18,normal,0,valid,-15.0dB,-15.1dB,na,na,,,,
2025-07-30 21:14:54.568113,PHY,0x4601,1,0,na,"[0,",0,0,1,962.2,+15.5dB,15.9us,"[0,",1,959.19,normal,0,valid,-15.0dB,-15.2dB,na,na,,,,
2025-07-30 21:14:54.572311,CSI,0x4601,2,,na,"[0,",,,1,,+29.7dB,17.1us,"[0,",1,960.8,normal,0,valid,-12.0dB,-12.1dB,0.22us,+20.9Hz,,"[6,",1111,1
2025-07-30 21:14:54.573089,PHY,0x4601,1,0,na,"[0,",0,0,1,1370.4,+17.1dB,20.6us,"[0,",1,960.9,normal,0,valid,-15.1dB,-15.2dB,na,na,,,,
2025-07-30 21:14:54.576733,PHY,0x4601,2,,na,"[0,",,,11111,,+27.9dB,18.5us,"[0,",1,960.17,normal,0,valid,-12.1dB,-12.1dB,0.20us,-12.8Hz,,"[6,",,1
2025-07-30 21:14:54.577677,PHY,0x4601,1,0,na,"[0,",0,0,1,1034.5,+15.9dB,20.6us,"[0,",1,960.18,normal,0,valid,-15.1dB,-15.2dB,na,na,,,,
2025-07-30 21:14:54.578140,PHY,0x4601,1,0,na,"[0,",0,0,1,1018.5,+15.8dB,16.0us,"[0,",1,960.19,normal,0,valid,-15.0dB,-15.2dB,na,na,,,,
2025-07-30 21:14:54.582639,PHY,0x4601,1,0,na,"[0,",0,0,1,1263.0,+16.8dB,21.4us,"[0,",1,961.8,normal,0,valid,-15.1dB,-15.1dB,na,na,,,,
2025-07-30 21:14:54.583103,PHY,0x4601,1,0,na,"[0,",0,0,1,1303.2,+16.9dB,15.1us,"[0,",1,961.9,normal,0,valid,-15.1dB,-15.2dB,na,na,,,,
2025-07-30 21:14:54.586648,PHY,0x4601,2,,na,"[0,",,,11111,,+32.3dB,15.8us,"[0,",1,961.17,normal,0,valid,-12.1dB,-12.1dB,0.21us,-10.8Hz,,"[6,",,1
2025-07-30 21:14:54.587589,PHY,0x4601,1,0,na,"[0,",0,0,1,1272.8,+16.8dB,15.9us,"[0,",1,961.18,normal,0,valid,-15.1dB,-15.2dB,na,na,,,,
2025-07-30 21:14:54.588073,PHY,0x4601,1,0,na,"[0,",0,0,1,1275.8,+16.8dB,16.3us,"[0,",1,961.19,normal,0,valid,-15.0dB,-15.1dB,na,na,,,,
2025-07-30 21:14:54.592211,CSI,0x4601,2,,na,"[0,",,,1,,+32.9dB,13.7us,"[0,",1,962.8,normal,0,valid,-12.0dB,-12.1dB,0.20us,+52.2Hz,,"[6,",1111,1
2025-07-30 21:14:54.593134,PHY,0x4601,1,0,na,"[0,",0,0,1,1234.6,+16.6dB,17.2us,"[0,",1,962.9,normal,0,valid,-15.0dB,-15.2dB,na,na,,,,
2025-07-30 21:14:54.596681,PHY,0x4601,2,,na,"[0,",,,11111,,+29.5dB,14.8us,"[0,",1,962.17,normal,0,valid,-12.1dB,-12.2dB,0.21us,+49.2Hz,,"[6,",,1
2025-07-30 21:14:54.597624,PHY,0x4601,1,0,na,"[0,",0,0,1,947.6,+15.5dB,21.5us,"[0,",1,962.18,normal,0,valid,-15.0dB,-15.1dB,na,na,,,,
2025-07-30 21:14:54.598106,PHY,0x4601,1,0,na,"[0,",0,0,1,981.7,+15.6dB,18.4us,"[0,",1,962.19,normal,0,valid,-15.0dB,-15.2dB,na,na,,,,
2025-07-30 21:14:54.602598,PHY,0x4601,1,0,na,"[0,",0,0,1,1255.0,+16.7dB,17.0us,"[0,",1,963.8,normal,0,valid,-15.1dB,-15.2dB,na,na,,,,
2025-07-30 21:14:54.603163,PHY,0x4601,1,0,na,"[0,",0,0,1,1379.1,+17.1dB,14.5us,"[0,",1,963.9,normal,0,valid,-15.1dB,-15.2dB,na,na,,,,
2025-07-30 21:14:54.606749,PHY,0x4601,2,,na,"[0,",,,11111,,+27.1dB,15.3us,"[0,",1,963.17,normal,0,valid,-12.0dB,-12.1dB,0.19us,+35.9Hz,,"[6,",,1
2025-07-30 21:14:54.607652,PHY,0x4601,1,0,na,"[0,",0,0,1,1031.5,+15.9dB,16.1us,"[0,",1,963.18,normal,0,valid,-15.1dB,-15.2dB,na,na,,,,
2025-07-30 21:14:54.608138,PHY,0x4601,1,0,na,"[0,",0,0,1,980.3,+15.7dB,20.0us,"[0,",1,963.19,normal,0,valid,-15.1dB,-15.2dB,na,na,,,,
2025-07-30 21:14:54.612232,CSI,0x4601,2,,na,"[0,",,,1,,+28.5dB,18.4us,"[0,",1,964.8,normal,0,valid,-12.1dB,-12.1dB,0.21us,-11.6Hz,,"[6,",1111,1
2025-07-30 21:14:54.613093,PHY,0x4601,1,0,na,"[0,",0,0,1,1030.2,+15.9dB,19.9us,"[0,",1,964.9,normal,0,valid,-15.0dB,-15.2dB,na,na,,,,
2025-07-30 21:14:54.616745,PHY,0x4601,2,,na,"[0,",,,11111,,+29.0dB,15.0us,"[0,",1,964.17,normal,0,valid,-12.1dB,-12.2dB,0.21us,-56.3Hz,,"[6,",,1
2025-07-30 21:14:54.617580,PHY,0x4601,1,0,na,"[0,",0,0,1,1042.1,+15.9dB,16.6us,"[0,",1,964.18,normal,0,valid,-15.1dB,-15.1dB,na,na,,,,
2025-07-30 21:14:54.618164,PHY,0x4601,1,0,na,"[0,",0,0,1,956.0,+15.6dB,16.7us,"[0,",1,964.19,normal,0,valid,-15.0dB,-15.1dB,na,na,,,,
2025-07-30 21:14:54.622653,PHY,0x4601,1,0,na,"[0,",0,0,1,1391.9,+17.2dB,19.2us,"[0,",1,965.8,normal,0,valid,-15.1dB,-15.2dB,na,na,,,,
2025-07-30 21:14:54.623120,PHY,0x4601,1,0,na,"[0,",0,0,1,1246.2,+16.7dB,14.5us,"[0,",1,965.9,normal,0,valid,-15.1dB,-15.2dB,na,na,,,,
2025-07-30 21:14:54.626665,PHY,0x4601,2,,na,"[0,",,,11111,,+30.8dB,14.6us,"[0,",1,965.17,normal,0,valid,-12.1dB,-12.1dB,0.21us,+35.8Hz,,"[6,",,1
2025-07-30 21:14:54.627611,PHY,0x4601,1,0,na,"[0,",0,0,1,980.1,+15.7dB,16.7us,"[0,",1,965.18,normal,0,valid,-15.1dB,-15.2dB,na,na,,,,
2025-07-30 21:14:54.628086,PHY,0x4601,1,0,na,"[0,",0,0,1,1037.9,+15.9dB,15.6us,"[0,",1,965.19,normal,0,valid,-15.1dB,-15.2dB,na,na,,,,
2025-07-30 21:14:54.632253,CSI,0x4601,2,,na,"[0,",,,1,,+30.3dB,15.8us,"[0,",1,966.8,normal,0,valid,-12.0dB,-12.1dB,0.21us,-116.9Hz,,"[6,",1111,1
2025-07-30 21:14:54.633153,PHY,0x4601,1,0,na,"[0,",0,0,1,1188.3,+16.5dB,15.4us,"[0,",1,966.9,normal,0,valid,-15.0dB,-15.1dB,na,na,,,,
2025-07-30 21:14:54.636704,PHY,0x4601,2,,na,"[0,",,,11111,,+29.8dB,13.3us,"[0,",1,966.17,normal,0,valid,-12.0dB,-12.0dB,0.19us,-29.9Hz,,"[6,",,1
2025-07-30 21:14:54.637639,PHY,0x4601,1,0,na,"[0,",0,0,1,1001.9,+15.7dB,17.0us,"[0,",1,966.18,normal,0,valid,-15.0dB,-15.2dB,na,na,,,,
2025-07-30 21:14:54.638117,PHY,0x4601,1,0,na,"[0,",0,0,1,946.6,+15.5dB,14.7us,"[0,",1,966.19,normal,0,valid,-15.0dB,-15.1dB,na,na,,,,
2025-07-30 21:14:54.642614,PHY,0x4601,1,0,na,"[0,",0,0,1,1276.2,+16.8dB,19.6us,"[0,",1,967.8,normal,0,valid,-15.1dB,-15.2dB,na,na,,,,
2025-07-30 21:14:54.643072,PHY,0x4601,1,0,na,"[0,",0,0,1,1433.7,+17.3dB,14.1us,"[0,",1,967.9,normal,0,valid,-15.1dB,-15.2dB,na,na,,,,
2025-07-30 21:14:54.646732,PHY,0x4601,2,,na,"[0,",,,11111,,+33.1dB,15.4us,"[0,",1,967.17,normal,0,valid,-12.2dB,-12.2dB,0.19us,-35.0Hz,,"[6,",,1
2025-07-30 21:14:54.647566,PHY,0x4601,1,0,na,"[0,",0,0,1,1346.0,+17.0dB,17.7us,"[0,",1,967.18,normal,0,valid,-15.0dB,-15.1dB,na,na,,,,
2025-07-30 21:14:54.648149,PHY,0x4601,1,0,na,"[0,",0,0,1,1273.3,+16.8dB,18.7us,"[0,",1,967.19,normal,0,valid,-15.1dB,-15.2dB,na,na,,,,
2025-07-30 21:14:54.652238,CSI,0x4601,2,,na,"[0,",,,1,,+32.3dB,11.7us,"[0,",1,968.8,normal,0,valid,-12.2dB,-12.2dB,0.18us,-45.5Hz,,"[6,",1111,1
2025-07-30 21:14:54.653113,PHY,0x4601,1,0,na,"[0,",0,0,1,947.9,+15.5dB,16.4us,"[0,",1,968.9,normal,0,valid,-15.1dB,-15.2dB,na,na,,,,
2025-07-30 21:14:54.656655,PHY,0x4601,2,,na,"[0,",,,11111,,+32.2dB,13.6us,"[0,",1,968.17,normal,0,valid,-12.0dB,-12.1dB,0.20us,-20.1Hz,,"[6,",,1
2025-07-30 21:14:54.657594,PHY,0x4601,1,0,na,"[0,",0,0,1,1014.7,+15.8dB,15.4us,"[0,",1,968.18,normal,0,valid,-15.0dB,-15.1dB,na,na,,,,
2025-07-30 21:14:54.658071,PHY,0x4601,1,0,na,"[0,",0,0,1,1009.5,+15.8dB,15.3us,"[0,",1,968.19,normal,0,valid,-15.1dB,-15.2dB,na,na,,,,
2025-07-30 21:14:54.662670,PHY,0x4601,1,0,na,"[0,",0,0,1,1211.8,+16.6dB,16.6us,"[0,",1,969.8,normal,0,valid,-15.1dB,-15.2dB,na,na,,,,
2025-07-30 21:14:54.663137,PHY,0x4601,1,0,na,"[0,",0,0,1,1210.2,+16.6dB,16.2us,"[0,",1,969.9,normal,0,valid,-15.1dB,-15.2dB,na,na,,,,
2025-07-30 21:14:54.666683,PHY,0x4601,2,,na,"[0,",,,11111,,+30.4dB,15.7us,"[0,",1,969.17,normal,0,valid,-12.0dB,-12.1dB,0.20us,+0.6Hz,,"[6,",,1
2025-07-30 21:14:54.667628,PHY,0x4601,1,0,na,"[0,",0,0,1,1287.6,+16.8dB,17.1us,"[0,",1,969.18,normal,0,valid,-15.0dB,-15.1dB,na,na,,,,
2025-07-30 21:14:54.668104,PHY,0x4601,1,0,na,"[0,",0,0,1,1227.1,+16.6dB,14.9us,"[0,",1,969.19,normal,0,valid,-15.0dB,-15.1dB,na,na,,,,
2025-07-30 21:14:54.672240,CSI,0x4601,2,,na,"[0,",,,1,,+33.9dB,13.2us,"[0,",1,970.8,normal,0,valid,-12.0dB,-12.1dB,0.20us,+35.5Hz,,"[6,",1111,1
2025-07-30 21:14:54.673065,PHY,0x4601,1,0,na,"[0,",0,0,1,1001.5,+15.8dB,15.7us,"[0,",1,970.9,normal,0,valid,-15.1dB,-15.2dB,na,na,,,,
2025-07-30 21:14:54.676717,PHY,0x4601,2,,na,"[0,",,,11111,,+31.4dB,19.0us,"[0,",1,970.17,normal,0,valid,-12.1dB,-12.1dB,0.19us,+69.7Hz,,"[6,",,1
2025-07-30 21:14:54.677660,PHY,0x4601,1,0,na,"[0,",0,0,1,1002.3,+15.7dB,18.7us,"[0,",1,970.18,normal,0,valid,-15.1dB,-15.2dB,na,na,,,,
2025-07-30 21:14:54.678127,PHY,0x4601,1,0,na,"[0,",0,0,1,930.2,+15.4dB,14.6us,"[0,",1,970.19,normal,0,valid,-15.1dB,-15.2dB,na,na,,,,
2025-07-30 21:14:54.682624,PHY,0x4601,1,0,na,"[0,",0,0,1,1344.6,+17.0dB,16.9us,"[0,",1,971.8,normal,0,valid,-15.1dB,-15.2dB,na,na,,,,
2025-07-30 21:14:54.683093,PHY,0x4601,1,0,na,"[0,",0,0,1,1297.8,+16.9dB,14.8us,"[0,",1,971.9,normal,0,valid,-15.1dB,-15.2dB,na,na,,,,
2025-07-30 21:14:54.686632,PHY,0x4601,2,,na,"[0,",,,11111,,+34.9dB,14.4us,"[0,",1,971.17,normal,0,valid,-12.1dB,-12.2dB,0.20us,+34.1Hz,,"[6,",,1
2025-07-30 21:14:54.687581,PHY,0x4601,1,0,na,"[0,",0,0,1,962.4,+15.6dB,15.8us,"[0,",1,971.18,normal,0,valid,-15.1dB,-15.2dB,na,na,,,,
2025-07-30 21:14:54.688171,PHY,0x4601,1,0,na,"[0,",0,0,1,984.9,+15.7dB,21.0us,"[0,",1,971.19,normal,0,valid,-15.1dB,-15.2dB,na,na,,,,
2025-07-30 21:14:54.692188,CSI,0x4601,2,,na,"[0,",,,1,,+34.3dB,12.2us,"[0,",1,972.8,normal,0,valid,-12.1dB,-12.1dB,0.21us,-29.7Hz,,"[6,",1111,1
2025-07-30 21:14:54.693132,PHY,0x4601,1,0,na,"[0,",0,0,1,894.9,+15.3dB,17.2us,"[0,",1,972.9,normal,0,valid,-15.1dB,-15.2dB,na,na,,,,
2025-07-30 21:14:54.696672,PHY,0x4601,2,,na,"[0,",,,11111,,+29.7dB,13.8us,"[0,",1,972.17,normal,0,valid,-12.1dB,-12.2dB,0.19us,+17.5Hz,,"[6,",,1
2025-07-30 21:14:54.697619,PHY,0x4601,1,0,na,"[0,",0,0,1,1275.1,+16.8dB,16.7us,"[0,",1,972.18,normal,0,valid,-15.0dB,-15.1dB,na,na,,,,
2025-07-30 21:14:54.698092,PHY,0x4601,1,0,na,"[0,",0,0,1,1233.4,+16.6dB,13.9us,"[0,",1,972.19,normal,0,valid,-15.0dB,-15.1dB,na,na,,,,
2025-07-30 21:14:54.702580,PHY,0x4601,1,0,na,"[0,",0,0,1,1338.0,+17.0dB,15.5us,"[0,",1,973.8,normal,0,valid,-15.1dB,-15.2dB,na,na,,,,
2025-07-30 21:14:54.703159,PHY,0x4601,1,0,na,"[0,",0,0,1,1242.5,+16.7dB,16.2us,"[0,",1,973.9,normal,0,valid,-15.1dB,-15.2dB,na,na,,,,
2025-07-30 21:14:54.706704,PHY,0x4601,2,,na,"[0,",,,11111,,+29.0dB,15.2us,"[0,",1,973.17,normal,0,valid,-12.1dB,-12.2dB,0.20us,-82.6Hz,,"[6,",,1
2025-07-30 21:14:54.707644,PHY,0x4601,1,0,na,"[0,",0,0,1,1337.8,+17.0dB,15.4us,"[0,",1,973.18,normal,0,valid,-15.0dB,-15.1dB,na,na,,,,
2025-07-30 21:14:54.708120,PHY,0x4601,1,0,na,"[0,",0,0,1,1268.1,+16.8dB,13.9us,"[0,",1,973.19,normal,0,valid,-15.1dB,-15.1dB,na,na,,,,
2025-07-30 21:14:54.712205,CSI,0x4601,2,,na,"[0,",,,1,,+31.8dB,10.9us,"[0,",1,974.8,normal,0,valid,-12.0dB,-12.0dB,0.19us,+49.7Hz,,"[6,",1111,1
2025-07-30 21:14:54.713088,PHY,0x4601,1,0,na,"[0,",0,0,1,1225.6,+16.6dB,15.9us,"[0,",1,974.9,normal,0,valid,-15.1dB,-15.2dB,na,na,,,,
2025-07-30 21:14:54.716761,PHY,0x4601,2,,na,"[0,",,,11111,,+30.7dB,14.0us,"[0,",1,974.17,normal,0,valid,-12.1dB,-12.1dB,0.21us,+85.8Hz,,"[6,",,1
2025-07-30 21:14:54.717572,PHY,0x4601,1,0,na,"[0,",0,0,1,1283.9,+16.8dB,17.4us,"[0,",1,974.18,normal,0,valid,-15.1dB,-15.2dB,na,na,,,,
2025-07-30 21:14:54.718155,PHY,0x4601,1,0,na,"[0,",0,0,1,1283.5,+16.8dB,16.1us,"[0,",1,974.19,normal,0,valid,-15.1dB,-15.2dB,na,na,,,,
2025-07-30 21:14:54.722639,PHY,0x4601,1,0,na,"[0,",0,0,1,1289.5,+16.8dB,16.8us,"[0,",1,975.8,normal,0,valid,-15.1dB,-15.2dB,na,na,,,,
2025-07-30 21:14:54.723110,PHY,0x4601,1,0,na,"[0,",0,0,1,1395.3,+17.2dB,14.6us,"[0,",1,975.9,normal,0,valid,-15.1dB,-15.1dB,na,na,,,,
2025-07-30 21:14:54.726662,PHY,0x4601,2,,na,"[0,",,,11111,,+31.2dB,15.5us,"[0,",1,975.17,normal,0,valid,-12.1dB,-12.1dB,0.20us,+131.7Hz,,"[6,",,1
2025-07-30 21:14:54.727605,PHY,0x4601,1,0,na,"[0,",0,0,1,1211.1,+16.6dB,17.2us,"[0,",1,975.18,normal,0,valid,-15.0dB,-15.2dB,na,na,,,,
2025-07-30 21:14:54.728076,PHY,0x4601,1,0,na,"[0,",0,0,1,1217.1,+16.6dB,14.4us,"[0,",1,975.19,normal,0,valid,-15.0dB,-15.1dB,na,na,,,,
2025-07-30 21:14:54.732212,CSI,0x4601,2,,na,"[0,",,,1,,+32.7dB,14.9us,"[0,",1,976.8,normal,0,valid,-11.9dB,-12.0dB,0.21us,-3.9Hz,,"[6,",1111,1
2025-07-30 21:14:54.733146,PHY,0x4601,1,0,na,"[0,",0,0,1,1345.6,+17.0dB,15.5us,"[0,",1,976.9,normal,0,valid,-15.1dB,-15.2dB,na,na,,,,
2025-07-30 21:14:54.736695,PHY,0x4601,2,,na,"[0,",,,11111,,+34.2dB,14.1us,"[0,",1,976.17,normal,0,valid,-12.0dB,-12.1dB,0.20us,-150.3Hz,,"[6,",,1
2025-07-30 21:14:54.737633,PHY,0x4601,1,0,na,"[0,",0,0,1,1237.2,+16.7dB,18.7us,"[0,",1,976.18,normal,0,valid,-15.0dB,-15.1dB,na,na,,,,
2025-07-30 21:14:54.738107,PHY,0x4601,1,0,na,"[0,",0,0,1,1215.4,+16.6dB,16.1us,"[0,",1,976.19,normal,0,valid,-15.0dB,-15.1dB,na,na,,,,
2025-07-30 21:14:54.742616,PHY,0x4601,1,0,na,"[0,",0,0,1,1294.2,+16.9dB,16.7us,"[0,",1,977.8,normal,0,valid,-15.1dB,-15.1dB,na,na,,,,
2025-07-30 21:14:54.743067,PHY,0x4601,1,0,na,"[0,",0,0,1,1338.2,+17.0dB,13.9us,"[0,",1,977.9,normal,0,valid,-15.1dB,-15.1dB,na,na,,,,
2025-07-30 21:14:54.746748,PHY,0x4601,2,,na,"[0,",,,11111,,+28.7dB,18.0us,"[0,",1,977.17,normal,0,valid,-12.0dB,-12.0dB,0.18us,+6.8Hz,,"[6,",,1
2025-07-30 21:14:54.747670,PHY,0x4601,1,0,na,"[0,",0,0,1,1371.7,+17.1dB,16.2us,"[0,",1,977.18,normal,0,valid,-15.0dB,-15.2dB,na,na,,,,
2025-07-30 21:14:54.748138,PHY,0x4601,1,0,na,"[0,",0,0,1,1246.8,+16.7dB,15.4us,"[0,",1,977.19,normal,0,valid,-15.1dB,-15.2dB,na,na,,,,
2025-07-30 21:14:54.752231,CSI,0x4601,2,,na,"[0,",,,1,,+30.9dB,11.8us,"[0,",1,978.8,normal,0,valid,-12.0dB,-12.0dB,0.20us,+68.1Hz,,"[6,",1111,1
2025-07-30 21:14:54.753113,PHY,0x4601,1,0,na,"[0,",0,0,1,1266.4,+16.7dB,24.0us,"[0,",1,978.9,normal,0,valid,-15.0dB,-15.2dB,na,na,,,,
2025-07-30 21:14:54.756651,PHY,0x4601,2,,na,"[0,",,,11111,,+30.8dB,19.7us,"[0,",1,978.17,normal,0,valid,-12.2dB,-12.2dB,0.21us,-8.0Hz,,"[6,",,1
2025-07-30 21:14:54.757589,PHY,0x4601,1,0,na,"[0,",0,0,1,939.1,+15.5dB,17.6us,"[0,",1,978.18,normal,0,valid,-15.0dB,-15.1dB,na,na,,,,
2025-07-30 21:14:54.758063,PHY,0x4601,1,0,na,"[0,",0,0,1,943.3,+15.5dB,14.3us,"[0,",1,978.19,normal,0,valid,-15.1dB,-15.2dB,na,na,,,,
2025-07-30 21:14:54.762668,PHY,0x4601,1,0,na,"[0,",0,0,1,1347.6,+17.0dB,21.0us,"[0,",1,979.8,normal,0,valid,-15.1dB,-15.2dB,na,na,,,,
2025-07-30 21:14:54.763127,PHY,0x4601,1,0,na,"[0,",0,0,1,1200.9,+16.5dB,14.8us,"[0,",1,979.9,normal,0,valid,-15.1dB,-15.2dB,na,na,,,,
2025-07-30 21:14:54.766683,PHY,0x4601,2,,na,"[0,",,,11111,,+28.7dB,15.1us,"[0,",1,979.17,normal,0,valid,-12.1dB,-12.1dB,0.21us,-12.8Hz,,"[6,",,1
2025-07-30 21:14:54.767619,PHY,0x4601,1,0,na,"[0,",0,0,1,946.9,+15.5dB,15.6us,"[0,",1,979.18,normal,0,valid,-15.0dB,-15.1dB,na,na,,,,
2025-07-30 21:14:54.768103,PHY,0x4601,1,0,na,"[0,",0,0,1,978.2,+15.6dB,19.3us,"[0,",1,979.19,normal,0,valid,-15.0dB,-15.1dB,na,na,,,,
2025-07-30 21:14:54.772229,CSI,0x4601,2,,na,"[0,",,,1,,+32.4dB,13.2us,"[0,",1,980.8,normal,0,valid,-12.0dB,-12.0dB,0.22us,-48.2Hz,,"[6,",1111,1
2025-07-30 21:14:54.773175,PHY,0x4601,1,0,na,"[0,",0,0,1,919.0,+15.4dB,16.5us,"[0,",1,980.9,normal,0,valid,-15.1dB,-15.2dB,na,na,,,,
2025-07-30 21:14:54.776728,PHY,0x4601,2,,na,"[0,",,,11111,,+32.1dB,15.4us,"[0,",1,980.17,normal,0,valid,-12.1dB,-12.1dB,0.20us,+9.1Hz,,"[6,",,1
2025-07-30 21:14:54.777651,PHY,0x4601,1,0,na,"[0,",0,0,1,919.1,+15.4dB,15.6us,"[0,",1,980.18,normal,0,valid,-15.1dB,-15.2dB,na,na,,,,
2025-07-30 21:14:54.778126,PHY,0x4601,1,0,na,"[0,",0,0,1,1003.3,+15.7dB,15.2us,"[0,",1,980.19,normal,0,valid,-15.0dB,-15.2dB,na,na,,,,
2025-07-30 21:14:54.782623,PHY,0x4601,1,0,na,"[0,",0,0,1,1244.7,+16.7dB,16.8us,"[0,",1,981.8,normal,0,valid,-15.1dB,-15.2dB,na,na,,,,
2025-07-30 21:14:54.783095,PHY,0x4601,1,0,na,"[0,",0,0,1,1256.7,+16.7dB,14.9us,"[0,",1,981.9,normal,0,valid,-15.1dB,-15.2dB,na,na,,,,
2025-07-30 21:14:54.786764,PHY,0x4601,2,,na,"[0,",,,11111,,+30.7dB,16.0us,"[0,",1,981.17,normal,0,valid,-12.1dB,-12.1dB,0.20us,-69.0Hz,,"[6,",,1
2025-07-30 21:14:54.787575,PHY,0x4601,1,0,na,"[0,",0,0,1,1246.2,+16.7dB,17.9us,"[0,",1,981.18,normal,0,valid,-15.0dB,-15.1dB,na,na,,,,
2025-07-30 21:14:54.788160,PHY,0x4601,1,0,na,"[0,",0,0,1,1344.0,+17.1dB,15.1us,"[0,",1,981.19,normal,0,valid,-15.0dB,-15.1dB,na,na,,,,
2025-07-30 21:14:54.792184,CSI,0x4601,2,,na,"[0,",,,1,,+28.3dB,13.9us,"[0,",1,982.8,normal,0,valid,-12.1dB,-12.1dB,0.21us,-89.0Hz,,"[6,",1111,1
2025-07-30 21:14:54.793122,PHY,0x4601,1,0,na,"[0,",0,0,1,937.9,+15.4dB,17.6us,"[0,",1,982.9,normal,0,valid,-15.1dB,-15.2dB,na,na,,,,
2025-07-30 21:14:54.796665,PHY,0x4601,2,,na,"[0,",,,11111,,+33.7dB,14.0us,"[0,",1,982.17,normal,0,valid,-12.1dB,-12.1dB,0.20us,-80.2Hz,,"[6,",,1
2025-07-30 21:14:54.797606,PHY,0x4601,1,0,na,"[0,",0,0,1,1232.8,+16.6dB,16.3us,"[0,",1,982.18,normal,0,valid,-15.0dB,-15.1dB,na,na,,,,
2025-07-30 21:14:54.798088,PHY,0x4601,1,0,na,"[0,",0,0,1,1238.9,+16.7dB,18.4us,"[0,",1,982.19,normal,0,valid,-15.1dB,-15.2dB,na,na,,,,
2025-07-30 21:14:54.802581,PHY,0x4601,1,0,na,"[0,",0,0,1,1271.6,+16.8dB,16.8us,"[0,",1,983.8,normal,0,valid,-15.1dB,-15.2dB,na,na,,,,
2025-07-30 21:14:54.803156,PHY,0x4601,1,0,na,"[0,",0,0,1,1241.9,+16.7dB,15.4us,"[0,",1,983.9,normal,0,valid,-15.1dB,-15.2dB,na,na,,,,
2025-07-30 21:14:54.806727,PHY,0x4601,2,,na,"[0,",,,11111,,+30.8dB,15.5us,"[0,",1,983.17,normal,0,valid,-12.2dB,-12.2dB,0.20us,+94.3Hz,,"[6,",,1
2025-07-30 21:14:54.807638,PHY,0x4601,1,0,na,"[0,",0,0,1,985.0,+15.7dB,17.2us,"[0,",1,983.18,normal,0,valid,-15.1dB,-15.2dB,na,na,,,,
2025-07-30 21:14:54.808118,PHY,0x4601,1,0,na,"[0,",0,0,1,985.2,+15.7dB,18.7us,"[0,",1,983.19,normal,0,valid,-15.0dB,-15.1dB,na,na,,,,
2025-07-30 21:14:54.812251,CSI,0x4601,2,,na,"[0,",,,1,,+35.3dB,13.9us,"[0,",1,984.8,normal,0,valid,-12.1dB,-12.1dB,0.22us,-32.6Hz,,"[6,",1111,1
2025-07-30 21:14:54.813082,PHY,0x4601,1,0,na,"[0,",0,0,1,1295.0,+16.9dB,23.4us,"[0,",1,984.9,normal,0,valid,-15.1dB,-15.2dB,na,na,,,,
2025-07-30 21:14:54.816730,PHY,0x4601,2,,na,"[0,",,,11111,,+33.1dB,18.1us,"[0,",1,984.17,normal,0,valid,-12.1dB,-12.1dB,0.22us,-26.0Hz,,"[6,",,1
2025-07-30 21:14:54.817570,PHY,0x4601,1,0,na,"[0,",0,0,1,1312.2,+16.9dB,20.4us,"[0,",1,984.18,normal,0,valid,-15.1dB,-15.2dB,na,na,,,,
2025-07-30 21:14:54.818151,PHY,0x4601,1,0,na,"[0,",0,0,1,1351.2,+17.0dB,19.2us,"[0,",1,984.19,normal,0,valid,-15.1dB,-15.2dB,na,na,,,,
2025-07-30 21:14:54.822636,PHY,0x4601,1,0,na,"[0,",0,0,1,1206.9,+16.5dB,21.8us,"[0,",1,985.8,normal,0,valid,-15.1dB,-15.2dB,na,na,,,,
2025-07-30 21:14:54.823110,PHY,0x4601,1,0,na,"[0,",0,0,1,1237.4,+16.7dB,15.0us,"[0,",1,985.9,normal,0,valid,-15.1dB,-15.2dB,na,na,,,,
2025-07-30 21:14:54.826653,PHY,0x4601,2,,na,"[0,",,,11111,,+34.6dB,15.3us,"[0,",1,985.17,normal,0,valid,-12.1dB,-12.1dB,0.19us,-49.4Hz,,"[6,",,1
2025-07-30 21:14:54.827597,PHY,0x4601,1,0,na,"[0,",0,0,1,1044.3,+16.0dB,15.8us,"[0,",1,985.18,normal,0,valid,-15.1dB,-15.1dB,na,na,,,,
2025-07-30 21:14:54.828070,PHY,0x4601,1,0,na,"[0,",0,0,1,946.9,+15.5dB,14.7us,"[0,",1,985.19,normal,0,valid,-15.1dB,-15.2dB,na,na,,,,
2025-07-30 21:14:54.832209,CSI,0x4601,2,,na,"[0,",,,1,,+33.3dB,12.6us,"[0,",1,986.8,normal,0,valid,-12.0dB,-12.0dB,0.19us,-15.0Hz,,"[6,",1111,1
2025-07-30 21:14:54.833141,PHY,0x4601,1,0,na,"[0,",0,0,1,1241.2,+16.7dB,17.2us,"[0,",1,986.9,normal,0,valid,-15.1dB,-15.2dB,na,na,,,,
2025-07-30 21:14:54.836686,PHY,0x4601,2,,na,"[0,",,,11111,,+30.7dB,14.9us,"[0,",1,986.17,normal,0,valid,-12.0dB,-12.1dB,0.20us,+21.0Hz,,"[6,",,1
2025-07-30 21:14:54.837629,PHY,0x4601,1,0,na,"[0,",0,0,1,940.5,+15.5dB,16.8us,"[0,",1,986.18,normal,0,valid,-15.1dB,-15.2dB,na,na,,,,
2025-07-30 21:14:54.838109,PHY,0x4601,1,0,na,"[0,",0,0,1,977.3,+15.7dB,17.7us,"[0,",1,986.19,normal,0,valid,-15.1dB,-15.1dB,na,na,,,,
2025-07-30 21:14:54.842595,PHY,0x4601,1,0,na,"[0,",0,0,1,1300.7,+16.9dB,16.3us,"[0,",1,987.8,normal,0,valid,-15.1dB,-15.2dB,na,na,,,,
2025-07-30 21:14:54.843063,PHY,0x4601,1,0,na,"[0,",0,0,1,1358.7,+17.1dB,15.9us,"[0,",1,987.9,normal,0,valid,-15.1dB,-15.2dB,na,na,,,,
2025-07-30 21:14:54.846724,PHY,0x4601,2,,na,"[0,",,,11111,,+28.7dB,17.8us,"[0,",1,987.17,normal,0,valid,-12.0dB,-12.1dB,0.19us,-33.6Hz,,"[6,",,1
2025-07-30 21:14:54.847661,PHY,0x4601,1,0,na,"[0,",0,0,1,993.2,+15.7dB,16.2us,"[0,",1,987.18,normal,0,valid,-15.1dB,-15.2dB,na,na,,,,
2025-07-30 21:14:54.848131,PHY,0x4601,1,0,na,"[0,",0,0,1,901.1,+15.3dB,15.0us,"[0,",1,987.19,normal,0,valid,-15.0dB,-15.1dB,na,na,,,,
2025-07-30 21:14:54.852222,CSI,0x4601,2,,na,"[0,",,,1,,+30.0dB,13.7us,"[0,",1,988.8,normal,0,valid,-12.0dB,-12.0dB,0.21us,-75.5Hz,,"[6,",1111,1
2025-07-30 21:14:54.853101,PHY,0x4601,1,0,na,"[0,",0,0,1,1223.6,+16.6dB,15.6us,"[0,",1,988.9,normal,0,valid,-15.1dB,-15.1dB,na,na,,,,
2025-07-30 21:14:54.856638,PHY,0x4601,2,,na,"[0,",,,11111,,+29.0dB,14.0us,"[0,",1,988.17,normal,0,valid,-12.1dB,-12.2dB,0.21us,-80.1Hz,,"[6,",,1
2025-07-30 21:14:54.857581,PHY,0x4601,1,0,na,"[0,",0,0,1,916.3,+15.4dB,16.2us,"[0,",1,988.18,normal,0,valid,-15.1dB,-15.2dB,na,na,,,,
2025-07-30 21:14:54.858165,PHY,0x4601,1,0,na,"[0,",0,0,1,982.8,+15.7dB,14.0us,"[0,",1,988.19,normal,0,valid,-15.1dB,-15.2dB,na,na,,,,
2025-07-30 21:14:54.862652,PHY,0x4601,1,0,na,"[0,",0,0,1,1234.0,+16.7dB,15.5us,"[0,",1,989.8,normal,0,valid,-15.1dB,-15.1dB,na,na,,,,
2025-07-30 21:14:54.863127,PHY,0x4601,1,0,na,"[0,",0,0,1,1280.2,+16.8dB,15.1us,"[0,",1,989.9,normal,0,valid,-15.1dB,-15.2dB,na,na,,,,
2025-07-30 21:14:54.866670,PHY,0x4601,2,,na,"[0,",,,11111,,+34.2dB,13.6us,"[0,",1,989.17,normal,0,valid,-12.2dB,-12.3dB,0.19us,+32.0Hz,,"[6,",,1
2025-07-30 21:14:54.867625,PHY,0x4601,1,0,na,"[0,",0,0,1,1305.6,+16.9dB,15.1us,"[0,",1,989.18,normal,0,valid,-15.0dB,-15.1dB,na,na,,,,
2025-07-30 21:14:54.868088,PHY,0x4601,1,0,na,"[0,",0,0,1,1282.5,+16.8dB,14.7us,"[0,",1,989.19,normal,0,valid,-15.0dB,-15.2dB,na,na,,,,
2025-07-30 21:14:54.872209,CSI,0x4601,2,,na,"[0,",,,1,,+31.2dB,11.1us,"[0,",1,990.8,normal,0,valid,-12.0dB,-12.1dB,0.21us,-53.4Hz,,"[6,",1111,1
2025-07-30 21:14:54.873166,PHY,0x4601,1,0,na,"[0,",0,0,1,919.0,+15.4dB,17.1us,"[0,",1,990.9,normal,0,valid,-15.1dB,-15.2dB,na,na,,,,
2025-07-30 21:14:54.876732,PHY,0x4601,2,,na,"[0,",,,11111,,+32.3dB,14.4us,"[0,",1,990.17,normal,0,valid,-12.1dB,-12.1dB,0.22us,+65.7Hz,,"[6,",,1
2025-07-30 21:14:54.877647,PHY,0x4601,1,0,na,"[0,",0,0,1,949.7,+15.5dB,15.9us,"[0,",1,990.18,normal,0,valid,-15.1dB,-15.2dB,na,na,,,,
2025-07-30 21:14:54.878119,PHY,0x4601,1,0,na,"[0,",0,0,1,964.5,+15.6dB,14.1us,"[0,",1,990.19,normal,0,valid,-15.1dB,-15.2dB,na,na,,,,
2025-07-30 21:14:54.882608,PHY,0x4601,1,0,na,"[0,",0,0,1,1337.3,+17.0dB,17.7us,"[0,",1,991.8,normal,0,valid,-15.1dB,-15.2dB,na,na,,,,
2025-07-30 21:14:54.883083,PHY,0x4601,1,0,na,"[0,",0,0,1,1315.6,+16.9dB,14.1us,"[0,",1,991.9,normal,0,valid,-15.1dB,-15.2dB,na,na,,,,
2025-07-30 21:14:54.886752,PHY,0x4601,2,,na,"[0,",,,11111,,+32.5dB,13.8us,"[0,",1,991.17,normal,0,valid,-12.0dB,-12.1dB,0.21us,+81.5Hz,,"[6,",,1
2025-07-30 21:14:54.887567,PHY,0x4601,1,0,na,"[0,",0,0,1,1276.6,+16.8dB,14.8us,"[0,",1,991.18,normal,0,valid,-15.1dB,-15.2dB,na,na,,,,
2025-07-30 21:14:54.888148,PHY,0x4601,1,0,na,"[0,",0,0,1,1243.6,+16.7dB,13.9us,"[0,",1,991.19,normal,0,valid,-15.0dB,-15.1dB,na,na,,,,
2025-07-30 21:14:54.892241,CSI,0x4601,2,,na,"[0,",,,1,,+32.5dB,11.0us,"[0,",1,992.8,normal,0,valid,-12.1dB,-12.1dB,0.20us,-134.7Hz,,"[6,",1111,1
2025-07-30 21:14:54.893113,PHY,0x4601,1,0,na,"[0,",0,0,1,998.4,+15.7dB,16.1us,"[0,",1,992.9,normal,0,valid,-15.1dB,-15.2dB,na,na,,,,
2025-07-30 21:14:54.896659,PHY,0x4601,2,,na,"[0,",,,11111,,+31.4dB,13.6us,"[0,",1,992.17,normal,0,valid,-12.1dB,-12.1dB,0.20us,+4.5Hz,,"[6,",,1
2025-07-30 21:14:54.897604,PHY,0x4601,1,0,na,"[0,",0,0,1,1241.6,+16.7dB,16.2us,"[0,",1,992.18,normal,0,valid,-15.0dB,-15.1dB,na,na,,,,
2025-07-30 21:14:54.898077,PHY,0x4601,1,0,na,"[0,",0,0,1,1271.6,+16.8dB,14.4us,"[0,",1,992.19,normal,0,valid,-15.0dB,-15.1dB,na,na,,,,
2025-07-30 21:14:54.902577,PHY,0x4601,1,0,na,"[0,",0,0,1,1259.8,+16.7dB,17.0us,"[0,",1,993.8,normal,0,valid,-15.1dB,-15.2dB,na,na,,,,
2025-07-30 21:14:54.903148,PHY,0x4601,1,0,na,"[0,",0,0,1,1317.1,+16.9dB,15.1us,"[0,",1,993.9,normal,0,valid,-15.1dB,-15.2dB,na,na,,,,
2025-07-30 21:14:54.906710,PHY,0x4601,2,,na,"[0,",,,11111,,+30.6dB,17.8us,"[0,",1,993.17,normal,0,valid,-12.1dB,-12.1dB,0.20us,+36.3Hz,,"[6,",,1
2025-07-30 21:14:54.907635,PHY,0x4601,1,0,na,"[0,",0,0,1,1285.8,+16.9dB,16.6us,"[0,",1,993.18,normal,0,valid,-15.1dB,-15.1dB,na,na,,,,
2025-07-30 21:14:54.908112,PHY,0x4601,1,0,na,"[0,",0,0,1,1284.1,+16.9dB,15.9us,"[0,",1,993.19,normal,0,valid,-15.0dB,-15.1dB,na,na,,,,
2025-07-30 21:14:54.912245,CSI,0x4601,2,,na,"[0,",,,1,,+28.3dB,14.3us,"[0,",1,994.8,normal,0,valid,-12.1dB,-12.2dB,0.20us,+118.4Hz,,"[6,",1111,1
2025-07-30 21:14:54.913075,PHY,0x4601,1,0,na,"[0,",0,0,1,1238.0,+16.7dB,16.4us,"[0,",1,994.9,normal,0,valid,-15.1dB,-15.2dB,na,na,,,,
2025-07-30 21:14:54.916725,PHY,0x4601,2,,na,"[0,",,,11111,,+30.8dB,16.6us,"[0,",1,994.17,normal,0,valid,-12.1dB,-12.2dB,0.20us,+14.4Hz,,"[6,",,1
2025-07-30 21:14:54.917676,PHY,0x4601,1,0,na,"[0,",0,0,1,954.4,+15.5dB,19.5us,"[0,",1,994.18,normal,0,valid,-15.1dB,-15.2dB,na,na,,,,
2025-07-30 21:14:54.918138,PHY,0x4601,1,0,na,"[0,",0,0,1,923.2,+15.4dB,15.8us,"[0,",1,994.19,normal,0,valid,-15.1dB,-15.2dB,na,na,,,,
2025-07-30 21:14:54.922634,PHY,0x4601,1,0,na,"[0,",0,0,1,1313.1,+16.9dB,16.3us,"[0,",1,995.8,normal,0,valid,-15.1dB,-15.1dB,na,na,,,,
2025-07-30 21:14:54.923100,PHY,0x4601,1,0,na,"[0,",0,0,1,1196.8,+16.5dB,14.5us,"[0,",1,995.9,normal,0,valid,-15.1dB,-15.2dB,na,na,,,,
2025-07-30 21:14:54.926643,PHY,0x4601,2,,na,"[0,",,,11111,,+31.8dB,14.4us,"[0,",1,995.17,normal,0,valid,-12.1dB,-12.1dB,0.20us,+5.7Hz,,"[6,",,1
2025-07-30 21:14:54.927587,PHY,0x4601,1,0,na,"[0,",0,0,1,986.9,+15.7dB,15.2us,"[0,",1,995.18,normal,0,valid,-15.1dB,-15.2dB,na,na,,,,
2025-07-30 21:14:54.928065,PHY,0x4601,1,0,na,"[0,",0,0,1,1021.7,+15.8dB,14.9us,"[0,",1,995.19,normal,0,valid,-15.1dB,-15.2dB,na,na,,,,
2025-07-30 21:14:54.932195,CSI,0x4601,2,,na,"[0,",,,1,,+32.0dB,12.6us,"[0,",1,996.8,normal,0,valid,-12.0dB,-12.0dB,0.21us,+61.6Hz,,"[6,",1111,1
2025-07-30 21:14:54.933134,PHY,0x4601,1,0,na,"[0,",0,0,1,1007.4,+15.8dB,17.1us,"[0,",1,996.9,normal,0,valid,-15.0dB,-15.2dB,na,na,,,,
2025-07-30 21:14:54.936678,PHY,0x4601,2,,na,"[0,",,,11111,,+30.3dB,13.5us,"[0,",1,996.17,normal,0,valid,-12.0dB,-12.1dB,0.19us,-46.3Hz,,"[6,",,1
2025-07-30 21:14:54.937619,PHY,0x4601,1,0,na,"[0,",0,0,1,993.1,+15.7dB,16.2us,"[0,",1,996.18,normal,0,valid,-15.1dB,-15.2dB,na,na,,,,
2025-07-30 21:14:54.938100,PHY,0x4601,1,0,na,"[0,",0,0,1,962.8,+15.6dB,17.6us,"[0,",1,996.19,normal,0,valid,-15.0dB,-15.1dB,na,na,,,,
2025-07-30 21:14:54.942595,PHY,0x4601,1,0,na,"[0,",0,0,1,1373.0,+17.1dB,17.6us,"[0,",1,997.8,normal,0,valid,-15.0dB,-15.1dB,na,na,,,,
2025-07-30 21:14:54.943172,PHY,0x4601,1,0,na,"[0,",0,0,1,1206.1,+16.6dB,14.6us,"[0,",1,997.9,normal,0,valid,-15.1dB,-15.2dB,na,na,,,,
2025-07-30 21:14:54.946731,PHY,0x4601,2,,na,"[0,",,,11111,,+28.3dB,16.8us,"[0,",1,997.17,normal,0,valid,-12.0dB,-12.1dB,0.23us,+96.6Hz,,"[6,",,1
2025-07-30 21:14:54.947659,PHY,0x4601,1,0,na,"[0,",0,0,1,1249.1,+16.7dB,23.3us,"[0,",1,997.18,normal,0,valid,-15.1dB,-15.2dB,na,na,,,,
2025-07-30 21:14:54.948127,PHY,0x4601,1,0,na,"[0,",0,0,1,1358.3,+17.1dB,15.4us,"[0,",1,997.19,normal,0,valid,-15.1dB,-15.2dB,na,na,,,,
2025-07-30 21:14:54.952232,CSI,0x4601,2,,na,"[0,",,,1,,+31.7dB,12.0us,"[0,",1,998.8,normal,0,valid,-12.0dB,-12.0dB,0.18us,+20.6Hz,,"[6,",1111,1
2025-07-30 21:14:54.953091,PHY,0x4601,1,0,na,"[0,",0,0,1,974.9,+15.6dB,16.8us,"[0,",1,998.9,normal,0,valid,-15.0dB,-15.1dB,na,na,,,,
2025-07-30 21:14:54.956772,PHY,0x4601,2,,na,"[0,",,,11111,,+29.7dB,17.2us,"[0,",1,998.17,normal,0,valid,-12.1dB,-12.2dB,0.20us,-77.3Hz,,"[6,",,1
2025-07-30 21:14:54.957587,PHY,0x4601,1,0,na,"[0,",0,0,1,1271.0,+16.8dB,15.9us,"[0,",1,998.18,normal,0,valid,-15.0dB,-15.1dB,na,na,,,,
2025-07-30 21:14:54.958157,PHY,0x4601,1,0,na,"[0,",0,0,1,1245.6,+16.7dB,15.6us,"[0,",1,998.19,normal,0,valid,-15.1dB,-15.2dB,na,na,,,,
2025-07-30 21:14:54.962652,PHY,0x4601,1,0,na,"[0,",0,0,1,1257.0,+16.7dB,20.7us,"[0,",1,999.8,normal,0,valid,-15.1dB,-15.2dB,na,na,,,,
2025-07-30 21:14:54.963117,PHY,0x4601,1,0,na,"[0,",0,0,1,1190.0,+16.5dB,14.0us,"[0,",1,999.9,normal,0,valid,-15.1dB,-15.2dB,na,na,,,,
2025-07-30 21:14:54.966663,PHY,0x4601,2,,na,"[0,",,,11111,,+31.6dB,14.4us,"[0,",1,999.17,normal,0,valid,-11.9dB,-12.0dB,0.21us,+95.8Hz,,"[6,",,1
2025-07-30 21:14:54.967607,PHY,0x4601,1,0,na,"[0,",0,0,1,1214.1,+16.6dB,16.8us,"[0,",1,999.18,normal,0,valid,-15.1dB,-15.2dB,na,na,,,,
2025-07-30 21:14:54.968086,PHY,0x4601,1,0,na,"[0,",0,0,1,1204.1,+16.6dB,17.5us,"[0,",1,999.19,normal,0,valid,-15.0dB,-15.1dB,na,na,,,,
2025-07-30 21:14:54.972208,CSI,0x4601,2,,na,"[0,",,,1,,+31.4dB,14.1us,"[0,",1,1000.8,normal,0,valid,-12.0dB,-12.1dB,0.22us,-79.0Hz,,"[6,",1111,1
2025-07-30 21:14:54.973152,PHY,0x4601,1,0,na,"[0,",0,0,1,980.3,+15.7dB,15.3us,"[0,",1,1000.9,normal,0,valid,-15.1dB,-15.2dB,na,na,,,,
2025-07-30 21:14:54.976697,PHY,0x4601,2,,na,"[0,",,,11111,,+30.5dB,15.5us,"[0,",1,1000.17,normal,0,valid,-12.1dB,-12.2dB,0.18us,+89.9Hz,,"[6,",,1
2025-07-30 21:14:54.977637,PHY,0x4601,1,0,na,"[0,",0,0,1,991.4,+15.7dB,15.6us,"[0,",1,1000.18,normal,0,valid,-15.0dB,-15.1dB,na,na,,,,
2025-07-30 21:14:54.978116,PHY,0x4601,1,0,na,"[0,",0,0,1,919.2,+15.4dB,18.4us,"[0,",1,1000.19,normal,0,valid,-15.1dB,-15.2dB,na,na,,,,
2025-07-30 21:14:54.982613,PHY,0x4601,1,0,na,"[0,",0,0,1,1207.2,+16.6dB,17.1us,"[0,",1,1001.8,normal,0,valid,-15.1dB,-15.2dB,na,na,,,,
2025-07-30 21:14:54.983074,PHY,0x4601,1,0,na,"[0,",0,0,1,1295.5,+16.9dB,14.0us,"[0,",1,1001.9,normal,0,valid,-15.1dB,-15.2dB,na,na,,,,
2025-07-30 21:14:54.986741,PHY,0x4601,2,,na,"[0,",,,11111,,+31.0dB,20.2us,"[0,",1,1001.17,normal,0,valid,-12.1dB,-12.1dB,0.19us,-35.6Hz,,"[6,",,1
2025-07-30 21:14:54.987565,PHY,0x4601,1,0,na,"[0,",0,0,1,964.9,+15.6dB,15.8us,"[0,",1,1001.18,normal,0,valid,-15.0dB,-15.1dB,na,na,,,,
2025-07-30 21:14:54.988154,PHY,0x4601,1,0,na,"[0,",0,0,1,1003.7,+15.8dB,16.4us,"[0,",1,1001.19,normal,0,valid,-15.1dB,-15.1dB,na,na,,,,
2025-07-30 21:14:54.992249,CSI,0x4601,2,,na,"[0,",,,1,,+28.8dB,11.2us,"[0,",1,1002.8,normal,0,valid,-12.0dB,-12.0dB,0.21us,+25.5Hz,,"[6,",1111,1
2025-07-30 21:14:54.993117,PHY,0x4601,1,0,na,"[0,",0,0,1,983.0,+15.7dB,16.8us,"[0,",1,1002.9,normal,0,valid,-15.1dB,-15.2dB,na,na,,,,
2025-07-30 21:14:54.996649,PHY,0x4601,2,,na,"[0,",,,11111,,+33.4dB,13.9us,"[0,",1,1002.17,normal,0,valid,-12.1dB,-12.2dB,0.22us,+54.6Hz,,"[6,",,1
2025-07-30 21:14:54.997596,PHY,0x4601,1,0,na,"[0,",0,0,1,1012.7,+15.8dB,16.2us,"[0,",1,1002.18,normal,0,valid,-15.0dB,-15.2dB,na,na,,,,
2025-07-30 21:14:54.998075,PHY,0x4601,1,0,na,"[0,",0,0,1,927.8,+15.4dB,14.8us,"[0,",1,1002.19,normal,0,valid,-15.1dB,-15.2dB,na,na,,,,
2025-07-30 21:14:55.002672,PHY,0x4601,1,0,na,"[0,",0,0,1,1336.0,+17.0dB,17.4us,"[0,",1,1003.8,normal,0,valid,-15.1dB,-15.2dB,na,na,,,,
2025-07-30 21:14:55.003135,PHY,0x4601,1,0,na,"[0,",0,0,1,1306.4,+16.9dB,15.0us,"[0,",1,1003.9,normal,0,valid,-15.1dB,-15.2dB,na,na,,,,
2025-07-30 21:14:55.006699,PHY,0x4601,2,,na,"[0,",,,11111,,+30.9dB,22.8us,"[0,",1,1003.17,normal,0,valid,-12.1dB,-12.1dB,0.20us,+4.4Hz,,"[6,",,1
2025-07-30 21:14:55.007638,PHY,0x4601,1,0,na,"[0,",0,0,1,975.2,+15.6dB,18.8us,"[0,",1,1003.18,normal,0,valid,-15.0dB,-15.1dB,na,na,,,,
2025-07-30 21:14:55.008108,PHY,0x4601,1,0,na,"[0,",0,0,1,991.5,+15.7dB,15.7us,"[0,",1,1003.19,normal,0,valid,-15.0dB,-15.2dB,na,na,,,,
2025-07-30 21:14:55.012228,CSI,0x4601,2,,na,"[0,",,,1,,+30.1dB,12.1us,"[0,",1,1004.8,normal,0,valid,-11.9dB,-12.0dB,0.19us,-70.2Hz,,"[6,",1111,1
2025-07-30 21:14:55.013070,PHY,0x4601,1,0,na,"[0,",0,0,1,1606.1,+17.8dB,17.6us,"[0,",1,1004.9,normal,0,valid,-15.1dB,-15.2dB,na,na,,,,
2025-07-30 21:14:55.016743,PHY,0x4601,2,,na,"[0,",,,11111,,+34.0dB,14.0us,"[0,",1,1004.17,normal,0,valid,-12.1dB,-12.1dB,0.21us,-31.4Hz,,"[6,",,1
2025-07-30 21:14:55.017661,PHY,0x4601,1,0,na,"[0,",0,0,1,1303.6,+16.9dB,16.9us,"[0,",1,1004.18,normal,0,valid,-15.0dB,-15.1dB,na,na,,,,
2025-07-30 21:14:55.018141,PHY,0x4601,1,0,na,"[0,",0,0,1,1284.1,+16.9dB,19.1us,"[0,",1,1004.19,normal,0,valid,-15.1dB,-15.1dB,na,na,,,,
2025-07-30 21:14:55.022656,PHY,0x4601,1,0,na,"[0,",0,0,1,1257.4,+16.7dB,17.9us,"[0,",1,1005.8,normal,0,valid,-15.1dB,-15.2dB,na,na,,,,
2025-07-30 21:14:55.023092,PHY,0x4601,1,0,na,"[0,",0,0,1,1247.6,+16.7dB,14.7us,"[0,",1,1005.9,normal,0,valid,-15.1dB,-15.2dB,na,na,,,,
2025-07-30 21:14:55.026638,PHY,0x4601,2,,na,"[0,",,,11111,,+30.7dB,15.4us,"[0,",1,1005.17,normal,0,valid,-12.1dB,-12.1dB,0.20us,+10.0Hz,,"[6,",,1
2025-07-30 21:14:55.027582,PHY,0x4601,1,0,na,"[0,",0,0,1,1758.0,+18.2dB,16.2us,"[0,",1,1005.18,normal,0,valid,-15.1dB,-15.1dB,na,na,,,,
2025-07-30 21:14:55.028163,PHY,0x4601,1,0,na,"[0,",0,0,1,1695.9,+18.0dB,14.2us,"[0,",1,1005.19,normal,0,valid,-15.1dB,-15.1dB,na,na,,,,
2025-07-30 21:14:55.032195,CSI,0x4601,2,,na,"[0,",,,1,,+36.6dB,16.0us,"[0,",1,1006.8,normal,0,valid,-12.1dB,-12.1dB,0.19us,+114.5Hz,,"[6,",1111,1
2025-07-30 21:14:55.033132,PHY,0x4601,1,0,na,"[0,",0,0,1,1658.3,+18.0dB,16.6us,"[0,",1,1006.9,normal,0,valid,-15.1dB,-15.1dB,na,na,,,,
2025-07-30 21:14:55.036672,PHY,0x4601,2,,na,"[0,",,,11111,,+28.9dB,14.1us,"[0,",1,1006.17,normal,0,valid,-12.0dB,-12.1dB,0.21us,+33.1Hz,,"[6,",,1
2025-07-30 21:14:55.037613,PHY,0x4601,1,0,na,"[0,",0,0,1,1626.6,+17.8dB,15.5us,"[0,",1,1006.18,normal,0,valid,-15.1dB,-15.1dB,na,na,,,,
2025-07-30 21:14:55.038094,PHY,0x4601,1,0,na,"[0,",0,0,1,1678.1,+18.0dB,18.4us,"[0,",1,1006.19,normal,0,valid,-15.0dB,-15.1dB,na,na,,,,
2025-07-30 21:14:55.042578,PHY,0x4601,1,0,na,"[0,",0,0,1,1216.3,+16.6dB,17.1us,"[0,",1,1007.8,normal,0,valid,-15.0dB,-15.1dB,na,na,,,,
2025-07-30 21:14:55.043159,PHY,0x4601,1,0,na,"[0,",0,0,1,1224.7,+16.6dB,15.5us,"[0,",1,1007.9,normal,0,valid,-15.1dB,-15.2dB,na,na,,,,
2025-07-30 21:14:55.046736,PHY,0x4601,2,,na,"[0,",,,11111,,+32.7dB,15.8us,"[0,",1,1007.17,normal,0,valid,-12.0dB,-12.1dB,0.21us,+2.8Hz,,"[6,",,1
2025-07-30 21:14:55.047647,PHY,0x4601,1,0,na,"[0,",0,0,1,1680.0,+18.0dB,16.9us,"[0,",1,1007.18,normal,0,valid,-15.1dB,-15.1dB,na,na,,,,
2025-07-30 21:14:55.048117,PHY,0x4601,1,0,na,"[0,",0,0,1,1670.0,+18.0dB,15.4us,"[0,",1,1007.19,normal,0,valid,-15.1dB,-15.1dB,na,na,,,,
2025-07-30 21:14:55.052220,CSI,0x4601,2,,na,"[0,",,,1,,+31.7dB,11.5us,"[0,",1,1008.8,normal,0,valid,-12.0dB,-12.1dB,0.21us,+21.2Hz,,"[6,",1111,1
2025-07-30 21:14:55.053087,PHY,0x4601,1,0,na,"[0,",0,0,1,1730.9,+18.1dB,17.1us,"[0,",1,1008.9,normal,0,valid,-15.1dB,-15.1dB,na,na,,,,
2025-07-30 21:14:55.056763,PHY,0x4601,2,,na,"[0,",,,11111,,+30.9dB,20.1us,"[0,",1,1008.17,normal,0,valid,-12.2dB,-12.3dB,0.20us,+11.3Hz,,"[6,",,1
2025-07-30 21:14:55.057581,PHY,0x4601,1,0,na,"[0,",0,0,1,1635.1,+17.9dB,15.0us,"[0,",1,1008.18,normal,0,valid,-15.0dB,-15.1dB,na,na,,,,
2025-07-30 21:14:55.058149,PHY,0x4601,1,0,na,"[0,",0,0,1,1678.7,+18.0dB,14.7us,"[0,",1,1008.19,normal,0,valid,-15.0dB,-15.1dB,na,na,,,,
2025-07-30 21:14:55.062649,PHY,0x4601,1,0,na,"[0,",0,0,1,1239.9,+16.7dB,17.8us,"[0,",1,1009.8,normal,0,valid,-15.1dB,-15.2dB,na,na,,,,
2025-07-30 21:14:55.063117,PHY,0x4601,1,0,na,"[0,",0,0,1,1241.6,+16.7dB,15.6us,"[0,",1,1009.9,normal,0,valid,-15.1dB,-15.2dB,na,na,,,,
2025-07-30 21:14:55.066683,PHY,0x4601,2,,na,"[0,",,,11111,,+28.1dB,29.1us,"[0,",1,1009.17,normal,0,valid,-12.0dB,-12.0dB,0.18us,-46.9Hz,,"[6,",,1
2025-07-30 21:14:55.067615,PHY,0x4601,1,0,na,"[0,",0,0,1,1291.5,+16.8dB,19.7us,"[0,",1,1009.18,normal,0,valid,-15.1dB,-15.1dB,na,na,,,,
2025-07-30 21:14:55.068079,PHY,0x4601,1,0,na,"[0,",0,0,1,1276.9,+16.8dB,16.2us,"[0,",1,1009.19,normal,0,valid,-15.0dB,-15.1dB,na,na,,,,
2025-07-30 21:14:55.072234,CSI,0x4601,2,,na,"[0,",,,1,,+31.0dB,22.3us,"[0,",1,1010.8,normal,0,valid,-11.9dB,-12.0dB,0.23us,-89.2Hz,,"[6,",1111,1
2025-07-30 21:14:55.073169,PHY,0x4601,1,0,na,"[0,",0,0,1,1287.5,+16.8dB,19.6us,"[0,",1,1010.9,normal,0,valid,-15.1dB,-15.1dB,na,na,,,,
2025-07-30 21:14:55.076714,PHY,0x4601,2,,na,"[0,",,,11111,,+30.1dB,23.0us,"[0,",1,1010.17,normal,0,valid,-12.1dB,-12.1dB,0.19us,-3.4Hz,,"[6,",,1
2025-07-30 21:14:55.077635,PHY,0x4601,1,0,na,"[0,",0,0,1,1220.1,+16.6dB,18.2us,"[0,",1,1010.18,normal,0,valid,-15.0dB,-15.1dB,na,na,,,,
2025-07-30 21:14:55.078115,PHY,0x4601,1,0,na,"[0,",0,0,1,1216.7,+16.6dB,22.2us,"[0,",1,1010.19,normal,0,valid,-15.1dB,-15.2dB,na,na,,,,
2025-07-30 21:14:55.082606,PHY,0x4601,1,0,na,"[0,",0,0,1,1265.8,+16.7dB,18.5us,"[0,",1,1011.8,normal,0,valid,-15.1dB,-15.2dB,na,na,,,,
2025-07-30 21:14:55.083071,PHY,0x4601,1,0,na,"[0,",0,0,1,1198.9,+16.5dB,15.4us,"[0,",1,1011.9,normal,0,valid,-15.1dB,-15.2dB,na,na,,,,
2025-07-30 21:14:55.086735,PHY,0x4601,2,,na,"[0,",,,11111,,+28.3dB,25.5us,"[0,",1,1011.17,normal,0,valid,-12.1dB,-12.1dB,0.20us,+63.6Hz,,"[6,",,1
2025-07-30 21:14:55.087668,PHY,0x4601,1,0,na,"[0,",0,0,1,1232.2,+16.7dB,17.1us,"[0,",1,1011.18,normal,0,valid,-15.0dB,-15.1dB,na,na,,,,
2025-07-30 21:14:55.088141,PHY,0x4601,1,0,na,"[0,",0,0,1,1344.4,+17.0dB,14.8us,"[0,",1,1011.19,normal,0,valid,-15.1dB,-15.1dB,na,na,,,,
2025-07-30 21:14:55.092229,CSI,0x4601,2,,na,"[0,",,,1,,+32.3dB,13.3us,"[0,",1,1012.8,normal,0,valid,-12.1dB,-12.2dB,0.22us,-113.8Hz,,"[6,",1111,1
2025-07-30 21:14:55.093108,PHY,0x4601,1,0,na,"[0,",0,0,1,1744.7,+18.2dB,15.5us,"[0,",1,1012.9,normal,0,valid,-15.0dB,-15.1dB,na,na,,,,
2025-07-30 21:14:55.096652,PHY,0x4601,2,,na,"[0,",,,11011,,+29.7dB,14.1us,"[0,",1,1012.17,normal,0,valid,-12.1dB,-12.1dB,0.19us,-5.7Hz,,"[6,",,1
2025-07-30 21:14:55.097587,PHY,0x4601,1,0,na,"[0,",0,0,1,1625.2,+17.8dB,15.6us,"[0,",1,1012.18,normal,0,valid,-15.1dB,-15.2dB,na,na,,,,
2025-07-30 21:14:55.098063,PHY,0x4601,1,0,na,"[0,",0,0,1,1698.6,+18.0dB,14.7us,"[0,",1,1012.19,normal,0,valid,-15.1dB,-15.2dB,na,na,,,,
2025-07-30 21:14:55.102662,PHY,0x4601,1,0,na,"[0,",0,0,1,1288.6,+16.8dB,17.0us,"[0,",1,1013.8,normal,0,valid,-15.1dB,-15.2dB,na,na,,,,
2025-07-30 21:14:55.103134,PHY,0x4601,1,0,na,"[0,",0,0,1,1275.3,+16.8dB,14.0us,"[0,",1,1013.9,normal,0,valid,-15.1dB,-15.2dB,na,na,,,,
2025-07-30 21:14:55.106693,PHY,0x4601,2,,na,"[0,",,,11111,,+30.9dB,14.2us,"[0,",1,1013.17,normal,0,valid,-12.0dB,-12.1dB,0.20us,+62.9Hz,,"[6,",,1
2025-07-30 21:14:55.107620,PHY,0x4601,1,0,na,"[0,",0,0,1,1224.0,+16.6dB,16.0us,"[0,",1,1013.18,normal,0,valid,-15.0dB,-15.1dB,na,na,,,,
2025-07-30 21:14:55.108094,PHY,0x4601,1,0,na,"[0,",0,0,1,1243.6,+16.7dB,14.6us,"[0,",1,1013.19,normal,0,valid,-15.1dB,-15.1dB,na,na,,,,
2025-07-30 21:14:55.112234,CSI,0x4601,2,,na,"[0,",,,1,,+28.9dB,12.7us,"[0,",1,1014.8,normal,0,valid,-12.1dB,-12.1dB,0.20us,-145.5Hz,,"[6,",1111,1
2025-07-30 21:14:55.113168,PHY,0x4601,1,0,na,"[0,",0,0,1,1634.8,+17.9dB,16.4us,"[0,",1,1014.9,normal,0,valid,-15.1dB,-15.2dB,na,na,,,,
2025-07-30 21:14:55.116722,PHY,0x4601,2,,na,"[0,",,,11111,,+31.9dB,14.2us,"[0,",1,1014.17,normal,0,valid,-12.1dB,-12.1dB,0.22us,+35.7Hz,,"[6,",,1
2025-07-30 21:14:55.117671,PHY,0x4601,1,0,na,"[0,",0,0,1,1206.4,+16.6dB,21.1us,"[0,",1,1014.18,normal,0,valid,-15.0dB,-15.1dB,na,na,,,,
2025-07-30 21:14:55.118128,PHY,0x4601,1,0,na,"[0,",0,0,1,1237.2,+16.7dB,14.1us,"[0,",1,1014.19,normal,0,valid,-15.1dB,-15.2dB,na,na,,,,
2025-07-30 21:14:55.122627,PHY,0x4601,1,0,na,"[0,",0,0,1,1236.1,+16.7dB,18.3us,"[0,",1,1015.8,normal,0,valid,-15.1dB,-15.2dB,na,na,,,,
2025-07-30 21:14:55.123092,PHY,0x4601,1,0,na,"[0,",0,0,1,1229.8,+16.7dB,15.8us,"[0,",1,1015.9,normal,0,valid,-15.1dB,-15.2dB,na,na,,,,
2025-07-30 21:14:55.126746,PHY,0x4601,2,,na,"[0,",,,11111,,+28.5dB,15.4us,"[0,",1,1015.17,normal,0,valid,-12.0dB,-12.1dB,0.20us,-33.0Hz,,"[6,",,1
2025-07-30 21:14:55.127581,PHY,0x4601,1,0,na,"[0,",0,0,1,1591.0,+17.8dB,17.3us,"[0,",1,1015.18,normal,0,valid,-15.1dB,-15.1dB,na,na,,,,
2025-07-30 21:14:55.128161,PHY,0x4601,1,0,na,"[0,",0,0,1,1704.6,+18.1dB,16.0us,"[0,",1,1015.19,normal,0,valid,-15.1dB,-15.1dB,na,na,,,,
2025-07-30 21:14:55.132188,CSI,0x4601,2,,na,"[0,",,,1,,+30.1dB,13.8us,"[0,",1,1016.8,normal,0,valid,-11.9dB,-11.9dB,0.23us,-7.8Hz,,"[6,",1111,1
2025-07-30 21:14:55.133122,PHY,0x4601,1,0,na,"[0,",0,0,1,1605.5,+17.8dB,16.1us,"[0,",1,1016.9,normal,0,valid,-15.0dB,-15.1dB,na,na,,,,
2025-07-30 21:14:55.136669,PHY,0x4601,2,,na,"[0,",,,11111,,+31.6dB,13.9us,"[0,",1,1016.17,normal,0,valid,-12.1dB,-12.1dB,0.19us,-46.6Hz,,"[6,",,1
2025-07-30 21:14:55.137609,PHY,0x4601,1,0,na,"[0,",0,0,1,1620.3,+17.9dB,15.8us,"[0,",1,1016.18,normal,0,valid,-15.0dB,-15.1dB,na,na,,,,
2025-07-30 21:14:55.138081,PHY,0x4601,1,0,na,"[0,",0,0,1,1640.7,+17.9dB,14.4us,"[0,",1,1016.19,normal,0,valid,-15.1dB,-15.1dB,na,na,,,,
2025-07-30 21:14:55.142583,PHY,0x4601,1,0,na,"[0,",0,0,1,1301.9,+16.9dB,18.3us,"[0,",1,1017.8,normal,0,valid,-15.1dB,-15.2dB,na,na,,,,
2025-07-30 21:14:55.143159,PHY,0x4601,1,0,na,"[0,",0,0,1,1186.8,+16.5dB,16.9us,"[0,",1,1017.9,normal,0,valid,-15.1dB,-15.2dB,na,na,,,,
2025-07-30 21:14:55.146700,PHY,0x4601,2,,na,"[0,",,,11111,,+34.1dB,16.5us,"[0,",1,1017.17,normal,0,valid,-12.0dB,-12.0dB,0.18us,-16.6Hz,,"[6,",,1
2025-07-30 21:14:55.147643,PHY,0x4601,1,0,na,"[0,",0,0,1,1700.2,+18.0dB,27.0us,"[0,",1,1017.18,normal,0,valid,-15.1dB,-15.1dB,na,na,,,,
2025-07-30 21:14:55.148120,PHY,0x4601,1,0,na,"[0,",0,0,1,1654.1,+17.9dB,21.1us,"[0,",1,1017.19,normal,0,valid,-15.0dB,-15.1dB,na,na,,,,
2025-07-30 21:14:55.152245,CSI,0x4601,2,,na,"[0,",,,1,,+32.1dB,15.6us,"[0,",1,1018.8,normal,0,valid,-11.9dB,-12.0dB,0.22us,-42.2Hz,,"[6,",1111,1
2025-07-30 21:14:55.153085,PHY,0x4601,1,0,na,"[0,",0,0,1,1775.8,+18.2dB,16.1us,"[0,",1,1018.9,normal,0,valid,-15.0dB,-15.1dB,na,na,,,,
2025-07-30 21:14:55.156732,PHY,0x4601,2,,na,"[0,",,,11111,,+32.5dB,16.2us,"[0,",1,1018.17,normal,0,valid,-12.1dB,-12.1dB,0.20us,-15.3Hz,,"[6,",,1
2025-07-30 21:14:55.157565,PHY,0x4601,1,0,na,"[0,",0,0,1,1270.9,+16.8dB,15.2us,"[0,",1,1018.18,normal,0,valid,-15.0dB,-15.1dB,na,na,,,,
2025-07-30 21:14:55.158142,PHY,0x4601,1,0,na,"[0,",0,0,1,1288.4,+16.8dB,13.7us,"[0,",1,1018.19,normal,0,valid,-15.0dB,-15.2dB,na,na,,,,
2025-07-30 21:14:55.162642,PHY,0x4601,1,0,na,"[0,",0,0,1,1179.7,+16.5dB,18.2us,"[0,",1,1019.8,normal,0,valid,-15.1dB,-15.2dB,na,na,,,,
2025-07-30 21:14:55.163107,PHY,0x4601,1,0,na,"[0,",0,0,1,1293.5,+16.9dB,16.8us,"[0,",1,1019.9,normal,0,valid,-15.1dB,-15.1dB,na,na,,,,
2025-07-30 21:14:55.166656,PHY,0x4601,2,,na,"[0,",,,11111,,+30.2dB,14.9us,"[0,",1,1019.17,normal,0,valid,-12.1dB,-12.1dB,0.20us,+64.9Hz,,"[6,",,1
2025-07-30 21:14:55.167597,PHY,0x4601,1,0,na,"[0,",0,0,1,1185.8,+16.5dB,15.5us,"[0,",1,1019.18,normal,0,valid,-15.1dB,-15.2dB,na,na,,,,
2025-07-30 21:14:55.168074,PHY,0x4601,1,0,na,"[0,",0,0,1,1196.8,+16.5dB,16.3us,"[0,",1,1019.19,normal,0,valid,-15.1dB,-15.2dB,na,na,,,,
2025-07-30 21:14:55.172204,CSI,0x4601,2,,na,"[0,",,,1,,+31.4dB,14.0us,"[0,",1,1020.8,normal,0,valid,-12.0dB,-12.1dB,0.23us,-20.0Hz,,"[6,",1111,1
2025-07-30 21:14:55.173133,PHY,0x4601,1,0,na,"[0,",0,0,1,1141.5,+16.3dB,16.9us,"[0,",1,1020.9,normal,0,valid,-15.1dB,-15.1dB,na,na,,,,
2025-07-30 21:14:55.176688,PHY,0x4601,2,,na,"[0,",,,11111,,+32.0dB,13.2us,"[0,",1,1020.17,normal,0,valid,-12.2dB,-12.2dB,0.21us,-6.2Hz,,"[6,",,1
2025-07-30 21:14:55.177624,PHY,0x4601,1,0,na,"[0,",0,0,1,1226.0,+16.6dB,14.6us,"[0,",1,1020.18,normal,0,valid,-15.1dB,-15.2dB,na,na,,,,
2025-07-30 21:14:55.178100,PHY,0x4601,1,0,na,"[0,",0,0,1,1240.3,+16.7dB,14.2us,"[0,",1,1020.19,normal,0,valid,-15.1dB,-15.1dB,na,na,,,,
2025-07-30 21:14:55.182587,PHY,0x4601,1,0,na,"[0,",0,0,1,1215.1,+16.6dB,16.1us,"[0,",1,1021.8,normal,0,valid,-15.1dB,-15.2dB,na,na,,,,
2025-07-30 21:14:55.183064,PHY,0x4601,1,0,na,"[0,",0,0,1,1249.3,+16.7dB,14.1us,"[0,",1,1021.9,normal,0,valid,-15.1dB,-15.2dB,na,na,,,,
2025-07-30 21:14:55.186749,PHY,0x4601,2,,na,"[0,",,,11111,,+30.5dB,20.9us,"[0,",1,1021.17,normal,0,valid,-12.0dB,-12.1dB,0.22us,+98.8Hz,,"[6,",,1
2025-07-30 21:14:55.187657,PHY,0x4601,1,0,na,"[0,",0,0,1,1799.9,+18.3dB,16.9us,"[0,",1,1021.18,normal,0,valid,-15.1dB,-15.1dB,na,na,,,,
2025-07-30 21:14:55.188131,PHY,0x4601,1,0,na,"[0,",0,0,1,1738.5,+18.1dB,14.1us,"[0,",1,1021.19,normal,0,valid,-15.1dB,-15.1dB,na,na,,,,
2025-07-30 21:14:55.192214,CSI,0x4601,2,,na,"[0,",,,1,,+30.1dB,10.8us,"[0,",1,1022.8,normal,0,valid,-12.0dB,-12.0dB,0.23us,+19.7Hz,,"[6,",1111,1
2025-07-30 21:14:55.193097,PHY,0x4601,1,0,na,"[0,",0,0,1,1175.6,+16.5dB,16.6us,"[0,",1,1022.9,normal,0,valid,-15.0dB,-15.1dB,na,na,,,,
2025-07-30 21:14:55.196641,PHY,0x4601,2,,na,"[0,",,,11111,,+28.8dB,20.0us,"[0,",1,1022.17,normal,0,valid,-12.1dB,-12.2dB,0.20us,-44.2Hz,,"[6,",,1
2025-07-30 21:14:55.197579,PHY,0x4601,1,0,na,"[0,",0,0,1,1906.4,+18.5dB,15.1us,"[0,",1,1022.18,normal,0,valid,-15.1dB,-15.1dB,na,na,,,,
2025-07-30 21:14:55.198167,PHY,0x4601,1,0,na,"[0,",0,0,1,1649.2,+17.9dB,20.6us,"[0,",1,1022.19,normal,0,valid,-15.1dB,-15.2dB,na,na,,,,
2025-07-30 21:14:55.202652,PHY,0x4601,1,0,na,"[0,",0,0,1,1319.0,+17.0dB,16.2us,"[0,",1,1023.8,normal,0,valid,-15.1dB,-15.1dB,na,na,,,,
2025-07-30 21:14:55.203133,PHY,0x4601,1,0,na,"[0,",0,0,1,1312.1,+16.9dB,14.2us,"[0,",1,1023.9,normal,0,valid,-15.1dB,-15.1dB,na,na,,,,
2025-07-30 21:14:55.206668,PHY,0x4601,2,,na,"[0,",,,11111,,+28.3dB,13.9us,"[0,",1,1023.17,normal,0,valid,-12.1dB,-12.1dB,0.23us,+29.6Hz,,"[6,",,1
2025-07-30 21:14:55.207612,PHY,0x4601,1,0,na,"[0,",0,0,1,1573.5,+17.7dB,15.2us,"[0,",1,1023.18,normal,0,valid,-15.0dB,-15.1dB,na,na,,,,
2025-07-30 21:14:55.208099,PHY,0x4601,1,0,na,"[0,",0,0,1,1787.8,+18.3dB,25.7us,"[0,",1,1023.19,normal,0,valid,-15.1dB,-15.1dB,na,na,,,,
2025-07-30 21:14:55.212217,CSI,0x4601,2,,na,"[0,",,,1,,+33.5dB,14.2us,"[0,",1,0.8,normal,0,valid,-12.0dB,-12.1dB,0.21us,-40.3Hz,,"[6,",1111,1
2025-07-30 21:14:55.213166,PHY,0x4601,1,0,na,"[0,",0,0,1,1202.7,+16.6dB,15.3us,"[0,",1,0.9,normal,0,valid,-15.1dB,-15.1dB,na,na,,,,
2025-07-30 21:14:55.216740,PHY,0x4601,2,,na,"[0,",,,11111,,+33.7dB,16.7us,"[0,",1,0.17,normal,0,valid,-12.1dB,-12.1dB,0.22us,-14.3Hz,,"[6,",,1
2025-07-30 21:14:55.217653,PHY,0x4601,1,0,na,"[0,",0,0,1,1222.7,+16.6dB,23.0us,"[0,",1,0.18,normal,0,valid,-15.0dB,-15.1dB,na,na,,,,
2025-07-30 21:14:55.218120,PHY,0x4601,1,0,na,"[0,",0,0,1,1269.3,+16.8dB,14.3us,"[0,",1,0.19,normal,0,valid,-15.1dB,-15.2dB,na,na,,,,
2025-07-30 21:14:55.222619,PHY,0x4601,1,0,na,"[0,",0,0,1,1272.6,+16.8dB,23.6us,"[0,",1,1.8,normal,0,valid,-15.1dB,-15.2dB,na,na,,,,
2025-07-30 21:14:55.223081,PHY,0x4601,1,0,na,"[0,",0,0,1,1214.9,+16.6dB,15.7us,"[0,",1,1.9,normal,0,valid,-15.1dB,-15.2dB,na,na,,,,
2025-07-30 21:14:55.226761,PHY,0x4601,2,,na,"[0,",,,11111,,+31.0dB,23.1us,"[0,",1,1.17,normal,0,valid,-12.0dB,-12.0dB,0.22us,+3.7Hz,,"[6,",,1
2025-07-30 21:14:55.227573,PHY,0x4601,1,0,na,"[0,",0,0,1,1223.4,+16.6dB,18.6us,"[0,",1,1.18,normal,0,valid,-15.0dB,-15.1dB,na,na,,,,
2025-07-30 21:14:55.228150,PHY,0x4601,1,0,na,"[0,",0,0,1,1255.5,+16.8dB,14.3us,"[0,",1,1.19,normal,0,valid,-15.0dB,-15.1dB,na,na,,,,
2025-07-30 21:14:55.232250,CSI,0x4601,2,,na,"[0,",,,1,,+29.1dB,11.4us,"[0,",1,2.8,normal,0,valid,-12.1dB,-12.2dB,0.21us,-49.6Hz,,"[6,",1111,1
2025-07-30 21:14:55.233114,PHY,0x4601,1,0,na,"[0,",0,0,1,1570.0,+17.7dB,16.2us,"[0,",1,2.9,normal,0,valid,-15.1dB,-15.2dB,na,na,,,,
2025-07-30 21:14:55.236655,PHY,0x4601,2,,na,"[0,",,,11111,,+31.8dB,13.3us,"[0,",1,2.17,normal,0,valid,-12.1dB,-12.1dB,0.19us,+26.3Hz,,"[6,",,1
2025-07-30 21:14:55.237609,PHY,0x4601,1,0,na,"[0,",0,0,1,1278.7,+16.8dB,16.5us,"[0,",1,2.18,normal,0,valid,-15.1dB,-15.1dB,na,na,,,,
2025-07-30 21:14:55.238081,PHY,0x4601,1,0,na,"[0,",0,0,1,1241.1,+16.6dB,16.1us,"[0,",1,2.19,normal,0,valid,-15.0dB,-15.2dB,na,na,,,,
2025-07-30 21:14:55.242574,PHY,0x4601,1,0,na,"[0,",0,0,1,1364.7,+17.1dB,23.8us,"[0,",1,3.8,normal,0,valid,-15.1dB,-15.2dB,na,na,,,,
2025-07-30 21:14:55.243144,PHY,0x4601,1,0,na,"[0,",0,0,1,1184.9,+16.5dB,15.7us,"[0,",1,3.9,normal,0,valid,-15.1dB,-15.2dB,na,na,,,,
2025-07-30 21:14:55.246697,PHY,0x4601,2,,na,"[0,",,,11111,,+34.9dB,16.4us,"[0,",1,3.17,normal,0,valid,-12.2dB,-12.2dB,0.20us,-86.7Hz,,"[6,",,1
2025-07-30 21:14:55.247635,PHY,0x4601,1,0,na,"[0,",0,0,1,1200.3,+16.5dB,16.4us,"[0,",1,3.18,normal,0,valid,-15.1dB,-15.2dB,na,na,,,,
2025-07-30 21:14:55.248103,PHY,0x4601,1,0,na,"[0,",0,0,1,1264.6,+16.8dB,13.9us,"[0,",1,3.19,normal,0,valid,-15.0dB,-15.1dB,na,na,,,,
2025-07-30 21:14:55.252289,CSI,0x4601,2,,na,"[0,",,,1,,+31.6dB,17.6us,"[0,",1,4.8,normal,0,valid,-12.1dB,-12.1dB,0.22us,+65.3Hz,,"[6,",1111,1
2025-07-30 21:14:55.253074,PHY,0x4601,1,0,na,"[0,",0,0,1,1646.3,+17.9dB,18.0us,"[0,",1,4.9,normal,0,valid,-15.1dB,-15.1dB,na,na,,,,
2025-07-30 21:14:55.256753,PHY,0x4601,2,,na,"[0,",,,11111,,+30.9dB,17.0us,"[0,",1,4.17,normal,0,valid,-12.1dB,-12.1dB,0.21us,-30.3Hz,,"[6,",,1
2025-07-30 21:14:55.257670,PHY,0x4601,1,0,na,"[0,",0,0,1,1318.5,+16.9dB,19.6us,"[0,",1,4.18,normal,0,valid,-15.0dB,-15.1dB,na,na,,,,
2025-07-30 21:14:55.258142,PHY,0x4601,1,0,na,"[0,",0,0,1,1214.5,+16.6dB,15.2us,"[0,",1,4.19,normal,0,valid,-15.1dB,-15.2dB,na,na,,,,
2025-07-30 21:14:55.262638,PHY,0x4601,1,0,na,"[0,",0,0,1,1235.7,+16.7dB,17.8us,"[0,",1,5.8,normal,0,valid,-15.1dB,-15.2dB,na,na,,,,
2025-07-30 21:14:55.263100,PHY,0x4601,1,0,na,"[0,",0,0,1,1214.4,+16.6dB,14.3us,"[0,",1,5.9,normal,0,valid,-15.1dB,-15.2dB,na,na,,,,
2025-07-30 21:14:55.266635,PHY,0x4601,2,,na,"[0,",,,11111,,+30.9dB,13.7us,"[0,",1,5.17,normal,0,valid,-12.1dB,-12.2dB,0.20us,+130.8Hz,,"[6,",,1
2025-07-30 21:14:55.267589,PHY,0x4601,1,0,na,"[0,",0,0,1,1710.8,+18.1dB,17.7us,"[0,",1,5.18,normal,0,valid,-15.1dB,-15.1dB,na,na,,,,
2025-07-30 21:14:55.268067,PHY,0x4601,1,0,na,"[0,",0,0,1,1651.3,+17.9dB,14.0us,"[0,",1,5.19,normal,0,valid,-15.1dB,-15.2dB,na,na,,,,
2025-07-30 21:14:55.272194,CSI,0x4601,2,,na,"[0,",,,1,,+31.7dB,14.0us,"[0,",1,6.8,normal,0,valid,-12.0dB,-12.0dB,0.21us,-25.9Hz,,"[6,",1111,1
2025-07-30 21:14:55.273139,PHY,0x4601,1,0,na,"[0,",0,0,1,1264.7,+16.8dB,16.0us,"[0,",1,6.9,normal,0,valid,-15.1dB,-15.2dB,na,na,,,,
2025-07-30 21:14:55.276716,PHY,0x4601,2,,na,"[0,",,,11111,,+31.5dB,13.6us,"[0,",1,6.17,normal,0,valid,-12.0dB,-12.0dB,0.21us,-21.2Hz,,"[6,",,1
2025-07-30 21:14:55.277620,PHY,0x4601,1,0,na,"[0,",0,0,1,1652.3,+17.9dB,15.9us,"[0,",1,6.18,normal,0,valid,-15.1dB,-15.1dB,na,na,,,,
2025-07-30 21:14:55.278096,PHY,0x4601,1,0,na,"[0,",0,0,1,1703.0,+18.1dB,15.5us,"[0,",1,6.19,normal,0,valid,-15.1dB,-15.1dB,na,na,,,,
2025-07-30 21:14:55.282588,PHY,0x4601,1,0,na,"[0,",0,0,1,1225.6,+16.6dB,18.2us,"[0,",1,7.8,normal,0,valid,-15.1dB,-15.2dB,na,na,,,,
2025-07-30 21:14:55.283167,PHY,0x4601,1,0,na,"[0,",0,0,1,1239.8,+16.7dB,16.8us,"[0,",1,7.9,normal,0,valid,-15.1dB,-15.2dB,na,na,,,,
2025-07-30 21:14:55.286715,PHY,0x4601,2,,na,"[0,",,,11111,,+33.5dB,16.4us,"[0,",1,7.17,normal,0,valid,-12.0dB,-12.1dB,0.21us,+72.4Hz,,"[6,",,1
2025-07-30 21:14:55.287651,PHY,0x4601,1,0,na,"[0,",0,0,1,1632.9,+17.9dB,15.8us,"[0,",1,7.18,normal,0,valid,-15.1dB,-15.1dB,na,na,,,,
2025-07-30 21:14:55.288135,PHY,0x4601,1,0,na,"[0,",0,0,1,1614.3,+17.8dB,14.8us,"[0,",1,7.19,normal,0,valid,-15.1dB,-15.2dB,na,na,,,,
2025-07-30 21:14:55.292207,CSI,0x4601,2,,na,"[0,",,,1,,+32.8dB,11.7us,"[0,",1,8.8,normal,0,valid,-12.0dB,-12.1dB,0.22us,+31.6Hz,,"[6,",1111,1
2025-07-30 21:14:55.293096,PHY,0x4601,1,0,na,"[0,",0,0,1,1188.5,+16.5dB,22.4us,"[0,",1,8.9,normal,0,valid,-15.1dB,-15.2dB,na,na,,,,
2025-07-30 21:14:55.296769,PHY,0x4601,2,,na,"[0,",,,11111,,+30.4dB,16.7us,"[0,",1,8.17,normal,0,valid,-12.1dB,-12.1dB,0.20us,+32.7Hz,,"[6,",,1
2025-07-30 21:14:55.297573,PHY,0x4601,1,0,na,"[0,",0,0,1,1742.6,+18.1dB,15.7us,"[0,",1,8.18,normal,0,valid,-15.0dB,-15.1dB,na,na,,,,
2025-07-30 21:14:55.298168,PHY,0x4601,1,0,na,"[0,",0,0,1,1605.6,+17.8dB,20.9us,"[0,",1,8.19,normal,0,valid,-15.1dB,-15.1dB,na,na,,,,
2025-07-30 21:14:55.302654,PHY,0x4601,1,0,na,"[0,",0,0,1,1327.2,+17.0dB,17.5us,"[0,",1,9.8,normal,0,valid,-15.1dB,-15.2dB,na,na,,,,
2025-07-30 21:14:55.303115,PHY,0x4601,1,0,na,"[0,",0,0,1,1322.2,+16.9dB,13.9us,"[0,",1,9.9,normal,0,valid,-15.1dB,-15.2dB,na,na,,,,
2025-07-30 21:14:55.306665,PHY,0x4601,2,,na,"[0,",,,11111,,+31.7dB,15.3us,"[0,",1,9.17,normal,0,valid,-12.1dB,-12.1dB,0.19us,+53.3Hz,,"[6,",,1
2025-07-30 21:14:55.307606,PHY,0x4601,1,0,na,"[0,",0,0,1,1673.3,+18.0dB,16.2us,"[0,",1,9.18,normal,0,valid,-15.0dB,-15.1dB,na,na,,,,
2025-07-30 21:14:55.308080,PHY,0x4601,1,0,na,"[0,",0,0,1,1718.0,+18.1dB,14.1us,"[0,",1,9.19,normal,0,valid,-15.1dB,-15.1dB,na,na,,,,
2025-07-30 21:14:55.312245,CSI,0x4601,2,,na,"[0,",,,1,,+31.3dB,30.4us,"[0,",1,10.8,normal,0,valid,-11.9dB,-12.0dB,0.22us,+40.1Hz,,"[6,",1111,1
2025-07-30 21:14:55.313154,PHY,0x4601,1,0,na,"[0,",0,0,1,1189.1,+16.5dB,16.3us,"[0,",1,10.9,normal,0,valid,-15.1dB,-15.2dB,na,na,,,,
2025-07-30 21:14:55.316723,PHY,0x4601,2,,na,"[0,",,,11111,,+35.8dB,16.9us,"[0,",1,10.17,normal,0,valid,-12.1dB,-12.2dB,0.20us,+100.6Hz,,"[6,",,1
2025-07-30 21:14:55.317635,PHY,0x4601,1,0,na,"[0,",0,0,1,1589.9,+17.7dB,16.5us,"[0,",1,10.18,normal,0,valid,-15.1dB,-15.2dB,na,na,,,,
2025-07-30 21:14:55.318115,PHY,0x4601,1,0,na,"[0,",0,0,1,1800.2,+18.3dB,14.9us,"[0,",1,10.19,normal,0,valid,-15.0dB,-15.1dB,na,na,,,,
2025-07-30 21:14:55.322620,PHY,0x4601,1,0,na,"[0,",0,0,1,1285.9,+16.8dB,16.5us,"[0,",1,11.8,normal,0,valid,-15.1dB,-15.2dB,na,na,,,,
2025-07-30 21:14:55.323074,PHY,0x4601,1,0,na,"[0,",0,0,1,1201.6,+16.5dB,14.9us,"[0,",1,11.9,normal,0,valid,-15.1dB,-15.2dB,na,na,,,,
2025-07-30 21:14:55.326741,PHY,0x4601,2,,na,"[0,",,,11111,,+30.6dB,28.4us,"[0,",1,11.17,normal,0,valid,-12.1dB,-12.2dB,0.21us,+43.1Hz,,"[6,",,1
2025-07-30 21:14:55.327564,PHY,0x4601,1,0,na,"[0,",0,0,1,1649.1,+17.9dB,16.3us,"[0,",1,11.18,normal,0,valid,-15.1dB,-15.1dB,na,na,,,,
2025-07-30 21:14:55.328144,PHY,0x4601,1,0,na,"[0,",0,0,1,1596.7,+17.8dB,15.4us,"[0,",1,11.19,normal,0,valid,-15.0dB,-15.1dB,na,na,,,,
2025-07-30 21:14:55.332286,CSI,0x4601,2,,na,"[0,",,,1,,+31.3dB,35.4us,"[0,",1,12.8,normal,0,valid,-12.0dB,-12.1dB,0.20us,-90.1Hz,,"[6,",1111,1
2025-07-30 21:14:55.333119,PHY,0x4601,1,0,na,"[0,",0,0,1,1121.2,+16.2dB,24.0us,"[0,",1,12.9,normal,0,valid,-15.1dB,-15.2dB,na,na,,,,
2025-07-30 21:14:55.336658,PHY,0x4601,2,,na,"[0,",,,11111,,+32.5dB,15.8us,"[0,",1,12.17,normal,0,valid,-12.1dB,-12.1dB,0.21us,+31.6Hz,,"[6,",,1
2025-07-30 21:14:55.337599,PHY,0x4601,1,0,na,"[0,",0,0,1,1269.8,+16.8dB,16.6us,"[0,",1,12.18,normal,0,valid,-15.0dB,-15.1dB,na,na,,,,
2025-07-30 21:14:55.338079,PHY,0x4601,1,0,na,"[0,",0,0,1,1229.6,+16.6dB,17.4us,"[0,",1,12.19,normal,0,valid,-15.1dB,-15.2dB,na,na,,,,
2025-07-30 21:14:55.342683,PHY,0x4601,1,0,na,"[0,",0,0,1,1236.4,+16.7dB,25.8us,"[0,",1,13.8,normal,0,valid,-15.1dB,-15.2dB,na,na,,,,
2025-07-30 21:14:55.343133,PHY,0x4601,1,0,na,"[0,",0,0,1,1284.0,+16.8dB,16.0us,"[0,",1,13.9,normal,0,valid,-15.1dB,-15.2dB,na,na,,,,
2025-07-30 21:14:55.346708,PHY,0x4601,2,,na,"[0,",,,11111,,+29.4dB,15.2us,"[0,",1,13.17,normal,0,valid,-12.1dB,-12.1dB,0.20us,+5.3Hz,,"[6,",,1
2025-07-30 21:14:55.347630,PHY,0x4601,1,0,na,"[0,",0,0,1,1634.8,+17.9dB,16.0us,"[0,",1,13.18,normal,0,valid,-15.1dB,-15.2dB,na,na,,,,
2025-07-30 21:14:55.348102,PHY,0x4601,1,0,na,"[0,",0,0,1,1490.4,+17.5dB,14.3us,"[0,",1,13.19,normal,0,valid,-15.0dB,-15.1dB,na,na,,,,
2025-07-30 21:14:55.352227,CSI,0x4601,2,,na,"[0,",,,1,,+31.3dB,12.4us,"[0,",1,14.8,normal,0,valid,-12.0dB,-12.1dB,0.19us,-114.4Hz,,"[6,",1111,1
2025-07-30 21:14:55.353066,PHY,0x4601,1,0,na,"[0,",0,0,1,1492.6,+17.5dB,17.7us,"[0,",1,14.9,normal,0,valid,-15.1dB,-15.1dB,na,na,,,,
2025-07-30 21:14:55.356728,PHY,0x4601,2,,na,"[0,",,,11111,,+33.4dB,13.8us,"[0,",1,14.17,normal,0,valid,-12.1dB,-12.1dB,0.22us,-9.4Hz,,"[6,",,1
2025-07-30 21:14:55.357658,PHY,0x4601,1,0,na,"[0,",0,0,1,1256.4,+16.7dB,15.6us,"[0,",1,14.18,normal,0,valid,-15.0dB,-15.1dB,na,na,,,,
2025-07-30 21:14:55.358133,PHY,0x4601,1,0,na,"[0,",0,0,1,1166.5,+16.4dB,14.2us,"[0,",1,14.19,normal,0,valid,-15.0dB,-15.1dB,na,na,,,,
2025-07-30 21:14:55.362640,PHY,0x4601,1,0,na,"[0,",0,0,1,1223.3,+16.6dB,20.6us,"[0,",1,15.8,normal,0,valid,-15.1dB,-15.2dB,na,na,,,,
2025-07-30 21:14:55.363096,PHY,0x4601,1,0,na,"[0,",0,0,1,1215.9,+16.6dB,15.4us,"[0,",1,15.9,normal,0,valid,-15.1dB,-15.2dB,na,na,,,,
2025-07-30 21:14:55.366640,PHY,0x4601,2,,na,"[0,",,,11111,,+30.6dB,15.0us,"[0,",1,15.17,normal,0,valid,-12.1dB,-12.1dB,0.22us,-27.0Hz,,"[6,",,1
2025-07-30 21:14:55.367584,PHY,0x4601,1,0,na,"[0,",0,0,1,1501.9,+17.5dB,15.8us,"[0,",1,15.18,normal,0,valid,-15.1dB,-15.2dB,na,na,,,,
2025-07-30 21:14:55.368162,PHY,0x4601,1,0,na,"[0,",0,0,1,1597.2,+17.8dB,15.0us,"[0,",1,15.19,normal,0,valid,-15.0dB,-15.1dB,na,na,,,,
2025-07-30 21:14:55.372202,CSI,0x4601,2,,na,"[0,",,,1,,+32.9dB,15.1us,"[0,",1,16.8,normal,0,valid,-11.9dB,-12.0dB,0.19us,-67.7Hz,,"[6,",1111,1
2025-07-30 21:14:55.373128,PHY,0x4601,1,0,na,"[0,",0,0,1,1269.4,+16.8dB,16.3us,"[0,",1,16.9,normal,0,valid,-15.1dB,-15.1dB,na,na,,,,
2025-07-30 21:14:55.376670,PHY,0x4601,2,,na,"[0,",,,11111,,+28.5dB,13.9us,"[0,",1,16.17,normal,0,valid,-12.1dB,-12.2dB,0.23us,-18.1Hz,,"[6,",,1
2025-07-30 21:14:55.377613,PHY,0x4601,1,0,na,"[0,",0,0,1,1218.6,+16.6dB,15.5us,"[0,",1,16.18,normal,0,valid,-15.1dB,-15.1dB,na,na,,,,
2025-07-30 21:14:55.378097,PHY,0x4601,1,0,na,"[0,",0,0,1,1261.6,+16.7dB,14.3us,"[0,",1,16.19,normal,0,valid,-15.0dB,-15.1dB,na,na,,,,
2025-07-30 21:14:55.382593,PHY,0x4601,1,0,na,"[0,",0,0,1,1307.9,+16.9dB,17.6us,"[0,",1,17.8,normal,0,valid,-15.1dB,-15.2dB,na,na,,,,
2025-07-30 21:14:55.383155,PHY,0x4601,1,0,na,"[0,",0,0,1,1199.3,+16.6dB,14.6us,"[0,",1,17.9,normal,0,valid,-15.1dB,-15.2dB,na,na,,,,
2025-07-30 21:14:55.386720,PHY,0x4601,2,,na,"[0,",,,11111,,+28.7dB,17.3us,"[0,",1,17.17,normal,0,valid,-11.9dB,-12.0dB,0.20us,-74.3Hz,,"[6,",,1
2025-07-30 21:14:55.387645,PHY,0x4601,1,0,na,"[0,",0,0,1,1713.1,+18.1dB,16.7us,"[0,",1,17.18,normal,0,valid,-15.0dB,-15.1dB,na,na,,,,
2025-07-30 21:14:55.388116,PHY,0x4601,1,0,na,"[0,",0,0,1,1600.1,+17.8dB,14.0us,"[0,",1,17.19,normal,0,valid,-15.0dB,-15.1dB,na,na,,,,
2025-07-30 21:14:55.392238,CSI,0x4601,2,,na,"[0,",,,1,,+32.8dB,11.9us,"[0,",1,18.8,normal,0,valid,-12.1dB,-12.1dB,0.21us,+16.5Hz,,"[6,",1111,1
2025-07-30 21:14:55.393087,PHY,0x4601,1,0,na,"[0,",0,0,1,1282.0,+16.8dB,17.8us,"[0,",1,18.9,normal,0,valid,-15.1dB,-15.2dB,na,na,,,,
2025-07-30 21:14:55.396754,PHY,0x4601,2,,na,"[0,",,,11111,,+32.6dB,16.0us,"[0,",1,18.17,normal,0,valid,-12.1dB,-12.1dB,0.19us,-16.9Hz,,"[6,",,1
2025-07-30 21:14:55.397572,PHY,0x4601,1,0,na,"[0,",0,0,1,1720.7,+18.1dB,16.1us,"[0,",1,18.18,normal,0,valid,-15.1dB,-15.2dB,na,na,,,,
2025-07-30 21:14:55.398153,PHY,0x4601,1,0,na,"[0,",0,0,1,1598.6,+17.8dB,15.6us,"[0,",1,18.19,normal,0,valid,-15.0dB,-15.1dB,na,na,,,,
2025-07-30 21:14:55.402637,PHY,0x4601,1,0,na,"[0,",0,0,1,1209.4,+16.6dB,17.2us,"[0,",1,19.8,normal,0,valid,-15.1dB,-15.2dB,na,na,,,,
2025-07-30 21:14:55.403115,PHY,0x4601,1,0,na,"[0,",0,0,1,1218.2,+16.6dB,15.2us,"[0,",1,19.9,normal,0,valid,-15.1dB,-15.2dB,na,na,,,,
2025-07-30 21:14:55.406655,PHY,0x4601,2,,na,"[0,",,,11111,,+30.6dB,14.5us,"[0,",1,19.17,normal,0,valid,-12.0dB,-12.0dB,0.21us,-57.4Hz,,"[6,",,1
2025-07-30 21:14:55.407603,PHY,0x4601,1,0,na,"[0,",0,0,1,1276.6,+16.8dB,16.2us,"[0,",1,19.18,normal,0,valid,-15.1dB,-15.1dB,na,na,,,,
2025-07-30 21:14:55.408073,PHY,0x4601,1,0,na,"[0,",0,0,1,1169.4,+16.4dB,14.2us,"[0,",1,19.19,normal,0,valid,-15.0dB,-15.1dB,na,na,,,,
2025-07-30 21:14:55.412218,CSI,0x4601,2,,na,"[0,",,,1,,+32.5dB,15.1us,"[0,",1,20.8,normal,0,valid,-12.0dB,-12.0dB,0.22us,-48.2Hz,,"[6,",1111,1
2025-07-30 21:14:55.413151,PHY,0x4601,1,0,na,"[0,",0,0,1,1233.9,+16.7dB,16.5us,"[0,",1,20.9,normal,0,valid,-15.1dB,-15.1dB,na,na,,,,
2025-07-30 21:14:55.416701,PHY,0x4601,2,,na,"[0,",,,11111,,+30.2dB,15.9us,"[0,",1,20.17,normal,0,valid,-12.1dB,-12.1dB,0.22us,-29.4Hz,,"[6,",,1
2025-07-30 21:14:55.417641,PHY,0x4601,1,0,na,"[0,",0,0,1,1748.0,+18.1dB,20.4us,"[0,",1,20.18,normal,0,valid,-15.1dB,-15.1dB,na,na,,,,
2025-07-30 21:14:55.418105,PHY,0x4601,1,0,na,"[0,",0,0,1,1648.9,+17.9dB,13.9us,"[0,",1,20.19,normal,0,valid,-15.0dB,-15.1dB,na,na,,,,
2025-07-30 21:14:55.422606,PHY,0x4601,1,0,na,"[0,",0,0,1,1249.5,+16.7dB,16.8us,"[0,",1,21.8,normal,0,valid,-15.1dB,-15.2dB,na,na,,,,
2025-07-30 21:14:55.423071,PHY,0x4601,1,0,na,"[0,",0,0,1,1184.1,+16.5dB,15.1us,"[0,",1,21.9,normal,0,valid,-15.1dB,-15.2dB,na,na,,,,
2025-07-30 21:14:55.426729,PHY,0x4601,2,,na,"[0,",,,11111,,+28.9dB,14.8us,"[0,",1,21.17,normal,0,valid,-12.1dB,-12.2dB,0.23us,+70.1Hz,,"[6,",,1
2025-07-30 21:14:55.427664,PHY,0x4601,1,0,na,"[0,",0,0,1,1197.6,+16.5dB,16.0us,"[0,",1,21.18,normal,0,valid,-15.1dB,-15.2dB,na,na,,,,
2025-07-30 21:14:55.428130,PHY,0x4601,1,0,na,"[0,",0,0,1,1301.8,+16.9dB,14.6us,"[0,",1,21.19,normal,0,valid,-15.0dB,-15.1dB,na,na,,,,
2025-07-30 21:14:55.432234,CSI,0x4601,2,,na,"[0,",,,1,,+30.7dB,12.1us,"[0,",1,22.8,normal,0,valid,-12.0dB,-12.0dB,0.21us,+154.3Hz,,"[6,",1111,1
2025-07-30 21:14:55.433102,PHY,0x4601,1,0,na,"[0,",0,0,1,1261.0,+16.7dB,16.0us,"[0,",1,22.9,normal,0,valid,-15.0dB,-15.2dB,na,na,,,,
2025-07-30 21:14:55.436638,PHY,0x4601,2,,na,"[0,",,,11111,,+32.1dB,14.5us,"[0,",1,22.17,normal,0,valid,-12.1dB,-12.1dB,0.21us,-3.9Hz,,"[6,",,1
2025-07-30 21:14:55.437592,PHY,0x4601,1,0,na,"[0,",0,0,1,1113.2,+16.2dB,19.1us,"[0,",1,22.18,normal,0,valid,-15.1dB,-15.1dB,na,na,,,,
2025-07-30 21:14:55.438064,PHY,0x4601,1,0,na,"[0,",0,0,1,1272.6,+16.8dB,15.9us,"[0,",1,22.19,normal,0,valid,-15.0dB,-15.1dB,na,na,,,,
2025-07-30 21:14:55.442676,PHY,0x4601,1,0,na,"[0,",0,0,1,1173.2,+16.5dB,20.1us,"[0,",1,23.8,normal,0,valid,-15.1dB,-15.1dB,na,na,,,,
2025-07-30 21:14:55.443135,PHY,0x4601,1,0,na,"[0,",0,0,1,1175.4,+16.4dB,14.2us,"[0,",1,23.9,normal,0,valid,-15.1dB,-15.2dB,na,na,,,,
2025-07-30 21:14:55.446695,PHY,0x4601,2,,na,"[0,",,,11111,,+29.2dB,14.7us,"[0,",1,23.17,normal,0,valid,-12.3dB,-12.3dB,0.21us,-96.4Hz,,"[6,",,1
2025-07-30 21:14:55.447620,PHY,0x4601,1,0,na,"[0,",0,0,1,1248.9,+16.7dB,16.3us,"[0,",1,23.18,normal,0,valid,-15.1dB,-15.2dB,na,na,,,,
2025-07-30 21:14:55.448094,PHY,0x4601,1,0,na,"[0,",0,0,1,1174.3,+16.4dB,13.9us,"[0,",1,23.19,normal,0,valid,-15.1dB,-15.2dB,na,na,,,,
2025-07-30 21:14:55.452235,CSI,0x4601,2,,na,"[0,",,,1,,+29.9dB,15.9us,"[0,",1,24.8,normal,0,valid,-12.0dB,-12.0dB,0.20us,-2.2Hz,,"[6,",1111,1
2025-07-30 21:14:55.453164,PHY,0x4601,1,0,na,"[0,",0,0,1,1609.2,+17.8dB,15.8us,"[0,",1,24.9,normal,0,valid,-15.1dB,-15.2dB,na,na,,,,
2025-07-30 21:14:55.456725,PHY,0x4601,2,,na,"[0,",,,11111,,+30.2dB,18.7us,"[0,",1,24.17,normal,0,valid,-12.1dB,-12.1dB,0.20us,+19.0Hz,,"[6,",,1
2025-07-30 21:14:55.457653,PHY,0x4601,1,0,na,"[0,",0,0,1,1716.6,+18.1dB,16.0us,"[0,",1,24.18,normal,0,valid,-15.1dB,-15.1dB,na,na,,,,
2025-07-30 21:14:55.458123,PHY,0x4601,1,0,na,"[0,",0,0,1,1647.1,+17.9dB,14.8us,"[0,",1,24.19,normal,0,valid,-15.1dB,-15.2dB,na,na,,,,
2025-07-30 21:14:55.462616,PHY,0x4601,1,0,na,"[0,",0,0,1,1206.6,+16.6dB,16.1us,"[0,",1,25.8,normal,0,valid,-15.1dB,-15.1dB,na,na,,,,
2025-07-30 21:14:55.463097,PHY,0x4601,1,0,na,"[0,",0,0,1,1274.2,+16.8dB,17.4us,"[0,",1,25.9,normal,0,valid,-15.1dB,-15.2dB,na,na,,,,
2025-07-30 21:14:55.466743,PHY,0x4601,2,,na,"[0,",,,11111,,+33.5dB,15.1us,"[0,",1,25.17,normal,0,valid,-12.1dB,-12.2dB,0.19us,+38.8Hz,,"[6,",,1
2025-07-30 21:14:55.467575,PHY,0x4601,1,0,na,"[0,",0,0,1,1534.6,+17.6dB,16.0us,"[0,",1,25.18,normal,0,valid,-15.1dB,-15.2dB,na,na,,,,
2025-07-30 21:14:55.468162,PHY,0x4601,1,0,na,"[0,",0,0,1,1551.7,+17.7dB,14.3us,"[0,",1,25.19,normal,0,valid,-15.1dB,-15.1dB,na,na,,,,
2025-07-30 21:14:55.472180,CSI,0x4601,2,,na,"[0,",,,1,,+31.5dB,12.3us,"[0,",1,26.8,normal,0,valid,-12.0dB,-12.1dB,0.21us,-65.0Hz,,"[6,",1111,1
2025-07-30 21:14:55.473121,PHY,0x4601,1,0,na,"[0,",0,0,1,1199.9,+16.5dB,16.2us,"[0,",1,26.9,normal,0,valid,-15.1dB,-15.2dB,na,na,,,,
2025-07-30 21:14:55.476665,PHY,0x4601,2,,na,"[0,",,,11111,,+30.6dB,15.7us,"[0,",1,26.17,normal,0,valid,-12.2dB,-12.2dB,0.21us,+14.0Hz,,"[6,",,1
2025-07-30 21:14:55.477617,PHY,0x4601,1,0,na,"[0,",0,0,1,1696.4,+18.0dB,19.5us,"[0,",1,26.18,normal,0,valid,-15.1dB,-15.1dB,na,na,,,,
2025-07-30 21:14:55.478082,PHY,0x4601,1,0,na,"[0,",0,0,1,1602.4,+17.8dB,15.3us,"[0,",1,26.19,normal,0,valid,-15.1dB,-15.1dB,na,na,,,,
2025-07-30 21:14:55.482581,PHY,0x4601,1,0,na,"[0,",0,0,1,1214.0,+16.6dB,16.1us,"[0,",1,27.8,normal,0,valid,-15.1dB,-15.2dB,na,na,,,,
2025-07-30 21:14:55.483154,PHY,0x4601,1,0,na,"[0,",0,0,1,1197.0,+16.5dB,15.9us,"[0,",1,27.9,normal,0,valid,-15.1dB,-15.2dB,na,na,,,,
2025-07-30 21:14:55.486716,PHY,0x4601,2,,na,"[0,",,,11111,,+30.4dB,20.8us,"[0,",1,27.17,normal,0,valid,-12.1dB,-12.2dB,0.19us,+73.6Hz,,"[6,",,1
2025-07-30 21:14:55.487632,PHY,0x4601,1,0,na,"[0,",0,0,1,1195.6,+16.5dB,16.8us,"[0,",1,27.18,normal,0,valid,-15.0dB,-15.2dB,na,na,,,,
2025-07-30 21:14:55.488119,PHY,0x4601,1,0,na,"[0,",0,0,1,1187.4,+16.5dB,13.6us,"[0,",1,27.19,normal,0,valid,-15.0dB,-15.1dB,na,na,,,,
2025-07-30 21:14:55.492246,CSI,0x4601,2,,na,"[0,",,,1,,+34.4dB,13.8us,"[0,",1,28.8,normal,0,valid,-12.1dB,-12.1dB,0.20us,-52.8Hz,,"[6,",1111,1
2025-07-30 21:14:55.493096,PHY,0x4601,1,0,na,"[0,",0,0,1,1093.0,+16.1dB,34.0us,"[0,",1,28.9,normal,0,valid,-15.0dB,-15.2dB,na,na,,,,
2025-07-30 21:14:55.496738,PHY,0x4601,2,,na,"[0,",,,11111,,+30.9dB,16.7us,"[0,",1,28.17,normal,0,valid,-12.1dB,-12.1dB,0.22us,-25.9Hz,,"[6,",,1
2025-07-30 21:14:55.497575,PHY,0x4601,1,0,na,"[0,",0,0,1,1589.8,+17.8dB,17.6us,"[0,",1,28.18,normal,0,valid,-15.0dB,-15.1dB,na,na,,,,
2025-07-30 21:14:55.498145,PHY,0x4601,1,0,na,"[0,",0,0,1,1713.6,+18.1dB,15.9us,"[0,",1,28.19,normal,0,valid,-15.0dB,-15.1dB,na,na,,,,
2025-07-30 21:14:55.502640,PHY,0x4601,1,0,na,"[0,",0,0,1,1176.9,+16.5dB,17.3us,"[0,",1,29.8,normal,0,valid,-15.1dB,-15.2dB,na,na,,,,
2025-07-30 21:14:55.503106,PHY,0x4601,1,0,na,"[0,",0,0,1,1224.8,+16.6dB,14.3us,"[0,",1,29.9,normal,0,valid,-15.1dB,-15.1dB,na,na,,,,
2025-07-30 21:14:55.506650,PHY,0x4601,2,,na,"[0,",,,11111,,+29.6dB,13.7us,"[0,",1,29.17,normal,0,valid,-12.0dB,-12.1dB,0.21us,+20.7Hz,,"[6,",,1
2025-07-30 21:14:55.507595,PHY,0x4601,1,0,na,"[0,",0,0,1,1516.7,+17.6dB,16.3us,"[0,",1,29.18,normal,0,valid,-15.0dB,-15.1dB,na,na,,,,
2025-07-30 21:14:55.508071,PHY,0x4601,1,0,na,"[0,",0,0,1,1740.0,+18.1dB,14.2us,"[0,",1,29.19,normal,0,valid,-15.1dB,-15.2dB,na,na,,,,
2025-07-30 21:14:55.512211,CSI,0x4601,2,,na,"[0,",,,1,,+37.8dB,15.0us,"[0,",1,30.8,normal,0,valid,-12.1dB,-12.1dB,0.21us,-40.0Hz,,"[6,",1111,1
2025-07-30 21:14:55.513142,PHY,0x4601,1,0,na,"[0,",0,0,1,1200.3,+16.5dB,23.1us,"[0,",1,30.9,normal,0,valid,-15.0dB,-15.2dB,na,na,,,,
2025-07-30 21:14:55.516700,PHY,0x4601,2,,na,"[0,",,,11111,,+32.9dB,15.0us,"[0,",1,30.17,normal,0,valid,-12.1dB,-12.1dB,0.21us,+19.7Hz,,"[6,",,1
2025-07-30 21:14:55.517628,PHY,0x4601,1,0,na,"[0,",0,0,1,1250.0,+16.7dB,16.5us,"[0,",1,30.18,normal,0,valid,-15.1dB,-15.1dB,na,na,,,,
2025-07-30 21:14:55.518107,PHY,0x4601,1,0,na,"[0,",0,0,1,1246.7,+16.7dB,14.4us,"[0,",1,30.19,normal,0,valid,-15.1dB,-15.2dB,na,na,,,,
2025-07-30 21:14:55.522600,PHY,0x4601,1,0,na,"[0,",0,0,1,1265.8,+16.8dB,16.8us,"[0,",1,31.8,normal,0,valid,-15.1dB,-15.2dB,na,na,,,,
2025-07-30 21:14:55.523062,PHY,0x4601,1,0,na,"[0,",0,0,1,1193.0,+16.5dB,14.3us,"[0,",1,31.9,normal,0,valid,-15.1dB,-15.2dB,na,na,,,,
2025-07-30 21:14:55.526723,PHY,0x4601,2,,na,"[0,",,,11111,,+29.7dB,14.8us,"[0,",1,31.17,normal,0,valid,-12.0dB,-12.1dB,0.20us,+68.3Hz,,"[6,",,1
2025-07-30 21:14:55.527664,PHY,0x4601,1,0,na,"[0,",0,0,1,1188.1,+16.5dB,16.1us,"[0,",1,31.18,normal,0,valid,-15.1dB,-15.2dB,na,na,,,,
2025-07-30 21:14:55.528131,PHY,0x4601,1,0,na,"[0,",0,0,1,1125.8,+16.3dB,14.5us,"[0,",1,31.19,normal,0,valid,-15.1dB,-15.2dB,na,na,,,,
2025-07-30 21:14:55.532251,CSI,0x4601,2,,na,"[0,",,,1,,+32.4dB,12.7us,"[0,",1,32.8,normal,0,valid,-12.0dB,-12.0dB,0.21us,-10.2Hz,,"[6,",1111,1
2025-07-30 21:14:55.533100,PHY,0x4601,1,0,na,"[0,",0,0,1,1524.4,+17.6dB,15.8us,"[0,",1,32.9,normal,0,valid,-15.1dB,-15.1dB,na,na,,,,
2025-07-30 21:14:55.536642,PHY,0x4601,2,,na,"[0,",,,11111,,+29.7dB,15.0us,"[0,",1,32.17,normal,0,valid,-12.2dB,-12.2dB,0.20us,+7.7Hz,,"[6,",,1
2025-07-30 21:14:55.537580,PHY,0x4601,1,0,na,"[0,",0,0,1,1523.6,+17.6dB,16.5us,"[0,",1,32.18,normal,0,valid,-15.1dB,-15.2dB,na,na,,,,
2025-07-30 21:14:55.538167,PHY,0x4601,1,0,na,"[0,",0,0,1,1734.2,+18.1dB,14.2us,"[0,",1,32.19,normal,0,valid,-15.0dB,-15.1dB,na,na,,,,
2025-07-30 21:14:55.542654,PHY,0x4601,1,0,na,"[0,",0,0,1,1330.9,+17.0dB,16.5us,"[0,",1,33.8,normal,0,valid,-15.1dB,-15.2dB,na,na,,,,
2025-07-30 21:14:55.543123,PHY,0x4601,1,0,na,"[0,",0,0,1,1162.2,+16.4dB,14.1us,"[0,",1,33.9,normal,0,valid,-15.1dB,-15.2dB,na,na,,,,
2025-07-30 21:14:55.546678,PHY,0x4601,2,,na,"[0,",,,11111,,+29.7dB,20.9us,"[0,",1,33.17,normal,0,valid,-11.9dB,-12.0dB,0.21us,-16.8Hz,,"[6,",,1
2025-07-30 21:14:55.547614,PHY,0x4601,1,0,na,"[0,",0,0,1,1526.2,+17.6dB,15.5us,"[0,",1,33.18,normal,0,valid,-15.1dB,-15.1dB,na,na,,,,
2025-07-30 21:14:55.548091,PHY,0x4601,1,0,na,"[0,",0,0,1,1506.9,+17.5dB,14.5us,"[0,",1,33.19,normal,0,valid,-15.0dB,-15.1dB,na,na,,,,
2025-07-30 21:14:55.552216,CSI,0x4601,2,,na,"[0,",,,1,,+34.1dB,13.9us,"[0,",1,34.8,normal,0,valid,-12.1dB,-12.1dB,0.22us,-69.7Hz,,"[6,",1111,1
2025-07-30 21:14:55.553160,PHY,0x4601,1,0,na,"[0,",0,0,1,1165.2,+16.4dB,15.5us,"[0,",1,34.9,normal,0,valid,-15.0dB,-15.1dB,na,na,,,,
2025-07-30 21:14:55.556706,PHY,0x4601,2,,na,"[0,",,,11111,,+32.5dB,13.7us,"[0,",1,34.17,normal,0,valid,-12.0dB,-12.0dB,0.22us,-5.7Hz,,"[6,",,1
2025-07-30 21:14:55.557647,PHY,0x4601,1,0,na,"[0,",0,0,1,1167.9,+16.4dB,15.5us,"[0,",1,34.18,normal,0,valid,-15.0dB,-15.1dB,na,na,,,,
2025-07-30 21:14:55.558117,PHY,0x4601,1,0,na,"[0,",0,0,1,1258.5,+16.7dB,14.4us,"[0,",1,34.19,normal,0,valid,-15.0dB,-15.1dB,na,na,,,,
2025-07-30 21:14:55.562609,PHY,0x4601,1,0,na,"[0,",0,0,1,1186.7,+16.5dB,16.1us,"[0,",1,35.8,normal,0,valid,-15.1dB,-15.2dB,na,na,,,,
2025-07-30 21:14:55.563090,PHY,0x4601,1,0,na,"[0,",0,0,1,1213.0,+16.6dB,15.8us,"[0,",1,35.9,normal,0,valid,-15.1dB,-15.2dB,na,na,,,,
2025-07-30 21:14:55.566750,PHY,0x4601,2,,na,"[0,",,,11111,,+29.1dB,21.4us,"[0,",1,35.17,normal,0,valid,-12.0dB,-12.0dB,0.22us,-55.9Hz,,"[6,",,1
2025-07-30 21:14:55.567571,PHY,0x4601,1,0,na,"[0,",0,0,1,1675.2,+18.0dB,16.0us,"[0,",1,35.18,normal,0,valid,-15.1dB,-15.1dB,na,na,,,,
2025-07-30 21:14:55.568162,PHY,0x4601,1,0,na,"[0,",0,0,1,1628.3,+17.8dB,22.1us,"[0,",1,35.19,normal,0,valid,-15.0dB,-15.1dB,na,na,,,,
2025-07-30 21:14:55.572238,CSI,0x4601,2,,na,"[0,",,,1,,+32.3dB,13.2us,"[0,",1,36.8,normal,0,valid,-12.0dB,-12.1dB,0.22us,+43.5Hz,,"[6,",1111,1
2025-07-30 21:14:55.573128,PHY,0x4601,1,0,na,"[0,",0,0,1,1161.4,+16.4dB,23.0us,"[0,",1,36.9,normal,0,valid,-15.1dB,-15.2dB,na,na,,,,
2025-07-30 21:14:55.576664,PHY,0x4601,2,,na,"[0,",,,11111,,+32.5dB,13.4us,"[0,",1,36.17,normal,0,valid,-12.1dB,-12.1dB,0.20us,+47.5Hz,,"[6,",,1
2025-07-30 21:14:55.577603,PHY,0x4601,1,0,na,"[0,",0,0,1,1512.2,+17.5dB,15.9us,"[0,",1,36.18,normal,0,valid,-15.1dB,-15.2dB,na,na,,,,
2025-07-30 21:14:55.578081,PHY,0x4601,1,0,na,"[0,",0,0,1,1635.2,+17.9dB,16.7us,"[0,",1,36.19,normal,0,valid,-15.0dB,-15.1dB,na,na,,,,
2025-07-30 21:14:55.582585,PHY,0x4601,1,0,na,"[0,",0,0,1,1214.8,+16.6dB,29.9us,"[0,",1,37.8,normal,0,valid,-15.1dB,-15.1dB,na,na,,,,
2025-07-30 21:14:55.583145,PHY,0x4601,1,0,na,"[0,",0,0,1,1207.7,+16.5dB,14.6us,"[0,",1,37.9,normal,0,valid,-15.1dB,-15.2dB,na,na,,,,
2025-07-30 21:14:55.586700,PHY,0x4601,2,,na,"[0,",,,11111,,+30.8dB,23.2us,"[0,",1,37.17,normal,0,valid,-12.0dB,-12.0dB,0.22us,+73.6Hz,,"[6,",,1
2025-07-30 21:14:55.587647,PHY,0x4601,1,0,na,"[0,",0,0,1,1197.6,+16.5dB,17.3us,"[0,",1,37.18,normal,0,valid,-15.0dB,-15.1dB,na,na,,,,
2025-07-30 21:14:55.588110,PHY,0x4601,1,0,na,"[0,",0,0,1,1174.3,+16.4dB,18.9us,"[0,",1,37.19,normal,0,valid,-15.0dB,-15.1dB,na,na,,,,
2025-07-30 21:14:55.592267,CSI,0x4601,2,,na,"[0,",,,1,,+33.1dB,13.7us,"[0,",1,38.8,normal,0,valid,-12.1dB,-12.1dB,0.23us,-60.3Hz,,"[6,",1111,1
2025-07-30 21:14:55.593074,PHY,0x4601,1,0,na,"[0,",0,0,1,1187.3,+16.5dB,16.8us,"[0,",1,38.9,normal,0,valid,-15.1dB,-15.2dB,na,na,,,,
2025-07-30 21:14:55.596726,PHY,0x4601,2,,na,"[0,",,,11111,,+30.7dB,14.9us,"[0,",1,38.17,normal,0,valid,-12.0dB,-12.1dB,0.21us,+28.3Hz,,"[6,",,1
2025-07-30 21:14:55.597666,PHY,0x4601,1,0,na,"[0,",0,0,1,1153.7,+16.3dB,16.7us,"[0,",1,38.18,normal,0,valid,-15.1dB,-15.2dB,na,na,,,,
2025-07-30 21:14:55.598136,PHY,0x4601,1,0,na,"[0,",0,0,1,1229.5,+16.7dB,19.3us,"[0,",1,38.19,normal,0,valid,-15.1dB,-15.1dB,na,na,,,,
2025-07-30 21:14:55.602649,PHY,0x4601,1,0,na,"[0,",0,0,1,1196.6,+16.5dB,17.8us,"[0,",1,39.8,normal,0,valid,-15.1dB,-15.2dB,na,na,,,,
2025-07-30 21:14:55.603115,PHY,0x4601,1,0,na,"[0,",0,0,1,1206.0,+16.6dB,15.4us,"[0,",1,39.9,normal,0,valid,-15.1dB,-15.2dB,na,na,,,,
2025-07-30 21:14:55.606661,PHY,0x4601,2,,na,"[0,",,,11111,,+30.7dB,23.6us,"[0,",1,39.17,normal,0,valid,-12.1dB,-12.2dB,0.21us,+151.0Hz,,"[6,",,1
2025-07-30 21:14:55.607598,PHY,0x4601,1,0,na,"[0,",0,0,1,1242.2,+16.7dB,16.7us,"[0,",1,39.18,normal,0,valid,-15.0dB,-15.2dB,na,na,,,,
2025-07-30 21:14:55.608078,PHY,0x4601,1,0,na,"[0,",0,0,1,1188.2,+16.5dB,16.1us,"[0,",1,39.19,normal,0,valid,-15.0dB,-15.1dB,na,na,,,,
2025-07-30 21:14:55.612261,CSI,0x4601,2,,na,"[0,",,,1,,+34.1dB,13.9us,"[0,",1,40.8,normal,0,valid,-12.0dB,-12.0dB,0.22us,-125.5Hz,,"[6,",1111,1
2025-07-30 21:14:55.613147,PHY,0x4601,1,0,na,"[0,",0,0,1,1277.0,+16.8dB,17.8us,"[0,",1,40.9,normal,0,valid,-15.1dB,-15.1dB,na,na,,,,
2025-07-30 21:14:55.616704,PHY,0x4601,2,,na,"[0,",,,11111,,+34.3dB,26.9us,"[0,",1,40.17,normal,0,valid,-12.1dB,-12.2dB,0.20us,-20.7Hz,,"[6,",,1
2025-07-30 21:14:55.617628,PHY,0x4601,1,0,na,"[0,",0,0,1,1241.6,+16.7dB,17.3us,"[0,",1,40.18,normal,0,valid,-15.1dB,-15.2dB,na,na,,,,
2025-07-30 21:14:55.618099,PHY,0x4601,1,0,na,"[0,",0,0,1,1259.3,+16.7dB,16.1us,"[0,",1,40.19,normal,0,valid,-15.0dB,-15.1dB,na,na,,,,
2025-07-30 21:14:55.622584,PHY,0x4601,1,0,na,"[0,",0,0,1,1345.5,+17.0dB,16.9us,"[0,",1,41.8,normal,0,valid,-15.0dB,-15.2dB,na,na,,,,
2025-07-30 21:14:55.623164,PHY,0x4601,1,0,na,"[0,",0,0,1,1223.0,+16.6dB,15.5us,"[0,",1,41.9,normal,0,valid,-15.1dB,-15.2dB,na,na,,,,
2025-07-30 21:14:55.626727,PHY,0x4601,2,,na,"[0,",,,11111,,+32.2dB,18.5us,"[0,",1,41.17,normal,0,valid,-12.0dB,-12.1dB,0.22us,-17.7Hz,,"[6,",,1
2025-07-30 21:14:55.627653,PHY,0x4601,1,0,na,"[0,",0,0,1,1559.7,+17.7dB,18.1us,"[0,",1,41.18,normal,0,valid,-15.1dB,-15.1dB,na,na,,,,
2025-07-30 21:14:55.628144,PHY,0x4601,1,0,na,"[0,",0,0,1,1573.6,+17.7dB,19.4us,"[0,",1,41.19,normal,0,valid,-15.1dB,-15.1dB,na,na,,,,
2025-07-30 21:14:55.632211,CSI,0x4601,2,,na,"[0,",,,1,,+35.3dB,14.0us,"[0,",1,42.8,normal,0,valid,-12.0dB,-12.0dB,0.20us,-46.8Hz,,"[6,",1111,1
2025-07-30 21:14:55.633096,PHY,0x4601,1,0,na,"[0,",0,0,1,1216.3,+16.6dB,16.2us,"[0,",1,42.9,normal,0,valid,-15.1dB,-15.2dB,na,na,,,,
2025-07-30 21:14:55.636769,PHY,0x4601,2,,na,"[0,",,,11111,,+28.7dB,17.2us,"[0,",1,42.17,normal,0,valid,-11.9dB,-12.0dB,0.21us,-1.3Hz,,"[6,",,1
2025-07-30 21:14:55.637574,PHY,0x4601,1,0,na,"[0,",0,0,1,1581.8,+17.7dB,16.1us,"[0,",1,42.18,normal,0,valid,-15.0dB,-15.1dB,na,na,,,,
2025-07-30 21:14:55.638158,PHY,0x4601,1,0,na,"[0,",0,0,1,1659.3,+17.9dB,14.4us,"[0,",1,42.19,normal,0,valid,-15.0dB,-15.1dB,na,na,,,,
2025-07-30 21:14:55.642652,PHY,0x4601,1,0,na,"[0,",0,0,1,1179.1,+16.5dB,17.8us,"[0,",1,43.8,normal,0,valid,-15.1dB,-15.2dB,na,na,,,,
2025-07-30 21:14:55.643119,PHY,0x4601,1,0,na,"[0,",0,0,1,1204.4,+16.6dB,13.6us,"[0,",1,43.9,normal,0,valid,-15.1dB,-15.2dB,na,na,,,,
2025-07-30 21:14:55.646669,PHY,0x4601,2,,na,"[0,",,,11111,,+31.0dB,14.0us,"[0,",1,43.17,normal,0,valid,-12.0dB,-12.0dB,0.19us,+46.5Hz,,"[6,",,1
2025-07-30 21:14:55.647616,PHY,0x4601,1,0,na,"[0,",0,0,1,1668.7,+18.0dB,25.0us,"[0,",1,43.18,normal,0,valid,-15.0dB,-15.1dB,na,na,,,,
2025-07-30 21:14:55.648083,PHY,0x4601,1,0,na,"[0,",0,0,1,1487.2,+17.4dB,16.0us,"[0,",1,43.19,normal,0,valid,-15.0dB,-15.1dB,na,na,,,,
2025-07-30 21:14:55.652222,CSI,0x4601,2,,na,"[0,",,,1,,+31.3dB,13.1us,"[0,",1,44.8,normal,0,valid,-11.9dB,-12.0dB,0.22us,-41.2Hz,,"[6,",1111,1
2025-07-30 21:14:55.653157,PHY,0x4601,1,0,na,"[0,",0,0,1,1156.6,+16.4dB,17.2us,"[0,",1,44.9,normal,0,valid,-15.0dB,-15.1dB,na,na,,,,
2025-07-30 21:14:55.656715,PHY,0x4601,2,,na,"[0,",,,11111,,+29.8dB,21.2us,"[0,",1,44.17,normal,0,valid,-12.0dB,-12.0dB,0.18us,-82.9Hz,,"[6,",,1
2025-07-30 21:14:55.657638,PHY,0x4601,1,0,na,"[0,",0,0,1,1623.7,+17.9dB,16.4us,"[0,",1,44.18,normal,0,valid,-15.0dB,-15.1dB,na,na,,,,
2025-07-30 21:14:55.658116,PHY,0x4601,1,0,na,"[0,",0,0,1,1559.0,+17.7dB,13.7us,"[0,",1,44.19,normal,0,valid,-15.0dB,-15.1dB,na,na,,,,
2025-07-30 21:14:55.662605,PHY,0x4601,1,0,na,"[0,",0,0,1,1349.1,+17.0dB,16.1us,"[0,",1,45.8,normal,0,valid,-15.1dB,-15.2dB,na,na,,,,
2025-07-30 21:14:55.663074,PHY,0x4601,1,0,na,"[0,",0,0,1,1213.3,+16.6dB,14.2us,"[0,",1,45.9,normal,0,valid,-15.1dB,-15.2dB,na,na,,,,
2025-07-30 21:14:55.666744,PHY,0x4601,2,,na,"[0,",,,11111,,+31.7dB,18.1us,"[0,",1,45.17,normal,0,valid,-12.0dB,-12.0dB,0.21us,-127.9Hz,,"[6,",,1
2025-07-30 21:14:55.667565,PHY,0x4601,1,0,na,"[0,",0,0,1,1598.1,+17.8dB,15.8us,"[0,",1,45.18,normal,0,valid,-15.1dB,-15.1dB,na,na,,,,
2025-07-30 21:14:55.668142,PHY,0x4601,1,0,na,"[0,",0,0,1,1645.0,+17.9dB,13.9us,"[0,",1,45.19,normal,0,valid,-15.0dB,-15.1dB,na,na,,,,
2025-07-30 21:14:55.672243,CSI,0x4601,2,,na,"[0,",,,1,,+30.5dB,13.8us,"[0,",1,46.8,normal,0,valid,-12.1dB,-12.1dB,0.20us,+149.8Hz,,"[6,",1111,1
2025-07-30 21:14:55.673112,PHY,0x4601,1,0,na,"[0,",0,0,1,1725.7,+18.1dB,15.8us,"[0,",1,46.9,normal,0,valid,-15.0dB,-15.1dB,na,na,,,,
2025-07-30 21:14:55.676650,PHY,0x4601,2,,na,"[0,",,,11111,,+31.9dB,13.5us,"[0,",1,46.17,normal,0,valid,-12.0dB,-12.1dB,0.20us,-61.4Hz,,"[6,",,1
2025-07-30 21:14:55.677597,PHY,0x4601,1,0,na,"[0,",0,0,1,1191.4,+16.5dB,16.4us,"[0,",1,46.18,normal,0,valid,-15.1dB,-15.2dB,na,na,,,,
2025-07-30 21:14:55.678078,PHY,0x4601,1,0,na,"[0,",0,0,1,1200.6,+16.6dB,14.8us,"[0,",1,46.19,normal,0,valid,-15.1dB,-15.2dB,na,na,,,,
2025-07-30 21:14:55.682669,PHY,0x4601,1,0,na,"[0,",0,0,1,1209.7,+16.6dB,16.1us,"[0,",1,47.8,normal,0,valid,-15.1dB,-15.1dB,na,na,,,,
2025-07-30 21:14:55.683135,PHY,0x4601,1,0,na,"[0,",0,0,1,1304.8,+16.9dB,19.5us,"[0,",1,47.9,normal,0,valid,-15.1dB,-15.2dB,na,na,,,,
2025-07-30 21:14:55.686695,PHY,0x4601,2,,na,"[0,",,,11111,,+29.4dB,15.3us,"[0,",1,47.17,normal,0,valid,-12.0dB,-12.0dB,0.20us,+34.0Hz,,"[6,",,1
2025-07-30 21:14:55.687649,PHY,0x4601,1,0,na,"[0,",0,0,1,1158.9,+16.4dB,17.2us,"[0,",1,47.18,normal,0,valid,-15.1dB,-15.2dB,na,na,,,,
2025-07-30 21:14:55.688103,PHY,0x4601,1,0,na,"[0,",0,0,1,1230.8,+16.7dB,14.6us,"[0,",1,47.19,normal,0,valid,-15.0dB,-15.1dB,na,na,,,,
2025-07-30 21:14:55.692230,CSI,0x4601,2,,na,"[0,",,,1,,+34.2dB,11.6us,"[0,",1,48.8,normal,0,valid,-12.1dB,-12.1dB,0.24us,-164.3Hz,,"[6,",1111,1
2025-07-30 21:14:55.693067,PHY,0x4601,1,0,na,"[0,",0,0,1,1215.5,+16.6dB,15.9us,"[0,",1,48.9,normal,0,valid,-15.1dB,-15.2dB,na,na,,,,
2025-07-30 21:14:55.696730,PHY,0x4601,2,,na,"[0,",,,11111,,+32.8dB,13.7us,"[0,",1,48.17,normal,0,valid,-12.1dB,-12.1dB,0.20us,-15.0Hz,,"[6,",,1
2025-07-30 21:14:55.697665,PHY,0x4601,1,0,na,"[0,",0,0,1,1180.7,+16.4dB,16.0us,"[0,",1,48.18,normal,0,valid,-15.1dB,-15.2dB,na,na,,,,
2025-07-30 21:14:55.698137,PHY,0x4601,1,0,na,"[0,",0,0,1,1179.1,+16.4dB,15.0us,"[0,",1,48.19,normal,0,valid,-15.0dB,-15.1dB,na,na,,,,
2025-07-30 21:14:55.702623,PHY,0x4601,1,0,na,"[0,",0,0,1,1116.0,+16.2dB,16.1us,"[0,",1,49.8,normal,0,valid,-15.1dB,-15.2dB,na,na,,,,
2025-07-30 21:14:55.703101,PHY,0x4601,1,0,na,"[0,",0,0,1,1226.5,+16.6dB,21.6us,"[0,",1,49.9,normal,0,valid,-15.1dB,-15.2dB,na,na,,,,
2025-07-30 21:14:55.706637,PHY,0x4601,2,,na,"[0,",,,11111,,+32.2dB,14.5us,"[0,",1,49.17,normal,0,valid,-12.1dB,-12.1dB,0.21us,-95.7Hz,,"[6,",,1
2025-07-30 21:14:55.707581,PHY,0x4601,1,0,na,"[0,",0,0,1,1632.2,+17.9dB,15.6us,"[0,",1,49.18,normal,0,valid,-15.1dB,-15.1dB,na,na,,,,
2025-07-30 21:14:55.708168,PHY,0x4601,1,0,na,"[0,",0,0,1,1584.1,+17.7dB,18.5us,"[0,",1,49.19,normal,0,valid,-15.1dB,-15.2dB,na,na,,,,
2025-07-30 21:14:55.712214,CSI,0x4601,2,,na,"[0,",,,1,,+29.9dB,15.2us,"[0,",1,50.8,normal,0,valid,-12.0dB,-12.0dB,0.21us,+10.1Hz,,"[6,",1111,1
2025-07-30 21:14:55.713126,PHY,0x4601,1,0,na,"[0,",0,0,1,1663.0,+18.0dB,15.2us,"[0,",1,50.9,normal,0,valid,-15.1dB,-15.1dB,na,na,,,,
2025-07-30 21:14:55.716671,PHY,0x4601,2,,na,"[0,",,,11111,,+31.0dB,15.5us,"[0,",1,50.17,normal,0,valid,-12.1dB,-12.2dB,0.21us,+48.8Hz,,"[6,",,1
2025-07-30 21:14:55.717613,PHY,0x4601,1,0,na,"[0,",0,0,1,1570.1,+17.7dB,18.2us,"[0,",1,50.18,normal,0,valid,-15.0dB,-15.1dB,na,na,,,,
2025-07-30 21:14:55.718092,PHY,0x4601,1,0,na,"[0,",0,0,1,1596.6,+17.8dB,14.4us,"[0,",1,50.19,normal,0,valid,-15.0dB,-15.1dB,na,na,,,,
2025-07-30 21:14:55.722574,PHY,0x4601,1,0,na,"[0,",0,0,1,1192.2,+16.5dB,15.7us,"[0,",1,51.8,normal,0,valid,-15.1dB,-15.2dB,na,na,,,,
2025-07-30 21:14:55.723155,PHY,0x4601,1,0,na,"[0,",0,0,1,1222.8,+16.6dB,14.2us,"[0,",1,51.9,normal,0,valid,-15.1dB,-15.2dB,na,na,,,,
2025-07-30 21:14:55.726716,PHY,0x4601,2,,na,"[0,",,,11111,,+32.1dB,14.8us,"[0,",1,51.17,normal,0,valid,-12.0dB,-12.0dB,0.21us,+165.4Hz,,"[6,",,1
2025-07-30 21:14:55.727647,PHY,0x4601,1,0,na,"[0,",0,0,1,1556.5,+17.7dB,15.5us,"[0,",1,51.18,normal,0,valid,-15.0dB,-15.1dB,na,na,,,,
2025-07-30 21:14:55.728121,PHY,0x4601,1,0,na,"[0,",0,0,1,1681.3,+18.0dB,13.9us,"[0,",1,51.19,normal,0,valid,-15.0dB,-15.1dB,na,na,,,,
2025-07-30 21:14:55.732209,CSI,0x4601,2,,na,"[0,",,,1,,+30.3dB,13.8us,"[0,",1,52.8,normal,0,valid,-11.9dB,-12.0dB,0.21us,-63.2Hz,,"[6,",1111,1
2025-07-30 21:14:55.733086,PHY,0x4601,1,0,na,"[0,",0,0,1,1573.1,+17.7dB,16.4us,"[0,",1,52.9,normal,0,valid,-15.0dB,-15.1dB,na,na,,,,
2025-07-30 21:14:55.736739,PHY,0x4601,2,,na,"[0,",,,11111,,+29.2dB,13.5us,"[0,",1,52.17,normal,0,valid,-12.0dB,-12.0dB,0.22us,-43.9Hz,,"[6,",,1
2025-07-30 21:14:55.737571,PHY,0x4601,1,0,na,"[0,",0,0,1,1208.7,+16.6dB,17.2us,"[0,",1,52.18,normal,0,valid,-15.0dB,-15.1dB,na,na,,,,
2025-07-30 21:14:55.738150,PHY,0x4601,1,0,na,"[0,",0,0,1,1163.4,+16.4dB,14.1us,"[0,",1,52.19,normal,0,valid,-15.1dB,-15.2dB,na,na,,,,
2025-07-30 21:14:55.742639,PHY,0x4601,1,0,na,"[0,",0,0,1,1226.9,+16.6dB,15.3us,"[0,",1,53.8,normal,0,valid,-15.1dB,-15.2dB,na,na,,,,
2025-07-30 21:14:55.743120,PHY,0x4601,1,0,na,"[0,",0,0,1,1167.2,+16.4dB,23.1us,"[0,",1,53.9,normal,0,valid,-15.1dB,-15.2dB,na,na,,,,
2025-07-30 21:14:55.746658,PHY,0x4601,2,,na,"[0,",,,11111,,+30.1dB,14.2us,"[0,",1,53.17,normal,0,valid,-12.1dB,-12.1dB,0.20us,+25.7Hz,,"[6,",,1
2025-07-30 21:14:55.747604,PHY,0x4601,1,0,na,"[0,",0,0,1,1257.5,+16.7dB,15.5us,"[0,",1,53.18,normal,0,valid,-15.1dB,-15.2dB,na,na,,,,
2025-07-30 21:14:55.748079,PHY,0x4601,1,0,na,"[0,",0,0,1,1198.8,+16.6dB,18.5us,"[0,",1,53.19,normal,0,valid,-15.1dB,-15.1dB,na,na,,,,
2025-07-30 21:14:55.752209,CSI,0x4601,2,,na,"[0,",,,1,,+33.2dB,14.5us,"[0,",1,54.8,normal,0,valid,-11.9dB,-12.0dB,0.22us,+2.0Hz,,"[6,",1111,1
2025-07-30 21:14:55.753145,PHY,0x4601,1,0,na,"[0,",0,0,1,1583.2,+17.8dB,17.4us,"[0,",1,54.9,normal,0,valid,-15.1dB,-15.1dB,na,na,,,,
2025-07-30 21:14:55.756722,PHY,0x4601,2,,na,"[0,",,,11111,,+29.5dB,15.8us,"[0,",1,54.17,normal,0,valid,-12.1dB,-12.1dB,0.22us,-83.3Hz,,"[6,",,1
2025-07-30 21:14:55.757632,PHY,0x4601,1,0,na,"[0,",0,0,1,1195.9,+16.5dB,16.8us,"[0,",1,54.18,normal,0,valid,-15.0dB,-15.1dB,na,na,,,,
2025-07-30 21:14:55.758109,PHY,0x4601,1,0,na,"[0,",0,0,1,1267.6,+16.8dB,18.7us,"[0,",1,54.19,normal,0,valid,-15.1dB,-15.2dB,na,na,,,,
2025-07-30 21:14:55.762611,PHY,0x4601,1,0,na,"[0,",0,0,1,1273.4,+16.8dB,25.7us,"[0,",1,55.8,normal,0,valid,-15.1dB,-15.2dB,na,na,,,,
2025-07-30 21:14:55.763075,PHY,0x4601,1,0,na,"[0,",0,0,1,1106.1,+16.2dB,15.7us,"[0,",1,55.9,normal,0,valid,-15.1dB,-15.2dB,na,na,,,,
2025-07-30 21:14:55.766747,PHY,0x4601,2,,na,"[0,",,,11111,,+29.6dB,20.6us,"[0,",1,55.17,normal,0,valid,-12.0dB,-12.0dB,0.20us,+27.0Hz,,"[6,",,1
2025-07-30 21:14:55.767664,PHY,0x4601,1,0,na,"[0,",0,0,1,1630.3,+17.9dB,16.1us,"[0,",1,55.18,normal,0,valid,-15.0dB,-15.1dB,na,na,,,,
2025-07-30 21:14:55.768133,PHY,0x4601,1,0,na,"[0,",0,0,1,1625.8,+17.8dB,13.6us,"[0,",1,55.19,normal,0,valid,-15.1dB,-15.1dB,na,na,,,,
2025-07-30 21:14:55.772234,CSI,0x4601,2,,na,"[0,",,,1,,+29.2dB,14.1us,"[0,",1,56.8,normal,0,valid,-12.0dB,-12.1dB,0.24us,+24.1Hz,,"[6,",1111,1
2025-07-30 21:14:55.773103,PHY,0x4601,1,0,na,"[0,",0,0,1,1122.7,+16.2dB,15.4us,"[0,",1,56.9,normal,0,valid,-15.1dB,-15.2dB,na,na,,,,
2025-07-30 21:14:55.776639,PHY,0x4601,2,,na,"[0,",,,11111,,+29.6dB,13.2us,"[0,",1,56.17,normal,0,valid,-12.0dB,-12.0dB,0.20us,+90.6Hz,,"[6,",,1
2025-07-30 21:14:55.777588,PHY,0x4601,1,0,na,"[0,",0,0,1,1653.2,+17.9dB,15.4us,"[0,",1,56.18,normal,0,valid,-15.0dB,-15.2dB,na,na,,,,
2025-07-30 21:14:55.778062,PHY,0x4601,1,0,na,"[0,",0,0,1,1708.5,+18.1dB,14.7us,"[0,",1,56.19,normal,0,valid,-15.1dB,-15.1dB,na,na,,,,
2025-07-30 21:14:55.782672,PHY,0x4601,1,0,na,"[0,",0,0,1,1224.2,+16.6dB,21.9us,"[0,",1,57.8,normal,0,valid,-15.1dB,-15.2dB,na,na,,,,
2025-07-30 21:14:55.783131,PHY,0x4601,1,0,na,"[0,",0,0,1,1075.8,+16.0dB,13.4us,"[0,",1,57.9,normal,0,valid,-15.1dB,-15.2dB,na,na,,,,
2025-07-30 21:14:55.786679,PHY,0x4601,2,,na,"[0,",,,11111,,+30.2dB,13.6us,"[0,",1,57.17,normal,0,valid,-11.9dB,-12.0dB,0.21us,+67.9Hz,,"[6,",,1
2025-07-30 21:14:55.787619,PHY,0x4601,1,0,na,"[0,",0,0,1,1204.1,+16.5dB,14.9us,"[0,",1,57.18,normal,0,valid,-15.0dB,-15.1dB,na,na,,,,
2025-07-30 21:14:55.788093,PHY,0x4601,1,0,na,"[0,",0,0,1,1108.6,+16.2dB,13.8us,"[0,",1,57.19,normal,0,valid,-15.0dB,-15.1dB,na,na,,,,
2025-07-30 21:14:55.792224,CSI,0x4601,2,,na,"[0,",,,1,,+31.5dB,11.8us,"[0,",1,58.8,normal,0,valid,-12.1dB,-12.1dB,0.19us,-69.9Hz,,"[6,",1111,1
2025-07-30 21:14:55.793163,PHY,0x4601,1,0,na,"[0,",0,0,1,1194.8,+16.5dB,14.7us,"[0,",1,58.9,normal,0,valid,-15.1dB,-15.1dB,na,na,,,,
2025-07-30 21:14:55.796737,PHY,0x4601,2,,na,"[0,",,,11111,,+29.1dB,12.6us,"[0,",1,58.17,normal,0,valid,-12.0dB,-12.0dB,0.21us,-8.5Hz,,"[6,",,1
2025-07-30 21:14:55.797650,PHY,0x4601,1,0,na,"[0,",0,0,1,1182.6,+16.5dB,15.3us,"[0,",1,58.18,normal,0,valid,-15.0dB,-15.1dB,na,na,,,,
2025-07-30 21:14:55.798128,PHY,0x4601,1,0,na,"[0,",0,0,1,1223.5,+16.6dB,13.7us,"[0,",1,58.19,normal,0,valid,-15.0dB,-15.1dB,na,na,,,,
2025-07-30 21:14:55.802612,PHY,0x4601,1,0,na,"[0,",0,0,1,1210.6,+16.6dB,15.2us,"[0,",1,59.8,normal,0,valid,-15.1dB,-15.2dB,na,na,,,,
2025-07-30 21:14:55.803087,PHY,0x4601,1,0,na,"[0,",0,0,1,1208.8,+16.6dB,13.7us,"[0,",1,59.9,normal,0,valid,-15.1dB,-15.2dB,na,na,,,,
2025-07-30 21:14:55.806746,PHY,0x4601,2,,na,"[0,",,,11111,,+27.8dB,13.0us,"[0,",1,59.17,normal,0,valid,-12.1dB,-12.2dB,0.20us,+55.2Hz,,"[6,",,1
2025-07-30 21:14:55.807577,PHY,0x4601,1,0,na,"[0,",0,0,1,1157.1,+16.4dB,20.4us,"[0,",1,59.18,normal,0,valid,-15.0dB,-15.1dB,na,na,,,,
2025-07-30 21:14:55.808155,PHY,0x4601,1,0,na,"[0,",0,0,1,1209.2,+16.5dB,13.7us,"[0,",1,59.19,normal,0,valid,-15.0dB,-15.1dB,na,na,,,,
2025-07-30 21:14:55.812181,CSI,0x4601,2,,na,"[0,",,,1,,+28.6dB,11.4us,"[0,",1,60.8,normal,0,valid,-11.9dB,-12.0dB,0.22us,-128.0Hz,,"[6,",1111,1
2025-07-30 21:14:55.813122,PHY,0x4601,1,0,na,"[0,",0,0,1,1631.4,+17.9dB,17.8us,"[0,",1,60.9,normal,0,valid,-15.0dB,-15.1dB,na,na,,,,
2025-07-30 21:14:55.816665,PHY,0x4601,2,,na,"[0,",,,11111,,+31.9dB,14.4us,"[0,",1,60.17,normal,0,valid,-12.1dB,-12.1dB,0.23us,+100.8Hz,,"[6,",,1
2025-07-30 21:14:55.817607,PHY,0x4601,1,0,na,"[0,",0,0,1,1139.2,+16.3dB,15.7us,"[0,",1,60.18,normal,0,valid,-15.1dB,-15.2dB,na,na,,,,
2025-07-30 21:14:55.818093,PHY,0x4601,1,0,na,"[0,",0,0,1,1237.6,+16.7dB,22.7us,"[0,",1,60.19,normal,0,valid,-15.1dB,-15.2dB,na,na,,,,
2025-07-30 21:14:55.822580,PHY,0x4601,1,0,na,"[0,",0,0,1,1219.7,+16.6dB,20.5us,"[0,",1,61.8,normal,0,valid,-15.1dB,-15.2dB,na,na,,,,
2025-07-30 21:14:55.823152,PHY,0x4601,1,0,na,"[0,",0,0,1,1201.2,+16.5dB,14.3us,"[0,",1,61.9,normal,0,valid,-15.1dB,-15.2dB,na,na,,,,
2025-07-30 21:14:55.826712,PHY,0x4601,2,,na,"[0,",,,11111,,+32.7dB,15.3us,"[0,",1,61.17,normal,0,valid,-12.0dB,-12.1dB,0.22us,+2.3Hz,,"[6,",,1
2025-07-30 21:14:55.827632,PHY,0x4601,1,0,na,"[0,",0,0,1,1197.2,+16.5dB,15.5us,"[0,",1,61.18,normal,0,valid,-15.1dB,-15.2dB,na,na,,,,
2025-07-30 21:14:55.828117,PHY,0x4601,1,0,na,"[0,",0,0,1,1247.2,+16.7dB,13.9us,"[0,",1,61.19,normal,0,valid,-15.0dB,-15.1dB,na,na,,,,
2025-07-30 21:14:55.832242,CSI,0x4601,2,,na,"[0,",,,1,,+30.3dB,12.2us,"[0,",1,62.8,normal,0,valid,-12.0dB,-12.0dB,0.22us,-33.9Hz,,"[6,",1111,1
2025-07-30 21:14:55.833074,PHY,0x4601,1,0,na,"[0,",0,0,1,1173.6,+16.4dB,14.9us,"[0,",1,62.9,normal,0,valid,-15.1dB,-15.2dB,na,na,,,,
2025-07-30 21:14:55.836726,PHY,0x4601,2,,na,"[0,",,,11111,,+30.9dB,13.1us,"[0,",1,62.17,normal,0,valid,-12.1dB,-12.1dB,0.22us,+17.0Hz,,"[6,",,1
2025-07-30 21:14:55.837569,PHY,0x4601,1,0,na,"[0,",0,0,1,1240.1,+16.7dB,21.1us,"[0,",1,62.18,normal,0,valid,-15.0dB,-15.1dB,na,na,,,,
2025-07-30 21:14:55.838142,PHY,0x4601,1,0,na,"[0,",0,0,1,1164.6,+16.4dB,13.7us,"[0,",1,62.19,normal,0,valid,-15.1dB,-15.2dB,na,na,,,,
2025-07-30 21:14:55.842633,PHY,0x4601,1,0,na,"[0,",0,0,1,1185.7,+16.5dB,15.8us,"[0,",1,63.8,normal,0,valid,-15.1dB,-15.2dB,na,na,,,,
2025-07-30 21:14:55.843103,PHY,0x4601,1,0,na,"[0,",0,0,1,1236.7,+16.7dB,15.1us,"[0,",1,63.9,normal,0,valid,-15.1dB,-15.2dB,na,na,,,,
2025-07-30 21:14:55.846652,PHY,0x4601,2,,na,"[0,",,,11111,,+30.7dB,14.8us,"[0,",1,63.17,normal,0,valid,-12.0dB,-12.0dB,0.21us,+14.1Hz,,"[6,",,1
2025-07-30 21:14:55.847596,PHY,0x4601,1,0,na,"[0,",0,0,1,1245.2,+16.7dB,16.4us,"[0,",1,63.18,normal,0,valid,-15.1dB,-15.2dB,na,na,,,,
2025-07-30 21:14:55.848072,PHY,0x4601,1,0,na,"[0,",0,0,1,1108.3,+16.2dB,16.0us,"[0,",1,63.19,normal,0,valid,-15.0dB,-15.1dB,na,na,,,,
2025-07-30 21:14:55.852236,CSI,0x4601,2,,na,"[0,",,,1,,+30.7dB,14.4us,"[0,",1,64.8,normal,0,valid,-12.0dB,-12.0dB,0.23us,-68.1Hz,,"[6,",1111,1
2025-07-30 21:14:55.853133,PHY,0x4601,1,0,na,"[0,",0,0,1,1084.6,+16.1dB,15.3us,"[0,",1,64.9,normal,0,valid,-15.0dB,-15.1dB,na,na,,,,
2025-07-30 21:14:55.856691,PHY,0x4601,2,,na,"[0,",,,11111,,+29.3dB,24.7us,"[0,",1,64.17,normal,0,valid,-12.1dB,-12.1dB,0.19us,-26.8Hz,,"[6,",,1
2025-07-30 21:14:55.857626,PHY,0x4601,1,0,na,"[0,",0,0,1,1186.0,+16.4dB,15.7us,"[0,",1,64.18,normal,0,valid,-15.1dB,-15.2dB,na,na,,,,
2025-07-30 21:14:55.858103,PHY,0x4601,1,0,na,"[0,",0,0,1,1146.0,+16.4dB,14.3us,"[0,",1,64.19,normal,0,valid,-15.0dB,-15.1dB,na,na,,,,
2025-07-30 21:14:55.862596,PHY,0x4601,1,0,na,"[0,",0,0,1,1162.5,+16.4dB,15.4us,"[0,",1,65.8,normal,0,valid,-15.1dB,-15.2dB,na,na,,,,
2025-07-30 21:14:55.863063,PHY,0x4601,1,0,na,"[0,",0,0,1,1177.1,+16.5dB,15.6us,"[0,",1,65.9,normal,0,valid,-15.1dB,-15.2dB,na,na,,,,
2025-07-30 21:14:55.866715,PHY,0x4601,2,,na,"[0,",,,11111,,+31.1dB,14.9us,"[0,",1,65.17,normal,0,valid,-12.1dB,-12.1dB,0.21us,-5.5Hz,,"[6,",,1
2025-07-30 21:14:55.867660,PHY,0x4601,1,0,na,"[0,",0,0,1,1608.2,+17.8dB,17.1us,"[0,",1,65.18,normal,0,valid,-15.0dB,-15.1dB,na,na,,,,
2025-07-30 21:14:55.868137,PHY,0x4601,1,0,na,"[0,",0,0,1,1564.6,+17.7dB,15.2us,"[0,",1,65.19,normal,0,valid,-15.1dB,-15.1dB,na,na,,,,
2025-07-30 21:14:55.872241,CSI,0x4601,2,,na,"[0,",,,1,,+31.5dB,11.7us,"[0,",1,66.8,normal,0,valid,-12.0dB,-12.0dB,0.21us,-97.6Hz,,"[6,",1111,1
2025-07-30 21:14:55.873097,PHY,0x4601,1,0,na,"[0,",0,0,1,1247.0,+16.7dB,16.6us,"[0,",1,66.9,normal,0,valid,-15.0dB,-15.1dB,na,na,,,,
2025-07-30 21:14:55.876644,PHY,0x4601,2,,na,"[0,",,,11111,,+27.3dB,13.8us,"[0,",1,66.17,normal,0,valid,-12.1dB,-12.2dB,0.22us,-19.0Hz,,"[6,",,1
2025-07-30 21:14:55.877589,PHY,0x4601,1,0,na,"[0,",0,0,1,1673.0,+18.0dB,21.8us,"[0,",1,66.18,normal,0,valid,-15.0dB,-15.1dB,na,na,,,,
2025-07-30 21:14:55.878163,PHY,0x4601,1,0,na,"[0,",0,0,1,1577.2,+17.7dB,14.6us,"[0,",1,66.19,normal,0,valid,-15.0dB,-15.1dB,na,na,,,,
2025-07-30 21:14:55.882656,PHY,0x4601,1,0,na,"[0,",0,0,1,1166.5,+16.4dB,17.7us,"[0,",1,67.8,normal,0,valid,-15.1dB,-15.2dB,na,na,,,,
2025-07-30 21:14:55.883126,PHY,0x4601,1,0,na,"[0,",0,0,1,1089.2,+16.1dB,15.3us,"[0,",1,67.9,normal,0,valid,-15.1dB,-15.2dB,na,na,,,,
2025-07-30 21:14:55.886669,PHY,0x4601,2,,na,"[0,",,,11111,,+32.3dB,14.2us,"[0,",1,67.17,normal,0,valid,-12.1dB,-12.2dB,0.18us,-41.7Hz,,"[6,",,1
2025-07-30 21:14:55.887624,PHY,0x4601,1,0,na,"[0,",0,0,1,1188.6,+16.5dB,22.7us,"[0,",1,67.18,normal,0,valid,-15.0dB,-15.1dB,na,na,,,,
2025-07-30 21:14:55.888091,PHY,0x4601,1,0,na,"[0,",0,0,1,1150.4,+16.4dB,13.6us,"[0,",1,67.19,normal,0,valid,-15.1dB,-15.2dB,na,na,,,,
2025-07-30 21:14:55.892220,CSI,0x4601,2,,na,"[0,",,,1,,+28.3dB,12.3us,"[0,",1,68.8,normal,0,valid,-12.1dB,-12.1dB,0.24us,+116.6Hz,,"[6,",1111,1
2025-07-30 21:14:55.893160,PHY,0x4601,1,0,na,"[0,",0,0,1,1130.7,+16.3dB,16.3us,"[0,",1,68.9,normal,0,valid,-15.1dB,-15.2dB,na,na,,,,
2025-07-30 21:14:55.896706,PHY,0x4601,2,,na,"[0,",,,11111,,+31.1dB,12.6us,"[0,",1,68.17,normal,0,valid,-12.1dB,-12.1dB,0.22us,-11.5Hz,,"[6,",,1
2025-07-30 21:14:55.897643,PHY,0x4601,1,0,na,"[0,",0,0,1,1570.5,+17.7dB,15.2us,"[0,",1,68.18,normal,0,valid,-15.1dB,-15.1dB,na,na,,,,
2025-07-30 21:14:55.898120,PHY,0x4601,1,0,na,"[0,",0,0,1,1477.1,+17.4dB,13.6us,"[0,",1,68.19,normal,0,valid,-15.0dB,-15.1dB,na,na,,,,
2025-07-30 21:14:55.902609,PHY,0x4601,1,0,na,"[0,",0,0,1,1222.2,+16.6dB,15.8us,"[0,",1,69.8,normal,0,valid,-15.1dB,-15.2dB,na,na,,,,
2025-07-30 21:14:55.903084,PHY,0x4601,1,0,na,"[0,",0,0,1,1205.2,+16.6dB,20.7us,"[0,",1,69.9,normal,0,valid,-15.1dB,-15.2dB,na,na,,,,
2025-07-30 21:14:55.906738,PHY,0x4601,2,,na,"[0,",,,11111,,+32.5dB,14.4us,"[0,",1,69.17,normal,0,valid,-12.1dB,-12.1dB,0.21us,+134.6Hz,,"[6,",,1
2025-07-30 21:14:55.907572,PHY,0x4601,1,0,na,"[0,",0,0,1,1820.5,+18.4dB,15.1us,"[0,",1,69.18,normal,0,valid,-15.1dB,-15.1dB,na,na,,,,
2025-07-30 21:14:55.908156,PHY,0x4601,1,0,na,"[0,",0,0,1,1583.4,+17.8dB,14.1us,"[0,",1,69.19,normal,0,valid,-15.0dB,-15.1dB,na,na,,,,
2025-07-30 21:14:55.912234,CSI,0x4601,2,,na,"[0,",,,1,,+29.9dB,10.4us,"[0,",1,70.8,normal,0,valid,-12.0dB,-12.0dB,0.22us,+31.6Hz,,"[6,",1111,1
2025-07-30 21:14:55.913113,PHY,0x4601,1,0,na,"[0,",0,0,1,1189.6,+16.5dB,15.7us,"[0,",1,70.9,normal,0,valid,-15.1dB,-15.1dB,na,na,,,,
2025-07-30 21:14:55.916659,PHY,0x4601,2,,na,"[0,",,,11111,,+30.0dB,13.3us,"[0,",1,70.17,normal,0,valid,-12.2dB,-12.3dB,0.23us,-16.1Hz,,"[6,",,1
2025-07-30 21:14:55.917599,PHY,0x4601,1,0,na,"[0,",0,0,1,1194.2,+16.5dB,14.9us,"[0,",1,70.18,normal,0,valid,-15.0dB,-15.1dB,na,na,,,,
2025-07-30 21:14:55.918077,PHY,0x4601,1,0,na,"[0,",0,0,1,1270.3,+16.8dB,13.2us,"[0,",1,70.19,normal,0,valid,-15.1dB,-15.2dB,na,na,,,,
2025-07-30 21:14:55.922564,PHY,0x4601,1,0,na,"[0,",0,0,1,1222.7,+16.6dB,15.8us,"[0,",1,71.8,normal,0,valid,-15.1dB,-15.2dB,na,na,,,,
2025-07-30 21:14:55.923146,PHY,0x4601,1,0,na,"[0,",0,0,1,1115.6,+16.2dB,19.3us,"[0,",1,71.9,normal,0,valid,-15.1dB,-15.2dB,na,na,,,,
2025-07-30 21:14:55.926706,PHY,0x4601,2,,na,"[0,",,,11111,,+30.3dB,17.0us,"[0,",1,71.17,normal,0,valid,-11.9dB,-11.9dB,0.20us,-70.7Hz,,"[6,",,1
2025-07-30 21:14:55.927632,PHY,0x4601,1,0,na,"[0,",0,0,1,1156.1,+16.4dB,14.9us,"[0,",1,71.18,normal,0,valid,-15.1dB,-15.2dB,na,na,,,,
2025-07-30 21:14:55.928109,PHY,0x4601,1,0,na,"[0,",0,0,1,1200.9,+16.5dB,13.9us,"[0,",1,71.19,normal,0,valid,-15.1dB,-15.2dB,na,na,,,,
2025-07-30 21:14:55.932229,CSI,0x4601,2,,na,"[0,",,,1,,+31.4dB,11.2us,"[0,",1,72.8,normal,0,valid,-12.0dB,-12.0dB,0.22us,-44.1Hz,,"[6,",1111,1
2025-07-30 21:14:55.933069,PHY,0x4601,1,0,na,"[0,",0,0,1,1517.8,+17.6dB,15.0us,"[0,",1,72.9,normal,0,valid,-15.0dB,-15.1dB,na,na,,,,
2025-07-30 21:14:55.936728,PHY,0x4601,2,,na,"[0,",,,11111,,+33.7dB,16.8us,"[0,",1,72.17,normal,0,valid,-12.1dB,-12.1dB,0.21us,+17.6Hz,,"[6,",,1
2025-07-30 21:14:55.937664,PHY,0x4601,1,0,na,"[0,",0,0,1,1557.7,+17.6dB,15.4us,"[0,",1,72.18,normal,0,valid,-15.1dB,-15.2dB,na,na,,,,
2025-07-30 21:14:55.938139,PHY,0x4601,1,0,na,"[0,",0,0,1,1605.1,+17.8dB,13.3us,"[0,",1,72.19,normal,0,valid,-15.0dB,-15.1dB,na,na,,,,
2025-07-30 21:14:55.942634,PHY,0x4601,1,0,na,"[0,",0,0,1,1141.5,+16.3dB,16.3us,"[0,",1,73.8,normal,0,valid,-15.1dB,-15.2dB,na,na,,,,
2025-07-30 21:14:55.943108,PHY,0x4601,1,0,na,"[0,",0,0,1,1185.7,+16.5dB,22.5us,"[0,",1,73.9,normal,0,valid,-15.1dB,-15.2dB,na,na,,,,
2025-07-30 21:14:55.946657,PHY,0x4601,2,,na,"[0,",,,11111,,+29.9dB,20.6us,"[0,",1,73.17,normal,0,valid,-12.0dB,-12.1dB,0.20us,-46.5Hz,,"[6,",,1
2025-07-30 21:14:55.947594,PHY,0x4601,1,0,na,"[0,",0,0,1,1450.6,+17.4dB,20.8us,"[0,",1,73.18,normal,0,valid,-15.0dB,-15.1dB,na,na,,,,
2025-07-30 21:14:55.948079,PHY,0x4601,1,0,na,"[0,",0,0,1,1567.8,+17.7dB,19.3us,"[0,",1,73.19,normal,0,valid,-15.1dB,-15.1dB,na,na,,,,
2025-07-30 21:14:55.952193,CSI,0x4601,2,,na,"[0,",,,1,,+29.8dB,14.3us,"[0,",1,74.8,normal,0,valid,-12.2dB,-12.2dB,0.22us,-41.9Hz,,"[6,",1111,1
2025-07-30 21:14:55.953135,PHY,0x4601,1,0,na,"[0,",0,0,1,1157.2,+16.4dB,17.1us,"[0,",1,74.9,normal,0,valid,-15.1dB,-15.2dB,na,na,,,,
2025-07-30 21:14:55.956689,PHY,0x4601,2,,na,"[0,",,,11111,,+29.7dB,15.8us,"[0,",1,74.17,normal,0,valid,-12.1dB,-12.1dB,0.21us,-47.2Hz,,"[6,",,1
2025-07-30 21:14:55.957621,PHY,0x4601,1,0,na,"[0,",0,0,1,1146.8,+16.3dB,15.4us,"[0,",1,74.18,normal,0,valid,-15.1dB,-15.2dB,na,na,,,,
2025-07-30 21:14:55.958109,PHY,0x4601,1,0,na,"[0,",0,0,1,1157.9,+16.4dB,17.5us,"[0,",1,74.19,normal,0,valid,-15.0dB,-15.2dB,na,na,,,,
2025-07-30 21:14:55.962582,PHY,0x4601,1,0,na,"[0,",0,0,1,1121.9,+16.3dB,16.0us,"[0,",1,75.8,normal,0,valid,-15.1dB,-15.2dB,na,na,,,,
2025-07-30 21:14:55.963163,PHY,0x4601,1,0,na,"[0,",0,0,1,1178.4,+16.5dB,15.1us,"[0,",1,75.9,normal,0,valid,-15.1dB,-15.2dB,na,na,,,,
2025-07-30 21:14:55.966743,PHY,0x4601,2,,na,"[0,",,,11111,,+30.4dB,23.1us,"[0,",1,75.17,normal,0,valid,-12.0dB,-12.0dB,0.22us,+28.1Hz,,"[6,",,1
2025-07-30 21:14:55.967655,PHY,0x4601,1,0,na,"[0,",0,0,1,1583.3,+17.7dB,19.1us,"[0,",1,75.18,normal,0,valid,-15.1dB,-15.1dB,na,na,,,,
2025-07-30 21:14:55.968133,PHY,0x4601,1,0,na,"[0,",0,0,1,1565.4,+17.7dB,18.1us,"[0,",1,75.19,normal,0,valid,-15.0dB,-15.1dB,na,na,,,,
2025-07-30 21:14:55.972218,CSI,0x4601,2,,na,"[0,",,,1,,+30.7dB,11.5us,"[0,",1,76.8,normal,0,valid,-12.0dB,-12.0dB,0.22us,+40.4Hz,,"[6,",1111,1
2025-07-30 21:14:55.973094,PHY,0x4601,1,0,na,"[0,",0,0,1,1303.2,+16.9dB,22.4us,"[0,",1,76.9,normal,0,valid,-15.0dB,-15.1dB,na,na,,,,
2025-07-30 21:14:55.976763,PHY,0x4601,2,,na,"[0,",,,11111,,+33.1dB,14.5us,"[0,",1,76.17,normal,0,valid,-12.1dB,-12.1dB,0.21us,-28.7Hz,,"[6,",,1
2025-07-30 21:14:55.977573,PHY,0x4601,1,0,na,"[0,",0,0,1,1202.9,+16.5dB,15.3us,"[0,",1,76.18,normal,0,valid,-15.1dB,-15.2dB,na,na,,,,
2025-07-30 21:14:55.978160,PHY,0x4601,1,0,na,"[0,",0,0,1,1271.2,+16.8dB,18.1us,"[0,",1,76.19,normal,0,valid,-15.0dB,-15.1dB,na,na,,,,
2025-07-30 21:14:55.992365,CSI,0x4601,2,,na,"[4,",,,,,+31.7dB,12.1us,"[0,",1,78.8,normal,0,valid,-13.0dB,-13.0dB,0.24us,+9.3Hz,,"[7,",1111,1
2025-07-30 21:14:56.012287,CSI,0x4601,2,,na,"[4,",,,,,+29.4dB,13.5us,"[0,",1,80.8,normal,0,valid,-13.1dB,-13.1dB,0.21us,-163.6Hz,,"[7,",1111,1
2025-07-30 21:14:56.032377,CSI,0x4601,2,,na,"[4,",,,,,+32.9dB,13.2us,"[0,",1,82.8,normal,0,valid,-13.1dB,-13.2dB,0.19us,-51.1Hz,,"[7,",1111,1
2025-07-30 21:14:56.052316,CSI,0x4601,2,,na,"[4,",,,,,+30.5dB,14.3us,"[0,",1,84.8,normal,0,valid,-13.1dB,-13.1dB,0.23us,-71.7Hz,,"[7,",1111,1
2025-07-30 21:14:56.072409,CSI,0x4601,2,,na,"[4,",,,,,+31.2dB,12.8us,"[0,",1,86.8,normal,0,valid,-13.0dB,-13.1dB,0.23us,-73.0Hz,,"[7,",1111,1
2025-07-30 21:14:56.092361,CSI,0x4601,2,,na,"[4,",,,,,+30.7dB,16.3us,"[0,",1,88.8,normal,0,valid,-13.0dB,-13.1dB,0.22us,+61.0Hz,,"[7,",1111,1
2025-07-30 21:14:56.112306,CSI,0x4601,2,,na,"[4,",,,,,+31.3dB,14.1us,"[0,",1,90.8,normal,0,valid,-13.2dB,-13.2dB,0.21us,-106.9Hz,,"[7,",1111,1
2025-07-30 21:14:56.132347,CSI,0x4601,2,,na,"[4,",,,,,+28.9dB,12.6us,"[0,",1,92.8,normal,0,valid,-13.1dB,-13.2dB,0.23us,+97.6Hz,,"[7,",1111,1
2025-07-30 21:14:56.152330,CSI,0x4601,2,,na,"[4,",,,,,+30.5dB,11.3us,"[0,",1,94.8,normal,0,valid,-13.3dB,-13.3dB,0.20us,-11.1Hz,,"[7,",1111,1
2025-07-30 21:14:56.172368,CSI,0x4601,2,,na,"[4,",,,,,+30.1dB,13.5us,"[0,",1,96.8,normal,0,valid,-13.2dB,-13.2dB,0.21us,-39.8Hz,,"[7,",1111,1
2025-07-30 21:14:56.192322,CSI,0x4601,2,,na,"[4,",,,,,+29.1dB,11.6us,"[0,",1,98.8,normal,0,valid,-13.1dB,-13.1dB,0.20us,-81.1Hz,,"[7,",1111,1
2025-07-30 21:14:56.212410,CSI,0x4601,2,,na,"[4,",,,,,+28.6dB,11.4us,"[0,",1,100.8,normal,0,valid,-13.2dB,-13.3dB,0.22us,+44.9Hz,,"[7,",1111,1
2025-07-30 21:14:56.232375,CSI,0x4601,2,,na,"[4,",,,,,+29.7dB,11.5us,"[0,",1,102.8,normal,0,valid,-13.1dB,-13.2dB,0.24us,-40.4Hz,,"[7,",1111,1
2025-07-30 21:14:56.252293,CSI,0x4601,2,,na,"[4,",,,,,+30.9dB,15.5us,"[0,",1,104.8,normal,0,valid,-13.1dB,-13.2dB,0.22us,-3.3Hz,,"[7,",1111,1
2025-07-30 21:14:56.272363,CSI,0x4601,2,,na,"[4,",,,,,+32.2dB,11.5us,"[0,",1,106.8,normal,0,valid,-13.1dB,-13.2dB,0.22us,-27.0Hz,,"[7,",1111,1
2025-07-30 21:14:56.292327,CSI,0x4601,2,,na,"[4,",,,,,+29.2dB,10.5us,"[0,",1,108.8,normal,0,valid,-13.1dB,-13.1dB,0.23us,-121.9Hz,,"[7,",1111,1
2025-07-30 21:14:56.312398,CSI,0x4601,2,,na,"[4,",,,,,+32.7dB,11.0us,"[0,",1,110.8,normal,0,valid,-13.1dB,-13.1dB,0.23us,+34.2Hz,,"[7,",1111,1
2025-07-30 21:14:56.332366,CSI,0x4601,2,,na,"[4,",,,,,+30.7dB,12.0us,"[0,",1,112.8,normal,0,valid,-13.1dB,-13.2dB,0.22us,-135.8Hz,,"[7,",1111,1
2025-07-30 21:14:56.352306,CSI,0x4601,2,,na,"[4,",,,,,+28.2dB,11.5us,"[0,",1,114.8,normal,0,valid,-13.1dB,-13.2dB,0.24us,-66.6Hz,,"[7,",1111,1
2025-07-30 21:14:56.372361,CSI,0x4601,2,,na,"[4,",,,,,+29.2dB,11.3us,"[0,",1,116.8,normal,0,valid,-13.1dB,-13.1dB,0.23us,-114.9Hz,,"[7,",1111,1
2025-07-30 21:14:56.392345,CSI,0x4601,2,,na,"[4,",,,,,+31.1dB,12.1us,"[0,",1,118.8,normal,0,valid,-13.2dB,-13.2dB,0.22us,-9.8Hz,,"[7,",1111,1
2025-07-30 21:14:56.412412,CSI,0x4601,2,,na,"[4,",,,,,+30.1dB,14.4us,"[0,",1,120.8,normal,0,valid,-13.1dB,-13.2dB,0.24us,-29.8Hz,,"[7,",1111,1
2025-07-30 21:14:56.432353,CSI,0x4601,2,,na,"[4,",,,,,+30.2dB,13.6us,"[0,",1,122.8,normal,0,valid,-13.1dB,-13.2dB,0.25us,-63.0Hz,,"[7,",1111,1
2025-07-30 21:14:56.452302,CSI,0x4601,2,,na,"[4,",,,,,+34.3dB,13.4us,"[0,",1,124.8,normal,0,valid,-13.2dB,-13.2dB,0.21us,-56.8Hz,,"[7,",1111,1
2025-07-30 21:14:56.472384,CSI,0x4601,2,,na,"[4,",,,,,+31.5dB,10.9us,"[0,",1,126.8,normal,0,valid,-13.1dB,-13.1dB,0.21us,+5.9Hz,,"[7,",1111,1
2025-07-30 21:14:56.492310,CSI,0x4601,2,,na,"[4,",,,,,+32.0dB,11.3us,"[0,",1,128.8,normal,0,valid,-13.1dB,-13.1dB,0.20us,+84.0Hz,,"[7,",1111,1
2025-07-30 21:14:56.512369,CSI,0x4601,2,,na,"[4,",,,,,+31.9dB,12.7us,"[0,",1,130.8,normal,0,valid,-13.1dB,-13.1dB,0.21us,-99.4Hz,,"[7,",1111,1
2025-07-30 21:14:56.532359,CSI,0x4601,2,,na,"[4,",,,,,+30.1dB,13.2us,"[0,",1,132.8,normal,0,valid,-13.2dB,-13.2dB,0.21us,-63.3Hz,,"[7,",1111,1
2025-07-30 21:14:56.552417,CSI,0x4601,2,,na,"[4,",,,,,+28.1dB,14.8us,"[0,",1,134.8,normal,0,valid,-13.0dB,-13.1dB,0.22us,-80.7Hz,,"[7,",1111,1
2025-07-30 21:14:56.572344,CSI,0x4601,2,,na,"[4,",,,,,+28.7dB,11.4us,"[0,",1,136.8,normal,0,valid,-13.0dB,-13.1dB,0.25us,-64.5Hz,,"[7,",1111,1
2025-07-30 21:14:56.592319,CSI,0x4601,2,,na,"[4,",,,,,+31.0dB,14.4us,"[0,",1,138.8,normal,0,valid,-13.1dB,-13.1dB,0.22us,-126.2Hz,,"[7,",1111,1
2025-07-30 21:14:56.612359,CSI,0x4601,2,,na,"[4,",,,,,+31.2dB,12.3us,"[0,",1,140.8,normal,0,valid,-13.1dB,-13.1dB,0.23us,-100.2Hz,,"[7,",1111,1
2025-07-30 21:14:56.632334,CSI,0x4601,2,,na,"[4,",,,,,+31.8dB,23.0us,"[0,",1,142.8,normal,0,valid,-13.2dB,-13.2dB,0.19us,-21.8Hz,,"[7,",1111,1
2025-07-30 21:14:56.652384,CSI,0x4601,2,,na,"[4,",,,,,+30.1dB,13.9us,"[0,",1,144.8,normal,0,valid,-13.1dB,-13.1dB,0.22us,+63.9Hz,,"[7,",1111,1
2025-07-30 21:14:56.672322,CSI,0x4601,2,,na,"[4,",,,,,+30.7dB,10.8us,"[0,",1,146.8,normal,0,valid,-13.1dB,-13.1dB,0.23us,-251.1Hz,,"[7,",1111,1
2025-07-30 21:14:56.692288,CSI,0x4601,2,,na,"[4,",,,,,+31.7dB,13.3us,"[0,",1,148.8,normal,0,valid,-13.1dB,-13.2dB,0.20us,-69.3Hz,,"[7,",1111,1
2025-07-30 21:14:56.712391,CSI,0x4601,2,,na,"[4,",,,,,+30.6dB,11.8us,"[0,",1,150.8,normal,0,valid,-13.1dB,-13.1dB,0.21us,-19.4Hz,,"[7,",1111,1
2025-07-30 21:14:56.732309,CSI,0x4601,2,,na,"[4,",,,,,+28.0dB,14.8us,"[0,",1,152.8,normal,0,valid,-13.0dB,-13.1dB,0.22us,-20.5Hz,,"[7,",1111,1
2025-07-30 21:14:56.752410,CSI,0x4601,2,,na,"[4,",,,,,+30.3dB,16.1us,"[0,",1,154.8,normal,0,valid,-13.1dB,-13.2dB,0.23us,-151.8Hz,,"[7,",1111,1
2025-07-30 21:14:56.757579,PHY,0x4601,1,0,na,"[0,",0,0,1,1080.0,+16.1dB,18.3us,"[0,",1,154.18,normal,0,valid,-15.0dB,-15.1dB,na,na,,,,
2025-07-30 21:14:56.772090,PHY,0x4601,1,4,na,"[0,",0,0,,1222.1,+16.6dB,17.3us,"[0,",1,156.7,normal,0,valid,-14.8dB,-14.9dB,na,na,yes,,,
2025-07-30 21:14:56.772334,CSI,0x4601,2,,na,"[4,",,,,,+33.2dB,14.5us,"[0,",1,156.8,normal,0,valid,-13.0dB,-13.1dB,0.23us,-16.2Hz,,"[7,",1111,1
2025-07-30 21:14:56.792160,PHY,0x4601,1,4,na,"[0,",0,0,2,0.1,-30.4dB,17.7us,"[0,",1,158.7,normal,0,invalid,-43.5dB,-75.0dB,na,na,,,,
2025-07-30 21:14:56.792176,PHY,0x4601,1,0,na,"[0,",0,0,1,1187.5,+16.5dB,11.5us,"[0,",1,158.7,normal,0,valid,-15.0dB,-15.1dB,na,na,,,,
2025-07-30 21:14:56.792292,CSI,0x4601,2,,na,"[4,",,,,,+30.7dB,22.5us,"[0,",1,158.8,normal,0,valid,-13.1dB,-13.2dB,0.21us,-152.2Hz,,"[7,",1111,1
2025-07-30 21:14:56.812113,PHY,0x4601,1,4,na,"[0,",0,0,,0.4,-16.5dB,15.0us,"[0,",1,160.7,normal,0,invalid,-43.4dB,-60.4dB,na,na,no,,,
2025-07-30 21:14:56.812340,CSI,0x4601,2,,na,"[4,",,,,,+30.3dB,12.7us,"[0,",1,160.8,normal,0,valid,-13.1dB,-13.1dB,0.23us,+87.2Hz,,"[7,",1111,1
2025-07-30 21:14:56.832063,PHY,0x4601,1,4,na,"[0,",0,0,,0.4,-17.6dB,16.4us,"[0,",1,162.7,normal,0,invalid,-42.7dB,-61.6dB,na,na,no,,,
2025-07-30 21:14:56.832334,CSI,0x4601,2,,na,"[4,",,,,,+27.7dB,12.3us,"[0,",1,162.8,normal,0,valid,-13.2dB,-13.2dB,0.21us,-104.9Hz,,"[7,",1111,1
2025-07-30 21:14:56.852128,PHY,0x4601,1,4,na,"[0,",0,0,,0.7,-18.8dB,15.2us,"[0,",1,164.7,normal,0,invalid,-43.2dB,-63.3dB,na,na,no,,,
2025-07-30 21:14:56.852400,CSI,0x4601,2,,na,"[4,",,,,,+32.1dB,11.8us,"[0,",1,164.8,normal,0,valid,-13.2dB,-13.2dB,0.21us,+37.5Hz,,"[7,",1111,1
2025-07-30 21:14:56.872079,PHY,0x4601,1,4,na,"[0,",0,0,,0.7,-14.2dB,14.7us,"[0,",1,166.7,normal,0,invalid,-43.1dB,-58.0dB,na,na,no,,,
2025-07-30 21:14:56.872336,CSI,0x4601,2,,na,"[4,",,,,,+31.6dB,11.7us,"[0,",1,166.8,normal,0,valid,-13.1dB,-13.1dB,0.20us,-183.4Hz,,"[7,",1111,1
2025-07-30 21:14:56.892139,PHY,0x4601,1,4,na,"[0,",0,0,,1104.2,+16.2dB,14.5us,"[0,",1,168.7,normal,0,valid,-14.8dB,-14.9dB,na,na,yes,,,
2025-07-30 21:14:56.892422,CSI,0x4601,2,,na,"[4,",,,,,+28.4dB,12.0us,"[0,",1,168.8,normal,0,valid,-13.1dB,-13.1dB,0.22us,-151.4Hz,,"[7,",1111,1
2025-07-30 21:14:56.912105,PHY,0x4601,1,4,na,"[0,",0,0,2,0.3,-26.6dB,17.7us,"[0,",1,170.7,normal,0,invalid,-43.3dB,-71.2dB,na,na,,,,
2025-07-30 21:14:56.912124,PHY,0x4601,1,0,na,"[0,",0,0,1,1148.3,+16.3dB,13.5us,"[0,",1,170.7,normal,0,valid,-15.0dB,-15.1dB,na,na,,,,
2025-07-30 21:14:56.912387,CSI,0x4601,2,,na,"[4,",,,,,+27.7dB,19.6us,"[0,",1,170.8,normal,0,valid,-13.1dB,-13.1dB,0.26us,-116.4Hz,,"[7,",1111,1
2025-07-30 21:14:56.932167,PHY,0x4601,1,4,na,"[0,",0,0,,0.3,-18.9dB,15.7us,"[0,",1,172.7,normal,0,invalid,-43.2dB,-62.6dB,na,na,no,,,
2025-07-30 21:14:56.932294,CSI,0x4601,2,,na,"[4,",,,,,+30.0dB,14.6us,"[0,",1,172.8,normal,0,valid,-13.0dB,-13.0dB,0.21us,-132.8Hz,,"[7,",1111,1
2025-07-30 21:14:56.952118,PHY,0x4601,1,4,na,"[0,",0,0,,0.0,-26.2dB,14.9us,"[0,",1,174.7,normal,0,invalid,-43.6dB,-70.5dB,na,na,no,,,
2025-07-30 21:14:56.952352,CSI,0x4601,2,,na,"[4,",,,,,+27.4dB,14.6us,"[0,",1,174.8,normal,0,valid,-13.0dB,-13.1dB,0.21us,+46.4Hz,,"[7,",1111,1
2025-07-30 21:14:56.972076,PHY,0x4601,1,4,na,"[0,",0,0,,0.1,-22.0dB,15.9us,"[0,",1,176.7,normal,0,invalid,-43.9dB,-66.6dB,na,na,no,,,
2025-07-30 21:14:56.972350,CSI,0x4601,2,,na,"[4,",,,,,+30.9dB,12.6us,"[0,",1,176.8,normal,0,valid,-13.2dB,-13.2dB,0.22us,+44.0Hz,,"[7,",1111,1
2025-07-30 21:14:56.992137,PHY,0x4601,1,4,na,"[0,",0,0,,0.2,-40.0dB,14.5us,"[0,",1,178.7,normal,0,invalid,-43.6dB,-84.1dB,na,na,no,,,
2025-07-30 21:14:56.992415,CSI,0x4601,2,,na,"[4,",,,,,+30.1dB,12.5us,"[0,",1,178.8,normal,0,valid,-13.2dB,-13.2dB,0.20us,-63.8Hz,,"[7,",1111,1
2025-07-30 21:14:57.012095,PHY,0x4601,1,4,na,"[0,",0,0,,1162.2,+16.4dB,15.4us,"[0,",1,180.7,normal,0,valid,-14.7dB,-14.8dB,na,na,yes,,,
2025-07-30 21:14:57.012358,CSI,0x4601,2,,na,"[4,",,,,,+31.3dB,13.8us,"[0,",1,180.8,normal,0,valid,-13.1dB,-13.2dB,0.23us,-48.4Hz,,"[7,",1111,1
2025-07-30 21:14:57.032164,PHY,0x4601,1,4,na,"[0,",0,0,11,1186.4,+16.5dB,17.4us,"[0,",1,182.7,normal,0,valid,-11.8dB,-11.9dB,na,na,,,,
2025-07-30 21:14:57.032181,PHY,0x4601,1,0,na,"[0,",0,0,22,0.1,-20.4dB,12.0us,"[0,",1,182.7,normal,0,invalid,-43.4dB,-64.7dB,na,na,,,,
2025-07-30 21:14:57.032323,CSI,0x4601,2,,na,"[4,",,,,,+31.1dB,22.0us,"[0,",1,182.8,normal,0,valid,-13.1dB,-13.1dB,0.24us,-46.8Hz,,"[7,",1111,1
2025-07-30 21:14:57.052111,PHY,0x4601,1,4,na,"[0,",0,0,,0.1,-22.1dB,15.4us,"[0,",1,184.7,normal,0,invalid,-43.7dB,-65.9dB,na,na,no,,,
2025-07-30 21:14:57.052364,CSI,0x4601,2,,na,"[4,",,,,,-1.9dB,12.6us,"[0,",1,184.8,normal,0,invalid,-41.3dB,-44.4dB,0.52us,-13626.7Hz,,"[7,",2222,1
2025-07-30 21:14:57.072078,PHY,0x4601,1,4,na,"[0,",0,0,,0.3,-19.6dB,18.3us,"[0,",1,186.7,normal,0,invalid,-43.0dB,-63.3dB,na,na,no,,,
2025-07-30 21:14:57.072324,CSI,0x4601,2,,na,"[4,",,,,,-3.2dB,13.4us,"[0,",1,186.8,normal,0,invalid,-44.7dB,-50.0dB,1.08us,+4264.2Hz,,"[7,",2222,1
2025-07-30 21:14:57.077139,PHY,0x4601,1,0,na,"[0,",0,0,2,0.3,-18.5dB,16.9us,"[0,",1,186.17,normal,0,invalid,-43.6dB,-62.8dB,na,na,,,,
2025-07-30 21:14:57.087066,PHY,0x4601,1,0,na,"[0,",0,0,2,0.4,-19.8dB,17.4us,"[0,",1,187.17,normal,0,invalid,-43.4dB,-64.0dB,na,na,,,,
2025-07-30 21:14:57.092132,PHY,0x4601,1,4,na,"[0,",0,0,,0.1,-25.9dB,14.6us,"[0,",1,188.7,normal,0,invalid,-42.9dB,-69.5dB,na,na,no,,,
2025-07-30 21:14:57.092378,CSI,0x4601,2,,na,"[4,",,,,,-3.7dB,13.4us,"[0,",1,188.8,normal,0,invalid,-43.0dB,-48.0dB,-0.17us,+12612.7Hz,,"[7,",2222,1
2025-07-30 21:14:57.097095,PHY,0x4601,1,0,na,"[0,",0,0,2,0.1,-17.7dB,14.2us,"[0,",1,188.17,normal,0,invalid,-43.6dB,-62.8dB,na,na,,,,
2025-07-30 21:14:57.107130,PHY,0x4601,1,0,na,"[0,",0,0,2,0.8,-11.8dB,19.8us,"[0,",1,189.17,normal,0,invalid,-44.5dB,-57.5dB,na,na,,,,
2025-07-30 21:14:57.112086,PHY,0x4601,1,4,na,"[0,",0,0,,0.1,-24.8dB,13.9us,"[0,",1,190.7,normal,0,invalid,-43.3dB,-69.0dB,na,na,no,,,
2025-07-30 21:14:57.112368,CSI,0x4601,2,,na,"[4,",,,,,-3.9dB,18.0us,"[0,",1,190.8,normal,0,invalid,-45.4dB,-52.0dB,-0.89us,+4802.3Hz,,"[7,",2222,1
2025-07-30 21:14:57.117158,PHY,0x4601,1,0,na,"[0,",0,0,2,0.3,-15.0dB,16.8us,"[0,",1,190.17,normal,0,invalid,-43.0dB,-58.4dB,na,na,,,,
2025-07-30 21:14:57.122127,PHY,0x4601,1,0,na,"[0,",0,0,2,0.3,-18.7dB,15.8us,"[0,",1,191.7,normal,0,invalid,-43.8dB,-63.1dB,na,na,,,,
2025-07-30 21:14:57.132156,PHY,0x4601,1,4,na,"[0,",0,0,2,0.2,-16.4dB,19.4us,"[0,",1,192.7,normal,0,invalid,-43.0dB,-59.9dB,na,na,,,,
2025-07-30 21:14:57.132171,PHY,0x4601,1,0,na,"[0,",0,0,2,0.2,-17.6dB,11.5us,"[0,",1,192.7,normal,0,invalid,-43.3dB,-61.0dB,na,na,,,,
2025-07-30 21:14:57.132306,CSI,0x4601,2,,na,"[4,",,,,,-2.9dB,18.3us,"[0,",1,192.8,normal,0,invalid,-42.7dB,-47.5dB,0.84us,-5433.1Hz,,"[7,",2222,1
2025-07-30 21:14:57.142076,PHY,0x4601,1,0,na,"[0,",0,0,2,0.2,-20.2dB,15.5us,"[0,",1,193.7,normal,0,invalid,-43.7dB,-64.6dB,na,na,,,,
2025-07-30 21:14:57.152110,PHY,0x4601,1,4,na,"[0,",0,0,,0.1,-23.4dB,15.6us,"[0,",1,194.7,normal,0,invalid,-43.2dB,-67.2dB,na,na,no,,,
2025-07-30 21:14:57.152372,CSI,0x4601,2,,na,"[4,",,,,,-1.2dB,13.5us,"[0,",1,194.8,normal,0,invalid,-45.7dB,-51.2dB,1.04us,+13570.2Hz,,"[7,",2222,1
