time,log_type,rnti,format,prb1,prb2,symb,cs,occ,ack,metric,sinr,t,bwp,n_id,slot,cp,ports,status,epre,rsrp,t_align,cfo,sr,prb,csi1,n_id0
2025-07-30 13:41:08.340481,PHY,0x4601,1,0,50,"[0,",0,0,1,1000.0,+18.3dB,19.8us,"[0,",1,247.17,normal,0,valid,-16.0dB,-15.7dB,na,na,,,,
2025-07-30 13:41:08.345535,PHY,0x4601,1,4,na,"[0,",0,0,,0.5,-23.2dB,16.4us,"[0,",1,248.7,normal,0,invalid,-43.2dB,-66.6dB,na,na,no,,,
2025-07-30 13:41:08.345693,CSI,0x4601,2,,na,"[4,",,,,,+28.7dB,27.7us,"[0,",1,248.8,normal,0,valid,-12.3dB,-12.3dB,0.16us,+46.0Hz,,"[7,",0001,1
2025-07-30 13:41:08.365490,PHY,0x4601,1,4,na,"[0,",0,0,,1625.6,+17.9dB,15.1us,"[0,",1,250.7,normal,0,valid,-13.9dB,-14.0dB,na,na,yes,,,
2025-07-30 13:41:08.365734,CSI,0x4601,2,,na,"[4,",,,,,+30.4dB,12.6us,"[0,",1,250.8,normal,0,valid,-12.3dB,-12.4dB,0.18us,-43.4Hz,,"[7,",1111,1
2025-07-30 13:41:08.385452,PHY,0x4601,1,4,na,"[0,",0,0,2,0.3,-17.8dB,20.8us,"[0,",1,252.7,normal,0,invalid,-42.9dB,-61.5dB,na,na,,,,
2025-07-30 13:41:08.385474,PHY,0x4601,1,0,na,"[0,",0,0,1,1628.0,+17.9dB,12.2us,"[0,",1,252.7,normal,0,valid,-14.1dB,-14.2dB,na,na,,,,
2025-07-30 13:41:08.385729,CSI,0x4601,2,,na,"[4,",,,,,+29.9dB,24.8us,"[0,",1,252.8,normal,0,valid,-12.3dB,-12.3dB,0.20us,-0.6Hz,,"[7,",1111,1
2025-07-30 13:41:08.390513,PHY,0x4601,1,0,na,"[0,",0,0,1,1578.4,+17.7dB,18.4us,"[0,",1,252.17,normal,0,valid,-14.1dB,-14.1dB,na,na,,,,
2025-07-30 13:41:08.405506,PHY,0x4601,1,4,na,"[0,",0,0,,1934.5,+18.6dB,15.7us,"[0,",1,254.7,normal,0,valid,-13.9dB,-14.0dB,na,na,yes,,,
2025-07-30 13:41:08.405784,CSI,0x4601,2,,na,"[4,",,,,,+28.4dB,18.4us,"[0,",1,254.8,normal,0,valid,-12.2dB,-12.3dB,0.17us,-135.0Hz,,"[7,",1111,1
2025-07-30 13:41:08.425461,PHY,0x4601,1,4,na,"[0,",0,0,2,0.0,-30.6dB,16.1us,"[0,",1,256.7,normal,0,invalid,-43.4dB,-74.9dB,na,na,,,,
2025-07-30 13:41:08.425477,PHY,0x4601,1,0,na,"[0,",0,0,1,1700.7,+18.1dB,11.6us,"[0,",1,256.7,normal,0,valid,-14.1dB,-14.2dB,na,na,,,,
2025-07-30 13:41:08.425725,CSI,0x4601,2,,na,"[4,",,,,,+30.6dB,13.9us,"[0,",1,256.8,normal,0,valid,-12.2dB,-12.2dB,0.20us,-6.6Hz,,"[7,",1111,1
2025-07-30 13:41:08.426515,PHY,0x4601,1,0,na,"[0,",0,0,1,1663.0,+18.0dB,15.0us,"[0,",1,256.9,normal,0,valid,-14.1dB,-14.1dB,na,na,,,,
2025-07-30 13:41:08.445532,PHY,0x4601,1,4,na,"[0,",0,0,,1829.7,+18.4dB,15.2us,"[0,",1,258.7,normal,0,valid,-13.9dB,-14.0dB,na,na,yes,,,
2025-07-30 13:41:08.445664,CSI,0x4601,2,,na,"[4,",,,,,+29.6dB,19.8us,"[0,",1,258.8,normal,0,valid,-12.2dB,-12.3dB,0.20us,-132.1Hz,,"[7,",1111,1
2025-07-30 13:41:08.465712,CSI,0x4601,2,,na,"[4,",,,,,+29.7dB,11.5us,"[0,",1,260.8,normal,0,valid,-12.1dB,-12.2dB,0.19us,+34.6Hz,,"[7,",1111,1
2025-07-30 13:41:08.475049,PHY,0x4601,2,,na,"[0,",,,111,,+30.5dB,26.0us,"[0,",1,261.7,normal,0,valid,-13.5dB,-13.6dB,0.20us,-77.3Hz,,"[6,",,1
2025-07-30 13:41:08.485434,PHY,0x4601,1,4,na,"[0,",0,0,,1868.9,+18.5dB,16.5us,"[0,",1,262.7,normal,0,valid,-14.1dB,-14.2dB,na,na,yes,,,
2025-07-30 13:41:08.485667,CSI,0x4601,2,,na,"[4,",,,,,+31.8dB,12.8us,"[0,",1,262.8,normal,0,valid,-12.5dB,-12.5dB,0.19us,-154.8Hz,,"[7,",1111,1
2025-07-30 13:41:08.505492,PHY,0x4601,1,4,na,"[0,",0,0,2,0.5,-18.9dB,15.0us,"[0,",1,264.7,normal,0,invalid,-43.7dB,-62.9dB,na,na,,,,
2025-07-30 13:41:08.505511,PHY,0x4601,1,0,na,"[0,",0,0,1,1742.2,+18.2dB,11.7us,"[0,",1,264.7,normal,0,valid,-14.3dB,-14.4dB,na,na,,,,
2025-07-30 13:41:08.505722,CSI,0x4601,2,,na,"[4,",,,,,+28.9dB,13.1us,"[0,",1,264.8,normal,0,valid,-12.4dB,-12.5dB,0.19us,-159.6Hz,,"[7,",1111,1
2025-07-30 13:41:08.525447,PHY,0x4601,1,4,na,"[0,",0,0,,0.3,-17.9dB,14.8us,"[0,",1,266.7,normal,0,invalid,-43.0dB,-62.2dB,na,na,no,,,
2025-07-30 13:41:08.525696,CSI,0x4601,2,,na,"[4,",,,,,+31.6dB,11.8us,"[0,",1,266.8,normal,0,valid,-12.5dB,-12.5dB,0.21us,-65.3Hz,,"[7,",1111,1
2025-07-30 13:41:08.545509,PHY,0x4601,1,4,na,"[0,",0,0,,0.1,-25.8dB,14.5us,"[0,",1,268.7,normal,0,invalid,-43.2dB,-69.2dB,na,na,no,,,
2025-07-30 13:41:08.545751,CSI,0x4601,2,,na,"[4,",,,,,+31.4dB,16.9us,"[0,",1,268.8,normal,0,valid,-12.4dB,-12.4dB,0.17us,-77.0Hz,,"[7,",1111,1
2025-07-30 13:41:08.565477,PHY,0x4601,1,4,na,"[0,",0,0,,0.2,-28.2dB,16.9us,"[0,",1,270.7,normal,0,invalid,-43.6dB,-71.9dB,na,na,no,,,
2025-07-30 13:41:08.565739,CSI,0x4601,2,,na,"[4,",,,,,+29.1dB,13.4us,"[0,",1,270.8,normal,0,valid,-12.5dB,-12.5dB,0.18us,-94.4Hz,,"[7,",1111,1
2025-07-30 13:41:08.585540,PHY,0x4601,1,4,na,"[0,",0,0,,0.5,-15.3dB,19.1us,"[0,",1,272.7,normal,0,invalid,-43.7dB,-59.3dB,na,na,no,,,
2025-07-30 13:41:08.585669,CSI,0x4601,2,,na,"[4,",,,,,+32.0dB,13.0us,"[0,",1,272.8,normal,0,valid,-12.4dB,-12.4dB,0.19us,-16.4Hz,,"[7,",1111,1
2025-07-30 13:41:08.595461,PHY,0x4601,1,0,na,"[0,",0,0,1,1707.7,+18.0dB,15.3us,"[0,",1,273.7,normal,0,valid,-14.3dB,-14.4dB,na,na,,,,
2025-07-30 13:41:08.605490,PHY,0x4601,1,4,na,"[0,",0,0,,1847.2,+18.4dB,14.3us,"[0,",1,274.7,normal,0,valid,-14.1dB,-14.2dB,na,na,yes,,,
2025-07-30 13:41:08.605772,CSI,0x4601,2,,na,"[4,",,,,,+37.6dB,15.2us,"[0,",1,274.8,normal,0,valid,-12.4dB,-12.4dB,0.19us,-60.7Hz,,"[7,",1111,1
2025-07-30 13:41:08.625441,PHY,0x4601,1,4,na,"[0,",0,0,,0.2,-18.1dB,14.6us,"[0,",1,276.7,normal,0,invalid,-42.9dB,-61.2dB,na,na,no,,,
2025-07-30 13:41:08.625710,CSI,0x4601,2,,na,"[4,",,,,,+31.5dB,12.5us,"[0,",1,276.8,normal,0,valid,-12.3dB,-12.4dB,0.15us,+25.8Hz,,"[7,",1111,1
2025-07-30 13:41:08.645510,PHY,0x4601,1,4,na,"[0,",0,0,,0.2,-26.9dB,14.6us,"[0,",1,278.7,normal,0,invalid,-43.2dB,-71.8dB,na,na,no,,,
2025-07-30 13:41:08.645790,CSI,0x4601,2,,na,"[4,",,,,,+29.8dB,12.5us,"[0,",1,278.8,normal,0,valid,-12.4dB,-12.4dB,0.19us,+16.1Hz,,"[7,",1111,1
2025-07-30 13:41:08.665466,PHY,0x4601,1,4,na,"[0,",0,0,,0.2,-25.1dB,14.7us,"[0,",1,280.7,normal,0,invalid,-43.5dB,-69.0dB,na,na,no,,,
2025-07-30 13:41:08.665743,CSI,0x4601,2,,na,"[4,",,,,,+32.3dB,11.7us,"[0,",1,280.8,normal,0,valid,-12.4dB,-12.4dB,0.19us,-74.2Hz,,"[7,",1111,1
2025-07-30 13:41:08.685528,PHY,0x4601,1,4,na,"[0,",0,0,,0.6,-13.7dB,14.5us,"[0,",1,282.7,normal,0,invalid,-42.8dB,-57.3dB,na,na,no,,,
2025-07-30 13:41:08.685659,CSI,0x4601,2,,na,"[4,",,,,,+33.2dB,11.7us,"[0,",1,282.8,normal,0,valid,-12.4dB,-12.4dB,0.19us,-42.0Hz,,"[7,",1111,1
2025-07-30 13:41:08.705493,PHY,0x4601,1,4,na,"[0,",0,0,,0.9,-17.5dB,22.4us,"[0,",1,284.7,normal,0,invalid,-43.0dB,-61.4dB,na,na,no,,,
2025-07-30 13:41:08.705735,CSI,0x4601,2,,na,"[4,",,,,,+31.3dB,14.4us,"[0,",1,284.8,normal,0,valid,-12.4dB,-12.4dB,0.19us,-181.5Hz,,"[7,",1111,1
2025-07-30 13:41:08.725435,PHY,0x4601,1,4,na,"[0,",0,0,,0.1,-24.6dB,15.0us,"[0,",1,286.7,normal,0,invalid,-43.5dB,-68.7dB,na,na,no,,,
2025-07-30 13:41:08.725666,CSI,0x4601,2,,na,"[4,",,,,,+34.7dB,12.2us,"[0,",1,286.8,normal,0,valid,-12.4dB,-12.4dB,0.18us,-139.6Hz,,"[7,",1111,1
2025-07-30 13:41:08.745498,PHY,0x4601,1,4,na,"[0,",0,0,,0.1,-23.3dB,14.9us,"[0,",1,288.7,normal,0,invalid,-43.2dB,-67.7dB,na,na,no,,,
2025-07-30 13:41:08.745759,CSI,0x4601,2,,na,"[4,",,,,,+36.4dB,12.5us,"[0,",1,288.8,normal,0,valid,-12.4dB,-12.4dB,0.17us,-110.2Hz,,"[7,",1111,1
2025-07-30 13:41:08.765452,PHY,0x4601,1,4,na,"[0,",0,0,,0.4,-15.7dB,14.5us,"[0,",1,290.7,normal,0,invalid,-43.1dB,-59.3dB,na,na,no,,,
2025-07-30 13:41:08.765680,CSI,0x4601,2,,na,"[4,",,,,,+31.2dB,11.6us,"[0,",1,290.8,normal,0,valid,-12.4dB,-12.4dB,0.19us,+69.5Hz,,"[7,",1111,1
2025-07-30 13:41:08.785522,PHY,0x4601,1,4,na,"[0,",0,0,,1658.3,+17.9dB,15.2us,"[0,",1,292.7,normal,0,valid,-14.1dB,-14.2dB,na,na,yes,,,
2025-07-30 13:41:08.785649,CSI,0x4601,2,,na,"[4,",,,,,+30.8dB,11.6us,"[0,",1,292.8,normal,0,valid,-12.4dB,-12.5dB,0.19us,+25.4Hz,,"[7,",1111,1
2025-07-30 13:41:08.805497,PHY,0x4601,1,4,na,"[0,",0,0,2,0.4,-20.3dB,21.0us,"[0,",1,294.7,normal,0,invalid,-43.6dB,-65.1dB,na,na,,,,
2025-07-30 13:41:08.805517,PHY,0x4601,1,0,na,"[0,",0,0,1,1608.6,+17.8dB,12.3us,"[0,",1,294.7,normal,0,valid,-14.3dB,-14.4dB,na,na,,,,
2025-07-30 13:41:08.805781,CSI,0x4601,2,,na,"[4,",,,,,+35.1dB,34.0us,"[0,",1,294.8,normal,0,valid,-12.5dB,-12.5dB,0.18us,+49.1Hz,,"[7,",1111,1
2025-07-30 13:41:08.825452,PHY,0x4601,1,4,na,"[0,",0,0,,0.3,-19.0dB,25.2us,"[0,",1,296.7,normal,0,invalid,-43.2dB,-63.0dB,na,na,no,,,
2025-07-30 13:41:08.825717,CSI,0x4601,2,,na,"[4,",,,,,+29.0dB,22.6us,"[0,",1,296.8,normal,0,valid,-12.5dB,-12.5dB,0.19us,-66.5Hz,,"[7,",1111,1
2025-07-30 13:41:08.826489,PHY,0x4601,1,0,na,"[0,",0,0,1,1606.0,+17.8dB,17.0us,"[0,",1,296.9,normal,0,valid,-14.3dB,-14.4dB,na,na,,,,
2025-07-30 13:41:08.830507,PHY,0x4601,1,0,na,"[0,",0,0,1,1544.7,+17.6dB,16.0us,"[0,",1,296.17,normal,0,valid,-14.3dB,-14.4dB,na,na,,,,
2025-07-30 13:41:08.845500,PHY,0x4601,1,4,na,"[0,",0,0,,1617.0,+17.8dB,16.1us,"[0,",1,298.7,normal,0,valid,-14.2dB,-14.2dB,na,na,yes,,,
2025-07-30 13:41:08.845752,CSI,0x4601,2,,na,"[4,",,,,,+30.0dB,13.1us,"[0,",1,298.8,normal,0,valid,-12.5dB,-12.5dB,0.18us,-105.4Hz,,"[7,",1011,1
2025-07-30 13:41:08.865458,PHY,0x4601,1,4,na,"[0,",0,0,2,0.4,-15.6dB,18.7us,"[0,",1,300.7,normal,0,invalid,-43.6dB,-59.8dB,na,na,,,,
2025-07-30 13:41:08.865477,PHY,0x4601,1,0,na,"[0,",0,0,1,1635.8,+17.9dB,13.7us,"[0,",1,300.7,normal,0,valid,-14.4dB,-14.5dB,na,na,,,,
2025-07-30 13:41:08.865724,CSI,0x4601,2,,na,"[4,",,,,,+32.1dB,20.7us,"[0,",1,300.8,normal,0,valid,-12.6dB,-12.6dB,0.19us,+43.6Hz,,"[7,",1011,1
2025-07-30 13:41:08.885519,PHY,0x4601,1,4,na,"[0,",0,0,,0.3,-14.5dB,15.7us,"[0,",1,302.7,normal,0,invalid,-43.7dB,-58.4dB,na,na,no,,,
2025-07-30 13:41:08.885773,CSI,0x4601,2,,na,"[4,",,,,,+30.3dB,13.2us,"[0,",1,302.8,normal,0,valid,-12.6dB,-12.6dB,0.19us,-45.7Hz,,"[7,",1011,1
2025-07-30 13:41:08.905479,PHY,0x4601,1,4,na,"[0,",0,0,,0.5,-20.5dB,15.6us,"[0,",1,304.7,normal,0,invalid,-43.3dB,-64.5dB,na,na,no,,,
2025-07-30 13:41:08.905759,CSI,0x4601,2,,na,"[4,",,,,,+27.5dB,19.4us,"[0,",1,304.8,normal,0,valid,-12.5dB,-12.6dB,0.20us,-59.5Hz,,"[7,",1011,1
2025-07-30 13:41:08.925536,PHY,0x4601,1,4,na,"[0,",0,0,,0.6,-13.6dB,15.1us,"[0,",1,306.7,normal,0,invalid,-43.1dB,-56.8dB,na,na,no,,,
2025-07-30 13:41:08.925655,CSI,0x4601,2,,na,"[4,",,,,,+28.6dB,12.5us,"[0,",1,306.8,normal,0,valid,-12.5dB,-12.5dB,0.20us,+7.0Hz,,"[7,",1011,1
2025-07-30 13:41:08.945493,PHY,0x4601,1,4,na,"[0,",0,0,,0.3,-28.4dB,16.3us,"[0,",1,308.7,normal,0,invalid,-43.5dB,-72.1dB,na,na,no,,,
2025-07-30 13:41:08.945745,CSI,0x4601,2,,na,"[4,",,,,,+31.9dB,11.9us,"[0,",1,308.8,normal,0,valid,-12.6dB,-12.6dB,0.18us,-8.1Hz,,"[7,",1011,1
2025-07-30 13:41:08.965441,PHY,0x4601,1,4,na,"[0,",0,0,,0.2,-21.2dB,14.7us,"[0,",1,310.7,normal,0,invalid,-43.4dB,-65.7dB,na,na,no,,,
2025-07-30 13:41:08.965676,CSI,0x4601,2,,na,"[4,",,,,,+29.3dB,12.0us,"[0,",1,310.8,normal,0,valid,-12.5dB,-12.6dB,0.20us,-36.8Hz,,"[7,",1011,1
2025-07-30 13:41:08.985510,PHY,0x4601,1,4,na,"[0,",0,0,,1847.8,+18.4dB,16.4us,"[0,",1,312.7,normal,0,valid,-14.2dB,-14.3dB,na,na,yes,,,
2025-07-30 13:41:08.985789,CSI,0x4601,2,,na,"[4,",,,,,+28.8dB,13.6us,"[0,",1,312.8,normal,0,valid,-12.5dB,-12.5dB,0.19us,+30.2Hz,,"[7,",1011,1
2025-07-30 13:41:09.005470,PHY,0x4601,1,4,na,"[0,",0,0,2,0.5,-14.8dB,15.7us,"[0,",1,314.7,normal,0,invalid,-43.0dB,-58.3dB,na,na,,,,
2025-07-30 13:41:09.005487,PHY,0x4601,1,0,na,"[0,",0,0,1,1539.1,+17.6dB,12.8us,"[0,",1,314.7,normal,0,valid,-14.4dB,-14.5dB,na,na,,,,
2025-07-30 13:41:09.005716,CSI,0x4601,2,,na,"[4,",,,,,+30.4dB,16.2us,"[0,",1,314.8,normal,0,valid,-12.5dB,-12.6dB,0.20us,-130.3Hz,,"[7,",1011,1
2025-07-30 13:41:09.025529,PHY,0x4601,1,4,na,"[0,",0,0,,0.2,-24.4dB,15.8us,"[0,",1,316.7,normal,0,invalid,-43.6dB,-68.3dB,na,na,no,,,
2025-07-30 13:41:09.025664,CSI,0x4601,2,,na,"[4,",,,,,+30.5dB,14.7us,"[0,",1,316.8,normal,0,valid,-12.4dB,-12.4dB,0.20us,-220.1Hz,,"[7,",1011,1
2025-07-30 13:41:09.045484,PHY,0x4601,1,4,na,"[0,",0,0,,0.2,-18.3dB,14.8us,"[0,",1,318.7,normal,0,invalid,-43.3dB,-62.6dB,na,na,no,,,
2025-07-30 13:41:09.045725,CSI,0x4601,2,,na,"[4,",,,,,+28.4dB,12.6us,"[0,",1,318.8,normal,0,valid,-12.6dB,-12.6dB,0.18us,-63.3Hz,,"[7,",1011,1
2025-07-30 13:41:09.065444,PHY,0x4601,1,4,na,"[0,",0,0,,0.1,-18.6dB,15.1us,"[0,",1,320.7,normal,0,invalid,-43.5dB,-62.8dB,na,na,no,,,
2025-07-30 13:41:09.065680,CSI,0x4601,2,,na,"[4,",,,,,+34.5dB,12.2us,"[0,",1,320.8,normal,0,valid,-12.4dB,-12.5dB,0.19us,-90.8Hz,,"[7,",1011,1
2025-07-30 13:41:09.085514,PHY,0x4601,1,4,na,"[0,",0,0,,1563.0,+17.7dB,22.0us,"[0,",1,322.7,normal,0,valid,-14.2dB,-14.3dB,na,na,yes,,,
2025-07-30 13:41:09.085746,CSI,0x4601,2,,na,"[4,",,,,,+33.5dB,12.7us,"[0,",1,322.8,normal,0,valid,-12.6dB,-12.6dB,0.19us,+42.4Hz,,"[7,",1011,1
2025-07-30 13:41:09.105469,PHY,0x4601,1,4,na,"[0,",0,0,2,0.5,-17.1dB,23.8us,"[0,",1,324.7,normal,0,invalid,-42.9dB,-60.1dB,na,na,,,,
2025-07-30 13:41:09.105484,PHY,0x4601,1,0,na,"[0,",0,0,1,1471.3,+17.4dB,11.6us,"[0,",1,324.7,normal,0,valid,-14.5dB,-14.6dB,na,na,,,,
2025-07-30 13:41:09.105707,CSI,0x4601,2,,na,"[4,",,,,,+35.1dB,15.1us,"[0,",1,324.8,normal,0,valid,-12.6dB,-12.7dB,0.20us,-32.7Hz,,"[7,",1011,1
2025-07-30 13:41:09.125524,PHY,0x4601,1,4,na,"[0,",0,0,,0.1,-29.8dB,15.7us,"[0,",1,326.7,normal,0,invalid,-43.2dB,-74.3dB,na,na,no,,,
2025-07-30 13:41:09.125646,CSI,0x4601,2,,na,"[4,",,,,,+29.7dB,12.7us,"[0,",1,326.8,normal,0,valid,-12.5dB,-12.6dB,0.20us,-134.1Hz,,"[7,",1011,1
2025-07-30 13:41:09.145488,PHY,0x4601,1,4,na,"[0,",0,0,,0.2,-22.1dB,24.9us,"[0,",1,328.7,normal,0,invalid,-43.8dB,-67.1dB,na,na,no,,,
2025-07-30 13:41:09.145726,CSI,0x4601,2,,na,"[4,",,,,,+33.6dB,12.2us,"[0,",1,328.8,normal,0,valid,-12.4dB,-12.5dB,0.17us,-115.9Hz,,"[7,",1011,1
2025-07-30 13:41:09.165436,PHY,0x4601,1,4,na,"[0,",0,0,,1579.2,+17.7dB,14.7us,"[0,",1,330.7,normal,0,valid,-14.2dB,-14.3dB,na,na,yes,,,
2025-07-30 13:41:09.165700,CSI,0x4601,2,,na,"[4,",,,,,+32.1dB,12.3us,"[0,",1,330.8,normal,0,valid,-12.6dB,-12.7dB,0.19us,-28.9Hz,,"[7,",1011,1
2025-07-30 13:41:09.185745,CSI,0x4601,2,,na,"[4,",,,,,+32.5dB,11.7us,"[0,",1,332.8,normal,0,valid,-12.5dB,-12.5dB,0.18us,+72.2Hz,,"[7,",1011,1
2025-07-30 13:41:09.195535,PHY,0x4601,1,0,na,"[0,",0,0,1,1510.6,+17.5dB,16.5us,"[0,",1,333.7,normal,0,valid,-14.4dB,-14.5dB,na,na,,,,
2025-07-30 13:41:09.200501,PHY,0x4601,1,0,na,"[0,",0,0,1,1566.4,+17.7dB,17.1us,"[0,",1,333.17,normal,0,valid,-14.4dB,-14.5dB,na,na,,,,
2025-07-30 13:41:09.205454,PHY,0x4601,1,4,na,"[0,",0,0,,1652.9,+17.9dB,16.4us,"[0,",1,334.7,normal,0,valid,-14.3dB,-14.3dB,na,na,yes,,,
2025-07-30 13:41:09.205723,CSI,0x4601,2,,na,"[4,",,,,,+31.2dB,16.2us,"[0,",1,334.8,normal,0,valid,-12.7dB,-12.7dB,0.22us,-12.7Hz,,"[7,",1011,1
2025-07-30 13:41:09.225754,CSI,0x4601,2,,na,"[4,",,,,,+31.4dB,13.9us,"[0,",1,336.8,normal,0,valid,-12.7dB,-12.7dB,0.19us,-86.3Hz,,"[7,",1011,1
2025-07-30 13:41:09.245750,CSI,0x4601,2,,na,"[4,",,,,,+30.7dB,14.1us,"[0,",1,338.8,normal,0,valid,-12.6dB,-12.6dB,0.18us,-139.4Hz,,"[7,",1101,1
2025-07-30 13:41:09.265667,CSI,0x4601,2,,na,"[4,",,,,,+28.4dB,13.7us,"[0,",1,340.8,normal,0,valid,-12.6dB,-12.6dB,0.21us,+67.3Hz,,"[7,",1101,1
2025-07-30 13:41:09.285749,CSI,0x4601,2,,na,"[4,",,,,,+32.1dB,14.2us,"[0,",1,342.8,normal,0,valid,-12.6dB,-12.6dB,0.19us,-9.1Hz,,"[7,",1101,1
2025-07-30 13:41:09.305701,CSI,0x4601,2,,na,"[4,",,,,,+31.6dB,13.0us,"[0,",1,344.8,normal,0,valid,-12.5dB,-12.5dB,0.20us,-20.1Hz,,"[7,",1101,1
2025-07-30 13:41:09.325750,CSI,0x4601,2,,na,"[4,",,,,,+31.2dB,11.3us,"[0,",1,346.8,normal,0,valid,-12.6dB,-12.6dB,0.20us,-73.6Hz,,"[7,",1101,1
2025-07-30 13:41:09.345743,CSI,0x4601,2,,na,"[4,",,,,,+28.8dB,12.4us,"[0,",1,348.8,normal,0,valid,-12.5dB,-12.6dB,0.20us,-151.2Hz,,"[7,",1101,1
2025-07-30 13:41:09.365664,CSI,0x4601,2,,na,"[4,",,,,,+30.2dB,11.6us,"[0,",1,350.8,normal,0,valid,-12.5dB,-12.5dB,0.17us,-212.7Hz,,"[7,",1101,1
2025-07-30 13:41:09.385720,CSI,0x4601,2,,na,"[4,",,,,,+30.0dB,11.6us,"[0,",1,352.8,normal,0,valid,-12.4dB,-12.5dB,0.20us,-126.9Hz,,"[7,",1101,1
2025-07-30 13:41:09.405725,CSI,0x4601,2,,na,"[4,",,,,,+33.5dB,13.7us,"[0,",1,354.8,normal,0,valid,-12.5dB,-12.5dB,0.20us,-82.9Hz,,"[7,",1101,1
2025-07-30 13:41:09.425736,CSI,0x4601,2,,na,"[4,",,,,,+33.0dB,12.7us,"[0,",1,356.8,normal,0,valid,-12.5dB,-12.6dB,0.22us,-19.6Hz,,"[7,",1101,1
2025-07-30 13:41:09.445694,CSI,0x4601,2,,na,"[4,",,,,,+30.6dB,14.2us,"[0,",1,358.8,normal,0,valid,-12.4dB,-12.5dB,0.19us,+50.3Hz,,"[7,",1110,1
2025-07-30 13:41:09.465651,CSI,0x4601,2,,na,"[4,",,,,,+29.1dB,12.0us,"[0,",1,360.8,normal,0,valid,-12.6dB,-12.6dB,0.18us,+79.8Hz,,"[7,",1110,1
2025-07-30 13:41:09.485722,CSI,0x4601,2,,na,"[4,",,,,,+32.4dB,11.4us,"[0,",1,362.8,normal,0,valid,-12.4dB,-12.5dB,0.18us,+56.8Hz,,"[7,",1110,1
2025-07-30 13:41:09.505661,CSI,0x4601,2,,na,"[4,",,,,,+29.5dB,12.8us,"[0,",1,364.8,normal,0,valid,-12.5dB,-12.5dB,0.17us,-15.6Hz,,"[7,",1110,1
2025-07-30 13:41:09.525730,CSI,0x4601,2,,na,"[4,",,,,,+33.0dB,11.9us,"[0,",1,366.8,normal,0,valid,-12.5dB,-12.5dB,0.19us,-63.7Hz,,"[7,",1110,1
2025-07-30 13:41:09.545728,CSI,0x4601,2,,na,"[4,",,,,,+32.3dB,17.0us,"[0,",1,368.8,normal,0,valid,-12.4dB,-12.4dB,0.19us,-162.1Hz,,"[7,",1110,1
2025-07-30 13:41:09.565771,CSI,0x4601,2,,na,"[4,",,,,,+32.0dB,12.4us,"[0,",1,370.8,normal,0,valid,-12.6dB,-12.6dB,0.18us,-8.6Hz,,"[7,",1110,1
2025-07-30 13:41:09.585746,CSI,0x4601,2,,na,"[4,",,,,,+33.2dB,11.8us,"[0,",1,372.8,normal,0,valid,-12.5dB,-12.5dB,0.18us,+47.7Hz,,"[7,",1110,1
2025-07-30 13:41:09.605674,CSI,0x4601,2,,na,"[4,",,,,,+28.2dB,12.2us,"[0,",1,374.8,normal,0,valid,-12.4dB,-12.5dB,0.19us,+34.7Hz,,"[7,",1111,1
2025-07-30 13:41:09.625748,CSI,0x4601,2,,na,"[4,",,,,,+31.2dB,11.3us,"[0,",1,376.8,normal,0,valid,-12.4dB,-12.5dB,0.20us,-70.4Hz,,"[7,",1111,1
2025-07-30 13:41:09.645713,CSI,0x4601,2,,na,"[4,",,,,,+26.8dB,12.0us,"[0,",1,378.8,normal,0,valid,-12.4dB,-12.5dB,0.19us,-44.0Hz,,"[7,",1111,1
2025-07-30 13:41:09.665760,CSI,0x4601,2,,na,"[4,",,,,,+30.9dB,14.5us,"[0,",1,380.8,normal,0,valid,-12.5dB,-12.6dB,0.20us,-101.4Hz,,"[7,",1111,1
2025-07-30 13:41:09.685717,CSI,0x4601,2,,na,"[4,",,,,,+30.3dB,11.0us,"[0,",1,382.8,normal,0,valid,-12.5dB,-12.5dB,0.18us,-76.0Hz,,"[7,",1111,1
2025-07-30 13:41:09.705662,CSI,0x4601,2,,na,"[4,",,,,,+25.8dB,11.8us,"[0,",1,384.8,normal,0,valid,-12.5dB,-12.5dB,0.21us,-38.2Hz,,"[7,",1111,1
2025-07-30 13:41:09.725731,CSI,0x4601,2,,na,"[4,",,,,,+28.9dB,10.9us,"[0,",1,386.8,normal,0,valid,-12.5dB,-12.6dB,0.18us,-126.9Hz,,"[7,",1111,1
2025-07-30 13:41:09.745695,CSI,0x4601,2,,na,"[4,",,,,,+29.9dB,11.1us,"[0,",1,388.8,normal,0,valid,-12.5dB,-12.5dB,0.18us,-158.5Hz,,"[7,",1111,1
2025-07-30 13:41:09.765779,CSI,0x4601,2,,na,"[4,",,,,,+32.9dB,11.4us,"[0,",1,390.8,normal,0,valid,-12.6dB,-12.6dB,0.21us,-163.1Hz,,"[7,",1111,1
2025-07-30 13:41:09.785734,CSI,0x4601,2,,na,"[4,",,,,,+31.2dB,11.7us,"[0,",1,392.8,normal,0,valid,-12.4dB,-12.4dB,0.20us,-28.9Hz,,"[7,",1111,1
2025-07-30 13:41:09.805665,CSI,0x4601,2,,na,"[4,",,,,,+33.6dB,10.4us,"[0,",1,394.8,normal,0,valid,-12.5dB,-12.5dB,0.19us,-130.0Hz,,"[7,",1111,1
2025-07-30 13:41:09.825765,CSI,0x4601,2,,na,"[4,",,,,,+31.1dB,14.7us,"[0,",1,396.8,normal,0,valid,-12.5dB,-12.5dB,0.21us,-121.5Hz,,"[7,",1111,1
2025-07-30 13:41:09.845709,CSI,0x4601,2,,na,"[4,",,,,,+31.4dB,17.5us,"[0,",1,398.8,normal,0,valid,-12.6dB,-12.6dB,0.22us,-135.9Hz,,"[7,",1111,1
2025-07-30 13:41:09.865766,CSI,0x4601,2,,na,"[4,",,,,,+29.6dB,13.1us,"[0,",1,400.8,normal,0,valid,-12.5dB,-12.6dB,0.18us,-50.5Hz,,"[7,",1111,1
2025-07-30 13:41:09.885694,CSI,0x4601,2,,na,"[4,",,,,,+30.5dB,11.4us,"[0,",1,402.8,normal,0,valid,-12.5dB,-12.6dB,0.18us,-35.7Hz,,"[7,",1111,1
2025-07-30 13:41:09.905805,CSI,0x4601,2,,na,"[4,",,,,,+28.0dB,12.7us,"[0,",1,404.8,normal,0,valid,-12.5dB,-12.5dB,0.17us,-85.9Hz,,"[7,",1111,1
2025-07-30 13:41:09.925725,CSI,0x4601,2,,na,"[4,",,,,,+31.8dB,12.1us,"[0,",1,406.8,normal,0,valid,-12.4dB,-12.5dB,0.20us,-38.8Hz,,"[7,",1111,1
2025-07-30 13:41:09.945664,CSI,0x4601,2,,na,"[4,",,,,,+30.0dB,15.2us,"[0,",1,408.8,normal,0,valid,-12.5dB,-12.6dB,0.21us,-77.3Hz,,"[7,",1111,1
2025-07-30 13:41:09.965726,CSI,0x4601,2,,na,"[4,",,,,,+28.8dB,11.5us,"[0,",1,410.8,normal,0,valid,-12.2dB,-12.3dB,0.18us,-162.9Hz,,"[7,",1111,1
2025-07-30 13:41:09.985729,CSI,0x4601,2,,na,"[4,",,,,,+30.8dB,12.9us,"[0,",1,412.8,normal,0,valid,-12.4dB,-12.5dB,0.18us,-127.3Hz,,"[7,",1111,1
2025-07-30 13:41:10.005764,CSI,0x4601,2,,na,"[4,",,,,,+30.0dB,12.1us,"[0,",1,414.8,normal,0,valid,-12.5dB,-12.6dB,0.19us,-130.9Hz,,"[7,",1111,1
2025-07-30 13:41:10.025741,CSI,0x4601,2,,na,"[4,",,,,,+32.2dB,13.6us,"[0,",1,416.8,normal,0,valid,-12.5dB,-12.6dB,0.17us,+2.6Hz,,"[7,",1111,1
2025-07-30 13:41:10.045666,CSI,0x4601,2,,na,"[4,",,,,,+29.8dB,11.3us,"[0,",1,418.8,normal,0,valid,-12.5dB,-12.5dB,0.22us,-174.3Hz,,"[7,",1111,1
2025-07-30 13:41:10.065741,CSI,0x4601,2,,na,"[4,",,,,,+28.1dB,12.1us,"[0,",1,420.8,normal,0,valid,-12.5dB,-12.5dB,0.20us,-138.4Hz,,"[7,",1111,1
2025-07-30 13:41:10.085721,CSI,0x4601,2,,na,"[4,",,,,,+33.0dB,12.0us,"[0,",1,422.8,normal,0,valid,-12.4dB,-12.5dB,0.19us,-176.9Hz,,"[7,",1111,1
2025-07-30 13:41:10.105769,CSI,0x4601,2,,na,"[4,",,,,,+30.8dB,11.4us,"[0,",1,424.8,normal,0,valid,-12.5dB,-12.5dB,0.20us,-256.9Hz,,"[7,",1111,1
2025-07-30 13:41:10.125713,CSI,0x4601,2,,na,"[4,",,,,,+30.5dB,12.5us,"[0,",1,426.8,normal,0,valid,-12.4dB,-12.5dB,0.19us,-35.1Hz,,"[7,",1111,1
2025-07-30 13:41:10.145687,CSI,0x4601,2,,na,"[4,",,,,,+28.7dB,10.7us,"[0,",1,428.8,normal,0,valid,-12.5dB,-12.5dB,0.18us,-81.4Hz,,"[7,",1111,1
2025-07-30 13:41:10.165746,CSI,0x4601,2,,na,"[4,",,,,,+31.9dB,11.6us,"[0,",1,430.8,normal,0,valid,-12.5dB,-12.5dB,0.20us,-126.0Hz,,"[7,",1111,1
2025-07-30 13:41:10.185700,CSI,0x4601,2,,na,"[4,",,,,,+34.2dB,12.2us,"[0,",1,432.8,normal,0,valid,-12.5dB,-12.6dB,0.21us,-117.2Hz,,"[7,",1111,1
2025-07-30 13:41:10.201015,PHY,0x4601,1,0,na,"[0,",0,0,1,1466.3,+17.4dB,19.5us,"[0,",1,433.18,normal,0,valid,-14.4dB,-14.5dB,na,na,,,,
2025-07-30 13:41:10.205732,CSI,0x4601,2,,na,"[4,",,,,,+30.4dB,12.7us,"[0,",1,434.8,normal,0,valid,-12.6dB,-12.6dB,0.17us,-56.0Hz,,"[7,",1111,1
2025-07-30 13:41:10.225718,CSI,0x4601,2,,na,"[4,",,,,,+30.4dB,13.0us,"[0,",1,436.8,normal,0,valid,-12.4dB,-12.5dB,0.18us,-115.9Hz,,"[7,",1111,1
2025-07-30 13:41:10.245757,CSI,0x4601,2,,na,"[4,",,,,,+37.5dB,24.9us,"[0,",1,438.8,normal,0,valid,-12.4dB,-12.5dB,0.20us,-47.2Hz,,"[7,",1111,1
2025-07-30 13:41:10.265707,CSI,0x4601,2,,na,"[4,",,,,,+32.9dB,15.0us,"[0,",1,440.8,normal,0,valid,-12.5dB,-12.5dB,0.20us,+51.6Hz,,"[7,",1111,1
2025-07-30 13:41:10.285679,CSI,0x4601,2,,na,"[4,",,,,,+30.8dB,14.7us,"[0,",1,442.8,normal,0,valid,-12.5dB,-12.5dB,0.18us,-102.0Hz,,"[7,",1111,1
2025-07-30 13:41:10.305735,CSI,0x4601,2,,na,"[4,",,,,,+30.8dB,12.5us,"[0,",1,444.8,normal,0,valid,-12.5dB,-12.5dB,0.20us,+52.8Hz,,"[7,",1111,1
2025-07-30 13:41:10.325727,CSI,0x4601,2,,na,"[4,",,,,,+29.6dB,12.6us,"[0,",1,446.8,normal,0,valid,-12.5dB,-12.6dB,0.17us,-94.1Hz,,"[7,",1111,1
2025-07-30 13:41:10.345751,CSI,0x4601,2,,na,"[4,",,,,,+32.6dB,13.5us,"[0,",1,448.8,normal,0,valid,-12.5dB,-12.5dB,0.20us,-164.4Hz,,"[7,",1111,1
2025-07-30 13:41:10.365747,CSI,0x4601,2,,na,"[4,",,,,,+26.9dB,14.2us,"[0,",1,450.8,normal,0,valid,-12.6dB,-12.6dB,0.19us,+15.1Hz,,"[7,",1111,1
2025-07-30 13:41:10.385666,CSI,0x4601,2,,na,"[4,",,,,,+29.6dB,12.0us,"[0,",1,452.8,normal,0,valid,-12.4dB,-12.5dB,0.18us,-164.7Hz,,"[7,",1111,1
2025-07-30 13:41:10.405770,CSI,0x4601,2,,na,"[4,",,,,,+33.4dB,17.5us,"[0,",1,454.8,normal,0,valid,-12.5dB,-12.5dB,0.19us,-10.6Hz,,"[7,",1111,1
2025-07-30 13:41:10.425679,CSI,0x4601,2,,na,"[4,",,,,,+28.5dB,15.3us,"[0,",1,456.8,normal,0,valid,-12.4dB,-12.5dB,0.21us,-165.8Hz,,"[7,",1111,1
2025-07-30 13:41:10.445786,CSI,0x4601,2,,na,"[4,",,,,,+31.2dB,14.7us,"[0,",1,458.8,normal,0,valid,-12.5dB,-12.5dB,0.19us,-11.9Hz,,"[7,",1111,1
2025-07-30 13:41:10.465695,CSI,0x4601,2,,na,"[4,",,,,,+30.4dB,13.1us,"[0,",1,460.8,normal,0,valid,-12.6dB,-12.7dB,0.20us,+38.5Hz,,"[7,",1111,1
2025-07-30 13:41:10.485650,CSI,0x4601,2,,na,"[4,",,,,,+31.9dB,12.2us,"[0,",1,462.8,normal,0,valid,-12.6dB,-12.6dB,0.22us,-305.7Hz,,"[7,",1111,1
2025-07-30 13:41:10.505748,CSI,0x4601,2,,na,"[4,",,,,,+31.0dB,14.9us,"[0,",1,464.8,normal,0,valid,-12.4dB,-12.5dB,0.21us,-130.8Hz,,"[7,",1111,1
2025-07-30 13:41:10.525712,CSI,0x4601,2,,na,"[4,",,,,,+28.6dB,12.9us,"[0,",1,466.8,normal,0,valid,-12.5dB,-12.5dB,0.21us,-143.0Hz,,"[7,",1111,1
2025-07-30 13:41:10.545784,CSI,0x4601,2,,na,"[4,",,,,,+28.6dB,21.4us,"[0,",1,468.8,normal,0,valid,-12.6dB,-12.6dB,0.21us,-113.0Hz,,"[7,",1111,1
2025-07-30 13:41:10.565737,CSI,0x4601,2,,na,"[4,",,,,,+29.6dB,15.9us,"[0,",1,470.8,normal,0,valid,-12.5dB,-12.5dB,0.20us,-47.6Hz,,"[7,",1111,1
2025-07-30 13:41:10.585796,CSI,0x4601,2,,na,"[4,",,,,,+31.3dB,13.4us,"[0,",1,472.8,normal,0,valid,-12.5dB,-12.5dB,0.22us,-188.6Hz,,"[7,",1111,1
2025-07-30 13:41:10.605750,CSI,0x4601,2,,na,"[4,",,,,,+32.5dB,11.7us,"[0,",1,474.8,normal,0,valid,-12.5dB,-12.6dB,0.19us,-207.8Hz,,"[7,",1111,1
2025-07-30 13:41:10.625661,CSI,0x4601,2,,na,"[4,",,,,,+32.7dB,13.6us,"[0,",1,476.8,normal,0,valid,-12.4dB,-12.5dB,0.22us,-219.4Hz,,"[7,",1111,1
2025-07-30 13:41:10.645759,CSI,0x4601,2,,na,"[4,",,,,,+33.6dB,12.3us,"[0,",1,478.8,normal,0,valid,-12.5dB,-12.5dB,0.20us,+42.8Hz,,"[7,",1111,1
2025-07-30 13:41:10.665691,CSI,0x4601,2,,na,"[4,",,,,,+32.1dB,16.0us,"[0,",1,480.8,normal,0,valid,-12.5dB,-12.6dB,0.20us,-126.1Hz,,"[7,",1111,1
2025-07-30 13:41:10.685760,CSI,0x4601,2,,na,"[4,",,,,,+33.1dB,16.4us,"[0,",1,482.8,normal,0,valid,-12.4dB,-12.5dB,0.20us,-98.2Hz,,"[7,",1111,1
2025-07-30 13:41:10.705742,CSI,0x4601,2,,na,"[4,",,,,,+31.4dB,13.6us,"[0,",1,484.8,normal,0,valid,-12.5dB,-12.5dB,0.19us,+46.4Hz,,"[7,",1111,1
2025-07-30 13:41:10.725662,CSI,0x4601,2,,na,"[4,",,,,,+29.5dB,13.6us,"[0,",1,486.8,normal,0,valid,-12.6dB,-12.7dB,0.19us,-166.0Hz,,"[7,",1111,1
2025-07-30 13:41:10.745758,CSI,0x4601,2,,na,"[4,",,,,,+34.3dB,24.3us,"[0,",1,488.8,normal,0,valid,-12.5dB,-12.6dB,0.21us,-130.1Hz,,"[7,",1111,1
2025-07-30 13:41:10.765709,CSI,0x4601,2,,na,"[4,",,,,,+32.6dB,16.4us,"[0,",1,490.8,normal,0,valid,-12.5dB,-12.6dB,0.20us,-6.6Hz,,"[7,",1111,1
2025-07-30 13:41:10.785774,CSI,0x4601,2,,na,"[4,",,,,,+31.7dB,15.5us,"[0,",1,492.8,normal,0,valid,-12.5dB,-12.5dB,0.20us,-218.3Hz,,"[7,",1111,1
2025-07-30 13:41:10.805730,CSI,0x4601,2,,na,"[4,",,,,,+30.4dB,11.7us,"[0,",1,494.8,normal,0,valid,-12.4dB,-12.5dB,0.19us,-89.5Hz,,"[7,",1111,1
2025-07-30 13:41:10.825681,CSI,0x4601,2,,na,"[4,",,,,,+31.7dB,19.5us,"[0,",1,496.8,normal,0,valid,-12.6dB,-12.6dB,0.21us,+3.0Hz,,"[7,",1111,1
2025-07-30 13:41:10.845750,CSI,0x4601,2,,na,"[4,",,,,,+31.5dB,14.7us,"[0,",1,498.8,normal,0,valid,-12.5dB,-12.6dB,0.22us,-132.3Hz,,"[7,",1111,1
2025-07-30 13:41:10.865714,CSI,0x4601,2,,na,"[4,",,,,,+30.0dB,14.7us,"[0,",1,500.8,normal,0,valid,-12.5dB,-12.6dB,0.18us,-70.1Hz,,"[7,",1111,1
2025-07-30 13:41:10.885763,CSI,0x4601,2,,na,"[4,",,,,,+31.5dB,11.7us,"[0,",1,502.8,normal,0,valid,-12.5dB,-12.5dB,0.21us,-114.3Hz,,"[7,",1111,1
2025-07-30 13:41:10.905686,CSI,0x4601,2,,na,"[4,",,,,,+31.3dB,11.8us,"[0,",1,504.8,normal,0,valid,-12.5dB,-12.5dB,0.23us,-27.3Hz,,"[7,",1111,1
2025-07-30 13:41:10.925787,CSI,0x4601,2,,na,"[4,",,,,,+31.5dB,12.7us,"[0,",1,506.8,normal,0,valid,-12.4dB,-12.5dB,0.19us,-154.9Hz,,"[7,",1111,1
2025-07-30 13:41:10.945710,CSI,0x4601,2,,na,"[4,",,,,,+28.7dB,16.3us,"[0,",1,508.8,normal,0,valid,-12.4dB,-12.5dB,0.21us,-134.0Hz,,"[7,",1111,1
2025-07-30 13:41:10.965660,CSI,0x4601,2,,na,"[4,",,,,,+31.0dB,11.8us,"[0,",1,510.8,normal,0,valid,-12.6dB,-12.7dB,0.17us,-44.1Hz,,"[7,",1111,1
2025-07-30 13:41:10.985736,CSI,0x4601,2,,na,"[4,",,,,,+33.9dB,15.3us,"[0,",1,512.8,normal,0,valid,-12.5dB,-12.5dB,0.19us,-100.8Hz,,"[7,",1111,1
2025-07-30 13:41:11.005721,CSI,0x4601,2,,na,"[4,",,,,,+34.0dB,14.5us,"[0,",1,514.8,normal,0,valid,-12.6dB,-12.6dB,0.20us,+6.3Hz,,"[7,",1111,1
2025-07-30 13:41:11.025770,CSI,0x4601,2,,na,"[4,",,,,,+28.3dB,12.7us,"[0,",1,516.8,normal,0,valid,-12.3dB,-12.3dB,0.22us,-74.8Hz,,"[7,",1111,1
2025-07-30 13:41:11.045703,CSI,0x4601,2,,na,"[4,",,,,,+33.3dB,17.1us,"[0,",1,518.8,normal,0,valid,-12.5dB,-12.6dB,0.21us,-165.9Hz,,"[7,",1111,1
2025-07-30 13:41:11.065671,CSI,0x4601,2,,na,"[4,",,,,,+30.3dB,18.9us,"[0,",1,520.8,normal,0,valid,-12.4dB,-12.5dB,0.21us,-13.6Hz,,"[7,",1111,1
2025-07-30 13:41:11.085767,CSI,0x4601,2,,na,"[4,",,,,,+30.7dB,15.8us,"[0,",1,522.8,normal,0,valid,-12.5dB,-12.6dB,0.19us,-55.8Hz,,"[7,",1111,1
2025-07-30 13:41:11.105720,CSI,0x4601,2,,na,"[4,",,,,,+28.7dB,11.9us,"[0,",1,524.8,normal,0,valid,-12.4dB,-12.5dB,0.22us,-40.3Hz,,"[7,",1111,1
2025-07-30 13:41:11.125758,CSI,0x4601,2,,na,"[4,",,,,,+35.5dB,14.0us,"[0,",1,526.8,normal,0,valid,-12.5dB,-12.5dB,0.19us,+64.4Hz,,"[7,",1111,1
2025-07-30 13:41:11.145697,CSI,0x4601,2,,na,"[4,",,,,,+30.5dB,12.4us,"[0,",1,528.8,normal,0,valid,-12.4dB,-12.5dB,0.20us,-104.4Hz,,"[7,",1111,1
2025-07-30 13:41:11.165658,CSI,0x4601,2,,na,"[4,",,,,,+26.8dB,13.6us,"[0,",1,530.8,normal,0,valid,-12.4dB,-12.5dB,0.23us,-87.4Hz,,"[7,",1111,1
2025-07-30 13:41:11.185713,CSI,0x4601,2,,na,"[4,",,,,,+31.6dB,12.5us,"[0,",1,532.8,normal,0,valid,-12.4dB,-12.5dB,0.22us,-86.5Hz,,"[7,",1111,1
2025-07-30 13:41:11.200961,PHY,0x4601,1,0,na,"[0,",0,0,1,1181.1,+16.4dB,26.8us,"[0,",1,533.18,normal,0,valid,-14.3dB,-14.4dB,na,na,,,,
2025-07-30 13:41:11.205715,CSI,0x4601,2,,na,"[4,",,,,,+32.6dB,12.8us,"[0,",1,534.8,normal,0,valid,-12.4dB,-12.5dB,0.21us,-47.5Hz,,"[7,",1111,1
2025-07-30 13:41:11.225778,CSI,0x4601,2,,na,"[4,",,,,,+27.8dB,12.3us,"[0,",1,536.8,normal,0,valid,-12.5dB,-12.5dB,0.22us,-96.6Hz,,"[7,",1111,1
2025-07-30 13:41:11.245731,CSI,0x4601,2,,na,"[4,",,,,,+33.7dB,12.0us,"[0,",1,538.8,normal,0,valid,-12.5dB,-12.5dB,0.23us,-142.8Hz,,"[7,",1111,1
2025-07-30 13:41:11.265794,CSI,0x4601,2,,na,"[4,",,,,,+29.8dB,14.8us,"[0,",1,540.8,normal,0,valid,-12.4dB,-12.4dB,0.20us,+1.3Hz,,"[7,",1111,1
2025-07-30 13:41:11.285714,CSI,0x4601,2,,na,"[4,",,,,,+30.4dB,11.8us,"[0,",1,542.8,normal,0,valid,-12.4dB,-12.4dB,0.21us,-39.6Hz,,"[7,",1111,1
2025-07-30 13:41:11.305673,CSI,0x4601,2,,na,"[4,",,,,,+31.2dB,14.6us,"[0,",1,544.8,normal,0,valid,-12.5dB,-12.5dB,0.20us,-54.9Hz,,"[7,",1111,1
2025-07-30 13:41:11.325763,CSI,0x4601,2,,na,"[4,",,,,,+32.6dB,15.1us,"[0,",1,546.8,normal,0,valid,-12.3dB,-12.4dB,0.18us,-38.0Hz,,"[7,",1111,1
2025-07-30 13:41:11.345716,CSI,0x4601,2,,na,"[4,",,,,,+27.9dB,12.2us,"[0,",1,548.8,normal,0,valid,-12.4dB,-12.5dB,0.21us,-59.9Hz,,"[7,",1111,1
2025-07-30 13:41:11.365784,CSI,0x4601,2,,na,"[4,",,,,,+30.9dB,12.2us,"[0,",1,550.8,normal,0,valid,-12.5dB,-12.6dB,0.20us,-110.5Hz,,"[7,",1111,1
2025-07-30 13:41:11.385738,CSI,0x4601,2,,na,"[4,",,,,,+30.7dB,11.7us,"[0,",1,552.8,normal,0,valid,-12.4dB,-12.5dB,0.21us,-177.8Hz,,"[7,",1111,1
2025-07-30 13:41:11.405674,CSI,0x4601,2,,na,"[4,",,,,,+30.5dB,11.8us,"[0,",1,554.8,normal,0,valid,-12.4dB,-12.4dB,0.21us,-52.0Hz,,"[7,",1111,1
2025-07-30 13:41:11.425718,CSI,0x4601,2,,na,"[4,",,,,,+31.8dB,11.9us,"[0,",1,556.8,normal,0,valid,-12.4dB,-12.5dB,0.20us,-82.6Hz,,"[7,",1111,1
2025-07-30 13:41:11.445707,CSI,0x4601,2,,na,"[4,",,,,,+32.3dB,12.2us,"[0,",1,558.8,normal,0,valid,-12.4dB,-12.5dB,0.21us,-118.9Hz,,"[7,",1111,1
2025-07-30 13:41:11.465739,CSI,0x4601,2,,na,"[4,",,,,,+31.8dB,11.2us,"[0,",1,560.8,normal,0,valid,-12.3dB,-12.4dB,0.21us,-64.8Hz,,"[7,",1111,1
2025-07-30 13:41:11.485717,CSI,0x4601,2,,na,"[4,",,,,,+32.0dB,14.3us,"[0,",1,562.8,normal,0,valid,-12.4dB,-12.4dB,0.21us,-109.4Hz,,"[7,",1111,1
2025-07-30 13:41:11.505655,CSI,0x4601,2,,na,"[4,",,,,,+33.5dB,11.3us,"[0,",1,564.8,normal,0,valid,-12.5dB,-12.5dB,0.22us,-105.9Hz,,"[7,",1111,1
2025-07-30 13:41:11.525721,CSI,0x4601,2,,na,"[4,",,,,,+33.4dB,13.4us,"[0,",1,566.8,normal,0,valid,-12.4dB,-12.4dB,0.21us,-42.6Hz,,"[7,",1111,1
2025-07-30 13:41:11.545668,CSI,0x4601,2,,na,"[4,",,,,,+26.7dB,11.3us,"[0,",1,568.8,normal,0,valid,-12.4dB,-12.4dB,0.21us,-81.5Hz,,"[7,",1111,1
2025-07-30 13:41:11.565744,CSI,0x4601,2,,na,"[4,",,,,,+28.8dB,11.4us,"[0,",1,570.8,normal,0,valid,-12.4dB,-12.4dB,0.21us,-12.2Hz,,"[7,",1111,1
2025-07-30 13:41:11.585724,CSI,0x4601,2,,na,"[4,",,,,,+31.3dB,17.6us,"[0,",1,572.8,normal,0,valid,-12.5dB,-12.5dB,0.19us,-46.3Hz,,"[7,",1111,1
2025-07-30 13:41:11.605747,CSI,0x4601,2,,na,"[4,",,,,,+30.3dB,11.7us,"[0,",1,574.8,normal,0,valid,-12.4dB,-12.5dB,0.22us,-110.3Hz,,"[7,",1111,1
2025-07-30 13:41:11.625707,CSI,0x4601,2,,na,"[4,",,,,,+30.3dB,12.5us,"[0,",1,576.8,normal,0,valid,-12.6dB,-12.6dB,0.22us,-44.5Hz,,"[7,",1111,1
2025-07-30 13:41:11.645655,CSI,0x4601,2,,na,"[4,",,,,,+31.3dB,11.4us,"[0,",1,578.8,normal,0,valid,-12.5dB,-12.6dB,0.23us,-123.1Hz,,"[7,",1111,1
2025-07-30 13:41:11.665737,CSI,0x4601,2,,na,"[4,",,,,,+33.3dB,12.0us,"[0,",1,580.8,normal,0,valid,-12.6dB,-12.7dB,0.22us,-93.6Hz,,"[7,",1111,1
2025-07-30 13:41:11.685681,CSI,0x4601,2,,na,"[4,",,,,,+28.9dB,11.3us,"[0,",1,582.8,normal,0,valid,-12.5dB,-12.5dB,0.22us,-236.2Hz,,"[7,",1111,1
2025-07-30 13:41:11.705789,CSI,0x4601,2,,na,"[4,",,,,,+31.7dB,11.8us,"[0,",1,584.8,normal,0,valid,-12.5dB,-12.5dB,0.20us,-91.7Hz,,"[7,",1111,1
2025-07-30 13:41:11.725719,CSI,0x4601,2,,na,"[4,",,,,,+30.6dB,11.3us,"[0,",1,586.8,normal,0,valid,-12.5dB,-12.5dB,0.20us,-96.4Hz,,"[7,",1111,1
2025-07-30 13:41:11.745665,CSI,0x4601,2,,na,"[4,",,,,,+32.0dB,14.3us,"[0,",1,588.8,normal,0,valid,-12.5dB,-12.6dB,0.21us,-164.2Hz,,"[7,",1111,1
2025-07-30 13:41:11.765730,CSI,0x4601,2,,na,"[4,",,,,,+27.5dB,14.0us,"[0,",1,590.8,normal,0,valid,-12.5dB,-12.6dB,0.20us,-93.4Hz,,"[7,",1111,1
2025-07-30 13:41:11.785674,CSI,0x4601,2,,na,"[4,",,,,,+28.5dB,11.8us,"[0,",1,592.8,normal,0,valid,-12.5dB,-12.6dB,0.21us,-111.7Hz,,"[7,",1111,1
2025-07-30 13:41:11.805777,CSI,0x4601,2,,na,"[4,",,,,,+30.2dB,13.6us,"[0,",1,594.8,normal,0,valid,-12.5dB,-12.5dB,0.22us,-121.3Hz,,"[7,",1111,1
2025-07-30 13:41:11.825737,CSI,0x4601,2,,na,"[4,",,,,,+31.1dB,11.3us,"[0,",1,596.8,normal,0,valid,-12.6dB,-12.6dB,0.21us,-7.8Hz,,"[7,",1111,1
2025-07-30 13:41:11.845665,CSI,0x4601,2,,na,"[4,",,,,,+31.4dB,17.5us,"[0,",1,598.8,normal,0,valid,-12.6dB,-12.6dB,0.21us,-172.4Hz,,"[7,",1111,1
2025-07-30 13:41:11.865716,CSI,0x4601,2,,na,"[4,",,,,,+31.2dB,11.8us,"[0,",1,600.8,normal,0,valid,-12.5dB,-12.6dB,0.20us,-68.9Hz,,"[7,",1111,1
2025-07-30 13:41:11.885692,CSI,0x4601,2,,na,"[4,",,,,,+32.3dB,13.3us,"[0,",1,602.8,normal,0,valid,-12.6dB,-12.6dB,0.21us,-112.2Hz,,"[7,",1111,1
2025-07-30 13:41:11.905757,CSI,0x4601,2,,na,"[4,",,,,,+29.4dB,10.8us,"[0,",1,604.8,normal,0,valid,-12.5dB,-12.5dB,0.21us,-77.1Hz,,"[7,",1111,1
2025-07-30 13:41:11.925729,CSI,0x4601,2,,na,"[4,",,,,,+30.5dB,11.2us,"[0,",1,606.8,normal,0,valid,-12.6dB,-12.7dB,0.21us,-23.6Hz,,"[7,",1111,1
2025-07-30 13:41:11.945772,CSI,0x4601,2,,na,"[4,",,,,,+27.9dB,12.2us,"[0,",1,608.8,normal,0,valid,-12.5dB,-12.6dB,0.23us,-73.3Hz,,"[7,",1111,1
2025-07-30 13:41:11.965746,CSI,0x4601,2,,na,"[4,",,,,,+29.1dB,11.8us,"[0,",1,610.8,normal,0,valid,-12.5dB,-12.6dB,0.21us,-163.4Hz,,"[7,",1111,1
2025-07-30 13:41:11.985668,CSI,0x4601,2,,na,"[4,",,,,,+31.3dB,11.3us,"[0,",1,612.8,normal,0,valid,-12.6dB,-12.6dB,0.21us,-47.3Hz,,"[7,",1111,1
2025-07-30 13:41:12.005724,CSI,0x4601,2,,na,"[4,",,,,,+29.7dB,13.7us,"[0,",1,614.8,normal,0,valid,-12.5dB,-12.6dB,0.22us,-179.6Hz,,"[7,",1111,1
2025-07-30 13:41:12.025715,CSI,0x4601,2,,na,"[4,",,,,,+33.8dB,13.4us,"[0,",1,616.8,normal,0,valid,-12.6dB,-12.6dB,0.21us,-220.6Hz,,"[7,",1111,1
2025-07-30 13:41:12.045745,CSI,0x4601,2,,na,"[4,",,,,,+29.8dB,11.8us,"[0,",1,618.8,normal,0,valid,-12.6dB,-12.7dB,0.25us,-155.6Hz,,"[7,",1111,1
2025-07-30 13:41:12.065721,CSI,0x4601,2,,na,"[4,",,,,,+30.0dB,18.8us,"[0,",1,620.8,normal,0,valid,-12.4dB,-12.4dB,0.22us,-177.5Hz,,"[7,",1111,1
2025-07-30 13:41:12.085664,CSI,0x4601,2,,na,"[4,",,,,,+31.0dB,14.8us,"[0,",1,622.8,normal,0,valid,-12.6dB,-12.6dB,0.21us,-236.3Hz,,"[7,",1111,1
2025-07-30 13:41:12.105771,CSI,0x4601,2,,na,"[4,",,,,,+29.9dB,13.4us,"[0,",1,624.8,normal,0,valid,-12.6dB,-12.6dB,0.22us,-115.4Hz,,"[7,",1111,1
2025-07-30 13:41:12.125693,CSI,0x4601,2,,na,"[4,",,,,,+33.8dB,11.9us,"[0,",1,626.8,normal,0,valid,-12.7dB,-12.7dB,0.21us,+8.7Hz,,"[7,",1111,1
2025-07-30 13:41:12.145774,CSI,0x4601,2,,na,"[4,",,,,,+28.7dB,13.2us,"[0,",1,628.8,normal,0,valid,-12.6dB,-12.7dB,0.21us,+76.2Hz,,"[7,",1111,1
2025-07-30 13:41:12.165705,CSI,0x4601,2,,na,"[4,",,,,,+30.5dB,11.9us,"[0,",1,630.8,normal,0,valid,-12.6dB,-12.6dB,0.22us,-159.4Hz,,"[7,",1111,1
2025-07-30 13:41:12.185679,CSI,0x4601,2,,na,"[4,",,,,,+36.3dB,12.1us,"[0,",1,632.8,normal,0,valid,-12.5dB,-12.5dB,0.23us,-97.2Hz,,"[7,",1111,1
2025-07-30 13:41:12.205756,CSI,0x4601,2,,na,"[4,",,,,,+33.0dB,12.4us,"[0,",1,634.8,normal,0,valid,-12.5dB,-12.5dB,0.21us,+29.5Hz,,"[7,",1111,1
2025-07-30 13:41:12.225683,CSI,0x4601,2,,na,"[4,",,,,,+32.4dB,12.2us,"[0,",1,636.8,normal,0,valid,-12.6dB,-12.6dB,0.21us,-91.2Hz,,"[7,",1111,1
2025-07-30 13:41:12.245753,CSI,0x4601,2,,na,"[4,",,,,,+27.7dB,12.4us,"[0,",1,638.8,normal,0,valid,-12.5dB,-12.6dB,0.22us,-173.8Hz,,"[7,",1111,1
2025-07-30 13:41:12.265699,CSI,0x4601,2,,na,"[4,",,,,,+27.5dB,14.2us,"[0,",1,640.8,normal,0,valid,-12.5dB,-12.6dB,0.22us,-95.1Hz,,"[7,",1111,1
2025-07-30 13:41:12.285782,CSI,0x4601,2,,na,"[4,",,,,,+32.1dB,16.3us,"[0,",1,642.8,normal,0,valid,-12.7dB,-12.7dB,0.24us,-121.8Hz,,"[7,",1111,1
2025-07-30 13:41:12.305746,CSI,0x4601,2,,na,"[4,",,,,,+32.1dB,13.4us,"[0,",1,644.8,normal,0,valid,-12.6dB,-12.6dB,0.19us,-72.6Hz,,"[7,",1111,1
2025-07-30 13:41:12.325685,CSI,0x4601,2,,na,"[4,",,,,,+28.3dB,13.5us,"[0,",1,646.8,normal,0,valid,-12.5dB,-12.6dB,0.23us,-105.4Hz,,"[7,",1111,1
2025-07-30 13:41:12.345761,CSI,0x4601,2,,na,"[4,",,,,,+27.3dB,15.6us,"[0,",1,648.8,normal,0,valid,-12.6dB,-12.6dB,0.22us,-37.0Hz,,"[7,",1111,1
2025-07-30 13:41:12.365723,CSI,0x4601,2,,na,"[4,",,,,,+32.3dB,13.4us,"[0,",1,650.8,normal,0,valid,-12.6dB,-12.6dB,0.22us,-10.6Hz,,"[7,",1111,1
2025-07-30 13:41:12.371474,PHY,0x4601,1,0,na,"[0,",0,0,1,1222.4,+16.6dB,19.9us,"[0,",1,650.19,normal,0,valid,-14.4dB,-14.4dB,na,na,,,,
2025-07-30 13:41:12.385800,CSI,0x4601,2,,na,"[4,",,,,,+31.3dB,22.5us,"[0,",1,652.8,normal,0,valid,-12.5dB,-12.6dB,0.22us,-28.5Hz,,"[7,",1111,1
2025-07-30 13:41:12.405695,CSI,0x4601,2,,na,"[4,",,,,,+30.7dB,13.3us,"[0,",1,654.8,normal,0,valid,-12.5dB,-12.5dB,0.20us,-1.8Hz,,"[7,",1111,1
2025-07-30 13:41:12.425658,CSI,0x4601,2,,na,"[4,",,,,,+31.6dB,14.7us,"[0,",1,656.8,normal,0,valid,-12.6dB,-12.6dB,0.20us,-91.8Hz,,"[7,",1111,1
2025-07-30 13:41:12.445735,CSI,0x4601,2,,na,"[4,",,,,,+31.6dB,14.4us,"[0,",1,658.8,normal,0,valid,-12.6dB,-12.6dB,0.22us,-47.0Hz,,"[7,",1111,1
2025-07-30 13:41:12.465706,CSI,0x4601,2,,na,"[4,",,,,,+28.0dB,13.0us,"[0,",1,660.8,normal,0,valid,-12.5dB,-12.6dB,0.24us,+18.0Hz,,"[7,",1111,1
2025-07-30 13:41:12.485788,CSI,0x4601,2,,na,"[4,",,,,,+32.2dB,15.3us,"[0,",1,662.8,normal,0,valid,-12.5dB,-12.6dB,0.24us,-43.1Hz,,"[7,",1111,1
2025-07-30 13:41:12.505742,CSI,0x4601,2,,na,"[4,",,,,,+33.9dB,14.2us,"[0,",1,664.8,normal,0,valid,-12.5dB,-12.6dB,0.22us,-144.8Hz,,"[7,",1111,1
2025-07-30 13:41:12.525658,CSI,0x4601,2,,na,"[4,",,,,,+31.4dB,12.5us,"[0,",1,666.8,normal,0,valid,-12.5dB,-12.5dB,0.23us,-111.0Hz,,"[7,",1111,1
2025-07-30 13:41:12.545775,CSI,0x4601,2,,na,"[4,",,,,,+29.7dB,17.8us,"[0,",1,668.8,normal,0,valid,-12.5dB,-12.5dB,0.23us,-74.8Hz,,"[7,",1111,1
2025-07-30 13:41:12.555989,PHY,0x4601,1,0,na,"[0,",0,0,1,1184.5,+16.5dB,19.5us,"[0,",1,669.8,normal,0,valid,-14.4dB,-14.5dB,na,na,,,,
2025-07-30 13:41:12.556460,PHY,0x4601,1,0,na,"[0,",0,0,1,1231.4,+16.7dB,15.6us,"[0,",1,669.9,normal,0,valid,-14.4dB,-14.5dB,na,na,,,,
2025-07-30 13:41:12.565703,CSI,0x4601,2,,na,"[4,",,,,,+31.4dB,13.8us,"[0,",1,670.8,normal,0,valid,-12.6dB,-12.6dB,0.23us,-129.5Hz,,"[7,",1111,1
2025-07-30 13:41:12.575944,PHY,0x4601,1,0,na,"[0,",0,0,1,1175.7,+16.4dB,16.3us,"[0,",1,671.8,normal,0,valid,-14.4dB,-14.5dB,na,na,,,,
2025-07-30 13:41:12.576531,PHY,0x4601,1,0,na,"[0,",0,0,1,1187.3,+16.5dB,15.4us,"[0,",1,671.9,normal,0,valid,-14.4dB,-14.5dB,na,na,,,,
2025-07-30 13:41:12.580084,PHY,0x4601,2,,na,"[0,",,,11111,,+33.9dB,23.7us,"[0,",1,671.17,normal,0,valid,-11.4dB,-11.5dB,0.19us,-9.5Hz,,"[6,",,1
2025-07-30 13:41:12.581011,PHY,0x4601,1,0,na,"[0,",0,0,1,1156.9,+16.4dB,16.6us,"[0,",1,671.18,normal,0,valid,-14.4dB,-14.5dB,na,na,,,,
2025-07-30 13:41:12.585784,CSI,0x4601,2,,na,"[4,",,,,,+32.1dB,16.6us,"[0,",1,672.8,normal,0,valid,-12.6dB,-12.7dB,0.22us,-171.3Hz,,"[7,",1111,1
2025-07-30 13:41:12.596007,PHY,0x4601,1,0,na,"[0,",0,0,1,1240.1,+16.7dB,16.3us,"[0,",1,673.8,normal,0,valid,-14.4dB,-14.5dB,na,na,,,,
2025-07-30 13:41:12.596488,PHY,0x4601,1,0,na,"[0,",0,0,1,1172.6,+16.4dB,24.7us,"[0,",1,673.9,normal,0,valid,-14.4dB,-14.5dB,na,na,,,,
2025-07-30 13:41:12.600029,PHY,0x4601,2,,na,"[0,",,,11111,,+32.2dB,17.6us,"[0,",1,673.17,normal,0,valid,-11.4dB,-11.4dB,0.22us,+97.8Hz,,"[6,",,1
2025-07-30 13:41:12.600969,PHY,0x4601,1,0,na,"[0,",0,0,1,1110.4,+16.2dB,16.0us,"[0,",1,673.18,normal,0,valid,-14.4dB,-14.5dB,na,na,,,,
2025-07-30 13:41:12.601460,PHY,0x4601,1,0,na,"[0,",0,0,1,1146.8,+16.3dB,16.0us,"[0,",1,673.19,normal,0,valid,-14.4dB,-14.5dB,na,na,,,,
2025-07-30 13:41:12.605571,CSI,0x4601,2,,na,"[0,",,,1,,+32.0dB,11.3us,"[0,",1,674.8,normal,0,valid,-11.6dB,-11.6dB,0.21us,-64.9Hz,,"[6,",1111,1
2025-07-30 13:41:12.606513,PHY,0x4601,1,0,na,"[0,",0,0,1,1848.1,+18.4dB,17.3us,"[0,",1,674.9,normal,0,valid,-14.4dB,-14.5dB,na,na,,,,
2025-07-30 13:41:12.610077,PHY,0x4601,2,,na,"[0,",,,111,,+28.4dB,16.5us,"[0,",1,674.17,normal,0,valid,-13.8dB,-13.9dB,0.22us,-182.5Hz,,"[6,",,1
2025-07-30 13:41:12.615982,PHY,0x4601,1,0,na,"[0,",0,0,1,1170.5,+16.4dB,15.9us,"[0,",1,675.8,normal,0,valid,-14.4dB,-14.5dB,na,na,,,,
2025-07-30 13:41:12.616434,PHY,0x4601,1,0,na,"[0,",0,0,1,1207.6,+16.5dB,13.9us,"[0,",1,675.9,normal,0,valid,-14.4dB,-14.6dB,na,na,,,,
2025-07-30 13:41:12.620088,PHY,0x4601,2,,na,"[0,",,,01011,,+31.3dB,14.5us,"[0,",1,675.17,normal,0,valid,-11.5dB,-11.5dB,0.21us,+53.4Hz,,"[6,",,1
2025-07-30 13:41:12.621035,PHY,0x4601,1,0,na,"[0,",0,0,1,1166.1,+16.4dB,17.4us,"[0,",1,675.18,normal,0,valid,-14.4dB,-14.5dB,na,na,,,,
2025-07-30 13:41:12.621513,PHY,0x4601,1,0,na,"[0,",0,0,1,1141.9,+16.3dB,18.2us,"[0,",1,675.19,normal,0,valid,-14.4dB,-14.5dB,na,na,,,,
2025-07-30 13:41:12.625594,CSI,0x4601,2,,na,"[0,",,,1,,+31.8dB,11.1us,"[0,",1,676.8,normal,0,valid,-11.4dB,-11.4dB,0.21us,-58.0Hz,,"[6,",1111,1
2025-07-30 13:41:12.626474,PHY,0x4601,1,0,na,"[0,",0,0,1,1596.0,+17.8dB,15.9us,"[0,",1,676.9,normal,0,valid,-14.4dB,-14.5dB,na,na,,,,
2025-07-30 13:41:12.630007,PHY,0x4601,2,,na,"[0,",,,11111,,+29.6dB,13.1us,"[0,",1,676.17,normal,0,valid,-11.5dB,-11.6dB,0.22us,+26.7Hz,,"[6,",,1
2025-07-30 13:41:12.630958,PHY,0x4601,1,0,na,"[0,",0,0,1,1593.0,+17.8dB,15.8us,"[0,",1,676.18,normal,0,valid,-14.4dB,-14.4dB,na,na,,,,
2025-07-30 13:41:12.631549,PHY,0x4601,1,0,na,"[0,",0,0,1,1575.2,+17.7dB,17.8us,"[0,",1,676.19,normal,0,valid,-14.4dB,-14.5dB,na,na,,,,
2025-07-30 13:41:12.636052,PHY,0x4601,1,0,na,"[0,",0,0,1,1228.9,+16.6dB,17.3us,"[0,",1,677.8,normal,0,valid,-14.4dB,-14.5dB,na,na,,,,
2025-07-30 13:41:12.636520,PHY,0x4601,1,0,na,"[0,",0,0,1,1249.4,+16.7dB,19.4us,"[0,",1,677.9,normal,0,valid,-14.4dB,-14.5dB,na,na,,,,
2025-07-30 13:41:12.640052,PHY,0x4601,2,,na,"[0,",,,11111,,+28.8dB,20.3us,"[0,",1,677.17,normal,0,valid,-11.5dB,-11.5dB,0.20us,-99.4Hz,,"[6,",,1
2025-07-30 13:41:12.640986,PHY,0x4601,1,0,na,"[0,",0,0,1,1187.0,+16.5dB,17.4us,"[0,",1,677.18,normal,0,valid,-14.4dB,-14.5dB,na,na,,,,
2025-07-30 13:41:12.641472,PHY,0x4601,1,0,na,"[0,",0,0,1,1270.3,+16.8dB,19.4us,"[0,",1,677.19,normal,0,valid,-14.4dB,-14.5dB,na,na,,,,
2025-07-30 13:41:12.645643,CSI,0x4601,2,,na,"[0,",,,1,,+32.2dB,14.0us,"[0,",1,678.8,normal,0,valid,-11.4dB,-11.5dB,0.23us,+124.0Hz,,"[6,",1111,1
2025-07-30 13:41:12.646531,PHY,0x4601,1,0,na,"[0,",0,0,1,1091.2,+16.1dB,15.7us,"[0,",1,678.9,normal,0,valid,-14.4dB,-14.5dB,na,na,,,,
2025-07-30 13:41:12.650093,PHY,0x4601,2,,na,"[0,",,,11111,,+31.1dB,14.1us,"[0,",1,678.17,normal,0,valid,-11.6dB,-11.6dB,0.22us,+113.6Hz,,"[6,",,1
2025-07-30 13:41:12.651020,PHY,0x4601,1,0,na,"[0,",0,0,1,1500.8,+17.5dB,16.5us,"[0,",1,678.18,normal,0,valid,-14.4dB,-14.5dB,na,na,,,,
2025-07-30 13:41:12.651495,PHY,0x4601,1,0,na,"[0,",0,0,1,1450.7,+17.3dB,15.8us,"[0,",1,678.19,normal,0,valid,-14.4dB,-14.5dB,na,na,,,,
2025-07-30 13:41:12.655994,PHY,0x4601,1,0,na,"[0,",0,0,1,1203.2,+16.6dB,17.0us,"[0,",1,679.8,normal,0,valid,-14.5dB,-14.5dB,na,na,,,,
2025-07-30 13:41:12.656456,PHY,0x4601,1,0,na,"[0,",0,0,1,1197.2,+16.5dB,14.1us,"[0,",1,679.9,normal,0,valid,-14.5dB,-14.6dB,na,na,,,,
2025-07-30 13:41:12.660104,PHY,0x4601,2,,na,"[0,",,,11111,,+34.5dB,15.3us,"[0,",1,679.17,normal,0,valid,-11.5dB,-11.5dB,0.23us,+29.5Hz,,"[6,",,1
2025-07-30 13:41:12.660947,PHY,0x4601,1,0,na,"[0,",0,0,1,1709.2,+18.1dB,15.3us,"[0,",1,679.18,normal,0,valid,-14.4dB,-14.5dB,na,na,,,,
2025-07-30 13:41:12.661540,PHY,0x4601,1,0,na,"[0,",0,0,1,1598.4,+17.8dB,23.3us,"[0,",1,679.19,normal,0,valid,-14.4dB,-14.5dB,na,na,,,,
2025-07-30 13:41:12.665620,CSI,0x4601,2,,na,"[0,",,,1,,+32.0dB,14.1us,"[0,",1,680.8,normal,0,valid,-11.4dB,-11.4dB,0.22us,-91.2Hz,,"[6,",1111,1
2025-07-30 13:41:12.666486,PHY,0x4601,1,0,na,"[0,",0,0,1,1662.8,+17.9dB,15.8us,"[0,",1,680.9,normal,0,valid,-14.4dB,-14.5dB,na,na,,,,
2025-07-30 13:41:12.670036,PHY,0x4601,2,,na,"[0,",,,11111,,+31.7dB,17.0us,"[0,",1,680.17,normal,0,valid,-11.4dB,-11.5dB,0.22us,+74.1Hz,,"[6,",,1
2025-07-30 13:41:12.670983,PHY,0x4601,1,0,na,"[0,",0,0,1,1106.1,+16.2dB,21.6us,"[0,",1,680.18,normal,0,valid,-14.4dB,-14.5dB,na,na,,,,
2025-07-30 13:41:12.671448,PHY,0x4601,1,0,na,"[0,",0,0,1,1194.9,+16.5dB,13.9us,"[0,",1,680.19,normal,0,valid,-14.4dB,-14.5dB,na,na,,,,
2025-07-30 13:41:12.675942,PHY,0x4601,1,0,na,"[0,",0,0,1,1247.0,+16.7dB,16.4us,"[0,",1,681.8,normal,0,valid,-14.4dB,-14.5dB,na,na,,,,
2025-07-30 13:41:12.676537,PHY,0x4601,1,0,na,"[0,",0,0,1,1092.7,+16.1dB,17.1us,"[0,",1,681.9,normal,0,valid,-14.5dB,-14.6dB,na,na,,,,
2025-07-30 13:41:12.680074,PHY,0x4601,2,,na,"[0,",,,11111,,+32.5dB,14.0us,"[0,",1,681.17,normal,0,valid,-11.6dB,-11.6dB,0.24us,+168.2Hz,,"[6,",,1
2025-07-30 13:41:12.681008,PHY,0x4601,1,0,na,"[0,",0,0,1,1526.0,+17.6dB,15.4us,"[0,",1,681.18,normal,0,valid,-14.4dB,-14.5dB,na,na,,,,
2025-07-30 13:41:12.681493,PHY,0x4601,1,0,na,"[0,",0,0,1,1669.6,+18.0dB,24.5us,"[0,",1,681.19,normal,0,valid,-14.4dB,-14.5dB,na,na,,,,
2025-07-30 13:41:12.685620,CSI,0x4601,2,,na,"[0,",,,1,,+28.0dB,13.3us,"[0,",1,682.8,normal,0,valid,-11.5dB,-11.6dB,0.23us,-38.4Hz,,"[6,",1111,1
2025-07-30 13:41:12.686446,PHY,0x4601,1,0,na,"[0,",0,0,1,1138.8,+16.3dB,16.4us,"[0,",1,682.9,normal,0,valid,-14.4dB,-14.5dB,na,na,,,,
2025-07-30 13:41:12.690106,PHY,0x4601,2,,na,"[0,",,,11111,,+33.6dB,15.1us,"[0,",1,682.17,normal,0,valid,-11.5dB,-11.5dB,0.23us,+77.5Hz,,"[6,",,1
2025-07-30 13:41:12.691041,PHY,0x4601,1,0,na,"[0,",0,0,1,1153.0,+16.4dB,16.2us,"[0,",1,682.18,normal,0,valid,-14.4dB,-14.5dB,na,na,,,,
2025-07-30 13:41:12.691508,PHY,0x4601,1,0,na,"[0,",0,0,1,1194.7,+16.5dB,14.7us,"[0,",1,682.19,normal,0,valid,-14.4dB,-14.6dB,na,na,,,,
2025-07-30 13:41:12.696005,PHY,0x4601,1,0,na,"[0,",0,0,1,1207.0,+16.5dB,16.2us,"[0,",1,683.8,normal,0,valid,-14.4dB,-14.5dB,na,na,,,,
2025-07-30 13:41:12.696492,PHY,0x4601,1,0,na,"[0,",0,0,1,1225.3,+16.6dB,28.8us,"[0,",1,683.9,normal,0,valid,-14.4dB,-14.5dB,na,na,,,,
2025-07-30 13:41:12.700019,PHY,0x4601,2,,na,"[0,",,,11111,,+33.6dB,14.3us,"[0,",1,683.17,normal,0,valid,-11.6dB,-11.6dB,0.23us,+47.4Hz,,"[6,",,1
2025-07-30 13:41:12.700963,PHY,0x4601,1,0,na,"[0,",0,0,1,1548.5,+17.6dB,15.7us,"[0,",1,683.18,normal,0,valid,-14.4dB,-14.5dB,na,na,,,,
2025-07-30 13:41:12.701439,PHY,0x4601,1,0,na,"[0,",0,0,1,1596.6,+17.8dB,13.7us,"[0,",1,683.19,normal,0,valid,-14.4dB,-14.5dB,na,na,,,,
2025-07-30 13:41:12.705573,CSI,0x4601,2,,na,"[0,",,,1,,+31.0dB,16.8us,"[0,",1,684.8,normal,0,valid,-11.4dB,-11.4dB,0.20us,+27.1Hz,,"[6,",1111,1
2025-07-30 13:41:12.706512,PHY,0x4601,1,0,na,"[0,",0,0,1,1555.8,+17.6dB,15.7us,"[0,",1,684.9,normal,0,valid,-14.4dB,-14.5dB,na,na,,,,
2025-07-30 13:41:12.710054,PHY,0x4601,2,,na,"[0,",,,11111,,+31.8dB,13.6us,"[0,",1,684.17,normal,0,valid,-11.4dB,-11.5dB,0.21us,-131.4Hz,,"[6,",,1
2025-07-30 13:41:12.710993,PHY,0x4601,1,0,na,"[0,",0,0,0,1203.4,+16.6dB,15.7us,"[0,",1,684.18,normal,0,valid,-14.4dB,-14.5dB,na,na,,,,
2025-07-30 13:41:12.711474,PHY,0x4601,1,0,na,"[0,",0,0,1,1137.7,+16.3dB,14.0us,"[0,",1,684.19,normal,0,valid,-14.4dB,-14.5dB,na,na,,,,
2025-07-30 13:41:12.715959,PHY,0x4601,1,0,na,"[0,",0,0,1,1187.0,+16.5dB,16.9us,"[0,",1,685.8,normal,0,valid,-14.4dB,-14.5dB,na,na,,,,
2025-07-30 13:41:12.716540,PHY,0x4601,1,0,na,"[0,",0,0,1,1120.8,+16.3dB,14.4us,"[0,",1,685.9,normal,0,valid,-14.4dB,-14.5dB,na,na,,,,
2025-07-30 13:41:12.720084,PHY,0x4601,2,,na,"[0,",,,10110,,+33.0dB,14.6us,"[0,",1,685.17,normal,0,valid,-11.6dB,-11.6dB,0.23us,-13.1Hz,,"[6,",,1
2025-07-30 13:41:12.721025,PHY,0x4601,1,0,na,"[0,",0,0,1,1123.2,+16.2dB,15.4us,"[0,",1,685.18,normal,0,valid,-14.4dB,-14.5dB,na,na,,,,
2025-07-30 13:41:12.721507,PHY,0x4601,1,0,na,"[0,",0,0,1,1177.7,+16.4dB,19.0us,"[0,",1,685.19,normal,0,valid,-14.4dB,-14.5dB,na,na,,,,
2025-07-30 13:41:12.725579,CSI,0x4601,2,,na,"[0,",,,1,,+29.9dB,11.4us,"[0,",1,686.8,normal,0,valid,-11.5dB,-11.5dB,0.21us,-44.8Hz,,"[6,",1111,1
2025-07-30 13:41:12.726461,PHY,0x4601,1,0,na,"[0,",0,0,1,1229.2,+16.6dB,16.0us,"[0,",1,686.9,normal,0,valid,-14.4dB,-14.5dB,na,na,,,,
2025-07-30 13:41:12.730114,PHY,0x4601,2,,na,"[0,",,,11111,,+30.7dB,15.4us,"[0,",1,686.17,normal,0,valid,-11.6dB,-11.6dB,0.23us,-155.3Hz,,"[6,",,1
2025-07-30 13:41:12.730949,PHY,0x4601,1,0,na,"[0,",0,0,1,1192.5,+16.5dB,16.2us,"[0,",1,686.18,normal,0,valid,-14.4dB,-14.5dB,na,na,,,,
2025-07-30 13:41:12.731530,PHY,0x4601,1,0,na,"[0,",0,0,1,1152.4,+16.4dB,14.4us,"[0,",1,686.19,normal,0,valid,-14.4dB,-14.5dB,na,na,,,,
2025-07-30 13:41:12.736031,PHY,0x4601,1,0,na,"[0,",0,0,1,1164.6,+16.4dB,20.9us,"[0,",1,687.8,normal,0,valid,-14.5dB,-14.6dB,na,na,,,,
2025-07-30 13:41:12.736519,PHY,0x4601,1,0,na,"[0,",0,0,1,1180.8,+16.4dB,16.5us,"[0,",1,687.9,normal,0,valid,-14.4dB,-14.6dB,na,na,,,,
2025-07-30 13:41:12.740039,PHY,0x4601,2,,na,"[0,",,,11111,,+30.3dB,14.5us,"[0,",1,687.17,normal,0,valid,-11.5dB,-11.6dB,0.23us,+9.6Hz,,"[6,",,1
2025-07-30 13:41:12.740983,PHY,0x4601,1,0,na,"[0,",0,0,1,1142.5,+16.3dB,15.6us,"[0,",1,687.18,normal,0,valid,-14.4dB,-14.5dB,na,na,,,,
2025-07-30 13:41:12.741457,PHY,0x4601,1,0,na,"[0,",0,0,1,1192.1,+16.5dB,15.3us,"[0,",1,687.19,normal,0,valid,-14.4dB,-14.5dB,na,na,,,,
2025-07-30 13:41:12.745590,CSI,0x4601,2,,na,"[0,",,,1,,+29.7dB,14.6us,"[0,",1,688.8,normal,0,valid,-11.4dB,-11.4dB,0.21us,-22.6Hz,,"[6,",1111,1
2025-07-30 13:41:12.746529,PHY,0x4601,1,0,na,"[0,",0,0,1,1562.2,+17.7dB,15.9us,"[0,",1,688.9,normal,0,valid,-14.4dB,-14.4dB,na,na,,,,
2025-07-30 13:41:12.750109,PHY,0x4601,2,,na,"[0,",,,11111,,+31.0dB,13.9us,"[0,",1,688.17,normal,0,valid,-11.5dB,-11.6dB,0.21us,+73.1Hz,,"[6,",,1
2025-07-30 13:41:12.751011,PHY,0x4601,1,0,na,"[0,",0,0,1,1457.2,+17.4dB,15.2us,"[0,",1,688.18,normal,0,valid,-14.4dB,-14.5dB,na,na,,,,
2025-07-30 13:41:12.751485,PHY,0x4601,1,0,na,"[0,",0,0,1,1537.8,+17.6dB,13.7us,"[0,",1,688.19,normal,0,valid,-14.4dB,-14.5dB,na,na,,,,
2025-07-30 13:41:12.755977,PHY,0x4601,1,0,na,"[0,",0,0,1,1214.0,+16.6dB,15.8us,"[0,",1,689.8,normal,0,valid,-14.5dB,-14.6dB,na,na,,,,
2025-07-30 13:41:12.756447,PHY,0x4601,1,0,na,"[0,",0,0,1,1180.4,+16.5dB,14.5us,"[0,",1,689.9,normal,0,valid,-14.5dB,-14.6dB,na,na,,,,
2025-07-30 13:41:12.760103,PHY,0x4601,2,,na,"[0,",,,11111,,+32.3dB,15.0us,"[0,",1,689.17,normal,0,valid,-11.6dB,-11.7dB,0.21us,+33.3Hz,,"[6,",,1
2025-07-30 13:41:12.760951,PHY,0x4601,1,0,na,"[0,",0,0,1,1159.9,+16.4dB,19.6us,"[0,",1,689.18,normal,0,valid,-14.4dB,-14.6dB,na,na,,,,
2025-07-30 13:41:12.761515,PHY,0x4601,1,0,na,"[0,",0,0,1,1173.2,+16.4dB,13.2us,"[0,",1,689.19,normal,0,valid,-14.4dB,-14.5dB,na,na,,,,
2025-07-30 13:41:12.765609,CSI,0x4601,2,,na,"[0,",,,1,,+29.3dB,12.4us,"[0,",1,690.8,normal,0,valid,-11.4dB,-11.4dB,0.22us,-101.5Hz,,"[6,",1111,1
2025-07-30 13:41:12.766490,PHY,0x4601,1,0,na,"[0,",0,0,1,1515.5,+17.5dB,23.1us,"[0,",1,690.9,normal,0,valid,-14.4dB,-14.5dB,na,na,,,,
2025-07-30 13:41:12.770020,PHY,0x4601,2,,na,"[0,",,,11111,,+33.3dB,12.8us,"[0,",1,690.17,normal,0,valid,-11.6dB,-11.6dB,0.22us,-34.6Hz,,"[6,",,1
2025-07-30 13:41:12.770970,PHY,0x4601,1,0,na,"[0,",0,0,1,1181.8,+16.5dB,16.7us,"[0,",1,690.18,normal,0,valid,-14.4dB,-14.5dB,na,na,,,,
2025-07-30 13:41:12.771446,PHY,0x4601,1,0,na,"[0,",0,0,1,1172.9,+16.5dB,16.0us,"[0,",1,690.19,normal,0,valid,-14.4dB,-14.5dB,na,na,,,,
2025-07-30 13:41:12.776046,PHY,0x4601,1,0,na,"[0,",0,0,1,1153.7,+16.3dB,16.8us,"[0,",1,691.8,normal,0,valid,-14.5dB,-14.6dB,na,na,,,,
2025-07-30 13:41:12.776522,PHY,0x4601,1,0,na,"[0,",0,0,1,1264.3,+16.8dB,15.3us,"[0,",1,691.9,normal,0,valid,-14.4dB,-14.5dB,na,na,,,,
2025-07-30 13:41:12.780061,PHY,0x4601,2,,na,"[0,",,,11111,,+31.3dB,15.4us,"[0,",1,691.17,normal,0,valid,-11.4dB,-11.5dB,0.20us,+5.0Hz,,"[6,",,1
2025-07-30 13:41:12.781001,PHY,0x4601,1,0,na,"[0,",0,0,1,1603.8,+17.8dB,17.3us,"[0,",1,691.18,normal,0,valid,-14.4dB,-14.5dB,na,na,,,,
2025-07-30 13:41:12.781477,PHY,0x4601,1,0,na,"[0,",0,0,1,1659.4,+17.9dB,17.2us,"[0,",1,691.19,normal,0,valid,-14.4dB,-14.5dB,na,na,,,,
2025-07-30 13:41:12.785610,CSI,0x4601,2,,na,"[0,",,,1,,+30.8dB,16.6us,"[0,",1,692.8,normal,0,valid,-11.4dB,-11.4dB,0.23us,-52.3Hz,,"[6,",1111,1
2025-07-30 13:41:12.786443,PHY,0x4601,1,0,na,"[0,",0,0,1,1601.0,+17.8dB,15.8us,"[0,",1,692.9,normal,0,valid,-14.4dB,-14.5dB,na,na,,,,
2025-07-30 13:41:12.790092,PHY,0x4601,2,,na,"[0,",,,11111,,+31.6dB,16.6us,"[0,",1,692.17,normal,0,valid,-11.4dB,-11.5dB,0.20us,+45.2Hz,,"[6,",,1
2025-07-30 13:41:12.791031,PHY,0x4601,1,0,na,"[0,",0,0,1,1179.7,+16.5dB,15.7us,"[0,",1,692.18,normal,0,valid,-14.4dB,-14.5dB,na,na,,,,
2025-07-30 13:41:12.791512,PHY,0x4601,1,0,na,"[0,",0,0,1,1186.1,+16.5dB,20.9us,"[0,",1,692.19,normal,0,valid,-14.4dB,-14.5dB,na,na,,,,
2025-07-30 13:41:12.796004,PHY,0x4601,1,0,na,"[0,",0,0,1,1212.5,+16.6dB,15.9us,"[0,",1,693.8,normal,0,valid,-14.4dB,-14.5dB,na,na,,,,
2025-07-30 13:41:12.796482,PHY,0x4601,1,0,na,"[0,",0,0,1,1252.9,+16.7dB,17.1us,"[0,",1,693.9,normal,0,valid,-14.5dB,-14.6dB,na,na,,,,
2025-07-30 13:41:12.800013,PHY,0x4601,2,,na,"[0,",,,11111,,+32.2dB,14.2us,"[0,",1,693.17,normal,0,valid,-11.6dB,-11.6dB,0.20us,-146.7Hz,,"[6,",,1
2025-07-30 13:41:12.800959,PHY,0x4601,1,0,na,"[0,",0,0,1,1200.9,+16.5dB,21.0us,"[0,",1,693.18,normal,0,valid,-14.4dB,-14.5dB,na,na,,,,
2025-07-30 13:41:12.801541,PHY,0x4601,1,0,na,"[0,",0,0,1,1094.8,+16.1dB,14.8us,"[0,",1,693.19,normal,0,valid,-14.4dB,-14.5dB,na,na,,,,
2025-07-30 13:41:12.805575,CSI,0x4601,2,,na,"[0,",,,1,,+33.4dB,15.7us,"[0,",1,694.8,normal,0,valid,-11.4dB,-11.5dB,0.22us,+67.2Hz,,"[6,",1111,1
2025-07-30 13:41:12.806508,PHY,0x4601,1,0,na,"[0,",0,0,1,1566.0,+17.7dB,22.6us,"[0,",1,694.9,normal,0,valid,-14.4dB,-14.5dB,na,na,,,,
2025-07-30 13:41:12.810045,PHY,0x4601,2,,na,"[0,",,,11111,,+30.5dB,14.6us,"[0,",1,694.17,normal,0,valid,-11.5dB,-11.6dB,0.23us,+48.8Hz,,"[6,",,1
2025-07-30 13:41:12.810992,PHY,0x4601,1,0,na,"[0,",0,0,1,1182.9,+16.5dB,22.7us,"[0,",1,694.18,normal,0,valid,-14.4dB,-14.5dB,na,na,,,,
2025-07-30 13:41:12.811463,PHY,0x4601,1,0,na,"[0,",0,0,1,1171.5,+16.4dB,14.6us,"[0,",1,694.19,normal,0,valid,-14.4dB,-14.5dB,na,na,,,,
2025-07-30 13:41:12.815961,PHY,0x4601,1,0,na,"[0,",0,0,1,1140.9,+16.3dB,19.9us,"[0,",1,695.8,normal,0,valid,-14.4dB,-14.5dB,na,na,,,,
2025-07-30 13:41:12.816550,PHY,0x4601,1,0,na,"[0,",0,0,1,1199.8,+16.5dB,14.9us,"[0,",1,695.9,normal,0,valid,-14.5dB,-14.6dB,na,na,,,,
2025-07-30 13:41:12.820080,PHY,0x4601,2,,na,"[0,",,,11111,,+29.2dB,16.0us,"[0,",1,695.17,normal,0,valid,-11.5dB,-11.5dB,0.20us,-8.0Hz,,"[6,",,1
2025-07-30 13:41:12.821031,PHY,0x4601,1,0,na,"[0,",0,0,1,1193.8,+16.5dB,19.9us,"[0,",1,695.18,normal,0,valid,-14.4dB,-14.5dB,na,na,,,,
2025-07-30 13:41:12.821489,PHY,0x4601,1,0,na,"[0,",0,0,1,1160.3,+16.4dB,14.1us,"[0,",1,695.19,normal,0,valid,-14.4dB,-14.5dB,na,na,,,,
2025-07-30 13:41:12.825585,CSI,0x4601,2,,na,"[0,",,,1,,+33.7dB,11.9us,"[0,",1,696.8,normal,0,valid,-11.4dB,-11.4dB,0.22us,-65.1Hz,,"[6,",1111,1
2025-07-30 13:41:12.826468,PHY,0x4601,1,0,na,"[0,",0,0,1,1510.3,+17.5dB,21.4us,"[0,",1,696.9,normal,0,valid,-14.3dB,-14.4dB,na,na,,,,
2025-07-30 13:41:12.830107,PHY,0x4601,2,,na,"[0,",,,11111,,+30.2dB,14.2us,"[0,",1,696.17,normal,0,valid,-11.5dB,-11.5dB,0.22us,-36.5Hz,,"[6,",,1
2025-07-30 13:41:12.830949,PHY,0x4601,1,0,na,"[0,",0,0,1,1584.6,+17.8dB,15.5us,"[0,",1,696.18,normal,0,valid,-14.3dB,-14.4dB,na,na,,,,
2025-07-30 13:41:12.831522,PHY,0x4601,1,0,na,"[0,",0,0,1,1494.6,+17.5dB,14.3us,"[0,",1,696.19,normal,0,valid,-14.3dB,-14.4dB,na,na,,,,
2025-07-30 13:41:12.836020,PHY,0x4601,1,0,na,"[0,",0,0,1,1159.2,+16.4dB,19.8us,"[0,",1,697.8,normal,0,valid,-14.3dB,-14.4dB,na,na,,,,
2025-07-30 13:41:12.836495,PHY,0x4601,1,0,na,"[0,",0,0,1,1109.4,+16.2dB,24.9us,"[0,",1,697.9,normal,0,valid,-14.3dB,-14.4dB,na,na,,,,
2025-07-30 13:41:12.840029,PHY,0x4601,2,,na,"[0,",,,11111,,+30.5dB,14.4us,"[0,",1,697.17,normal,0,valid,-11.4dB,-11.5dB,0.22us,+116.6Hz,,"[6,",,1
2025-07-30 13:41:12.840972,PHY,0x4601,1,0,na,"[0,",0,0,1,1126.0,+16.3dB,15.5us,"[0,",1,697.18,normal,0,valid,-14.3dB,-14.4dB,na,na,,,,
2025-07-30 13:41:12.841448,PHY,0x4601,1,0,na,"[0,",0,0,1,1129.1,+16.3dB,13.7us,"[0,",1,697.19,normal,0,valid,-14.3dB,-14.4dB,na,na,,,,
2025-07-30 13:41:12.845588,CSI,0x4601,2,,na,"[0,",,,1,,+32.0dB,15.5us,"[0,",1,698.8,normal,0,valid,-11.5dB,-11.5dB,0.23us,-141.6Hz,,"[6,",1111,1
2025-07-30 13:41:12.846525,PHY,0x4601,1,0,na,"[0,",0,0,1,1222.4,+16.6dB,16.5us,"[0,",1,698.9,normal,0,valid,-14.3dB,-14.4dB,na,na,,,,
2025-07-30 13:41:12.850095,PHY,0x4601,2,,na,"[0,",,,11111,,+31.8dB,18.2us,"[0,",1,698.17,normal,0,valid,-11.5dB,-11.5dB,0.21us,-18.8Hz,,"[6,",,1
2025-07-30 13:41:12.851007,PHY,0x4601,1,0,na,"[0,",0,0,1,1500.2,+17.5dB,15.6us,"[0,",1,698.18,normal,0,valid,-14.3dB,-14.4dB,na,na,,,,
2025-07-30 13:41:12.851488,PHY,0x4601,1,0,na,"[0,",0,0,1,1551.8,+17.6dB,15.7us,"[0,",1,698.19,normal,0,valid,-14.3dB,-14.4dB,na,na,,,,
2025-07-30 13:41:12.855978,PHY,0x4601,1,0,na,"[0,",0,0,1,1173.0,+16.4dB,16.1us,"[0,",1,699.8,normal,0,valid,-14.4dB,-14.5dB,na,na,,,,
2025-07-30 13:41:12.856455,PHY,0x4601,1,0,na,"[0,",0,0,1,1123.5,+16.2dB,15.9us,"[0,",1,699.9,normal,0,valid,-14.4dB,-14.5dB,na,na,,,,
2025-07-30 13:41:12.860110,PHY,0x4601,2,,na,"[0,",,,11111,,+32.1dB,16.9us,"[0,",1,699.17,normal,0,valid,-11.4dB,-11.4dB,0.21us,+33.2Hz,,"[6,",,1
2025-07-30 13:41:12.861044,PHY,0x4601,1,0,na,"[0,",0,0,1,1120.2,+16.2dB,15.4us,"[0,",1,699.18,normal,0,valid,-14.3dB,-14.4dB,na,na,,,,
2025-07-30 13:41:12.861516,PHY,0x4601,1,0,na,"[0,",0,0,1,1147.8,+16.4dB,18.1us,"[0,",1,699.19,normal,0,valid,-14.3dB,-14.4dB,na,na,,,,
2025-07-30 13:41:12.865602,CSI,0x4601,2,,na,"[0,",,,1,,+31.8dB,12.5us,"[0,",1,700.8,normal,0,valid,-11.4dB,-11.5dB,0.23us,-33.5Hz,,"[6,",1111,1
2025-07-30 13:41:12.866473,PHY,0x4601,1,0,na,"[0,",0,0,1,1140.6,+16.3dB,16.0us,"[0,",1,700.9,normal,0,valid,-14.3dB,-14.5dB,na,na,,,,
2025-07-30 13:41:12.870014,PHY,0x4601,2,,na,"[0,",,,11111,,+31.2dB,13.2us,"[0,",1,700.17,normal,0,valid,-11.4dB,-11.5dB,0.20us,+7.6Hz,,"[6,",,1
2025-07-30 13:41:12.870960,PHY,0x4601,1,0,na,"[0,",0,0,1,1532.7,+17.6dB,15.5us,"[0,",1,700.18,normal,0,valid,-14.3dB,-14.4dB,na,na,,,,
2025-07-30 13:41:12.871442,PHY,0x4601,1,0,na,"[0,",0,0,1,1588.9,+17.8dB,17.0us,"[0,",1,700.19,normal,0,valid,-14.3dB,-14.4dB,na,na,,,,
2025-07-30 13:41:12.876045,PHY,0x4601,1,0,na,"[0,",0,0,1,1137.1,+16.3dB,16.9us,"[0,",1,701.8,normal,0,valid,-14.4dB,-14.5dB,na,na,,,,
2025-07-30 13:41:12.876521,PHY,0x4601,1,0,na,"[0,",0,0,1,1151.8,+16.3dB,14.5us,"[0,",1,701.9,normal,0,valid,-14.3dB,-14.5dB,na,na,,,,
2025-07-30 13:41:12.880080,PHY,0x4601,2,,na,"[0,",,,11111,,+33.4dB,13.1us,"[0,",1,701.17,normal,0,valid,-11.5dB,-11.6dB,0.21us,-98.0Hz,,"[6,",,1
2025-07-30 13:41:12.880995,PHY,0x4601,1,0,na,"[0,",0,0,1,1136.3,+16.3dB,17.0us,"[0,",1,701.18,normal,0,valid,-14.3dB,-14.4dB,na,na,,,,
2025-07-30 13:41:12.881468,PHY,0x4601,1,0,na,"[0,",0,0,1,1114.2,+16.2dB,14.0us,"[0,",1,701.19,normal,0,valid,-14.3dB,-14.4dB,na,na,,,,
2025-07-30 13:41:12.885648,CSI,0x4601,2,,na,"[0,",,,1,,+30.3dB,14.6us,"[0,",1,702.8,normal,0,valid,-11.3dB,-11.4dB,0.23us,+54.4Hz,,"[6,",1111,1
2025-07-30 13:41:12.886545,PHY,0x4601,1,0,na,"[0,",0,0,1,1126.2,+16.3dB,21.7us,"[0,",1,702.9,normal,0,valid,-14.3dB,-14.4dB,na,na,,,,
2025-07-30 13:41:12.890086,PHY,0x4601,2,,na,"[0,",,,11111,,+34.2dB,12.9us,"[0,",1,702.17,normal,0,valid,-11.4dB,-11.5dB,0.22us,-33.1Hz,,"[6,",,1
2025-07-30 13:41:12.891027,PHY,0x4601,1,0,na,"[0,",0,0,1,1207.5,+16.5dB,16.2us,"[0,",1,702.18,normal,0,valid,-14.3dB,-14.4dB,na,na,,,,
2025-07-30 13:41:12.891500,PHY,0x4601,1,0,na,"[0,",0,0,1,1153.1,+16.4dB,13.5us,"[0,",1,702.19,normal,0,valid,-14.3dB,-14.4dB,na,na,,,,
2025-07-30 13:41:12.895992,PHY,0x4601,1,0,na,"[0,",0,0,1,1225.9,+16.6dB,20.4us,"[0,",1,703.8,normal,0,valid,-14.3dB,-14.4dB,na,na,,,,
2025-07-30 13:41:12.896461,PHY,0x4601,1,0,na,"[0,",0,0,1,1196.0,+16.5dB,14.7us,"[0,",1,703.9,normal,0,valid,-14.4dB,-14.5dB,na,na,,,,
2025-07-30 13:41:12.900110,PHY,0x4601,2,,na,"[0,",,,11111,,+29.7dB,17.0us,"[0,",1,703.17,normal,0,valid,-11.5dB,-11.6dB,0.21us,-75.2Hz,,"[6,",,1
2025-07-30 13:41:12.900951,PHY,0x4601,1,0,na,"[0,",0,0,1,1562.6,+17.7dB,16.9us,"[0,",1,703.18,normal,0,valid,-14.3dB,-14.4dB,na,na,,,,
2025-07-30 13:41:12.901529,PHY,0x4601,1,0,na,"[0,",0,0,1,1522.8,+17.6dB,14.2us,"[0,",1,703.19,normal,0,valid,-14.3dB,-14.4dB,na,na,,,,
2025-07-30 13:41:12.905550,CSI,0x4601,2,,na,"[0,",,,1,,+35.5dB,13.0us,"[0,",1,704.8,normal,0,valid,-11.4dB,-11.5dB,0.22us,+98.7Hz,,"[6,",1111,1
2025-07-30 13:41:12.906494,PHY,0x4601,1,0,na,"[0,",0,0,1,1196.0,+16.5dB,16.4us,"[0,",1,704.9,normal,0,valid,-14.3dB,-14.4dB,na,na,,,,
2025-07-30 13:41:12.910036,PHY,0x4601,2,,na,"[0,",,,11111,,+29.9dB,13.7us,"[0,",1,704.17,normal,0,valid,-11.4dB,-11.4dB,0.21us,+20.0Hz,,"[6,",,1
2025-07-30 13:41:12.910988,PHY,0x4601,1,0,na,"[0,",0,0,1,1124.9,+16.3dB,17.2us,"[0,",1,704.18,normal,0,valid,-14.3dB,-14.4dB,na,na,,,,
2025-07-30 13:41:12.911458,PHY,0x4601,1,0,na,"[0,",0,0,1,1215.0,+16.6dB,15.8us,"[0,",1,704.19,normal,0,valid,-14.3dB,-14.4dB,na,na,,,,
2025-07-30 13:41:12.915955,PHY,0x4601,1,0,na,"[0,",0,0,1,1178.5,+16.4dB,16.0us,"[0,",1,705.8,normal,0,valid,-14.4dB,-14.5dB,na,na,,,,
2025-07-30 13:41:12.916537,PHY,0x4601,1,0,na,"[0,",0,0,1,1168.4,+16.4dB,14.8us,"[0,",1,705.9,normal,0,valid,-14.4dB,-14.5dB,na,na,,,,
2025-07-30 13:41:12.920077,PHY,0x4601,2,,na,"[0,",,,11111,,+28.5dB,14.0us,"[0,",1,705.17,normal,0,valid,-11.5dB,-11.6dB,0.22us,-18.1Hz,,"[6,",,1
2025-07-30 13:41:12.921016,PHY,0x4601,1,0,na,"[0,",0,0,1,1163.4,+16.4dB,15.4us,"[0,",1,705.18,normal,0,valid,-14.3dB,-14.4dB,na,na,,,,
2025-07-30 13:41:12.921500,PHY,0x4601,1,0,na,"[0,",0,0,1,1187.6,+16.5dB,14.3us,"[0,",1,705.19,normal,0,valid,-14.3dB,-14.4dB,na,na,,,,
2025-07-30 13:41:12.925639,CSI,0x4601,2,,na,"[0,",,,1,,+34.7dB,15.2us,"[0,",1,706.8,normal,0,valid,-11.4dB,-11.4dB,0.21us,-4.4Hz,,"[6,",1111,1
2025-07-30 13:41:12.926455,PHY,0x4601,1,0,na,"[0,",0,0,1,1593.6,+17.8dB,16.4us,"[0,",1,706.9,normal,0,valid,-14.3dB,-14.4dB,na,na,,,,
2025-07-30 13:41:12.930116,PHY,0x4601,2,,na,"[0,",,,11111,,+35.9dB,13.8us,"[0,",1,706.17,normal,0,valid,-11.4dB,-11.4dB,0.21us,+84.9Hz,,"[6,",,1
2025-07-30 13:41:12.930939,PHY,0x4601,1,0,na,"[0,",0,0,1,1154.4,+16.4dB,16.5us,"[0,",1,706.18,normal,0,valid,-14.3dB,-14.4dB,na,na,,,,
2025-07-30 13:41:12.931516,PHY,0x4601,1,0,na,"[0,",0,0,1,1130.8,+16.3dB,13.7us,"[0,",1,706.19,normal,0,valid,-14.3dB,-14.4dB,na,na,,,,
2025-07-30 13:41:12.936010,PHY,0x4601,1,0,na,"[0,",0,0,1,1071.4,+16.0dB,15.8us,"[0,",1,707.8,normal,0,valid,-14.4dB,-14.5dB,na,na,,,,
2025-07-30 13:41:12.936499,PHY,0x4601,1,0,na,"[0,",0,0,1,1159.7,+16.4dB,29.5us,"[0,",1,707.9,normal,0,valid,-14.4dB,-14.5dB,na,na,,,,
2025-07-30 13:41:12.940025,PHY,0x4601,2,,na,"[0,",,,11111,,+31.7dB,13.9us,"[0,",1,707.17,normal,0,valid,-11.5dB,-11.5dB,0.20us,-56.2Hz,,"[6,",,1
2025-07-30 13:41:12.940971,PHY,0x4601,1,0,na,"[0,",0,0,1,1121.7,+16.2dB,16.0us,"[0,",1,707.18,normal,0,valid,-14.3dB,-14.4dB,na,na,,,,
2025-07-30 13:41:12.941443,PHY,0x4601,1,0,na,"[0,",0,0,1,1117.5,+16.2dB,13.7us,"[0,",1,707.19,normal,0,valid,-14.3dB,-14.4dB,na,na,,,,
2025-07-30 13:41:12.945601,CSI,0x4601,2,,na,"[0,",,,1,,+30.4dB,20.4us,"[0,",1,708.8,normal,0,valid,-11.4dB,-11.4dB,0.23us,-10.3Hz,,"[6,",1111,1
2025-07-30 13:41:12.946510,PHY,0x4601,1,0,na,"[0,",0,0,1,1097.1,+16.1dB,15.6us,"[0,",1,708.9,normal,0,valid,-14.3dB,-14.4dB,na,na,,,,
2025-07-30 13:41:12.950064,PHY,0x4601,2,,na,"[0,",,,11111,,+29.8dB,13.3us,"[0,",1,708.17,normal,0,valid,-11.5dB,-11.5dB,0.21us,+63.8Hz,,"[6,",,1
2025-07-30 13:41:12.951008,PHY,0x4601,1,0,na,"[0,",0,0,1,1470.0,+17.4dB,20.0us,"[0,",1,708.18,normal,0,valid,-14.3dB,-14.4dB,na,na,,,,
2025-07-30 13:41:12.951471,PHY,0x4601,1,0,na,"[0,",0,0,1,1566.6,+17.7dB,13.6us,"[0,",1,708.19,normal,0,valid,-14.3dB,-14.4dB,na,na,,,,
2025-07-30 13:41:12.955968,PHY,0x4601,1,0,na,"[0,",0,0,1,1207.1,+16.6dB,18.6us,"[0,",1,709.8,normal,0,valid,-14.4dB,-14.5dB,na,na,,,,
2025-07-30 13:41:12.956448,PHY,0x4601,1,0,na,"[0,",0,0,1,1105.2,+16.2dB,16.0us,"[0,",1,709.9,normal,0,valid,-14.4dB,-14.5dB,na,na,,,,
2025-07-30 13:41:12.960096,PHY,0x4601,2,,na,"[0,",,,11111,,+30.9dB,17.2us,"[0,",1,709.17,normal,0,valid,-11.4dB,-11.5dB,0.23us,+35.6Hz,,"[6,",,1
2025-07-30 13:41:12.961037,PHY,0x4601,1,0,na,"[0,",0,0,1,1176.7,+16.5dB,19.7us,"[0,",1,709.18,normal,0,valid,-14.3dB,-14.4dB,na,na,,,,
2025-07-30 13:41:12.961508,PHY,0x4601,1,0,na,"[0,",0,0,1,1134.7,+16.3dB,15.0us,"[0,",1,709.19,normal,0,valid,-14.3dB,-14.4dB,na,na,,,,
2025-07-30 13:41:12.965603,CSI,0x4601,2,,na,"[0,",,,1,,+34.1dB,12.1us,"[0,",1,710.8,normal,0,valid,-11.3dB,-11.3dB,0.22us,-37.1Hz,,"[6,",1111,1
2025-07-30 13:41:12.966469,PHY,0x4601,1,0,na,"[0,",0,0,1,1512.8,+17.6dB,15.9us,"[0,",1,710.9,normal,0,valid,-14.3dB,-14.3dB,na,na,,,,
2025-07-30 13:41:12.970009,PHY,0x4601,2,,na,"[0,",,,11111,,+29.3dB,14.1us,"[0,",1,710.17,normal,0,valid,-11.5dB,-11.5dB,0.22us,+3.6Hz,,"[6,",,1
2025-07-30 13:41:12.970954,PHY,0x4601,1,0,na,"[0,",0,0,1,1516.9,+17.6dB,15.8us,"[0,",1,710.18,normal,0,valid,-14.3dB,-14.4dB,na,na,,,,
2025-07-30 13:41:12.971540,PHY,0x4601,1,0,na,"[0,",0,0,1,1468.7,+17.4dB,19.6us,"[0,",1,710.19,normal,0,valid,-14.3dB,-14.4dB,na,na,,,,
2025-07-30 13:41:12.976041,PHY,0x4601,1,0,na,"[0,",0,0,1,1234.5,+16.7dB,29.6us,"[0,",1,711.8,normal,0,valid,-14.4dB,-14.4dB,na,na,,,,
2025-07-30 13:41:12.976514,PHY,0x4601,1,0,na,"[0,",0,0,1,1176.3,+16.4dB,16.3us,"[0,",1,711.9,normal,0,valid,-14.4dB,-14.5dB,na,na,,,,
2025-07-30 13:41:12.980041,PHY,0x4601,2,,na,"[0,",,,11111,,+29.9dB,13.8us,"[0,",1,711.17,normal,0,valid,-11.5dB,-11.5dB,0.20us,-92.4Hz,,"[6,",,1
2025-07-30 13:41:12.980987,PHY,0x4601,1,0,na,"[0,",0,0,1,1585.6,+17.7dB,15.8us,"[0,",1,711.18,normal,0,valid,-14.3dB,-14.4dB,na,na,,,,
2025-07-30 13:41:12.981460,PHY,0x4601,1,0,na,"[0,",0,0,1,1589.5,+17.8dB,13.4us,"[0,",1,711.19,normal,0,valid,-14.3dB,-14.4dB,na,na,,,,
2025-07-30 13:41:12.985587,CSI,0x4601,2,,na,"[0,",,,1,,+34.0dB,14.8us,"[0,",1,712.8,normal,0,valid,-11.4dB,-11.5dB,0.22us,+53.1Hz,,"[6,",1111,1
2025-07-30 13:41:12.986533,PHY,0x4601,1,0,na,"[0,",0,0,1,1565.1,+17.7dB,15.7us,"[0,",1,712.9,normal,0,valid,-14.3dB,-14.4dB,na,na,,,,
2025-07-30 13:41:12.990081,PHY,0x4601,2,,na,"[0,",,,11111,,+30.9dB,14.7us,"[0,",1,712.17,normal,0,valid,-11.4dB,-11.4dB,0.20us,+72.2Hz,,"[6,",,1
2025-07-30 13:41:12.991019,PHY,0x4601,1,0,na,"[0,",0,0,1,1594.6,+17.8dB,16.5us,"[0,",1,712.18,normal,0,valid,-14.3dB,-14.4dB,na,na,,,,
2025-07-30 13:41:12.991492,PHY,0x4601,1,0,na,"[0,",0,0,1,1446.0,+17.4dB,13.2us,"[0,",1,712.19,normal,0,valid,-14.3dB,-14.4dB,na,na,,,,
2025-07-30 13:41:12.995983,PHY,0x4601,1,0,na,"[0,",0,0,1,1135.2,+16.3dB,18.2us,"[0,",1,713.8,normal,0,valid,-14.3dB,-14.5dB,na,na,,,,
2025-07-30 13:41:12.996459,PHY,0x4601,1,0,na,"[0,",0,0,1,1144.5,+16.3dB,14.3us,"[0,",1,713.9,normal,0,valid,-14.4dB,-14.5dB,na,na,,,,
2025-07-30 13:41:13.000113,PHY,0x4601,2,,na,"[0,",,,11111,,+32.5dB,17.1us,"[0,",1,713.17,normal,0,valid,-11.4dB,-11.5dB,0.20us,-33.2Hz,,"[6,",,1
2025-07-30 13:41:13.000949,PHY,0x4601,1,0,na,"[0,",0,0,1,1206.6,+16.6dB,17.0us,"[0,",1,713.18,normal,0,valid,-14.3dB,-14.4dB,na,na,,,,
2025-07-30 13:41:13.001524,PHY,0x4601,1,0,na,"[0,",0,0,1,1172.2,+16.4dB,15.3us,"[0,",1,713.19,normal,0,valid,-14.3dB,-14.4dB,na,na,,,,
2025-07-30 13:41:13.005630,CSI,0x4601,2,,na,"[0,",,,1,,+32.5dB,12.2us,"[0,",1,714.8,normal,0,valid,-11.4dB,-11.5dB,0.21us,-98.8Hz,,"[6,",1111,1
2025-07-30 13:41:13.006488,PHY,0x4601,1,0,na,"[0,",0,0,1,1537.2,+17.6dB,16.7us,"[0,",1,714.9,normal,0,valid,-14.3dB,-14.4dB,na,na,,,,
2025-07-30 13:41:13.010033,PHY,0x4601,2,,na,"[0,",,,11111,,+32.5dB,13.7us,"[0,",1,714.17,normal,0,valid,-11.5dB,-11.5dB,0.21us,+30.3Hz,,"[6,",,1
2025-07-30 13:41:13.010972,PHY,0x4601,1,0,na,"[0,",0,0,1,1496.5,+17.5dB,17.1us,"[0,",1,714.18,normal,0,valid,-14.3dB,-14.4dB,na,na,,,,
2025-07-30 13:41:13.011455,PHY,0x4601,1,0,na,"[0,",0,0,1,1608.0,+17.8dB,18.5us,"[0,",1,714.19,normal,0,valid,-14.3dB,-14.4dB,na,na,,,,
2025-07-30 13:41:13.016331,PHY,0x4601,1,0,na,"[0,",0,0,1,1146.2,+16.3dB,18.1us,"[0,",1,715.8,normal,0,valid,-14.4dB,-14.5dB,na,na,,,,
2025-07-30 13:41:13.016533,PHY,0x4601,1,0,na,"[0,",0,0,1,1138.6,+16.3dB,14.3us,"[0,",1,715.9,normal,0,valid,-14.4dB,-14.4dB,na,na,,,,
2025-07-30 13:41:13.020076,PHY,0x4601,2,,na,"[0,",,,11111,,+31.7dB,17.2us,"[0,",1,715.17,normal,0,valid,-11.5dB,-11.5dB,0.20us,-40.3Hz,,"[6,",,1
2025-07-30 13:41:13.021010,PHY,0x4601,1,0,na,"[0,",0,0,1,1452.4,+17.4dB,15.4us,"[0,",1,715.18,normal,0,valid,-14.3dB,-14.4dB,na,na,,,,
2025-07-30 13:41:13.021480,PHY,0x4601,1,0,na,"[0,",0,0,1,1464.1,+17.4dB,14.7us,"[0,",1,715.19,normal,0,valid,-14.3dB,-14.4dB,na,na,,,,
2025-07-30 13:41:13.025612,CSI,0x4601,2,,na,"[0,",,,1,,+28.9dB,13.5us,"[0,",1,716.8,normal,0,valid,-11.4dB,-11.4dB,0.22us,-60.6Hz,,"[6,",1111,1
2025-07-30 13:41:13.026452,PHY,0x4601,1,0,na,"[0,",0,0,1,1109.7,+16.2dB,15.4us,"[0,",1,716.9,normal,0,valid,-14.3dB,-14.5dB,na,na,,,,
2025-07-30 13:41:13.030105,PHY,0x4601,2,,na,"[0,",,,11111,,+33.9dB,14.0us,"[0,",1,716.17,normal,0,valid,-11.5dB,-11.5dB,0.22us,+17.5Hz,,"[6,",,1
2025-07-30 13:41:13.031038,PHY,0x4601,1,0,na,"[0,",0,0,1,1565.5,+17.7dB,15.2us,"[0,",1,716.18,normal,0,valid,-14.3dB,-14.4dB,na,na,,,,
2025-07-30 13:41:13.031507,PHY,0x4601,1,0,na,"[0,",0,0,1,1475.1,+17.4dB,13.4us,"[0,",1,716.19,normal,0,valid,-14.3dB,-14.4dB,na,na,,,,
2025-07-30 13:41:13.036008,PHY,0x4601,1,0,na,"[0,",0,0,1,1134.5,+16.3dB,16.1us,"[0,",1,717.8,normal,0,valid,-14.3dB,-14.4dB,na,na,,,,
2025-07-30 13:41:13.036491,PHY,0x4601,1,0,na,"[0,",0,0,1,1146.6,+16.3dB,34.8us,"[0,",1,717.9,normal,0,valid,-14.4dB,-14.5dB,na,na,,,,
2025-07-30 13:41:13.040022,PHY,0x4601,2,,na,"[0,",,,11111,,+32.7dB,15.3us,"[0,",1,717.17,normal,0,valid,-11.4dB,-11.5dB,0.21us,+75.6Hz,,"[6,",,1
2025-07-30 13:41:13.040965,PHY,0x4601,1,0,na,"[0,",0,0,1,1573.0,+17.7dB,17.4us,"[0,",1,717.18,normal,0,valid,-14.3dB,-14.4dB,na,na,,,,
2025-07-30 13:41:13.041438,PHY,0x4601,1,0,na,"[0,",0,0,1,1633.0,+17.9dB,15.7us,"[0,",1,717.19,normal,0,valid,-14.3dB,-14.4dB,na,na,,,,
2025-07-30 13:41:13.045568,CSI,0x4601,2,,na,"[0,",,,1,,+31.4dB,14.8us,"[0,",1,718.8,normal,0,valid,-11.3dB,-11.3dB,0.23us,-94.0Hz,,"[6,",1111,1
2025-07-30 13:41:13.046528,PHY,0x4601,1,0,na,"[0,",0,0,1,1459.0,+17.4dB,19.0us,"[0,",1,718.9,normal,0,valid,-14.3dB,-14.4dB,na,na,,,,
2025-07-30 13:41:13.050064,PHY,0x4601,2,,na,"[0,",,,11111,,+29.4dB,13.7us,"[0,",1,718.17,normal,0,valid,-11.4dB,-11.5dB,0.22us,-1.6Hz,,"[6,",,1
2025-07-30 13:41:13.050996,PHY,0x4601,1,0,na,"[0,",0,0,1,1135.9,+16.3dB,16.8us,"[0,",1,718.18,normal,0,valid,-14.3dB,-14.4dB,na,na,,,,
2025-07-30 13:41:13.051475,PHY,0x4601,1,0,na,"[0,",0,0,1,1108.1,+16.2dB,22.0us,"[0,",1,718.19,normal,0,valid,-14.3dB,-14.4dB,na,na,,,,
2025-07-30 13:41:13.055976,PHY,0x4601,1,0,na,"[0,",0,0,1,1144.5,+16.3dB,23.6us,"[0,",1,719.8,normal,0,valid,-14.4dB,-14.5dB,na,na,,,,
2025-07-30 13:41:13.056539,PHY,0x4601,1,0,na,"[0,",0,0,1,1150.0,+16.4dB,14.3us,"[0,",1,719.9,normal,0,valid,-14.3dB,-14.4dB,na,na,,,,
2025-07-30 13:41:13.060088,PHY,0x4601,2,,na,"[0,",,,11111,,+30.1dB,16.7us,"[0,",1,719.17,normal,0,valid,-11.4dB,-11.5dB,0.21us,+136.0Hz,,"[6,",,1
2025-07-30 13:41:13.061025,PHY,0x4601,1,0,na,"[0,",0,0,1,1077.6,+16.1dB,15.4us,"[0,",1,719.18,normal,0,valid,-14.3dB,-14.4dB,na,na,,,,
2025-07-30 13:41:13.061509,PHY,0x4601,1,0,na,"[0,",0,0,1,1191.3,+16.5dB,15.7us,"[0,",1,719.19,normal,0,valid,-14.3dB,-14.4dB,na,na,,,,
2025-07-30 13:41:13.065599,CSI,0x4601,2,,na,"[0,",,,1,,+31.4dB,12.9us,"[0,",1,720.8,normal,0,valid,-11.3dB,-11.3dB,0.23us,-97.3Hz,,"[6,",1111,1
2025-07-30 13:41:13.066464,PHY,0x4601,1,0,na,"[0,",0,0,1,1488.4,+17.5dB,17.9us,"[0,",1,720.9,normal,0,valid,-14.3dB,-14.4dB,na,na,,,,
2025-07-30 13:41:13.070114,PHY,0x4601,2,,na,"[0,",,,11111,,+33.5dB,16.6us,"[0,",1,720.17,normal,0,valid,-11.5dB,-11.5dB,0.21us,+15.8Hz,,"[6,",,1
2025-07-30 13:41:13.070955,PHY,0x4601,1,0,na,"[0,",0,0,1,1518.9,+17.6dB,20.6us,"[0,",1,720.18,normal,0,valid,-14.3dB,-14.3dB,na,na,,,,
2025-07-30 13:41:13.071535,PHY,0x4601,1,0,na,"[0,",0,0,1,1503.8,+17.5dB,15.4us,"[0,",1,720.19,normal,0,valid,-14.3dB,-14.4dB,na,na,,,,
2025-07-30 13:41:13.076029,PHY,0x4601,1,0,na,"[0,",0,0,1,1177.2,+16.4dB,16.8us,"[0,",1,721.8,normal,0,valid,-14.4dB,-14.5dB,na,na,,,,
2025-07-30 13:41:13.076510,PHY,0x4601,1,0,na,"[0,",0,0,1,1107.7,+16.2dB,14.9us,"[0,",1,721.9,normal,0,valid,-14.4dB,-14.5dB,na,na,,,,
2025-07-30 13:41:13.080042,PHY,0x4601,2,,na,"[0,",,,11111,,+33.8dB,14.5us,"[0,",1,721.17,normal,0,valid,-11.3dB,-11.4dB,0.23us,+19.3Hz,,"[6,",,1
2025-07-30 13:41:13.080987,PHY,0x4601,1,0,na,"[0,",0,0,1,1571.5,+17.7dB,17.7us,"[0,",1,721.18,normal,0,valid,-14.3dB,-14.4dB,na,na,,,,
2025-07-30 13:41:13.081454,PHY,0x4601,1,0,na,"[0,",0,0,1,1482.4,+17.5dB,14.2us,"[0,",1,721.19,normal,0,valid,-14.3dB,-14.4dB,na,na,,,,
2025-07-30 13:41:13.085598,CSI,0x4601,2,,na,"[0,",,,1,,+32.7dB,13.5us,"[0,",1,722.8,normal,0,valid,-11.4dB,-11.5dB,0.23us,+95.8Hz,,"[6,",1111,1
2025-07-30 13:41:13.086532,PHY,0x4601,1,0,na,"[0,",0,0,1,1475.4,+17.4dB,16.7us,"[0,",1,722.9,normal,0,valid,-14.3dB,-14.4dB,na,na,,,,
2025-07-30 13:41:13.090113,PHY,0x4601,2,,na,"[0,",,,11111,,+28.8dB,21.4us,"[0,",1,722.17,normal,0,valid,-11.4dB,-11.5dB,0.24us,+3.6Hz,,"[6,",,1
2025-07-30 13:41:13.091017,PHY,0x4601,1,0,na,"[0,",0,0,1,1456.6,+17.4dB,16.2us,"[0,",1,722.18,normal,0,valid,-14.4dB,-14.4dB,na,na,,,,
2025-07-30 13:41:13.091484,PHY,0x4601,1,0,na,"[0,",0,0,1,1579.6,+17.7dB,13.2us,"[0,",1,722.19,normal,0,valid,-14.3dB,-14.4dB,na,na,,,,
2025-07-30 13:41:13.095988,PHY,0x4601,1,0,na,"[0,",0,0,1,1124.8,+16.2dB,24.6us,"[0,",1,723.8,normal,0,valid,-14.4dB,-14.5dB,na,na,,,,
2025-07-30 13:41:13.096455,PHY,0x4601,1,0,na,"[0,",0,0,1,1145.4,+16.3dB,16.8us,"[0,",1,723.9,normal,0,valid,-14.4dB,-14.5dB,na,na,,,,
2025-07-30 13:41:13.100108,PHY,0x4601,2,,na,"[0,",,,11111,,+31.4dB,16.9us,"[0,",1,723.17,normal,0,valid,-11.5dB,-11.5dB,0.21us,-54.4Hz,,"[6,",,1
2025-07-30 13:41:13.100940,PHY,0x4601,1,0,na,"[0,",0,0,1,1144.6,+16.3dB,15.6us,"[0,",1,723.18,normal,0,valid,-14.3dB,-14.4dB,na,na,,,,
2025-07-30 13:41:13.101515,PHY,0x4601,1,0,na,"[0,",0,0,1,1165.3,+16.4dB,13.5us,"[0,",1,723.19,normal,0,valid,-14.3dB,-14.4dB,na,na,,,,
2025-07-30 13:41:13.105615,CSI,0x4601,2,,na,"[0,",,,1,,+30.6dB,13.6us,"[0,",1,724.8,normal,0,valid,-11.4dB,-11.4dB,0.21us,-37.2Hz,,"[6,",1111,1
2025-07-30 13:41:13.106487,PHY,0x4601,1,0,na,"[0,",0,0,1,1166.0,+16.4dB,16.3us,"[0,",1,724.9,normal,0,valid,-14.3dB,-14.4dB,na,na,,,,
2025-07-30 13:41:13.110023,PHY,0x4601,2,,na,"[0,",,,11111,,+31.7dB,13.8us,"[0,",1,724.17,normal,0,valid,-11.4dB,-11.4dB,0.23us,+21.7Hz,,"[6,",,1
2025-07-30 13:41:13.110976,PHY,0x4601,1,0,na,"[0,",0,0,1,1150.4,+16.4dB,21.3us,"[0,",1,724.18,normal,0,valid,-14.3dB,-14.4dB,na,na,,,,
2025-07-30 13:41:13.111448,PHY,0x4601,1,0,na,"[0,",0,0,1,1165.0,+16.4dB,13.6us,"[0,",1,724.19,normal,0,valid,-14.3dB,-14.4dB,na,na,,,,
2025-07-30 13:41:13.116045,PHY,0x4601,1,0,na,"[0,",0,0,1,1057.4,+16.0dB,16.5us,"[0,",1,725.8,normal,0,valid,-14.4dB,-14.5dB,na,na,,,,
2025-07-30 13:41:13.116519,PHY,0x4601,1,0,na,"[0,",0,0,1,1221.1,+16.6dB,14.3us,"[0,",1,725.9,normal,0,valid,-14.4dB,-14.5dB,na,na,,,,
2025-07-30 13:41:13.120074,PHY,0x4601,2,,na,"[0,",,,11111,,+29.5dB,15.9us,"[0,",1,725.17,normal,0,valid,-11.4dB,-11.4dB,0.22us,-27.6Hz,,"[6,",,1
2025-07-30 13:41:13.121004,PHY,0x4601,1,0,na,"[0,",0,0,1,1598.0,+17.8dB,15.7us,"[0,",1,725.18,normal,0,valid,-14.3dB,-14.4dB,na,na,,,,
2025-07-30 13:41:13.121486,PHY,0x4601,1,0,na,"[0,",0,0,1,1536.0,+17.6dB,28.4us,"[0,",1,725.19,normal,0,valid,-14.3dB,-14.4dB,na,na,,,,
2025-07-30 13:41:13.125615,CSI,0x4601,2,,na,"[0,",,,1,,+31.4dB,13.5us,"[0,",1,726.8,normal,0,valid,-11.3dB,-11.3dB,0.24us,+97.5Hz,,"[6,",1111,1
2025-07-30 13:41:13.126440,PHY,0x4601,1,0,na,"[0,",0,0,1,1511.4,+17.5dB,17.6us,"[0,",1,726.9,normal,0,valid,-14.3dB,-14.4dB,na,na,,,,
2025-07-30 13:41:13.130139,PHY,0x4601,2,,na,"[0,",,,11111,,+34.8dB,13.8us,"[0,",1,726.17,normal,0,valid,-11.5dB,-11.5dB,0.21us,+59.6Hz,,"[6,",,1
2025-07-30 13:41:13.131034,PHY,0x4601,1,0,na,"[0,",0,0,1,1521.7,+17.5dB,18.4us,"[0,",1,726.18,normal,0,valid,-14.3dB,-14.4dB,na,na,,,,
2025-07-30 13:41:13.131513,PHY,0x4601,1,0,na,"[0,",0,0,1,1506.9,+17.5dB,14.4us,"[0,",1,726.19,normal,0,valid,-14.3dB,-14.4dB,na,na,,,,
2025-07-30 13:41:13.135997,PHY,0x4601,1,0,na,"[0,",0,0,1,1079.4,+16.1dB,18.1us,"[0,",1,727.8,normal,0,valid,-14.4dB,-14.4dB,na,na,,,,
2025-07-30 13:41:13.136470,PHY,0x4601,1,0,na,"[0,",0,0,1,1188.9,+16.5dB,15.5us,"[0,",1,727.9,normal,0,valid,-14.4dB,-14.4dB,na,na,,,,
2025-07-30 13:41:13.140016,PHY,0x4601,2,,na,"[0,",,,11111,,+30.9dB,14.2us,"[0,",1,727.17,normal,0,valid,-11.4dB,-11.5dB,0.21us,+30.1Hz,,"[6,",,1
2025-07-30 13:41:13.140963,PHY,0x4601,1,0,na,"[0,",0,0,1,1571.0,+17.7dB,17.5us,"[0,",1,727.18,normal,0,valid,-14.3dB,-14.4dB,na,na,,,,
2025-07-30 13:41:13.141543,PHY,0x4601,1,0,na,"[0,",0,0,1,1512.2,+17.5dB,15.3us,"[0,",1,727.19,normal,0,valid,-14.3dB,-14.4dB,na,na,,,,
2025-07-30 13:41:13.145577,CSI,0x4601,2,,na,"[0,",,,1,,+30.7dB,15.0us,"[0,",1,728.8,normal,0,valid,-11.3dB,-11.3dB,0.22us,+88.2Hz,,"[6,",1111,1
2025-07-30 13:41:13.146502,PHY,0x4601,1,0,na,"[0,",0,0,1,1498.9,+17.5dB,17.5us,"[0,",1,728.9,normal,0,valid,-14.4dB,-14.4dB,na,na,,,,
2025-07-30 13:41:13.150050,PHY,0x4601,2,,na,"[0,",,,11111,,+28.2dB,20.5us,"[0,",1,728.17,normal,0,valid,-11.4dB,-11.5dB,0.23us,-32.4Hz,,"[6,",,1
2025-07-30 13:41:13.150988,PHY,0x4601,1,0,na,"[0,",0,0,1,1515.4,+17.6dB,15.9us,"[0,",1,728.18,normal,0,valid,-14.3dB,-14.4dB,na,na,,,,
2025-07-30 13:41:13.151461,PHY,0x4601,1,0,na,"[0,",0,0,1,1543.8,+17.6dB,14.3us,"[0,",1,728.19,normal,0,valid,-14.3dB,-14.4dB,na,na,,,,
2025-07-30 13:41:13.155966,PHY,0x4601,1,0,na,"[0,",0,0,1,1176.0,+16.5dB,23.9us,"[0,",1,729.8,normal,0,valid,-14.4dB,-14.4dB,na,na,,,,
2025-07-30 13:41:13.156551,PHY,0x4601,1,0,na,"[0,",0,0,1,1125.8,+16.2dB,14.8us,"[0,",1,729.9,normal,0,valid,-14.4dB,-14.5dB,na,na,,,,
2025-07-30 13:41:13.160092,PHY,0x4601,2,,na,"[0,",,,11111,,+32.7dB,13.9us,"[0,",1,729.17,normal,0,valid,-11.4dB,-11.5dB,0.22us,+173.4Hz,,"[6,",,1
2025-07-30 13:41:13.161023,PHY,0x4601,1,0,na,"[0,",0,0,1,1136.8,+16.3dB,16.2us,"[0,",1,729.18,normal,0,valid,-14.3dB,-14.4dB,na,na,,,,
2025-07-30 13:41:13.161493,PHY,0x4601,1,0,na,"[0,",0,0,1,1171.7,+16.4dB,15.5us,"[0,",1,729.19,normal,0,valid,-14.3dB,-14.4dB,na,na,,,,
2025-07-30 13:41:13.165586,CSI,0x4601,2,,na,"[0,",,,1,,+33.5dB,12.5us,"[0,",1,730.8,normal,0,valid,-11.4dB,-11.5dB,0.24us,-109.7Hz,,"[6,",1111,1
2025-07-30 13:41:13.166459,PHY,0x4601,1,0,na,"[0,",0,0,1,1496.1,+17.5dB,17.1us,"[0,",1,730.9,normal,0,valid,-14.4dB,-14.4dB,na,na,,,,
2025-07-30 13:41:13.170122,PHY,0x4601,2,,na,"[0,",,,11111,,+29.9dB,14.5us,"[0,",1,730.17,normal,0,valid,-11.4dB,-11.5dB,0.22us,+27.5Hz,,"[6,",,1
2025-07-30 13:41:13.170945,PHY,0x4601,1,0,na,"[0,",0,0,1,1581.9,+17.7dB,16.2us,"[0,",1,730.18,normal,0,valid,-14.3dB,-14.4dB,na,na,,,,
2025-07-30 13:41:13.171523,PHY,0x4601,1,0,na,"[0,",0,0,1,1426.8,+17.3dB,13.8us,"[0,",1,730.19,normal,0,valid,-14.3dB,-14.4dB,na,na,,,,
2025-07-30 13:41:13.176017,PHY,0x4601,1,0,na,"[0,",0,0,1,1100.6,+16.2dB,16.0us,"[0,",1,731.8,normal,0,valid,-14.4dB,-14.4dB,na,na,,,,
2025-07-30 13:41:13.176509,PHY,0x4601,1,0,na,"[0,",0,0,1,1186.3,+16.5dB,38.1us,"[0,",1,731.9,normal,0,valid,-14.4dB,-14.5dB,na,na,,,,
2025-07-30 13:41:13.180030,PHY,0x4601,2,,na,"[0,",,,11111,,+31.7dB,15.9us,"[0,",1,731.17,normal,0,valid,-11.5dB,-11.5dB,0.20us,+62.6Hz,,"[6,",,1
2025-07-30 13:41:13.180981,PHY,0x4601,1,0,na,"[0,",0,0,1,1561.6,+17.7dB,15.4us,"[0,",1,731.18,normal,0,valid,-14.3dB,-14.4dB,na,na,,,,
2025-07-30 13:41:13.181448,PHY,0x4601,1,0,na,"[0,",0,0,1,1598.0,+17.8dB,13.9us,"[0,",1,731.19,normal,0,valid,-14.3dB,-14.4dB,na,na,,,,
2025-07-30 13:41:13.185581,CSI,0x4601,2,,na,"[0,",,,1,,+32.9dB,14.2us,"[0,",1,732.8,normal,0,valid,-11.3dB,-11.4dB,0.22us,-38.7Hz,,"[6,",1111,1
2025-07-30 13:41:13.186523,PHY,0x4601,1,0,na,"[0,",0,0,1,1153.9,+16.4dB,16.1us,"[0,",1,732.9,normal,0,valid,-14.3dB,-14.4dB,na,na,,,,
2025-07-30 13:41:13.190082,PHY,0x4601,2,,na,"[0,",,,11111,,+31.1dB,17.6us,"[0,",1,732.17,normal,0,valid,-11.5dB,-11.6dB,0.22us,+11.2Hz,,"[6,",,1
2025-07-30 13:41:13.191014,PHY,0x4601,1,0,na,"[0,",0,0,1,1558.4,+17.7dB,18.6us,"[0,",1,732.18,normal,0,valid,-14.3dB,-14.3dB,na,na,,,,
2025-07-30 13:41:13.191485,PHY,0x4601,1,0,na,"[0,",0,0,1,1444.5,+17.3dB,17.8us,"[0,",1,732.19,normal,0,valid,-14.4dB,-14.4dB,na,na,,,,
2025-07-30 13:41:13.195976,PHY,0x4601,1,0,na,"[0,",0,0,1,1161.5,+16.4dB,16.4us,"[0,",1,733.8,normal,0,valid,-14.4dB,-14.5dB,na,na,,,,
2025-07-30 13:41:13.196453,PHY,0x4601,1,0,na,"[0,",0,0,1,1165.7,+16.4dB,21.3us,"[0,",1,733.9,normal,0,valid,-14.4dB,-14.5dB,na,na,,,,
2025-07-30 13:41:13.200115,PHY,0x4601,2,,na,"[0,",,,11111,,+30.1dB,14.1us,"[0,",1,733.17,normal,0,valid,-11.4dB,-11.5dB,0.22us,+1.7Hz,,"[6,",,1
2025-07-30 13:41:13.201046,PHY,0x4601,1,0,na,"[0,",0,0,1,1144.8,+16.3dB,20.0us,"[0,",1,733.18,normal,0,valid,-14.3dB,-14.4dB,na,na,,,,
2025-07-30 13:41:13.201520,PHY,0x4601,1,0,na,"[0,",0,0,1,1149.2,+16.3dB,15.6us,"[0,",1,733.19,normal,0,valid,-14.3dB,-14.5dB,na,na,,,,
2025-07-30 13:41:13.205594,CSI,0x4601,2,,na,"[0,",,,1,,+32.3dB,12.0us,"[0,",1,734.8,normal,0,valid,-11.4dB,-11.4dB,0.23us,-87.4Hz,,"[6,",1111,1
2025-07-30 13:41:13.206481,PHY,0x4601,1,0,na,"[0,",0,0,1,1419.3,+17.3dB,24.8us,"[0,",1,734.9,normal,0,valid,-14.4dB,-14.4dB,na,na,,,,
2025-07-30 13:41:13.210019,PHY,0x4601,2,,na,"[0,",,,11111,,+35.4dB,13.8us,"[0,",1,734.17,normal,0,valid,-11.5dB,-11.6dB,0.21us,+132.5Hz,,"[6,",,1
2025-07-30 13:41:13.210961,PHY,0x4601,1,0,na,"[0,",0,0,1,1118.4,+16.2dB,15.9us,"[0,",1,734.18,normal,0,valid,-14.3dB,-14.4dB,na,na,,,,
2025-07-30 13:41:13.211444,PHY,0x4601,1,0,na,"[0,",0,0,1,1098.0,+16.2dB,19.1us,"[0,",1,734.19,normal,0,valid,-14.3dB,-14.4dB,na,na,,,,
2025-07-30 13:41:13.216043,PHY,0x4601,1,0,na,"[0,",0,0,1,1174.6,+16.4dB,23.2us,"[0,",1,735.8,normal,0,valid,-14.4dB,-14.5dB,na,na,,,,
2025-07-30 13:41:13.216526,PHY,0x4601,1,0,na,"[0,",0,0,1,1114.5,+16.2dB,13.8us,"[0,",1,735.9,normal,0,valid,-14.4dB,-14.5dB,na,na,,,,
2025-07-30 13:41:13.220061,PHY,0x4601,2,,na,"[0,",,,11111,,+28.5dB,15.5us,"[0,",1,735.17,normal,0,valid,-11.4dB,-11.5dB,0.21us,+14.8Hz,,"[6,",,1
2025-07-30 13:41:13.220998,PHY,0x4601,1,0,na,"[0,",0,0,1,1111.1,+16.2dB,21.0us,"[0,",1,735.18,normal,0,valid,-14.3dB,-14.5dB,na,na,,,,
2025-07-30 13:41:13.221475,PHY,0x4601,1,0,na,"[0,",0,0,1,1182.3,+16.5dB,13.2us,"[0,",1,735.19,normal,0,valid,-14.3dB,-14.4dB,na,na,,,,
2025-07-30 13:41:13.225633,CSI,0x4601,2,,na,"[0,",,,1,,+31.2dB,15.7us,"[0,",1,736.8,normal,0,valid,-11.4dB,-11.4dB,0.24us,+39.5Hz,,"[6,",1111,1
2025-07-30 13:41:13.226541,PHY,0x4601,1,0,na,"[0,",0,0,1,1046.2,+15.9dB,15.5us,"[0,",1,736.9,normal,0,valid,-14.3dB,-14.5dB,na,na,,,,
2025-07-30 13:41:13.230089,PHY,0x4601,2,,na,"[0,",,,11111,,+30.6dB,15.2us,"[0,",1,736.17,normal,0,valid,-11.4dB,-11.4dB,0.23us,+147.8Hz,,"[6,",,1
2025-07-30 13:41:13.231035,PHY,0x4601,1,0,na,"[0,",0,0,1,1441.4,+17.3dB,21.7us,"[0,",1,736.18,normal,0,valid,-14.3dB,-14.4dB,na,na,,,,
2025-07-30 13:41:13.231500,PHY,0x4601,1,0,na,"[0,",0,0,1,1531.9,+17.6dB,15.9us,"[0,",1,736.19,normal,0,valid,-14.3dB,-14.4dB,na,na,,,,
2025-07-30 13:41:13.236000,PHY,0x4601,1,0,na,"[0,",0,0,1,1142.9,+16.3dB,19.5us,"[0,",1,737.8,normal,0,valid,-14.4dB,-14.5dB,na,na,,,,
2025-07-30 13:41:13.236467,PHY,0x4601,1,0,na,"[0,",0,0,1,1227.4,+16.6dB,15.3us,"[0,",1,737.9,normal,0,valid,-14.4dB,-14.5dB,na,na,,,,
2025-07-30 13:41:13.240125,PHY,0x4601,2,,na,"[0,",,,11111,,+35.8dB,22.1us,"[0,",1,737.17,normal,0,valid,-11.4dB,-11.5dB,0.21us,+27.5Hz,,"[6,",,1
2025-07-30 13:41:13.240954,PHY,0x4601,1,0,na,"[0,",0,0,1,1077.4,+16.1dB,16.1us,"[0,",1,737.18,normal,0,valid,-14.3dB,-14.4dB,na,na,,,,
2025-07-30 13:41:13.241540,PHY,0x4601,1,0,na,"[0,",0,0,1,1070.1,+16.1dB,15.6us,"[0,",1,737.19,normal,0,valid,-14.3dB,-14.4dB,na,na,,,,
2025-07-30 13:41:13.245554,CSI,0x4601,2,,na,"[0,",,,1,,+34.4dB,14.4us,"[0,",1,738.8,normal,0,valid,-11.3dB,-11.4dB,0.22us,+46.4Hz,,"[6,",1111,1
2025-07-30 13:41:13.246493,PHY,0x4601,1,0,na,"[0,",0,0,1,1100.4,+16.2dB,15.2us,"[0,",1,738.9,normal,0,valid,-14.3dB,-14.4dB,na,na,,,,
2025-07-30 13:41:13.250038,PHY,0x4601,2,,na,"[0,",,,11111,,+31.0dB,15.7us,"[0,",1,738.17,normal,0,valid,-11.5dB,-11.5dB,0.21us,+9.3Hz,,"[6,",,1
2025-07-30 13:41:13.250987,PHY,0x4601,1,0,na,"[0,",0,0,1,1449.5,+17.3dB,17.0us,"[0,",1,738.18,normal,0,valid,-14.3dB,-14.4dB,na,na,,,,
2025-07-30 13:41:13.251462,PHY,0x4601,1,0,na,"[0,",0,0,1,1495.2,+17.5dB,16.2us,"[0,",1,738.19,normal,0,valid,-14.3dB,-14.4dB,na,na,,,,
2025-07-30 13:41:13.255967,PHY,0x4601,1,0,na,"[0,",0,0,1,1112.8,+16.2dB,21.4us,"[0,",1,739.8,normal,0,valid,-14.4dB,-14.5dB,na,na,,,,
2025-07-30 13:41:13.256537,PHY,0x4601,1,0,na,"[0,",0,0,1,1123.9,+16.2dB,15.1us,"[0,",1,739.9,normal,0,valid,-14.4dB,-14.5dB,na,na,,,,
2025-07-30 13:41:13.260141,PHY,0x4601,2,,na,"[0,",,,11111,,+32.1dB,24.8us,"[0,",1,739.17,normal,0,valid,-11.4dB,-11.4dB,0.21us,+56.9Hz,,"[6,",,1
2025-07-30 13:41:13.261017,PHY,0x4601,1,0,na,"[0,",0,0,1,1408.5,+17.2dB,15.3us,"[0,",1,739.18,normal,0,valid,-14.3dB,-14.4dB,na,na,,,,
2025-07-30 13:41:13.261486,PHY,0x4601,1,0,na,"[0,",0,0,1,1518.1,+17.6dB,13.9us,"[0,",1,739.19,normal,0,valid,-14.3dB,-14.4dB,na,na,,,,
2025-07-30 13:41:13.265633,CSI,0x4601,2,,na,"[0,",,,1,,+32.4dB,16.2us,"[0,",1,740.8,normal,0,valid,-11.4dB,-11.4dB,0.23us,-79.8Hz,,"[6,",1111,1
2025-07-30 13:41:13.266459,PHY,0x4601,1,0,na,"[0,",0,0,1,1169.5,+16.4dB,16.1us,"[0,",1,740.9,normal,0,valid,-14.3dB,-14.4dB,na,na,,,,
2025-07-30 13:41:13.270096,PHY,0x4601,2,,na,"[0,",,,11111,,+29.8dB,16.2us,"[0,",1,740.17,normal,0,valid,-11.5dB,-11.6dB,0.21us,-4.1Hz,,"[6,",,1
2025-07-30 13:41:13.270935,PHY,0x4601,1,0,na,"[0,",0,0,1,1502.6,+17.5dB,14.9us,"[0,",1,740.18,normal,0,valid,-14.3dB,-14.4dB,na,na,,,,
2025-07-30 13:41:13.271515,PHY,0x4601,1,0,na,"[0,",0,0,1,1535.2,+17.6dB,13.3us,"[0,",1,740.19,normal,0,valid,-14.3dB,-14.4dB,na,na,,,,
2025-07-30 13:41:13.276024,PHY,0x4601,1,0,na,"[0,",0,0,1,1163.0,+16.4dB,19.4us,"[0,",1,741.8,normal,0,valid,-14.3dB,-14.5dB,na,na,,,,
2025-07-30 13:41:13.276494,PHY,0x4601,1,0,na,"[0,",0,0,1,1142.7,+16.3dB,25.2us,"[0,",1,741.9,normal,0,valid,-14.4dB,-14.5dB,na,na,,,,
2025-07-30 13:41:13.280026,PHY,0x4601,2,,na,"[0,",,,11111,,+29.7dB,14.8us,"[0,",1,741.17,normal,0,valid,-11.5dB,-11.6dB,0.22us,+44.9Hz,,"[6,",,1
2025-07-30 13:41:13.280976,PHY,0x4601,1,0,na,"[0,",0,0,1,1152.6,+16.4dB,21.1us,"[0,",1,741.18,normal,0,valid,-14.3dB,-14.4dB,na,na,,,,
2025-07-30 13:41:13.281446,PHY,0x4601,1,0,na,"[0,",0,0,1,1165.9,+16.4dB,15.9us,"[0,",1,741.19,normal,0,valid,-14.4dB,-14.5dB,na,na,,,,
2025-07-30 13:41:13.285575,CSI,0x4601,2,,na,"[0,",,,1,,+27.4dB,14.9us,"[0,",1,742.8,normal,0,valid,-11.4dB,-11.5dB,0.21us,+19.9Hz,,"[6,",1111,1
2025-07-30 13:41:13.286512,PHY,0x4601,1,0,na,"[0,",0,0,1,1117.6,+16.2dB,17.7us,"[0,",1,742.9,normal,0,valid,-14.3dB,-14.4dB,na,na,,,,
2025-07-30 13:41:13.290065,PHY,0x4601,2,,na,"[0,",,,11111,,+27.8dB,16.5us,"[0,",1,742.17,normal,0,valid,-11.4dB,-11.5dB,0.23us,+123.2Hz,,"[6,",,1
2025-07-30 13:41:13.291005,PHY,0x4601,1,0,na,"[0,",0,0,1,1462.9,+17.4dB,15.1us,"[0,",1,742.18,normal,0,valid,-14.3dB,-14.4dB,na,na,,,,
2025-07-30 13:41:13.291475,PHY,0x4601,1,0,na,"[0,",0,0,1,1454.9,+17.4dB,15.9us,"[0,",1,742.19,normal,0,valid,-14.3dB,-14.4dB,na,na,,,,
2025-07-30 13:41:13.295962,PHY,0x4601,1,0,na,"[0,",0,0,1,1100.6,+16.2dB,15.8us,"[0,",1,743.8,normal,0,valid,-14.3dB,-14.4dB,na,na,,,,
2025-07-30 13:41:13.296440,PHY,0x4601,1,0,na,"[0,",0,0,0,1103.0,+16.2dB,15.8us,"[0,",1,743.9,normal,0,valid,-14.4dB,-14.5dB,na,na,,,,
2025-07-30 13:41:13.300101,PHY,0x4601,2,,na,"[0,",,,11111,,+32.2dB,22.9us,"[0,",1,743.17,normal,0,valid,-11.5dB,-11.5dB,0.21us,+49.1Hz,,"[6,",,1
2025-07-30 13:41:13.301033,PHY,0x4601,1,0,na,"[0,",0,0,1,1216.1,+16.6dB,15.4us,"[0,",1,743.18,normal,0,valid,-14.4dB,-14.5dB,na,na,,,,
2025-07-30 13:41:13.301514,PHY,0x4601,1,0,na,"[0,",0,0,1,1166.4,+16.4dB,20.8us,"[0,",1,743.19,normal,0,valid,-14.3dB,-14.4dB,na,na,,,,
2025-07-30 13:41:13.305612,CSI,0x4601,2,,na,"[0,",,,1,,+35.0dB,14.4us,"[0,",1,744.8,normal,0,valid,-11.3dB,-11.4dB,0.22us,-114.9Hz,,"[6,",1111,1
2025-07-30 13:41:13.306468,PHY,0x4601,1,0,na,"[0,",0,0,1,1015.8,+15.8dB,15.7us,"[0,",1,744.9,normal,0,valid,-14.3dB,-14.4dB,na,na,,,,
2025-07-30 13:41:13.310014,PHY,0x4601,2,,na,"[0,",,,11111,,+32.3dB,12.6us,"[0,",1,744.17,normal,0,valid,-11.4dB,-11.4dB,0.20us,-18.9Hz,,"[6,",,1
2025-07-30 13:41:13.310955,PHY,0x4601,1,0,na,"[0,",0,0,1,1450.3,+17.4dB,15.4us,"[0,",1,744.18,normal,0,valid,-14.3dB,-14.4dB,na,na,,,,
2025-07-30 13:41:13.311546,PHY,0x4601,1,0,na,"[0,",0,0,1,1513.3,+17.5dB,18.5us,"[0,",1,744.19,normal,0,valid,-14.3dB,-14.4dB,na,na,,,,
2025-07-30 13:41:13.316042,PHY,0x4601,1,0,na,"[0,",0,0,1,1126.7,+16.3dB,18.4us,"[0,",1,745.8,normal,0,valid,-14.4dB,-14.4dB,na,na,,,,
2025-07-30 13:41:13.316533,PHY,0x4601,1,0,na,"[0,",0,0,1,1111.2,+16.3dB,17.3us,"[0,",1,745.9,normal,0,valid,-14.4dB,-14.4dB,na,na,,,,
2025-07-30 13:41:13.320061,PHY,0x4601,2,,na,"[0,",,,11111,,+34.6dB,21.7us,"[0,",1,745.17,normal,0,valid,-11.5dB,-11.5dB,0.21us,+3.5Hz,,"[6,",,1
2025-07-30 13:41:13.320996,PHY,0x4601,1,0,na,"[0,",0,0,1,1215.3,+16.6dB,18.0us,"[0,",1,745.18,normal,0,valid,-14.3dB,-14.4dB,na,na,,,,
2025-07-30 13:41:13.321476,PHY,0x4601,1,0,na,"[0,",0,0,1,1149.8,+16.3dB,18.1us,"[0,",1,745.19,normal,0,valid,-14.3dB,-14.4dB,na,na,,,,
2025-07-30 13:41:13.325598,CSI,0x4601,2,,na,"[0,",,,1,,+30.7dB,14.4us,"[0,",1,746.8,normal,0,valid,-11.5dB,-11.5dB,0.21us,+18.0Hz,,"[6,",1111,1
2025-07-30 13:41:13.326537,PHY,0x4601,1,0,na,"[0,",0,0,1,1185.1,+16.5dB,18.6us,"[0,",1,746.9,normal,0,valid,-14.3dB,-14.4dB,na,na,,,,
2025-07-30 13:41:13.330091,PHY,0x4601,2,,na,"[0,",,,11111,,+34.6dB,16.8us,"[0,",1,746.17,normal,0,valid,-11.4dB,-11.5dB,0.23us,-51.1Hz,,"[6,",,1
2025-07-30 13:41:13.331022,PHY,0x4601,1,0,na,"[0,",0,0,1,1124.7,+16.2dB,18.1us,"[0,",1,746.18,normal,0,valid,-14.3dB,-14.4dB,na,na,,,,
2025-07-30 13:41:13.331491,PHY,0x4601,1,0,na,"[0,",0,0,1,1157.3,+16.4dB,15.4us,"[0,",1,746.19,normal,0,valid,-14.3dB,-14.4dB,na,na,,,,
2025-07-30 13:41:13.336026,PHY,0x4601,1,0,na,"[0,",0,0,1,1131.8,+16.2dB,18.7us,"[0,",1,747.8,normal,0,valid,-14.4dB,-14.5dB,na,na,,,,
2025-07-30 13:41:13.336455,PHY,0x4601,1,0,na,"[0,",0,0,1,1187.3,+16.5dB,15.6us,"[0,",1,747.9,normal,0,valid,-14.4dB,-14.4dB,na,na,,,,
2025-07-30 13:41:13.340133,PHY,0x4601,2,,na,"[0,",,,11111,,+30.8dB,14.6us,"[0,",1,747.17,normal,0,valid,-11.5dB,-11.5dB,0.22us,+18.1Hz,,"[6,",,1
2025-07-30 13:41:13.340947,PHY,0x4601,1,0,na,"[0,",0,0,1,1561.6,+17.7dB,16.5us,"[0,",1,747.18,normal,0,valid,-14.3dB,-14.4dB,na,na,,,,
2025-07-30 13:41:13.341524,PHY,0x4601,1,0,na,"[0,",0,0,1,1526.8,+17.6dB,15.4us,"[0,",1,747.19,normal,0,valid,-14.3dB,-14.4dB,na,na,,,,
2025-07-30 13:41:13.345620,CSI,0x4601,2,,na,"[0,",,,1,,+31.1dB,12.4us,"[0,",1,748.8,normal,0,valid,-11.4dB,-11.4dB,0.22us,-108.5Hz,,"[6,",1111,1
2025-07-30 13:41:13.346496,PHY,0x4601,1,0,na,"[0,",0,0,1,1357.6,+17.0dB,26.3us,"[0,",1,748.9,normal,0,valid,-14.3dB,-14.4dB,na,na,,,,
2025-07-30 13:41:13.350032,PHY,0x4601,2,,na,"[0,",,,11111,,+31.3dB,14.1us,"[0,",1,748.17,normal,0,valid,-11.4dB,-11.4dB,0.20us,+50.2Hz,,"[6,",,1
2025-07-30 13:41:13.350973,PHY,0x4601,1,0,na,"[0,",0,0,1,1120.6,+16.3dB,15.7us,"[0,",1,748.18,normal,0,valid,-14.3dB,-14.4dB,na,na,,,,
2025-07-30 13:41:13.351452,PHY,0x4601,1,0,na,"[0,",0,0,1,1114.5,+16.2dB,18.3us,"[0,",1,748.19,normal,0,valid,-14.3dB,-14.4dB,na,na,,,,
2025-07-30 13:41:13.355942,PHY,0x4601,1,0,na,"[0,",0,0,1,1087.3,+16.1dB,17.6us,"[0,",1,749.8,normal,0,valid,-14.3dB,-14.5dB,na,na,,,,
2025-07-30 13:41:13.356533,PHY,0x4601,1,0,na,"[0,",0,0,1,1119.4,+16.2dB,14.7us,"[0,",1,749.9,normal,0,valid,-14.4dB,-14.4dB,na,na,,,,
2025-07-30 13:41:13.360096,PHY,0x4601,2,,na,"[0,",,,11111,,+27.8dB,17.9us,"[0,",1,749.17,normal,0,valid,-11.5dB,-11.5dB,0.20us,+112.6Hz,,"[6,",,1
2025-07-30 13:41:13.361008,PHY,0x4601,1,0,na,"[0,",0,0,1,1647.0,+17.9dB,15.8us,"[0,",1,749.18,normal,0,valid,-14.3dB,-14.4dB,na,na,,,,
2025-07-30 13:41:13.361498,PHY,0x4601,1,0,na,"[0,",0,0,1,1376.7,+17.1dB,16.3us,"[0,",1,749.19,normal,0,valid,-14.4dB,-14.4dB,na,na,,,,
2025-07-30 13:41:13.365609,CSI,0x4601,2,,na,"[0,",,,1,,+29.6dB,21.4us,"[0,",1,750.8,normal,0,valid,-11.4dB,-11.4dB,0.21us,+3.2Hz,,"[6,",1111,1
2025-07-30 13:41:13.366456,PHY,0x4601,1,0,na,"[0,",0,0,1,1078.6,+16.1dB,16.0us,"[0,",1,750.9,normal,0,valid,-14.3dB,-14.4dB,na,na,,,,
2025-07-30 13:41:13.370124,PHY,0x4601,2,,na,"[0,",,,11111,,+27.3dB,19.9us,"[0,",1,750.17,normal,0,valid,-11.4dB,-11.5dB,0.22us,-34.3Hz,,"[6,",,1
2025-07-30 13:41:13.371037,PHY,0x4601,1,0,na,"[0,",0,0,1,1033.6,+15.9dB,16.2us,"[0,",1,750.18,normal,0,valid,-14.3dB,-14.4dB,na,na,,,,
2025-07-30 13:41:13.371513,PHY,0x4601,1,0,na,"[0,",0,0,1,1104.5,+16.1dB,13.6us,"[0,",1,750.19,normal,0,valid,-14.3dB,-14.5dB,na,na,,,,
2025-07-30 13:41:13.376009,PHY,0x4601,1,0,na,"[0,",0,0,1,1124.6,+16.3dB,19.7us,"[0,",1,751.8,normal,0,valid,-14.4dB,-14.4dB,na,na,,,,
2025-07-30 13:41:13.376470,PHY,0x4601,1,0,na,"[0,",0,0,1,1072.9,+16.1dB,15.3us,"[0,",1,751.9,normal,0,valid,-14.4dB,-14.5dB,na,na,,,,
2025-07-30 13:41:13.380019,PHY,0x4601,2,,na,"[0,",,,11111,,+29.9dB,14.9us,"[0,",1,751.17,normal,0,valid,-11.4dB,-11.5dB,0.22us,+2.7Hz,,"[6,",,1
2025-07-30 13:41:13.380969,PHY,0x4601,1,0,na,"[0,",0,0,1,1180.8,+16.5dB,16.2us,"[0,",1,751.18,normal,0,valid,-14.3dB,-14.4dB,na,na,,,,
2025-07-30 13:41:13.381438,PHY,0x4601,1,0,na,"[0,",0,0,1,1067.3,+16.0dB,14.5us,"[0,",1,751.19,normal,0,valid,-14.3dB,-14.4dB,na,na,,,,
2025-07-30 13:41:13.385568,CSI,0x4601,2,,na,"[0,",,,1,,+34.2dB,13.3us,"[0,",1,752.8,normal,0,valid,-11.4dB,-11.4dB,0.22us,-63.3Hz,,"[6,",1111,1
2025-07-30 13:41:13.386517,PHY,0x4601,1,0,na,"[0,",0,0,1,1149.5,+16.3dB,20.4us,"[0,",1,752.9,normal,0,valid,-14.3dB,-14.4dB,na,na,,,,
2025-07-30 13:41:13.390066,PHY,0x4601,2,,na,"[0,",,,11111,,+30.5dB,14.7us,"[0,",1,752.17,normal,0,valid,-11.5dB,-11.5dB,0.22us,+115.6Hz,,"[6,",,1
2025-07-30 13:41:13.390993,PHY,0x4601,1,0,na,"[0,",0,0,1,1124.5,+16.3dB,16.9us,"[0,",1,752.18,normal,0,valid,-14.3dB,-14.4dB,na,na,,,,
2025-07-30 13:41:13.391468,PHY,0x4601,1,0,na,"[0,",0,0,1,1157.1,+16.3dB,14.3us,"[0,",1,752.19,normal,0,valid,-14.3dB,-14.5dB,na,na,,,,
2025-07-30 13:41:13.395974,PHY,0x4601,1,0,na,"[0,",0,0,1,1196.0,+16.5dB,15.9us,"[0,",1,753.8,normal,0,valid,-14.4dB,-14.5dB,na,na,,,,
2025-07-30 13:41:13.396543,PHY,0x4601,1,0,na,"[0,",0,0,1,1140.4,+16.3dB,17.5us,"[0,",1,753.9,normal,0,valid,-14.4dB,-14.5dB,na,na,,,,
2025-07-30 13:41:13.400089,PHY,0x4601,2,,na,"[0,",,,11111,,+31.9dB,16.7us,"[0,",1,753.17,normal,0,valid,-11.4dB,-11.4dB,0.19us,-6.1Hz,,"[6,",,1
2025-07-30 13:41:13.401028,PHY,0x4601,1,0,na,"[0,",0,0,1,1472.5,+17.4dB,18.3us,"[0,",1,753.18,normal,0,valid,-14.3dB,-14.4dB,na,na,,,,
2025-07-30 13:41:13.401503,PHY,0x4601,1,0,na,"[0,",0,0,1,1452.9,+17.4dB,13.9us,"[0,",1,753.19,normal,0,valid,-14.4dB,-14.4dB,na,na,,,,
2025-07-30 13:41:13.405588,CSI,0x4601,2,,na,"[0,",,,1,,+33.1dB,10.9us,"[0,",1,754.8,normal,0,valid,-11.4dB,-11.5dB,0.21us,-118.1Hz,,"[6,",1111,1
2025-07-30 13:41:13.406474,PHY,0x4601,1,0,na,"[0,",0,0,1,1039.4,+15.9dB,15.9us,"[0,",1,754.9,normal,0,valid,-14.4dB,-14.5dB,na,na,,,,
2025-07-30 13:41:13.410140,PHY,0x4601,2,,na,"[0,",,,11111,,+30.1dB,17.2us,"[0,",1,754.17,normal,0,valid,-11.4dB,-11.5dB,0.21us,+11.7Hz,,"[6,",,1
2025-07-30 13:41:13.410949,PHY,0x4601,1,0,na,"[0,",0,0,1,1417.3,+17.3dB,16.0us,"[0,",1,754.18,normal,0,valid,-14.3dB,-14.4dB,na,na,,,,
2025-07-30 13:41:13.411528,PHY,0x4601,1,0,na,"[0,",0,0,1,1467.2,+17.4dB,14.4us,"[0,",1,754.19,normal,0,valid,-14.3dB,-14.4dB,na,na,,,,
2025-07-30 13:41:13.416028,PHY,0x4601,1,0,na,"[0,",0,0,1,1107.1,+16.2dB,18.5us,"[0,",1,755.8,normal,0,valid,-14.4dB,-14.4dB,na,na,,,,
2025-07-30 13:41:13.416507,PHY,0x4601,1,0,na,"[0,",0,0,1,1145.1,+16.3dB,15.1us,"[0,",1,755.9,normal,0,valid,-14.4dB,-14.5dB,na,na,,,,
2025-07-30 13:41:13.420041,PHY,0x4601,2,,na,"[0,",,,11111,,+32.7dB,15.5us,"[0,",1,755.17,normal,0,valid,-11.4dB,-11.4dB,0.20us,+24.2Hz,,"[6,",,1
2025-07-30 13:41:13.420988,PHY,0x4601,1,0,na,"[0,",0,0,1,1109.7,+16.2dB,15.7us,"[0,",1,755.18,normal,0,valid,-14.3dB,-14.4dB,na,na,,,,
2025-07-30 13:41:13.421454,PHY,0x4601,1,0,na,"[0,",0,0,1,1083.4,+16.1dB,13.1us,"[0,",1,755.19,normal,0,valid,-14.3dB,-14.4dB,na,na,,,,
2025-07-30 13:41:13.425586,CSI,0x4601,2,,na,"[0,",,,1,,+28.2dB,11.7us,"[0,",1,756.8,normal,0,valid,-11.4dB,-11.5dB,0.23us,+11.6Hz,,"[6,",1111,1
2025-07-30 13:41:13.426525,PHY,0x4601,1,0,na,"[0,",0,0,1,1225.7,+16.6dB,16.1us,"[0,",1,756.9,normal,0,valid,-14.3dB,-14.4dB,na,na,,,,
2025-07-30 13:41:13.430074,PHY,0x4601,2,,na,"[0,",,,11111,,+32.1dB,15.2us,"[0,",1,756.17,normal,0,valid,-11.4dB,-11.5dB,0.22us,+54.2Hz,,"[6,",,1
2025-07-30 13:41:13.431015,PHY,0x4601,1,0,na,"[0,",0,0,1,1451.6,+17.4dB,18.3us,"[0,",1,756.18,normal,0,valid,-14.3dB,-14.4dB,na,na,,,,
2025-07-30 13:41:13.431491,PHY,0x4601,1,0,na,"[0,",0,0,1,1380.3,+17.1dB,14.2us,"[0,",1,756.19,normal,0,valid,-14.3dB,-14.4dB,na,na,,,,
2025-07-30 13:41:13.435982,PHY,0x4601,1,0,na,"[0,",0,0,1,1166.4,+16.4dB,16.9us,"[0,",1,757.8,normal,0,valid,-14.4dB,-14.4dB,na,na,,,,
2025-07-30 13:41:13.436448,PHY,0x4601,1,0,na,"[0,",0,0,1,1088.6,+16.1dB,16.7us,"[0,",1,757.9,normal,0,valid,-14.4dB,-14.5dB,na,na,,,,
2025-07-30 13:41:13.440125,PHY,0x4601,2,,na,"[0,",,,11111,,+29.6dB,22.3us,"[0,",1,757.17,normal,0,valid,-11.4dB,-11.5dB,0.21us,-95.1Hz,,"[6,",,1
2025-07-30 13:41:13.440942,PHY,0x4601,1,0,na,"[0,",0,0,1,1106.6,+16.2dB,15.8us,"[0,",1,757.18,normal,0,valid,-14.3dB,-14.4dB,na,na,,,,
2025-07-30 13:41:13.441522,PHY,0x4601,1,0,na,"[0,",0,0,1,1036.0,+15.9dB,14.6us,"[0,",1,757.19,normal,0,valid,-14.3dB,-14.4dB,na,na,,,,
2025-07-30 13:41:13.445600,CSI,0x4601,2,,na,"[0,",,,1,,+32.6dB,11.1us,"[0,",1,758.8,normal,0,valid,-11.4dB,-11.4dB,0.21us,-32.5Hz,,"[6,",1111,1
2025-07-30 13:41:13.446487,PHY,0x4601,1,0,na,"[0,",0,0,1,1476.5,+17.4dB,17.1us,"[0,",1,758.9,normal,0,valid,-14.3dB,-14.4dB,na,na,,,,
2025-07-30 13:41:13.450023,PHY,0x4601,2,,na,"[0,",,,11111,,+35.3dB,14.2us,"[0,",1,758.17,normal,0,valid,-11.4dB,-11.5dB,0.19us,+46.9Hz,,"[6,",,1
2025-07-30 13:41:13.450973,PHY,0x4601,1,0,na,"[0,",0,0,1,1458.1,+17.4dB,21.0us,"[0,",1,758.18,normal,0,valid,-14.3dB,-14.4dB,na,na,,,,
2025-07-30 13:41:13.451442,PHY,0x4601,1,0,na,"[0,",0,0,1,1427.1,+17.3dB,13.7us,"[0,",1,758.19,normal,0,valid,-14.3dB,-14.4dB,na,na,,,,
2025-07-30 13:41:13.456059,PHY,0x4601,1,0,na,"[0,",0,0,1,1117.8,+16.2dB,20.3us,"[0,",1,759.8,normal,0,valid,-14.3dB,-14.4dB,na,na,,,,
2025-07-30 13:41:13.456522,PHY,0x4601,1,0,na,"[0,",0,0,1,1173.8,+16.5dB,16.2us,"[0,",1,759.9,normal,0,valid,-14.4dB,-14.5dB,na,na,,,,
2025-07-30 13:41:13.460054,PHY,0x4601,2,,na,"[0,",,,11111,,+28.2dB,13.6us,"[0,",1,759.17,normal,0,valid,-11.5dB,-11.5dB,0.21us,+68.6Hz,,"[6,",,1
2025-07-30 13:41:13.461000,PHY,0x4601,1,0,na,"[0,",0,0,1,1080.1,+16.1dB,15.6us,"[0,",1,759.18,normal,0,valid,-14.3dB,-14.4dB,na,na,,,,
2025-07-30 13:41:13.461469,PHY,0x4601,1,0,na,"[0,",0,0,1,1139.6,+16.3dB,14.2us,"[0,",1,759.19,normal,0,valid,-14.3dB,-14.4dB,na,na,,,,
2025-07-30 13:41:13.465630,CSI,0x4601,2,,na,"[0,",,,1,,+36.2dB,13.0us,"[0,",1,760.8,normal,0,valid,-11.5dB,-11.6dB,0.22us,-60.0Hz,,"[6,",1111,1
2025-07-30 13:41:13.466443,PHY,0x4601,1,0,na,"[0,",0,0,1,1068.3,+16.0dB,15.2us,"[0,",1,760.9,normal,0,valid,-14.3dB,-14.4dB,na,na,,,,
2025-07-30 13:41:13.470093,PHY,0x4601,2,,na,"[0,",,,11111,,+33.1dB,14.8us,"[0,",1,760.17,normal,0,valid,-11.4dB,-11.4dB,0.21us,+64.3Hz,,"[6,",,1
2025-07-30 13:41:13.471035,PHY,0x4601,1,0,na,"[0,",0,0,1,1070.0,+16.0dB,18.1us,"[0,",1,760.18,normal,0,valid,-14.3dB,-14.4dB,na,na,,,,
2025-07-30 13:41:13.471508,PHY,0x4601,1,0,na,"[0,",0,0,1,1172.9,+16.4dB,14.4us,"[0,",1,760.19,normal,0,valid,-14.3dB,-14.5dB,na,na,,,,
2025-07-30 13:41:13.475997,PHY,0x4601,1,0,na,"[0,",0,0,1,1096.4,+16.1dB,16.6us,"[0,",1,761.8,normal,0,valid,-14.3dB,-14.4dB,na,na,,,,
2025-07-30 13:41:13.476492,PHY,0x4601,1,0,na,"[0,",0,0,1,1134.7,+16.3dB,27.1us,"[0,",1,761.9,normal,0,valid,-14.4dB,-14.5dB,na,na,,,,
2025-07-30 13:41:13.480022,PHY,0x4601,2,,na,"[0,",,,11111,,+32.9dB,24.2us,"[0,",1,761.17,normal,0,valid,-11.5dB,-11.6dB,0.22us,+11.2Hz,,"[6,",,1
2025-07-30 13:41:13.480963,PHY,0x4601,1,0,na,"[0,",0,0,1,1480.1,+17.5dB,16.2us,"[0,",1,761.18,normal,0,valid,-14.3dB,-14.4dB,na,na,,,,
2025-07-30 13:41:13.481540,PHY,0x4601,1,0,na,"[0,",0,0,1,1539.0,+17.6dB,14.0us,"[0,",1,761.19,normal,0,valid,-14.4dB,-14.5dB,na,na,,,,
2025-07-30 13:41:13.485573,CSI,0x4601,2,,na,"[0,",,,1,,+30.6dB,13.4us,"[0,",1,762.8,normal,0,valid,-11.4dB,-11.4dB,0.22us,-118.5Hz,,"[6,",1111,1
2025-07-30 13:41:13.486507,PHY,0x4601,1,0,na,"[0,",0,0,1,1456.4,+17.4dB,22.2us,"[0,",1,762.9,normal,0,valid,-14.3dB,-14.4dB,na,na,,,,
2025-07-30 13:41:13.490049,PHY,0x4601,2,,na,"[0,",,,11111,,+30.0dB,18.1us,"[0,",1,762.17,normal,0,valid,-11.4dB,-11.4dB,0.23us,-46.3Hz,,"[6,",,1
2025-07-30 13:41:13.490992,PHY,0x4601,1,0,na,"[0,",0,0,1,1168.9,+16.4dB,21.0us,"[0,",1,762.18,normal,0,valid,-14.3dB,-14.4dB,na,na,,,,
2025-07-30 13:41:13.491466,PHY,0x4601,1,0,na,"[0,",0,0,1,1164.2,+16.4dB,14.4us,"[0,",1,762.19,normal,0,valid,-14.3dB,-14.4dB,na,na,,,,
2025-07-30 13:41:13.495984,PHY,0x4601,1,0,na,"[0,",0,0,1,1172.9,+16.4dB,16.4us,"[0,",1,763.8,normal,0,valid,-14.4dB,-14.5dB,na,na,,,,
2025-07-30 13:41:13.496556,PHY,0x4601,1,0,na,"[0,",0,0,1,1154.8,+16.4dB,14.2us,"[0,",1,763.9,normal,0,valid,-14.4dB,-14.5dB,na,na,,,,
2025-07-30 13:41:13.500091,PHY,0x4601,2,,na,"[0,",,,11111,,+31.1dB,15.7us,"[0,",1,763.17,normal,0,valid,-11.6dB,-11.6dB,0.22us,-26.1Hz,,"[6,",,1
2025-07-30 13:41:13.501018,PHY,0x4601,1,0,na,"[0,",0,0,1,1483.5,+17.5dB,16.2us,"[0,",1,763.18,normal,0,valid,-14.4dB,-14.4dB,na,na,,,,
2025-07-30 13:41:13.501489,PHY,0x4601,1,0,na,"[0,",0,0,1,1471.7,+17.4dB,13.4us,"[0,",1,763.19,normal,0,valid,-14.3dB,-14.4dB,na,na,,,,
2025-07-30 13:41:13.505592,CSI,0x4601,2,,na,"[0,",,,1,,+29.9dB,14.5us,"[0,",1,764.8,normal,0,valid,-11.5dB,-11.6dB,0.23us,+37.2Hz,,"[6,",1111,1
2025-07-30 13:41:13.506462,PHY,0x4601,1,0,na,"[0,",0,0,1,1080.7,+16.1dB,16.0us,"[0,",1,764.9,normal,0,valid,-14.3dB,-14.4dB,na,na,,,,
2025-07-30 13:41:13.510112,PHY,0x4601,2,,na,"[0,",,,11111,,+33.8dB,15.1us,"[0,",1,764.17,normal,0,valid,-11.3dB,-11.4dB,0.23us,+23.1Hz,,"[6,",,1
2025-07-30 13:41:13.510955,PHY,0x4601,1,0,na,"[0,",0,0,1,1143.0,+16.3dB,21.4us,"[0,",1,764.18,normal,0,valid,-14.3dB,-14.4dB,na,na,,,,
2025-07-30 13:41:13.511526,PHY,0x4601,1,0,na,"[0,",0,0,1,1170.4,+16.4dB,19.7us,"[0,",1,764.19,normal,0,valid,-14.3dB,-14.4dB,na,na,,,,
2025-07-30 13:41:13.516019,PHY,0x4601,1,0,na,"[0,",0,0,1,1100.5,+16.2dB,16.4us,"[0,",1,765.8,normal,0,valid,-14.4dB,-14.5dB,na,na,,,,
2025-07-30 13:41:13.516507,PHY,0x4601,1,0,na,"[0,",0,0,1,1124.0,+16.2dB,14.7us,"[0,",1,765.9,normal,0,valid,-14.4dB,-14.5dB,na,na,,,,
2025-07-30 13:41:13.520029,PHY,0x4601,2,,na,"[0,",,,11111,,+31.3dB,14.0us,"[0,",1,765.17,normal,0,valid,-11.4dB,-11.4dB,0.21us,+108.5Hz,,"[6,",,1
2025-07-30 13:41:13.520979,PHY,0x4601,1,0,na,"[0,",0,0,1,1481.1,+17.4dB,17.8us,"[0,",1,765.18,normal,0,valid,-14.3dB,-14.4dB,na,na,,,,
2025-07-30 13:41:13.521453,PHY,0x4601,1,0,na,"[0,",0,0,1,1479.0,+17.5dB,14.0us,"[0,",1,765.19,normal,0,valid,-14.3dB,-14.4dB,na,na,,,,
2025-07-30 13:41:13.525580,CSI,0x4601,2,,na,"[0,",,,1,,+31.9dB,13.6us,"[0,",1,766.8,normal,0,valid,-11.3dB,-11.4dB,0.22us,+27.2Hz,,"[6,",1111,1
2025-07-30 13:41:13.526522,PHY,0x4601,1,0,na,"[0,",0,0,1,1449.9,+17.4dB,15.4us,"[0,",1,766.9,normal,0,valid,-14.3dB,-14.4dB,na,na,,,,
2025-07-30 13:41:13.530072,PHY,0x4601,2,,na,"[0,",,,11111,,+29.9dB,16.0us,"[0,",1,766.17,normal,0,valid,-11.5dB,-11.5dB,0.21us,-40.9Hz,,"[6,",,1
2025-07-30 13:41:13.531009,PHY,0x4601,1,0,na,"[0,",0,0,1,1550.1,+17.6dB,15.1us,"[0,",1,766.18,normal,0,valid,-14.3dB,-14.4dB,na,na,,,,
2025-07-30 13:41:13.531479,PHY,0x4601,1,0,na,"[0,",0,0,1,1573.5,+17.7dB,13.5us,"[0,",1,766.19,normal,0,valid,-14.4dB,-14.4dB,na,na,,,,
2025-07-30 13:41:13.535983,PHY,0x4601,1,0,na,"[0,",0,0,1,1180.5,+16.5dB,19.5us,"[0,",1,767.8,normal,0,valid,-14.4dB,-14.5dB,na,na,,,,
2025-07-30 13:41:13.536442,PHY,0x4601,1,0,na,"[0,",0,0,1,1141.5,+16.3dB,14.0us,"[0,",1,767.9,normal,0,valid,-14.4dB,-14.5dB,na,na,,,,
2025-07-30 13:41:13.540100,PHY,0x4601,2,,na,"[0,",,,11111,,+34.1dB,16.7us,"[0,",1,767.17,normal,0,valid,-11.4dB,-11.5dB,0.23us,+68.5Hz,,"[6,",,1
2025-07-30 13:41:13.541037,PHY,0x4601,1,0,na,"[0,",0,0,1,1342.6,+17.0dB,15.6us,"[0,",1,767.18,normal,0,valid,-14.4dB,-14.4dB,na,na,,,,
2025-07-30 13:41:13.541509,PHY,0x4601,1,0,na,"[0,",0,0,1,1420.3,+17.3dB,14.8us,"[0,",1,767.19,normal,0,valid,-14.4dB,-14.4dB,na,na,,,,
2025-07-30 13:41:13.545606,CSI,0x4601,2,,na,"[0,",,,1,,+30.7dB,13.3us,"[0,",1,768.8,normal,0,valid,-11.4dB,-11.5dB,0.23us,+16.3Hz,,"[6,",1111,1
2025-07-30 13:41:13.546479,PHY,0x4601,1,0,na,"[0,",0,0,1,1051.4,+15.9dB,15.5us,"[0,",1,768.9,normal,0,valid,-14.4dB,-14.5dB,na,na,,,,
2025-07-30 13:41:13.550015,PHY,0x4601,2,,na,"[0,",,,11111,,+29.8dB,13.6us,"[0,",1,768.17,normal,0,valid,-11.5dB,-11.5dB,0.21us,-18.1Hz,,"[6,",,1
2025-07-30 13:41:13.550962,PHY,0x4601,1,0,na,"[0,",0,0,1,1441.4,+17.3dB,15.8us,"[0,",1,768.18,normal,0,valid,-14.3dB,-14.4dB,na,na,,,,
2025-07-30 13:41:13.551438,PHY,0x4601,1,0,na,"[0,",0,0,1,1456.7,+17.4dB,15.4us,"[0,",1,768.19,normal,0,valid,-14.3dB,-14.4dB,na,na,,,,
2025-07-30 13:41:13.556039,PHY,0x4601,1,0,na,"[0,",0,0,1,1111.6,+16.2dB,21.1us,"[0,",1,769.8,normal,0,valid,-14.4dB,-14.5dB,na,na,,,,
2025-07-30 13:41:13.556521,PHY,0x4601,1,0,na,"[0,",0,0,1,1099.5,+16.1dB,16.6us,"[0,",1,769.9,normal,0,valid,-14.4dB,-14.6dB,na,na,,,,
2025-07-30 13:41:13.560055,PHY,0x4601,2,,na,"[0,",,,11111,,+32.5dB,16.1us,"[0,",1,769.17,normal,0,valid,-11.4dB,-11.5dB,0.20us,+24.0Hz,,"[6,",,1
2025-07-30 13:41:13.560992,PHY,0x4601,1,0,na,"[0,",0,0,1,1124.6,+16.2dB,15.9us,"[0,",1,769.18,normal,0,valid,-14.3dB,-14.4dB,na,na,,,,
2025-07-30 13:41:13.561472,PHY,0x4601,1,0,na,"[0,",0,0,1,1102.8,+16.2dB,17.8us,"[0,",1,769.19,normal,0,valid,-14.3dB,-14.4dB,na,na,,,,
2025-07-30 13:41:13.565599,CSI,0x4601,2,,na,"[0,",,,1,,+34.1dB,12.6us,"[0,",1,770.8,normal,0,valid,-11.4dB,-11.4dB,0.23us,-42.8Hz,,"[6,",1111,1
2025-07-30 13:41:13.566543,PHY,0x4601,1,0,na,"[0,",0,0,1,1087.8,+16.1dB,17.0us,"[0,",1,770.9,normal,0,valid,-14.3dB,-14.4dB,na,na,,,,
2025-07-30 13:41:13.570094,PHY,0x4601,2,,na,"[0,",,,11111,,+30.2dB,16.9us,"[0,",1,770.17,normal,0,valid,-11.5dB,-11.6dB,0.21us,+59.4Hz,,"[6,",,1
2025-07-30 13:41:13.571026,PHY,0x4601,1,0,na,"[0,",0,0,1,1539.4,+17.6dB,15.8us,"[0,",1,770.18,normal,0,valid,-14.3dB,-14.4dB,na,na,,,,
2025-07-30 13:41:13.571505,PHY,0x4601,1,0,na,"[0,",0,0,1,1503.5,+17.5dB,14.2us,"[0,",1,770.19,normal,0,valid,-14.3dB,-14.4dB,na,na,,,,
2025-07-30 13:41:13.575985,PHY,0x4601,1,0,na,"[0,",0,0,1,1128.3,+16.3dB,16.6us,"[0,",1,771.8,normal,0,valid,-14.4dB,-14.5dB,na,na,,,,
2025-07-30 13:41:13.576453,PHY,0x4601,1,0,na,"[0,",0,0,1,1163.4,+16.4dB,14.7us,"[0,",1,771.9,normal,0,valid,-14.4dB,-14.5dB,na,na,,,,
2025-07-30 13:41:13.580121,PHY,0x4601,2,,na,"[0,",,,11111,,+30.2dB,21.4us,"[0,",1,771.17,normal,0,valid,-11.5dB,-11.5dB,0.22us,-45.2Hz,,"[6,",,1
2025-07-30 13:41:13.580942,PHY,0x4601,1,0,na,"[0,",0,0,1,1099.3,+16.2dB,16.0us,"[0,",1,771.18,normal,0,valid,-14.3dB,-14.4dB,na,na,,,,
2025-07-30 13:41:13.581523,PHY,0x4601,1,0,na,"[0,",0,0,1,1127.4,+16.2dB,14.7us,"[0,",1,771.19,normal,0,valid,-14.3dB,-14.5dB,na,na,,,,
2025-07-30 13:41:13.585551,CSI,0x4601,2,,na,"[0,",,,1,,+33.6dB,15.7us,"[0,",1,772.8,normal,0,valid,-11.4dB,-11.4dB,0.21us,+12.2Hz,,"[6,",1111,1
2025-07-30 13:41:13.586486,PHY,0x4601,1,0,na,"[0,",0,0,1,1462.0,+17.4dB,15.9us,"[0,",1,772.9,normal,0,valid,-14.3dB,-14.4dB,na,na,,,,
2025-07-30 13:41:13.590032,PHY,0x4601,2,,na,"[0,",,,11111,,+34.1dB,13.3us,"[0,",1,772.17,normal,0,valid,-11.5dB,-11.5dB,0.21us,+17.9Hz,,"[6,",,1
2025-07-30 13:41:13.590973,PHY,0x4601,1,0,na,"[0,",0,0,1,1456.4,+17.4dB,16.5us,"[0,",1,772.18,normal,0,valid,-14.3dB,-14.4dB,na,na,,,,
2025-07-30 13:41:13.591447,PHY,0x4601,1,0,na,"[0,",0,0,1,1537.7,+17.6dB,14.1us,"[0,",1,772.19,normal,0,valid,-14.3dB,-14.4dB,na,na,,,,
2025-07-30 13:41:13.595945,PHY,0x4601,1,0,na,"[0,",0,0,1,1103.9,+16.2dB,15.7us,"[0,",1,773.8,normal,0,valid,-14.4dB,-14.5dB,na,na,,,,
2025-07-30 13:41:13.596525,PHY,0x4601,1,0,na,"[0,",0,0,1,1088.6,+16.1dB,14.3us,"[0,",1,773.9,normal,0,valid,-14.4dB,-14.5dB,na,na,,,,
2025-07-30 13:41:13.600077,PHY,0x4601,2,,na,"[0,",,,11111,,+34.4dB,13.7us,"[0,",1,773.17,normal,0,valid,-11.4dB,-11.5dB,0.23us,+112.8Hz,,"[6,",,1
2025-07-30 13:41:13.601013,PHY,0x4601,1,0,na,"[0,",0,0,1,1571.5,+17.7dB,22.0us,"[0,",1,773.18,normal,0,valid,-14.3dB,-14.4dB,na,na,,,,
2025-07-30 13:41:13.601477,PHY,0x4601,1,0,na,"[0,",0,0,1,1573.3,+17.7dB,14.1us,"[0,",1,773.19,normal,0,valid,-14.3dB,-14.4dB,na,na,,,,
2025-07-30 13:41:13.605620,CSI,0x4601,2,,na,"[0,",,,1,,+33.1dB,13.4us,"[0,",1,774.8,normal,0,valid,-11.4dB,-11.4dB,0.21us,-11.1Hz,,"[6,",1111,1
2025-07-30 13:41:13.606448,PHY,0x4601,1,0,na,"[0,",0,0,1,1095.6,+16.1dB,22.4us,"[0,",1,774.9,normal,0,valid,-14.3dB,-14.5dB,na,na,,,,
2025-07-30 13:41:13.610142,PHY,0x4601,2,,na,"[0,",,,11111,,+29.2dB,16.1us,"[0,",1,774.17,normal,0,valid,-11.5dB,-11.5dB,0.22us,-90.5Hz,,"[6,",,1
2025-07-30 13:41:13.610928,PHY,0x4601,1,0,na,"[0,",0,0,1,1512.2,+17.5dB,15.6us,"[0,",1,774.18,normal,0,valid,-14.3dB,-14.4dB,na,na,,,,
2025-07-30 13:41:13.611510,PHY,0x4601,1,0,na,"[0,",0,0,1,1481.3,+17.5dB,14.0us,"[0,",1,774.19,normal,0,valid,-14.3dB,-14.4dB,na,na,,,,
2025-07-30 13:41:13.616022,PHY,0x4601,1,0,na,"[0,",0,0,1,1210.6,+16.6dB,20.6us,"[0,",1,775.8,normal,0,valid,-14.4dB,-14.5dB,na,na,,,,
2025-07-30 13:41:13.616490,PHY,0x4601,1,0,na,"[0,",0,0,1,1171.2,+16.4dB,23.8us,"[0,",1,775.9,normal,0,valid,-14.4dB,-14.5dB,na,na,,,,
2025-07-30 13:41:13.620017,PHY,0x4601,2,,na,"[0,",,,11111,,+31.6dB,14.0us,"[0,",1,775.17,normal,0,valid,-11.5dB,-11.5dB,0.23us,-66.0Hz,,"[6,",,1
2025-07-30 13:41:13.621013,PHY,0x4601,1,0,na,"[0,",0,0,1,1167.1,+16.4dB,15.8us,"[0,",1,775.18,normal,0,valid,-14.3dB,-14.4dB,na,na,,,,
2025-07-30 13:41:13.621440,PHY,0x4601,1,0,na,"[0,",0,0,1,1107.8,+16.2dB,16.8us,"[0,",1,775.19,normal,0,valid,-14.3dB,-14.4dB,na,na,,,,
2025-07-30 13:41:13.625568,CSI,0x4601,2,,na,"[0,",,,1,,+30.6dB,14.9us,"[0,",1,776.8,normal,0,valid,-11.4dB,-11.4dB,0.26us,-52.4Hz,,"[6,",1111,1
2025-07-30 13:41:13.626513,PHY,0x4601,1,0,na,"[0,",0,0,1,1170.8,+16.4dB,15.5us,"[0,",1,776.9,normal,0,valid,-14.3dB,-14.4dB,na,na,,,,
2025-07-30 13:41:13.630055,PHY,0x4601,2,,na,"[0,",,,11111,,+28.3dB,13.0us,"[0,",1,776.17,normal,0,valid,-11.5dB,-11.5dB,0.23us,-21.0Hz,,"[6,",,1
2025-07-30 13:41:13.630995,PHY,0x4601,1,0,na,"[0,",0,0,1,1075.3,+16.1dB,17.1us,"[0,",1,776.18,normal,0,valid,-14.3dB,-14.4dB,na,na,,,,
2025-07-30 13:41:13.631472,PHY,0x4601,1,0,na,"[0,",0,0,1,1146.0,+16.3dB,13.2us,"[0,",1,776.19,normal,0,valid,-14.3dB,-14.4dB,na,na,,,,
2025-07-30 13:41:13.635957,PHY,0x4601,1,0,na,"[0,",0,0,1,1101.7,+16.2dB,16.0us,"[0,",1,777.8,normal,0,valid,-14.4dB,-14.5dB,na,na,,,,
2025-07-30 13:41:13.636431,PHY,0x4601,1,0,na,"[0,",0,0,1,1100.5,+16.2dB,15.7us,"[0,",1,777.9,normal,0,valid,-14.4dB,-14.5dB,na,na,,,,
2025-07-30 13:41:13.640093,PHY,0x4601,2,,na,"[0,",,,11111,,+28.7dB,14.4us,"[0,",1,777.17,normal,0,valid,-11.4dB,-11.4dB,0.22us,-103.5Hz,,"[6,",,1
2025-07-30 13:41:13.641029,PHY,0x4601,1,0,na,"[0,",0,0,1,1097.5,+16.1dB,19.6us,"[0,",1,777.18,normal,0,valid,-14.3dB,-14.4dB,na,na,,,,
2025-07-30 13:41:13.641508,PHY,0x4601,1,0,na,"[0,",0,0,1,1095.9,+16.1dB,15.0us,"[0,",1,777.19,normal,0,valid,-14.3dB,-14.5dB,na,na,,,,
2025-07-30 13:41:13.645612,CSI,0x4601,2,,na,"[0,",,,1,,+31.3dB,19.1us,"[0,",1,778.8,normal,0,valid,-11.3dB,-11.3dB,0.22us,-103.6Hz,,"[6,",1111,1
2025-07-30 13:41:13.646471,PHY,0x4601,1,0,na,"[0,",0,0,1,1178.3,+16.4dB,15.4us,"[0,",1,778.9,normal,0,valid,-14.3dB,-14.4dB,na,na,,,,
2025-07-30 13:41:13.650015,PHY,0x4601,2,,na,"[0,",,,11111,,+30.6dB,13.5us,"[0,",1,778.17,normal,0,valid,-11.5dB,-11.5dB,0.21us,-58.1Hz,,"[6,",,1
2025-07-30 13:41:13.650954,PHY,0x4601,1,0,na,"[0,",0,0,1,1111.3,+16.2dB,15.7us,"[0,",1,778.18,normal,0,valid,-14.4dB,-14.4dB,na,na,,,,
2025-07-30 13:41:13.651546,PHY,0x4601,1,0,na,"[0,",0,0,1,1084.8,+16.1dB,19.0us,"[0,",1,778.19,normal,0,valid,-14.3dB,-14.4dB,na,na,,,,
2025-07-30 13:41:13.656040,PHY,0x4601,1,0,na,"[0,",0,0,1,1175.9,+16.5dB,19.9us,"[0,",1,779.8,normal,0,valid,-14.4dB,-14.4dB,na,na,,,,
2025-07-30 13:41:13.656506,PHY,0x4601,1,0,na,"[0,",0,0,1,1108.5,+16.2dB,13.6us,"[0,",1,779.9,normal,0,valid,-14.4dB,-14.5dB,na,na,,,,
2025-07-30 13:41:13.660044,PHY,0x4601,2,,na,"[0,",,,01111,,+33.6dB,13.8us,"[0,",1,779.17,normal,0,valid,-11.5dB,-11.6dB,0.21us,+53.3Hz,,"[6,",,1
2025-07-30 13:41:13.660991,PHY,0x4601,1,0,na,"[0,",0,0,1,1540.8,+17.6dB,16.5us,"[0,",1,779.18,normal,0,valid,-14.3dB,-14.4dB,na,na,,,,
2025-07-30 13:41:13.661462,PHY,0x4601,1,0,na,"[0,",0,0,1,1528.6,+17.6dB,14.2us,"[0,",1,779.19,normal,0,valid,-14.3dB,-14.4dB,na,na,,,,
2025-07-30 13:41:13.665596,CSI,0x4601,2,,na,"[0,",,,1,,+33.5dB,11.9us,"[0,",1,780.8,normal,0,valid,-11.4dB,-11.4dB,0.23us,+27.5Hz,,"[6,",1111,1
2025-07-30 13:41:13.666531,PHY,0x4601,1,0,na,"[0,",0,0,1,1513.6,+17.5dB,15.3us,"[0,",1,780.9,normal,0,valid,-14.3dB,-14.4dB,na,na,,,,
2025-07-30 13:41:13.670078,PHY,0x4601,2,,na,"[0,",,,11111,,+30.9dB,13.9us,"[0,",1,780.17,normal,0,valid,-11.4dB,-11.4dB,0.23us,-40.9Hz,,"[6,",,1
2025-07-30 13:41:13.671022,PHY,0x4601,1,0,na,"[0,",0,0,1,1081.0,+16.1dB,19.6us,"[0,",1,780.18,normal,0,valid,-14.3dB,-14.4dB,na,na,,,,
2025-07-30 13:41:13.671491,PHY,0x4601,1,0,na,"[0,",0,0,1,1128.5,+16.3dB,13.6us,"[0,",1,780.19,normal,0,valid,-14.3dB,-14.4dB,na,na,,,,
2025-07-30 13:41:13.675990,PHY,0x4601,1,0,na,"[0,",0,0,1,1149.3,+16.4dB,19.1us,"[0,",1,781.8,normal,0,valid,-14.4dB,-14.5dB,na,na,,,,
2025-07-30 13:41:13.676460,PHY,0x4601,1,0,na,"[0,",0,0,1,1123.1,+16.2dB,15.8us,"[0,",1,781.9,normal,0,valid,-14.4dB,-14.5dB,na,na,,,,
2025-07-30 13:41:13.680118,PHY,0x4601,2,,na,"[0,",,,11111,,+32.6dB,22.0us,"[0,",1,781.17,normal,0,valid,-11.4dB,-11.4dB,0.20us,+130.5Hz,,"[6,",,1
2025-07-30 13:41:13.680948,PHY,0x4601,1,0,na,"[0,",0,0,1,1468.4,+17.4dB,16.6us,"[0,",1,781.18,normal,0,valid,-14.3dB,-14.4dB,na,na,,,,
2025-07-30 13:41:13.681527,PHY,0x4601,1,0,na,"[0,",0,0,1,1456.4,+17.4dB,13.9us,"[0,",1,781.19,normal,0,valid,-14.3dB,-14.4dB,na,na,,,,
2025-07-30 13:41:13.685619,CSI,0x4601,2,,na,"[0,",,,1,,+31.1dB,12.1us,"[0,",1,782.8,normal,0,valid,-11.5dB,-11.6dB,0.21us,+33.1Hz,,"[6,",1111,1
2025-07-30 13:41:13.686493,PHY,0x4601,1,0,na,"[0,",0,0,1,1459.0,+17.4dB,16.8us,"[0,",1,782.9,normal,0,valid,-14.3dB,-14.4dB,na,na,,,,
2025-07-30 13:41:13.690035,PHY,0x4601,2,,na,"[0,",,,11111,,+31.3dB,20.1us,"[0,",1,782.17,normal,0,valid,-11.5dB,-11.5dB,0.24us,+96.3Hz,,"[6,",,1
2025-07-30 13:41:13.690972,PHY,0x4601,1,0,na,"[0,",0,0,1,1438.3,+17.3dB,15.5us,"[0,",1,782.18,normal,0,valid,-14.3dB,-14.4dB,na,na,,,,
2025-07-30 13:41:13.691445,PHY,0x4601,1,0,na,"[0,",0,0,1,1341.7,+17.0dB,14.1us,"[0,",1,782.19,normal,0,valid,-14.3dB,-14.4dB,na,na,,,,
2025-07-30 13:41:13.695950,PHY,0x4601,1,0,na,"[0,",0,0,1,1088.5,+16.1dB,18.0us,"[0,",1,783.8,normal,0,valid,-14.4dB,-14.5dB,na,na,,,,
2025-07-30 13:41:13.696533,PHY,0x4601,1,0,na,"[0,",0,0,1,1134.7,+16.3dB,14.8us,"[0,",1,783.9,normal,0,valid,-14.4dB,-14.5dB,na,na,,,,
2025-07-30 13:41:13.700100,PHY,0x4601,2,,na,"[0,",,,11111,,+26.4dB,19.9us,"[0,",1,783.17,normal,0,valid,-11.4dB,-11.5dB,0.22us,+65.4Hz,,"[6,",,1
2025-07-30 13:41:13.701008,PHY,0x4601,1,0,na,"[0,",0,0,1,1593.3,+17.8dB,15.1us,"[0,",1,783.18,normal,0,valid,-14.3dB,-14.4dB,na,na,,,,
2025-07-30 13:41:13.701479,PHY,0x4601,1,0,na,"[0,",0,0,1,1471.1,+17.4dB,15.8us,"[0,",1,783.19,normal,0,valid,-14.3dB,-14.4dB,na,na,,,,
2025-07-30 13:41:13.705608,CSI,0x4601,2,,na,"[0,",,,1,,+36.0dB,13.9us,"[0,",1,784.8,normal,0,valid,-11.3dB,-11.3dB,0.22us,-85.5Hz,,"[6,",1111,1
2025-07-30 13:41:13.706453,PHY,0x4601,1,0,na,"[0,",0,0,1,1121.3,+16.2dB,18.6us,"[0,",1,784.9,normal,0,valid,-14.4dB,-14.5dB,na,na,,,,
2025-07-30 13:41:13.710101,PHY,0x4601,2,,na,"[0,",,,11111,,+33.5dB,15.9us,"[0,",1,784.17,normal,0,valid,-11.3dB,-11.4dB,0.20us,+3.2Hz,,"[6,",,1
2025-07-30 13:41:13.711045,PHY,0x4601,1,0,na,"[0,",0,0,1,1065.4,+16.0dB,16.2us,"[0,",1,784.18,normal,0,valid,-14.3dB,-14.4dB,na,na,,,,
2025-07-30 13:41:13.711512,PHY,0x4601,1,0,na,"[0,",0,0,1,1071.1,+16.1dB,13.8us,"[0,",1,784.19,normal,0,valid,-14.4dB,-14.4dB,na,na,,,,
2025-07-30 13:41:13.716002,PHY,0x4601,1,0,na,"[0,",0,0,1,1090.6,+16.1dB,16.1us,"[0,",1,785.8,normal,0,valid,-14.3dB,-14.4dB,na,na,,,,
2025-07-30 13:41:13.716487,PHY,0x4601,1,0,na,"[0,",0,0,1,1155.3,+16.4dB,28.4us,"[0,",1,785.9,normal,0,valid,-14.4dB,-14.5dB,na,na,,,,
2025-07-30 13:41:13.720017,PHY,0x4601,2,,na,"[0,",,,11111,,+30.8dB,13.7us,"[0,",1,785.17,normal,0,valid,-11.4dB,-11.5dB,0.24us,-10.2Hz,,"[6,",,1
2025-07-30 13:41:13.720964,PHY,0x4601,1,0,na,"[0,",0,0,1,1149.6,+16.3dB,16.8us,"[0,",1,785.18,normal,0,valid,-14.3dB,-14.4dB,na,na,,,,
2025-07-30 13:41:13.721444,PHY,0x4601,1,0,na,"[0,",0,0,1,1105.4,+16.2dB,16.3us,"[0,",1,785.19,normal,0,valid,-14.4dB,-14.5dB,na,na,,,,
2025-07-30 13:41:13.725566,CSI,0x4601,2,,na,"[0,",,,1,,+30.6dB,14.5us,"[0,",1,786.8,normal,0,valid,-11.4dB,-11.4dB,0.24us,-3.7Hz,,"[6,",1111,1
2025-07-30 13:41:13.726507,PHY,0x4601,1,0,na,"[0,",0,0,1,1078.9,+16.0dB,15.7us,"[0,",1,786.9,normal,0,valid,-14.4dB,-14.5dB,na,na,,,,
2025-07-30 13:41:13.730052,PHY,0x4601,2,,na,"[0,",,,11111,,+31.5dB,15.4us,"[0,",1,786.17,normal,0,valid,-11.4dB,-11.4dB,0.22us,+17.9Hz,,"[6,",,1
2025-07-30 13:41:13.730992,PHY,0x4601,1,0,na,"[0,",0,0,1,1112.7,+16.2dB,15.6us,"[0,",1,786.18,normal,0,valid,-14.4dB,-14.5dB,na,na,,,,
2025-07-30 13:41:13.731475,PHY,0x4601,1,0,na,"[0,",0,0,1,1086.0,+16.1dB,17.0us,"[0,",1,786.19,normal,0,valid,-14.3dB,-14.4dB,na,na,,,,
2025-07-30 13:41:13.735959,PHY,0x4601,1,0,na,"[0,",0,0,1,1078.9,+16.0dB,16.7us,"[0,",1,787.8,normal,0,valid,-14.4dB,-14.5dB,na,na,,,,
2025-07-30 13:41:13.736539,PHY,0x4601,1,0,na,"[0,",0,0,1,1081.6,+16.1dB,14.1us,"[0,",1,787.9,normal,0,valid,-14.4dB,-14.5dB,na,na,,,,
2025-07-30 13:41:13.740094,PHY,0x4601,2,,na,"[0,",,,11111,,+29.3dB,16.8us,"[0,",1,787.17,normal,0,valid,-11.6dB,-11.6dB,0.20us,+19.4Hz,,"[6,",,1
2025-07-30 13:41:13.741025,PHY,0x4601,1,0,na,"[0,",0,0,1,1004.5,+15.7dB,17.0us,"[0,",1,787.18,normal,0,valid,-14.4dB,-14.5dB,na,na,,,,
2025-07-30 13:41:13.741504,PHY,0x4601,1,0,na,"[0,",0,0,1,1087.4,+16.1dB,13.1us,"[0,",1,787.19,normal,0,valid,-14.4dB,-14.5dB,na,na,,,,
2025-07-30 13:41:13.745588,CSI,0x4601,2,,na,"[0,",,,1,,+31.7dB,11.6us,"[0,",1,788.8,normal,0,valid,-11.4dB,-11.4dB,0.22us,-125.8Hz,,"[6,",1111,1
2025-07-30 13:41:13.746463,PHY,0x4601,1,0,na,"[0,",0,0,1,1451.3,+17.4dB,15.8us,"[0,",1,788.9,normal,0,valid,-14.3dB,-14.4dB,na,na,,,,
2025-07-30 13:41:13.750122,PHY,0x4601,2,,na,"[0,",,,11111,,+31.4dB,21.1us,"[0,",1,788.17,normal,0,valid,-11.5dB,-11.5dB,0.23us,-65.3Hz,,"[6,",,1
2025-07-30 13:41:13.750957,PHY,0x4601,1,0,na,"[0,",0,0,1,1522.7,+17.6dB,22.2us,"[0,",1,788.18,normal,0,valid,-14.3dB,-14.4dB,na,na,,,,
2025-07-30 13:41:13.751537,PHY,0x4601,1,0,na,"[0,",0,0,1,1424.5,+17.3dB,14.4us,"[0,",1,788.19,normal,0,valid,-14.3dB,-14.4dB,na,na,,,,
2025-07-30 13:41:13.756022,PHY,0x4601,1,0,na,"[0,",0,0,1,1140.5,+16.3dB,17.9us,"[0,",1,789.8,normal,0,valid,-14.4dB,-14.5dB,na,na,,,,
2025-07-30 13:41:13.756511,PHY,0x4601,1,0,na,"[0,",0,0,1,1144.1,+16.3dB,20.6us,"[0,",1,789.9,normal,0,valid,-14.4dB,-14.5dB,na,na,,,,
2025-07-30 13:41:13.760043,PHY,0x4601,2,,na,"[0,",,,11111,,+30.1dB,19.5us,"[0,",1,789.17,normal,0,valid,-11.5dB,-11.5dB,0.21us,-52.9Hz,,"[6,",,1
2025-07-30 13:41:13.760985,PHY,0x4601,1,0,na,"[0,",0,0,1,1130.3,+16.3dB,16.3us,"[0,",1,789.18,normal,0,valid,-14.4dB,-14.5dB,na,na,,,,
2025-07-30 13:41:13.761465,PHY,0x4601,1,0,na,"[0,",0,0,1,1100.2,+16.2dB,18.3us,"[0,",1,789.19,normal,0,valid,-14.3dB,-14.4dB,na,na,,,,
2025-07-30 13:41:13.765604,CSI,0x4601,2,,na,"[0,",,,1,,+29.6dB,18.3us,"[0,",1,790.8,normal,0,valid,-11.3dB,-11.4dB,0.21us,-101.0Hz,,"[6,",1111,1
2025-07-30 13:41:13.766527,PHY,0x4601,1,0,na,"[0,",0,0,1,1087.2,+16.1dB,16.4us,"[0,",1,790.9,normal,0,valid,-14.4dB,-14.5dB,na,na,,,,
2025-07-30 13:41:13.770075,PHY,0x4601,2,,na,"[0,",,,11111,,+31.6dB,13.8us,"[0,",1,790.17,normal,0,valid,-11.5dB,-11.5dB,0.23us,-18.7Hz,,"[6,",,1
2025-07-30 13:41:13.771010,PHY,0x4601,1,0,na,"[0,",0,0,1,1440.8,+17.3dB,16.2us,"[0,",1,790.18,normal,0,valid,-14.3dB,-14.4dB,na,na,,,,
2025-07-30 13:41:13.771488,PHY,0x4601,1,0,na,"[0,",0,0,1,1448.5,+17.4dB,14.7us,"[0,",1,790.19,normal,0,valid,-14.3dB,-14.4dB,na,na,,,,
2025-07-30 13:41:13.775976,PHY,0x4601,1,0,na,"[0,",0,0,1,1119.9,+16.3dB,16.3us,"[0,",1,791.8,normal,0,valid,-14.4dB,-14.4dB,na,na,,,,
2025-07-30 13:41:13.776453,PHY,0x4601,1,0,na,"[0,",0,0,1,1082.4,+16.1dB,14.0us,"[0,",1,791.9,normal,0,valid,-14.4dB,-14.5dB,na,na,,,,
2025-07-30 13:41:13.780123,PHY,0x4601,2,,na,"[0,",,,11111,,+32.6dB,14.4us,"[0,",1,791.17,normal,0,valid,-11.5dB,-11.5dB,0.22us,-4.5Hz,,"[6,",,1
2025-07-30 13:41:13.780939,PHY,0x4601,1,0,na,"[0,",0,0,1,1112.7,+16.2dB,17.0us,"[0,",1,791.18,normal,0,valid,-14.3dB,-14.4dB,na,na,,,,
2025-07-30 13:41:13.781514,PHY,0x4601,1,0,na,"[0,",0,0,1,1129.6,+16.3dB,13.6us,"[0,",1,791.19,normal,0,valid,-14.3dB,-14.5dB,na,na,,,,
2025-07-30 13:41:13.785645,CSI,0x4601,2,,na,"[0,",,,1,,+30.8dB,15.6us,"[0,",1,792.8,normal,0,valid,-11.3dB,-11.3dB,0.21us,-62.5Hz,,"[6,",1111,1
2025-07-30 13:41:13.786487,PHY,0x4601,1,0,na,"[0,",0,0,1,1459.6,+17.4dB,18.3us,"[0,",1,792.9,normal,0,valid,-14.3dB,-14.4dB,na,na,,,,
2025-07-30 13:41:13.790023,PHY,0x4601,2,,na,"[0,",,,11111,,+34.2dB,14.9us,"[0,",1,792.17,normal,0,valid,-11.5dB,-11.5dB,0.22us,-42.3Hz,,"[6,",,1
2025-07-30 13:41:13.790969,PHY,0x4601,1,0,na,"[0,",0,0,1,1069.9,+16.0dB,16.4us,"[0,",1,792.18,normal,0,valid,-14.3dB,-14.4dB,na,na,,,,
2025-07-30 13:41:13.791446,PHY,0x4601,1,0,na,"[0,",0,0,1,1151.5,+16.4dB,14.2us,"[0,",1,792.19,normal,0,valid,-14.3dB,-14.4dB,na,na,,,,
2025-07-30 13:41:13.796042,PHY,0x4601,1,0,na,"[0,",0,0,1,1164.6,+16.4dB,17.2us,"[0,",1,793.8,normal,0,valid,-14.4dB,-14.5dB,na,na,,,,
2025-07-30 13:41:13.796531,PHY,0x4601,1,0,na,"[0,",0,0,1,1103.0,+16.2dB,15.3us,"[0,",1,793.9,normal,0,valid,-14.4dB,-14.5dB,na,na,,,,
2025-07-30 13:41:13.800064,PHY,0x4601,2,,na,"[0,",,,11111,,+31.4dB,16.6us,"[0,",1,793.17,normal,0,valid,-11.5dB,-11.5dB,0.22us,-4.5Hz,,"[6,",,1
2025-07-30 13:41:13.801006,PHY,0x4601,1,0,na,"[0,",0,0,1,1362.9,+17.1dB,16.8us,"[0,",1,793.18,normal,0,valid,-14.3dB,-14.4dB,na,na,,,,
2025-07-30 13:41:13.801478,PHY,0x4601,1,0,na,"[0,",0,0,1,1415.7,+17.3dB,16.0us,"[0,",1,793.19,normal,0,valid,-14.3dB,-14.4dB,na,na,,,,
2025-07-30 13:41:13.805607,CSI,0x4601,2,,na,"[0,",,,1,,+31.6dB,14.9us,"[0,",1,794.8,normal,0,valid,-11.4dB,-11.5dB,0.23us,-53.9Hz,,"[6,",1111,1
2025-07-30 13:41:13.806443,PHY,0x4601,1,0,na,"[0,",0,0,1,1504.0,+17.5dB,20.7us,"[0,",1,794.9,normal,0,valid,-14.4dB,-14.5dB,na,na,,,,
2025-07-30 13:41:13.810131,PHY,0x4601,2,,na,"[0,",,,11111,,+32.1dB,16.7us,"[0,",1,794.17,normal,0,valid,-11.5dB,-11.6dB,0.22us,+9.0Hz,,"[6,",,1
2025-07-30 13:41:13.811035,PHY,0x4601,1,0,na,"[0,",0,0,1,1097.9,+16.1dB,17.5us,"[0,",1,794.18,normal,0,valid,-14.3dB,-14.4dB,na,na,,,,
2025-07-30 13:41:13.811514,PHY,0x4601,1,0,na,"[0,",0,0,1,1156.2,+16.4dB,19.4us,"[0,",1,794.19,normal,0,valid,-14.3dB,-14.4dB,na,na,,,,
2025-07-30 13:41:13.815999,PHY,0x4601,1,0,na,"[0,",0,0,1,1121.4,+16.2dB,17.6us,"[0,",1,795.8,normal,0,valid,-14.4dB,-14.5dB,na,na,,,,
2025-07-30 13:41:13.816467,PHY,0x4601,1,0,na,"[0,",0,0,1,1070.5,+16.0dB,14.9us,"[0,",1,795.9,normal,0,valid,-14.4dB,-14.5dB,na,na,,,,
2025-07-30 13:41:13.820019,PHY,0x4601,2,,na,"[0,",,,11111,,+34.5dB,21.3us,"[0,",1,795.17,normal,0,valid,-11.4dB,-11.4dB,0.19us,+45.0Hz,,"[6,",,1
2025-07-30 13:41:13.820959,PHY,0x4601,1,0,na,"[0,",0,0,1,1463.9,+17.4dB,17.5us,"[0,",1,795.18,normal,0,valid,-14.3dB,-14.4dB,na,na,,,,
2025-07-30 13:41:13.821541,PHY,0x4601,1,0,na,"[0,",0,0,1,1451.2,+17.3dB,16.2us,"[0,",1,795.19,normal,0,valid,-14.4dB,-14.4dB,na,na,,,,
2025-07-30 13:41:13.825556,CSI,0x4601,2,,na,"[0,",,,1,,+30.6dB,12.7us,"[0,",1,796.8,normal,0,valid,-11.3dB,-11.4dB,0.22us,-41.7Hz,,"[6,",1111,1
2025-07-30 13:41:13.826500,PHY,0x4601,1,0,na,"[0,",0,0,1,1049.5,+15.9dB,16.2us,"[0,",1,796.9,normal,0,valid,-14.3dB,-14.4dB,na,na,,,,
2025-07-30 13:41:13.830037,PHY,0x4601,2,,na,"[0,",,,11111,,+27.5dB,14.4us,"[0,",1,796.17,normal,0,valid,-11.5dB,-11.6dB,0.22us,-10.4Hz,,"[6,",,1
2025-07-30 13:41:13.830986,PHY,0x4601,1,0,na,"[0,",0,0,1,1147.5,+16.3dB,19.0us,"[0,",1,796.18,normal,0,valid,-14.3dB,-14.4dB,na,na,,,,
2025-07-30 13:41:13.831456,PHY,0x4601,1,0,na,"[0,",0,0,1,1041.0,+15.9dB,15.5us,"[0,",1,796.19,normal,0,valid,-14.3dB,-14.4dB,na,na,,,,
2025-07-30 13:41:13.835951,PHY,0x4601,1,0,na,"[0,",0,0,1,1125.3,+16.2dB,17.6us,"[0,",1,797.8,normal,0,valid,-14.4dB,-14.5dB,na,na,,,,
2025-07-30 13:41:13.836534,PHY,0x4601,1,0,na,"[0,",0,0,1,1072.5,+16.0dB,14.8us,"[0,",1,797.9,normal,0,valid,-14.4dB,-14.5dB,na,na,,,,
2025-07-30 13:41:13.840083,PHY,0x4601,2,,na,"[0,",,,11111,,+29.8dB,16.3us,"[0,",1,797.17,normal,0,valid,-11.4dB,-11.5dB,0.24us,+37.9Hz,,"[6,",,1
2025-07-30 13:41:13.841013,PHY,0x4601,1,0,na,"[0,",0,0,1,1515.0,+17.5dB,16.0us,"[0,",1,797.18,normal,0,valid,-14.3dB,-14.4dB,na,na,,,,
2025-07-30 13:41:13.841491,PHY,0x4601,1,0,na,"[0,",0,0,1,1531.0,+17.6dB,16.7us,"[0,",1,797.19,normal,0,valid,-14.4dB,-14.4dB,na,na,,,,
2025-07-30 13:41:13.845579,CSI,0x4601,2,,na,"[0,",,,1,,+32.3dB,13.8us,"[0,",1,798.8,normal,0,valid,-11.4dB,-11.4dB,0.23us,+119.0Hz,,"[6,",1111,1
2025-07-30 13:41:13.846449,PHY,0x4601,1,0,na,"[0,",0,0,1,1388.7,+17.2dB,16.5us,"[0,",1,798.9,normal,0,valid,-14.3dB,-14.4dB,na,na,,,,
2025-07-30 13:41:13.850136,PHY,0x4601,2,,na,"[0,",,,11111,,+30.8dB,14.6us,"[0,",1,798.17,normal,0,valid,-11.4dB,-11.5dB,0.23us,+29.1Hz,,"[6,",,1
2025-07-30 13:41:13.850940,PHY,0x4601,1,0,na,"[0,",0,0,1,1508.1,+17.5dB,17.4us,"[0,",1,798.18,normal,0,valid,-14.3dB,-14.4dB,na,na,,,,
2025-07-30 13:41:13.851514,PHY,0x4601,1,0,na,"[0,",0,0,1,1448.3,+17.3dB,14.3us,"[0,",1,798.19,normal,0,valid,-14.3dB,-14.4dB,na,na,,,,
2025-07-30 13:41:13.856015,PHY,0x4601,1,0,na,"[0,",0,0,1,1067.0,+16.0dB,21.1us,"[0,",1,799.8,normal,0,valid,-14.4dB,-14.5dB,na,na,,,,
2025-07-30 13:41:13.856493,PHY,0x4601,1,0,na,"[0,",0,0,1,1067.4,+16.0dB,25.4us,"[0,",1,799.9,normal,0,valid,-14.4dB,-14.5dB,na,na,,,,
2025-07-30 13:41:13.860023,PHY,0x4601,2,,na,"[0,",,,11111,,+31.5dB,14.3us,"[0,",1,799.17,normal,0,valid,-11.4dB,-11.4dB,0.21us,+48.9Hz,,"[6,",,1
2025-07-30 13:41:13.860968,PHY,0x4601,1,0,na,"[0,",0,0,1,1442.3,+17.3dB,15.3us,"[0,",1,799.18,normal,0,valid,-14.3dB,-14.4dB,na,na,,,,
2025-07-30 13:41:13.861442,PHY,0x4601,1,0,na,"[0,",0,0,1,1301.0,+16.9dB,15.1us,"[0,",1,799.19,normal,0,valid,-14.3dB,-14.4dB,na,na,,,,
2025-07-30 13:41:13.865584,CSI,0x4601,2,,na,"[0,",,,1,,+32.5dB,15.8us,"[0,",1,800.8,normal,0,valid,-11.3dB,-11.4dB,0.24us,-211.4Hz,,"[6,",1111,1
2025-07-30 13:41:13.866516,PHY,0x4601,1,0,na,"[0,",0,0,1,1057.8,+16.0dB,17.4us,"[0,",1,800.9,normal,0,valid,-14.3dB,-14.4dB,na,na,,,,
2025-07-30 13:41:13.870062,PHY,0x4601,2,,na,"[0,",,,11111,,+28.6dB,17.1us,"[0,",1,800.17,normal,0,valid,-11.4dB,-11.5dB,0.22us,+12.2Hz,,"[6,",,1
2025-07-30 13:41:13.871008,PHY,0x4601,1,0,na,"[0,",0,0,1,1472.8,+17.4dB,20.2us,"[0,",1,800.18,normal,0,valid,-14.3dB,-14.4dB,na,na,,,,
2025-07-30 13:41:13.871472,PHY,0x4601,1,0,na,"[0,",0,0,1,1327.4,+17.0dB,16.0us,"[0,",1,800.19,normal,0,valid,-14.4dB,-14.4dB,na,na,,,,
2025-07-30 13:41:13.875969,PHY,0x4601,1,0,na,"[0,",0,0,1,1126.7,+16.3dB,20.6us,"[0,",1,801.8,normal,0,valid,-14.4dB,-14.5dB,na,na,,,,
2025-07-30 13:41:13.876441,PHY,0x4601,1,0,na,"[0,",0,0,1,1076.3,+16.1dB,15.0us,"[0,",1,801.9,normal,0,valid,-14.4dB,-14.5dB,na,na,,,,
2025-07-30 13:41:13.880123,PHY,0x4601,2,,na,"[0,",,,11111,,+33.5dB,15.8us,"[0,",1,801.17,normal,0,valid,-11.6dB,-11.6dB,0.20us,+23.3Hz,,"[6,",,1
2025-07-30 13:41:13.881030,PHY,0x4601,1,0,na,"[0,",0,0,1,1047.7,+16.0dB,15.8us,"[0,",1,801.18,normal,0,valid,-14.3dB,-14.4dB,na,na,,,,
2025-07-30 13:41:13.881519,PHY,0x4601,1,0,na,"[0,",0,0,1,1074.9,+16.1dB,28.1us,"[0,",1,801.19,normal,0,valid,-14.3dB,-14.4dB,na,na,,,,
2025-07-30 13:41:13.885622,CSI,0x4601,2,,na,"[0,",,,1,,+32.9dB,14.6us,"[0,",1,802.8,normal,0,valid,-11.3dB,-11.4dB,0.24us,+56.5Hz,,"[6,",1111,1
2025-07-30 13:41:13.886477,PHY,0x4601,1,0,na,"[0,",0,0,1,1080.5,+16.1dB,22.9us,"[0,",1,802.9,normal,0,valid,-14.4dB,-14.5dB,na,na,,,,
2025-07-30 13:41:13.890013,PHY,0x4601,2,,na,"[0,",,,11111,,+30.6dB,14.3us,"[0,",1,802.17,normal,0,valid,-11.4dB,-11.5dB,0.23us,+36.0Hz,,"[6,",,1
2025-07-30 13:41:13.890959,PHY,0x4601,1,0,na,"[0,",0,0,1,1380.2,+17.1dB,17.6us,"[0,",1,802.18,normal,0,valid,-14.4dB,-14.4dB,na,na,,,,
2025-07-30 13:41:13.891435,PHY,0x4601,1,0,na,"[0,",0,0,1,1429.7,+17.3dB,16.2us,"[0,",1,802.19,normal,0,valid,-14.3dB,-14.4dB,na,na,,,,
2025-07-30 13:41:13.896029,PHY,0x4601,1,0,na,"[0,",0,0,1,1107.4,+16.2dB,16.6us,"[0,",1,803.8,normal,0,valid,-14.4dB,-14.5dB,na,na,,,,
2025-07-30 13:41:13.896516,PHY,0x4601,1,0,na,"[0,",0,0,1,1068.9,+16.0dB,15.0us,"[0,",1,803.9,normal,0,valid,-14.4dB,-14.5dB,na,na,,,,
2025-07-30 13:41:13.900074,PHY,0x4601,2,,na,"[0,",,,11111,,+30.3dB,27.1us,"[0,",1,803.17,normal,0,valid,-11.4dB,-11.4dB,0.20us,+22.0Hz,,"[6,",,1
2025-07-30 13:41:13.901001,PHY,0x4601,1,0,na,"[0,",0,0,1,1055.8,+16.0dB,27.9us,"[0,",1,803.18,normal,0,valid,-14.3dB,-14.4dB,na,na,,,,
2025-07-30 13:41:13.901475,PHY,0x4601,1,0,na,"[0,",0,0,1,1112.2,+16.2dB,15.9us,"[0,",1,803.19,normal,0,valid,-14.3dB,-14.4dB,na,na,,,,
2025-07-30 13:41:13.905593,CSI,0x4601,2,,na,"[0,",,,1,,+32.9dB,15.7us,"[0,",1,804.8,normal,0,valid,-11.3dB,-11.3dB,0.20us,-82.6Hz,,"[6,",1111,1
2025-07-30 13:41:13.906545,PHY,0x4601,1,0,na,"[0,",0,0,1,1385.9,+17.2dB,20.1us,"[0,",1,804.9,normal,0,valid,-14.3dB,-14.4dB,na,na,,,,
2025-07-30 13:41:13.910078,PHY,0x4601,2,,na,"[0,",,,11111,,+31.9dB,12.8us,"[0,",1,804.17,normal,0,valid,-11.5dB,-11.5dB,0.21us,+20.7Hz,,"[6,",,1
2025-07-30 13:41:13.911032,PHY,0x4601,1,0,na,"[0,",0,0,1,1471.0,+17.4dB,22.3us,"[0,",1,804.18,normal,0,valid,-14.3dB,-14.4dB,na,na,,,,
2025-07-30 13:41:13.911504,PHY,0x4601,1,0,na,"[0,",0,0,1,1419.6,+17.3dB,14.7us,"[0,",1,804.19,normal,0,valid,-14.3dB,-14.4dB,na,na,,,,
2025-07-30 13:41:13.916010,PHY,0x4601,1,0,na,"[0,",0,0,1,1087.7,+16.1dB,22.7us,"[0,",1,805.8,normal,0,valid,-14.4dB,-14.5dB,na,na,,,,
2025-07-30 13:41:13.916481,PHY,0x4601,1,0,na,"[0,",0,0,1,1109.5,+16.2dB,23.7us,"[0,",1,805.9,normal,0,valid,-14.4dB,-14.5dB,na,na,,,,
2025-07-30 13:41:13.920130,PHY,0x4601,2,,na,"[0,",,,11111,,+30.0dB,15.0us,"[0,",1,805.17,normal,0,valid,-11.4dB,-11.4dB,0.20us,+121.5Hz,,"[6,",,1
2025-07-30 13:41:13.920948,PHY,0x4601,1,0,na,"[0,",0,0,1,1020.3,+15.8dB,15.0us,"[0,",1,805.18,normal,0,valid,-14.3dB,-14.4dB,na,na,,,,
2025-07-30 13:41:13.921530,PHY,0x4601,1,0,na,"[0,",0,0,1,1075.2,+16.1dB,15.0us,"[0,",1,805.19,normal,0,valid,-14.3dB,-14.4dB,na,na,,,,
2025-07-30 13:41:13.925553,CSI,0x4601,2,,na,"[0,",,,1,,+31.2dB,12.3us,"[0,",1,806.8,normal,0,valid,-11.4dB,-11.5dB,0.23us,+63.7Hz,,"[6,",1111,1
2025-07-30 13:41:13.926493,PHY,0x4601,1,0,na,"[0,",0,0,1,1410.0,+17.2dB,15.6us,"[0,",1,806.9,normal,0,valid,-14.4dB,-14.4dB,na,na,,,,
2025-07-30 13:41:13.930047,PHY,0x4601,2,,na,"[0,",,,11111,,+31.2dB,15.6us,"[0,",1,806.17,normal,0,valid,-11.4dB,-11.5dB,0.24us,+31.0Hz,,"[6,",,1
2025-07-30 13:41:13.930977,PHY,0x4601,1,0,na,"[0,",0,0,1,1070.9,+16.0dB,16.0us,"[0,",1,806.18,normal,0,valid,-14.3dB,-14.4dB,na,na,,,,
2025-07-30 13:41:13.931456,PHY,0x4601,1,0,na,"[0,",0,0,1,1065.2,+16.0dB,14.2us,"[0,",1,806.19,normal,0,valid,-14.3dB,-14.5dB,na,na,,,,
2025-07-30 13:41:13.935959,PHY,0x4601,1,0,na,"[0,",0,0,1,1090.2,+16.1dB,17.8us,"[0,",1,807.8,normal,0,valid,-14.4dB,-14.4dB,na,na,,,,
2025-07-30 13:41:13.936538,PHY,0x4601,1,0,na,"[0,",0,0,1,1019.0,+15.8dB,15.7us,"[0,",1,807.9,normal,0,valid,-14.4dB,-14.5dB,na,na,,,,
2025-07-30 13:41:13.940098,PHY,0x4601,2,,na,"[0,",,,11111,,+32.5dB,14.4us,"[0,",1,807.17,normal,0,valid,-11.5dB,-11.6dB,0.22us,+113.7Hz,,"[6,",,1
2025-07-30 13:41:13.941013,PHY,0x4601,1,0,na,"[0,",0,0,1,1068.5,+16.0dB,16.0us,"[0,",1,807.18,normal,0,valid,-14.3dB,-14.4dB,na,na,,,,
2025-07-30 13:41:13.941490,PHY,0x4601,1,0,na,"[0,",0,0,1,1084.3,+16.1dB,13.9us,"[0,",1,807.19,normal,0,valid,-14.3dB,-14.5dB,na,na,,,,
2025-07-30 13:41:13.945619,CSI,0x4601,2,,na,"[0,",,,1,,+32.6dB,14.0us,"[0,",1,808.8,normal,0,valid,-11.4dB,-11.4dB,0.23us,-78.9Hz,,"[6,",1111,1
2025-07-30 13:41:13.946445,PHY,0x4601,1,0,na,"[0,",0,0,1,1399.8,+17.2dB,17.0us,"[0,",1,808.9,normal,0,valid,-14.4dB,-14.5dB,na,na,,,,
2025-07-30 13:41:13.950104,PHY,0x4601,2,,na,"[0,",,,11111,,+29.2dB,16.0us,"[0,",1,808.17,normal,0,valid,-11.4dB,-11.5dB,0.22us,+89.8Hz,,"[6,",,1
2025-07-30 13:41:13.950937,PHY,0x4601,1,0,na,"[0,",0,0,1,1104.7,+16.2dB,14.9us,"[0,",1,808.18,normal,0,valid,-14.3dB,-14.4dB,na,na,,,,
2025-07-30 13:41:13.951516,PHY,0x4601,1,0,na,"[0,",0,0,1,1136.7,+16.3dB,14.2us,"[0,",1,808.19,normal,0,valid,-14.3dB,-14.4dB,na,na,,,,
2025-07-30 13:41:13.956020,PHY,0x4601,1,0,na,"[0,",0,0,1,1129.6,+16.3dB,17.0us,"[0,",1,809.8,normal,0,valid,-14.4dB,-14.5dB,na,na,,,,
2025-07-30 13:41:13.956497,PHY,0x4601,1,0,na,"[0,",0,0,1,1125.4,+16.2dB,15.9us,"[0,",1,809.9,normal,0,valid,-14.4dB,-14.5dB,na,na,,,,
2025-07-30 13:41:13.960030,PHY,0x4601,2,,na,"[0,",,,11111,,+32.5dB,15.8us,"[0,",1,809.17,normal,0,valid,-11.3dB,-11.4dB,0.23us,+4.7Hz,,"[6,",,1
2025-07-30 13:41:13.960972,PHY,0x4601,1,0,na,"[0,",0,0,1,1570.7,+17.7dB,17.1us,"[0,",1,809.18,normal,0,valid,-14.4dB,-14.4dB,na,na,,,,
2025-07-30 13:41:13.961443,PHY,0x4601,1,0,na,"[0,",0,0,1,1556.3,+17.7dB,13.6us,"[0,",1,809.19,normal,0,valid,-14.3dB,-14.4dB,na,na,,,,
2025-07-30 13:41:13.965572,CSI,0x4601,2,,na,"[0,",,,1,,+33.6dB,15.2us,"[0,",1,810.8,normal,0,valid,-11.3dB,-11.4dB,0.22us,-8.7Hz,,"[6,",1111,1
2025-07-30 13:41:13.966513,PHY,0x4601,1,0,na,"[0,",0,0,1,1023.4,+15.8dB,16.7us,"[0,",1,810.9,normal,0,valid,-14.3dB,-14.5dB,na,na,,,,
2025-07-30 13:41:13.970088,PHY,0x4601,2,,na,"[0,",,,11111,,+32.6dB,14.5us,"[0,",1,810.17,normal,0,valid,-11.4dB,-11.5dB,0.22us,+55.0Hz,,"[6,",,1
2025-07-30 13:41:13.971005,PHY,0x4601,1,0,na,"[0,",0,0,1,1133.1,+16.3dB,17.9us,"[0,",1,810.18,normal,0,valid,-14.3dB,-14.4dB,na,na,,,,
2025-07-30 13:41:13.971486,PHY,0x4601,1,0,na,"[0,",0,0,1,1108.1,+16.2dB,17.5us,"[0,",1,810.19,normal,0,valid,-14.3dB,-14.5dB,na,na,,,,
2025-07-30 13:41:13.975971,PHY,0x4601,1,0,na,"[0,",0,0,1,1094.8,+16.1dB,15.9us,"[0,",1,811.8,normal,0,valid,-14.4dB,-14.5dB,na,na,,,,
2025-07-30 13:41:13.976437,PHY,0x4601,1,0,na,"[0,",0,0,1,1115.4,+16.2dB,13.6us,"[0,",1,811.9,normal,0,valid,-14.4dB,-14.5dB,na,na,,,,
2025-07-30 13:41:13.980092,PHY,0x4601,2,,na,"[0,",,,11111,,+30.9dB,17.1us,"[0,",1,811.17,normal,0,valid,-11.6dB,-11.6dB,0.22us,+160.4Hz,,"[6,",,1
2025-07-30 13:41:13.981036,PHY,0x4601,1,0,na,"[0,",0,0,1,1466.5,+17.4dB,15.1us,"[0,",1,811.18,normal,0,valid,-14.4dB,-14.4dB,na,na,,,,
2025-07-30 13:41:13.981520,PHY,0x4601,1,0,na,"[0,",0,0,1,1529.7,+17.6dB,18.9us,"[0,",1,811.19,normal,0,valid,-14.4dB,-14.4dB,na,na,,,,
2025-07-30 13:41:13.985599,CSI,0x4601,2,,na,"[0,",,,1,,+33.4dB,11.7us,"[0,",1,812.8,normal,0,valid,-11.4dB,-11.5dB,0.23us,-124.3Hz,,"[6,",1111,1
2025-07-30 13:41:13.986475,PHY,0x4601,1,0,na,"[0,",0,0,1,1015.8,+15.8dB,18.3us,"[0,",1,812.9,normal,0,valid,-14.3dB,-14.5dB,na,na,,,,
2025-07-30 13:41:13.990008,PHY,0x4601,2,,na,"[0,",,,11111,,+31.4dB,13.7us,"[0,",1,812.17,normal,0,valid,-11.5dB,-11.5dB,0.23us,+109.3Hz,,"[6,",,1
2025-07-30 13:41:13.990955,PHY,0x4601,1,0,na,"[0,",0,0,1,1361.8,+17.1dB,15.8us,"[0,",1,812.18,normal,0,valid,-14.3dB,-14.4dB,na,na,,,,
2025-07-30 13:41:13.991536,PHY,0x4601,1,0,na,"[0,",0,0,1,1454.7,+17.4dB,14.6us,"[0,",1,812.19,normal,0,valid,-14.3dB,-14.4dB,na,na,,,,
2025-07-30 13:41:13.996034,PHY,0x4601,1,0,na,"[0,",0,0,1,1096.5,+16.1dB,17.1us,"[0,",1,813.8,normal,0,valid,-14.4dB,-14.5dB,na,na,,,,
2025-07-30 13:41:13.996509,PHY,0x4601,1,0,na,"[0,",0,0,1,1100.3,+16.2dB,15.3us,"[0,",1,813.9,normal,0,valid,-14.4dB,-14.5dB,na,na,,,,
2025-07-30 13:41:14.000049,PHY,0x4601,2,,na,"[0,",,,11111,,+30.2dB,14.2us,"[0,",1,813.17,normal,0,valid,-11.4dB,-11.4dB,0.19us,+53.5Hz,,"[6,",,1
2025-07-30 13:41:14.000994,PHY,0x4601,1,0,na,"[0,",0,0,1,1090.7,+16.1dB,16.7us,"[0,",1,813.18,normal,0,valid,-14.3dB,-14.4dB,na,na,,,,
2025-07-30 13:41:14.001471,PHY,0x4601,1,0,na,"[0,",0,0,1,1091.8,+16.1dB,20.5us,"[0,",1,813.19,normal,0,valid,-14.3dB,-14.4dB,na,na,,,,
2025-07-30 13:41:14.005592,CSI,0x4601,2,,na,"[0,",,,1,,+32.2dB,19.5us,"[0,",1,814.8,normal,0,valid,-11.3dB,-11.4dB,0.23us,-31.5Hz,,"[6,",1111,1
2025-07-30 13:41:14.006541,PHY,0x4601,1,0,na,"[0,",0,0,1,1145.5,+16.3dB,16.9us,"[0,",1,814.9,normal,0,valid,-14.4dB,-14.5dB,na,na,,,,
2025-07-30 13:41:14.010115,PHY,0x4601,2,,na,"[0,",,,11111,,+31.6dB,15.0us,"[0,",1,814.17,normal,0,valid,-11.3dB,-11.4dB,0.23us,+54.4Hz,,"[6,",,1
2025-07-30 13:41:14.011019,PHY,0x4601,1,0,na,"[0,",0,0,1,1115.7,+16.2dB,16.5us,"[0,",1,814.18,normal,0,valid,-14.3dB,-14.4dB,na,na,,,,
2025-07-30 13:41:14.011507,PHY,0x4601,1,0,na,"[0,",0,0,1,1093.3,+16.1dB,27.0us,"[0,",1,814.19,normal,0,valid,-14.3dB,-14.4dB,na,na,,,,
2025-07-30 13:41:14.015996,PHY,0x4601,1,0,na,"[0,",0,0,1,1108.3,+16.2dB,17.5us,"[0,",1,815.8,normal,0,valid,-14.4dB,-14.5dB,na,na,,,,
2025-07-30 13:41:14.016455,PHY,0x4601,1,0,na,"[0,",0,0,1,1127.1,+16.3dB,15.0us,"[0,",1,815.9,normal,0,valid,-14.4dB,-14.5dB,na,na,,,,
2025-07-30 13:41:14.020122,PHY,0x4601,2,,na,"[0,",,,11111,,+29.3dB,15.3us,"[0,",1,815.17,normal,0,valid,-11.5dB,-11.6dB,0.21us,+57.1Hz,,"[6,",,1
2025-07-30 13:41:14.020944,PHY,0x4601,1,0,na,"[0,",0,0,1,1078.7,+16.1dB,15.7us,"[0,",1,815.18,normal,0,valid,-14.3dB,-14.4dB,na,na,,,,
2025-07-30 13:41:14.021524,PHY,0x4601,1,0,na,"[0,",0,0,1,1058.3,+16.0dB,14.2us,"[0,",1,815.19,normal,0,valid,-14.3dB,-14.4dB,na,na,,,,
2025-07-30 13:41:14.025626,CSI,0x4601,2,,na,"[0,",,,1,,+30.3dB,13.3us,"[0,",1,816.8,normal,0,valid,-11.3dB,-11.4dB,0.23us,+60.2Hz,,"[6,",1111,1
2025-07-30 13:41:14.026498,PHY,0x4601,1,0,na,"[0,",0,0,1,1064.3,+16.0dB,19.5us,"[0,",1,816.9,normal,0,valid,-14.3dB,-14.4dB,na,na,,,,
2025-07-30 13:41:14.030031,PHY,0x4601,2,,na,"[0,",,,11111,,+31.2dB,14.1us,"[0,",1,816.17,normal,0,valid,-11.4dB,-11.4dB,0.23us,-33.6Hz,,"[6,",,1
2025-07-30 13:41:14.030989,PHY,0x4601,1,0,na,"[0,",0,0,1,1100.6,+16.2dB,17.3us,"[0,",1,816.18,normal,0,valid,-14.3dB,-14.4dB,na,na,,,,
2025-07-30 13:41:14.031453,PHY,0x4601,1,0,na,"[0,",0,0,1,1083.3,+16.1dB,17.9us,"[0,",1,816.19,normal,0,valid,-14.3dB,-14.4dB,na,na,,,,
2025-07-30 13:41:14.035963,PHY,0x4601,1,0,na,"[0,",0,0,1,1130.3,+16.3dB,16.5us,"[0,",1,817.8,normal,0,valid,-14.4dB,-14.5dB,na,na,,,,
2025-07-30 13:41:14.036532,PHY,0x4601,1,0,na,"[0,",0,0,1,1090.3,+16.1dB,17.0us,"[0,",1,817.9,normal,0,valid,-14.4dB,-14.5dB,na,na,,,,
2025-07-30 13:41:14.040074,PHY,0x4601,2,,na,"[0,",,,11111,,+31.1dB,16.3us,"[0,",1,817.17,normal,0,valid,-11.4dB,-11.4dB,0.23us,+70.9Hz,,"[6,",,1
2025-07-30 13:41:14.041017,PHY,0x4601,1,0,na,"[0,",0,0,1,1410.6,+17.2dB,21.8us,"[0,",1,817.18,normal,0,valid,-14.3dB,-14.4dB,na,na,,,,
2025-07-30 13:41:14.041481,PHY,0x4601,1,0,na,"[0,",0,0,1,1500.3,+17.5dB,18.0us,"[0,",1,817.19,normal,0,valid,-14.3dB,-14.4dB,na,na,,,,
2025-07-30 13:41:14.045608,CSI,0x4601,2,,na,"[0,",,,1,,+29.9dB,13.2us,"[0,",1,818.8,normal,0,valid,-11.4dB,-11.5dB,0.24us,-56.6Hz,,"[6,",1111,1
2025-07-30 13:41:14.046456,PHY,0x4601,1,0,na,"[0,",0,0,1,1418.8,+17.3dB,26.4us,"[0,",1,818.9,normal,0,valid,-14.3dB,-14.4dB,na,na,,,,
2025-07-30 13:41:14.050101,PHY,0x4601,2,,na,"[0,",,,11111,,+32.3dB,14.1us,"[0,",1,818.17,normal,0,valid,-11.4dB,-11.5dB,0.23us,-50.5Hz,,"[6,",,1
2025-07-30 13:41:14.051039,PHY,0x4601,1,0,na,"[0,",0,0,1,1057.0,+16.0dB,16.4us,"[0,",1,818.18,normal,0,valid,-14.3dB,-14.4dB,na,na,,,,
2025-07-30 13:41:14.051514,PHY,0x4601,1,0,na,"[0,",0,0,1,1066.4,+16.0dB,18.5us,"[0,",1,818.19,normal,0,valid,-14.3dB,-14.4dB,na,na,,,,
2025-07-30 13:41:14.056010,PHY,0x4601,1,0,na,"[0,",0,0,1,1136.0,+16.3dB,16.1us,"[0,",1,819.8,normal,0,valid,-14.4dB,-14.5dB,na,na,,,,
2025-07-30 13:41:14.056490,PHY,0x4601,1,0,na,"[0,",0,0,1,1063.2,+16.0dB,28.8us,"[0,",1,819.9,normal,0,valid,-14.4dB,-14.5dB,na,na,,,,
2025-07-30 13:41:14.060018,PHY,0x4601,2,,na,"[0,",,,11111,,+30.1dB,14.9us,"[0,",1,819.17,normal,0,valid,-11.5dB,-11.5dB,0.22us,+46.8Hz,,"[6,",,1
2025-07-30 13:41:14.060963,PHY,0x4601,1,0,na,"[0,",0,0,1,1499.1,+17.5dB,15.7us,"[0,",1,819.18,normal,0,valid,-14.3dB,-14.4dB,na,na,,,,
2025-07-30 13:41:14.061439,PHY,0x4601,1,0,na,"[0,",0,0,1,1493.2,+17.5dB,15.6us,"[0,",1,819.19,normal,0,valid,-14.3dB,-14.4dB,na,na,,,,
2025-07-30 13:41:14.065579,CSI,0x4601,2,,na,"[0,",,,1,,+29.8dB,12.6us,"[0,",1,820.8,normal,0,valid,-11.5dB,-11.5dB,0.22us,+28.6Hz,,"[6,",1111,1
2025-07-30 13:41:14.066507,PHY,0x4601,1,0,na,"[0,",0,0,1,1076.3,+16.1dB,15.9us,"[0,",1,820.9,normal,0,valid,-14.4dB,-14.5dB,na,na,,,,
2025-07-30 13:41:14.070052,PHY,0x4601,2,,na,"[0,",,,11111,,+28.4dB,14.1us,"[0,",1,820.17,normal,0,valid,-11.4dB,-11.5dB,0.21us,-40.4Hz,,"[6,",,1
2025-07-30 13:41:14.070995,PHY,0x4601,1,0,na,"[0,",0,0,1,1431.4,+17.3dB,17.0us,"[0,",1,820.18,normal,0,valid,-14.4dB,-14.4dB,na,na,,,,
2025-07-30 13:41:14.071473,PHY,0x4601,1,0,na,"[0,",0,0,1,1432.5,+17.3dB,17.7us,"[0,",1,820.19,normal,0,valid,-14.3dB,-14.4dB,na,na,,,,
2025-07-30 13:41:14.075962,PHY,0x4601,1,0,na,"[0,",0,0,1,1139.5,+16.3dB,17.2us,"[0,",1,821.8,normal,0,valid,-14.4dB,-14.5dB,na,na,,,,
2025-07-30 13:41:14.076540,PHY,0x4601,1,0,na,"[0,",0,0,1,1085.5,+16.1dB,14.2us,"[0,",1,821.9,normal,0,valid,-14.4dB,-14.5dB,na,na,,,,
2025-07-30 13:41:14.080100,PHY,0x4601,2,,na,"[0,",,,11111,,+35.4dB,17.4us,"[0,",1,821.17,normal,0,valid,-11.5dB,-11.5dB,0.20us,-16.3Hz,,"[6,",,1
2025-07-30 13:41:14.081029,PHY,0x4601,1,0,na,"[0,",0,0,1,1444.8,+17.4dB,19.7us,"[0,",1,821.18,normal,0,valid,-14.3dB,-14.4dB,na,na,,,,
2025-07-30 13:41:14.081503,PHY,0x4601,1,0,na,"[0,",0,0,1,1392.7,+17.2dB,14.6us,"[0,",1,821.19,normal,0,valid,-14.3dB,-14.4dB,na,na,,,,
2025-07-30 13:41:14.085606,CSI,0x4601,2,,na,"[0,",,,1,,+32.0dB,12.4us,"[0,",1,822.8,normal,0,valid,-11.5dB,-11.5dB,0.26us,-49.0Hz,,"[6,",1111,1
2025-07-30 13:41:14.086469,PHY,0x4601,1,0,na,"[0,",0,0,1,1436.9,+17.3dB,16.2us,"[0,",1,822.9,normal,0,valid,-14.3dB,-14.4dB,na,na,,,,
2025-07-30 13:41:14.090121,PHY,0x4601,2,,na,"[0,",,,11111,,+34.0dB,14.8us,"[0,",1,822.17,normal,0,valid,-11.4dB,-11.4dB,0.24us,+0.7Hz,,"[6,",,1
2025-07-30 13:41:14.090951,PHY,0x4601,1,0,na,"[0,",0,0,1,1022.0,+15.8dB,15.6us,"[0,",1,822.18,normal,0,valid,-14.3dB,-14.4dB,na,na,,,,
2025-07-30 13:41:14.091534,PHY,0x4601,1,0,na,"[0,",0,0,1,1046.2,+15.9dB,18.3us,"[0,",1,822.19,normal,0,valid,-14.4dB,-14.5dB,na,na,,,,
2025-07-30 13:41:14.096023,PHY,0x4601,1,0,na,"[0,",0,0,1,1004.3,+15.8dB,17.0us,"[0,",1,823.8,normal,0,valid,-14.4dB,-14.5dB,na,na,,,,
2025-07-30 13:41:14.096507,PHY,0x4601,1,0,na,"[0,",0,0,1,1137.8,+16.3dB,14.4us,"[0,",1,823.9,normal,0,valid,-14.4dB,-14.5dB,na,na,,,,
2025-07-30 13:41:14.100041,PHY,0x4601,2,,na,"[0,",,,11111,,+29.3dB,14.5us,"[0,",1,823.17,normal,0,valid,-11.4dB,-11.4dB,0.22us,+12.1Hz,,"[6,",,1
2025-07-30 13:41:14.100980,PHY,0x4601,1,0,na,"[0,",0,0,1,1084.1,+16.1dB,22.4us,"[0,",1,823.18,normal,0,valid,-14.3dB,-14.4dB,na,na,,,,
2025-07-30 13:41:14.101465,PHY,0x4601,1,0,na,"[0,",0,0,1,1108.2,+16.2dB,17.1us,"[0,",1,823.19,normal,0,valid,-14.3dB,-14.4dB,na,na,,,,
2025-07-30 13:41:14.105583,CSI,0x4601,2,,na,"[0,",,,1,,+31.2dB,15.6us,"[0,",1,824.8,normal,0,valid,-11.4dB,-11.4dB,0.23us,-38.1Hz,,"[6,",1111,1
2025-07-30 13:41:14.106533,PHY,0x4601,1,0,na,"[0,",0,0,1,1095.7,+16.1dB,15.9us,"[0,",1,824.9,normal,0,valid,-14.3dB,-14.4dB,na,na,,,,
2025-07-30 13:41:14.110076,PHY,0x4601,2,,na,"[0,",,,11111,,+31.4dB,13.9us,"[0,",1,824.17,normal,0,valid,-11.4dB,-11.5dB,0.23us,-82.8Hz,,"[6,",,1
2025-07-30 13:41:14.111015,PHY,0x4601,1,0,na,"[0,",0,0,1,1396.0,+17.2dB,16.2us,"[0,",1,824.18,normal,0,valid,-14.3dB,-14.4dB,na,na,,,,
2025-07-30 13:41:14.111493,PHY,0x4601,1,0,na,"[0,",0,0,1,1460.7,+17.4dB,17.4us,"[0,",1,824.19,normal,0,valid,-14.3dB,-14.4dB,na,na,,,,
2025-07-30 13:41:14.115989,PHY,0x4601,1,0,na,"[0,",0,0,1,1090.5,+16.1dB,19.7us,"[0,",1,825.8,normal,0,valid,-14.4dB,-14.5dB,na,na,,,,
2025-07-30 13:41:14.116450,PHY,0x4601,1,0,na,"[0,",0,0,1,1113.1,+16.2dB,14.3us,"[0,",1,825.9,normal,0,valid,-14.4dB,-14.5dB,na,na,,,,
2025-07-30 13:41:14.120142,PHY,0x4601,2,,na,"[0,",,,11111,,+31.1dB,20.0us,"[0,",1,825.17,normal,0,valid,-11.5dB,-11.5dB,0.21us,-6.4Hz,,"[6,",,1
2025-07-30 13:41:14.120939,PHY,0x4601,1,0,na,"[0,",0,0,1,1492.5,+17.5dB,15.5us,"[0,",1,825.18,normal,0,valid,-14.3dB,-14.4dB,na,na,,,,
2025-07-30 13:41:14.121517,PHY,0x4601,1,0,na,"[0,",0,0,1,1349.6,+17.0dB,13.9us,"[0,",1,825.19,normal,0,valid,-14.3dB,-14.4dB,na,na,,,,
2025-07-30 13:41:14.125614,CSI,0x4601,2,,na,"[0,",,,1,,+29.8dB,11.9us,"[0,",1,826.8,normal,0,valid,-11.4dB,-11.4dB,0.24us,-6.7Hz,,"[6,",1111,1
2025-07-30 13:41:14.126482,PHY,0x4601,1,0,na,"[0,",0,0,1,1453.0,+17.3dB,15.8us,"[0,",1,826.9,normal,0,valid,-14.3dB,-14.4dB,na,na,,,,
2025-07-30 13:41:14.130025,PHY,0x4601,2,,na,"[0,",,,11111,,+35.4dB,14.5us,"[0,",1,826.17,normal,0,valid,-11.5dB,-11.5dB,0.21us,-28.8Hz,,"[6,",,1
2025-07-30 13:41:14.130969,PHY,0x4601,1,0,na,"[0,",0,0,1,1112.6,+16.2dB,17.1us,"[0,",1,826.18,normal,0,valid,-14.3dB,-14.4dB,na,na,,,,
2025-07-30 13:41:14.131443,PHY,0x4601,1,0,na,"[0,",0,0,1,1046.2,+15.9dB,14.3us,"[0,",1,826.19,normal,0,valid,-14.3dB,-14.4dB,na,na,,,,
2025-07-30 13:41:14.136047,PHY,0x4601,1,0,na,"[0,",0,0,1,1092.1,+16.1dB,20.5us,"[0,",1,827.8,normal,0,valid,-14.4dB,-14.5dB,na,na,,,,
2025-07-30 13:41:14.136523,PHY,0x4601,1,0,na,"[0,",0,0,1,1119.0,+16.2dB,15.0us,"[0,",1,827.9,normal,0,valid,-14.4dB,-14.5dB,na,na,,,,
2025-07-30 13:41:14.140061,PHY,0x4601,2,,na,"[0,",,,11111,,+32.1dB,13.8us,"[0,",1,827.17,normal,0,valid,-11.4dB,-11.4dB,0.22us,+53.9Hz,,"[6,",,1
2025-07-30 13:41:14.141001,PHY,0x4601,1,0,na,"[0,",0,0,1,1063.4,+16.0dB,15.3us,"[0,",1,827.18,normal,0,valid,-14.3dB,-14.4dB,na,na,,,,
2025-07-30 13:41:14.141486,PHY,0x4601,1,0,na,"[0,",0,0,1,1068.9,+16.0dB,14.0us,"[0,",1,827.19,normal,0,valid,-14.3dB,-14.4dB,na,na,,,,
2025-07-30 13:41:14.145621,CSI,0x4601,2,,na,"[0,",,,1,,+31.4dB,18.4us,"[0,",1,828.8,normal,0,valid,-11.4dB,-11.4dB,0.21us,+12.2Hz,,"[6,",1111,1
2025-07-30 13:41:14.146443,PHY,0x4601,1,0,na,"[0,",0,0,1,1303.9,+16.9dB,16.0us,"[0,",1,828.9,normal,0,valid,-14.4dB,-14.5dB,na,na,,,,
2025-07-30 13:41:14.150097,PHY,0x4601,2,,na,"[0,",,,11111,,+30.8dB,13.9us,"[0,",1,828.17,normal,0,valid,-11.5dB,-11.6dB,0.23us,+96.5Hz,,"[6,",,1
2025-07-30 13:41:14.151029,PHY,0x4601,1,0,na,"[0,",0,0,1,1126.2,+16.3dB,15.7us,"[0,",1,828.18,normal,0,valid,-14.3dB,-14.4dB,na,na,,,,
2025-07-30 13:41:14.151515,PHY,0x4601,1,0,na,"[0,",0,0,1,1083.6,+16.1dB,18.1us,"[0,",1,828.19,normal,0,valid,-14.4dB,-14.5dB,na,na,,,,
2025-07-30 13:41:14.156010,PHY,0x4601,1,0,na,"[0,",0,0,1,1072.9,+16.0dB,16.5us,"[0,",1,829.8,normal,0,valid,-14.4dB,-14.5dB,na,na,,,,
2025-07-30 13:41:14.156470,PHY,0x4601,1,0,na,"[0,",0,0,1,1067.8,+16.1dB,15.5us,"[0,",1,829.9,normal,0,valid,-14.4dB,-14.5dB,na,na,,,,
2025-07-30 13:41:14.160010,PHY,0x4601,2,,na,"[0,",,,11111,,+29.9dB,13.4us,"[0,",1,829.17,normal,0,valid,-11.5dB,-11.6dB,0.25us,+114.8Hz,,"[6,",,1
2025-07-30 13:41:14.160956,PHY,0x4601,1,0,na,"[0,",0,0,1,1461.1,+17.4dB,15.6us,"[0,",1,829.18,normal,0,valid,-14.3dB,-14.4dB,na,na,,,,
2025-07-30 13:41:14.161538,PHY,0x4601,1,0,na,"[0,",0,0,1,1438.2,+17.3dB,14.3us,"[0,",1,829.19,normal,0,valid,-14.3dB,-14.4dB,na,na,,,,
2025-07-30 13:41:14.165561,CSI,0x4601,2,,na,"[0,",,,1,,+30.1dB,12.8us,"[0,",1,830.8,normal,0,valid,-11.4dB,-11.4dB,0.24us,-42.8Hz,,"[6,",1111,1
2025-07-30 13:41:14.166504,PHY,0x4601,1,0,na,"[0,",0,0,1,1051.5,+16.0dB,16.4us,"[0,",1,830.9,normal,0,valid,-14.4dB,-14.5dB,na,na,,,,
2025-07-30 13:41:14.170046,PHY,0x4601,2,,na,"[0,",,,11111,,+28.6dB,14.8us,"[0,",1,830.17,normal,0,valid,-11.5dB,-11.5dB,0.22us,+22.4Hz,,"[6,",,1
2025-07-30 13:41:14.170987,PHY,0x4601,1,0,na,"[0,",0,0,1,1023.3,+15.8dB,15.4us,"[0,",1,830.18,normal,0,valid,-14.3dB,-14.5dB,na,na,,,,
2025-07-30 13:41:14.171460,PHY,0x4601,1,0,na,"[0,",0,0,1,1000.5,+15.7dB,13.9us,"[0,",1,830.19,normal,0,valid,-14.3dB,-14.5dB,na,na,,,,
2025-07-30 13:41:14.175950,PHY,0x4601,1,0,na,"[0,",0,0,1,1020.6,+15.8dB,16.1us,"[0,",1,831.8,normal,0,valid,-14.4dB,-14.5dB,na,na,,,,
2025-07-30 13:41:14.176548,PHY,0x4601,1,0,na,"[0,",0,0,1,1081.3,+16.1dB,15.4us,"[0,",1,831.9,normal,0,valid,-14.4dB,-14.5dB,na,na,,,,
2025-07-30 13:41:14.180082,PHY,0x4601,2,,na,"[0,",,,11111,,+30.1dB,15.8us,"[0,",1,831.17,normal,0,valid,-11.5dB,-11.5dB,0.22us,+7.8Hz,,"[6,",,1
2025-07-30 13:41:14.181018,PHY,0x4601,1,0,na,"[0,",0,0,1,1117.2,+16.2dB,16.2us,"[0,",1,831.18,normal,0,valid,-14.3dB,-14.4dB,na,na,,,,
2025-07-30 13:41:14.181503,PHY,0x4601,1,0,na,"[0,",0,0,1,1055.9,+16.0dB,13.7us,"[0,",1,831.19,normal,0,valid,-14.3dB,-14.4dB,na,na,,,,
2025-07-30 13:41:14.185603,CSI,0x4601,2,,na,"[0,",,,1,,+32.4dB,12.7us,"[0,",1,832.8,normal,0,valid,-11.3dB,-11.4dB,0.23us,+14.2Hz,,"[6,",1111,1
2025-07-30 13:41:14.186457,PHY,0x4601,1,0,na,"[0,",0,0,1,1072.2,+16.0dB,16.5us,"[0,",1,832.9,normal,0,valid,-14.3dB,-14.5dB,na,na,,,,
2025-07-30 13:41:14.190115,PHY,0x4601,2,,na,"[0,",,,11111,,+31.5dB,16.2us,"[0,",1,832.17,normal,0,valid,-11.4dB,-11.5dB,0.23us,+87.0Hz,,"[6,",,1
2025-07-30 13:41:14.190946,PHY,0x4601,1,0,na,"[0,",0,0,1,1447.2,+17.4dB,15.7us,"[0,",1,832.18,normal,0,valid,-14.3dB,-14.4dB,na,na,,,,
2025-07-30 13:41:14.191522,PHY,0x4601,1,0,na,"[0,",0,0,1,1443.4,+17.3dB,14.6us,"[0,",1,832.19,normal,0,valid,-14.3dB,-14.4dB,na,na,,,,
2025-07-30 13:41:14.196053,PHY,0x4601,1,0,na,"[0,",0,0,1,1164.9,+16.4dB,19.9us,"[0,",1,833.8,normal,0,valid,-14.3dB,-14.5dB,na,na,,,,
2025-07-30 13:41:14.196518,PHY,0x4601,1,0,na,"[0,",0,0,1,1036.9,+15.9dB,19.1us,"[0,",1,833.9,normal,0,valid,-14.4dB,-14.5dB,na,na,,,,
2025-07-30 13:41:14.200031,PHY,0x4601,2,,na,"[0,",,,11111,,+33.0dB,14.1us,"[0,",1,833.17,normal,0,valid,-11.5dB,-11.5dB,0.22us,-69.8Hz,,"[6,",,1
2025-07-30 13:41:14.200982,PHY,0x4601,1,0,na,"[0,",0,0,1,1524.2,+17.6dB,16.4us,"[0,",1,833.18,normal,0,valid,-14.3dB,-14.4dB,na,na,,,,
2025-07-30 13:41:14.201457,PHY,0x4601,1,0,na,"[0,",0,0,1,1327.0,+17.0dB,19.0us,"[0,",1,833.19,normal,0,valid,-14.3dB,-14.4dB,na,na,,,,
2025-07-30 13:41:14.205717,CSI,0x4601,2,,na,"[0,",,,1,,+35.1dB,13.4us,"[0,",1,834.8,normal,0,valid,-11.3dB,-11.4dB,0.23us,-50.8Hz,,"[6,",1111,1
2025-07-30 13:41:14.206528,PHY,0x4601,1,0,na,"[0,",0,0,1,1438.6,+17.3dB,15.5us,"[0,",1,834.9,normal,0,valid,-14.3dB,-14.4dB,na,na,,,,
2025-07-30 13:41:14.210072,PHY,0x4601,2,,na,"[0,",,,11111,,+28.6dB,13.5us,"[0,",1,834.17,normal,0,valid,-11.5dB,-11.6dB,0.23us,+50.3Hz,,"[6,",,1
2025-07-30 13:41:14.211009,PHY,0x4601,1,0,na,"[0,",0,0,1,1450.8,+17.4dB,15.9us,"[0,",1,834.18,normal,0,valid,-14.3dB,-14.4dB,na,na,,,,
2025-07-30 13:41:14.211479,PHY,0x4601,1,0,na,"[0,",0,0,1,1454.0,+17.4dB,14.0us,"[0,",1,834.19,normal,0,valid,-14.4dB,-14.4dB,na,na,,,,
2025-07-30 13:41:14.215977,PHY,0x4601,1,0,na,"[0,",0,0,1,1038.1,+15.9dB,19.7us,"[0,",1,835.8,normal,0,valid,-14.4dB,-14.5dB,na,na,,,,
2025-07-30 13:41:14.216452,PHY,0x4601,1,0,na,"[0,",0,0,1,1107.9,+16.2dB,15.3us,"[0,",1,835.9,normal,0,valid,-14.4dB,-14.5dB,na,na,,,,
2025-07-30 13:41:14.220128,PHY,0x4601,2,,na,"[0,",,,11111,,+33.1dB,14.8us,"[0,",1,835.17,normal,0,valid,-11.5dB,-11.5dB,0.24us,-16.0Hz,,"[6,",,1
2025-07-30 13:41:14.221038,PHY,0x4601,1,0,na,"[0,",0,0,1,1446.1,+17.3dB,14.9us,"[0,",1,835.18,normal,0,valid,-14.3dB,-14.4dB,na,na,,,,
2025-07-30 13:41:14.221512,PHY,0x4601,1,0,na,"[0,",0,0,1,1383.9,+17.1dB,13.9us,"[0,",1,835.19,normal,0,valid,-14.3dB,-14.4dB,na,na,,,,
2025-07-30 13:41:14.225610,CSI,0x4601,2,,na,"[0,",,,1,,+31.0dB,14.3us,"[0,",1,836.8,normal,0,valid,-11.3dB,-11.4dB,0.21us,-36.5Hz,,"[6,",1111,1
2025-07-30 13:41:14.226475,PHY,0x4601,1,0,na,"[0,",0,0,1,1377.2,+17.1dB,16.1us,"[0,",1,836.9,normal,0,valid,-14.4dB,-14.4dB,na,na,,,,
2025-07-30 13:41:14.230026,PHY,0x4601,2,,na,"[0,",,,11111,,+30.8dB,19.4us,"[0,",1,836.17,normal,0,valid,-11.4dB,-11.5dB,0.22us,+31.2Hz,,"[6,",,1
2025-07-30 13:41:14.230969,PHY,0x4601,1,0,na,"[0,",0,0,1,1092.7,+16.1dB,19.1us,"[0,",1,836.18,normal,0,valid,-14.3dB,-14.4dB,na,na,,,,
2025-07-30 13:41:14.231443,PHY,0x4601,1,0,na,"[0,",0,0,1,1114.5,+16.2dB,13.8us,"[0,",1,836.19,normal,0,valid,-14.3dB,-14.4dB,na,na,,,,
2025-07-30 13:41:14.236035,PHY,0x4601,1,0,na,"[0,",0,0,1,1055.8,+15.9dB,16.4us,"[0,",1,837.8,normal,0,valid,-14.4dB,-14.5dB,na,na,,,,
2025-07-30 13:41:14.236516,PHY,0x4601,1,0,na,"[0,",0,0,1,1048.5,+16.0dB,14.3us,"[0,",1,837.9,normal,0,valid,-14.4dB,-14.5dB,na,na,,,,
2025-07-30 13:41:14.240087,PHY,0x4601,2,,na,"[0,",,,11111,,+30.0dB,25.0us,"[0,",1,837.17,normal,0,valid,-11.5dB,-11.5dB,0.21us,+103.8Hz,,"[6,",,1
2025-07-30 13:41:14.240997,PHY,0x4601,1,0,na,"[0,",0,0,1,1072.3,+16.1dB,15.3us,"[0,",1,837.18,normal,0,valid,-14.3dB,-14.4dB,na,na,,,,
2025-07-30 13:41:14.241477,PHY,0x4601,1,0,na,"[0,",0,0,1,1079.2,+16.1dB,13.7us,"[0,",1,837.19,normal,0,valid,-14.4dB,-14.4dB,na,na,,,,
2025-07-30 13:41:14.245598,CSI,0x4601,2,,na,"[0,",,,1,,+37.3dB,15.3us,"[0,",1,838.8,normal,0,valid,-11.5dB,-11.5dB,0.21us,-92.0Hz,,"[6,",1111,1
2025-07-30 13:41:14.246538,PHY,0x4601,1,0,na,"[0,",0,0,1,1336.6,+17.0dB,15.0us,"[0,",1,838.9,normal,0,valid,-14.3dB,-14.4dB,na,na,,,,
2025-07-30 13:41:14.250091,PHY,0x4601,2,,na,"[0,",,,11111,,+30.7dB,14.1us,"[0,",1,838.17,normal,0,valid,-11.5dB,-11.5dB,0.23us,+50.2Hz,,"[6,",,1
2025-07-30 13:41:14.251025,PHY,0x4601,1,0,na,"[0,",0,0,1,1110.0,+16.2dB,15.7us,"[0,",1,838.18,normal,0,valid,-14.3dB,-14.4dB,na,na,,,,
2025-07-30 13:41:14.251501,PHY,0x4601,1,0,na,"[0,",0,0,1,1080.9,+16.1dB,14.2us,"[0,",1,838.19,normal,0,valid,-14.3dB,-14.4dB,na,na,,,,
2025-07-30 13:41:14.255988,PHY,0x4601,1,0,na,"[0,",0,0,1,1020.4,+15.8dB,15.6us,"[0,",1,839.8,normal,0,valid,-14.4dB,-14.5dB,na,na,,,,
2025-07-30 13:41:14.256462,PHY,0x4601,1,0,na,"[0,",0,0,1,1008.3,+15.8dB,14.7us,"[0,",1,839.9,normal,0,valid,-14.4dB,-14.5dB,na,na,,,,
2025-07-30 13:41:14.260120,PHY,0x4601,2,,na,"[0,",,,11111,,+29.9dB,15.3us,"[0,",1,839.17,normal,0,valid,-11.4dB,-11.5dB,0.23us,+172.6Hz,,"[6,",,1
2025-07-30 13:41:14.260947,PHY,0x4601,1,0,na,"[0,",0,0,1,1051.4,+16.0dB,15.0us,"[0,",1,839.18,normal,0,valid,-14.3dB,-14.4dB,na,na,,,,
2025-07-30 13:41:14.261529,PHY,0x4601,1,0,na,"[0,",0,0,1,1059.1,+16.0dB,13.9us,"[0,",1,839.19,normal,0,valid,-14.3dB,-14.4dB,na,na,,,,
2025-07-30 13:41:14.265556,CSI,0x4601,2,,na,"[0,",,,1,,+30.6dB,15.0us,"[0,",1,840.8,normal,0,valid,-11.4dB,-11.4dB,0.24us,-36.6Hz,,"[6,",1111,1
2025-07-30 13:41:14.266500,PHY,0x4601,1,0,na,"[0,",0,0,1,1091.5,+16.1dB,17.1us,"[0,",1,840.9,normal,0,valid,-14.4dB,-14.5dB,na,na,,,,
2025-07-30 13:41:14.270035,PHY,0x4601,2,,na,"[0,",,,11111,,+29.4dB,13.3us,"[0,",1,840.17,normal,0,valid,-11.4dB,-11.4dB,0.22us,-23.3Hz,,"[6,",,1
2025-07-30 13:41:14.270979,PHY,0x4601,1,0,na,"[0,",0,0,1,1357.0,+17.1dB,21.0us,"[0,",1,840.18,normal,0,valid,-14.3dB,-14.4dB,na,na,,,,
2025-07-30 13:41:14.271454,PHY,0x4601,1,0,na,"[0,",0,0,1,1348.4,+17.0dB,14.2us,"[0,",1,840.19,normal,0,valid,-14.3dB,-14.4dB,na,na,,,,
2025-07-30 13:41:14.275960,PHY,0x4601,1,0,na,"[0,",0,0,1,1010.8,+15.8dB,16.4us,"[0,",1,841.8,normal,0,valid,-14.4dB,-14.5dB,na,na,,,,
2025-07-30 13:41:14.276534,PHY,0x4601,1,0,na,"[0,",0,0,1,1025.1,+15.8dB,14.7us,"[0,",1,841.9,normal,0,valid,-14.4dB,-14.5dB,na,na,,,,
2025-07-30 13:41:14.280094,PHY,0x4601,2,,na,"[0,",,,11111,,+34.2dB,14.9us,"[0,",1,841.17,normal,0,valid,-11.5dB,-11.6dB,0.23us,-43.4Hz,,"[6,",,1
2025-07-30 13:41:14.281024,PHY,0x4601,1,0,na,"[0,",0,0,1,1418.1,+17.3dB,21.6us,"[0,",1,841.18,normal,0,valid,-14.4dB,-14.5dB,na,na,,,,
2025-07-30 13:41:14.281488,PHY,0x4601,1,0,na,"[0,",0,0,1,1370.9,+17.1dB,13.9us,"[0,",1,841.19,normal,0,valid,-14.3dB,-14.4dB,na,na,,,,
2025-07-30 13:41:14.285628,CSI,0x4601,2,,na,"[0,",,,1,,+33.1dB,12.0us,"[0,",1,842.8,normal,0,valid,-11.5dB,-11.5dB,0.24us,+18.3Hz,,"[6,",1111,1
2025-07-30 13:41:14.286449,PHY,0x4601,1,0,na,"[0,",0,0,1,1100.0,+16.2dB,16.7us,"[0,",1,842.9,normal,0,valid,-14.3dB,-14.4dB,na,na,,,,
2025-07-30 13:41:14.290142,PHY,0x4601,2,,na,"[0,",,,11111,,+31.3dB,14.2us,"[0,",1,842.17,normal,0,valid,-11.4dB,-11.5dB,0.22us,+23.0Hz,,"[6,",,1
2025-07-30 13:41:14.290944,PHY,0x4601,1,0,na,"[0,",0,0,1,1022.8,+15.8dB,16.7us,"[0,",1,842.18,normal,0,valid,-14.3dB,-14.4dB,na,na,,,,
2025-07-30 13:41:14.291518,PHY,0x4601,1,0,na,"[0,",0,0,1,1047.3,+15.9dB,15.2us,"[0,",1,842.19,normal,0,valid,-14.3dB,-14.4dB,na,na,,,,
2025-07-30 13:41:14.296024,PHY,0x4601,1,0,na,"[0,",0,0,1,1044.2,+15.9dB,15.8us,"[0,",1,843.8,normal,0,valid,-14.4dB,-14.5dB,na,na,,,,
2025-07-30 13:41:14.296486,PHY,0x4601,1,0,na,"[0,",0,0,1,1046.2,+15.9dB,24.9us,"[0,",1,843.9,normal,0,valid,-14.4dB,-14.5dB,na,na,,,,
2025-07-30 13:41:14.300030,PHY,0x4601,2,,na,"[0,",,,11111,,+34.5dB,13.7us,"[0,",1,843.17,normal,0,valid,-11.4dB,-11.4dB,0.21us,-77.2Hz,,"[6,",,1
2025-07-30 13:41:14.300971,PHY,0x4601,1,0,na,"[0,",0,0,1,1053.2,+16.0dB,16.0us,"[0,",1,843.18,normal,0,valid,-14.4dB,-14.5dB,na,na,,,,
2025-07-30 13:41:14.301448,PHY,0x4601,1,0,na,"[0,",0,0,1,1052.2,+16.0dB,14.4us,"[0,",1,843.19,normal,0,valid,-14.3dB,-14.4dB,na,na,,,,
2025-07-30 13:41:14.305572,CSI,0x4601,2,,na,"[0,",,,1,,+33.3dB,13.9us,"[0,",1,844.8,normal,0,valid,-11.4dB,-11.5dB,0.23us,+1.5Hz,,"[6,",1111,1
2025-07-30 13:41:14.306514,PHY,0x4601,1,0,na,"[0,",0,0,1,1076.2,+16.1dB,15.8us,"[0,",1,844.9,normal,0,valid,-14.3dB,-14.4dB,na,na,,,,
2025-07-30 13:41:14.310062,PHY,0x4601,2,,na,"[0,",,,11111,,+28.1dB,15.8us,"[0,",1,844.17,normal,0,valid,-11.4dB,-11.5dB,0.24us,+3.0Hz,,"[6,",,1
2025-07-30 13:41:14.311003,PHY,0x4601,1,0,na,"[0,",0,0,1,1344.9,+17.0dB,16.0us,"[0,",1,844.18,normal,0,valid,-14.4dB,-14.4dB,na,na,,,,
2025-07-30 13:41:14.311475,PHY,0x4601,1,0,na,"[0,",0,0,1,1379.3,+17.1dB,15.0us,"[0,",1,844.19,normal,0,valid,-14.3dB,-14.4dB,na,na,,,,
2025-07-30 13:41:14.315976,PHY,0x4601,1,0,na,"[0,",0,0,1,1038.6,+15.9dB,19.9us,"[0,",1,845.8,normal,0,valid,-14.4dB,-14.5dB,na,na,,,,
2025-07-30 13:41:14.316446,PHY,0x4601,1,0,na,"[0,",0,0,1,1033.2,+15.9dB,14.1us,"[0,",1,845.9,normal,0,valid,-14.4dB,-14.5dB,na,na,,,,
2025-07-30 13:41:14.320091,PHY,0x4601,2,,na,"[0,",,,11111,,+32.1dB,24.4us,"[0,",1,845.17,normal,0,valid,-11.5dB,-11.5dB,0.22us,-36.5Hz,,"[6,",,1
2025-07-30 13:41:14.321034,PHY,0x4601,1,0,na,"[0,",0,0,1,1401.3,+17.2dB,17.9us,"[0,",1,845.18,normal,0,valid,-14.3dB,-14.4dB,na,na,,,,
2025-07-30 13:41:14.321507,PHY,0x4601,1,0,na,"[0,",0,0,1,1391.5,+17.2dB,14.3us,"[0,",1,845.19,normal,0,valid,-14.3dB,-14.4dB,na,na,,,,
2025-07-30 13:41:14.325598,CSI,0x4601,2,,na,"[0,",,,1,,+31.6dB,11.4us,"[0,",1,846.8,normal,0,valid,-11.3dB,-11.4dB,0.23us,-54.1Hz,,"[6,",1111,1
2025-07-30 13:41:14.326478,PHY,0x4601,1,0,na,"[0,",0,0,1,1341.0,+17.0dB,15.9us,"[0,",1,846.9,normal,0,valid,-14.4dB,-14.4dB,na,na,,,,
2025-07-30 13:41:14.330016,PHY,0x4601,2,,na,"[0,",,,11111,,+33.7dB,20.3us,"[0,",1,846.17,normal,0,valid,-11.5dB,-11.5dB,0.23us,-2.3Hz,,"[6,",,1
2025-07-30 13:41:14.330959,PHY,0x4601,1,0,na,"[0,",0,0,1,1449.9,+17.3dB,17.4us,"[0,",1,846.18,normal,0,valid,-14.3dB,-14.5dB,na,na,,,,
2025-07-30 13:41:14.331543,PHY,0x4601,1,0,na,"[0,",0,0,1,1460.8,+17.4dB,15.3us,"[0,",1,846.19,normal,0,valid,-14.4dB,-14.4dB,na,na,,,,
2025-07-30 13:41:14.336033,PHY,0x4601,1,0,na,"[0,",0,0,1,1084.7,+16.1dB,16.0us,"[0,",1,847.8,normal,0,valid,-14.4dB,-14.5dB,na,na,,,,
2025-07-30 13:41:14.336518,PHY,0x4601,1,0,na,"[0,",0,0,1,1060.2,+16.0dB,16.1us,"[0,",1,847.9,normal,0,valid,-14.4dB,-14.5dB,na,na,,,,
2025-07-30 13:41:14.340048,PHY,0x4601,2,,na,"[0,",,,11111,,+30.9dB,16.2us,"[0,",1,847.17,normal,0,valid,-11.3dB,-11.4dB,0.21us,-19.5Hz,,"[6,",,1
2025-07-30 13:41:14.340989,PHY,0x4601,1,0,na,"[0,",0,0,1,1093.5,+16.1dB,17.3us,"[0,",1,847.18,normal,0,valid,-14.3dB,-14.5dB,na,na,,,,
2025-07-30 13:41:14.341468,PHY,0x4601,1,0,na,"[0,",0,0,1,1046.1,+16.0dB,15.9us,"[0,",1,847.19,normal,0,valid,-14.3dB,-14.4dB,na,na,,,,
2025-07-30 13:41:14.345589,CSI,0x4601,2,,na,"[0,",,,1,,+31.4dB,15.4us,"[0,",1,848.8,normal,0,valid,-11.4dB,-11.4dB,0.22us,+35.1Hz,,"[6,",1111,1
2025-07-30 13:41:14.346539,PHY,0x4601,1,0,na,"[0,",0,0,1,1062.3,+16.0dB,22.5us,"[0,",1,848.9,normal,0,valid,-14.3dB,-14.4dB,na,na,,,,
2025-07-30 13:41:14.350103,PHY,0x4601,2,,na,"[0,",,,11111,,+29.6dB,15.9us,"[0,",1,848.17,normal,0,valid,-11.5dB,-11.5dB,0.23us,+40.5Hz,,"[6,",,1
2025-07-30 13:41:14.351021,PHY,0x4601,1,0,na,"[0,",0,0,1,1024.9,+15.8dB,19.0us,"[0,",1,848.18,normal,0,valid,-14.4dB,-14.5dB,na,na,,,,
2025-07-30 13:41:14.351492,PHY,0x4601,1,0,na,"[0,",0,0,1,1084.7,+16.1dB,14.7us,"[0,",1,848.19,normal,0,valid,-14.3dB,-14.5dB,na,na,,,,
2025-07-30 13:41:14.356006,PHY,0x4601,1,0,na,"[0,",0,0,1,1123.9,+16.3dB,20.0us,"[0,",1,849.8,normal,0,valid,-14.4dB,-14.5dB,na,na,,,,
2025-07-30 13:41:14.356457,PHY,0x4601,1,0,na,"[0,",0,0,1,1044.5,+16.0dB,14.9us,"[0,",1,849.9,normal,0,valid,-14.4dB,-14.5dB,na,na,,,,
2025-07-30 13:41:14.360113,PHY,0x4601,2,,na,"[0,",,,11111,,+32.1dB,17.4us,"[0,",1,849.17,normal,0,valid,-11.5dB,-11.5dB,0.22us,+56.2Hz,,"[6,",,1
2025-07-30 13:41:14.360944,PHY,0x4601,1,0,na,"[0,",0,0,1,1036.6,+15.9dB,15.3us,"[0,",1,849.18,normal,0,valid,-14.3dB,-14.4dB,na,na,,,,
2025-07-30 13:41:14.361525,PHY,0x4601,1,0,na,"[0,",0,0,1,1089.0,+16.1dB,15.3us,"[0,",1,849.19,normal,0,valid,-14.4dB,-14.4dB,na,na,,,,
2025-07-30 13:41:14.365635,CSI,0x4601,2,,na,"[0,",,,1,,+33.4dB,13.2us,"[0,",1,850.8,normal,0,valid,-11.5dB,-11.5dB,0.22us,-91.5Hz,,"[6,",1111,1
2025-07-30 13:41:14.366488,PHY,0x4601,1,0,na,"[0,",0,0,1,1118.0,+16.2dB,16.5us,"[0,",1,850.9,normal,0,valid,-14.3dB,-14.5dB,na,na,,,,
2025-07-30 13:41:14.370031,PHY,0x4601,2,,na,"[0,",,,11111,,+30.6dB,13.6us,"[0,",1,850.17,normal,0,valid,-11.4dB,-11.4dB,0.22us,+71.2Hz,,"[6,",,1
2025-07-30 13:41:14.370979,PHY,0x4601,1,0,na,"[0,",0,0,1,1054.9,+16.0dB,15.7us,"[0,",1,850.18,normal,0,valid,-14.3dB,-14.4dB,na,na,,,,
2025-07-30 13:41:14.371449,PHY,0x4601,1,0,na,"[0,",0,0,1,1028.8,+15.9dB,14.5us,"[0,",1,850.19,normal,0,valid,-14.3dB,-14.4dB,na,na,,,,
2025-07-30 13:41:14.375965,PHY,0x4601,1,0,na,"[0,",0,0,1,1039.4,+15.9dB,19.9us,"[0,",1,851.8,normal,0,valid,-14.4dB,-14.5dB,na,na,,,,
2025-07-30 13:41:14.376535,PHY,0x4601,1,0,na,"[0,",0,0,1,1071.4,+16.0dB,14.2us,"[0,",1,851.9,normal,0,valid,-14.4dB,-14.5dB,na,na,,,,
2025-07-30 13:41:14.380091,PHY,0x4601,2,,na,"[0,",,,11111,,+32.0dB,13.7us,"[0,",1,851.17,normal,0,valid,-11.5dB,-11.6dB,0.23us,+43.5Hz,,"[6,",,1
2025-07-30 13:41:14.381010,PHY,0x4601,1,0,na,"[0,",0,0,1,1070.5,+16.0dB,17.0us,"[0,",1,851.18,normal,0,valid,-14.3dB,-14.5dB,na,na,,,,
2025-07-30 13:41:14.381470,PHY,0x4601,1,0,na,"[0,",0,0,1,1067.4,+16.0dB,13.1us,"[0,",1,851.19,normal,0,valid,-14.3dB,-14.4dB,na,na,,,,
2025-07-30 13:41:14.385605,CSI,0x4601,2,,na,"[0,",,,1,,+29.8dB,14.3us,"[0,",1,852.8,normal,0,valid,-11.4dB,-11.4dB,0.22us,-14.4Hz,,"[6,",1111,1
2025-07-30 13:41:14.386443,PHY,0x4601,1,0,na,"[0,",0,0,1,1016.2,+15.8dB,15.5us,"[0,",1,852.9,normal,0,valid,-14.4dB,-14.5dB,na,na,,,,
2025-07-30 13:41:14.390107,PHY,0x4601,2,,na,"[0,",,,11111,,+28.1dB,16.3us,"[0,",1,852.17,normal,0,valid,-11.5dB,-11.5dB,0.22us,-34.1Hz,,"[6,",,1
2025-07-30 13:41:14.391039,PHY,0x4601,1,0,na,"[0,",0,0,1,1057.3,+16.0dB,15.0us,"[0,",1,852.18,normal,0,valid,-14.4dB,-14.4dB,na,na,,,,
2025-07-30 13:41:14.391508,PHY,0x4601,1,0,na,"[0,",0,0,1,1030.9,+15.9dB,13.1us,"[0,",1,852.19,normal,0,valid,-14.4dB,-14.5dB,na,na,,,,
2025-07-30 13:41:14.396006,PHY,0x4601,1,0,na,"[0,",0,0,1,1109.6,+16.2dB,16.5us,"[0,",1,853.8,normal,0,valid,-14.4dB,-14.5dB,na,na,,,,
2025-07-30 13:41:14.396488,PHY,0x4601,1,0,na,"[0,",0,0,1,1010.5,+15.8dB,24.5us,"[0,",1,853.9,normal,0,valid,-14.4dB,-14.5dB,na,na,,,,
2025-07-30 13:41:14.400016,PHY,0x4601,2,,na,"[0,",,,11111,,+32.3dB,13.9us,"[0,",1,853.17,normal,0,valid,-11.6dB,-11.6dB,0.21us,+64.5Hz,,"[6,",,1
2025-07-30 13:41:14.400963,PHY,0x4601,1,0,na,"[0,",0,0,1,1085.4,+16.1dB,15.8us,"[0,",1,853.18,normal,0,valid,-14.4dB,-14.5dB,na,na,,,,
2025-07-30 13:41:14.401441,PHY,0x4601,1,0,na,"[0,",0,0,1,1029.6,+15.9dB,14.7us,"[0,",1,853.19,normal,0,valid,-14.3dB,-14.4dB,na,na,,,,
2025-07-30 13:41:14.405562,CSI,0x4601,2,,na,"[0,",,,1,,+31.6dB,14.1us,"[0,",1,854.8,normal,0,valid,-11.3dB,-11.3dB,0.24us,-147.5Hz,,"[6,",1111,1
2025-07-30 13:41:14.406506,PHY,0x4601,1,0,na,"[0,",0,0,1,1433.5,+17.3dB,15.3us,"[0,",1,854.9,normal,0,valid,-14.3dB,-14.4dB,na,na,,,,
2025-07-30 13:41:14.410050,PHY,0x4601,2,,na,"[0,",,,11111,,+28.7dB,14.1us,"[0,",1,854.17,normal,0,valid,-11.4dB,-11.5dB,0.23us,-43.6Hz,,"[6,",,1
2025-07-30 13:41:14.410995,PHY,0x4601,1,0,na,"[0,",0,0,1,1312.4,+16.9dB,16.6us,"[0,",1,854.18,normal,0,valid,-14.4dB,-14.4dB,na,na,,,,
2025-07-30 13:41:14.411470,PHY,0x4601,1,0,na,"[0,",0,0,1,1339.1,+17.0dB,14.1us,"[0,",1,854.19,normal,0,valid,-14.4dB,-14.4dB,na,na,,,,
2025-07-30 13:41:14.415963,PHY,0x4601,1,0,na,"[0,",0,0,1,1084.7,+16.1dB,16.2us,"[0,",1,855.8,normal,0,valid,-14.4dB,-14.5dB,na,na,,,,
2025-07-30 13:41:14.416548,PHY,0x4601,1,0,na,"[0,",0,0,1,1070.9,+16.0dB,14.1us,"[0,",1,855.9,normal,0,valid,-14.4dB,-14.5dB,na,na,,,,
2025-07-30 13:41:14.420089,PHY,0x4601,2,,na,"[0,",,,11111,,+28.7dB,16.3us,"[0,",1,855.17,normal,0,valid,-11.4dB,-11.4dB,0.23us,+72.0Hz,,"[6,",,1
2025-07-30 13:41:14.421026,PHY,0x4601,1,0,na,"[0,",0,0,1,1028.4,+15.8dB,17.9us,"[0,",1,855.18,normal,0,valid,-14.4dB,-14.5dB,na,na,,,,
2025-07-30 13:41:14.421497,PHY,0x4601,1,0,na,"[0,",0,0,1,1056.0,+16.0dB,14.0us,"[0,",1,855.19,normal,0,valid,-14.3dB,-14.4dB,na,na,,,,
2025-07-30 13:41:14.425595,CSI,0x4601,2,,na,"[0,",,,1,,+30.0dB,11.6us,"[0,",1,856.8,normal,0,valid,-11.4dB,-11.4dB,0.22us,-37.6Hz,,"[6,",1111,1
2025-07-30 13:41:14.426467,PHY,0x4601,1,0,na,"[0,",0,0,1,1421.7,+17.3dB,18.9us,"[0,",1,856.9,normal,0,valid,-14.3dB,-14.4dB,na,na,,,,
2025-07-30 13:41:14.430119,PHY,0x4601,2,,na,"[0,",,,11111,,+33.4dB,14.2us,"[0,",1,856.17,normal,0,valid,-11.6dB,-11.7dB,0.24us,+45.6Hz,,"[6,",,1
2025-07-30 13:41:14.430947,PHY,0x4601,1,0,na,"[0,",0,0,1,1433.5,+17.3dB,15.9us,"[0,",1,856.18,normal,0,valid,-14.3dB,-14.4dB,na,na,,,,
2025-07-30 13:41:14.431533,PHY,0x4601,1,0,na,"[0,",0,0,1,1402.9,+17.2dB,14.9us,"[0,",1,856.19,normal,0,valid,-14.3dB,-14.4dB,na,na,,,,
2025-07-30 13:41:14.436037,PHY,0x4601,1,0,na,"[0,",0,0,1,1100.1,+16.2dB,16.6us,"[0,",1,857.8,normal,0,valid,-14.4dB,-14.5dB,na,na,,,,
2025-07-30 13:41:14.436504,PHY,0x4601,1,0,na,"[0,",0,0,1,1073.1,+16.1dB,15.8us,"[0,",1,857.9,normal,0,valid,-14.4dB,-14.5dB,na,na,,,,
2025-07-30 13:41:14.440039,PHY,0x4601,2,,na,"[0,",,,11111,,+31.2dB,15.1us,"[0,",1,857.17,normal,0,valid,-11.5dB,-11.5dB,0.21us,+2.7Hz,,"[6,",,1
2025-07-30 13:41:14.440974,PHY,0x4601,1,0,na,"[0,",0,0,1,1005.7,+15.8dB,17.1us,"[0,",1,857.18,normal,0,valid,-14.3dB,-14.4dB,na,na,,,,
2025-07-30 13:41:14.441456,PHY,0x4601,1,0,na,"[0,",0,0,1,1073.1,+16.1dB,14.4us,"[0,",1,857.19,normal,0,valid,-14.3dB,-14.4dB,na,na,,,,
2025-07-30 13:41:14.445596,CSI,0x4601,2,,na,"[0,",,,1,,+30.8dB,13.6us,"[0,",1,858.8,normal,0,valid,-11.4dB,-11.5dB,0.24us,-88.1Hz,,"[6,",1111,1
2025-07-30 13:41:14.446539,PHY,0x4601,1,0,na,"[0,",0,0,1,1028.4,+15.9dB,21.9us,"[0,",1,858.9,normal,0,valid,-14.3dB,-14.5dB,na,na,,,,
2025-07-30 13:41:14.450078,PHY,0x4601,2,,na,"[0,",,,11111,,+32.0dB,14.1us,"[0,",1,858.17,normal,0,valid,-11.6dB,-11.6dB,0.24us,+45.7Hz,,"[6,",,1
2025-07-30 13:41:14.451012,PHY,0x4601,1,0,na,"[0,",0,0,1,1009.1,+15.8dB,16.1us,"[0,",1,858.18,normal,0,valid,-14.3dB,-14.5dB,na,na,,,,
2025-07-30 13:41:14.451496,PHY,0x4601,1,0,na,"[0,",0,0,1,1109.1,+16.2dB,15.6us,"[0,",1,858.19,normal,0,valid,-14.3dB,-14.4dB,na,na,,,,
2025-07-30 13:41:14.455990,PHY,0x4601,1,0,na,"[0,",0,0,1,1031.4,+15.9dB,19.5us,"[0,",1,859.8,normal,0,valid,-14.4dB,-14.5dB,na,na,,,,
2025-07-30 13:41:14.456449,PHY,0x4601,1,0,na,"[0,",0,0,1,1061.1,+16.0dB,15.3us,"[0,",1,859.9,normal,0,valid,-14.4dB,-14.5dB,na,na,,,,
2025-07-30 13:41:14.460128,PHY,0x4601,2,,na,"[0,",,,11111,,+32.3dB,14.1us,"[0,",1,859.17,normal,0,valid,-11.5dB,-11.5dB,0.23us,-112.9Hz,,"[6,",,1
2025-07-30 13:41:14.460950,PHY,0x4601,1,0,na,"[0,",0,0,1,1375.0,+17.1dB,16.0us,"[0,",1,859.18,normal,0,valid,-14.3dB,-14.4dB,na,na,,,,
2025-07-30 13:41:14.461517,PHY,0x4601,1,0,na,"[0,",0,0,1,1437.0,+17.3dB,13.9us,"[0,",1,859.19,normal,0,valid,-14.4dB,-14.5dB,na,na,,,,
2025-07-30 13:41:14.465610,CSI,0x4601,2,,na,"[0,",,,1,,+29.9dB,11.9us,"[0,",1,860.8,normal,0,valid,-11.3dB,-11.4dB,0.24us,+20.5Hz,,"[6,",1111,1
2025-07-30 13:41:14.466481,PHY,0x4601,1,0,na,"[0,",0,0,1,1056.1,+16.0dB,15.3us,"[0,",1,860.9,normal,0,valid,-14.4dB,-14.4dB,na,na,,,,
2025-07-30 13:41:14.470023,PHY,0x4601,2,,na,"[0,",,,11111,,+30.6dB,14.2us,"[0,",1,860.17,normal,0,valid,-11.4dB,-11.5dB,0.23us,-22.6Hz,,"[6,",,1
2025-07-30 13:41:14.470974,PHY,0x4601,1,0,na,"[0,",0,0,1,1409.7,+17.2dB,15.7us,"[0,",1,860.18,normal,0,valid,-14.3dB,-14.4dB,na,na,,,,
2025-07-30 13:41:14.471451,PHY,0x4601,1,0,na,"[0,",0,0,1,1332.5,+17.0dB,20.6us,"[0,",1,860.19,normal,0,valid,-14.3dB,-14.4dB,na,na,,,,
2025-07-30 13:41:14.476042,PHY,0x4601,1,0,na,"[0,",0,0,1,1032.4,+15.9dB,17.2us,"[0,",1,861.8,normal,0,valid,-14.4dB,-14.5dB,na,na,,,,
2025-07-30 13:41:14.476523,PHY,0x4601,1,0,na,"[0,",0,0,1,1069.7,+16.0dB,14.7us,"[0,",1,861.9,normal,0,valid,-14.4dB,-14.5dB,na,na,,,,
2025-07-30 13:41:14.480058,PHY,0x4601,2,,na,"[0,",,,11111,,+32.2dB,15.8us,"[0,",1,861.17,normal,0,valid,-11.4dB,-11.4dB,0.21us,-118.9Hz,,"[6,",,1
2025-07-30 13:41:14.481000,PHY,0x4601,1,0,na,"[0,",0,0,1,1074.7,+16.0dB,16.0us,"[0,",1,861.18,normal,0,valid,-14.3dB,-14.5dB,na,na,,,,
2025-07-30 13:41:14.481479,PHY,0x4601,1,0,na,"[0,",0,0,1,1008.5,+15.8dB,13.6us,"[0,",1,861.19,normal,0,valid,-14.3dB,-14.4dB,na,na,,,,
2025-07-30 13:41:14.485600,CSI,0x4601,2,,na,"[0,",,,1,,+32.4dB,14.0us,"[0,",1,862.8,normal,0,valid,-11.3dB,-11.4dB,0.24us,-106.2Hz,,"[6,",1111,1
2025-07-30 13:41:14.486443,PHY,0x4601,1,0,na,"[0,",0,0,1,1379.7,+17.2dB,15.3us,"[0,",1,862.9,normal,0,valid,-14.3dB,-14.4dB,na,na,,,,
2025-07-30 13:41:14.490086,PHY,0x4601,2,,na,"[0,",,,11111,,+35.0dB,15.2us,"[0,",1,862.17,normal,0,valid,-11.4dB,-11.5dB,0.20us,-57.4Hz,,"[6,",,1
2025-07-30 13:41:14.491031,PHY,0x4601,1,0,na,"[0,",0,0,1,1334.7,+17.0dB,15.4us,"[0,",1,862.18,normal,0,valid,-14.3dB,-14.4dB,na,na,,,,
2025-07-30 13:41:14.491504,PHY,0x4601,1,0,na,"[0,",0,0,1,1406.9,+17.2dB,13.7us,"[0,",1,862.19,normal,0,valid,-14.3dB,-14.4dB,na,na,,,,
2025-07-30 13:41:14.495997,PHY,0x4601,1,0,na,"[0,",0,0,1,1062.1,+16.0dB,15.8us,"[0,",1,863.8,normal,0,valid,-14.4dB,-14.5dB,na,na,,,,
2025-07-30 13:41:14.496465,PHY,0x4601,1,0,na,"[0,",0,0,1,1123.6,+16.2dB,13.6us,"[0,",1,863.9,normal,0,valid,-14.4dB,-14.5dB,na,na,,,,
2025-07-30 13:41:14.500011,PHY,0x4601,2,,na,"[0,",,,11111,,+32.0dB,14.5us,"[0,",1,863.17,normal,0,valid,-11.6dB,-11.6dB,0.23us,-72.2Hz,,"[6,",,1
2025-07-30 13:41:14.500958,PHY,0x4601,1,0,na,"[0,",0,0,1,1436.5,+17.3dB,17.0us,"[0,",1,863.18,normal,0,valid,-14.4dB,-14.5dB,na,na,,,,
2025-07-30 13:41:14.501537,PHY,0x4601,1,0,na,"[0,",0,0,1,1427.4,+17.3dB,13.2us,"[0,",1,863.19,normal,0,valid,-14.4dB,-14.4dB,na,na,,,,
2025-07-30 13:41:14.505561,CSI,0x4601,2,,na,"[0,",,,1,,+29.7dB,12.7us,"[0,",1,864.8,normal,0,valid,-11.4dB,-11.5dB,0.23us,+36.1Hz,,"[6,",1111,1
2025-07-30 13:41:14.506500,PHY,0x4601,1,0,na,"[0,",0,0,1,1072.6,+16.1dB,15.4us,"[0,",1,864.9,normal,0,valid,-14.3dB,-14.4dB,na,na,,,,
2025-07-30 13:41:14.510047,PHY,0x4601,2,,na,"[0,",,,11111,,+32.1dB,13.1us,"[0,",1,864.17,normal,0,valid,-11.4dB,-11.5dB,0.23us,+2.2Hz,,"[6,",,1
2025-07-30 13:41:14.510985,PHY,0x4601,1,0,na,"[0,",0,0,1,1379.4,+17.1dB,15.1us,"[0,",1,864.18,normal,0,valid,-14.3dB,-14.4dB,na,na,,,,
2025-07-30 13:41:14.511461,PHY,0x4601,1,0,na,"[0,",0,0,1,1358.8,+17.1dB,13.6us,"[0,",1,864.19,normal,0,valid,-14.3dB,-14.4dB,na,na,,,,
2025-07-30 13:41:14.515955,PHY,0x4601,1,0,na,"[0,",0,0,1,1016.0,+15.8dB,16.0us,"[0,",1,865.8,normal,0,valid,-14.4dB,-14.5dB,na,na,,,,
2025-07-30 13:41:14.516553,PHY,0x4601,1,0,na,"[0,",0,0,1,1016.6,+15.8dB,13.9us,"[0,",1,865.9,normal,0,valid,-14.4dB,-14.5dB,na,na,,,,
2025-07-30 13:41:14.520097,PHY,0x4601,2,,na,"[0,",,,11111,,+32.3dB,16.4us,"[0,",1,865.17,normal,0,valid,-11.6dB,-11.6dB,0.22us,+33.8Hz,,"[6,",,1
2025-07-30 13:41:14.521024,PHY,0x4601,1,0,na,"[0,",0,0,1,1386.5,+17.2dB,16.1us,"[0,",1,865.18,normal,0,valid,-14.3dB,-14.4dB,na,na,,,,
2025-07-30 13:41:14.521493,PHY,0x4601,1,0,na,"[0,",0,0,1,1454.4,+17.4dB,14.3us,"[0,",1,865.19,normal,0,valid,-14.4dB,-14.5dB,na,na,,,,
2025-07-30 13:41:14.525581,CSI,0x4601,2,,na,"[0,",,,1,,+32.3dB,12.0us,"[0,",1,866.8,normal,0,valid,-11.5dB,-11.6dB,0.24us,+0.7Hz,,"[6,",1111,1
2025-07-30 13:41:14.526455,PHY,0x4601,1,0,na,"[0,",0,0,1,989.2,+15.7dB,15.6us,"[0,",1,866.9,normal,0,valid,-14.3dB,-14.4dB,na,na,,,,
2025-07-30 13:41:14.530143,PHY,0x4601,2,,na,"[0,",,,11111,,+29.9dB,15.8us,"[0,",1,866.17,normal,0,valid,-11.5dB,-11.5dB,0.22us,+10.7Hz,,"[6,",,1
2025-07-30 13:41:14.530955,PHY,0x4601,1,0,na,"[0,",0,0,1,1414.5,+17.2dB,23.2us,"[0,",1,866.18,normal,0,valid,-14.3dB,-14.4dB,na,na,,,,
2025-07-30 13:41:14.531523,PHY,0x4601,1,0,na,"[0,",0,0,1,1370.2,+17.1dB,14.3us,"[0,",1,866.19,normal,0,valid,-14.3dB,-14.4dB,na,na,,,,
2025-07-30 13:41:14.536021,PHY,0x4601,1,0,na,"[0,",0,0,1,1004.4,+15.7dB,16.3us,"[0,",1,867.8,normal,0,valid,-14.4dB,-14.5dB,na,na,,,,
2025-07-30 13:41:14.536518,PHY,0x4601,1,0,na,"[0,",0,0,1,1049.0,+15.9dB,14.6us,"[0,",1,867.9,normal,0,valid,-14.4dB,-14.5dB,na,na,,,,
2025-07-30 13:41:14.540039,PHY,0x4601,2,,na,"[0,",,,11111,,+31.9dB,21.6us,"[0,",1,867.17,normal,0,valid,-11.4dB,-11.5dB,0.21us,-88.3Hz,,"[6,",,1
2025-07-30 13:41:14.540973,PHY,0x4601,1,0,na,"[0,",0,0,1,1366.1,+17.1dB,15.0us,"[0,",1,867.18,normal,0,valid,-14.3dB,-14.5dB,na,na,,,,
2025-07-30 13:41:14.541448,PHY,0x4601,1,0,na,"[0,",0,0,1,1318.6,+16.9dB,14.2us,"[0,",1,867.19,normal,0,valid,-14.4dB,-14.5dB,na,na,,,,
2025-07-30 13:41:14.545582,CSI,0x4601,2,,na,"[0,",,,1,,+29.9dB,12.7us,"[0,",1,868.8,normal,0,valid,-11.4dB,-11.5dB,0.22us,-37.0Hz,,"[6,",1111,1
2025-07-30 13:41:14.546519,PHY,0x4601,1,0,na,"[0,",0,0,1,1030.2,+15.9dB,15.8us,"[0,",1,868.9,normal,0,valid,-14.4dB,-14.5dB,na,na,,,,
2025-07-30 13:41:14.550072,PHY,0x4601,2,,na,"[0,",,,11111,,+32.6dB,14.3us,"[0,",1,868.17,normal,0,valid,-11.3dB,-11.4dB,0.23us,+16.2Hz,,"[6,",,1
2025-07-30 13:41:14.551007,PHY,0x4601,1,0,na,"[0,",0,0,1,1068.5,+16.0dB,15.2us,"[0,",1,868.18,normal,0,valid,-14.3dB,-14.5dB,na,na,,,,
2025-07-30 13:41:14.551477,PHY,0x4601,1,0,na,"[0,",0,0,1,1055.4,+16.0dB,13.8us,"[0,",1,868.19,normal,0,valid,-14.4dB,-14.5dB,na,na,,,,
2025-07-30 13:41:14.555973,PHY,0x4601,1,0,na,"[0,",0,0,1,1099.0,+16.2dB,16.5us,"[0,",1,869.8,normal,0,valid,-14.4dB,-14.5dB,na,na,,,,
2025-07-30 13:41:14.556443,PHY,0x4601,1,0,na,"[0,",0,0,1,1021.8,+15.8dB,14.5us,"[0,",1,869.9,normal,0,valid,-14.4dB,-14.5dB,na,na,,,,
2025-07-30 13:41:14.560098,PHY,0x4601,2,,na,"[0,",,,11111,,+30.0dB,16.4us,"[0,",1,869.17,normal,0,valid,-11.5dB,-11.5dB,0.22us,-26.9Hz,,"[6,",,1
2025-07-30 13:41:14.561040,PHY,0x4601,1,0,na,"[0,",0,0,1,1019.1,+15.8dB,16.3us,"[0,",1,869.18,normal,0,valid,-14.3dB,-14.5dB,na,na,,,,
2025-07-30 13:41:14.561518,PHY,0x4601,1,0,na,"[0,",0,0,1,1050.8,+16.0dB,18.0us,"[0,",1,869.19,normal,0,valid,-14.3dB,-14.5dB,na,na,,,,
2025-07-30 13:41:14.565604,CSI,0x4601,2,,na,"[0,",,,1,,+29.6dB,14.0us,"[0,",1,870.8,normal,0,valid,-11.4dB,-11.4dB,0.23us,+41.0Hz,,"[6,",1111,1
2025-07-30 13:41:14.566480,PHY,0x4601,1,0,na,"[0,",0,0,1,1071.6,+16.1dB,19.6us,"[0,",1,870.9,normal,0,valid,-14.3dB,-14.4dB,na,na,,,,
2025-07-30 13:41:14.570020,PHY,0x4601,2,,na,"[0,",,,11111,,+32.6dB,15.7us,"[0,",1,870.17,normal,0,valid,-11.5dB,-11.5dB,0.22us,+44.4Hz,,"[6,",,1
2025-07-30 13:41:14.570965,PHY,0x4601,1,0,na,"[0,",0,0,1,1040.0,+15.9dB,17.6us,"[0,",1,870.18,normal,0,valid,-14.3dB,-14.4dB,na,na,,,,
2025-07-30 13:41:14.571445,PHY,0x4601,1,0,na,"[0,",0,0,1,991.1,+15.7dB,17.2us,"[0,",1,870.19,normal,0,valid,-14.3dB,-14.4dB,na,na,,,,
2025-07-30 13:41:14.576038,PHY,0x4601,1,0,na,"[0,",0,0,1,1042.2,+15.9dB,16.6us,"[0,",1,871.8,normal,0,valid,-14.4dB,-14.5dB,na,na,,,,
2025-07-30 13:41:14.576532,PHY,0x4601,1,0,na,"[0,",0,0,1,1047.2,+15.9dB,24.8us,"[0,",1,871.9,normal,0,valid,-14.4dB,-14.5dB,na,na,,,,
2025-07-30 13:41:14.580065,PHY,0x4601,2,,na,"[0,",,,11111,,+30.6dB,16.4us,"[0,",1,871.17,normal,0,valid,-11.5dB,-11.5dB,0.21us,-27.0Hz,,"[6,",,1
2025-07-30 13:41:14.581004,PHY,0x4601,1,0,na,"[0,",0,0,1,1345.6,+17.0dB,16.9us,"[0,",1,871.18,normal,0,valid,-14.3dB,-14.4dB,na,na,,,,
2025-07-30 13:41:14.581468,PHY,0x4601,1,0,na,"[0,",0,0,1,1379.1,+17.1dB,14.3us,"[0,",1,871.19,normal,0,valid,-14.3dB,-14.4dB,na,na,,,,
2025-07-30 13:41:14.585656,CSI,0x4601,2,,na,"[0,",,,1,,+28.9dB,12.7us,"[0,",1,872.8,normal,0,valid,-11.4dB,-11.4dB,0.22us,-8.3Hz,,"[6,",1111,1
2025-07-30 13:41:14.586540,PHY,0x4601,1,0,na,"[0,",0,0,1,1387.1,+17.1dB,15.5us,"[0,",1,872.9,normal,0,valid,-14.4dB,-14.5dB,na,na,,,,
2025-07-30 13:41:14.590082,PHY,0x4601,2,,na,"[0,",,,11111,,+28.7dB,15.6us,"[0,",1,872.17,normal,0,valid,-11.5dB,-11.6dB,0.24us,-78.1Hz,,"[6,",,1
2025-07-30 13:41:14.591030,PHY,0x4601,1,0,na,"[0,",0,0,1,1042.8,+15.9dB,21.7us,"[0,",1,872.18,normal,0,valid,-14.4dB,-14.5dB,na,na,,,,
2025-07-30 13:41:14.591503,PHY,0x4601,1,0,na,"[0,",0,0,1,990.9,+15.7dB,13.5us,"[0,",1,872.19,normal,0,valid,-14.4dB,-14.5dB,na,na,,,,
2025-07-30 13:41:14.595997,PHY,0x4601,1,0,na,"[0,",0,0,1,1103.6,+16.2dB,19.6us,"[0,",1,873.8,normal,0,valid,-14.4dB,-14.5dB,na,na,,,,
2025-07-30 13:41:14.596469,PHY,0x4601,1,0,na,"[0,",0,0,1,1072.0,+16.1dB,14.6us,"[0,",1,873.9,normal,0,valid,-14.4dB,-14.5dB,na,na,,,,
2025-07-30 13:41:14.600131,PHY,0x4601,2,,na,"[0,",,,11111,,+33.5dB,24.0us,"[0,",1,873.17,normal,0,valid,-11.4dB,-11.4dB,0.23us,-1.5Hz,,"[6,",,1
2025-07-30 13:41:14.600951,PHY,0x4601,1,0,na,"[0,",0,0,1,1374.2,+17.1dB,16.7us,"[0,",1,873.18,normal,0,valid,-14.4dB,-14.4dB,na,na,,,,
2025-07-30 13:41:14.601532,PHY,0x4601,1,0,na,"[0,",0,0,1,1377.2,+17.1dB,13.9us,"[0,",1,873.19,normal,0,valid,-14.4dB,-14.5dB,na,na,,,,
2025-07-30 13:41:14.605555,CSI,0x4601,2,,na,"[0,",,,1,,+30.1dB,15.7us,"[0,",1,874.8,normal,0,valid,-11.4dB,-11.5dB,0.23us,-73.2Hz,,"[6,",1111,1
2025-07-30 13:41:14.606497,PHY,0x4601,1,0,na,"[0,",0,0,1,1391.4,+17.2dB,15.7us,"[0,",1,874.9,normal,0,valid,-14.4dB,-14.5dB,na,na,,,,
2025-07-30 13:41:14.610037,PHY,0x4601,2,,na,"[0,",,,11111,,+30.6dB,13.7us,"[0,",1,874.17,normal,0,valid,-11.4dB,-11.5dB,0.21us,+100.3Hz,,"[6,",,1
2025-07-30 13:41:14.610990,PHY,0x4601,1,0,na,"[0,",0,0,1,1456.6,+17.4dB,17.1us,"[0,",1,874.18,normal,0,valid,-14.3dB,-14.4dB,na,na,,,,
2025-07-30 13:41:14.611460,PHY,0x4601,1,0,na,"[0,",0,0,1,1371.4,+17.1dB,13.9us,"[0,",1,874.19,normal,0,valid,-14.4dB,-14.4dB,na,na,,,,
2025-07-30 13:41:14.615964,PHY,0x4601,1,0,na,"[0,",0,0,1,1113.4,+16.2dB,16.3us,"[0,",1,875.8,normal,0,valid,-14.4dB,-14.5dB,na,na,,,,
2025-07-30 13:41:14.616532,PHY,0x4601,1,0,na,"[0,",0,0,1,1030.5,+15.9dB,14.0us,"[0,",1,875.9,normal,0,valid,-14.4dB,-14.5dB,na,na,,,,
2025-07-30 13:41:14.620086,PHY,0x4601,2,,na,"[0,",,,11111,,+29.7dB,15.1us,"[0,",1,875.17,normal,0,valid,-11.5dB,-11.6dB,0.23us,-82.1Hz,,"[6,",,1
2025-07-30 13:41:14.621020,PHY,0x4601,1,0,na,"[0,",0,0,1,1053.5,+16.0dB,16.0us,"[0,",1,875.18,normal,0,valid,-14.3dB,-14.4dB,na,na,,,,
2025-07-30 13:41:14.621489,PHY,0x4601,1,0,na,"[0,",0,0,1,1048.0,+15.9dB,17.9us,"[0,",1,875.19,normal,0,valid,-14.3dB,-14.4dB,na,na,,,,
2025-07-30 13:41:14.625624,CSI,0x4601,2,,na,"[0,",,,1,,+31.0dB,12.9us,"[0,",1,876.8,normal,0,valid,-11.4dB,-11.5dB,0.24us,-68.0Hz,,"[6,",1111,1
2025-07-30 13:41:14.626449,PHY,0x4601,1,0,na,"[0,",0,0,1,1424.9,+17.2dB,15.5us,"[0,",1,876.9,normal,0,valid,-14.4dB,-14.5dB,na,na,,,,
2025-07-30 13:41:14.630096,PHY,0x4601,2,,na,"[0,",,,11111,,+31.7dB,15.2us,"[0,",1,876.17,normal,0,valid,-11.5dB,-11.5dB,0.25us,-39.6Hz,,"[6,",,1
2025-07-30 13:41:14.630940,PHY,0x4601,1,0,na,"[0,",0,0,1,1383.9,+17.2dB,16.4us,"[0,",1,876.18,normal,0,valid,-14.3dB,-14.4dB,na,na,,,,
2025-07-30 13:41:14.631523,PHY,0x4601,1,0,na,"[0,",0,0,1,1434.1,+17.3dB,18.1us,"[0,",1,876.19,normal,0,valid,-14.3dB,-14.4dB,na,na,,,,
2025-07-30 13:41:14.636023,PHY,0x4601,1,0,na,"[0,",0,0,1,1043.4,+15.9dB,23.2us,"[0,",1,877.8,normal,0,valid,-14.4dB,-14.5dB,na,na,,,,
2025-07-30 13:41:14.636492,PHY,0x4601,1,0,na,"[0,",0,0,1,1012.5,+15.8dB,27.6us,"[0,",1,877.9,normal,0,valid,-14.4dB,-14.5dB,na,na,,,,
2025-07-30 13:41:14.640023,PHY,0x4601,2,,na,"[0,",,,11111,,+29.4dB,13.6us,"[0,",1,877.17,normal,0,valid,-11.4dB,-11.5dB,0.22us,+90.8Hz,,"[6,",,1
2025-07-30 13:41:14.640972,PHY,0x4601,1,0,na,"[0,",0,0,1,1066.5,+16.0dB,17.8us,"[0,",1,877.18,normal,0,valid,-14.3dB,-14.4dB,na,na,,,,
2025-07-30 13:41:14.641445,PHY,0x4601,1,0,na,"[0,",0,0,1,1026.9,+15.8dB,14.0us,"[0,",1,877.19,normal,0,valid,-14.3dB,-14.4dB,na,na,,,,
2025-07-30 13:41:14.645571,CSI,0x4601,2,,na,"[0,",,,1,,+27.3dB,12.5us,"[0,",1,878.8,normal,0,valid,-11.5dB,-11.5dB,0.23us,-48.1Hz,,"[6,",1111,1
2025-07-30 13:41:14.646513,PHY,0x4601,1,0,na,"[0,",0,0,1,977.3,+15.6dB,16.4us,"[0,",1,878.9,normal,0,valid,-14.4dB,-14.5dB,na,na,,,,
2025-07-30 13:41:14.650056,PHY,0x4601,2,,na,"[0,",,,11111,,+30.4dB,14.7us,"[0,",1,878.17,normal,0,valid,-11.5dB,-11.5dB,0.22us,+61.7Hz,,"[6,",,1
2025-07-30 13:41:14.651009,PHY,0x4601,1,0,na,"[0,",0,0,1,1303.8,+16.9dB,24.1us,"[0,",1,878.18,normal,0,valid,-14.4dB,-14.4dB,na,na,,,,
2025-07-30 13:41:14.651480,PHY,0x4601,1,0,na,"[0,",0,0,1,1447.1,+17.3dB,17.5us,"[0,",1,878.19,normal,0,valid,-14.3dB,-14.4dB,na,na,,,,
2025-07-30 13:41:14.655985,PHY,0x4601,1,0,na,"[0,",0,0,1,1061.6,+16.0dB,20.5us,"[0,",1,879.8,normal,0,valid,-14.4dB,-14.5dB,na,na,,,,
2025-07-30 13:41:14.656452,PHY,0x4601,1,0,na,"[0,",0,0,1,1067.5,+16.0dB,15.3us,"[0,",1,879.9,normal,0,valid,-14.4dB,-14.5dB,na,na,,,,
2025-07-30 13:41:14.660111,PHY,0x4601,2,,na,"[0,",,,11111,,+30.6dB,20.9us,"[0,",1,879.17,normal,0,valid,-11.5dB,-11.5dB,0.25us,+94.1Hz,,"[6,",,1
2025-07-30 13:41:14.661038,PHY,0x4601,1,0,na,"[0,",0,0,1,1416.7,+17.3dB,21.5us,"[0,",1,879.18,normal,0,valid,-14.3dB,-14.4dB,na,na,,,,
2025-07-30 13:41:14.661513,PHY,0x4601,1,0,na,"[0,",0,0,1,1404.4,+17.2dB,18.7us,"[0,",1,879.19,normal,0,valid,-14.3dB,-14.4dB,na,na,,,,
2025-07-30 13:41:14.665599,CSI,0x4601,2,,na,"[0,",,,1,,+34.1dB,14.7us,"[0,",1,880.8,normal,0,valid,-11.4dB,-11.5dB,0.22us,-3.3Hz,,"[6,",1111,1
2025-07-30 13:41:14.666471,PHY,0x4601,1,0,na,"[0,",0,0,1,1329.2,+17.0dB,16.5us,"[0,",1,880.9,normal,0,valid,-14.3dB,-14.4dB,na,na,,,,
2025-07-30 13:41:14.670010,PHY,0x4601,2,,na,"[0,",,,11111,,+30.4dB,14.2us,"[0,",1,880.17,normal,0,valid,-11.4dB,-11.5dB,0.23us,-69.2Hz,,"[6,",,1
2025-07-30 13:41:14.670958,PHY,0x4601,1,0,na,"[0,",0,0,1,1401.9,+17.2dB,16.2us,"[0,",1,880.18,normal,0,valid,-14.3dB,-14.4dB,na,na,,,,
2025-07-30 13:41:14.671536,PHY,0x4601,1,0,na,"[0,",0,0,1,1365.1,+17.1dB,14.6us,"[0,",1,880.19,normal,0,valid,-14.3dB,-14.4dB,na,na,,,,
2025-07-30 13:41:14.676029,PHY,0x4601,1,0,na,"[0,",0,0,1,1062.6,+16.0dB,18.0us,"[0,",1,881.8,normal,0,valid,-14.4dB,-14.5dB,na,na,,,,
2025-07-30 13:41:14.676512,PHY,0x4601,1,0,na,"[0,",0,0,1,1012.1,+15.8dB,14.8us,"[0,",1,881.9,normal,0,valid,-14.4dB,-14.5dB,na,na,,,,
2025-07-30 13:41:14.680050,PHY,0x4601,2,,na,"[0,",,,11111,,+32.3dB,14.2us,"[0,",1,881.17,normal,0,valid,-11.4dB,-11.5dB,0.23us,+114.4Hz,,"[6,",,1
2025-07-30 13:41:14.680990,PHY,0x4601,1,0,na,"[0,",0,0,1,1053.5,+16.0dB,15.5us,"[0,",1,881.18,normal,0,valid,-14.3dB,-14.5dB,na,na,,,,
2025-07-30 13:41:14.681465,PHY,0x4601,1,0,na,"[0,",0,0,1,1006.6,+15.7dB,14.4us,"[0,",1,881.19,normal,0,valid,-14.3dB,-14.5dB,na,na,,,,
2025-07-30 13:41:14.685592,CSI,0x4601,2,,na,"[0,",,,1,,+34.5dB,13.6us,"[0,",1,882.8,normal,0,valid,-11.4dB,-11.5dB,0.24us,-21.6Hz,,"[6,",1111,1
2025-07-30 13:41:14.686534,PHY,0x4601,1,0,na,"[0,",0,0,1,1331.4,+17.0dB,15.4us,"[0,",1,882.9,normal,0,valid,-14.3dB,-14.4dB,na,na,,,,
2025-07-30 13:41:14.690083,PHY,0x4601,2,,na,"[0,",,,11111,,+35.8dB,14.7us,"[0,",1,882.17,normal,0,valid,-11.5dB,-11.5dB,0.23us,+3.5Hz,,"[6,",,1
2025-07-30 13:41:14.691021,PHY,0x4601,1,0,na,"[0,",0,0,1,1295.9,+16.9dB,16.2us,"[0,",1,882.18,normal,0,valid,-14.3dB,-14.4dB,na,na,,,,
2025-07-30 13:41:14.691502,PHY,0x4601,1,0,na,"[0,",0,0,1,1361.5,+17.1dB,18.6us,"[0,",1,882.19,normal,0,valid,-14.3dB,-14.4dB,na,na,,,,
2025-07-30 13:41:14.695989,PHY,0x4601,1,0,na,"[0,",0,0,1,1064.4,+16.0dB,18.1us,"[0,",1,883.8,normal,0,valid,-14.4dB,-14.5dB,na,na,,,,
2025-07-30 13:41:14.696459,PHY,0x4601,1,0,na,"[0,",0,0,1,996.3,+15.7dB,14.3us,"[0,",1,883.9,normal,0,valid,-14.4dB,-14.5dB,na,na,,,,
2025-07-30 13:41:14.700121,PHY,0x4601,2,,na,"[0,",,,11111,,+31.3dB,14.0us,"[0,",1,883.17,normal,0,valid,-11.4dB,-11.4dB,0.22us,+97.5Hz,,"[6,",,1
2025-07-30 13:41:14.700991,PHY,0x4601,1,0,na,"[0,",0,0,1,1430.4,+17.3dB,15.4us,"[0,",1,883.18,normal,0,valid,-14.3dB,-14.4dB,na,na,,,,
2025-07-30 13:41:14.701523,PHY,0x4601,1,0,na,"[0,",0,0,1,1428.1,+17.3dB,13.8us,"[0,",1,883.19,normal,0,valid,-14.3dB,-14.5dB,na,na,,,,
2025-07-30 13:41:14.705648,CSI,0x4601,2,,na,"[0,",,,1,,+33.4dB,15.5us,"[0,",1,884.8,normal,0,valid,-11.5dB,-11.5dB,0.24us,-34.0Hz,,"[6,",1111,1
2025-07-30 13:41:14.706495,PHY,0x4601,1,0,na,"[0,",0,0,1,977.7,+15.6dB,16.2us,"[0,",1,884.9,normal,0,valid,-14.4dB,-14.5dB,na,na,,,,
2025-07-30 13:41:14.710035,PHY,0x4601,2,,na,"[0,",,,11111,,+33.1dB,13.5us,"[0,",1,884.17,normal,0,valid,-11.5dB,-11.5dB,0.24us,+35.0Hz,,"[6,",,1
2025-07-30 13:41:14.710982,PHY,0x4601,1,0,na,"[0,",0,0,1,1360.0,+17.1dB,22.0us,"[0,",1,884.18,normal,0,valid,-14.3dB,-14.4dB,na,na,,,,
2025-07-30 13:41:14.711451,PHY,0x4601,1,0,na,"[0,",0,0,1,1434.1,+17.3dB,17.6us,"[0,",1,884.19,normal,0,valid,-14.3dB,-14.4dB,na,na,,,,
2025-07-30 13:41:14.715961,PHY,0x4601,1,0,na,"[0,",0,0,1,1081.1,+16.1dB,15.5us,"[0,",1,885.8,normal,0,valid,-14.4dB,-14.4dB,na,na,,,,
2025-07-30 13:41:14.716533,PHY,0x4601,1,0,na,"[0,",0,0,1,1051.7,+16.0dB,14.0us,"[0,",1,885.9,normal,0,valid,-14.4dB,-14.5dB,na,na,,,,
2025-07-30 13:41:14.720073,PHY,0x4601,2,,na,"[0,",,,11111,,+34.4dB,16.8us,"[0,",1,885.17,normal,0,valid,-11.4dB,-11.4dB,0.21us,+137.6Hz,,"[6,",,1
2025-07-30 13:41:14.721016,PHY,0x4601,1,0,na,"[0,",0,0,1,1045.1,+16.0dB,17.0us,"[0,",1,885.18,normal,0,valid,-14.4dB,-14.5dB,na,na,,,,
2025-07-30 13:41:14.721480,PHY,0x4601,1,0,na,"[0,",0,0,1,1017.7,+15.8dB,15.8us,"[0,",1,885.19,normal,0,valid,-14.4dB,-14.5dB,na,na,,,,
2025-07-30 13:41:14.725619,CSI,0x4601,2,,na,"[0,",,,1,,+33.1dB,15.3us,"[0,",1,886.8,normal,0,valid,-11.4dB,-11.4dB,0.24us,+81.1Hz,,"[6,",1111,1
2025-07-30 13:41:14.726451,PHY,0x4601,1,0,na,"[0,",0,0,1,1370.3,+17.1dB,15.4us,"[0,",1,886.9,normal,0,valid,-14.3dB,-14.4dB,na,na,,,,
2025-07-30 13:41:14.730125,PHY,0x4601,2,,na,"[0,",,,11111,,+30.4dB,15.6us,"[0,",1,886.17,normal,0,valid,-11.5dB,-11.6dB,0.24us,-72.1Hz,,"[6,",,1
2025-07-30 13:41:14.731039,PHY,0x4601,1,0,na,"[0,",0,0,1,1311.6,+16.9dB,15.5us,"[0,",1,886.18,normal,0,valid,-14.3dB,-14.4dB,na,na,,,,
2025-07-30 13:41:14.731521,PHY,0x4601,1,0,na,"[0,",0,0,1,1407.3,+17.2dB,18.1us,"[0,",1,886.19,normal,0,valid,-14.3dB,-14.4dB,na,na,,,,
2025-07-30 13:41:14.736014,PHY,0x4601,1,0,na,"[0,",0,0,1,1012.1,+15.8dB,25.0us,"[0,",1,887.8,normal,0,valid,-14.4dB,-14.5dB,na,na,,,,
2025-07-30 13:41:14.736487,PHY,0x4601,1,0,na,"[0,",0,0,1,1100.6,+16.2dB,26.0us,"[0,",1,887.9,normal,0,valid,-14.4dB,-14.5dB,na,na,,,,
2025-07-30 13:41:14.740020,PHY,0x4601,2,,na,"[0,",,,11111,,+34.0dB,14.3us,"[0,",1,887.17,normal,0,valid,-11.5dB,-11.5dB,0.23us,+11.8Hz,,"[6,",,1
2025-07-30 13:41:14.740966,PHY,0x4601,1,0,na,"[0,",0,0,1,1391.2,+17.2dB,17.4us,"[0,",1,887.18,normal,0,valid,-14.3dB,-14.4dB,na,na,,,,
2025-07-30 13:41:14.741447,PHY,0x4601,1,0,na,"[0,",0,0,1,1324.4,+17.0dB,15.5us,"[0,",1,887.19,normal,0,valid,-14.3dB,-14.4dB,na,na,,,,
2025-07-30 13:41:14.745631,CSI,0x4601,2,,na,"[0,",,,1,,+33.1dB,14.6us,"[0,",1,888.8,normal,0,valid,-11.3dB,-11.4dB,0.25us,-25.1Hz,,"[6,",1111,1
2025-07-30 13:41:14.746510,PHY,0x4601,1,0,na,"[0,",0,0,1,1023.9,+15.8dB,15.8us,"[0,",1,888.9,normal,0,valid,-14.3dB,-14.5dB,na,na,,,,
2025-07-30 13:41:14.750059,PHY,0x4601,2,,na,"[0,",,,11111,,+32.1dB,14.7us,"[0,",1,888.17,normal,0,valid,-11.5dB,-11.5dB,0.24us,-119.6Hz,,"[6,",,1
2025-07-30 13:41:14.750992,PHY,0x4601,1,0,na,"[0,",0,0,1,975.8,+15.6dB,15.5us,"[0,",1,888.18,normal,0,valid,-14.3dB,-14.5dB,na,na,,,,
2025-07-30 13:41:14.751470,PHY,0x4601,1,0,na,"[0,",0,0,1,1040.0,+15.9dB,15.2us,"[0,",1,888.19,normal,0,valid,-14.3dB,-14.5dB,na,na,,,,
2025-07-30 13:41:14.755970,PHY,0x4601,1,0,na,"[0,",0,0,1,1060.2,+16.0dB,16.0us,"[0,",1,889.8,normal,0,valid,-14.4dB,-14.5dB,na,na,,,,
2025-07-30 13:41:14.756544,PHY,0x4601,1,0,na,"[0,",0,0,1,1024.2,+15.9dB,14.4us,"[0,",1,889.9,normal,0,valid,-14.4dB,-14.5dB,na,na,,,,
2025-07-30 13:41:14.760101,PHY,0x4601,2,,na,"[0,",,,11111,,+28.6dB,21.7us,"[0,",1,889.17,normal,0,valid,-11.5dB,-11.6dB,0.23us,+41.5Hz,,"[6,",,1
2025-07-30 13:41:14.761025,PHY,0x4601,1,0,na,"[0,",0,0,1,1358.5,+17.0dB,15.5us,"[0,",1,889.18,normal,0,valid,-14.3dB,-14.4dB,na,na,,,,
2025-07-30 13:41:14.761497,PHY,0x4601,1,0,na,"[0,",0,0,1,1362.1,+17.1dB,14.2us,"[0,",1,889.19,normal,0,valid,-14.3dB,-14.4dB,na,na,,,,
2025-07-30 13:41:14.765589,CSI,0x4601,2,,na,"[0,",,,1,,+30.0dB,14.7us,"[0,",1,890.8,normal,0,valid,-11.3dB,-11.4dB,0.25us,+14.7Hz,,"[6,",1111,1
2025-07-30 13:41:14.766476,PHY,0x4601,1,0,na,"[0,",0,0,1,1373.1,+17.1dB,17.9us,"[0,",1,890.9,normal,0,valid,-14.3dB,-14.4dB,na,na,,,,
2025-07-30 13:41:14.770123,PHY,0x4601,2,,na,"[0,",,,11111,,+32.3dB,16.4us,"[0,",1,890.17,normal,0,valid,-11.5dB,-11.5dB,0.22us,+11.4Hz,,"[6,",,1
2025-07-30 13:41:14.770954,PHY,0x4601,1,0,na,"[0,",0,0,1,998.6,+15.7dB,16.1us,"[0,",1,890.18,normal,0,valid,-14.3dB,-14.5dB,na,na,,,,
2025-07-30 13:41:14.771533,PHY,0x4601,1,0,na,"[0,",0,0,1,1034.6,+15.9dB,13.6us,"[0,",1,890.19,normal,0,valid,-14.3dB,-14.5dB,na,na,,,,
2025-07-30 13:41:14.776026,PHY,0x4601,1,0,na,"[0,",0,0,1,1084.1,+16.1dB,15.8us,"[0,",1,891.8,normal,0,valid,-14.4dB,-14.5dB,na,na,,,,
2025-07-30 13:41:14.776498,PHY,0x4601,1,0,na,"[0,",0,0,1,1095.5,+16.1dB,14.0us,"[0,",1,891.9,normal,0,valid,-14.4dB,-14.5dB,na,na,,,,
2025-07-30 13:41:14.780037,PHY,0x4601,2,,na,"[0,",,,11111,,+29.3dB,14.7us,"[0,",1,891.17,normal,0,valid,-11.3dB,-11.4dB,0.21us,+125.2Hz,,"[6,",,1
2025-07-30 13:41:14.780979,PHY,0x4601,1,0,na,"[0,",0,0,1,1338.4,+17.0dB,16.1us,"[0,",1,891.18,normal,0,valid,-14.3dB,-14.4dB,na,na,,,,
2025-07-30 13:41:14.781454,PHY,0x4601,1,0,na,"[0,",0,0,1,1371.6,+17.1dB,13.8us,"[0,",1,891.19,normal,0,valid,-14.3dB,-14.4dB,na,na,,,,
2025-07-30 13:41:14.785591,CSI,0x4601,2,,na,"[0,",,,1,,+29.1dB,15.7us,"[0,",1,892.8,normal,0,valid,-11.3dB,-11.3dB,0.24us,-119.1Hz,,"[6,",1111,1
2025-07-30 13:41:14.786532,PHY,0x4601,1,0,na,"[0,",0,0,1,1360.6,+17.1dB,15.8us,"[0,",1,892.9,normal,0,valid,-14.3dB,-14.4dB,na,na,,,,
2025-07-30 13:41:14.790102,PHY,0x4601,2,,na,"[0,",,,11111,,+29.7dB,12.8us,"[0,",1,892.17,normal,0,valid,-11.5dB,-11.6dB,0.24us,+56.8Hz,,"[6,",,1
2025-07-30 13:41:14.791012,PHY,0x4601,1,0,na,"[0,",0,0,1,1033.2,+15.9dB,15.6us,"[0,",1,892.18,normal,0,valid,-14.3dB,-14.4dB,na,na,,,,
2025-07-30 13:41:14.791485,PHY,0x4601,1,0,na,"[0,",0,0,1,1000.8,+15.7dB,15.1us,"[0,",1,892.19,normal,0,valid,-14.3dB,-14.5dB,na,na,,,,
2025-07-30 13:41:14.796002,PHY,0x4601,1,0,na,"[0,",0,0,1,972.6,+15.6dB,17.1us,"[0,",1,893.8,normal,0,valid,-14.4dB,-14.5dB,na,na,,,,
2025-07-30 13:41:14.796448,PHY,0x4601,1,0,na,"[0,",0,0,1,1099.5,+16.1dB,15.0us,"[0,",1,893.9,normal,0,valid,-14.4dB,-14.5dB,na,na,,,,
2025-07-30 13:41:14.800116,PHY,0x4601,2,,na,"[0,",,,11111,,+30.8dB,13.9us,"[0,",1,893.17,normal,0,valid,-11.4dB,-11.4dB,0.22us,-58.2Hz,,"[6,",,1
2025-07-30 13:41:14.800938,PHY,0x4601,1,0,na,"[0,",0,0,1,1393.1,+17.2dB,15.6us,"[0,",1,893.18,normal,0,valid,-14.3dB,-14.4dB,na,na,,,,
2025-07-30 13:41:14.801522,PHY,0x4601,1,0,na,"[0,",0,0,1,1397.0,+17.2dB,19.6us,"[0,",1,893.19,normal,0,valid,-14.3dB,-14.4dB,na,na,,,,
2025-07-30 13:41:14.805620,CSI,0x4601,2,,na,"[0,",,,1,,+30.1dB,22.3us,"[0,",1,894.8,normal,0,valid,-11.5dB,-11.5dB,0.24us,+28.1Hz,,"[6,",1111,1
2025-07-30 13:41:14.806483,PHY,0x4601,1,0,na,"[0,",0,0,1,1325.4,+17.0dB,15.7us,"[0,",1,894.9,normal,0,valid,-14.3dB,-14.4dB,na,na,,,,
2025-07-30 13:41:14.810029,PHY,0x4601,2,,na,"[0,",,,11111,,+31.6dB,13.9us,"[0,",1,894.17,normal,0,valid,-11.4dB,-11.4dB,0.22us,-53.2Hz,,"[6,",,1
2025-07-30 13:41:14.810971,PHY,0x4601,1,0,na,"[0,",0,0,1,1283.5,+16.9dB,15.6us,"[0,",1,894.18,normal,0,valid,-14.3dB,-14.4dB,na,na,,,,
2025-07-30 13:41:14.811454,PHY,0x4601,1,0,na,"[0,",0,0,1,1402.0,+17.2dB,15.5us,"[0,",1,894.19,normal,0,valid,-14.3dB,-14.4dB,na,na,,,,
2025-07-30 13:41:14.816058,PHY,0x4601,1,0,na,"[0,",0,0,1,1045.1,+15.9dB,16.0us,"[0,",1,895.8,normal,0,valid,-14.4dB,-14.5dB,na,na,,,,
2025-07-30 13:41:14.816523,PHY,0x4601,1,0,na,"[0,",0,0,1,969.2,+15.6dB,14.2us,"[0,",1,895.9,normal,0,valid,-14.4dB,-14.5dB,na,na,,,,
2025-07-30 13:41:14.820073,PHY,0x4601,2,,na,"[0,",,,11111,,+29.4dB,17.5us,"[0,",1,895.17,normal,0,valid,-11.5dB,-11.6dB,0.23us,+34.2Hz,,"[6,",,1
2025-07-30 13:41:14.820999,PHY,0x4601,1,0,na,"[0,",0,0,1,982.2,+15.7dB,16.4us,"[0,",1,895.18,normal,0,valid,-14.3dB,-14.4dB,na,na,,,,
2025-07-30 13:41:14.821473,PHY,0x4601,1,0,na,"[0,",0,0,1,1003.4,+15.7dB,13.4us,"[0,",1,895.19,normal,0,valid,-14.4dB,-14.5dB,na,na,,,,
2025-07-30 13:41:14.825604,CSI,0x4601,2,,na,"[0,",,,1,,+31.7dB,12.9us,"[0,",1,896.8,normal,0,valid,-11.3dB,-11.3dB,0.24us,-18.8Hz,,"[6,",1111,1
2025-07-30 13:41:14.826443,PHY,0x4601,1,0,na,"[0,",0,0,1,1328.8,+17.0dB,16.8us,"[0,",1,896.9,normal,0,valid,-14.4dB,-14.5dB,na,na,,,,
2025-07-30 13:41:14.830092,PHY,0x4601,2,,na,"[0,",,,11111,,+30.8dB,15.5us,"[0,",1,896.17,normal,0,valid,-11.5dB,-11.5dB,0.22us,-39.3Hz,,"[6,",,1
2025-07-30 13:41:14.831032,PHY,0x4601,1,0,na,"[0,",0,0,1,1021.8,+15.8dB,15.7us,"[0,",1,896.18,normal,0,valid,-14.3dB,-14.5dB,na,na,,,,
2025-07-30 13:41:14.831512,PHY,0x4601,1,0,na,"[0,",0,0,1,1023.4,+15.8dB,15.5us,"[0,",1,896.19,normal,0,valid,-14.3dB,-14.4dB,na,na,,,,
2025-07-30 13:41:14.835996,PHY,0x4601,1,0,na,"[0,",0,0,1,1083.8,+16.1dB,17.0us,"[0,",1,897.8,normal,0,valid,-14.4dB,-14.5dB,na,na,,,,
2025-07-30 13:41:14.836487,PHY,0x4601,1,0,na,"[0,",0,0,1,1014.6,+15.8dB,17.0us,"[0,",1,897.9,normal,0,valid,-14.4dB,-14.5dB,na,na,,,,
2025-07-30 13:41:14.840008,PHY,0x4601,2,,na,"[0,",,,11111,,+32.2dB,13.7us,"[0,",1,897.17,normal,0,valid,-11.5dB,-11.5dB,0.23us,+37.5Hz,,"[6,",,1
2025-07-30 13:41:14.840961,PHY,0x4601,1,0,na,"[0,",0,0,1,1314.9,+16.9dB,15.5us,"[0,",1,897.18,normal,0,valid,-14.4dB,-14.5dB,na,na,,,,
2025-07-30 13:41:14.841538,PHY,0x4601,1,0,na,"[0,",0,0,1,1230.8,+16.6dB,13.4us,"[0,",1,897.19,normal,0,valid,-14.4dB,-14.5dB,na,na,,,,
2025-07-30 13:41:14.845593,CSI,0x4601,2,,na,"[0,",,,1,,+32.5dB,16.5us,"[0,",1,898.8,normal,0,valid,-11.4dB,-11.5dB,0.23us,-1.7Hz,,"[6,",1111,1
2025-07-30 13:41:14.846507,PHY,0x4601,1,0,na,"[0,",0,0,1,1372.7,+17.1dB,21.5us,"[0,",1,898.9,normal,0,valid,-14.4dB,-14.4dB,na,na,,,,
2025-07-30 13:41:14.850048,PHY,0x4601,2,,na,"[0,",,,11111,,+31.7dB,15.7us,"[0,",1,898.17,normal,0,valid,-11.4dB,-11.4dB,0.23us,+136.2Hz,,"[6,",,1
2025-07-30 13:41:14.850989,PHY,0x4601,1,0,na,"[0,",0,0,1,1416.2,+17.3dB,16.1us,"[0,",1,898.18,normal,0,valid,-14.4dB,-14.4dB,na,na,,,,
2025-07-30 13:41:14.851463,PHY,0x4601,1,0,na,"[0,",0,0,1,1387.5,+17.2dB,13.9us,"[0,",1,898.19,normal,0,valid,-14.3dB,-14.4dB,na,na,,,,
2025-07-30 13:41:14.855966,PHY,0x4601,1,0,na,"[0,",0,0,1,1062.9,+16.0dB,16.6us,"[0,",1,899.8,normal,0,valid,-14.4dB,-14.5dB,na,na,,,,
2025-07-30 13:41:14.856549,PHY,0x4601,1,0,na,"[0,",0,0,1,1042.1,+15.9dB,14.5us,"[0,",1,899.9,normal,0,valid,-14.4dB,-14.5dB,na,na,,,,
2025-07-30 13:41:14.860091,PHY,0x4601,2,,na,"[0,",,,11111,,+31.3dB,15.3us,"[0,",1,899.17,normal,0,valid,-11.5dB,-11.5dB,0.23us,+44.0Hz,,"[6,",,1
2025-07-30 13:41:14.861022,PHY,0x4601,1,0,na,"[0,",0,0,1,1365.6,+17.1dB,16.6us,"[0,",1,899.18,normal,0,valid,-14.4dB,-14.4dB,na,na,,,,
2025-07-30 13:41:14.861496,PHY,0x4601,1,0,na,"[0,",0,0,1,1389.2,+17.2dB,13.7us,"[0,",1,899.19,normal,0,valid,-14.3dB,-14.4dB,na,na,,,,
2025-07-30 13:41:14.865598,CSI,0x4601,2,,na,"[0,",,,1,,+31.7dB,13.5us,"[0,",1,900.8,normal,0,valid,-11.4dB,-11.4dB,0.22us,-134.8Hz,,"[6,",1111,1
2025-07-30 13:41:14.866457,PHY,0x4601,1,0,na,"[0,",0,0,1,1297.6,+16.9dB,16.6us,"[0,",1,900.9,normal,0,valid,-14.3dB,-14.4dB,na,na,,,,
2025-07-30 13:41:14.870118,PHY,0x4601,2,,na,"[0,",,,11111,,+30.1dB,13.8us,"[0,",1,900.17,normal,0,valid,-11.5dB,-11.6dB,0.23us,+60.1Hz,,"[6,",,1
2025-07-30 13:41:14.870952,PHY,0x4601,1,0,na,"[0,",0,0,1,1323.9,+17.0dB,21.3us,"[0,",1,900.18,normal,0,valid,-14.3dB,-14.4dB,na,na,,,,
2025-07-30 13:41:14.871529,PHY,0x4601,1,0,na,"[0,",0,0,1,1351.4,+17.1dB,21.1us,"[0,",1,900.19,normal,0,valid,-14.3dB,-14.4dB,na,na,,,,
2025-07-30 13:41:14.876329,PHY,0x4601,1,0,na,"[0,",0,0,1,1072.4,+16.0dB,19.8us,"[0,",1,901.8,normal,0,valid,-14.4dB,-14.5dB,na,na,,,,
2025-07-30 13:41:14.876510,PHY,0x4601,1,0,na,"[0,",0,0,1,972.3,+15.6dB,18.4us,"[0,",1,901.9,normal,0,valid,-14.4dB,-14.5dB,na,na,,,,
2025-07-30 13:41:14.880032,PHY,0x4601,2,,na,"[0,",,,11111,,+32.0dB,14.9us,"[0,",1,901.17,normal,0,valid,-11.5dB,-11.6dB,0.24us,-69.6Hz,,"[6,",,1
2025-07-30 13:41:14.880978,PHY,0x4601,1,0,na,"[0,",0,0,1,1046.3,+15.9dB,15.4us,"[0,",1,901.18,normal,0,valid,-14.3dB,-14.4dB,na,na,,,,
2025-07-30 13:41:14.881462,PHY,0x4601,1,0,na,"[0,",0,0,1,1028.5,+15.9dB,21.0us,"[0,",1,901.19,normal,0,valid,-14.4dB,-14.5dB,na,na,,,,
2025-07-30 13:41:14.885599,CSI,0x4601,2,,na,"[0,",,,1,,+30.6dB,15.1us,"[0,",1,902.8,normal,0,valid,-11.5dB,-11.6dB,0.26us,-103.0Hz,,"[6,",1111,1
2025-07-30 13:41:14.886525,PHY,0x4601,1,0,na,"[0,",0,0,1,1334.9,+17.0dB,18.7us,"[0,",1,902.9,normal,0,valid,-14.4dB,-14.5dB,na,na,,,,
2025-07-30 13:41:14.890068,PHY,0x4601,2,,na,"[0,",,,11111,,+28.5dB,17.2us,"[0,",1,902.17,normal,0,valid,-11.5dB,-11.6dB,0.23us,-42.6Hz,,"[6,",,1
2025-07-30 13:41:14.891008,PHY,0x4601,1,0,na,"[0,",0,0,1,1045.2,+15.9dB,17.0us,"[0,",1,902.18,normal,0,valid,-14.3dB,-14.4dB,na,na,,,,
2025-07-30 13:41:14.891479,PHY,0x4601,1,0,na,"[0,",0,0,1,984.6,+15.7dB,15.8us,"[0,",1,902.19,normal,0,valid,-14.4dB,-14.5dB,na,na,,,,
2025-07-30 13:41:14.895978,PHY,0x4601,1,0,na,"[0,",0,0,1,986.2,+15.7dB,17.8us,"[0,",1,903.8,normal,0,valid,-14.4dB,-14.5dB,na,na,,,,
2025-07-30 13:41:14.896442,PHY,0x4601,1,0,na,"[0,",0,0,1,1001.8,+15.8dB,14.8us,"[0,",1,903.9,normal,0,valid,-14.4dB,-14.5dB,na,na,,,,
2025-07-30 13:41:14.900092,PHY,0x4601,2,,na,"[0,",,,11111,,+32.8dB,14.3us,"[0,",1,903.17,normal,0,valid,-11.5dB,-11.5dB,0.23us,+38.7Hz,,"[6,",,1
2025-07-30 13:41:14.901043,PHY,0x4601,1,0,na,"[0,",0,0,1,1074.2,+16.1dB,17.1us,"[0,",1,903.18,normal,0,valid,-14.4dB,-14.5dB,na,na,,,,
2025-07-30 13:41:14.901514,PHY,0x4601,1,0,na,"[0,",0,0,1,961.1,+15.6dB,20.2us,"[0,",1,903.19,normal,0,valid,-14.3dB,-14.4dB,na,na,,,,
2025-07-30 13:41:14.905610,CSI,0x4601,2,,na,"[0,",,,1,,+31.9dB,15.1us,"[0,",1,904.8,normal,0,valid,-11.5dB,-11.6dB,0.24us,+11.1Hz,,"[6,",1111,1
2025-07-30 13:41:14.906477,PHY,0x4601,1,0,na,"[0,",0,0,1,1340.9,+17.0dB,15.8us,"[0,",1,904.9,normal,0,valid,-14.3dB,-14.4dB,na,na,,,,
2025-07-30 13:41:14.910015,PHY,0x4601,2,,na,"[0,",,,11111,,+30.7dB,14.1us,"[0,",1,904.17,normal,0,valid,-11.4dB,-11.5dB,0.21us,+75.7Hz,,"[6,",,1
2025-07-30 13:41:14.910961,PHY,0x4601,1,0,na,"[0,",0,0,1,1341.9,+17.0dB,15.5us,"[0,",1,904.18,normal,0,valid,-14.3dB,-14.4dB,na,na,,,,
2025-07-30 13:41:14.911437,PHY,0x4601,1,0,na,"[0,",0,0,1,1259.8,+16.8dB,14.5us,"[0,",1,904.19,normal,0,valid,-14.4dB,-14.4dB,na,na,,,,
2025-07-30 13:41:14.916039,PHY,0x4601,1,0,na,"[0,",0,0,1,1053.3,+16.0dB,18.0us,"[0,",1,905.8,normal,0,valid,-14.4dB,-14.5dB,na,na,,,,
2025-07-30 13:41:14.916521,PHY,0x4601,1,0,na,"[0,",0,0,1,1027.4,+15.8dB,14.0us,"[0,",1,905.9,normal,0,valid,-14.4dB,-14.5dB,na,na,,,,
2025-07-30 13:41:14.920055,PHY,0x4601,2,,na,"[0,",,,11111,,+31.5dB,17.8us,"[0,",1,905.17,normal,0,valid,-11.4dB,-11.5dB,0.25us,-25.4Hz,,"[6,",,1
2025-07-30 13:41:14.920995,PHY,0x4601,1,0,na,"[0,",0,0,1,955.1,+15.5dB,16.2us,"[0,",1,905.18,normal,0,valid,-14.4dB,-14.5dB,na,na,,,,
2025-07-30 13:41:14.921467,PHY,0x4601,1,0,na,"[0,",0,0,1,1022.7,+15.8dB,13.7us,"[0,",1,905.19,normal,0,valid,-14.4dB,-14.5dB,na,na,,,,
2025-07-30 13:41:14.925614,CSI,0x4601,2,,na,"[0,",,,1,,+29.8dB,14.3us,"[0,",1,906.8,normal,0,valid,-11.4dB,-11.5dB,0.24us,+11.1Hz,,"[6,",1111,1
2025-07-30 13:41:14.926541,PHY,0x4601,1,0,na,"[0,",0,0,1,1059.8,+16.0dB,18.0us,"[0,",1,906.9,normal,0,valid,-14.4dB,-14.5dB,na,na,,,,
2025-07-30 13:41:14.930116,PHY,0x4601,2,,na,"[0,",,,11111,,+33.7dB,13.2us,"[0,",1,906.17,normal,0,valid,-11.5dB,-11.5dB,0.24us,+50.0Hz,,"[6,",,1
2025-07-30 13:41:14.931029,PHY,0x4601,1,0,na,"[0,",0,0,1,1372.7,+17.1dB,16.4us,"[0,",1,906.18,normal,0,valid,-14.3dB,-14.4dB,na,na,,,,
2025-07-30 13:41:14.931501,PHY,0x4601,1,0,na,"[0,",0,0,1,1275.3,+16.8dB,15.2us,"[0,",1,906.19,normal,0,valid,-14.4dB,-14.5dB,na,na,,,,
2025-07-30 13:41:14.935989,PHY,0x4601,1,0,na,"[0,",0,0,1,1021.2,+15.8dB,15.9us,"[0,",1,907.8,normal,0,valid,-14.4dB,-14.5dB,na,na,,,,
2025-07-30 13:41:14.936468,PHY,0x4601,1,0,na,"[0,",0,0,1,1019.2,+15.8dB,16.2us,"[0,",1,907.9,normal,0,valid,-14.4dB,-14.5dB,na,na,,,,
2025-07-30 13:41:14.940129,PHY,0x4601,2,,na,"[0,",,,11111,,+35.6dB,15.5us,"[0,",1,907.17,normal,0,valid,-11.4dB,-11.5dB,0.23us,-14.6Hz,,"[6,",,1
2025-07-30 13:41:14.940954,PHY,0x4601,1,0,na,"[0,",0,0,1,1290.7,+16.8dB,21.0us,"[0,",1,907.18,normal,0,valid,-14.3dB,-14.4dB,na,na,,,,
2025-07-30 13:41:14.941529,PHY,0x4601,1,0,na,"[0,",0,0,1,1352.1,+17.0dB,13.9us,"[0,",1,907.19,normal,0,valid,-14.3dB,-14.4dB,na,na,,,,
2025-07-30 13:41:14.945561,CSI,0x4601,2,,na,"[0,",,,1,,+30.0dB,16.4us,"[0,",1,908.8,normal,0,valid,-11.4dB,-11.5dB,0.22us,-3.7Hz,,"[6,",1111,1
2025-07-30 13:41:14.946504,PHY,0x4601,1,0,na,"[0,",0,0,1,1003.1,+15.7dB,20.9us,"[0,",1,908.9,normal,0,valid,-14.3dB,-14.5dB,na,na,,,,
2025-07-30 13:41:14.950037,PHY,0x4601,2,,na,"[0,",,,11111,,+32.5dB,14.0us,"[0,",1,908.17,normal,0,valid,-11.4dB,-11.4dB,0.22us,+72.3Hz,,"[6,",,1
2025-07-30 13:41:14.950980,PHY,0x4601,1,0,na,"[0,",0,0,1,1473.0,+17.4dB,16.3us,"[0,",1,908.18,normal,0,valid,-14.3dB,-14.4dB,na,na,,,,
2025-07-30 13:41:14.951452,PHY,0x4601,1,0,na,"[0,",0,0,1,1373.1,+17.1dB,13.3us,"[0,",1,908.19,normal,0,valid,-14.4dB,-14.4dB,na,na,,,,
2025-07-30 13:41:14.955950,PHY,0x4601,1,0,na,"[0,",0,0,1,981.2,+15.7dB,16.4us,"[0,",1,909.8,normal,0,valid,-14.4dB,-14.5dB,na,na,,,,
2025-07-30 13:41:14.956532,PHY,0x4601,1,0,na,"[0,",0,0,1,1023.3,+15.8dB,14.4us,"[0,",1,909.9,normal,0,valid,-14.4dB,-14.5dB,na,na,,,,
2025-07-30 13:41:14.960088,PHY,0x4601,2,,na,"[0,",,,11111,,+29.6dB,17.5us,"[0,",1,909.17,normal,0,valid,-11.5dB,-11.5dB,0.23us,-31.3Hz,,"[6,",,1
2025-07-30 13:41:14.961013,PHY,0x4601,1,0,na,"[0,",0,0,1,1054.2,+16.0dB,15.4us,"[0,",1,909.18,normal,0,valid,-14.3dB,-14.4dB,na,na,,,,
2025-07-30 13:41:14.961480,PHY,0x4601,1,0,na,"[0,",0,0,1,1088.8,+16.1dB,14.5us,"[0,",1,909.19,normal,0,valid,-14.4dB,-14.5dB,na,na,,,,
2025-07-30 13:41:14.965622,CSI,0x4601,2,,na,"[0,",,,1,,+30.1dB,16.5us,"[0,",1,910.8,normal,0,valid,-11.5dB,-11.5dB,0.24us,+15.1Hz,,"[6,",1111,1
2025-07-30 13:41:14.966455,PHY,0x4601,1,0,na,"[0,",0,0,1,1046.6,+16.0dB,16.2us,"[0,",1,910.9,normal,0,valid,-14.3dB,-14.4dB,na,na,,,,
2025-07-30 13:41:14.970108,PHY,0x4601,2,,na,"[0,",,,11111,,+30.4dB,12.8us,"[0,",1,910.17,normal,0,valid,-11.4dB,-11.5dB,0.24us,+59.5Hz,,"[6,",,1
2025-07-30 13:41:14.970935,PHY,0x4601,1,0,na,"[0,",0,0,1,1075.8,+16.1dB,14.9us,"[0,",1,910.18,normal,0,valid,-14.4dB,-14.4dB,na,na,,,,
2025-07-30 13:41:14.971519,PHY,0x4601,1,0,na,"[0,",0,0,1,999.3,+15.7dB,13.2us,"[0,",1,910.19,normal,0,valid,-14.3dB,-14.4dB,na,na,,,,
2025-07-30 13:41:14.976012,PHY,0x4601,1,0,na,"[0,",0,0,1,1031.1,+15.9dB,16.7us,"[0,",1,911.8,normal,0,valid,-14.4dB,-14.5dB,na,na,,,,
2025-07-30 13:41:14.976493,PHY,0x4601,1,0,na,"[0,",0,0,1,1081.1,+16.1dB,24.0us,"[0,",1,911.9,normal,0,valid,-14.4dB,-14.5dB,na,na,,,,
2025-07-30 13:41:14.980024,PHY,0x4601,2,,na,"[0,",,,11111,,+33.2dB,15.5us,"[0,",1,911.17,normal,0,valid,-11.4dB,-11.5dB,0.23us,+84.0Hz,,"[6,",,1
2025-07-30 13:41:14.980973,PHY,0x4601,1,0,na,"[0,",0,0,1,1325.4,+17.0dB,16.0us,"[0,",1,911.18,normal,0,valid,-14.4dB,-14.5dB,na,na,,,,
2025-07-30 13:41:14.981443,PHY,0x4601,1,0,na,"[0,",0,0,1,1297.3,+16.9dB,13.5us,"[0,",1,911.19,normal,0,valid,-14.3dB,-14.4dB,na,na,,,,
2025-07-30 13:41:14.985586,CSI,0x4601,2,,na,"[0,",,,1,,+33.9dB,18.3us,"[0,",1,912.8,normal,0,valid,-11.5dB,-11.5dB,0.23us,-86.8Hz,,"[6,",1111,1
2025-07-30 13:41:14.986511,PHY,0x4601,1,0,na,"[0,",0,0,1,994.8,+15.7dB,15.7us,"[0,",1,912.9,normal,0,valid,-14.3dB,-14.5dB,na,na,,,,
2025-07-30 13:41:14.990075,PHY,0x4601,2,,na,"[0,",,,11111,,+30.1dB,16.3us,"[0,",1,912.17,normal,0,valid,-11.4dB,-11.5dB,0.23us,-23.1Hz,,"[6,",,1
2025-07-30 13:41:14.991004,PHY,0x4601,1,0,na,"[0,",0,0,1,1322.7,+17.0dB,15.7us,"[0,",1,912.18,normal,0,valid,-14.3dB,-14.4dB,na,na,,,,
2025-07-30 13:41:14.991482,PHY,0x4601,1,0,na,"[0,",0,0,1,1257.9,+16.7dB,17.7us,"[0,",1,912.19,normal,0,valid,-14.4dB,-14.4dB,na,na,,,,
2025-07-30 13:41:14.995967,PHY,0x4601,1,0,na,"[0,",0,0,1,1056.1,+16.0dB,17.3us,"[0,",1,913.8,normal,0,valid,-14.4dB,-14.5dB,na,na,,,,
2025-07-30 13:41:14.996438,PHY,0x4601,1,0,na,"[0,",0,0,1,1019.5,+15.8dB,15.4us,"[0,",1,913.9,normal,0,valid,-14.4dB,-14.5dB,na,na,,,,
2025-07-30 13:41:15.000098,PHY,0x4601,2,,na,"[0,",,,11111,,+30.5dB,17.5us,"[0,",1,913.17,normal,0,valid,-11.5dB,-11.6dB,0.22us,+80.0Hz,,"[6,",,1
2025-07-30 13:41:15.001037,PHY,0x4601,1,0,na,"[0,",0,0,1,1021.1,+15.8dB,16.5us,"[0,",1,913.18,normal,0,valid,-14.3dB,-14.5dB,na,na,,,,
2025-07-30 13:41:15.001511,PHY,0x4601,1,0,na,"[0,",0,0,1,999.3,+15.8dB,14.2us,"[0,",1,913.19,normal,0,valid,-14.4dB,-14.4dB,na,na,,,,
2025-07-30 13:41:15.005602,CSI,0x4601,2,,na,"[0,",,,1,,+28.8dB,14.5us,"[0,",1,914.8,normal,0,valid,-11.4dB,-11.5dB,0.21us,+52.5Hz,,"[6,",1111,1
2025-07-30 13:41:15.006494,PHY,0x4601,1,0,na,"[0,",0,0,1,1011.5,+15.8dB,16.5us,"[0,",1,914.9,normal,0,valid,-14.4dB,-14.5dB,na,na,,,,
2025-07-30 13:41:15.010013,PHY,0x4601,2,,na,"[0,",,,11111,,+30.1dB,15.0us,"[0,",1,914.17,normal,0,valid,-11.4dB,-11.4dB,0.24us,+82.8Hz,,"[6,",,1
2025-07-30 13:41:15.010964,PHY,0x4601,1,0,na,"[0,",0,0,1,1385.5,+17.1dB,15.8us,"[0,",1,914.18,normal,0,valid,-14.3dB,-14.4dB,na,na,,,,
2025-07-30 13:41:15.011546,PHY,0x4601,1,0,na,"[0,",0,0,1,1302.9,+16.9dB,21.4us,"[0,",1,914.19,normal,0,valid,-14.4dB,-14.4dB,na,na,,,,
2025-07-30 13:41:15.016044,PHY,0x4601,1,0,na,"[0,",0,0,1,1036.1,+15.9dB,20.8us,"[0,",1,915.8,normal,0,valid,-14.4dB,-14.5dB,na,na,,,,
2025-07-30 13:41:15.016515,PHY,0x4601,1,0,na,"[0,",0,0,1,1054.1,+16.0dB,19.7us,"[0,",1,915.9,normal,0,valid,-14.4dB,-14.5dB,na,na,,,,
2025-07-30 13:41:15.020052,PHY,0x4601,2,,na,"[0,",,,11111,,+34.0dB,20.5us,"[0,",1,915.17,normal,0,valid,-11.5dB,-11.5dB,0.21us,-13.3Hz,,"[6,",,1
2025-07-30 13:41:15.020991,PHY,0x4601,1,0,na,"[0,",0,0,1,1408.3,+17.2dB,16.9us,"[0,",1,915.18,normal,0,valid,-14.3dB,-14.4dB,na,na,,,,
2025-07-30 13:41:15.021465,PHY,0x4601,1,0,na,"[0,",0,0,1,1447.8,+17.4dB,16.5us,"[0,",1,915.19,normal,0,valid,-14.4dB,-14.4dB,na,na,,,,
2025-07-30 13:41:15.025598,CSI,0x4601,2,,na,"[0,",,,1,,+34.1dB,24.7us,"[0,",1,916.8,normal,0,valid,-11.4dB,-11.5dB,0.25us,+0.6Hz,,"[6,",1111,1
2025-07-30 13:41:15.026536,PHY,0x4601,1,0,na,"[0,",0,0,1,988.7,+15.7dB,18.0us,"[0,",1,916.9,normal,0,valid,-14.3dB,-14.5dB,na,na,,,,
2025-07-30 13:41:15.030098,PHY,0x4601,2,,na,"[0,",,,11111,,+30.1dB,15.4us,"[0,",1,916.17,normal,0,valid,-11.5dB,-11.5dB,0.22us,+35.8Hz,,"[6,",,1
2025-07-30 13:41:15.031019,PHY,0x4601,1,0,na,"[0,",0,0,1,1278.7,+16.8dB,15.8us,"[0,",1,916.18,normal,0,valid,-14.3dB,-14.4dB,na,na,,,,
2025-07-30 13:41:15.031491,PHY,0x4601,1,0,na,"[0,",0,0,1,1281.5,+16.8dB,14.5us,"[0,",1,916.19,normal,0,valid,-14.3dB,-14.4dB,na,na,,,,
2025-07-30 13:41:15.035986,PHY,0x4601,1,0,na,"[0,",0,0,1,1042.9,+15.9dB,16.3us,"[0,",1,917.8,normal,0,valid,-14.4dB,-14.5dB,na,na,,,,
2025-07-30 13:41:15.036494,PHY,0x4601,1,0,na,"[0,",0,0,1,1030.0,+15.9dB,24.4us,"[0,",1,917.9,normal,0,valid,-14.4dB,-14.5dB,na,na,,,,
2025-07-30 13:41:15.040108,PHY,0x4601,2,,na,"[0,",,,11111,,+32.3dB,17.0us,"[0,",1,917.17,normal,0,valid,-11.4dB,-11.4dB,0.22us,+57.6Hz,,"[6,",,1
2025-07-30 13:41:15.040944,PHY,0x4601,1,0,na,"[0,",0,0,1,1357.6,+17.1dB,16.3us,"[0,",1,917.18,normal,0,valid,-14.3dB,-14.4dB,na,na,,,,
2025-07-30 13:41:15.041524,PHY,0x4601,1,0,na,"[0,",0,0,1,1464.3,+17.4dB,14.5us,"[0,",1,917.19,normal,0,valid,-14.4dB,-14.4dB,na,na,,,,
2025-07-30 13:41:15.045622,CSI,0x4601,2,,na,"[0,",,,1,,+32.2dB,14.1us,"[0,",1,918.8,normal,0,valid,-11.4dB,-11.5dB,0.23us,-92.0Hz,,"[6,",1111,1
2025-07-30 13:41:15.046486,PHY,0x4601,1,0,na,"[0,",0,0,1,1062.5,+16.0dB,15.8us,"[0,",1,918.9,normal,0,valid,-14.3dB,-14.4dB,na,na,,,,
2025-07-30 13:41:15.050033,PHY,0x4601,2,,na,"[0,",,,11111,,+29.3dB,15.5us,"[0,",1,918.17,normal,0,valid,-11.4dB,-11.5dB,0.24us,-73.4Hz,,"[6,",,1
2025-07-30 13:41:15.050977,PHY,0x4601,1,0,na,"[0,",0,0,1,1000.2,+15.8dB,16.3us,"[0,",1,918.18,normal,0,valid,-14.3dB,-14.4dB,na,na,,,,
2025-07-30 13:41:15.051453,PHY,0x4601,1,0,na,"[0,",0,0,1,1025.1,+15.9dB,18.1us,"[0,",1,918.19,normal,0,valid,-14.3dB,-14.4dB,na,na,,,,
2025-07-30 13:41:15.055945,PHY,0x4601,1,0,na,"[0,",0,0,1,1077.5,+16.1dB,16.7us,"[0,",1,919.8,normal,0,valid,-14.4dB,-14.5dB,na,na,,,,
2025-07-30 13:41:15.056531,PHY,0x4601,1,0,na,"[0,",0,0,1,1009.8,+15.8dB,16.0us,"[0,",1,919.9,normal,0,valid,-14.4dB,-14.5dB,na,na,,,,
2025-07-30 13:41:15.060070,PHY,0x4601,2,,na,"[0,",,,11111,,+27.9dB,14.5us,"[0,",1,919.17,normal,0,valid,-11.5dB,-11.6dB,0.23us,-76.6Hz,,"[6,",,1
2025-07-30 13:41:15.061020,PHY,0x4601,1,0,na,"[0,",0,0,1,968.6,+15.6dB,23.8us,"[0,",1,919.18,normal,0,valid,-14.4dB,-14.5dB,na,na,,,,
2025-07-30 13:41:15.061480,PHY,0x4601,1,0,na,"[0,",0,0,1,1058.6,+16.0dB,14.5us,"[0,",1,919.19,normal,0,valid,-14.3dB,-14.4dB,na,na,,,,
2025-07-30 13:41:15.065614,CSI,0x4601,2,,na,"[0,",,,1,,+31.9dB,16.7us,"[0,",1,920.8,normal,0,valid,-11.4dB,-11.4dB,0.25us,-25.8Hz,,"[6,",1111,1
2025-07-30 13:41:15.066453,PHY,0x4601,1,0,na,"[0,",0,0,1,1010.4,+15.8dB,18.0us,"[0,",1,920.9,normal,0,valid,-14.4dB,-14.5dB,na,na,,,,
2025-07-30 13:41:15.070106,PHY,0x4601,2,,na,"[0,",,,11111,,+29.0dB,15.3us,"[0,",1,920.17,normal,0,valid,-11.6dB,-11.6dB,0.23us,-2.8Hz,,"[6,",,1
2025-07-30 13:41:15.071042,PHY,0x4601,1,0,na,"[0,",0,0,1,1389.7,+17.2dB,17.5us,"[0,",1,920.18,normal,0,valid,-14.4dB,-14.5dB,na,na,,,,
2025-07-30 13:41:15.071518,PHY,0x4601,1,0,na,"[0,",0,0,1,1314.2,+16.9dB,18.1us,"[0,",1,920.19,normal,0,valid,-14.3dB,-14.4dB,na,na,,,,
2025-07-30 13:41:15.076011,PHY,0x4601,1,0,na,"[0,",0,0,1,1002.4,+15.8dB,17.3us,"[0,",1,921.8,normal,0,valid,-14.4dB,-14.5dB,na,na,,,,
2025-07-30 13:41:15.076489,PHY,0x4601,1,0,na,"[0,",0,0,1,987.3,+15.7dB,28.4us,"[0,",1,921.9,normal,0,valid,-14.4dB,-14.5dB,na,na,,,,
2025-07-30 13:41:15.080016,PHY,0x4601,2,,na,"[0,",,,11111,,+28.7dB,14.0us,"[0,",1,921.17,normal,0,valid,-11.4dB,-11.4dB,0.22us,+49.3Hz,,"[6,",,1
2025-07-30 13:41:15.080968,PHY,0x4601,1,0,na,"[0,",0,0,1,966.6,+15.6dB,15.1us,"[0,",1,921.18,normal,0,valid,-14.4dB,-14.5dB,na,na,,,,
2025-07-30 13:41:15.081451,PHY,0x4601,1,0,na,"[0,",0,0,1,979.9,+15.6dB,17.1us,"[0,",1,921.19,normal,0,valid,-14.4dB,-14.5dB,na,na,,,,
2025-07-30 13:41:15.085575,CSI,0x4601,2,,na,"[0,",,,1,,+33.8dB,12.6us,"[0,",1,922.8,normal,0,valid,-11.4dB,-11.4dB,0.23us,-133.3Hz,,"[6,",1111,1
2025-07-30 13:41:15.086510,PHY,0x4601,1,0,na,"[0,",0,0,1,964.7,+15.6dB,16.0us,"[0,",1,922.9,normal,0,valid,-14.4dB,-14.5dB,na,na,,,,
2025-07-30 13:41:15.090084,PHY,0x4601,2,,na,"[0,",,,11111,,+30.2dB,16.0us,"[0,",1,922.17,normal,0,valid,-11.4dB,-11.5dB,0.23us,-128.5Hz,,"[6,",,1
2025-07-30 13:41:15.090995,PHY,0x4601,1,0,na,"[0,",0,0,1,973.6,+15.6dB,17.3us,"[0,",1,922.18,normal,0,valid,-14.3dB,-14.5dB,na,na,,,,
2025-07-30 13:41:15.091469,PHY,0x4601,1,0,na,"[0,",0,0,1,974.4,+15.6dB,14.4us,"[0,",1,922.19,normal,0,valid,-14.3dB,-14.4dB,na,na,,,,
2025-07-30 13:41:15.095959,PHY,0x4601,1,0,na,"[0,",0,0,1,1064.5,+16.0dB,16.6us,"[0,",1,923.8,normal,0,valid,-14.4dB,-14.5dB,na,na,,,,
2025-07-30 13:41:15.096540,PHY,0x4601,1,0,na,"[0,",0,0,1,968.1,+15.6dB,14.6us,"[0,",1,923.9,normal,0,valid,-14.4dB,-14.5dB,na,na,,,,
2025-07-30 13:41:15.100092,PHY,0x4601,2,,na,"[0,",,,11111,,+31.9dB,15.8us,"[0,",1,923.17,normal,0,valid,-11.4dB,-11.4dB,0.22us,+60.5Hz,,"[6,",,1
2025-07-30 13:41:15.101027,PHY,0x4601,1,0,na,"[0,",0,0,1,1343.7,+17.0dB,17.8us,"[0,",1,923.18,normal,0,valid,-14.4dB,-14.4dB,na,na,,,,
2025-07-30 13:41:15.101500,PHY,0x4601,1,0,na,"[0,",0,0,1,1306.8,+16.9dB,15.9us,"[0,",1,923.19,normal,0,valid,-14.3dB,-14.4dB,na,na,,,,
2025-07-30 13:41:15.105593,CSI,0x4601,2,,na,"[0,",,,1,,+33.4dB,15.1us,"[0,",1,924.8,normal,0,valid,-11.4dB,-11.5dB,0.24us,+5.4Hz,,"[6,",1111,1
2025-07-30 13:41:15.106473,PHY,0x4601,1,0,na,"[0,",0,0,1,1003.5,+15.8dB,21.2us,"[0,",1,924.9,normal,0,valid,-14.4dB,-14.5dB,na,na,,,,
2025-07-30 13:41:15.110139,PHY,0x4601,2,,na,"[0,",,,11111,,+32.3dB,15.2us,"[0,",1,924.17,normal,0,valid,-11.5dB,-11.6dB,0.22us,+30.3Hz,,"[6,",,1
2025-07-30 13:41:15.110946,PHY,0x4601,1,0,na,"[0,",0,0,1,1374.4,+17.1dB,15.2us,"[0,",1,924.18,normal,0,valid,-14.3dB,-14.4dB,na,na,,,,
2025-07-30 13:41:15.111528,PHY,0x4601,1,0,na,"[0,",0,0,1,1282.9,+16.8dB,13.9us,"[0,",1,924.19,normal,0,valid,-14.3dB,-14.4dB,na,na,,,,
2025-07-30 13:41:15.116029,PHY,0x4601,1,0,na,"[0,",0,0,1,1020.9,+15.8dB,21.0us,"[0,",1,925.8,normal,0,valid,-14.4dB,-14.5dB,na,na,,,,
2025-07-30 13:41:15.116502,PHY,0x4601,1,0,na,"[0,",0,0,1,1028.6,+15.8dB,15.1us,"[0,",1,925.9,normal,0,valid,-14.4dB,-14.5dB,na,na,,,,
2025-07-30 13:41:15.120042,PHY,0x4601,2,,na,"[0,",,,11111,,+33.0dB,14.4us,"[0,",1,925.17,normal,0,valid,-11.4dB,-11.4dB,0.24us,+34.7Hz,,"[6,",,1
2025-07-30 13:41:15.120980,PHY,0x4601,1,0,na,"[0,",0,0,1,1359.9,+17.1dB,15.8us,"[0,",1,925.18,normal,0,valid,-14.4dB,-14.5dB,na,na,,,,
2025-07-30 13:41:15.121456,PHY,0x4601,1,0,na,"[0,",0,0,1,1325.3,+17.0dB,14.3us,"[0,",1,925.19,normal,0,valid,-14.3dB,-14.4dB,na,na,,,,
2025-07-30 13:41:15.125590,CSI,0x4601,2,,na,"[0,",,,1,,+29.5dB,12.7us,"[0,",1,926.8,normal,0,valid,-11.5dB,-11.5dB,0.22us,-40.5Hz,,"[6,",1111,1
2025-07-30 13:41:15.126527,PHY,0x4601,1,0,na,"[0,",0,0,1,1257.3,+16.7dB,17.4us,"[0,",1,926.9,normal,0,valid,-14.4dB,-14.5dB,na,na,,,,
2025-07-30 13:41:15.130104,PHY,0x4601,2,,na,"[0,",,,11111,,+31.9dB,16.3us,"[0,",1,926.17,normal,0,valid,-11.5dB,-11.5dB,0.24us,+73.3Hz,,"[6,",,1
2025-07-30 13:41:15.131022,PHY,0x4601,1,0,na,"[0,",0,0,1,1385.7,+17.2dB,21.7us,"[0,",1,926.18,normal,0,valid,-14.4dB,-14.5dB,na,na,,,,
2025-07-30 13:41:15.131481,PHY,0x4601,1,0,na,"[0,",0,0,1,1404.9,+17.2dB,15.3us,"[0,",1,926.19,normal,0,valid,-14.3dB,-14.4dB,na,na,,,,
2025-07-30 13:41:15.135982,PHY,0x4601,1,0,na,"[0,",0,0,1,1028.1,+15.9dB,16.2us,"[0,",1,927.8,normal,0,valid,-14.4dB,-14.5dB,na,na,,,,
2025-07-30 13:41:15.136448,PHY,0x4601,1,0,na,"[0,",0,0,1,1057.0,+16.0dB,14.2us,"[0,",1,927.9,normal,0,valid,-14.4dB,-14.5dB,na,na,,,,
2025-07-30 13:41:15.140100,PHY,0x4601,2,,na,"[0,",,,11111,,+34.8dB,15.9us,"[0,",1,927.17,normal,0,valid,-11.4dB,-11.5dB,0.23us,-60.4Hz,,"[6,",,1
2025-07-30 13:41:15.140946,PHY,0x4601,1,0,na,"[0,",0,0,1,1002.3,+15.8dB,16.1us,"[0,",1,927.18,normal,0,valid,-14.4dB,-14.5dB,na,na,,,,
2025-07-30 13:41:15.141520,PHY,0x4601,1,0,na,"[0,",0,0,1,1017.0,+15.8dB,14.4us,"[0,",1,927.19,normal,0,valid,-14.4dB,-14.5dB,na,na,,,,
2025-07-30 13:41:15.145621,CSI,0x4601,2,,na,"[0,",,,1,,+30.9dB,13.0us,"[0,",1,928.8,normal,0,valid,-11.4dB,-11.4dB,0.23us,-53.9Hz,,"[6,",1111,1
2025-07-30 13:41:15.146486,PHY,0x4601,1,0,na,"[0,",0,0,1,1287.4,+16.9dB,20.6us,"[0,",1,928.9,normal,0,valid,-14.4dB,-14.4dB,na,na,,,,
2025-07-30 13:41:15.150026,PHY,0x4601,2,,na,"[0,",,,11111,,+34.2dB,13.7us,"[0,",1,928.17,normal,0,valid,-11.5dB,-11.6dB,0.24us,-30.7Hz,,"[6,",,1
2025-07-30 13:41:15.150970,PHY,0x4601,1,0,na,"[0,",0,0,1,961.5,+15.6dB,16.8us,"[0,",1,928.18,normal,0,valid,-14.4dB,-14.5dB,na,na,,,,
2025-07-30 13:41:15.151449,PHY,0x4601,1,0,na,"[0,",0,0,1,956.7,+15.6dB,13.4us,"[0,",1,928.19,normal,0,valid,-14.4dB,-14.4dB,na,na,,,,
2025-07-30 13:41:15.156044,PHY,0x4601,1,0,na,"[0,",0,0,1,965.3,+15.6dB,16.5us,"[0,",1,929.8,normal,0,valid,-14.4dB,-14.5dB,na,na,,,,
2025-07-30 13:41:15.156525,PHY,0x4601,1,0,na,"[0,",0,0,1,1077.4,+16.1dB,15.1us,"[0,",1,929.9,normal,0,valid,-14.4dB,-14.5dB,na,na,,,,
2025-07-30 13:41:15.160059,PHY,0x4601,2,,na,"[0,",,,11111,,+30.0dB,14.4us,"[0,",1,929.17,normal,0,valid,-11.5dB,-11.6dB,0.23us,-30.5Hz,,"[6,",,1
2025-07-30 13:41:15.161001,PHY,0x4601,1,0,na,"[0,",0,0,1,1294.4,+16.8dB,16.1us,"[0,",1,929.18,normal,0,valid,-14.4dB,-14.5dB,na,na,,,,
2025-07-30 13:41:15.161475,PHY,0x4601,1,0,na,"[0,",0,0,1,1286.0,+16.8dB,13.6us,"[0,",1,929.19,normal,0,valid,-14.4dB,-14.5dB,na,na,,,,
2025-07-30 13:41:15.165600,CSI,0x4601,2,,na,"[0,",,,1,,+35.2dB,11.8us,"[0,",1,930.8,normal,0,valid,-11.4dB,-11.5dB,0.24us,+30.0Hz,,"[6,",1111,1
2025-07-30 13:41:15.166442,PHY,0x4601,1,0,na,"[0,",0,0,1,1351.2,+17.0dB,20.9us,"[0,",1,930.9,normal,0,valid,-14.4dB,-14.5dB,na,na,,,,
2025-07-30 13:41:15.170091,PHY,0x4601,2,,na,"[0,",,,11111,,+29.5dB,16.2us,"[0,",1,930.17,normal,0,valid,-11.4dB,-11.5dB,0.22us,-73.4Hz,,"[6,",,1
2025-07-30 13:41:15.171036,PHY,0x4601,1,0,na,"[0,",0,0,1,1391.0,+17.2dB,18.4us,"[0,",1,930.18,normal,0,valid,-14.4dB,-14.5dB,na,na,,,,
2025-07-30 13:41:15.171511,PHY,0x4601,1,0,na,"[0,",0,0,1,1310.1,+16.9dB,15.0us,"[0,",1,930.19,normal,0,valid,-14.4dB,-14.5dB,na,na,,,,
2025-07-30 13:41:15.176000,PHY,0x4601,1,0,na,"[0,",0,0,1,1007.7,+15.8dB,17.6us,"[0,",1,931.8,normal,0,valid,-14.4dB,-14.6dB,na,na,,,,
2025-07-30 13:41:15.176486,PHY,0x4601,1,0,na,"[0,",0,0,1,1032.8,+15.9dB,27.8us,"[0,",1,931.9,normal,0,valid,-14.4dB,-14.5dB,na,na,,,,
2025-07-30 13:41:15.180010,PHY,0x4601,2,,na,"[0,",,,11111,,+32.9dB,13.7us,"[0,",1,931.17,normal,0,valid,-11.4dB,-11.4dB,0.23us,+8.0Hz,,"[6,",,1
2025-07-30 13:41:15.180956,PHY,0x4601,1,0,na,"[0,",0,0,1,1006.7,+15.8dB,17.1us,"[0,",1,931.18,normal,0,valid,-14.4dB,-14.5dB,na,na,,,,
2025-07-30 13:41:15.181542,PHY,0x4601,1,0,na,"[0,",0,0,1,1008.0,+15.8dB,16.0us,"[0,",1,931.19,normal,0,valid,-14.3dB,-14.4dB,na,na,,,,
2025-07-30 13:41:15.185579,CSI,0x4601,2,,na,"[0,",,,1,,+29.7dB,26.6us,"[0,",1,932.8,normal,0,valid,-11.4dB,-11.4dB,0.25us,+114.9Hz,,"[6,",1111,1
2025-07-30 13:41:15.186500,PHY,0x4601,1,0,na,"[0,",0,0,1,1341.7,+17.0dB,16.2us,"[0,",1,932.9,normal,0,valid,-14.3dB,-14.4dB,na,na,,,,
2025-07-30 13:41:15.190046,PHY,0x4601,2,,na,"[0,",,,11111,,+29.6dB,16.0us,"[0,",1,932.17,normal,0,valid,-11.5dB,-11.5dB,0.24us,+94.3Hz,,"[6,",,1
2025-07-30 13:41:15.190983,PHY,0x4601,1,0,na,"[0,",0,0,1,996.8,+15.7dB,17.7us,"[0,",1,932.18,normal,0,valid,-14.4dB,-14.5dB,na,na,,,,
2025-07-30 13:41:15.191466,PHY,0x4601,1,0,na,"[0,",0,0,1,1042.6,+15.9dB,17.2us,"[0,",1,932.19,normal,0,valid,-14.3dB,-14.4dB,na,na,,,,
2025-07-30 13:41:15.195958,PHY,0x4601,1,0,na,"[0,",0,0,1,1015.8,+15.8dB,16.7us,"[0,",1,933.8,normal,0,valid,-14.4dB,-14.5dB,na,na,,,,
2025-07-30 13:41:15.196549,PHY,0x4601,1,0,na,"[0,",0,0,1,1002.4,+15.8dB,15.1us,"[0,",1,933.9,normal,0,valid,-14.4dB,-14.5dB,na,na,,,,
2025-07-30 13:41:15.200108,PHY,0x4601,2,,na,"[0,",,,11111,,+30.8dB,14.5us,"[0,",1,933.17,normal,0,valid,-11.5dB,-11.6dB,0.23us,+47.7Hz,,"[6,",,1
2025-07-30 13:41:15.201023,PHY,0x4601,1,0,na,"[0,",0,0,1,1321.8,+16.9dB,15.5us,"[0,",1,933.18,normal,0,valid,-14.3dB,-14.5dB,na,na,,,,
2025-07-30 13:41:15.201505,PHY,0x4601,1,0,na,"[0,",0,0,1,1358.5,+17.1dB,15.2us,"[0,",1,933.19,normal,0,valid,-14.4dB,-14.5dB,na,na,,,,
2025-07-30 13:41:15.205585,CSI,0x4601,2,,na,"[0,",,,1,,+29.7dB,11.3us,"[0,",1,934.8,normal,0,valid,-11.3dB,-11.4dB,0.23us,-82.2Hz,,"[6,",1111,1
2025-07-30 13:41:15.206471,PHY,0x4601,1,0,na,"[0,",0,0,1,1275.2,+16.8dB,17.5us,"[0,",1,934.9,normal,0,valid,-14.4dB,-14.5dB,na,na,,,,
2025-07-30 13:41:15.210109,PHY,0x4601,2,,na,"[0,",,,11111,,+30.6dB,14.0us,"[0,",1,934.17,normal,0,valid,-11.6dB,-11.6dB,0.23us,-22.1Hz,,"[6,",,1
2025-07-30 13:41:15.210944,PHY,0x4601,1,0,na,"[0,",0,0,1,1306.4,+16.9dB,15.6us,"[0,",1,934.18,normal,0,valid,-14.4dB,-14.5dB,na,na,,,,
2025-07-30 13:41:15.211533,PHY,0x4601,1,0,na,"[0,",0,0,1,1311.1,+16.9dB,22.0us,"[0,",1,934.19,normal,0,valid,-14.3dB,-14.4dB,na,na,,,,
2025-07-30 13:41:15.216020,PHY,0x4601,1,0,na,"[0,",0,0,1,952.1,+15.5dB,16.7us,"[0,",1,935.8,normal,0,valid,-14.4dB,-14.5dB,na,na,,,,
2025-07-30 13:41:15.216497,PHY,0x4601,1,0,na,"[0,",0,0,1,999.4,+15.7dB,26.1us,"[0,",1,935.9,normal,0,valid,-14.4dB,-14.5dB,na,na,,,,
2025-07-30 13:41:15.220033,PHY,0x4601,2,,na,"[0,",,,11111,,+29.8dB,14.1us,"[0,",1,935.17,normal,0,valid,-11.4dB,-11.5dB,0.25us,+30.8Hz,,"[6,",,1
2025-07-30 13:41:15.220982,PHY,0x4601,1,0,na,"[0,",0,0,1,977.4,+15.6dB,19.5us,"[0,",1,935.18,normal,0,valid,-14.3dB,-14.5dB,na,na,,,,
2025-07-30 13:41:15.221457,PHY,0x4601,1,0,na,"[0,",0,0,1,950.8,+15.5dB,19.0us,"[0,",1,935.19,normal,0,valid,-14.3dB,-14.4dB,na,na,,,,
2025-07-30 13:41:15.225627,CSI,0x4601,2,,na,"[0,",,,1,,+31.1dB,15.3us,"[0,",1,936.8,normal,0,valid,-11.3dB,-11.4dB,0.24us,-63.5Hz,,"[6,",1111,1
2025-07-30 13:41:15.226526,PHY,0x4601,1,0,na,"[0,",0,0,1,973.6,+15.6dB,17.4us,"[0,",1,936.9,normal,0,valid,-14.4dB,-14.5dB,na,na,,,,
2025-07-30 13:41:15.230072,PHY,0x4601,2,,na,"[0,",,,11111,,+31.6dB,13.3us,"[0,",1,936.17,normal,0,valid,-11.4dB,-11.5dB,0.24us,+111.0Hz,,"[6,",,1
2025-07-30 13:41:15.231008,PHY,0x4601,1,0,na,"[0,",0,0,1,996.2,+15.7dB,15.9us,"[0,",1,936.18,normal,0,valid,-14.4dB,-14.4dB,na,na,,,,
2025-07-30 13:41:15.231480,PHY,0x4601,1,0,na,"[0,",0,0,1,1071.0,+16.1dB,14.7us,"[0,",1,936.19,normal,0,valid,-14.4dB,-14.5dB,na,na,,,,
2025-07-30 13:41:15.235972,PHY,0x4601,1,0,na,"[0,",0,0,1,971.9,+15.6dB,16.1us,"[0,",1,937.8,normal,0,valid,-14.4dB,-14.5dB,na,na,,,,
2025-07-30 13:41:15.236447,PHY,0x4601,1,0,na,"[0,",0,0,1,1025.1,+15.8dB,15.9us,"[0,",1,937.9,normal,0,valid,-14.4dB,-14.5dB,na,na,,,,
2025-07-30 13:41:15.240102,PHY,0x4601,2,,na,"[0,",,,11111,,+29.3dB,15.5us,"[0,",1,937.17,normal,0,valid,-11.5dB,-11.5dB,0.21us,+62.0Hz,,"[6,",,1
2025-07-30 13:41:15.241041,PHY,0x4601,1,0,na,"[0,",0,0,1,1386.2,+17.2dB,16.6us,"[0,",1,937.18,normal,0,valid,-14.4dB,-14.5dB,na,na,,,,
2025-07-30 13:41:15.241513,PHY,0x4601,1,0,na,"[0,",0,0,1,1304.4,+16.9dB,15.7us,"[0,",1,937.19,normal,0,valid,-14.3dB,-14.4dB,na,na,,,,
2025-07-30 13:41:15.245609,CSI,0x4601,2,,na,"[0,",,,1,,+35.0dB,14.9us,"[0,",1,938.8,normal,0,valid,-11.5dB,-11.5dB,0.24us,-175.2Hz,,"[6,",1111,1
2025-07-30 13:41:15.246487,PHY,0x4601,1,0,na,"[0,",0,0,1,985.8,+15.7dB,18.9us,"[0,",1,938.9,normal,0,valid,-14.4dB,-14.5dB,na,na,,,,
2025-07-30 13:41:15.250016,PHY,0x4601,2,,na,"[0,",,,11111,,+34.0dB,14.5us,"[0,",1,938.17,normal,0,valid,-11.5dB,-11.6dB,0.24us,+28.9Hz,,"[6,",,1
2025-07-30 13:41:15.250965,PHY,0x4601,1,0,na,"[0,",0,0,1,1390.3,+17.2dB,16.4us,"[0,",1,938.18,normal,0,valid,-14.4dB,-14.4dB,na,na,,,,
2025-07-30 13:41:15.251448,PHY,0x4601,1,0,na,"[0,",0,0,1,1372.2,+17.1dB,17.3us,"[0,",1,938.19,normal,0,valid,-14.3dB,-14.4dB,na,na,,,,
2025-07-30 13:41:15.256037,PHY,0x4601,1,0,na,"[0,",0,0,1,999.7,+15.7dB,17.1us,"[0,",1,939.8,normal,0,valid,-14.4dB,-14.5dB,na,na,,,,
2025-07-30 13:41:15.256524,PHY,0x4601,1,0,na,"[0,",0,0,1,990.1,+15.7dB,15.1us,"[0,",1,939.9,normal,0,valid,-14.4dB,-14.5dB,na,na,,,,
2025-07-30 13:41:15.260059,PHY,0x4601,2,,na,"[0,",,,11111,,+30.9dB,14.1us,"[0,",1,939.17,normal,0,valid,-11.4dB,-11.4dB,0.23us,+77.2Hz,,"[6,",,1
2025-07-30 13:41:15.261001,PHY,0x4601,1,0,na,"[0,",0,0,1,1324.7,+17.0dB,21.7us,"[0,",1,939.18,normal,0,valid,-14.3dB,-14.4dB,na,na,,,,
2025-07-30 13:41:15.261468,PHY,0x4601,1,0,na,"[0,",0,0,1,1314.9,+16.9dB,13.6us,"[0,",1,939.19,normal,0,valid,-14.4dB,-14.5dB,na,na,,,,
2025-07-30 13:41:15.265644,CSI,0x4601,2,,na,"[0,",,,1,,+31.0dB,15.8us,"[0,",1,940.8,normal,0,valid,-11.5dB,-11.5dB,0.23us,+37.6Hz,,"[6,",1111,1
2025-07-30 13:41:15.266542,PHY,0x4601,1,0,na,"[0,",0,0,1,1335.0,+17.0dB,16.7us,"[0,",1,940.9,normal,0,valid,-14.4dB,-14.5dB,na,na,,,,
2025-07-30 13:41:15.270094,PHY,0x4601,2,,na,"[0,",,,11111,,+30.8dB,17.4us,"[0,",1,940.17,normal,0,valid,-11.5dB,-11.5dB,0.22us,-52.7Hz,,"[6,",,1
2025-07-30 13:41:15.271025,PHY,0x4601,1,0,na,"[0,",0,0,1,1202.5,+16.5dB,15.9us,"[0,",1,940.18,normal,0,valid,-14.4dB,-14.5dB,na,na,,,,
2025-07-30 13:41:15.271504,PHY,0x4601,1,0,na,"[0,",0,0,1,1349.3,+17.0dB,13.5us,"[0,",1,940.19,normal,0,valid,-14.4dB,-14.5dB,na,na,,,,
2025-07-30 13:41:15.275995,PHY,0x4601,1,0,na,"[0,",0,0,1,976.8,+15.7dB,18.1us,"[0,",1,941.8,normal,0,valid,-14.4dB,-14.5dB,na,na,,,,
2025-07-30 13:41:15.276462,PHY,0x4601,1,0,na,"[0,",0,0,1,966.7,+15.6dB,14.6us,"[0,",1,941.9,normal,0,valid,-14.4dB,-14.5dB,na,na,,,,
2025-07-30 13:41:15.280129,PHY,0x4601,2,,na,"[0,",,,11111,,+32.1dB,14.8us,"[0,",1,941.17,normal,0,valid,-11.5dB,-11.5dB,0.21us,+36.6Hz,,"[6,",,1
2025-07-30 13:41:15.280956,PHY,0x4601,1,0,na,"[0,",0,0,1,1342.7,+17.0dB,23.4us,"[0,",1,941.18,normal,0,valid,-14.3dB,-14.4dB,na,na,,,,
2025-07-30 13:41:15.281535,PHY,0x4601,1,0,na,"[0,",0,0,1,1303.7,+16.9dB,14.5us,"[0,",1,941.19,normal,0,valid,-14.3dB,-14.4dB,na,na,,,,
2025-07-30 13:41:15.285560,CSI,0x4601,2,,na,"[0,",,,1,,+31.7dB,15.0us,"[0,",1,942.8,normal,0,valid,-11.3dB,-11.4dB,0.25us,-15.4Hz,,"[6,",1111,1
2025-07-30 13:41:15.286494,PHY,0x4601,1,0,na,"[0,",0,0,1,1008.6,+15.8dB,15.6us,"[0,",1,942.9,normal,0,valid,-14.4dB,-14.5dB,na,na,,,,
2025-07-30 13:41:15.290043,PHY,0x4601,2,,na,"[0,",,,11111,,+32.2dB,20.8us,"[0,",1,942.17,normal,0,valid,-11.5dB,-11.5dB,0.24us,-7.8Hz,,"[6,",,1
2025-07-30 13:41:15.290984,PHY,0x4601,1,0,na,"[0,",0,0,1,1278.2,+16.8dB,15.3us,"[0,",1,942.18,normal,0,valid,-14.4dB,-14.4dB,na,na,,,,
2025-07-30 13:41:15.291456,PHY,0x4601,1,0,na,"[0,",0,0,1,1244.8,+16.7dB,15.0us,"[0,",1,942.19,normal,0,valid,-14.3dB,-14.4dB,na,na,,,,
2025-07-30 13:41:15.295954,PHY,0x4601,1,0,na,"[0,",0,0,1,992.2,+15.7dB,16.5us,"[0,",1,943.8,normal,0,valid,-14.4dB,-14.5dB,na,na,,,,
2025-07-30 13:41:15.296532,PHY,0x4601,1,0,na,"[0,",0,0,1,992.2,+15.7dB,14.1us,"[0,",1,943.9,normal,0,valid,-14.4dB,-14.5dB,na,na,,,,
2025-07-30 13:41:15.300072,PHY,0x4601,2,,na,"[0,",,,11111,,+33.3dB,15.4us,"[0,",1,943.17,normal,0,valid,-11.4dB,-11.4dB,0.23us,+98.5Hz,,"[6,",,1
2025-07-30 13:41:15.301010,PHY,0x4601,1,0,na,"[0,",0,0,1,1114.5,+16.2dB,15.3us,"[0,",1,943.18,normal,0,valid,-14.4dB,-14.5dB,na,na,,,,
2025-07-30 13:41:15.301485,PHY,0x4601,1,0,na,"[0,",0,0,1,1031.3,+15.9dB,14.6us,"[0,",1,943.19,normal,0,valid,-14.3dB,-14.4dB,na,na,,,,
2025-07-30 13:41:15.305613,CSI,0x4601,2,,na,"[0,",,,1,,+30.5dB,15.4us,"[0,",1,944.8,normal,0,valid,-11.3dB,-11.4dB,0.23us,-62.3Hz,,"[6,",1111,1
2025-07-30 13:41:15.306452,PHY,0x4601,1,0,na,"[0,",0,0,1,1223.3,+16.6dB,15.5us,"[0,",1,944.9,normal,0,valid,-14.4dB,-14.4dB,na,na,,,,
2025-07-30 13:41:15.310098,PHY,0x4601,2,,na,"[0,",,,11111,,+30.1dB,13.3us,"[0,",1,944.17,normal,0,valid,-11.5dB,-11.5dB,0.25us,-57.8Hz,,"[6,",,1
2025-07-30 13:41:15.310947,PHY,0x4601,1,0,na,"[0,",0,0,1,1190.4,+16.5dB,21.3us,"[0,",1,944.18,normal,0,valid,-14.3dB,-14.4dB,na,na,,,,
2025-07-30 13:41:15.311523,PHY,0x4601,1,0,na,"[0,",0,0,1,1315.4,+16.9dB,14.9us,"[0,",1,944.19,normal,0,valid,-14.4dB,-14.5dB,na,na,,,,
2025-07-30 13:41:15.316021,PHY,0x4601,1,0,na,"[0,",0,0,1,1006.1,+15.8dB,21.0us,"[0,",1,945.8,normal,0,valid,-14.4dB,-14.5dB,na,na,,,,
2025-07-30 13:41:15.316502,PHY,0x4601,1,0,na,"[0,",0,0,1,1013.0,+15.8dB,36.2us,"[0,",1,945.9,normal,0,valid,-14.4dB,-14.6dB,na,na,,,,
2025-07-30 13:41:15.320040,PHY,0x4601,2,,na,"[0,",,,11111,,+32.4dB,19.6us,"[0,",1,945.17,normal,0,valid,-11.4dB,-11.5dB,0.23us,-37.1Hz,,"[6,",,1
2025-07-30 13:41:15.320977,PHY,0x4601,1,0,na,"[0,",0,0,1,1238.1,+16.7dB,19.8us,"[0,",1,945.18,normal,0,valid,-14.3dB,-14.4dB,na,na,,,,
2025-07-30 13:41:15.321451,PHY,0x4601,1,0,na,"[0,",0,0,1,1242.5,+16.7dB,17.9us,"[0,",1,945.19,normal,0,valid,-14.4dB,-14.4dB,na,na,,,,
2025-07-30 13:41:15.325574,CSI,0x4601,2,,na,"[0,",,,1,,+31.8dB,16.0us,"[0,",1,946.8,normal,0,valid,-11.3dB,-11.4dB,0.24us,-60.5Hz,,"[6,",1111,1
2025-07-30 13:41:15.326517,PHY,0x4601,1,0,na,"[0,",0,0,1,1009.1,+15.8dB,19.8us,"[0,",1,946.9,normal,0,valid,-14.4dB,-14.5dB,na,na,,,,
2025-07-30 13:41:15.330072,PHY,0x4601,2,,na,"[0,",,,11111,,+31.5dB,16.4us,"[0,",1,946.17,normal,0,valid,-11.5dB,-11.5dB,0.25us,+70.8Hz,,"[6,",,1
2025-07-30 13:41:15.331009,PHY,0x4601,1,0,na,"[0,",0,0,1,968.2,+15.6dB,16.9us,"[0,",1,946.18,normal,0,valid,-14.4dB,-14.5dB,na,na,,,,
2025-07-30 13:41:15.331484,PHY,0x4601,1,0,na,"[0,",0,0,1,1006.1,+15.7dB,15.4us,"[0,",1,946.19,normal,0,valid,-14.4dB,-14.5dB,na,na,,,,
2025-07-30 13:41:15.335973,PHY,0x4601,1,0,na,"[0,",0,0,1,963.3,+15.6dB,20.8us,"[0,",1,947.8,normal,0,valid,-14.4dB,-14.5dB,na,na,,,,
2025-07-30 13:41:15.336443,PHY,0x4601,1,0,na,"[0,",0,0,1,972.7,+15.6dB,15.0us,"[0,",1,947.9,normal,0,valid,-14.4dB,-14.5dB,na,na,,,,
2025-07-30 13:41:15.340118,PHY,0x4601,2,,na,"[0,",,,11111,,+29.7dB,17.3us,"[0,",1,947.17,normal,0,valid,-11.5dB,-11.5dB,0.22us,+19.1Hz,,"[6,",,1
2025-07-30 13:41:15.341031,PHY,0x4601,1,0,na,"[0,",0,0,1,967.2,+15.6dB,16.8us,"[0,",1,947.18,normal,0,valid,-14.4dB,-14.5dB,na,na,,,,
2025-07-30 13:41:15.341505,PHY,0x4601,1,0,na,"[0,",0,0,1,974.6,+15.6dB,14.3us,"[0,",1,947.19,normal,0,valid,-14.3dB,-14.5dB,na,na,,,,
2025-07-30 13:41:15.345602,CSI,0x4601,2,,na,"[0,",,,1,,+31.2dB,14.3us,"[0,",1,948.8,normal,0,valid,-11.4dB,-11.5dB,0.24us,+42.9Hz,,"[6,",1111,1
2025-07-30 13:41:15.346472,PHY,0x4601,1,0,na,"[0,",0,0,1,925.9,+15.4dB,17.0us,"[0,",1,948.9,normal,0,valid,-14.4dB,-14.5dB,na,na,,,,
2025-07-30 13:41:15.350009,PHY,0x4601,2,,na,"[0,",,,11111,,+30.9dB,14.4us,"[0,",1,948.17,normal,0,valid,-11.4dB,-11.5dB,0.22us,+83.2Hz,,"[6,",,1
2025-07-30 13:41:15.350963,PHY,0x4601,1,0,na,"[0,",0,0,1,961.0,+15.6dB,15.8us,"[0,",1,948.18,normal,0,valid,-14.3dB,-14.5dB,na,na,,,,
2025-07-30 13:41:15.351539,PHY,0x4601,1,0,na,"[0,",0,0,1,982.6,+15.7dB,15.3us,"[0,",1,948.19,normal,0,valid,-14.3dB,-14.5dB,na,na,,,,
2025-07-30 13:41:15.356045,PHY,0x4601,1,0,na,"[0,",0,0,1,939.0,+15.5dB,19.9us,"[0,",1,949.8,normal,0,valid,-14.4dB,-14.5dB,na,na,,,,
2025-07-30 13:41:15.356521,PHY,0x4601,1,0,na,"[0,",0,0,1,997.3,+15.7dB,14.7us,"[0,",1,949.9,normal,0,valid,-14.4dB,-14.5dB,na,na,,,,
2025-07-30 13:41:15.360047,PHY,0x4601,2,,na,"[0,",,,11111,,+27.9dB,15.4us,"[0,",1,949.17,normal,0,valid,-11.5dB,-11.5dB,0.22us,-38.1Hz,,"[6,",,1
2025-07-30 13:41:15.360984,PHY,0x4601,1,0,na,"[0,",0,0,1,1338.0,+17.0dB,17.6us,"[0,",1,949.18,normal,0,valid,-14.4dB,-14.4dB,na,na,,,,
2025-07-30 13:41:15.361479,PHY,0x4601,1,0,na,"[0,",0,0,1,1390.6,+17.2dB,16.9us,"[0,",1,949.19,normal,0,valid,-14.4dB,-14.5dB,na,na,,,,
2025-07-30 13:41:15.365593,CSI,0x4601,2,,na,"[0,",,,1,,+30.0dB,13.5us,"[0,",1,950.8,normal,0,valid,-11.5dB,-11.5dB,0.23us,+22.6Hz,,"[6,",1111,1
2025-07-30 13:41:15.366545,PHY,0x4601,1,0,na,"[0,",0,0,1,1268.6,+16.8dB,20.2us,"[0,",1,950.9,normal,0,valid,-14.4dB,-14.4dB,na,na,,,,
2025-07-30 13:41:15.370082,PHY,0x4601,2,,na,"[0,",,,11111,,+28.5dB,14.8us,"[0,",1,950.17,normal,0,valid,-11.4dB,-11.5dB,0.25us,+69.9Hz,,"[6,",,1
2025-07-30 13:41:15.371020,PHY,0x4601,1,0,na,"[0,",0,0,1,1000.6,+15.7dB,18.3us,"[0,",1,950.18,normal,0,valid,-14.4dB,-14.5dB,na,na,,,,
2025-07-30 13:41:15.371486,PHY,0x4601,1,0,na,"[0,",0,0,1,1011.1,+15.8dB,14.8us,"[0,",1,950.19,normal,0,valid,-14.4dB,-14.5dB,na,na,,,,
2025-07-30 13:41:15.375987,PHY,0x4601,1,0,na,"[0,",0,0,1,982.2,+15.7dB,23.5us,"[0,",1,951.8,normal,0,valid,-14.4dB,-14.5dB,na,na,,,,
2025-07-30 13:41:15.376448,PHY,0x4601,1,0,na,"[0,",0,0,1,984.3,+15.7dB,14.8us,"[0,",1,951.9,normal,0,valid,-14.4dB,-14.5dB,na,na,,,,
2025-07-30 13:41:15.380115,PHY,0x4601,2,,na,"[0,",,,11111,,+32.0dB,17.9us,"[0,",1,951.17,normal,0,valid,-11.4dB,-11.4dB,0.22us,-3.0Hz,,"[6,",,1
2025-07-30 13:41:15.380940,PHY,0x4601,1,0,na,"[0,",0,0,1,1016.5,+15.8dB,16.4us,"[0,",1,951.18,normal,0,valid,-14.4dB,-14.5dB,na,na,,,,
2025-07-30 13:41:15.381520,PHY,0x4601,1,0,na,"[0,",0,0,1,1022.2,+15.8dB,14.1us,"[0,",1,951.19,normal,0,valid,-14.3dB,-14.5dB,na,na,,,,
2025-07-30 13:41:15.385618,CSI,0x4601,2,,na,"[0,",,,1,,+28.5dB,14.6us,"[0,",1,952.8,normal,0,valid,-11.4dB,-11.5dB,0.24us,+47.7Hz,,"[6,",1111,1
2025-07-30 13:41:15.386485,PHY,0x4601,1,0,na,"[0,",0,0,1,994.9,+15.7dB,17.3us,"[0,",1,952.9,normal,0,valid,-14.4dB,-14.5dB,na,na,,,,
2025-07-30 13:41:15.390027,PHY,0x4601,2,,na,"[0,",,,11111,,+34.9dB,14.2us,"[0,",1,952.17,normal,0,valid,-11.4dB,-11.5dB,0.24us,-11.5Hz,,"[6,",,1
2025-07-30 13:41:15.390970,PHY,0x4601,1,0,na,"[0,",0,0,1,1234.6,+16.6dB,16.6us,"[0,",1,952.18,normal,0,valid,-14.3dB,-14.4dB,na,na,,,,
2025-07-30 13:41:15.391444,PHY,0x4601,1,0,na,"[0,",0,0,1,1262.6,+16.8dB,16.0us,"[0,",1,952.19,normal,0,valid,-14.4dB,-14.4dB,na,na,,,,
2025-07-30 13:41:15.395942,PHY,0x4601,1,0,na,"[0,",0,0,1,1003.2,+15.7dB,18.4us,"[0,",1,953.8,normal,0,valid,-14.4dB,-14.5dB,na,na,,,,
2025-07-30 13:41:15.396519,PHY,0x4601,1,0,na,"[0,",0,0,1,926.2,+15.4dB,13.9us,"[0,",1,953.9,normal,0,valid,-14.4dB,-14.5dB,na,na,,,,
2025-07-30 13:41:15.400065,PHY,0x4601,2,,na,"[0,",,,11111,,+30.3dB,14.4us,"[0,",1,953.17,normal,0,valid,-11.4dB,-11.5dB,0.24us,-82.3Hz,,"[6,",,1
2025-07-30 13:41:15.401000,PHY,0x4601,1,0,na,"[0,",0,0,1,1015.5,+15.8dB,15.3us,"[0,",1,953.18,normal,0,valid,-14.4dB,-14.5dB,na,na,,,,
2025-07-30 13:41:15.401482,PHY,0x4601,1,0,na,"[0,",0,0,1,958.4,+15.6dB,18.2us,"[0,",1,953.19,normal,0,valid,-14.4dB,-14.5dB,na,na,,,,
2025-07-30 13:41:15.405607,CSI,0x4601,2,,na,"[0,",,,1,,+33.1dB,13.6us,"[0,",1,954.8,normal,0,valid,-11.4dB,-11.4dB,0.24us,-32.4Hz,,"[6,",1111,1
2025-07-30 13:41:15.406439,PHY,0x4601,1,0,na,"[0,",0,0,1,1285.9,+16.8dB,15.8us,"[0,",1,954.9,normal,0,valid,-14.4dB,-14.5dB,na,na,,,,
2025-07-30 13:41:15.410090,PHY,0x4601,2,,na,"[0,",,,11111,,+28.0dB,13.7us,"[0,",1,954.17,normal,0,valid,-11.5dB,-11.5dB,0.23us,+91.9Hz,,"[6,",,1
2025-07-30 13:41:15.411031,PHY,0x4601,1,0,na,"[0,",0,0,1,1027.8,+15.9dB,16.4us,"[0,",1,954.18,normal,0,valid,-14.4dB,-14.5dB,na,na,,,,
2025-07-30 13:41:15.411502,PHY,0x4601,1,0,na,"[0,",0,0,1,1004.6,+15.8dB,14.8us,"[0,",1,954.19,normal,0,valid,-14.4dB,-14.5dB,na,na,,,,
2025-07-30 13:41:15.416005,PHY,0x4601,1,0,na,"[0,",0,0,1,1053.1,+16.0dB,15.5us,"[0,",1,955.8,normal,0,valid,-14.4dB,-14.5dB,na,na,,,,
2025-07-30 13:41:15.416469,PHY,0x4601,1,0,na,"[0,",0,0,1,976.9,+15.7dB,14.1us,"[0,",1,955.9,normal,0,valid,-14.4dB,-14.5dB,na,na,,,,
2025-07-30 13:41:15.420010,PHY,0x4601,2,,na,"[0,",,,11111,,+29.8dB,12.9us,"[0,",1,955.17,normal,0,valid,-11.4dB,-11.5dB,0.26us,-49.7Hz,,"[6,",,1
2025-07-30 13:41:15.420957,PHY,0x4601,1,0,na,"[0,",0,0,1,1296.4,+16.9dB,15.3us,"[0,",1,955.18,normal,0,valid,-14.4dB,-14.5dB,na,na,,,,
2025-07-30 13:41:15.421428,PHY,0x4601,1,0,na,"[0,",0,0,1,1199.0,+16.5dB,13.2us,"[0,",1,955.19,normal,0,valid,-14.3dB,-14.4dB,na,na,,,,
2025-07-30 13:41:15.425564,CSI,0x4601,2,,na,"[0,",,,1,,+33.3dB,12.3us,"[0,",1,956.8,normal,0,valid,-11.3dB,-11.4dB,0.26us,-32.8Hz,,"[6,",1111,1
2025-07-30 13:41:15.426507,PHY,0x4601,1,0,na,"[0,",0,0,1,993.2,+15.7dB,15.6us,"[0,",1,956.9,normal,0,valid,-14.3dB,-14.4dB,na,na,,,,
2025-07-30 13:41:15.430048,PHY,0x4601,2,,na,"[0,",,,11111,,+30.6dB,14.9us,"[0,",1,956.17,normal,0,valid,-11.6dB,-11.6dB,0.26us,+79.9Hz,,"[6,",,1
2025-07-30 13:41:15.430984,PHY,0x4601,1,0,na,"[0,",0,0,1,1326.7,+17.0dB,14.7us,"[0,",1,956.18,normal,0,valid,-14.3dB,-14.4dB,na,na,,,,
2025-07-30 13:41:15.431468,PHY,0x4601,1,0,na,"[0,",0,0,1,1235.4,+16.7dB,17.7us,"[0,",1,956.19,normal,0,valid,-14.3dB,-14.4dB,na,na,,,,
2025-07-30 13:41:15.435960,PHY,0x4601,1,0,na,"[0,",0,0,1,1013.8,+15.8dB,17.0us,"[0,",1,957.8,normal,0,valid,-14.4dB,-14.5dB,na,na,,,,
2025-07-30 13:41:15.436535,PHY,0x4601,1,0,na,"[0,",0,0,1,1018.6,+15.8dB,14.5us,"[0,",1,957.9,normal,0,valid,-14.4dB,-14.6dB,na,na,,,,
2025-07-30 13:41:15.440116,PHY,0x4601,2,,na,"[0,",,,11111,,+31.8dB,27.3us,"[0,",1,957.17,normal,0,valid,-11.4dB,-11.4dB,0.24us,-39.6Hz,,"[6,",,1
2025-07-30 13:41:15.441018,PHY,0x4601,1,0,na,"[0,",0,0,1,1301.1,+16.9dB,16.0us,"[0,",1,957.18,normal,0,valid,-14.4dB,-14.5dB,na,na,,,,
2025-07-30 13:41:15.441497,PHY,0x4601,1,0,na,"[0,",0,0,1,1279.9,+16.8dB,13.9us,"[0,",1,957.19,normal,0,valid,-14.4dB,-14.5dB,na,na,,,,
2025-07-30 13:41:15.445591,CSI,0x4601,2,,na,"[0,",,,1,,+33.0dB,12.1us,"[0,",1,958.8,normal,0,valid,-11.4dB,-11.5dB,0.23us,-35.6Hz,,"[6,",1111,1
2025-07-30 13:41:15.446473,PHY,0x4601,1,0,na,"[0,",0,0,1,980.9,+15.7dB,25.2us,"[0,",1,958.9,normal,0,valid,-14.4dB,-14.5dB,na,na,,,,
2025-07-30 13:41:15.450139,PHY,0x4601,2,,na,"[0,",,,11111,,+30.0dB,14.3us,"[0,",1,958.17,normal,0,valid,-11.4dB,-11.4dB,0.22us,+77.3Hz,,"[6,",,1
2025-07-30 13:41:15.450955,PHY,0x4601,1,0,na,"[0,",0,0,1,1029.5,+15.9dB,23.9us,"[0,",1,958.18,normal,0,valid,-14.3dB,-14.5dB,na,na,,,,
2025-07-30 13:41:15.451535,PHY,0x4601,1,0,na,"[0,",0,0,1,937.8,+15.5dB,16.3us,"[0,",1,958.19,normal,0,valid,-14.3dB,-14.5dB,na,na,,,,
2025-07-30 13:41:15.456032,PHY,0x4601,1,0,na,"[0,",0,0,1,1007.0,+15.7dB,20.0us,"[0,",1,959.8,normal,0,valid,-14.4dB,-14.5dB,na,na,,,,
2025-07-30 13:41:15.456507,PHY,0x4601,1,0,na,"[0,",0,0,1,974.7,+15.6dB,15.1us,"[0,",1,959.9,normal,0,valid,-14.4dB,-14.5dB,na,na,,,,
2025-07-30 13:41:15.460040,PHY,0x4601,2,,na,"[0,",,,11111,,+29.8dB,15.2us,"[0,",1,959.17,normal,0,valid,-11.5dB,-11.5dB,0.24us,-3.2Hz,,"[6,",,1
2025-07-30 13:41:15.460985,PHY,0x4601,1,0,na,"[0,",0,0,1,1311.8,+16.9dB,20.2us,"[0,",1,959.18,normal,0,valid,-14.4dB,-14.4dB,na,na,,,,
2025-07-30 13:41:15.461460,PHY,0x4601,1,0,na,"[0,",0,0,1,1203.0,+16.5dB,14.1us,"[0,",1,959.19,normal,0,valid,-14.4dB,-14.5dB,na,na,,,,
2025-07-30 13:41:15.465595,CSI,0x4601,2,,na,"[0,",,,1,,+34.4dB,13.6us,"[0,",1,960.8,normal,0,valid,-11.3dB,-11.4dB,0.24us,-62.8Hz,,"[6,",1111,1
2025-07-30 13:41:15.466532,PHY,0x4601,1,0,na,"[0,",0,0,1,1000.8,+15.7dB,18.1us,"[0,",1,960.9,normal,0,valid,-14.3dB,-14.5dB,na,na,,,,
2025-07-30 13:41:15.470072,PHY,0x4601,2,,na,"[0,",,,11111,,+31.3dB,13.5us,"[0,",1,960.17,normal,0,valid,-11.5dB,-11.6dB,0.25us,+101.8Hz,,"[6,",,1
2025-07-30 13:41:15.471010,PHY,0x4601,1,0,na,"[0,",0,0,1,1212.8,+16.6dB,15.5us,"[0,",1,960.18,normal,0,valid,-14.4dB,-14.5dB,na,na,,,,
2025-07-30 13:41:15.471484,PHY,0x4601,1,0,na,"[0,",0,0,1,1329.2,+17.0dB,14.7us,"[0,",1,960.19,normal,0,valid,-14.4dB,-14.4dB,na,na,,,,
2025-07-30 13:41:15.475986,PHY,0x4601,1,0,na,"[0,",0,0,1,985.3,+15.7dB,15.8us,"[0,",1,961.8,normal,0,valid,-14.4dB,-14.5dB,na,na,,,,
2025-07-30 13:41:15.476447,PHY,0x4601,1,0,na,"[0,",0,0,1,968.0,+15.6dB,14.5us,"[0,",1,961.9,normal,0,valid,-14.4dB,-14.5dB,na,na,,,,
2025-07-30 13:41:15.480129,PHY,0x4601,2,,na,"[0,",,,11111,,+30.2dB,20.0us,"[0,",1,961.17,normal,0,valid,-11.4dB,-11.4dB,0.23us,-79.1Hz,,"[6,",,1
2025-07-30 13:41:15.480940,PHY,0x4601,1,0,na,"[0,",0,0,1,972.6,+15.6dB,16.5us,"[0,",1,961.18,normal,0,valid,-14.4dB,-14.5dB,na,na,,,,
2025-07-30 13:41:15.481521,PHY,0x4601,1,0,na,"[0,",0,0,1,954.5,+15.6dB,13.7us,"[0,",1,961.19,normal,0,valid,-14.4dB,-14.5dB,na,na,,,,
2025-07-30 13:41:15.485606,CSI,0x4601,2,,na,"[0,",,,1,,+30.3dB,12.4us,"[0,",1,962.8,normal,0,valid,-11.4dB,-11.5dB,0.24us,+57.4Hz,,"[6,",1111,1
2025-07-30 13:41:15.486492,PHY,0x4601,1,0,na,"[0,",0,0,1,1384.8,+17.1dB,21.8us,"[0,",1,962.9,normal,0,valid,-14.4dB,-14.5dB,na,na,,,,
2025-07-30 13:41:15.490026,PHY,0x4601,2,,na,"[0,",,,11111,,+28.2dB,15.9us,"[0,",1,962.17,normal,0,valid,-11.5dB,-11.6dB,0.22us,-46.2Hz,,"[6,",,1
2025-07-30 13:41:15.490982,PHY,0x4601,1,0,na,"[0,",0,0,1,1303.6,+16.9dB,22.1us,"[0,",1,962.18,normal,0,valid,-14.4dB,-14.5dB,na,na,,,,
2025-07-30 13:41:15.491451,PHY,0x4601,1,0,na,"[0,",0,0,1,1300.8,+16.9dB,17.1us,"[0,",1,962.19,normal,0,valid,-14.4dB,-14.4dB,na,na,,,,
2025-07-30 13:41:15.496041,PHY,0x4601,1,0,na,"[0,",0,0,1,1045.0,+15.9dB,17.0us,"[0,",1,963.8,normal,0,valid,-14.4dB,-14.5dB,na,na,,,,
2025-07-30 13:41:15.496520,PHY,0x4601,1,0,na,"[0,",0,0,1,1032.6,+15.9dB,14.1us,"[0,",1,963.9,normal,0,valid,-14.4dB,-14.5dB,na,na,,,,
2025-07-30 13:41:15.500056,PHY,0x4601,2,,na,"[0,",,,11111,,+29.2dB,14.1us,"[0,",1,963.17,normal,0,valid,-11.6dB,-11.7dB,0.23us,+35.3Hz,,"[6,",,1
2025-07-30 13:41:15.500998,PHY,0x4601,1,0,na,"[0,",0,0,1,967.2,+15.6dB,15.2us,"[0,",1,963.18,normal,0,valid,-14.4dB,-14.5dB,na,na,,,,
2025-07-30 13:41:15.501473,PHY,0x4601,1,0,na,"[0,",0,0,1,970.2,+15.6dB,13.4us,"[0,",1,963.19,normal,0,valid,-14.4dB,-14.5dB,na,na,,,,
2025-07-30 13:41:15.505597,CSI,0x4601,2,,na,"[0,",,,1,,+32.3dB,13.4us,"[0,",1,964.8,normal,0,valid,-11.4dB,-11.5dB,0.24us,-72.3Hz,,"[6,",1111,1
2025-07-30 13:41:15.506440,PHY,0x4601,1,0,na,"[0,",0,0,1,1298.7,+16.8dB,15.6us,"[0,",1,964.9,normal,0,valid,-14.4dB,-14.5dB,na,na,,,,
2025-07-30 13:41:15.510092,PHY,0x4601,2,,na,"[0,",,,11111,,+32.1dB,14.2us,"[0,",1,964.17,normal,0,valid,-11.4dB,-11.5dB,0.24us,+49.2Hz,,"[6,",,1
2025-07-30 13:41:15.511035,PHY,0x4601,1,0,na,"[0,",0,0,1,1005.3,+15.7dB,18.8us,"[0,",1,964.18,normal,0,valid,-14.4dB,-14.5dB,na,na,,,,
2025-07-30 13:41:15.511508,PHY,0x4601,1,0,na,"[0,",0,0,1,968.3,+15.6dB,13.7us,"[0,",1,964.19,normal,0,valid,-14.3dB,-14.5dB,na,na,,,,
2025-07-30 13:41:15.516010,PHY,0x4601,1,0,na,"[0,",0,0,1,1007.7,+15.8dB,17.3us,"[0,",1,965.8,normal,0,valid,-14.4dB,-14.5dB,na,na,,,,
2025-07-30 13:41:15.516482,PHY,0x4601,1,0,na,"[0,",0,0,1,968.8,+15.6dB,22.9us,"[0,",1,965.9,normal,0,valid,-14.4dB,-14.5dB,na,na,,,,
2025-07-30 13:41:15.520006,PHY,0x4601,2,,na,"[0,",,,11111,,+29.6dB,13.3us,"[0,",1,965.17,normal,0,valid,-11.5dB,-11.6dB,0.24us,-40.2Hz,,"[6,",,1
2025-07-30 13:41:15.520956,PHY,0x4601,1,0,na,"[0,",0,0,1,1291.5,+16.8dB,16.3us,"[0,",1,965.18,normal,0,valid,-14.4dB,-14.5dB,na,na,,,,
2025-07-30 13:41:15.521536,PHY,0x4601,1,0,na,"[0,",0,0,1,1262.8,+16.7dB,13.4us,"[0,",1,965.19,normal,0,valid,-14.4dB,-14.5dB,na,na,,,,
2025-07-30 13:41:15.525560,CSI,0x4601,2,,na,"[0,",,,1,,+32.4dB,14.7us,"[0,",1,966.8,normal,0,valid,-11.4dB,-11.5dB,0.26us,+59.7Hz,,"[6,",1111,1
2025-07-30 13:41:15.526501,PHY,0x4601,1,0,na,"[0,",0,0,1,945.8,+15.5dB,15.8us,"[0,",1,966.9,normal,0,valid,-14.4dB,-14.5dB,na,na,,,,
2025-07-30 13:41:15.530059,PHY,0x4601,2,,na,"[0,",,,11111,,+33.4dB,15.1us,"[0,",1,966.17,normal,0,valid,-11.5dB,-11.5dB,0.24us,+61.4Hz,,"[6,",,1
2025-07-30 13:41:15.530981,PHY,0x4601,1,0,na,"[0,",0,0,1,984.3,+15.7dB,15.7us,"[0,",1,966.18,normal,0,valid,-14.3dB,-14.4dB,na,na,,,,
2025-07-30 13:41:15.531469,PHY,0x4601,1,0,na,"[0,",0,0,1,959.9,+15.6dB,13.8us,"[0,",1,966.19,normal,0,valid,-14.4dB,-14.5dB,na,na,,,,
2025-07-30 13:41:15.535962,PHY,0x4601,1,0,na,"[0,",0,0,1,990.9,+15.7dB,17.9us,"[0,",1,967.8,normal,0,valid,-14.4dB,-14.5dB,na,na,,,,
2025-07-30 13:41:15.536538,PHY,0x4601,1,0,na,"[0,",0,0,1,918.6,+15.3dB,16.1us,"[0,",1,967.9,normal,0,valid,-14.4dB,-14.5dB,na,na,,,,
2025-07-30 13:41:15.540094,PHY,0x4601,2,,na,"[0,",,,11111,,+33.2dB,15.8us,"[0,",1,967.17,normal,0,valid,-11.4dB,-11.4dB,0.22us,-22.0Hz,,"[6,",,1
2025-07-30 13:41:15.541027,PHY,0x4601,1,0,na,"[0,",0,0,1,1267.1,+16.8dB,25.1us,"[0,",1,967.18,normal,0,valid,-14.4dB,-14.4dB,na,na,,,,
2025-07-30 13:41:15.541505,PHY,0x4601,1,0,na,"[0,",0,0,1,1208.9,+16.6dB,21.1us,"[0,",1,967.19,normal,0,valid,-14.4dB,-14.4dB,na,na,,,,
2025-07-30 13:41:15.545599,CSI,0x4601,2,,na,"[0,",,,1,,+34.4dB,12.7us,"[0,",1,968.8,normal,0,valid,-11.4dB,-11.4dB,0.21us,-19.0Hz,,"[6,",1111,1
2025-07-30 13:41:15.546461,PHY,0x4601,1,0,na,"[0,",0,0,1,987.3,+15.7dB,19.8us,"[0,",1,968.9,normal,0,valid,-14.4dB,-14.5dB,na,na,,,,
2025-07-30 13:41:15.550137,PHY,0x4601,2,,na,"[0,",,,11111,,+34.2dB,14.2us,"[0,",1,968.17,normal,0,valid,-11.5dB,-11.5dB,0.23us,+123.8Hz,,"[6,",,1
2025-07-30 13:41:15.550946,PHY,0x4601,1,0,na,"[0,",0,0,1,1000.2,+15.7dB,16.1us,"[0,",1,968.18,normal,0,valid,-14.3dB,-14.5dB,na,na,,,,
2025-07-30 13:41:15.551529,PHY,0x4601,1,0,na,"[0,",0,0,1,955.3,+15.6dB,15.8us,"[0,",1,968.19,normal,0,valid,-14.3dB,-14.4dB,na,na,,,,
2025-07-30 13:41:15.556019,PHY,0x4601,1,0,na,"[0,",0,0,1,1035.7,+15.9dB,15.9us,"[0,",1,969.8,normal,0,valid,-14.4dB,-14.5dB,na,na,,,,
2025-07-30 13:41:15.556491,PHY,0x4601,1,0,na,"[0,",0,0,1,964.7,+15.6dB,25.8us,"[0,",1,969.9,normal,0,valid,-14.4dB,-14.5dB,na,na,,,,
2025-07-30 13:41:15.560031,PHY,0x4601,2,,na,"[0,",,,11111,,+32.1dB,13.7us,"[0,",1,969.17,normal,0,valid,-11.6dB,-11.6dB,0.24us,+1.6Hz,,"[6,",,1
2025-07-30 13:41:15.560984,PHY,0x4601,1,0,na,"[0,",0,0,1,999.0,+15.8dB,15.9us,"[0,",1,969.18,normal,0,valid,-14.4dB,-14.5dB,na,na,,,,
2025-07-30 13:41:15.561451,PHY,0x4601,1,0,na,"[0,",0,0,1,1012.0,+15.8dB,14.3us,"[0,",1,969.19,normal,0,valid,-14.3dB,-14.5dB,na,na,,,,
2025-07-30 13:41:15.565675,CSI,0x4601,2,,na,"[0,",,,1,,+32.3dB,19.1us,"[0,",1,970.8,normal,0,valid,-11.5dB,-11.5dB,0.24us,-109.2Hz,,"[6,",1111,1
2025-07-30 13:41:15.566527,PHY,0x4601,1,0,na,"[0,",0,0,1,976.7,+15.6dB,18.1us,"[0,",1,970.9,normal,0,valid,-14.4dB,-14.5dB,na,na,,,,
2025-07-30 13:41:15.570110,PHY,0x4601,2,,na,"[0,",,,11111,,+29.5dB,25.9us,"[0,",1,970.17,normal,0,valid,-11.5dB,-11.6dB,0.26us,-35.8Hz,,"[6,",,1
2025-07-30 13:41:15.571022,PHY,0x4601,1,0,na,"[0,",0,0,1,1224.1,+16.6dB,18.4us,"[0,",1,970.18,normal,0,valid,-14.4dB,-14.5dB,na,na,,,,
2025-07-30 13:41:15.571488,PHY,0x4601,1,0,na,"[0,",0,0,1,1218.7,+16.6dB,17.6us,"[0,",1,970.19,normal,0,valid,-14.3dB,-14.4dB,na,na,,,,
2025-07-30 13:41:15.575973,PHY,0x4601,1,0,na,"[0,",0,0,1,939.9,+15.5dB,17.0us,"[0,",1,971.8,normal,0,valid,-14.4dB,-14.5dB,na,na,,,,
2025-07-30 13:41:15.576454,PHY,0x4601,1,0,na,"[0,",0,0,1,1011.7,+15.8dB,15.3us,"[0,",1,971.9,normal,0,valid,-14.4dB,-14.5dB,na,na,,,,
2025-07-30 13:41:15.580105,PHY,0x4601,2,,na,"[0,",,,11111,,+31.5dB,18.8us,"[0,",1,971.17,normal,0,valid,-11.7dB,-11.7dB,0.23us,+15.6Hz,,"[6,",,1
2025-07-30 13:41:15.581054,PHY,0x4601,1,0,na,"[0,",0,0,1,1349.4,+17.1dB,23.3us,"[0,",1,971.18,normal,0,valid,-14.4dB,-14.4dB,na,na,,,,
2025-07-30 13:41:15.581516,PHY,0x4601,1,0,na,"[0,",0,0,1,1333.3,+17.0dB,16.1us,"[0,",1,971.19,normal,0,valid,-14.4dB,-14.5dB,na,na,,,,
2025-07-30 13:41:15.585616,CSI,0x4601,2,,na,"[0,",,,1,,+32.3dB,17.5us,"[0,",1,972.8,normal,0,valid,-11.4dB,-11.4dB,0.26us,-147.3Hz,,"[6,",1111,1
2025-07-30 13:41:15.586484,PHY,0x4601,1,0,na,"[0,",0,0,1,1267.4,+16.8dB,17.6us,"[0,",1,972.9,normal,0,valid,-14.4dB,-14.5dB,na,na,,,,
2025-07-30 13:41:15.590019,PHY,0x4601,2,,na,"[0,",,,11111,,+31.1dB,15.1us,"[0,",1,972.17,normal,0,valid,-11.5dB,-11.5dB,0.22us,+74.7Hz,,"[6,",,1
2025-07-30 13:41:15.590965,PHY,0x4601,1,0,na,"[0,",0,0,1,963.9,+15.6dB,17.4us,"[0,",1,972.18,normal,0,valid,-14.4dB,-14.5dB,na,na,,,,
2025-07-30 13:41:15.591440,PHY,0x4601,1,0,na,"[0,",0,0,1,942.2,+15.5dB,15.1us,"[0,",1,972.19,normal,0,valid,-14.3dB,-14.5dB,na,na,,,,
2025-07-30 13:41:15.596043,PHY,0x4601,1,0,na,"[0,",0,0,1,999.7,+15.7dB,17.3us,"[0,",1,973.8,normal,0,valid,-14.4dB,-14.6dB,na,na,,,,
2025-07-30 13:41:15.596522,PHY,0x4601,1,0,na,"[0,",0,0,1,1006.4,+15.8dB,15.3us,"[0,",1,973.9,normal,0,valid,-14.5dB,-14.6dB,na,na,,,,
2025-07-30 13:41:15.600071,PHY,0x4601,2,,na,"[0,",,,11111,,+31.3dB,14.8us,"[0,",1,973.17,normal,0,valid,-11.5dB,-11.6dB,0.25us,-33.5Hz,,"[6,",,1
2025-07-30 13:41:15.600997,PHY,0x4601,1,0,na,"[0,",0,0,1,908.5,+15.3dB,16.1us,"[0,",1,973.18,normal,0,valid,-14.4dB,-14.5dB,na,na,,,,
2025-07-30 13:41:15.601474,PHY,0x4601,1,0,na,"[0,",0,0,1,983.5,+15.7dB,15.2us,"[0,",1,973.19,normal,0,valid,-14.4dB,-14.5dB,na,na,,,,
2025-07-30 13:41:15.605605,CSI,0x4601,2,,na,"[0,",,,1,,+33.3dB,14.9us,"[0,",1,974.8,normal,0,valid,-11.5dB,-11.5dB,0.22us,-8.1Hz,,"[6,",1111,1
2025-07-30 13:41:15.606548,PHY,0x4601,1,0,na,"[0,",0,0,1,977.4,+15.7dB,23.3us,"[0,",1,974.9,normal,0,valid,-14.4dB,-14.5dB,na,na,,,,
2025-07-30 13:41:15.610085,PHY,0x4601,2,,na,"[0,",,,11111,,+30.7dB,16.6us,"[0,",1,974.17,normal,0,valid,-11.5dB,-11.5dB,0.24us,+54.1Hz,,"[6,",,1
2025-07-30 13:41:15.611025,PHY,0x4601,1,0,na,"[0,",0,0,1,963.2,+15.6dB,16.1us,"[0,",1,974.18,normal,0,valid,-14.4dB,-14.5dB,na,na,,,,
2025-07-30 13:41:15.611507,PHY,0x4601,1,0,na,"[0,",0,0,1,985.6,+15.7dB,19.3us,"[0,",1,974.19,normal,0,valid,-14.4dB,-14.5dB,na,na,,,,
2025-07-30 13:41:15.615998,PHY,0x4601,1,0,na,"[0,",0,0,1,961.8,+15.6dB,17.6us,"[0,",1,975.8,normal,0,valid,-14.4dB,-14.5dB,na,na,,,,
2025-07-30 13:41:15.616465,PHY,0x4601,1,0,na,"[0,",0,0,1,945.3,+15.5dB,14.5us,"[0,",1,975.9,normal,0,valid,-14.4dB,-14.5dB,na,na,,,,
2025-07-30 13:41:15.620138,PHY,0x4601,2,,na,"[0,",,,11111,,+34.0dB,14.3us,"[0,",1,975.17,normal,0,valid,-11.4dB,-11.5dB,0.24us,+88.7Hz,,"[6,",,1
2025-07-30 13:41:15.620955,PHY,0x4601,1,0,na,"[0,",0,0,1,1328.4,+17.0dB,16.2us,"[0,",1,975.18,normal,0,valid,-14.4dB,-14.4dB,na,na,,,,
2025-07-30 13:41:15.621529,PHY,0x4601,1,0,na,"[0,",0,0,1,1309.7,+16.9dB,13.9us,"[0,",1,975.19,normal,0,valid,-14.4dB,-14.5dB,na,na,,,,
2025-07-30 13:41:15.625558,CSI,0x4601,2,,na,"[0,",,,1,,+33.1dB,15.4us,"[0,",1,976.8,normal,0,valid,-11.5dB,-11.6dB,0.21us,-39.6Hz,,"[6,",1111,1
2025-07-30 13:41:15.626494,PHY,0x4601,1,0,na,"[0,",0,0,1,1344.7,+17.0dB,16.2us,"[0,",1,976.9,normal,0,valid,-14.4dB,-14.5dB,na,na,,,,
2025-07-30 13:41:15.630034,PHY,0x4601,2,,na,"[0,",,,11111,,+28.7dB,14.2us,"[0,",1,976.17,normal,0,valid,-11.4dB,-11.5dB,0.15us,-84.3Hz,,"[6,",,1
2025-07-30 13:41:15.630984,PHY,0x4601,1,0,na,"[0,",0,0,1,1843.7,+18.4dB,16.5us,"[0,",1,976.18,normal,0,valid,-14.4dB,-14.4dB,na,na,,,,
2025-07-30 13:41:15.631458,PHY,0x4601,1,0,na,"[0,",0,0,1,1851.9,+18.4dB,17.4us,"[0,",1,976.19,normal,0,valid,-14.4dB,-14.4dB,na,na,,,,
2025-07-30 13:41:15.635951,PHY,0x4601,1,0,na,"[0,",0,0,1,1680.3,+18.0dB,16.8us,"[0,",1,977.8,normal,0,valid,-14.4dB,-14.5dB,na,na,,,,
2025-07-30 13:41:15.636539,PHY,0x4601,1,0,na,"[0,",0,0,1,1744.6,+18.2dB,18.3us,"[0,",1,977.9,normal,0,valid,-14.4dB,-14.5dB,na,na,,,,
2025-07-30 13:41:15.640082,PHY,0x4601,2,,na,"[0,",,,11111,,+31.4dB,17.0us,"[0,",1,977.17,normal,0,valid,-11.4dB,-11.5dB,0.17us,+37.9Hz,,"[6,",,1
2025-07-30 13:41:15.641012,PHY,0x4601,1,0,na,"[0,",0,0,1,1317.3,+17.0dB,15.9us,"[0,",1,977.18,normal,0,valid,-14.3dB,-14.4dB,na,na,,,,
2025-07-30 13:41:15.641492,PHY,0x4601,1,0,na,"[0,",0,0,1,1202.5,+16.5dB,16.4us,"[0,",1,977.19,normal,0,valid,-14.4dB,-14.5dB,na,na,,,,
2025-07-30 13:41:15.645619,CSI,0x4601,2,,na,"[0,",,,1,,+34.2dB,14.8us,"[0,",1,978.8,normal,0,valid,-11.4dB,-11.4dB,0.20us,+50.1Hz,,"[6,",1111,1
2025-07-30 13:41:15.646450,PHY,0x4601,1,0,na,"[0,",0,0,1,1678.9,+18.0dB,16.7us,"[0,",1,978.9,normal,0,valid,-14.4dB,-14.5dB,na,na,,,,
2025-07-30 13:41:15.650108,PHY,0x4601,2,,na,"[0,",,,11111,,+33.1dB,16.5us,"[0,",1,978.17,normal,0,valid,-11.4dB,-11.4dB,0.19us,+17.1Hz,,"[6,",,1
2025-07-30 13:41:15.650938,PHY,0x4601,1,0,na,"[0,",0,0,1,1794.8,+18.3dB,15.5us,"[0,",1,978.18,normal,0,valid,-14.4dB,-14.5dB,na,na,,,,
2025-07-30 13:41:15.651522,PHY,0x4601,1,0,na,"[0,",0,0,1,1635.8,+17.9dB,17.4us,"[0,",1,978.19,normal,0,valid,-14.3dB,-14.4dB,na,na,,,,
2025-07-30 13:41:15.656033,PHY,0x4601,1,0,na,"[0,",0,0,1,1611.2,+17.8dB,16.7us,"[0,",1,979.8,normal,0,valid,-14.4dB,-14.5dB,na,na,,,,
2025-07-30 13:41:15.656495,PHY,0x4601,1,0,na,"[0,",0,0,1,1834.0,+18.4dB,27.2us,"[0,",1,979.9,normal,0,valid,-14.4dB,-14.5dB,na,na,,,,
2025-07-30 13:41:15.660023,PHY,0x4601,2,,na,"[0,",,,11111,,+31.7dB,14.7us,"[0,",1,979.17,normal,0,valid,-11.4dB,-11.5dB,0.15us,-25.2Hz,,"[6,",,1
2025-07-30 13:41:15.660970,PHY,0x4601,1,0,na,"[0,",0,0,1,1185.3,+16.5dB,16.9us,"[0,",1,979.18,normal,0,valid,-14.4dB,-14.4dB,na,na,,,,
2025-07-30 13:41:15.661444,PHY,0x4601,1,0,na,"[0,",0,0,1,1307.7,+16.9dB,15.1us,"[0,",1,979.19,normal,0,valid,-14.4dB,-14.5dB,na,na,,,,
2025-07-30 13:41:15.665591,CSI,0x4601,2,,na,"[0,",,,1,,+34.2dB,13.0us,"[0,",1,980.8,normal,0,valid,-11.4dB,-11.4dB,0.17us,-18.9Hz,,"[6,",1111,1
2025-07-30 13:41:15.666511,PHY,0x4601,1,0,na,"[0,",0,0,1,1261.3,+16.8dB,15.8us,"[0,",1,980.9,normal,0,valid,-14.4dB,-14.4dB,na,na,,,,
2025-07-30 13:41:15.670061,PHY,0x4601,2,,na,"[0,",,,11111,,+32.4dB,16.1us,"[0,",1,980.17,normal,0,valid,-11.5dB,-11.6dB,0.17us,-32.8Hz,,"[6,",,1
2025-07-30 13:41:15.671001,PHY,0x4601,1,0,na,"[0,",0,0,1,1187.8,+16.5dB,15.8us,"[0,",1,980.18,normal,0,valid,-14.4dB,-14.4dB,na,na,,,,
2025-07-30 13:41:15.671478,PHY,0x4601,1,0,na,"[0,",0,0,1,1259.0,+16.7dB,15.5us,"[0,",1,980.19,normal,0,valid,-14.3dB,-14.4dB,na,na,,,,
2025-07-30 13:41:15.675970,PHY,0x4601,1,0,na,"[0,",0,0,1,1687.4,+18.0dB,16.0us,"[0,",1,981.8,normal,0,valid,-14.4dB,-14.5dB,na,na,,,,
2025-07-30 13:41:15.676434,PHY,0x4601,1,0,na,"[0,",0,0,1,1620.6,+17.9dB,13.8us,"[0,",1,981.9,normal,0,valid,-14.4dB,-14.5dB,na,na,,,,
2025-07-30 13:41:15.680116,PHY,0x4601,2,,na,"[0,",,,11111,,+32.1dB,14.5us,"[0,",1,981.17,normal,0,valid,-11.5dB,-11.6dB,0.16us,-30.8Hz,,"[6,",,1
2025-07-30 13:41:15.681030,PHY,0x4601,1,0,na,"[0,",0,0,1,1740.0,+18.2dB,15.5us,"[0,",1,981.18,normal,0,valid,-14.3dB,-14.4dB,na,na,,,,
2025-07-30 13:41:15.681503,PHY,0x4601,1,0,na,"[0,",0,0,1,1795.6,+18.3dB,14.8us,"[0,",1,981.19,normal,0,valid,-14.4dB,-14.4dB,na,na,,,,
2025-07-30 13:41:15.685607,CSI,0x4601,2,,na,"[0,",,,1,,+32.5dB,12.8us,"[0,",1,982.8,normal,0,valid,-11.4dB,-11.5dB,0.19us,+175.0Hz,,"[6,",1111,1
2025-07-30 13:41:15.686488,PHY,0x4601,1,0,na,"[0,",0,0,1,1708.3,+18.1dB,23.8us,"[0,",1,982.9,normal,0,valid,-14.4dB,-14.4dB,na,na,,,,
2025-07-30 13:41:15.690010,PHY,0x4601,2,,na,"[0,",,,11111,,+28.9dB,13.5us,"[0,",1,982.17,normal,0,valid,-11.4dB,-11.4dB,0.15us,-108.9Hz,,"[6,",,1
2025-07-30 13:41:15.690958,PHY,0x4601,1,0,na,"[0,",0,0,1,1216.1,+16.6dB,15.7us,"[0,",1,982.18,normal,0,valid,-14.4dB,-14.5dB,na,na,,,,
2025-07-30 13:41:15.691534,PHY,0x4601,1,0,na,"[0,",0,0,1,1346.4,+17.0dB,13.3us,"[0,",1,982.19,normal,0,valid,-14.4dB,-14.5dB,na,na,,,,
2025-07-30 13:41:15.696035,PHY,0x4601,1,0,na,"[0,",0,0,1,1818.3,+18.4dB,15.7us,"[0,",1,983.8,normal,0,valid,-14.4dB,-14.5dB,na,na,,,,
2025-07-30 13:41:15.696518,PHY,0x4601,1,0,na,"[0,",0,0,1,1717.1,+18.1dB,14.4us,"[0,",1,983.9,normal,0,valid,-14.4dB,-14.5dB,na,na,,,,
2025-07-30 13:41:15.700043,PHY,0x4601,2,,na,"[0,",,,11111,,+28.7dB,14.0us,"[0,",1,983.17,normal,0,valid,-11.5dB,-11.6dB,0.15us,+45.8Hz,,"[6,",,1
2025-07-30 13:41:15.700996,PHY,0x4601,1,0,na,"[0,",0,0,1,1284.6,+16.8dB,16.4us,"[0,",1,983.18,normal,0,valid,-14.3dB,-14.4dB,na,na,,,,
2025-07-30 13:41:15.701469,PHY,0x4601,1,0,na,"[0,",0,0,1,1251.9,+16.7dB,17.9us,"[0,",1,983.19,normal,0,valid,-14.4dB,-14.5dB,na,na,,,,
2025-07-30 13:41:15.705595,CSI,0x4601,2,,na,"[0,",,,1,,+31.8dB,15.5us,"[0,",1,984.8,normal,0,valid,-11.5dB,-11.5dB,0.17us,-36.5Hz,,"[6,",1111,1
2025-07-30 13:41:15.706532,PHY,0x4601,1,0,na,"[0,",0,0,1,1315.0,+16.9dB,15.8us,"[0,",1,984.9,normal,0,valid,-14.4dB,-14.5dB,na,na,,,,
2025-07-30 13:41:15.710081,PHY,0x4601,2,,na,"[0,",,,11111,,+31.7dB,13.4us,"[0,",1,984.17,normal,0,valid,-11.4dB,-11.4dB,0.19us,-22.2Hz,,"[6,",,1
2025-07-30 13:41:15.711020,PHY,0x4601,1,0,na,"[0,",0,0,1,1742.8,+18.1dB,17.6us,"[0,",1,984.18,normal,0,valid,-14.4dB,-14.5dB,na,na,,,,
2025-07-30 13:41:15.711502,PHY,0x4601,1,0,na,"[0,",0,0,1,1716.0,+18.1dB,17.9us,"[0,",1,984.19,normal,0,valid,-14.4dB,-14.5dB,na,na,,,,
2025-07-30 13:41:15.716000,PHY,0x4601,1,0,na,"[0,",0,0,1,1645.6,+17.9dB,17.1us,"[0,",1,985.8,normal,0,valid,-14.4dB,-14.4dB,na,na,,,,
2025-07-30 13:41:15.716459,PHY,0x4601,1,0,na,"[0,",0,0,1,1705.6,+18.1dB,14.2us,"[0,",1,985.9,normal,0,valid,-14.4dB,-14.5dB,na,na,,,,
2025-07-30 13:41:15.720106,PHY,0x4601,2,,na,"[0,",,,11111,,+29.7dB,14.3us,"[0,",1,985.17,normal,0,valid,-11.4dB,-11.4dB,0.18us,-38.8Hz,,"[6,",,1
2025-07-30 13:41:15.720946,PHY,0x4601,1,0,na,"[0,",0,0,1,1807.8,+18.3dB,16.5us,"[0,",1,985.18,normal,0,valid,-14.4dB,-14.5dB,na,na,,,,
2025-07-30 13:41:15.721532,PHY,0x4601,1,0,na,"[0,",0,0,1,1761.6,+18.2dB,18.1us,"[0,",1,985.19,normal,0,valid,-14.4dB,-14.4dB,na,na,,,,
2025-07-30 13:41:15.725623,CSI,0x4601,2,,na,"[0,",,,1,,+31.9dB,14.7us,"[0,",1,986.8,normal,0,valid,-11.4dB,-11.4dB,0.18us,+148.8Hz,,"[6,",1111,1
2025-07-30 13:41:15.726481,PHY,0x4601,1,0,na,"[0,",0,0,1,1734.9,+18.1dB,15.6us,"[0,",1,986.9,normal,0,valid,-14.4dB,-14.4dB,na,na,,,,
2025-07-30 13:41:15.730032,PHY,0x4601,2,,na,"[0,",,,11111,,+32.9dB,13.9us,"[0,",1,986.17,normal,0,valid,-11.6dB,-11.6dB,0.15us,+88.6Hz,,"[6,",,1
2025-07-30 13:41:15.730979,PHY,0x4601,1,0,na,"[0,",0,0,1,1333.6,+17.0dB,17.2us,"[0,",1,986.18,normal,0,valid,-14.4dB,-14.5dB,na,na,,,,
2025-07-30 13:41:15.731452,PHY,0x4601,1,0,na,"[0,",0,0,1,1313.4,+16.9dB,16.5us,"[0,",1,986.19,normal,0,valid,-14.4dB,-14.5dB,na,na,,,,
2025-07-30 13:41:15.735945,PHY,0x4601,1,0,na,"[0,",0,0,1,1746.8,+18.2dB,18.1us,"[0,",1,987.8,normal,0,valid,-14.4dB,-14.4dB,na,na,,,,
2025-07-30 13:41:15.736532,PHY,0x4601,1,0,na,"[0,",0,0,1,1751.0,+18.2dB,15.3us,"[0,",1,987.9,normal,0,valid,-14.4dB,-14.5dB,na,na,,,,
2025-07-30 13:41:15.740097,PHY,0x4601,2,,na,"[0,",,,11111,,+31.7dB,16.4us,"[0,",1,987.17,normal,0,valid,-11.6dB,-11.6dB,0.17us,+132.0Hz,,"[6,",,1
2025-07-30 13:41:15.741012,PHY,0x4601,1,0,na,"[0,",0,0,1,1248.6,+16.7dB,20.2us,"[0,",1,987.18,normal,0,valid,-14.4dB,-14.5dB,na,na,,,,
2025-07-30 13:41:15.741485,PHY,0x4601,1,0,na,"[0,",0,0,1,1416.0,+17.3dB,14.3us,"[0,",1,987.19,normal,0,valid,-14.4dB,-14.4dB,na,na,,,,
2025-07-30 13:41:15.745620,CSI,0x4601,2,,na,"[0,",,,1,,+28.4dB,14.0us,"[0,",1,988.8,normal,0,valid,-11.5dB,-11.5dB,0.17us,-47.7Hz,,"[6,",1111,1
2025-07-30 13:41:15.746447,PHY,0x4601,1,0,na,"[0,",0,0,1,1612.6,+17.9dB,16.5us,"[0,",1,988.9,normal,0,valid,-14.4dB,-14.4dB,na,na,,,,
2025-07-30 13:41:15.750101,PHY,0x4601,2,,na,"[0,",,,11111,,+30.6dB,16.0us,"[0,",1,988.17,normal,0,valid,-11.5dB,-11.5dB,0.17us,+58.2Hz,,"[6,",,1
2025-07-30 13:41:15.751038,PHY,0x4601,1,0,na,"[0,",0,0,1,1253.4,+16.8dB,15.2us,"[0,",1,988.18,normal,0,valid,-14.3dB,-14.4dB,na,na,,,,
2025-07-30 13:41:15.751526,PHY,0x4601,1,0,na,"[0,",0,0,1,1244.0,+16.7dB,16.4us,"[0,",1,988.19,normal,0,valid,-14.4dB,-14.5dB,na,na,,,,
2025-07-30 13:41:15.756006,PHY,0x4601,1,0,na,"[0,",0,0,1,1679.9,+18.0dB,18.0us,"[0,",1,989.8,normal,0,valid,-14.4dB,-14.5dB,na,na,,,,
2025-07-30 13:41:15.756483,PHY,0x4601,1,0,na,"[0,",0,0,1,1949.0,+18.6dB,24.6us,"[0,",1,989.9,normal,0,valid,-14.4dB,-14.5dB,na,na,,,,
2025-07-30 13:41:15.760018,PHY,0x4601,2,,na,"[0,",,,11111,,+31.1dB,15.4us,"[0,",1,989.17,normal,0,valid,-11.6dB,-11.7dB,0.17us,+50.6Hz,,"[6,",,1
2025-07-30 13:41:15.760965,PHY,0x4601,1,0,na,"[0,",0,0,1,1350.5,+17.0dB,15.2us,"[0,",1,989.18,normal,0,valid,-14.3dB,-14.4dB,na,na,,,,
2025-07-30 13:41:15.761437,PHY,0x4601,1,0,na,"[0,",0,0,1,1261.0,+16.7dB,13.8us,"[0,",1,989.19,normal,0,valid,-14.4dB,-14.5dB,na,na,,,,
2025-07-30 13:41:15.765569,CSI,0x4601,2,,na,"[0,",,,1,,+34.7dB,14.1us,"[0,",1,990.8,normal,0,valid,-11.4dB,-11.5dB,0.19us,-27.6Hz,,"[6,",1111,1
2025-07-30 13:41:15.766507,PHY,0x4601,1,0,na,"[0,",0,0,1,1948.0,+18.6dB,16.0us,"[0,",1,990.9,normal,0,valid,-14.4dB,-14.4dB,na,na,,,,
2025-07-30 13:41:15.770057,PHY,0x4601,2,,na,"[0,",,,11111,,+28.5dB,17.1us,"[0,",1,990.17,normal,0,valid,-11.6dB,-11.6dB,0.18us,+17.7Hz,,"[6,",,1
2025-07-30 13:41:15.771001,PHY,0x4601,1,0,na,"[0,",0,0,1,1214.2,+16.6dB,15.9us,"[0,",1,990.18,normal,0,valid,-14.4dB,-14.5dB,na,na,,,,
2025-07-30 13:41:15.771468,PHY,0x4601,1,0,na,"[0,",0,0,1,1344.5,+17.0dB,14.2us,"[0,",1,990.19,normal,0,valid,-14.4dB,-14.5dB,na,na,,,,
2025-07-30 13:41:15.775966,PHY,0x4601,1,0,na,"[0,",0,0,1,1696.3,+18.0dB,15.8us,"[0,",1,991.8,normal,0,valid,-14.4dB,-14.5dB,na,na,,,,
2025-07-30 13:41:15.776541,PHY,0x4601,1,0,na,"[0,",0,0,1,1752.9,+18.2dB,15.6us,"[0,",1,991.9,normal,0,valid,-14.4dB,-14.4dB,na,na,,,,
2025-07-30 13:41:15.780103,PHY,0x4601,2,,na,"[0,",,,11111,,+32.9dB,13.8us,"[0,",1,991.17,normal,0,valid,-11.4dB,-11.4dB,0.17us,-66.1Hz,,"[6,",,1
2025-07-30 13:41:15.781033,PHY,0x4601,1,0,na,"[0,",0,0,1,1297.8,+16.9dB,23.9us,"[0,",1,991.18,normal,0,valid,-14.4dB,-14.5dB,na,na,,,,
2025-07-30 13:41:15.781501,PHY,0x4601,1,0,na,"[0,",0,0,1,1241.4,+16.7dB,14.5us,"[0,",1,991.19,normal,0,valid,-14.4dB,-14.5dB,na,na,,,,
2025-07-30 13:41:15.785605,CSI,0x4601,2,,na,"[0,",,,1,,+30.5dB,14.9us,"[0,",1,992.8,normal,0,valid,-11.5dB,-11.5dB,0.15us,+54.1Hz,,"[6,",1111,1
2025-07-30 13:41:15.786471,PHY,0x4601,1,0,na,"[0,",0,0,1,1375.6,+17.1dB,15.4us,"[0,",1,992.9,normal,0,valid,-14.4dB,-14.4dB,na,na,,,,
2025-07-30 13:41:15.790134,PHY,0x4601,2,,na,"[0,",,,11111,,+29.2dB,16.0us,"[0,",1,992.17,normal,0,valid,-11.5dB,-11.5dB,0.17us,+20.0Hz,,"[6,",,1
2025-07-30 13:41:15.790952,PHY,0x4601,1,0,na,"[0,",0,0,1,1316.4,+16.9dB,18.7us,"[0,",1,992.18,normal,0,valid,-14.4dB,-14.5dB,na,na,,,,
2025-07-30 13:41:15.791536,PHY,0x4601,1,0,na,"[0,",0,0,1,1212.0,+16.6dB,17.6us,"[0,",1,992.19,normal,0,valid,-14.3dB,-14.4dB,na,na,,,,
2025-07-30 13:41:15.796325,PHY,0x4601,1,0,na,"[0,",0,0,1,1773.4,+18.2dB,16.9us,"[0,",1,993.8,normal,0,valid,-14.4dB,-14.5dB,na,na,,,,
2025-07-30 13:41:15.796511,PHY,0x4601,1,0,na,"[0,",0,0,1,1669.3,+18.0dB,16.1us,"[0,",1,993.9,normal,0,valid,-14.4dB,-14.5dB,na,na,,,,
2025-07-30 13:41:15.800038,PHY,0x4601,2,,na,"[0,",,,11111,,+30.4dB,13.5us,"[0,",1,993.17,normal,0,valid,-11.5dB,-11.6dB,0.16us,+4.5Hz,,"[6,",,1
2025-07-30 13:41:15.800980,PHY,0x4601,1,0,na,"[0,",0,0,1,1756.6,+18.2dB,15.7us,"[0,",1,993.18,normal,0,valid,-14.4dB,-14.5dB,na,na,,,,
2025-07-30 13:41:15.801462,PHY,0x4601,1,0,na,"[0,",0,0,1,1667.2,+18.0dB,18.0us,"[0,",1,993.19,normal,0,valid,-14.4dB,-14.5dB,na,na,,,,
2025-07-30 13:41:15.805599,CSI,0x4601,2,,na,"[0,",,,1,,+32.1dB,15.4us,"[0,",1,994.8,normal,0,valid,-11.5dB,-11.5dB,0.17us,-70.2Hz,,"[6,",1111,1
2025-07-30 13:41:15.806531,PHY,0x4601,1,0,na,"[0,",0,0,1,1362.9,+17.1dB,15.6us,"[0,",1,994.9,normal,0,valid,-14.4dB,-14.5dB,na,na,,,,
2025-07-30 13:41:15.810089,PHY,0x4601,2,,na,"[0,",,,11111,,+31.1dB,18.6us,"[0,",1,994.17,normal,0,valid,-11.4dB,-11.4dB,0.17us,+15.2Hz,,"[6,",,1
2025-07-30 13:41:15.811015,PHY,0x4601,1,0,na,"[0,",0,0,1,1291.0,+16.9dB,17.2us,"[0,",1,994.18,normal,0,valid,-14.4dB,-14.4dB,na,na,,,,
2025-07-30 13:41:15.811498,PHY,0x4601,1,0,na,"[0,",0,0,1,1291.5,+16.8dB,18.5us,"[0,",1,994.19,normal,0,valid,-14.3dB,-14.4dB,na,na,,,,
2025-07-30 13:41:15.815994,PHY,0x4601,1,0,na,"[0,",0,0,1,1726.1,+18.1dB,16.6us,"[0,",1,995.8,normal,0,valid,-14.4dB,-14.5dB,na,na,,,,
2025-07-30 13:41:15.816451,PHY,0x4601,1,0,na,"[0,",0,0,1,1653.2,+17.9dB,15.6us,"[0,",1,995.9,normal,0,valid,-14.4dB,-14.5dB,na,na,,,,
2025-07-30 13:41:15.820113,PHY,0x4601,2,,na,"[0,",,,11111,,+31.9dB,14.4us,"[0,",1,995.17,normal,0,valid,-11.4dB,-11.4dB,0.16us,+100.8Hz,,"[6,",,1
2025-07-30 13:41:15.820939,PHY,0x4601,1,0,na,"[0,",0,0,1,1305.3,+16.9dB,15.3us,"[0,",1,995.18,normal,0,valid,-14.4dB,-14.5dB,na,na,,,,
2025-07-30 13:41:15.821520,PHY,0x4601,1,0,na,"[0,",0,0,1,1266.6,+16.7dB,18.9us,"[0,",1,995.19,normal,0,valid,-14.4dB,-14.5dB,na,na,,,,
2025-07-30 13:41:15.825624,CSI,0x4601,2,,na,"[0,",,,1,,+29.1dB,15.3us,"[0,",1,996.8,normal,0,valid,-11.3dB,-11.3dB,0.17us,-87.6Hz,,"[6,",1111,1
2025-07-30 13:41:15.826480,PHY,0x4601,1,0,na,"[0,",0,0,1,1280.8,+16.8dB,17.0us,"[0,",1,996.9,normal,0,valid,-14.4dB,-14.5dB,na,na,,,,
2025-07-30 13:41:15.830023,PHY,0x4601,2,,na,"[0,",,,11111,,+31.0dB,13.5us,"[0,",1,996.17,normal,0,valid,-11.6dB,-11.6dB,0.16us,-64.8Hz,,"[6,",,1
2025-07-30 13:41:15.830969,PHY,0x4601,1,0,na,"[0,",0,0,1,1315.2,+16.9dB,16.3us,"[0,",1,996.18,normal,0,valid,-14.4dB,-14.4dB,na,na,,,,
2025-07-30 13:41:15.831454,PHY,0x4601,1,0,na,"[0,",0,0,1,1221.3,+16.6dB,17.9us,"[0,",1,996.19,normal,0,valid,-14.4dB,-14.5dB,na,na,,,,
2025-07-30 13:41:15.836045,PHY,0x4601,1,0,na,"[0,",0,0,1,1787.7,+18.2dB,17.1us,"[0,",1,997.8,normal,0,valid,-14.4dB,-14.5dB,na,na,,,,
2025-07-30 13:41:15.836537,PHY,0x4601,1,0,na,"[0,",0,0,1,1588.7,+17.8dB,21.1us,"[0,",1,997.9,normal,0,valid,-14.4dB,-14.5dB,na,na,,,,
2025-07-30 13:41:15.840063,PHY,0x4601,2,,na,"[0,",,,11111,,+31.5dB,16.4us,"[0,",1,997.17,normal,0,valid,-11.4dB,-11.5dB,0.17us,+0.0Hz,,"[6,",,1
2025-07-30 13:41:15.841015,PHY,0x4601,1,0,na,"[0,",0,0,1,1175.2,+16.4dB,16.6us,"[0,",1,997.18,normal,0,valid,-14.4dB,-14.5dB,na,na,,,,
2025-07-30 13:41:15.841476,PHY,0x4601,1,0,na,"[0,",0,0,1,1260.4,+16.7dB,15.0us,"[0,",1,997.19,normal,0,valid,-14.4dB,-14.5dB,na,na,,,,
2025-07-30 13:41:15.845607,CSI,0x4601,2,,na,"[0,",,,1,,+31.0dB,15.4us,"[0,",1,998.8,normal,0,valid,-11.4dB,-11.5dB,0.18us,-82.7Hz,,"[6,",1111,1
2025-07-30 13:41:15.846444,PHY,0x4601,1,0,na,"[0,",0,0,1,1189.4,+16.5dB,17.8us,"[0,",1,998.9,normal,0,valid,-14.4dB,-14.5dB,na,na,,,,
2025-07-30 13:41:15.850096,PHY,0x4601,2,,na,"[0,",,,11111,,+29.4dB,15.9us,"[0,",1,998.17,normal,0,valid,-11.6dB,-11.6dB,0.17us,-7.8Hz,,"[6,",,1
2025-07-30 13:41:15.851034,PHY,0x4601,1,0,na,"[0,",0,0,1,1225.3,+16.6dB,17.1us,"[0,",1,998.18,normal,0,valid,-14.4dB,-14.5dB,na,na,,,,
2025-07-30 13:41:15.851509,PHY,0x4601,1,0,na,"[0,",0,0,1,1257.4,+16.8dB,15.0us,"[0,",1,998.19,normal,0,valid,-14.4dB,-14.4dB,na,na,,,,
2025-07-30 13:41:15.855998,PHY,0x4601,1,0,na,"[0,",0,0,1,1761.4,+18.2dB,16.2us,"[0,",1,999.8,normal,0,valid,-14.4dB,-14.5dB,na,na,,,,
2025-07-30 13:41:15.856498,PHY,0x4601,1,0,na,"[0,",0,0,1,1774.8,+18.2dB,35.0us,"[0,",1,999.9,normal,0,valid,-14.4dB,-14.5dB,na,na,,,,
2025-07-30 13:41:15.860014,PHY,0x4601,2,,na,"[0,",,,11111,,+32.0dB,13.8us,"[0,",1,999.17,normal,0,valid,-11.5dB,-11.5dB,0.17us,+134.4Hz,,"[6,",,1
2025-07-30 13:41:15.860956,PHY,0x4601,1,0,na,"[0,",0,0,1,1773.0,+18.2dB,17.6us,"[0,",1,999.18,normal,0,valid,-14.4dB,-14.4dB,na,na,,,,
2025-07-30 13:41:15.861544,PHY,0x4601,1,0,na,"[0,",0,0,1,1771.2,+18.2dB,20.7us,"[0,",1,999.19,normal,0,valid,-14.3dB,-14.4dB,na,na,,,,
2025-07-30 13:41:15.865561,CSI,0x4601,2,,na,"[0,",,,1,,+35.3dB,14.1us,"[0,",1,1000.8,normal,0,valid,-11.5dB,-11.5dB,0.15us,-45.2Hz,,"[6,",1111,1
2025-07-30 13:41:15.866505,PHY,0x4601,1,0,na,"[0,",0,0,1,1913.2,+18.5dB,17.9us,"[0,",1,1000.9,normal,0,valid,-14.4dB,-14.5dB,na,na,,,,
2025-07-30 13:41:15.870043,PHY,0x4601,2,,na,"[0,",,,11111,,+30.6dB,14.3us,"[0,",1,1000.17,normal,0,valid,-11.4dB,-11.5dB,0.16us,+45.1Hz,,"[6,",,1
2025-07-30 13:41:15.870985,PHY,0x4601,1,0,na,"[0,",0,0,1,1818.8,+18.3dB,15.4us,"[0,",1,1000.18,normal,0,valid,-14.4dB,-14.5dB,na,na,,,,
2025-07-30 13:41:15.871463,PHY,0x4601,1,0,na,"[0,",0,0,1,1791.1,+18.3dB,14.7us,"[0,",1,1000.19,normal,0,valid,-14.4dB,-14.4dB,na,na,,,,
2025-07-30 13:41:15.875962,PHY,0x4601,1,0,na,"[0,",0,0,1,1762.0,+18.2dB,16.2us,"[0,",1,1001.8,normal,0,valid,-14.4dB,-14.5dB,na,na,,,,
2025-07-30 13:41:15.876551,PHY,0x4601,1,0,na,"[0,",0,0,1,1896.1,+18.5dB,18.3us,"[0,",1,1001.9,normal,0,valid,-14.4dB,-14.5dB,na,na,,,,
2025-07-30 13:41:15.880104,PHY,0x4601,2,,na,"[0,",,,11111,,+31.3dB,23.8us,"[0,",1,1001.17,normal,0,valid,-11.5dB,-11.5dB,0.16us,+37.4Hz,,"[6,",,1
2025-07-30 13:41:15.881021,PHY,0x4601,1,0,na,"[0,",0,0,1,1760.7,+18.2dB,18.4us,"[0,",1,1001.18,normal,0,valid,-14.4dB,-14.4dB,na,na,,,,
2025-07-30 13:41:15.881487,PHY,0x4601,1,0,na,"[0,",0,0,1,1845.2,+18.4dB,14.6us,"[0,",1,1001.19,normal,0,valid,-14.4dB,-14.5dB,na,na,,,,
2025-07-30 13:41:15.885604,CSI,0x4601,2,,na,"[0,",,,1,,+30.5dB,19.8us,"[0,",1,1002.8,normal,0,valid,-11.4dB,-11.4dB,0.18us,-21.0Hz,,"[6,",1111,1
2025-07-30 13:41:15.886452,PHY,0x4601,1,0,na,"[0,",0,0,1,1755.2,+18.2dB,16.1us,"[0,",1,1002.9,normal,0,valid,-14.4dB,-14.4dB,na,na,,,,
2025-07-30 13:41:15.890133,PHY,0x4601,2,,na,"[0,",,,11111,,+28.8dB,16.4us,"[0,",1,1002.17,normal,0,valid,-11.4dB,-11.5dB,0.17us,-113.6Hz,,"[6,",,1
2025-07-30 13:41:15.890943,PHY,0x4601,1,0,na,"[0,",0,0,1,1292.2,+16.9dB,15.4us,"[0,",1,1002.18,normal,0,valid,-14.4dB,-14.4dB,na,na,,,,
2025-07-30 13:41:15.891528,PHY,0x4601,1,0,na,"[0,",0,0,1,1341.8,+17.0dB,20.8us,"[0,",1,1002.19,normal,0,valid,-14.4dB,-14.5dB,na,na,,,,
2025-07-30 13:41:15.896029,PHY,0x4601,1,0,na,"[0,",0,0,1,1768.1,+18.2dB,16.2us,"[0,",1,1003.8,normal,0,valid,-14.4dB,-14.4dB,na,na,,,,
2025-07-30 13:41:15.896508,PHY,0x4601,1,0,na,"[0,",0,0,1,1645.1,+17.9dB,20.5us,"[0,",1,1003.9,normal,0,valid,-14.4dB,-14.5dB,na,na,,,,
2025-07-30 13:41:15.900025,PHY,0x4601,2,,na,"[0,",,,11111,,+30.2dB,15.7us,"[0,",1,1003.17,normal,0,valid,-11.5dB,-11.5dB,0.19us,+49.9Hz,,"[6,",,1
2025-07-30 13:41:15.900974,PHY,0x4601,1,0,na,"[0,",0,0,1,1286.9,+16.9dB,16.0us,"[0,",1,1003.18,normal,0,valid,-14.3dB,-14.4dB,na,na,,,,
2025-07-30 13:41:15.901446,PHY,0x4601,1,0,na,"[0,",0,0,1,1266.3,+16.7dB,14.8us,"[0,",1,1003.19,normal,0,valid,-14.4dB,-14.5dB,na,na,,,,
2025-07-30 13:41:15.905575,CSI,0x4601,2,,na,"[0,",,,1,,+29.6dB,13.7us,"[0,",1,1004.8,normal,0,valid,-11.3dB,-11.4dB,0.17us,-30.4Hz,,"[6,",1111,1
2025-07-30 13:41:15.906510,PHY,0x4601,1,0,na,"[0,",0,0,1,1293.6,+16.9dB,16.1us,"[0,",1,1004.9,normal,0,valid,-14.4dB,-14.4dB,na,na,,,,
2025-07-30 13:41:15.910087,PHY,0x4601,2,,na,"[0,",,,11111,,+28.9dB,14.7us,"[0,",1,1004.17,normal,0,valid,-11.5dB,-11.5dB,0.16us,-32.5Hz,,"[6,",,1
2025-07-30 13:41:15.911010,PHY,0x4601,1,0,na,"[0,",0,0,1,1666.3,+18.0dB,20.4us,"[0,",1,1004.18,normal,0,valid,-14.4dB,-14.4dB,na,na,,,,
2025-07-30 13:41:15.911472,PHY,0x4601,1,0,na,"[0,",0,0,1,1682.5,+18.0dB,14.0us,"[0,",1,1004.19,normal,0,valid,-14.4dB,-14.4dB,na,na,,,,
2025-07-30 13:41:15.915966,PHY,0x4601,1,0,na,"[0,",0,0,1,1858.5,+18.4dB,16.4us,"[0,",1,1005.8,normal,0,valid,-14.4dB,-14.5dB,na,na,,,,
2025-07-30 13:41:15.916433,PHY,0x4601,1,0,na,"[0,",0,0,1,1858.3,+18.4dB,13.7us,"[0,",1,1005.9,normal,0,valid,-14.4dB,-14.5dB,na,na,,,,
2025-07-30 13:41:15.920098,PHY,0x4601,2,,na,"[0,",,,11111,,+30.5dB,15.7us,"[0,",1,1005.17,normal,0,valid,-11.6dB,-11.6dB,0.16us,+44.3Hz,,"[6,",,1
2025-07-30 13:41:15.921033,PHY,0x4601,1,0,na,"[0,",0,0,1,1275.2,+16.8dB,15.5us,"[0,",1,1005.18,normal,0,valid,-14.4dB,-14.5dB,na,na,,,,
2025-07-30 13:41:15.921509,PHY,0x4601,1,0,na,"[0,",0,0,1,1269.3,+16.8dB,13.3us,"[0,",1,1005.19,normal,0,valid,-14.4dB,-14.5dB,na,na,,,,
2025-07-30 13:41:15.925597,CSI,0x4601,2,,na,"[0,",,,1,,+34.4dB,11.2us,"[0,",1,1006.8,normal,0,valid,-11.5dB,-11.5dB,0.20us,-59.2Hz,,"[6,",1111,1
2025-07-30 13:41:15.926471,PHY,0x4601,1,0,na,"[0,",0,0,1,1295.2,+16.9dB,15.2us,"[0,",1,1006.9,normal,0,valid,-14.4dB,-14.4dB,na,na,,,,
2025-07-30 13:41:15.930013,PHY,0x4601,2,,na,"[0,",,,11111,,+29.3dB,14.3us,"[0,",1,1006.17,normal,0,valid,-11.6dB,-11.6dB,0.19us,+5.9Hz,,"[6,",,1
2025-07-30 13:41:15.930961,PHY,0x4601,1,0,na,"[0,",0,0,1,1692.8,+18.0dB,16.9us,"[0,",1,1006.18,normal,0,valid,-14.3dB,-14.4dB,na,na,,,,
2025-07-30 13:41:15.931433,PHY,0x4601,1,0,na,"[0,",0,0,1,1674.4,+17.9dB,15.0us,"[0,",1,1006.19,normal,0,valid,-14.3dB,-14.4dB,na,na,,,,
2025-07-30 13:41:15.936041,PHY,0x4601,1,0,na,"[0,",0,0,1,1698.7,+18.0dB,16.4us,"[0,",1,1007.8,normal,0,valid,-14.4dB,-14.5dB,na,na,,,,
2025-07-30 13:41:15.936511,PHY,0x4601,1,0,na,"[0,",0,0,1,1752.8,+18.1dB,14.9us,"[0,",1,1007.9,normal,0,valid,-14.4dB,-14.5dB,na,na,,,,
2025-07-30 13:41:15.940049,PHY,0x4601,2,,na,"[0,",,,11111,,+29.9dB,15.9us,"[0,",1,1007.17,normal,0,valid,-11.4dB,-11.5dB,0.15us,+4.4Hz,,"[6,",,1
2025-07-30 13:41:15.940990,PHY,0x4601,1,0,na,"[0,",0,0,1,1344.3,+17.0dB,17.9us,"[0,",1,1007.18,normal,0,valid,-14.4dB,-14.5dB,na,na,,,,
2025-07-30 13:41:15.941464,PHY,0x4601,1,0,na,"[0,",0,0,1,1156.9,+16.4dB,16.0us,"[0,",1,1007.19,normal,0,valid,-14.4dB,-14.4dB,na,na,,,,
2025-07-30 13:41:15.945601,CSI,0x4601,2,,na,"[0,",,,1,,+30.7dB,15.0us,"[0,",1,1008.8,normal,0,valid,-11.5dB,-11.5dB,0.19us,-30.3Hz,,"[6,",1111,1
2025-07-30 13:41:15.946533,PHY,0x4601,1,0,na,"[0,",0,0,1,1269.4,+16.8dB,16.6us,"[0,",1,1008.9,normal,0,valid,-14.4dB,-14.5dB,na,na,,,,
2025-07-30 13:41:15.950104,PHY,0x4601,2,,na,"[0,",,,11111,,+29.4dB,24.4us,"[0,",1,1008.17,normal,0,valid,-11.5dB,-11.6dB,0.19us,+37.6Hz,,"[6,",,1
2025-07-30 13:41:15.951030,PHY,0x4601,1,0,na,"[0,",0,0,1,1718.7,+18.1dB,18.4us,"[0,",1,1008.18,normal,0,valid,-14.4dB,-14.4dB,na,na,,,,
2025-07-30 13:41:15.951502,PHY,0x4601,1,0,na,"[0,",0,0,1,1637.3,+17.9dB,15.6us,"[0,",1,1008.19,normal,0,valid,-14.3dB,-14.4dB,na,na,,,,
2025-07-30 13:41:15.956004,PHY,0x4601,1,0,na,"[0,",0,0,1,1671.6,+18.0dB,16.7us,"[0,",1,1009.8,normal,0,valid,-14.4dB,-14.5dB,na,na,,,,
2025-07-30 13:41:15.956483,PHY,0x4601,1,0,na,"[0,",0,0,1,1660.8,+17.9dB,14.9us,"[0,",1,1009.9,normal,0,valid,-14.4dB,-14.5dB,na,na,,,,
2025-07-30 13:41:15.960142,PHY,0x4601,2,,na,"[0,",,,11111,,+30.0dB,14.6us,"[0,",1,1009.17,normal,0,valid,-11.5dB,-11.5dB,0.14us,+58.7Hz,,"[6,",,1
2025-07-30 13:41:15.960948,PHY,0x4601,1,0,na,"[0,",0,0,1,1722.5,+18.1dB,15.9us,"[0,",1,1009.18,normal,0,valid,-14.4dB,-14.5dB,na,na,,,,
2025-07-30 13:41:15.961532,PHY,0x4601,1,0,na,"[0,",0,0,1,1695.8,+18.1dB,16.3us,"[0,",1,1009.19,normal,0,valid,-14.4dB,-14.4dB,na,na,,,,
2025-07-30 13:41:15.965554,CSI,0x4601,2,,na,"[0,",,,1,,+32.4dB,13.1us,"[0,",1,1010.8,normal,0,valid,-11.5dB,-11.5dB,0.16us,+36.6Hz,,"[6,",1111,1
2025-07-30 13:41:15.966495,PHY,0x4601,1,0,na,"[0,",0,0,1,1558.9,+17.7dB,21.6us,"[0,",1,1010.9,normal,0,valid,-14.4dB,-14.4dB,na,na,,,,
2025-07-30 13:41:15.970042,PHY,0x4601,2,,na,"[0,",,,11111,,+35.6dB,13.9us,"[0,",1,1010.17,normal,0,valid,-11.5dB,-11.5dB,0.16us,+137.0Hz,,"[6,",,1
2025-07-30 13:41:15.970985,PHY,0x4601,1,0,na,"[0,",0,0,1,1662.6,+17.9dB,17.2us,"[0,",1,1010.18,normal,0,valid,-14.4dB,-14.4dB,na,na,,,,
2025-07-30 13:41:15.971454,PHY,0x4601,1,0,na,"[0,",0,0,1,1817.6,+18.4dB,14.0us,"[0,",1,1010.19,normal,0,valid,-14.4dB,-14.4dB,na,na,,,,
2025-07-30 13:41:15.975954,PHY,0x4601,1,0,na,"[0,",0,0,1,1739.6,+18.1dB,17.6us,"[0,",1,1011.8,normal,0,valid,-14.4dB,-14.5dB,na,na,,,,
2025-07-30 13:41:15.976534,PHY,0x4601,1,0,na,"[0,",0,0,1,1684.1,+18.0dB,14.7us,"[0,",1,1011.9,normal,0,valid,-14.4dB,-14.5dB,na,na,,,,
2025-07-30 13:41:15.980091,PHY,0x4601,2,,na,"[0,",,,11111,,+25.6dB,14.3us,"[0,",1,1011.17,normal,0,valid,-11.5dB,-11.5dB,0.16us,-18.7Hz,,"[6,",,1
2025-07-30 13:41:15.981016,PHY,0x4601,1,0,na,"[0,",0,0,1,1740.1,+18.1dB,18.8us,"[0,",1,1011.18,normal,0,valid,-14.4dB,-14.5dB,na,na,,,,
2025-07-30 13:41:15.981483,PHY,0x4601,1,0,na,"[0,",0,0,1,1611.1,+17.8dB,14.4us,"[0,",1,1011.19,normal,0,valid,-14.4dB,-14.4dB,na,na,,,,
2025-07-30 13:41:15.985610,CSI,0x4601,2,,na,"[0,",,,1,,+33.7dB,11.5us,"[0,",1,1012.8,normal,0,valid,-11.4dB,-11.5dB,0.19us,-59.4Hz,,"[6,",1111,1
2025-07-30 13:41:15.986457,PHY,0x4601,1,0,na,"[0,",0,0,1,1608.8,+17.8dB,20.2us,"[0,",1,1012.9,normal,0,valid,-14.4dB,-14.4dB,na,na,,,,
2025-07-30 13:41:15.990133,PHY,0x4601,2,,na,"[0,",,,11111,,+29.8dB,16.1us,"[0,",1,1012.17,normal,0,valid,-11.4dB,-11.5dB,0.18us,+68.4Hz,,"[6,",,1
2025-07-30 13:41:15.990941,PHY,0x4601,1,0,na,"[0,",0,0,1,1284.7,+16.8dB,17.3us,"[0,",1,1012.18,normal,0,valid,-14.4dB,-14.4dB,na,na,,,,
2025-07-30 13:41:15.991519,PHY,0x4601,1,0,na,"[0,",0,0,1,1193.6,+16.5dB,16.4us,"[0,",1,1012.19,normal,0,valid,-14.3dB,-14.5dB,na,na,,,,
2025-07-30 13:41:15.996017,PHY,0x4601,1,0,na,"[0,",0,0,1,1897.2,+18.5dB,19.0us,"[0,",1,1013.8,normal,0,valid,-14.4dB,-14.5dB,na,na,,,,
2025-07-30 13:41:15.996487,PHY,0x4601,1,0,na,"[0,",0,0,1,1760.9,+18.2dB,23.9us,"[0,",1,1013.9,normal,0,valid,-14.4dB,-14.5dB,na,na,,,,
2025-07-30 13:41:16.000025,PHY,0x4601,2,,na,"[0,",,,11111,,+31.8dB,14.9us,"[0,",1,1013.17,normal,0,valid,-11.5dB,-11.5dB,0.16us,+94.5Hz,,"[6,",,1
2025-07-30 13:41:16.000981,PHY,0x4601,1,0,na,"[0,",0,0,1,1287.9,+16.9dB,16.4us,"[0,",1,1013.18,normal,0,valid,-14.4dB,-14.4dB,na,na,,,,
2025-07-30 13:41:16.001450,PHY,0x4601,1,0,na,"[0,",0,0,1,1308.8,+16.9dB,14.7us,"[0,",1,1013.19,normal,0,valid,-14.4dB,-14.5dB,na,na,,,,
2025-07-30 13:41:16.005596,CSI,0x4601,2,,na,"[0,",,,1,,+30.4dB,16.4us,"[0,",1,1014.8,normal,0,valid,-11.4dB,-11.5dB,0.18us,-41.2Hz,,"[6,",1111,1
2025-07-30 13:41:16.006512,PHY,0x4601,1,0,na,"[0,",0,0,1,1276.2,+16.8dB,16.2us,"[0,",1,1014.9,normal,0,valid,-14.4dB,-14.4dB,na,na,,,,
2025-07-30 13:41:16.010061,PHY,0x4601,2,,na,"[0,",,,11111,,+32.1dB,14.3us,"[0,",1,1014.17,normal,0,valid,-11.4dB,-11.5dB,0.17us,+33.1Hz,,"[6,",,1
2025-07-30 13:41:16.011002,PHY,0x4601,1,0,na,"[0,",0,0,1,1237.2,+16.7dB,15.7us,"[0,",1,1014.18,normal,0,valid,-14.4dB,-14.5dB,na,na,,,,
2025-07-30 13:41:16.011477,PHY,0x4601,1,0,na,"[0,",0,0,1,1297.8,+16.9dB,14.5us,"[0,",1,1014.19,normal,0,valid,-14.4dB,-14.5dB,na,na,,,,
2025-07-30 13:41:16.015972,PHY,0x4601,1,0,na,"[0,",0,0,1,1801.7,+18.3dB,18.5us,"[0,",1,1015.8,normal,0,valid,-14.4dB,-14.5dB,na,na,,,,
2025-07-30 13:41:16.016442,PHY,0x4601,1,0,na,"[0,",0,0,1,1673.7,+18.0dB,18.9us,"[0,",1,1015.9,normal,0,valid,-14.4dB,-14.5dB,na,na,,,,
2025-07-30 13:41:16.020095,PHY,0x4601,2,,na,"[0,",,,11111,,+33.3dB,14.3us,"[0,",1,1015.17,normal,0,valid,-11.5dB,-11.5dB,0.19us,+51.0Hz,,"[6,",,1
2025-07-30 13:41:16.021033,PHY,0x4601,1,0,na,"[0,",0,0,1,1788.3,+18.3dB,16.2us,"[0,",1,1015.18,normal,0,valid,-14.4dB,-14.4dB,na,na,,,,
2025-07-30 13:41:16.021507,PHY,0x4601,1,0,na,"[0,",0,0,1,1826.7,+18.3dB,16.0us,"[0,",1,1015.19,normal,0,valid,-14.4dB,-14.5dB,na,na,,,,
2025-07-30 13:41:16.025600,CSI,0x4601,2,,na,"[0,",,,1,,+31.6dB,11.6us,"[0,",1,1016.8,normal,0,valid,-11.3dB,-11.3dB,0.18us,-154.9Hz,,"[6,",1111,1
2025-07-30 13:41:16.026488,PHY,0x4601,1,0,na,"[0,",0,0,1,1327.7,+17.0dB,16.5us,"[0,",1,1016.9,normal,0,valid,-14.4dB,-14.5dB,na,na,,,,
2025-07-30 13:41:16.030011,PHY,0x4601,2,,na,"[0,",,,11111,,+32.2dB,14.1us,"[0,",1,1016.17,normal,0,valid,-11.5dB,-11.5dB,0.16us,+1.1Hz,,"[6,",,1
2025-07-30 13:41:16.030959,PHY,0x4601,1,0,na,"[0,",0,0,1,1247.5,+16.7dB,15.6us,"[0,",1,1016.18,normal,0,valid,-14.3dB,-14.4dB,na,na,,,,
2025-07-30 13:41:16.031549,PHY,0x4601,1,0,na,"[0,",0,0,1,1229.0,+16.6dB,17.4us,"[0,",1,1016.19,normal,0,valid,-14.4dB,-14.5dB,na,na,,,,
2025-07-30 13:41:16.036031,PHY,0x4601,1,0,na,"[0,",0,0,1,1767.0,+18.2dB,17.2us,"[0,",1,1017.8,normal,0,valid,-14.4dB,-14.5dB,na,na,,,,
2025-07-30 13:41:16.036524,PHY,0x4601,1,0,na,"[0,",0,0,1,1645.9,+17.9dB,14.3us,"[0,",1,1017.9,normal,0,valid,-14.4dB,-14.5dB,na,na,,,,
2025-07-30 13:41:16.040042,PHY,0x4601,2,,na,"[0,",,,11111,,+31.2dB,13.8us,"[0,",1,1017.17,normal,0,valid,-11.4dB,-11.4dB,0.19us,-5.8Hz,,"[6,",,1
2025-07-30 13:41:16.040986,PHY,0x4601,1,0,na,"[0,",0,0,1,1609.2,+17.8dB,16.0us,"[0,",1,1017.18,normal,0,valid,-14.4dB,-14.4dB,na,na,,,,
2025-07-30 13:41:16.041470,PHY,0x4601,1,0,na,"[0,",0,0,1,1640.2,+17.9dB,14.7us,"[0,",1,1017.19,normal,0,valid,-14.3dB,-14.4dB,na,na,,,,
2025-07-30 13:41:16.045652,CSI,0x4601,2,,na,"[0,",,,1,,+31.2dB,16.5us,"[0,",1,1018.8,normal,0,valid,-11.3dB,-11.3dB,0.16us,+23.4Hz,,"[6,",1111,1
2025-07-30 13:41:16.046534,PHY,0x4601,1,0,na,"[0,",0,0,1,1717.8,+18.1dB,18.2us,"[0,",1,1018.9,normal,0,valid,-14.4dB,-14.5dB,na,na,,,,
2025-07-30 13:41:16.050078,PHY,0x4601,2,,na,"[0,",,,11111,,+28.5dB,14.5us,"[0,",1,1018.17,normal,0,valid,-11.5dB,-11.6dB,0.17us,+65.1Hz,,"[6,",,1
2025-07-30 13:41:16.051020,PHY,0x4601,1,0,na,"[0,",0,0,1,1235.7,+16.7dB,16.2us,"[0,",1,1018.18,normal,0,valid,-14.4dB,-14.4dB,na,na,,,,
2025-07-30 13:41:16.051493,PHY,0x4601,1,0,na,"[0,",0,0,1,1288.8,+16.8dB,15.6us,"[0,",1,1018.19,normal,0,valid,-14.4dB,-14.5dB,na,na,,,,
2025-07-30 13:41:16.055990,PHY,0x4601,1,0,na,"[0,",0,0,1,1720.3,+18.1dB,15.6us,"[0,",1,1019.8,normal,0,valid,-14.4dB,-14.5dB,na,na,,,,
2025-07-30 13:41:16.056456,PHY,0x4601,1,0,na,"[0,",0,0,1,1707.4,+18.0dB,13.6us,"[0,",1,1019.9,normal,0,valid,-14.4dB,-14.5dB,na,na,,,,
2025-07-30 13:41:16.060118,PHY,0x4601,2,,na,"[0,",,,11111,,+29.9dB,17.0us,"[0,",1,1019.17,normal,0,valid,-11.5dB,-11.5dB,0.18us,+51.6Hz,,"[6,",,1
2025-07-30 13:41:16.060946,PHY,0x4601,1,0,na,"[0,",0,0,1,1556.0,+17.6dB,15.4us,"[0,",1,1019.18,normal,0,valid,-14.4dB,-14.5dB,na,na,,,,
2025-07-30 13:41:16.061529,PHY,0x4601,1,0,na,"[0,",0,0,1,1783.6,+18.2dB,14.2us,"[0,",1,1019.19,normal,0,valid,-14.4dB,-14.5dB,na,na,,,,
2025-07-30 13:41:16.065620,CSI,0x4601,2,,na,"[0,",,,1,,+30.4dB,10.9us,"[0,",1,1020.8,normal,0,valid,-11.4dB,-11.4dB,0.18us,+29.6Hz,,"[6,",1111,1
2025-07-30 13:41:16.066500,PHY,0x4601,1,0,na,"[0,",0,0,1,1758.4,+18.2dB,17.1us,"[0,",1,1020.9,normal,0,valid,-14.3dB,-14.4dB,na,na,,,,
2025-07-30 13:41:16.070031,PHY,0x4601,2,,na,"[0,",,,11111,,+30.9dB,13.7us,"[0,",1,1020.17,normal,0,valid,-11.6dB,-11.6dB,0.18us,+28.5Hz,,"[6,",,1
2025-07-30 13:41:16.070981,PHY,0x4601,1,0,na,"[0,",0,0,1,1737.7,+18.1dB,15.9us,"[0,",1,1020.18,normal,0,valid,-14.3dB,-14.4dB,na,na,,,,
2025-07-30 13:41:16.071453,PHY,0x4601,1,0,na,"[0,",0,0,1,1762.5,+18.2dB,14.4us,"[0,",1,1020.19,normal,0,valid,-14.3dB,-14.4dB,na,na,,,,
2025-07-30 13:41:16.075951,PHY,0x4601,1,0,na,"[0,",0,0,1,1630.3,+17.8dB,16.0us,"[0,",1,1021.8,normal,0,valid,-14.4dB,-14.5dB,na,na,,,,
2025-07-30 13:41:16.076538,PHY,0x4601,1,0,na,"[0,",0,0,1,1656.5,+17.9dB,14.7us,"[0,",1,1021.9,normal,0,valid,-14.4dB,-14.5dB,na,na,,,,
2025-07-30 13:41:16.080074,PHY,0x4601,2,,na,"[0,",,,11111,,+31.7dB,15.0us,"[0,",1,1021.17,normal,0,valid,-11.5dB,-11.5dB,0.17us,+46.4Hz,,"[6,",,1
2025-07-30 13:41:16.081011,PHY,0x4601,1,0,na,"[0,",0,0,1,1749.4,+18.2dB,18.9us,"[0,",1,1021.18,normal,0,valid,-14.3dB,-14.4dB,na,na,,,,
2025-07-30 13:41:16.081487,PHY,0x4601,1,0,na,"[0,",0,0,1,1762.1,+18.2dB,13.6us,"[0,",1,1021.19,normal,0,valid,-14.4dB,-14.4dB,na,na,,,,
2025-07-30 13:41:16.085614,CSI,0x4601,2,,na,"[0,",,,1,,+33.5dB,15.4us,"[0,",1,1022.8,normal,0,valid,-11.4dB,-11.5dB,0.18us,+51.6Hz,,"[6,",1111,1
2025-07-30 13:41:16.086443,PHY,0x4601,1,0,na,"[0,",0,0,1,1243.9,+16.7dB,15.8us,"[0,",1,1022.9,normal,0,valid,-14.4dB,-14.5dB,na,na,,,,
2025-07-30 13:41:16.090099,PHY,0x4601,2,,na,"[0,",,,11111,,+32.1dB,13.5us,"[0,",1,1022.17,normal,0,valid,-11.5dB,-11.5dB,0.18us,-117.4Hz,,"[6,",,1
2025-07-30 13:41:16.091042,PHY,0x4601,1,0,na,"[0,",0,0,1,1211.8,+16.6dB,16.6us,"[0,",1,1022.18,normal,0,valid,-14.4dB,-14.4dB,na,na,,,,
2025-07-30 13:41:16.091518,PHY,0x4601,1,0,na,"[0,",0,0,1,1208.5,+16.5dB,15.2us,"[0,",1,1022.19,normal,0,valid,-14.4dB,-14.5dB,na,na,,,,
2025-07-30 13:41:16.096002,PHY,0x4601,1,0,na,"[0,",0,0,1,1786.2,+18.2dB,17.5us,"[0,",1,1023.8,normal,0,valid,-14.4dB,-14.5dB,na,na,,,,
2025-07-30 13:41:16.096484,PHY,0x4601,1,0,na,"[0,",0,0,1,1677.3,+18.0dB,24.5us,"[0,",1,1023.9,normal,0,valid,-14.4dB,-14.5dB,na,na,,,,
2025-07-30 13:41:16.100023,PHY,0x4601,2,,na,"[0,",,,11111,,+29.6dB,13.7us,"[0,",1,1023.17,normal,0,valid,-11.5dB,-11.5dB,0.17us,+69.8Hz,,"[6,",,1
2025-07-30 13:41:16.100965,PHY,0x4601,1,0,na,"[0,",0,0,1,1319.3,+17.0dB,15.1us,"[0,",1,1023.18,normal,0,valid,-14.4dB,-14.4dB,na,na,,,,
2025-07-30 13:41:16.101443,PHY,0x4601,1,0,na,"[0,",0,0,1,1224.0,+16.6dB,14.9us,"[0,",1,1023.19,normal,0,valid,-14.3dB,-14.4dB,na,na,,,,
2025-07-30 13:41:16.105567,CSI,0x4601,2,,na,"[0,",,,1,,+31.1dB,14.5us,"[0,",1,0.8,normal,0,valid,-11.4dB,-11.4dB,0.17us,-98.6Hz,,"[6,",1111,1
2025-07-30 13:41:16.106523,PHY,0x4601,1,0,na,"[0,",0,0,1,1269.7,+16.8dB,22.4us,"[0,",1,0.9,normal,0,valid,-14.4dB,-14.5dB,na,na,,,,
2025-07-30 13:41:16.110079,PHY,0x4601,2,,na,"[0,",,,11111,,+31.0dB,19.9us,"[0,",1,0.17,normal,0,valid,-11.4dB,-11.4dB,0.19us,+2.1Hz,,"[6,",,1
2025-07-30 13:41:16.110988,PHY,0x4601,1,0,na,"[0,",0,0,1,1589.2,+17.8dB,15.7us,"[0,",1,0.18,normal,0,valid,-14.4dB,-14.4dB,na,na,,,,
2025-07-30 13:41:16.111471,PHY,0x4601,1,0,na,"[0,",0,0,1,1582.7,+17.7dB,14.0us,"[0,",1,0.19,normal,0,valid,-14.4dB,-14.4dB,na,na,,,,
2025-07-30 13:41:16.115960,PHY,0x4601,1,0,na,"[0,",0,0,1,1765.7,+18.2dB,16.3us,"[0,",1,1.8,normal,0,valid,-14.4dB,-14.5dB,na,na,,,,
2025-07-30 13:41:16.116548,PHY,0x4601,1,0,na,"[0,",0,0,1,1582.0,+17.7dB,16.9us,"[0,",1,1.9,normal,0,valid,-14.5dB,-14.5dB,na,na,,,,
2025-07-30 13:41:16.120125,PHY,0x4601,2,,na,"[0,",,,11111,,+30.3dB,18.2us,"[0,",1,1.17,normal,0,valid,-11.5dB,-11.5dB,0.18us,+43.2Hz,,"[6,",,1
2025-07-30 13:41:16.121028,PHY,0x4601,1,0,na,"[0,",0,0,1,1662.5,+18.0dB,15.7us,"[0,",1,1.18,normal,0,valid,-14.4dB,-14.4dB,na,na,,,,
2025-07-30 13:41:16.121498,PHY,0x4601,1,0,na,"[0,",0,0,1,1605.8,+17.8dB,13.4us,"[0,",1,1.19,normal,0,valid,-14.4dB,-14.5dB,na,na,,,,
2025-07-30 13:41:16.125626,CSI,0x4601,2,,na,"[0,",,,1,,+32.1dB,13.8us,"[0,",1,2.8,normal,0,valid,-11.3dB,-11.4dB,0.18us,+81.7Hz,,"[6,",1111,1
2025-07-30 13:41:16.126472,PHY,0x4601,1,0,na,"[0,",0,0,1,1195.4,+16.5dB,21.8us,"[0,",1,2.9,normal,0,valid,-14.4dB,-14.5dB,na,na,,,,
2025-07-30 13:41:16.130129,PHY,0x4601,2,,na,"[0,",,,11111,,+29.6dB,14.3us,"[0,",1,2.17,normal,0,valid,-11.5dB,-11.6dB,0.16us,+30.5Hz,,"[6,",,1
2025-07-30 13:41:16.130951,PHY,0x4601,1,0,na,"[0,",0,0,1,1676.4,+18.0dB,15.6us,"[0,",1,2.18,normal,0,valid,-14.4dB,-14.5dB,na,na,,,,
2025-07-30 13:41:16.131530,PHY,0x4601,1,0,na,"[0,",0,0,1,1636.3,+17.9dB,13.8us,"[0,",1,2.19,normal,0,valid,-14.4dB,-14.4dB,na,na,,,,
2025-07-30 13:41:16.136027,PHY,0x4601,1,0,na,"[0,",0,0,1,1702.8,+18.1dB,21.5us,"[0,",1,3.8,normal,0,valid,-14.3dB,-14.3dB,na,na,,,,
2025-07-30 13:41:16.136502,PHY,0x4601,1,0,na,"[0,",0,0,1,1655.4,+18.0dB,14.7us,"[0,",1,3.9,normal,0,valid,-14.3dB,-14.3dB,na,na,,,,
2025-07-30 13:41:16.140032,PHY,0x4601,2,,na,"[0,",,,11111,,+30.0dB,14.1us,"[0,",1,3.17,normal,0,valid,-11.5dB,-11.6dB,0.16us,+52.6Hz,,"[6,",,1
2025-07-30 13:41:16.140978,PHY,0x4601,1,0,na,"[0,",0,0,1,1242.3,+16.7dB,17.2us,"[0,",1,3.18,normal,0,valid,-14.4dB,-14.5dB,na,na,,,,
2025-07-30 13:41:16.141451,PHY,0x4601,1,0,na,"[0,",0,0,1,1238.9,+16.7dB,14.4us,"[0,",1,3.19,normal,0,valid,-14.3dB,-14.4dB,na,na,,,,
2025-07-30 13:41:16.145614,CSI,0x4601,2,,na,"[0,",,,1,,+29.1dB,12.9us,"[0,",1,4.8,normal,0,valid,-11.4dB,-11.4dB,0.18us,-1.6Hz,,"[6,",1111,1
2025-07-30 13:41:16.146528,PHY,0x4601,1,0,na,"[0,",0,0,1,1753.1,+18.2dB,23.4us,"[0,",1,4.9,normal,0,valid,-14.4dB,-14.4dB,na,na,,,,
2025-07-30 13:41:16.150089,PHY,0x4601,2,,na,"[0,",,,11111,,+31.2dB,16.2us,"[0,",1,4.17,normal,0,valid,-11.5dB,-11.5dB,0.18us,-6.2Hz,,"[6,",,1
2025-07-30 13:41:16.151003,PHY,0x4601,1,0,na,"[0,",0,0,1,1283.4,+16.8dB,15.6us,"[0,",1,4.18,normal,0,valid,-14.4dB,-14.5dB,na,na,,,,
2025-07-30 13:41:16.151478,PHY,0x4601,1,0,na,"[0,",0,0,1,1205.8,+16.5dB,14.8us,"[0,",1,4.19,normal,0,valid,-14.3dB,-14.4dB,na,na,,,,
2025-07-30 13:41:16.155986,PHY,0x4601,1,0,na,"[0,",0,0,1,1656.1,+17.9dB,26.2us,"[0,",1,5.8,normal,0,valid,-14.4dB,-14.5dB,na,na,,,,
2025-07-30 13:41:16.156446,PHY,0x4601,1,0,na,"[0,",0,0,1,1714.8,+18.1dB,15.9us,"[0,",1,5.9,normal,0,valid,-14.5dB,-14.5dB,na,na,,,,
2025-07-30 13:41:16.160134,PHY,0x4601,2,,na,"[0,",,,11111,,+31.0dB,14.7us,"[0,",1,5.17,normal,0,valid,-11.5dB,-11.5dB,0.19us,-52.1Hz,,"[6,",,1
2025-07-30 13:41:16.160938,PHY,0x4601,1,0,na,"[0,",0,0,1,1702.6,+18.1dB,23.1us,"[0,",1,5.18,normal,0,valid,-14.4dB,-14.4dB,na,na,,,,
2025-07-30 13:41:16.161512,PHY,0x4601,1,0,na,"[0,",0,0,1,1750.3,+18.2dB,13.9us,"[0,",1,5.19,normal,0,valid,-14.3dB,-14.4dB,na,na,,,,
2025-07-30 13:41:16.165634,CSI,0x4601,2,,na,"[0,",,,1,,+31.4dB,13.1us,"[0,",1,6.8,normal,0,valid,-11.2dB,-11.3dB,0.17us,-36.9Hz,,"[6,",1111,1
2025-07-30 13:41:16.166476,PHY,0x4601,1,0,na,"[0,",0,0,1,1238.8,+16.7dB,17.7us,"[0,",1,6.9,normal,0,valid,-14.4dB,-14.4dB,na,na,,,,
2025-07-30 13:41:16.170016,PHY,0x4601,2,,na,"[0,",,,11111,,+34.3dB,13.9us,"[0,",1,6.17,normal,0,valid,-11.5dB,-11.5dB,0.17us,+50.2Hz,,"[6,",,1
2025-07-30 13:41:16.170963,PHY,0x4601,1,0,na,"[0,",0,0,1,1709.8,+18.1dB,15.5us,"[0,",1,6.18,normal,0,valid,-14.4dB,-14.4dB,na,na,,,,
2025-07-30 13:41:16.171438,PHY,0x4601,1,0,na,"[0,",0,0,1,1760.0,+18.2dB,13.8us,"[0,",1,6.19,normal,0,valid,-14.4dB,-14.4dB,na,na,,,,
2025-07-30 13:41:16.176041,PHY,0x4601,1,0,na,"[0,",0,0,1,1690.6,+18.0dB,16.0us,"[0,",1,7.8,normal,0,valid,-14.3dB,-14.4dB,na,na,,,,
2025-07-30 13:41:16.176531,PHY,0x4601,1,0,na,"[0,",0,0,1,1657.1,+17.9dB,19.1us,"[0,",1,7.9,normal,0,valid,-14.3dB,-14.4dB,na,na,,,,
2025-07-30 13:41:16.180076,PHY,0x4601,2,,na,"[0,",,,11111,,+31.9dB,14.3us,"[0,",1,7.17,normal,0,valid,-11.5dB,-11.5dB,0.16us,-39.0Hz,,"[6,",,1
2025-07-30 13:41:16.180996,PHY,0x4601,1,0,na,"[0,",0,0,1,1799.5,+18.3dB,16.1us,"[0,",1,7.18,normal,0,valid,-14.4dB,-14.5dB,na,na,,,,
2025-07-30 13:41:16.181470,PHY,0x4601,1,0,na,"[0,",0,0,1,1662.9,+17.9dB,14.3us,"[0,",1,7.19,normal,0,valid,-14.4dB,-14.4dB,na,na,,,,
2025-07-30 13:41:16.185621,CSI,0x4601,2,,na,"[0,",,,1,,+31.6dB,13.3us,"[0,",1,8.8,normal,0,valid,-11.3dB,-11.3dB,0.17us,+47.5Hz,,"[6,",1111,1
2025-07-30 13:41:16.186446,PHY,0x4601,1,0,na,"[0,",0,0,1,1095.1,+16.1dB,15.1us,"[0,",1,8.9,normal,0,valid,-14.4dB,-14.5dB,na,na,,,,
2025-07-30 13:41:16.190121,PHY,0x4601,2,,na,"[0,",,,11111,,+32.1dB,12.8us,"[0,",1,8.17,normal,0,valid,-11.5dB,-11.5dB,0.16us,-42.7Hz,,"[6,",,1
2025-07-30 13:41:16.191026,PHY,0x4601,1,0,na,"[0,",0,0,1,1271.8,+16.8dB,15.7us,"[0,",1,8.18,normal,0,valid,-14.4dB,-14.5dB,na,na,,,,
2025-07-30 13:41:16.191498,PHY,0x4601,1,0,na,"[0,",0,0,1,1202.1,+16.5dB,13.2us,"[0,",1,8.19,normal,0,valid,-14.4dB,-14.5dB,na,na,,,,
2025-07-30 13:41:16.195998,PHY,0x4601,1,0,na,"[0,",0,0,1,1693.9,+18.0dB,16.8us,"[0,",1,9.8,normal,0,valid,-14.5dB,-14.5dB,na,na,,,,
2025-07-30 13:41:16.196466,PHY,0x4601,1,0,na,"[0,",0,0,1,1689.3,+18.0dB,15.6us,"[0,",1,9.9,normal,0,valid,-14.5dB,-14.5dB,na,na,,,,
2025-07-30 13:41:16.200011,PHY,0x4601,2,,na,"[0,",,,11111,,+30.2dB,14.2us,"[0,",1,9.17,normal,0,valid,-11.4dB,-11.5dB,0.18us,+36.2Hz,,"[6,",,1
2025-07-30 13:41:16.200953,PHY,0x4601,1,0,na,"[0,",0,0,1,1677.0,+18.0dB,16.5us,"[0,",1,9.18,normal,0,valid,-14.4dB,-14.4dB,na,na,,,,
2025-07-30 13:41:16.201532,PHY,0x4601,1,0,na,"[0,",0,0,1,1683.5,+18.0dB,13.9us,"[0,",1,9.19,normal,0,valid,-14.4dB,-14.4dB,na,na,,,,
2025-07-30 13:41:16.205556,CSI,0x4601,2,,na,"[0,",,,1,,+33.5dB,12.4us,"[0,",1,10.8,normal,0,valid,-11.4dB,-11.4dB,0.17us,+8.4Hz,,"[6,",1111,1
2025-07-30 13:41:16.206501,PHY,0x4601,1,0,na,"[0,",0,0,1,1609.3,+17.8dB,16.2us,"[0,",1,10.9,normal,0,valid,-14.4dB,-14.4dB,na,na,,,,
2025-07-30 13:41:16.210043,PHY,0x4601,2,,na,"[0,",,,11111,,+30.8dB,13.7us,"[0,",1,10.17,normal,0,valid,-11.5dB,-11.6dB,0.17us,+1.2Hz,,"[6,",,1
2025-07-30 13:41:16.210987,PHY,0x4601,1,0,na,"[0,",0,0,1,1571.3,+17.7dB,15.7us,"[0,",1,10.18,normal,0,valid,-14.4dB,-14.5dB,na,na,,,,
2025-07-30 13:41:16.211480,PHY,0x4601,1,0,na,"[0,",0,0,1,1650.9,+17.9dB,13.9us,"[0,",1,10.19,normal,0,valid,-14.4dB,-14.4dB,na,na,,,,
2025-07-30 13:41:16.215992,PHY,0x4601,1,0,na,"[0,",0,0,1,1755.9,+18.2dB,18.8us,"[0,",1,11.8,normal,0,valid,-14.3dB,-14.3dB,na,na,,,,
2025-07-30 13:41:16.216548,PHY,0x4601,1,0,na,"[0,",0,0,1,1740.7,+18.1dB,14.9us,"[0,",1,11.9,normal,0,valid,-14.3dB,-14.4dB,na,na,,,,
2025-07-30 13:41:16.220106,PHY,0x4601,2,,na,"[0,",,,11111,,+34.6dB,16.7us,"[0,",1,11.17,normal,0,valid,-11.5dB,-11.5dB,0.19us,+4.5Hz,,"[6,",,1
2025-07-30 13:41:16.221021,PHY,0x4601,1,0,na,"[0,",0,0,1,1802.4,+18.3dB,18.1us,"[0,",1,11.18,normal,0,valid,-14.4dB,-14.5dB,na,na,,,,
2025-07-30 13:41:16.221488,PHY,0x4601,1,0,na,"[0,",0,0,1,1687.5,+18.0dB,16.0us,"[0,",1,11.19,normal,0,valid,-14.4dB,-14.5dB,na,na,,,,
2025-07-30 13:41:16.225608,CSI,0x4601,2,,na,"[0,",,,1,,+30.7dB,13.1us,"[0,",1,12.8,normal,0,valid,-11.4dB,-11.4dB,0.17us,-54.6Hz,,"[6,",1111,1
2025-07-30 13:41:16.226472,PHY,0x4601,1,0,na,"[0,",0,0,1,1111.0,+16.2dB,19.0us,"[0,",1,12.9,normal,0,valid,-14.4dB,-14.5dB,na,na,,,,
2025-07-30 13:41:16.230144,PHY,0x4601,2,,na,"[0,",,,11111,,+29.9dB,16.3us,"[0,",1,12.17,normal,0,valid,-11.5dB,-11.5dB,0.16us,-73.0Hz,,"[6,",,1
2025-07-30 13:41:16.230952,PHY,0x4601,1,0,na,"[0,",0,0,1,1585.7,+17.8dB,16.7us,"[0,",1,12.18,normal,0,valid,-14.4dB,-14.4dB,na,na,,,,
2025-07-30 13:41:16.231525,PHY,0x4601,1,0,na,"[0,",0,0,1,1758.1,+18.2dB,13.9us,"[0,",1,12.19,normal,0,valid,-14.4dB,-14.5dB,na,na,,,,
2025-07-30 13:41:16.236028,PHY,0x4601,1,0,na,"[0,",0,0,1,1732.7,+18.1dB,23.8us,"[0,",1,13.8,normal,0,valid,-14.3dB,-14.4dB,na,na,,,,
2025-07-30 13:41:16.236496,PHY,0x4601,1,0,na,"[0,",0,0,1,1791.6,+18.3dB,14.9us,"[0,",1,13.9,normal,0,valid,-14.3dB,-14.4dB,na,na,,,,
2025-07-30 13:41:16.240033,PHY,0x4601,2,,na,"[0,",,,11111,,+31.6dB,14.3us,"[0,",1,13.17,normal,0,valid,-11.4dB,-11.4dB,0.17us,+16.0Hz,,"[6,",,1
2025-07-30 13:41:16.240982,PHY,0x4601,1,0,na,"[0,",0,0,1,1314.1,+16.9dB,21.1us,"[0,",1,13.18,normal,0,valid,-14.4dB,-14.4dB,na,na,,,,
2025-07-30 13:41:16.241447,PHY,0x4601,1,0,na,"[0,",0,0,1,1181.0,+16.5dB,13.3us,"[0,",1,13.19,normal,0,valid,-14.4dB,-14.4dB,na,na,,,,
2025-07-30 13:41:16.245588,CSI,0x4601,2,,na,"[0,",,,1,,+33.0dB,12.9us,"[0,",1,14.8,normal,0,valid,-11.3dB,-11.4dB,0.19us,+52.3Hz,,"[6,",1111,1
2025-07-30 13:41:16.246522,PHY,0x4601,1,0,na,"[0,",0,0,1,1639.4,+17.9dB,15.4us,"[0,",1,14.9,normal,0,valid,-14.4dB,-14.5dB,na,na,,,,
2025-07-30 13:41:16.250073,PHY,0x4601,2,,na,"[0,",,,11111,,+32.8dB,15.9us,"[0,",1,14.17,normal,0,valid,-11.4dB,-11.5dB,0.17us,-26.2Hz,,"[6,",,1
2025-07-30 13:41:16.251001,PHY,0x4601,1,0,na,"[0,",0,0,1,1145.4,+16.3dB,15.7us,"[0,",1,14.18,normal,0,valid,-14.4dB,-14.5dB,na,na,,,,
2025-07-30 13:41:16.251485,PHY,0x4601,1,0,na,"[0,",0,0,1,1292.2,+16.9dB,16.2us,"[0,",1,14.19,normal,0,valid,-14.4dB,-14.5dB,na,na,,,,
2025-07-30 13:41:16.255984,PHY,0x4601,1,0,na,"[0,",0,0,1,1685.8,+18.1dB,20.1us,"[0,",1,15.8,normal,0,valid,-14.5dB,-14.5dB,na,na,,,,
2025-07-30 13:41:16.256451,PHY,0x4601,1,0,na,"[0,",0,0,1,1593.4,+17.8dB,18.4us,"[0,",1,15.9,normal,0,valid,-14.5dB,-14.5dB,na,na,,,,
2025-07-30 13:41:16.260107,PHY,0x4601,2,,na,"[0,",,,11111,,+34.4dB,17.1us,"[0,",1,15.17,normal,0,valid,-11.5dB,-11.5dB,0.19us,+17.2Hz,,"[6,",,1
2025-07-30 13:41:16.261040,PHY,0x4601,1,0,na,"[0,",0,0,1,1656.7,+17.9dB,15.7us,"[0,",1,15.18,normal,0,valid,-14.4dB,-14.4dB,na,na,,,,
2025-07-30 13:41:16.261510,PHY,0x4601,1,0,na,"[0,",0,0,1,1658.0,+18.0dB,13.5us,"[0,",1,15.19,normal,0,valid,-14.4dB,-14.4dB,na,na,,,,
2025-07-30 13:41:16.265618,CSI,0x4601,2,,na,"[0,",,,1,,+34.0dB,12.9us,"[0,",1,16.8,normal,0,valid,-11.4dB,-11.4dB,0.17us,+72.0Hz,,"[6,",1111,1
2025-07-30 13:41:16.266478,PHY,0x4601,1,0,na,"[0,",0,0,1,1733.0,+18.1dB,15.2us,"[0,",1,16.9,normal,0,valid,-14.4dB,-14.4dB,na,na,,,,
2025-07-30 13:41:16.270022,PHY,0x4601,2,,na,"[0,",,,11111,,+34.2dB,14.7us,"[0,",1,16.17,normal,0,valid,-11.5dB,-11.5dB,0.19us,+17.5Hz,,"[6,",,1
2025-07-30 13:41:16.270968,PHY,0x4601,1,0,na,"[0,",0,0,1,1186.3,+16.5dB,20.7us,"[0,",1,16.18,normal,0,valid,-14.3dB,-14.4dB,na,na,,,,
2025-07-30 13:41:16.271441,PHY,0x4601,1,0,na,"[0,",0,0,1,1224.1,+16.6dB,15.0us,"[0,",1,16.19,normal,0,valid,-14.4dB,-14.5dB,na,na,,,,
2025-07-30 13:41:16.276037,PHY,0x4601,1,0,na,"[0,",0,0,1,1679.6,+18.0dB,17.7us,"[0,",1,17.8,normal,0,valid,-14.3dB,-14.4dB,na,na,,,,
2025-07-30 13:41:16.276519,PHY,0x4601,1,0,na,"[0,",0,0,1,1739.6,+18.1dB,15.0us,"[0,",1,17.9,normal,0,valid,-14.3dB,-14.4dB,na,na,,,,
2025-07-30 13:41:16.280075,PHY,0x4601,2,,na,"[0,",,,11111,,+29.9dB,16.6us,"[0,",1,17.17,normal,0,valid,-11.4dB,-11.4dB,0.18us,+20.1Hz,,"[6,",,1
2025-07-30 13:41:16.280990,PHY,0x4601,1,0,na,"[0,",0,0,1,1578.7,+17.7dB,16.7us,"[0,",1,17.18,normal,0,valid,-14.4dB,-14.5dB,na,na,,,,
2025-07-30 13:41:16.281473,PHY,0x4601,1,0,na,"[0,",0,0,1,1629.4,+17.8dB,18.6us,"[0,",1,17.19,normal,0,valid,-14.4dB,-14.5dB,na,na,,,,
2025-07-30 13:41:16.285615,CSI,0x4601,2,,na,"[0,",,,1,,+33.2dB,12.4us,"[0,",1,18.8,normal,0,valid,-11.4dB,-11.4dB,0.18us,+104.3Hz,,"[6,",1111,1
2025-07-30 13:41:16.286540,PHY,0x4601,1,0,na,"[0,",0,0,1,1580.7,+17.8dB,15.4us,"[0,",1,18.9,normal,0,valid,-14.4dB,-14.4dB,na,na,,,,
2025-07-30 13:41:16.290087,PHY,0x4601,2,,na,"[0,",,,11111,,+30.4dB,13.3us,"[0,",1,18.17,normal,0,valid,-11.4dB,-11.4dB,0.17us,+16.2Hz,,"[6,",,1
2025-07-30 13:41:16.291033,PHY,0x4601,1,0,na,"[0,",0,0,1,1525.3,+17.6dB,16.1us,"[0,",1,18.18,normal,0,valid,-14.4dB,-14.4dB,na,na,,,,
2025-07-30 13:41:16.291503,PHY,0x4601,1,0,na,"[0,",0,0,1,1738.0,+18.2dB,13.5us,"[0,",1,18.19,normal,0,valid,-14.4dB,-14.4dB,na,na,,,,
2025-07-30 13:41:16.295997,PHY,0x4601,1,0,na,"[0,",0,0,1,1725.2,+18.1dB,16.7us,"[0,",1,19.8,normal,0,valid,-14.5dB,-14.5dB,na,na,,,,
2025-07-30 13:41:16.296462,PHY,0x4601,1,0,na,"[0,",0,0,1,1710.7,+18.1dB,15.7us,"[0,",1,19.9,normal,0,valid,-14.4dB,-14.5dB,na,na,,,,
2025-07-30 13:41:16.300106,PHY,0x4601,2,,na,"[0,",,,11111,,+34.3dB,14.1us,"[0,",1,19.17,normal,0,valid,-11.4dB,-11.4dB,0.18us,+112.6Hz,,"[6,",,1
2025-07-30 13:41:16.300950,PHY,0x4601,1,0,na,"[0,",0,0,1,1717.3,+18.1dB,16.0us,"[0,",1,19.18,normal,0,valid,-14.4dB,-14.4dB,na,na,,,,
2025-07-30 13:41:16.301533,PHY,0x4601,1,0,na,"[0,",0,0,1,1651.0,+17.9dB,14.7us,"[0,",1,19.19,normal,0,valid,-14.4dB,-14.5dB,na,na,,,,
2025-07-30 13:41:16.305552,CSI,0x4601,2,,na,"[0,",,,1,,+30.4dB,13.1us,"[0,",1,20.8,normal,0,valid,-11.5dB,-11.5dB,0.17us,+80.6Hz,,"[6,",1111,1
2025-07-30 13:41:16.306497,PHY,0x4601,1,0,na,"[0,",0,0,1,1669.4,+17.9dB,17.1us,"[0,",1,20.9,normal,0,valid,-14.4dB,-14.5dB,na,na,,,,
2025-07-30 13:41:16.310038,PHY,0x4601,2,,na,"[0,",,,11111,,+31.9dB,13.8us,"[0,",1,20.17,normal,0,valid,-11.5dB,-11.5dB,0.18us,+74.2Hz,,"[6,",,1
2025-07-30 13:41:16.310987,PHY,0x4601,1,0,na,"[0,",0,0,1,1751.7,+18.2dB,15.8us,"[0,",1,20.18,normal,0,valid,-14.4dB,-14.4dB,na,na,,,,
2025-07-30 13:41:16.311458,PHY,0x4601,1,0,na,"[0,",0,0,1,1709.4,+18.1dB,14.5us,"[0,",1,20.19,normal,0,valid,-14.4dB,-14.4dB,na,na,,,,
2025-07-30 13:41:16.315961,PHY,0x4601,1,0,na,"[0,",0,0,1,1660.8,+18.0dB,18.3us,"[0,",1,21.8,normal,0,valid,-14.3dB,-14.3dB,na,na,,,,
2025-07-30 13:41:16.316540,PHY,0x4601,1,0,na,"[0,",0,0,1,1623.8,+17.8dB,15.8us,"[0,",1,21.9,normal,0,valid,-14.3dB,-14.4dB,na,na,,,,
2025-07-30 13:41:16.320109,PHY,0x4601,2,,na,"[0,",,,11111,,+33.9dB,21.5us,"[0,",1,21.17,normal,0,valid,-11.5dB,-11.5dB,0.20us,+7.8Hz,,"[6,",,1
2025-07-30 13:41:16.321012,PHY,0x4601,1,0,na,"[0,",0,0,1,1599.0,+17.8dB,15.8us,"[0,",1,21.18,normal,0,valid,-14.4dB,-14.4dB,na,na,,,,
2025-07-30 13:41:16.321487,PHY,0x4601,1,0,na,"[0,",0,0,1,1564.7,+17.7dB,13.8us,"[0,",1,21.19,normal,0,valid,-14.4dB,-14.5dB,na,na,,,,
2025-07-30 13:41:16.325619,CSI,0x4601,2,,na,"[0,",,,1,,+30.6dB,17.7us,"[0,",1,22.8,normal,0,valid,-11.4dB,-11.4dB,0.17us,-91.4Hz,,"[6,",1111,1
2025-07-30 13:41:16.326459,PHY,0x4601,1,0,na,"[0,",0,0,1,1228.1,+16.6dB,15.8us,"[0,",1,22.9,normal,0,valid,-14.4dB,-14.5dB,na,na,,,,
2025-07-30 13:41:16.330106,PHY,0x4601,2,,na,"[0,",,,11111,,+31.5dB,15.5us,"[0,",1,22.17,normal,0,valid,-11.5dB,-11.5dB,0.18us,-12.2Hz,,"[6,",,1
2025-07-30 13:41:16.330944,PHY,0x4601,1,0,na,"[0,",0,0,1,1299.6,+16.9dB,19.7us,"[0,",1,22.18,normal,0,valid,-14.3dB,-14.4dB,na,na,,,,
2025-07-30 13:41:16.331521,PHY,0x4601,1,0,na,"[0,",0,0,1,1199.0,+16.5dB,15.4us,"[0,",1,22.19,normal,0,valid,-14.4dB,-14.5dB,na,na,,,,
2025-07-30 13:41:16.336020,PHY,0x4601,1,0,na,"[0,",0,0,1,1650.1,+17.9dB,17.3us,"[0,",1,23.8,normal,0,valid,-14.3dB,-14.4dB,na,na,,,,
2025-07-30 13:41:16.336496,PHY,0x4601,1,0,na,"[0,",0,0,1,1632.7,+17.9dB,30.8us,"[0,",1,23.9,normal,0,valid,-14.3dB,-14.4dB,na,na,,,,
2025-07-30 13:41:16.340027,PHY,0x4601,2,,na,"[0,",,,11111,,+31.9dB,14.4us,"[0,",1,23.17,normal,0,valid,-11.5dB,-11.5dB,0.16us,+27.8Hz,,"[6,",,1
2025-07-30 13:41:16.340972,PHY,0x4601,1,0,na,"[0,",0,0,1,1190.7,+16.5dB,17.0us,"[0,",1,23.18,normal,0,valid,-14.4dB,-14.5dB,na,na,,,,
2025-07-30 13:41:16.341452,PHY,0x4601,1,0,na,"[0,",0,0,1,1203.3,+16.5dB,13.9us,"[0,",1,23.19,normal,0,valid,-14.4dB,-14.5dB,na,na,,,,
2025-07-30 13:41:16.345583,CSI,0x4601,2,,na,"[0,",,,1,,+33.4dB,16.3us,"[0,",1,24.8,normal,0,valid,-11.3dB,-11.4dB,0.18us,+9.6Hz,,"[6,",1111,1
2025-07-30 13:41:16.346516,PHY,0x4601,1,0,na,"[0,",0,0,1,1735.3,+18.1dB,17.0us,"[0,",1,24.9,normal,0,valid,-14.3dB,-14.4dB,na,na,,,,
2025-07-30 13:41:16.350066,PHY,0x4601,2,,na,"[0,",,,11111,,+35.5dB,13.4us,"[0,",1,24.17,normal,0,valid,-11.4dB,-11.5dB,0.21us,-40.7Hz,,"[6,",,1
2025-07-30 13:41:16.351008,PHY,0x4601,1,0,na,"[0,",0,0,1,1602.8,+17.8dB,21.7us,"[0,",1,24.18,normal,0,valid,-14.4dB,-14.4dB,na,na,,,,
2025-07-30 13:41:16.351479,PHY,0x4601,1,0,na,"[0,",0,0,1,1630.2,+17.9dB,15.7us,"[0,",1,24.19,normal,0,valid,-14.3dB,-14.4dB,na,na,,,,
2025-07-30 13:41:16.355974,PHY,0x4601,1,0,na,"[0,",0,0,1,1796.2,+18.3dB,16.3us,"[0,",1,25.8,normal,0,valid,-14.4dB,-14.5dB,na,na,,,,
2025-07-30 13:41:16.356453,PHY,0x4601,1,0,na,"[0,",0,0,1,1596.5,+17.8dB,22.5us,"[0,",1,25.9,normal,0,valid,-14.4dB,-14.5dB,na,na,,,,
2025-07-30 13:41:16.360090,PHY,0x4601,2,,na,"[0,",,,11111,,+31.9dB,17.3us,"[0,",1,25.17,normal,0,valid,-11.4dB,-11.4dB,0.17us,+14.9Hz,,"[6,",,1
2025-07-30 13:41:16.361031,PHY,0x4601,1,0,na,"[0,",0,0,1,1253.6,+16.7dB,15.7us,"[0,",1,25.18,normal,0,valid,-14.4dB,-14.5dB,na,na,,,,
2025-07-30 13:41:16.361517,PHY,0x4601,1,0,na,"[0,",0,0,1,1172.8,+16.4dB,20.1us,"[0,",1,25.19,normal,0,valid,-14.3dB,-14.5dB,na,na,,,,
2025-07-30 13:41:16.365647,CSI,0x4601,2,,na,"[0,",,,1,,+35.9dB,14.5us,"[0,",1,26.8,normal,0,valid,-11.3dB,-11.3dB,0.19us,+1.6Hz,,"[6,",1111,1
2025-07-30 13:41:16.366473,PHY,0x4601,1,0,na,"[0,",0,0,1,1690.1,+18.0dB,15.8us,"[0,",1,26.9,normal,0,valid,-14.4dB,-14.5dB,na,na,,,,
2025-07-30 13:41:16.370010,PHY,0x4601,2,,na,"[0,",,,11111,,+30.8dB,13.5us,"[0,",1,26.17,normal,0,valid,-11.5dB,-11.5dB,0.19us,-10.6Hz,,"[6,",,1
2025-07-30 13:41:16.370958,PHY,0x4601,1,0,na,"[0,",0,0,1,1220.8,+16.6dB,15.9us,"[0,",1,26.18,normal,0,valid,-14.4dB,-14.4dB,na,na,,,,
2025-07-30 13:41:16.371540,PHY,0x4601,1,0,na,"[0,",0,0,1,1239.1,+16.7dB,15.0us,"[0,",1,26.19,normal,0,valid,-14.4dB,-14.5dB,na,na,,,,
2025-07-30 13:41:16.376040,PHY,0x4601,1,0,na,"[0,",0,0,1,1596.2,+17.8dB,19.4us,"[0,",1,27.8,normal,0,valid,-14.3dB,-14.4dB,na,na,,,,
2025-07-30 13:41:16.376511,PHY,0x4601,1,0,na,"[0,",0,0,1,1719.1,+18.1dB,14.9us,"[0,",1,27.9,normal,0,valid,-14.3dB,-14.4dB,na,na,,,,
2025-07-30 13:41:16.380044,PHY,0x4601,2,,na,"[0,",,,11111,,+30.5dB,14.7us,"[0,",1,27.17,normal,0,valid,-11.5dB,-11.6dB,0.18us,+33.7Hz,,"[6,",,1
2025-07-30 13:41:16.380989,PHY,0x4601,1,0,na,"[0,",0,0,1,1179.8,+16.4dB,17.1us,"[0,",1,27.18,normal,0,valid,-14.4dB,-14.5dB,na,na,,,,
2025-07-30 13:41:16.381467,PHY,0x4601,1,0,na,"[0,",0,0,1,1223.2,+16.6dB,16.4us,"[0,",1,27.19,normal,0,valid,-14.4dB,-14.5dB,na,na,,,,
2025-07-30 13:41:16.385601,CSI,0x4601,2,,na,"[0,",,,1,,+32.0dB,16.2us,"[0,",1,28.8,normal,0,valid,-11.2dB,-11.2dB,0.17us,-118.1Hz,,"[6,",1111,1
2025-07-30 13:41:16.386538,PHY,0x4601,1,0,na,"[0,",0,0,1,1233.7,+16.7dB,15.9us,"[0,",1,28.9,normal,0,valid,-14.4dB,-14.5dB,na,na,,,,
2025-07-30 13:41:16.390105,PHY,0x4601,2,,na,"[0,",,,11111,,+31.5dB,14.3us,"[0,",1,28.17,normal,0,valid,-11.5dB,-11.6dB,0.18us,+30.0Hz,,"[6,",,1
2025-07-30 13:41:16.391023,PHY,0x4601,1,0,na,"[0,",0,0,1,1185.1,+16.5dB,16.2us,"[0,",1,28.18,normal,0,valid,-14.4dB,-14.5dB,na,na,,,,
2025-07-30 13:41:16.391495,PHY,0x4601,1,0,na,"[0,",0,0,1,1254.9,+16.7dB,14.8us,"[0,",1,28.19,normal,0,valid,-14.3dB,-14.4dB,na,na,,,,
2025-07-30 13:41:16.395993,PHY,0x4601,1,0,na,"[0,",0,0,1,1669.7,+18.0dB,16.7us,"[0,",1,29.8,normal,0,valid,-14.3dB,-14.4dB,na,na,,,,
2025-07-30 13:41:16.396457,PHY,0x4601,1,0,na,"[0,",0,0,1,1679.8,+18.0dB,14.8us,"[0,",1,29.9,normal,0,valid,-14.3dB,-14.4dB,na,na,,,,
2025-07-30 13:41:16.400135,PHY,0x4601,2,,na,"[0,",,,11111,,+31.1dB,14.8us,"[0,",1,29.17,normal,0,valid,-11.5dB,-11.6dB,0.17us,-85.7Hz,,"[6,",,1
2025-07-30 13:41:16.400951,PHY,0x4601,1,0,na,"[0,",0,0,1,1705.7,+18.1dB,17.5us,"[0,",1,29.18,normal,0,valid,-14.4dB,-14.4dB,na,na,,,,
2025-07-30 13:41:16.401532,PHY,0x4601,1,0,na,"[0,",0,0,1,1703.5,+18.1dB,15.1us,"[0,",1,29.19,normal,0,valid,-14.4dB,-14.5dB,na,na,,,,
2025-07-30 13:41:16.405654,CSI,0x4601,2,,na,"[0,",,,1,,+30.5dB,13.2us,"[0,",1,30.8,normal,0,valid,-11.3dB,-11.4dB,0.17us,-21.3Hz,,"[6,",1111,1
2025-07-30 13:41:16.406499,PHY,0x4601,1,0,na,"[0,",0,0,1,1585.0,+17.8dB,16.6us,"[0,",1,30.9,normal,0,valid,-14.3dB,-14.4dB,na,na,,,,
2025-07-30 13:41:16.410029,PHY,0x4601,2,,na,"[0,",,,11111,,+35.6dB,13.7us,"[0,",1,30.17,normal,0,valid,-11.6dB,-11.6dB,0.18us,+18.1Hz,,"[6,",,1
2025-07-30 13:41:16.410983,PHY,0x4601,1,0,na,"[0,",0,0,1,1568.4,+17.7dB,21.9us,"[0,",1,30.18,normal,0,valid,-14.3dB,-14.4dB,na,na,,,,
2025-07-30 13:41:16.411450,PHY,0x4601,1,0,na,"[0,",0,0,1,1566.7,+17.7dB,14.4us,"[0,",1,30.19,normal,0,valid,-14.4dB,-14.4dB,na,na,,,,
2025-07-30 13:41:16.415946,PHY,0x4601,1,0,na,"[0,",0,0,1,1625.2,+17.9dB,16.6us,"[0,",1,31.8,normal,0,valid,-14.3dB,-14.3dB,na,na,,,,
2025-07-30 13:41:16.416532,PHY,0x4601,1,0,na,"[0,",0,0,1,1547.4,+17.6dB,13.9us,"[0,",1,31.9,normal,0,valid,-14.3dB,-14.4dB,na,na,,,,
2025-07-30 13:41:16.420080,PHY,0x4601,2,,na,"[0,",,,11111,,+31.9dB,21.8us,"[0,",1,31.17,normal,0,valid,-11.5dB,-11.5dB,0.17us,+53.9Hz,,"[6,",,1
2025-07-30 13:41:16.421009,PHY,0x4601,1,0,na,"[0,",0,0,1,1596.2,+17.8dB,15.7us,"[0,",1,31.18,normal,0,valid,-14.4dB,-14.4dB,na,na,,,,
2025-07-30 13:41:16.421477,PHY,0x4601,1,0,na,"[0,",0,0,1,1583.1,+17.7dB,13.8us,"[0,",1,31.19,normal,0,valid,-14.4dB,-14.5dB,na,na,,,,
2025-07-30 13:41:16.425610,CSI,0x4601,2,,na,"[0,",,,1,,+31.9dB,15.7us,"[0,",1,32.8,normal,0,valid,-11.3dB,-11.3dB,0.19us,+37.6Hz,,"[6,",1111,1
2025-07-30 13:41:16.426452,PHY,0x4601,1,0,na,"[0,",0,0,1,1611.4,+17.8dB,19.9us,"[0,",1,32.9,normal,0,valid,-14.4dB,-14.4dB,na,na,,,,
2025-07-30 13:41:16.430103,PHY,0x4601,2,,na,"[0,",,,11111,,+31.8dB,16.0us,"[0,",1,32.17,normal,0,valid,-11.5dB,-11.5dB,0.18us,+26.4Hz,,"[6,",,1
2025-07-30 13:41:16.431039,PHY,0x4601,1,0,na,"[0,",0,0,1,1233.1,+16.7dB,15.4us,"[0,",1,32.18,normal,0,valid,-14.4dB,-14.5dB,na,na,,,,
2025-07-30 13:41:16.431508,PHY,0x4601,1,0,na,"[0,",0,0,1,1204.5,+16.6dB,13.8us,"[0,",1,32.19,normal,0,valid,-14.4dB,-14.4dB,na,na,,,,
2025-07-30 13:41:16.436008,PHY,0x4601,1,0,na,"[0,",0,0,1,1699.3,+18.1dB,15.8us,"[0,",1,33.8,normal,0,valid,-14.3dB,-14.4dB,na,na,,,,
2025-07-30 13:41:16.436499,PHY,0x4601,1,0,na,"[0,",0,0,1,1760.2,+18.2dB,30.8us,"[0,",1,33.9,normal,0,valid,-14.3dB,-14.4dB,na,na,,,,
2025-07-30 13:41:16.440020,PHY,0x4601,2,,na,"[0,",,,11111,,+31.2dB,14.1us,"[0,",1,33.17,normal,0,valid,-11.4dB,-11.5dB,0.19us,+39.2Hz,,"[6,",,1
2025-07-30 13:41:16.440962,PHY,0x4601,1,0,na,"[0,",0,0,1,1234.0,+16.6dB,15.4us,"[0,",1,33.18,normal,0,valid,-14.4dB,-14.5dB,na,na,,,,
2025-07-30 13:41:16.441445,PHY,0x4601,1,0,na,"[0,",0,0,1,1230.5,+16.6dB,17.3us,"[0,",1,33.19,normal,0,valid,-14.4dB,-14.5dB,na,na,,,,
2025-07-30 13:41:16.445574,CSI,0x4601,2,,na,"[0,",,,1,,+32.3dB,13.3us,"[0,",1,34.8,normal,0,valid,-11.3dB,-11.4dB,0.18us,-116.5Hz,,"[6,",1111,1
2025-07-30 13:41:16.446509,PHY,0x4601,1,0,na,"[0,",0,0,1,1519.5,+17.6dB,15.4us,"[0,",1,34.9,normal,0,valid,-14.4dB,-14.5dB,na,na,,,,
2025-07-30 13:41:16.450077,PHY,0x4601,2,,na,"[0,",,,11111,,+33.7dB,13.5us,"[0,",1,34.17,normal,0,valid,-11.4dB,-11.5dB,0.19us,-43.4Hz,,"[6,",,1
2025-07-30 13:41:16.450989,PHY,0x4601,1,0,na,"[0,",0,0,1,1552.2,+17.6dB,16.4us,"[0,",1,34.18,normal,0,valid,-14.3dB,-14.4dB,na,na,,,,
2025-07-30 13:41:16.451469,PHY,0x4601,1,0,na,"[0,",0,0,1,1613.0,+17.8dB,15.0us,"[0,",1,34.19,normal,0,valid,-14.3dB,-14.3dB,na,na,,,,
2025-07-30 13:41:16.455975,PHY,0x4601,1,0,na,"[0,",0,0,1,1674.2,+17.9dB,26.9us,"[0,",1,35.8,normal,0,valid,-14.2dB,-14.3dB,na,na,,,,
2025-07-30 13:41:16.456546,PHY,0x4601,1,0,na,"[0,",0,0,1,1621.2,+17.8dB,16.1us,"[0,",1,35.9,normal,0,valid,-14.2dB,-14.3dB,na,na,,,,
2025-07-30 13:41:16.460101,PHY,0x4601,2,,na,"[0,",,,11111,,+34.3dB,16.8us,"[0,",1,35.17,normal,0,valid,-11.3dB,-11.4dB,0.17us,-20.7Hz,,"[6,",,1
2025-07-30 13:41:16.461034,PHY,0x4601,1,0,na,"[0,",0,0,1,1624.4,+17.8dB,15.2us,"[0,",1,35.18,normal,0,valid,-14.3dB,-14.4dB,na,na,,,,
2025-07-30 13:41:16.461507,PHY,0x4601,1,0,na,"[0,",0,0,1,1560.1,+17.7dB,13.4us,"[0,",1,35.19,normal,0,valid,-14.3dB,-14.3dB,na,na,,,,
2025-07-30 13:41:16.465625,CSI,0x4601,2,,na,"[0,",,,1,,+31.3dB,19.4us,"[0,",1,36.8,normal,0,valid,-11.2dB,-11.3dB,0.19us,+38.6Hz,,"[6,",1111,1
2025-07-30 13:41:16.466465,PHY,0x4601,1,0,na,"[0,",0,0,1,1617.6,+17.8dB,16.7us,"[0,",1,36.9,normal,0,valid,-14.3dB,-14.3dB,na,na,,,,
2025-07-30 13:41:16.470113,PHY,0x4601,2,,na,"[0,",,,11111,,+32.4dB,15.9us,"[0,",1,36.17,normal,0,valid,-11.4dB,-11.4dB,0.18us,+14.6Hz,,"[6,",,1
2025-07-30 13:41:16.470950,PHY,0x4601,1,0,na,"[0,",0,0,1,1233.1,+16.6dB,16.0us,"[0,",1,36.18,normal,0,valid,-14.3dB,-14.4dB,na,na,,,,
2025-07-30 13:41:16.471536,PHY,0x4601,1,0,na,"[0,",0,0,1,1177.9,+16.5dB,20.5us,"[0,",1,36.19,normal,0,valid,-14.3dB,-14.4dB,na,na,,,,
2025-07-30 13:41:16.476026,PHY,0x4601,1,0,na,"[0,",0,0,1,1606.9,+17.8dB,15.9us,"[0,",1,37.8,normal,0,valid,-14.2dB,-14.3dB,na,na,,,,
2025-07-30 13:41:16.476508,PHY,0x4601,1,0,na,"[0,",0,0,1,1626.4,+17.9dB,13.9us,"[0,",1,37.9,normal,0,valid,-14.2dB,-14.3dB,na,na,,,,
2025-07-30 13:41:16.480039,PHY,0x4601,2,,na,"[0,",,,11111,,+30.4dB,14.1us,"[0,",1,37.17,normal,0,valid,-11.3dB,-11.3dB,0.17us,-43.7Hz,,"[6,",,1
2025-07-30 13:41:16.480980,PHY,0x4601,1,0,na,"[0,",0,0,1,1183.6,+16.5dB,15.2us,"[0,",1,37.18,normal,0,valid,-14.3dB,-14.4dB,na,na,,,,
2025-07-30 13:41:16.481455,PHY,0x4601,1,0,na,"[0,",0,0,1,1193.0,+16.5dB,13.6us,"[0,",1,37.19,normal,0,valid,-14.3dB,-14.4dB,na,na,,,,
2025-07-30 13:41:16.485594,CSI,0x4601,2,,na,"[0,",,,1,,+29.5dB,12.8us,"[0,",1,38.8,normal,0,valid,-11.2dB,-11.2dB,0.18us,-41.3Hz,,"[6,",1111,1
2025-07-30 13:41:16.486535,PHY,0x4601,1,0,na,"[0,",0,0,1,1567.7,+17.7dB,22.2us,"[0,",1,38.9,normal,0,valid,-14.3dB,-14.3dB,na,na,,,,
2025-07-30 13:41:16.490074,PHY,0x4601,2,,na,"[0,",,,11111,,+30.8dB,13.7us,"[0,",1,38.17,normal,0,valid,-11.3dB,-11.3dB,0.20us,-28.0Hz,,"[6,",,1
2025-07-30 13:41:16.491012,PHY,0x4601,1,0,na,"[0,",0,0,1,1249.8,+16.7dB,15.6us,"[0,",1,38.18,normal,0,valid,-14.3dB,-14.4dB,na,na,,,,
2025-07-30 13:41:16.491485,PHY,0x4601,1,0,na,"[0,",0,0,1,1183.5,+16.5dB,14.1us,"[0,",1,38.19,normal,0,valid,-14.3dB,-14.4dB,na,na,,,,
2025-07-30 13:41:16.495977,PHY,0x4601,1,0,na,"[0,",0,0,1,1673.0,+18.0dB,16.0us,"[0,",1,39.8,normal,0,valid,-14.3dB,-14.4dB,na,na,,,,
2025-07-30 13:41:16.496447,PHY,0x4601,1,0,na,"[0,",0,0,1,1870.4,+18.4dB,14.3us,"[0,",1,39.9,normal,0,valid,-14.3dB,-14.4dB,na,na,,,,
2025-07-30 13:41:16.500102,PHY,0x4601,2,,na,"[0,",,,11111,,+34.4dB,13.9us,"[0,",1,39.17,normal,0,valid,-11.6dB,-11.6dB,0.16us,+46.5Hz,,"[6,",,1
2025-07-30 13:41:16.500946,PHY,0x4601,1,0,na,"[0,",0,0,1,1245.9,+16.7dB,15.0us,"[0,",1,39.18,normal,0,valid,-14.4dB,-14.5dB,na,na,,,,
2025-07-30 13:41:16.501518,PHY,0x4601,1,0,na,"[0,",0,0,1,1224.9,+16.7dB,15.8us,"[0,",1,39.19,normal,0,valid,-14.4dB,-14.5dB,na,na,,,,
2025-07-30 13:41:16.505657,CSI,0x4601,2,,na,"[0,",,,1,,+31.6dB,12.6us,"[0,",1,40.8,normal,0,valid,-11.5dB,-11.5dB,0.19us,+18.2Hz,,"[6,",1111,1
2025-07-30 13:41:16.506495,PHY,0x4601,1,0,na,"[0,",0,0,1,1598.1,+17.8dB,19.6us,"[0,",1,40.9,normal,0,valid,-14.6dB,-14.6dB,na,na,,,,
2025-07-30 13:41:16.510024,PHY,0x4601,2,,na,"[0,",,,11111,,+30.3dB,14.0us,"[0,",1,40.17,normal,0,valid,-11.7dB,-11.7dB,0.19us,+5.7Hz,,"[6,",,1
2025-07-30 13:41:16.510969,PHY,0x4601,1,0,na,"[0,",0,0,1,1140.0,+16.3dB,15.7us,"[0,",1,40.18,normal,0,valid,-14.6dB,-14.7dB,na,na,,,,
2025-07-30 13:41:16.511449,PHY,0x4601,1,0,na,"[0,",0,0,1,1282.0,+16.8dB,14.7us,"[0,",1,40.19,normal,0,valid,-14.6dB,-14.7dB,na,na,,,,
2025-07-30 13:41:16.516048,PHY,0x4601,1,0,na,"[0,",0,0,1,1618.0,+17.8dB,17.8us,"[0,",1,41.8,normal,0,valid,-14.5dB,-14.6dB,na,na,,,,
2025-07-30 13:41:16.516522,PHY,0x4601,1,0,na,"[0,",0,0,1,1593.1,+17.8dB,14.2us,"[0,",1,41.9,normal,0,valid,-14.5dB,-14.6dB,na,na,,,,
2025-07-30 13:41:16.520080,PHY,0x4601,2,,na,"[0,",,,11111,,+30.8dB,14.0us,"[0,",1,41.17,normal,0,valid,-11.6dB,-11.6dB,0.17us,+53.7Hz,,"[6,",,1
2025-07-30 13:41:16.521001,PHY,0x4601,1,0,na,"[0,",0,0,1,1620.2,+17.8dB,15.0us,"[0,",1,41.18,normal,0,valid,-14.6dB,-14.6dB,na,na,,,,
2025-07-30 13:41:16.521476,PHY,0x4601,1,0,na,"[0,",0,0,1,1809.5,+18.3dB,13.8us,"[0,",1,41.19,normal,0,valid,-14.6dB,-14.6dB,na,na,,,,
2025-07-30 13:41:16.525603,CSI,0x4601,2,,na,"[0,",,,1,,+31.1dB,12.1us,"[0,",1,42.8,normal,0,valid,-11.5dB,-11.5dB,0.20us,-64.0Hz,,"[6,",1111,1
2025-07-30 13:41:16.526443,PHY,0x4601,1,0,na,"[0,",0,0,1,1685.5,+18.0dB,17.3us,"[0,",1,42.9,normal,0,valid,-14.6dB,-14.7dB,na,na,,,,
2025-07-30 13:41:16.530093,PHY,0x4601,2,,na,"[0,",,,11111,,+28.3dB,16.0us,"[0,",1,42.17,normal,0,valid,-11.7dB,-11.8dB,0.16us,+43.5Hz,,"[6,",,1
2025-07-30 13:41:16.531033,PHY,0x4601,1,0,na,"[0,",0,0,1,1271.2,+16.8dB,15.5us,"[0,",1,42.18,normal,0,valid,-14.6dB,-14.7dB,na,na,,,,
2025-07-30 13:41:16.531507,PHY,0x4601,1,0,na,"[0,",0,0,1,1217.6,+16.6dB,15.7us,"[0,",1,42.19,normal,0,valid,-14.6dB,-14.7dB,na,na,,,,
2025-07-30 13:41:16.536001,PHY,0x4601,1,0,na,"[0,",0,0,1,1722.8,+18.1dB,16.0us,"[0,",1,43.8,normal,0,valid,-14.5dB,-14.6dB,na,na,,,,
2025-07-30 13:41:16.536470,PHY,0x4601,1,0,na,"[0,",0,0,1,1610.0,+17.8dB,15.9us,"[0,",1,43.9,normal,0,valid,-14.5dB,-14.6dB,na,na,,,,
2025-07-30 13:41:16.540011,PHY,0x4601,2,,na,"[0,",,,11111,,+32.0dB,15.7us,"[0,",1,43.17,normal,0,valid,-11.7dB,-11.8dB,0.16us,+92.3Hz,,"[6,",,1
2025-07-30 13:41:16.540974,PHY,0x4601,1,0,na,"[0,",0,0,1,1209.3,+16.5dB,24.0us,"[0,",1,43.18,normal,0,valid,-14.6dB,-14.7dB,na,na,,,,
2025-07-30 13:41:16.541544,PHY,0x4601,1,0,na,"[0,",0,0,1,1152.5,+16.4dB,16.7us,"[0,",1,43.19,normal,0,valid,-14.5dB,-14.6dB,na,na,,,,
2025-07-30 13:41:16.545556,CSI,0x4601,2,,na,"[0,",,,1,,+34.4dB,14.4us,"[0,",1,44.8,normal,0,valid,-11.6dB,-11.7dB,0.17us,+18.9Hz,,"[6,",1111,1
2025-07-30 13:41:16.546506,PHY,0x4601,1,0,na,"[0,",0,0,1,1560.4,+17.7dB,16.7us,"[0,",1,44.9,normal,0,valid,-14.6dB,-14.7dB,na,na,,,,
2025-07-30 13:41:16.550051,PHY,0x4601,2,,na,"[0,",,,11111,,+29.0dB,14.4us,"[0,",1,44.17,normal,0,valid,-11.6dB,-11.7dB,0.18us,+14.7Hz,,"[6,",,1
2025-07-30 13:41:16.550992,PHY,0x4601,1,0,na,"[0,",0,0,1,1144.9,+16.3dB,15.9us,"[0,",1,44.18,normal,0,valid,-14.6dB,-14.7dB,na,na,,,,
2025-07-30 13:41:16.551468,PHY,0x4601,1,0,na,"[0,",0,0,1,1137.8,+16.3dB,14.2us,"[0,",1,44.19,normal,0,valid,-14.6dB,-14.6dB,na,na,,,,
2025-07-30 13:41:16.555956,PHY,0x4601,1,0,na,"[0,",0,0,1,1754.3,+18.2dB,17.2us,"[0,",1,45.8,normal,0,valid,-14.5dB,-14.6dB,na,na,,,,
2025-07-30 13:41:16.556556,PHY,0x4601,1,0,na,"[0,",0,0,1,1682.0,+18.0dB,21.9us,"[0,",1,45.9,normal,0,valid,-14.5dB,-14.6dB,na,na,,,,
2025-07-30 13:41:16.560090,PHY,0x4601,2,,na,"[0,",,,11111,,+32.1dB,14.5us,"[0,",1,45.17,normal,0,valid,-11.5dB,-11.5dB,0.16us,+73.3Hz,,"[6,",,1
2025-07-30 13:41:16.561021,PHY,0x4601,1,0,na,"[0,",0,0,1,1567.8,+17.7dB,15.7us,"[0,",1,45.18,normal,0,valid,-14.6dB,-14.6dB,na,na,,,,
2025-07-30 13:41:16.561500,PHY,0x4601,1,0,na,"[0,",0,0,1,1507.4,+17.5dB,13.5us,"[0,",1,45.19,normal,0,valid,-14.6dB,-14.6dB,na,na,,,,
2025-07-30 13:41:16.565610,CSI,0x4601,2,,na,"[0,",,,1,,+33.2dB,14.3us,"[0,",1,46.8,normal,0,valid,-11.6dB,-11.6dB,0.18us,-73.3Hz,,"[6,",1111,1
2025-07-30 13:41:16.566461,PHY,0x4601,1,0,na,"[0,",0,0,1,1172.5,+16.4dB,15.6us,"[0,",1,46.9,normal,0,valid,-14.6dB,-14.7dB,na,na,,,,
2025-07-30 13:41:16.570114,PHY,0x4601,2,,na,"[0,",,,11111,,+32.3dB,13.9us,"[0,",1,46.17,normal,0,valid,-11.7dB,-11.7dB,0.19us,+147.6Hz,,"[6,",,1
2025-07-30 13:41:16.570950,PHY,0x4601,1,0,na,"[0,",0,0,1,1590.9,+17.8dB,15.3us,"[0,",1,46.18,normal,0,valid,-14.6dB,-14.6dB,na,na,,,,
2025-07-30 13:41:16.571527,PHY,0x4601,1,0,na,"[0,",0,0,1,1532.4,+17.6dB,13.5us,"[0,",1,46.19,normal,0,valid,-14.6dB,-14.7dB,na,na,,,,
2025-07-30 13:41:16.576015,PHY,0x4601,1,0,na,"[0,",0,0,1,1612.7,+17.8dB,16.1us,"[0,",1,47.8,normal,0,valid,-14.6dB,-14.7dB,na,na,,,,
2025-07-30 13:41:16.576500,PHY,0x4601,1,0,na,"[0,",0,0,1,1618.9,+17.8dB,15.8us,"[0,",1,47.9,normal,0,valid,-14.6dB,-14.7dB,na,na,,,,
2025-07-30 13:41:16.580032,PHY,0x4601,2,,na,"[0,",,,11111,,+30.6dB,15.2us,"[0,",1,47.17,normal,0,valid,-11.7dB,-11.7dB,0.19us,-42.1Hz,,"[6,",,1
2025-07-30 13:41:16.580975,PHY,0x4601,1,0,na,"[0,",0,0,1,1176.1,+16.4dB,15.1us,"[0,",1,47.18,normal,0,valid,-14.6dB,-14.7dB,na,na,,,,
2025-07-30 13:41:16.581453,PHY,0x4601,1,0,na,"[0,",0,0,1,1151.1,+16.4dB,15.7us,"[0,",1,47.19,normal,0,valid,-14.6dB,-14.7dB,na,na,,,,
2025-07-30 13:41:16.585572,CSI,0x4601,2,,na,"[0,",,,1,,+32.7dB,11.8us,"[0,",1,48.8,normal,0,valid,-11.6dB,-11.6dB,0.17us,+16.6Hz,,"[6,",1111,1
2025-07-30 13:41:16.586524,PHY,0x4601,1,0,na,"[0,",0,0,1,1577.4,+17.7dB,15.1us,"[0,",1,48.9,normal,0,valid,-14.6dB,-14.7dB,na,na,,,,
2025-07-30 13:41:16.590076,PHY,0x4601,2,,na,"[0,",,,11111,,+30.6dB,14.6us,"[0,",1,48.17,normal,0,valid,-11.8dB,-11.8dB,0.18us,-124.8Hz,,"[6,",,1
2025-07-30 13:41:16.591007,PHY,0x4601,1,0,na,"[0,",0,0,1,1504.1,+17.5dB,15.8us,"[0,",1,48.18,normal,0,valid,-14.6dB,-14.7dB,na,na,,,,
2025-07-30 13:41:16.591485,PHY,0x4601,1,0,na,"[0,",0,0,1,1639.3,+17.9dB,13.9us,"[0,",1,48.19,normal,0,valid,-14.6dB,-14.6dB,na,na,,,,
2025-07-30 13:41:16.595984,PHY,0x4601,1,0,na,"[0,",0,0,1,1637.4,+17.9dB,16.0us,"[0,",1,49.8,normal,0,valid,-14.5dB,-14.6dB,na,na,,,,
2025-07-30 13:41:16.596444,PHY,0x4601,1,0,na,"[0,",0,0,1,1670.7,+18.0dB,14.8us,"[0,",1,49.9,normal,0,valid,-14.5dB,-14.6dB,na,na,,,,
2025-07-30 13:41:16.600112,PHY,0x4601,2,,na,"[0,",,,11111,,+33.3dB,14.5us,"[0,",1,49.17,normal,0,valid,-11.7dB,-11.8dB,0.18us,-25.4Hz,,"[6,",,1
2025-07-30 13:41:16.601038,PHY,0x4601,1,0,na,"[0,",0,0,1,1515.7,+17.5dB,15.6us,"[0,",1,49.18,normal,0,valid,-14.6dB,-14.7dB,na,na,,,,
2025-07-30 13:41:16.601516,PHY,0x4601,1,0,na,"[0,",0,0,1,1671.5,+18.0dB,19.6us,"[0,",1,49.19,normal,0,valid,-14.6dB,-14.6dB,na,na,,,,
2025-07-30 13:41:16.605632,CSI,0x4601,2,,na,"[0,",,,1,,+32.8dB,12.0us,"[0,",1,50.8,normal,0,valid,-11.5dB,-11.6dB,0.19us,-8.4Hz,,"[6,",1111,1
2025-07-30 13:41:16.606482,PHY,0x4601,1,0,na,"[0,",0,0,1,1474.8,+17.5dB,14.9us,"[0,",1,50.9,normal,0,valid,-14.6dB,-14.6dB,na,na,,,,
2025-07-30 13:41:16.610023,PHY,0x4601,2,,na,"[0,",,,11111,,+32.3dB,19.7us,"[0,",1,50.17,normal,0,valid,-11.7dB,-11.7dB,0.18us,+144.4Hz,,"[6,",,1
2025-07-30 13:41:16.610967,PHY,0x4601,1,0,na,"[0,",0,0,1,1577.8,+17.7dB,17.4us,"[0,",1,50.18,normal,0,valid,-14.6dB,-14.6dB,na,na,,,,
2025-07-30 13:41:16.611457,PHY,0x4601,1,0,na,"[0,",0,0,1,1499.5,+17.5dB,18.4us,"[0,",1,50.19,normal,0,valid,-14.6dB,-14.7dB,na,na,,,,
2025-07-30 13:41:16.616040,PHY,0x4601,1,0,na,"[0,",0,0,1,1577.8,+17.8dB,16.2us,"[0,",1,51.8,normal,0,valid,-14.6dB,-14.7dB,na,na,,,,
2025-07-30 13:41:16.616517,PHY,0x4601,1,0,na,"[0,",0,0,1,1600.9,+17.8dB,14.1us,"[0,",1,51.9,normal,0,valid,-14.7dB,-14.7dB,na,na,,,,
2025-07-30 13:41:16.620064,PHY,0x4601,2,,na,"[0,",,,11111,,+33.5dB,18.1us,"[0,",1,51.17,normal,0,valid,-11.7dB,-11.7dB,0.20us,-15.9Hz,,"[6,",,1
2025-07-30 13:41:16.620988,PHY,0x4601,1,0,na,"[0,",0,0,1,1593.6,+17.8dB,15.8us,"[0,",1,51.18,normal,0,valid,-14.6dB,-14.6dB,na,na,,,,
2025-07-30 13:41:16.621473,PHY,0x4601,1,0,na,"[0,",0,0,1,1651.2,+17.9dB,18.1us,"[0,",1,51.19,normal,0,valid,-14.6dB,-14.7dB,na,na,,,,
2025-07-30 13:41:16.625618,CSI,0x4601,2,,na,"[0,",,,1,,+28.5dB,15.2us,"[0,",1,52.8,normal,0,valid,-11.5dB,-11.5dB,0.18us,-10.5Hz,,"[6,",1111,1
2025-07-30 13:41:16.626541,PHY,0x4601,1,0,na,"[0,",0,0,1,1216.9,+16.6dB,17.6us,"[0,",1,52.9,normal,0,valid,-14.6dB,-14.7dB,na,na,,,,
2025-07-30 13:41:16.630112,PHY,0x4601,2,,na,"[0,",,,11111,,+31.0dB,14.1us,"[0,",1,52.17,normal,0,valid,-11.6dB,-11.6dB,0.17us,-9.3Hz,,"[6,",,1
2025-07-30 13:41:16.631026,PHY,0x4601,1,0,na,"[0,",0,0,1,1212.7,+16.6dB,15.5us,"[0,",1,52.18,normal,0,valid,-14.6dB,-14.6dB,na,na,,,,
2025-07-30 13:41:16.631503,PHY,0x4601,1,0,na,"[0,",0,0,1,1146.0,+16.3dB,16.3us,"[0,",1,52.19,normal,0,valid,-14.6dB,-14.7dB,na,na,,,,
2025-07-30 13:41:16.635996,PHY,0x4601,1,0,na,"[0,",0,0,1,1670.6,+18.0dB,17.2us,"[0,",1,53.8,normal,0,valid,-14.6dB,-14.7dB,na,na,,,,
2025-07-30 13:41:16.636467,PHY,0x4601,1,0,na,"[0,",0,0,1,1597.0,+17.8dB,16.2us,"[0,",1,53.9,normal,0,valid,-14.6dB,-14.7dB,na,na,,,,
2025-07-30 13:41:16.640130,PHY,0x4601,2,,na,"[0,",,,11111,,+33.3dB,14.7us,"[0,",1,53.17,normal,0,valid,-11.8dB,-11.8dB,0.18us,+145.6Hz,,"[6,",,1
2025-07-30 13:41:16.640951,PHY,0x4601,1,0,na,"[0,",0,0,1,1161.1,+16.4dB,16.2us,"[0,",1,53.18,normal,0,valid,-14.6dB,-14.7dB,na,na,,,,
2025-07-30 13:41:16.641534,PHY,0x4601,1,0,na,"[0,",0,0,1,1193.4,+16.5dB,14.0us,"[0,",1,53.19,normal,0,valid,-14.6dB,-14.7dB,na,na,,,,
2025-07-30 13:41:16.645562,CSI,0x4601,2,,na,"[0,",,,1,,+34.2dB,14.8us,"[0,",1,54.8,normal,0,valid,-11.5dB,-11.5dB,0.18us,-15.6Hz,,"[6,",1111,1
2025-07-30 13:41:16.646491,PHY,0x4601,1,0,na,"[0,",0,0,1,1264.5,+16.8dB,15.2us,"[0,",1,54.9,normal,0,valid,-14.6dB,-14.7dB,na,na,,,,
2025-07-30 13:41:16.650038,PHY,0x4601,2,,na,"[0,",,,11111,,+32.1dB,13.5us,"[0,",1,54.17,normal,0,valid,-11.7dB,-11.7dB,0.17us,-11.9Hz,,"[6,",,1
2025-07-30 13:41:16.650985,PHY,0x4601,1,0,na,"[0,",0,0,1,1250.3,+16.7dB,16.0us,"[0,",1,54.18,normal,0,valid,-14.6dB,-14.7dB,na,na,,,,
2025-07-30 13:41:16.651455,PHY,0x4601,1,0,na,"[0,",0,0,1,1187.5,+16.5dB,13.9us,"[0,",1,54.19,normal,0,valid,-14.6dB,-14.7dB,na,na,,,,
2025-07-30 13:41:16.655957,PHY,0x4601,1,0,na,"[0,",0,0,1,1566.8,+17.7dB,16.1us,"[0,",1,55.8,normal,0,valid,-14.7dB,-14.8dB,na,na,,,,
2025-07-30 13:41:16.656533,PHY,0x4601,1,0,na,"[0,",0,0,1,1625.7,+17.9dB,13.8us,"[0,",1,55.9,normal,0,valid,-14.7dB,-14.8dB,na,na,,,,
2025-07-30 13:41:16.660096,PHY,0x4601,2,,na,"[0,",,,11111,,+28.3dB,17.3us,"[0,",1,55.17,normal,0,valid,-12.0dB,-12.0dB,0.17us,-12.7Hz,,"[6,",,1
2025-07-30 13:41:16.661016,PHY,0x4601,1,0,na,"[0,",0,0,1,1266.3,+16.8dB,15.1us,"[0,",1,55.18,normal,0,valid,-14.7dB,-14.8dB,na,na,,,,
2025-07-30 13:41:16.661486,PHY,0x4601,1,0,na,"[0,",0,0,1,1206.9,+16.6dB,14.7us,"[0,",1,55.19,normal,0,valid,-14.7dB,-14.7dB,na,na,,,,
2025-07-30 13:41:16.665624,CSI,0x4601,2,,na,"[0,",,,1,,+28.4dB,15.6us,"[0,",1,56.8,normal,0,valid,-11.8dB,-11.8dB,0.20us,-130.0Hz,,"[6,",1111,1
2025-07-30 13:41:16.666452,PHY,0x4601,1,0,na,"[0,",0,0,1,1165.7,+16.4dB,15.9us,"[0,",1,56.9,normal,0,valid,-14.7dB,-14.8dB,na,na,,,,
2025-07-30 13:41:16.670178,PHY,0x4601,2,,na,"[0,",,,11111,,+32.3dB,13.6us,"[0,",1,56.17,normal,0,valid,-11.8dB,-11.9dB,0.18us,+28.9Hz,,"[6,",,1
2025-07-30 13:41:16.670951,PHY,0x4601,1,0,na,"[0,",0,0,1,1180.9,+16.5dB,22.8us,"[0,",1,56.18,normal,0,valid,-14.7dB,-14.8dB,na,na,,,,
2025-07-30 13:41:16.671530,PHY,0x4601,1,0,na,"[0,",0,0,1,1113.0,+16.2dB,14.3us,"[0,",1,56.19,normal,0,valid,-14.7dB,-14.8dB,na,na,,,,
2025-07-30 13:41:16.676037,PHY,0x4601,1,0,na,"[0,",0,0,1,1610.6,+17.8dB,18.9us,"[0,",1,57.8,normal,0,valid,-14.6dB,-14.7dB,na,na,,,,
2025-07-30 13:41:16.676489,PHY,0x4601,1,0,na,"[0,",0,0,1,1582.8,+17.7dB,26.7us,"[0,",1,57.9,normal,0,valid,-14.6dB,-14.7dB,na,na,,,,
2025-07-30 13:41:16.680024,PHY,0x4601,2,,na,"[0,",,,11111,,+31.3dB,13.8us,"[0,",1,57.17,normal,0,valid,-11.7dB,-11.7dB,0.18us,-36.2Hz,,"[6,",,1
2025-07-30 13:41:16.680987,PHY,0x4601,1,0,na,"[0,",0,0,1,1153.3,+16.3dB,28.9us,"[0,",1,57.18,normal,0,valid,-14.7dB,-14.8dB,na,na,,,,
2025-07-30 13:41:16.681459,PHY,0x4601,1,0,na,"[0,",0,0,1,1192.5,+16.6dB,28.1us,"[0,",1,57.19,normal,0,valid,-14.7dB,-14.7dB,na,na,,,,
2025-07-30 13:41:16.685569,CSI,0x4601,2,,na,"[0,",,,1,,+29.9dB,13.7us,"[0,",1,58.8,normal,0,valid,-11.6dB,-11.6dB,0.17us,+4.4Hz,,"[6,",1111,1
2025-07-30 13:41:16.686515,PHY,0x4601,1,0,na,"[0,",0,0,1,1693.1,+18.1dB,17.5us,"[0,",1,58.9,normal,0,valid,-14.7dB,-14.7dB,na,na,,,,
2025-07-30 13:41:16.690088,PHY,0x4601,2,,na,"[0,",,,11111,,+32.0dB,14.0us,"[0,",1,58.17,normal,0,valid,-11.9dB,-11.9dB,0.19us,-24.0Hz,,"[6,",,1
2025-07-30 13:41:16.691003,PHY,0x4601,1,0,na,"[0,",0,0,1,1224.7,+16.6dB,16.8us,"[0,",1,58.18,normal,0,valid,-14.8dB,-14.9dB,na,na,,,,
2025-07-30 13:41:16.691479,PHY,0x4601,1,0,na,"[0,",0,0,1,1193.3,+16.5dB,13.8us,"[0,",1,58.19,normal,0,valid,-14.8dB,-14.9dB,na,na,,,,
2025-07-30 13:41:16.695976,PHY,0x4601,1,0,na,"[0,",0,0,1,1607.2,+17.8dB,28.7us,"[0,",1,59.8,normal,0,valid,-14.8dB,-14.9dB,na,na,,,,
2025-07-30 13:41:16.696443,PHY,0x4601,1,0,na,"[0,",0,0,1,1647.1,+17.9dB,17.5us,"[0,",1,59.9,normal,0,valid,-14.8dB,-14.9dB,na,na,,,,
2025-07-30 13:41:16.700113,PHY,0x4601,2,,na,"[0,",,,11111,,+30.6dB,13.8us,"[0,",1,59.17,normal,0,valid,-11.8dB,-11.8dB,0.17us,+73.8Hz,,"[6,",,1
2025-07-30 13:41:16.701035,PHY,0x4601,1,0,na,"[0,",0,0,1,1668.1,+18.0dB,17.5us,"[0,",1,59.18,normal,0,valid,-14.8dB,-14.9dB,na,na,,,,
2025-07-30 13:41:16.701513,PHY,0x4601,1,0,na,"[0,",0,0,1,1660.5,+18.0dB,17.7us,"[0,",1,59.19,normal,0,valid,-14.8dB,-14.8dB,na,na,,,,
2025-07-30 13:41:16.706475,PHY,0x4601,1,0,na,"[0,",0,0,1,1729.6,+18.1dB,15.7us,"[0,",1,60.9,normal,0,valid,-14.7dB,-14.8dB,na,na,,,,
2025-07-30 13:41:16.710012,PHY,0x4601,2,,na,"[0,",,,11111,,+28.8dB,15.7us,"[0,",1,60.17,normal,0,valid,-11.9dB,-12.0dB,0.18us,-22.9Hz,,"[6,",,1
2025-07-30 13:41:16.710962,PHY,0x4601,1,0,na,"[0,",0,0,1,1630.1,+17.9dB,16.4us,"[0,",1,60.18,normal,0,valid,-14.8dB,-14.8dB,na,na,,,,
2025-07-30 13:41:16.711545,PHY,0x4601,1,0,na,"[0,",0,0,1,1475.9,+17.4dB,18.1us,"[0,",1,60.19,normal,0,valid,-14.8dB,-14.9dB,na,na,,,,
2025-07-30 13:41:16.716033,PHY,0x4601,1,0,na,"[0,",0,0,1,1595.8,+17.8dB,19.5us,"[0,",1,61.8,normal,0,valid,-14.8dB,-14.9dB,na,na,,,,
2025-07-30 13:41:16.716525,PHY,0x4601,1,0,na,"[0,",0,0,1,1638.4,+17.9dB,14.8us,"[0,",1,61.9,normal,0,valid,-14.8dB,-14.9dB,na,na,,,,
2025-07-30 13:41:16.720044,PHY,0x4601,2,,na,"[0,",,,11111,,+32.7dB,13.4us,"[0,",1,61.17,normal,0,valid,-11.9dB,-11.9dB,0.19us,+109.5Hz,,"[6,",,1
2025-07-30 13:41:16.720992,PHY,0x4601,1,0,na,"[0,",0,0,1,1629.4,+17.8dB,20.6us,"[0,",1,61.18,normal,0,valid,-14.8dB,-14.9dB,na,na,,,,
2025-07-30 13:41:16.721466,PHY,0x4601,1,0,na,"[0,",0,0,1,1553.9,+17.7dB,17.3us,"[0,",1,61.19,normal,0,valid,-14.8dB,-14.8dB,na,na,,,,
2025-07-30 13:41:16.725591,CSI,0x4601,2,,na,"[0,",,,1,,+29.7dB,16.8us,"[0,",1,62.8,normal,0,valid,-11.8dB,-11.8dB,0.18us,-13.5Hz,,"[6,",1111,1
2025-07-30 13:41:16.726537,PHY,0x4601,1,0,na,"[0,",0,0,1,1576.6,+17.7dB,16.8us,"[0,",1,62.9,normal,0,valid,-14.8dB,-14.8dB,na,na,,,,
2025-07-30 13:41:16.730130,PHY,0x4601,2,,na,"[0,",,,11111,,+30.7dB,14.5us,"[0,",1,62.17,normal,0,valid,-11.9dB,-12.0dB,0.18us,+10.4Hz,,"[6,",,1
2025-07-30 13:41:16.731021,PHY,0x4601,1,0,na,"[0,",0,0,1,1172.5,+16.5dB,16.9us,"[0,",1,62.18,normal,0,valid,-14.8dB,-14.8dB,na,na,,,,
2025-07-30 13:41:16.731499,PHY,0x4601,1,0,na,"[0,",0,0,1,1155.3,+16.4dB,18.1us,"[0,",1,62.19,normal,0,valid,-14.8dB,-14.8dB,na,na,,,,
2025-07-30 13:41:16.735999,PHY,0x4601,1,0,na,"[0,",0,0,1,1535.2,+17.6dB,19.4us,"[0,",1,63.8,normal,0,valid,-14.8dB,-14.9dB,na,na,,,,
2025-07-30 13:41:16.736482,PHY,0x4601,1,0,na,"[0,",0,0,1,1529.7,+17.6dB,25.9us,"[0,",1,63.9,normal,0,valid,-14.8dB,-14.9dB,na,na,,,,
2025-07-30 13:41:16.740114,PHY,0x4601,2,,na,"[0,",,,11111,,+31.3dB,16.6us,"[0,",1,63.17,normal,0,valid,-11.9dB,-12.0dB,0.18us,-66.8Hz,,"[6,",,1
2025-07-30 13:41:16.740943,PHY,0x4601,1,0,na,"[0,",0,0,1,1562.4,+17.7dB,15.5us,"[0,",1,63.18,normal,0,valid,-14.7dB,-14.8dB,na,na,,,,
2025-07-30 13:41:16.741522,PHY,0x4601,1,0,na,"[0,",0,0,1,1626.8,+17.9dB,13.7us,"[0,",1,63.19,normal,0,valid,-14.8dB,-14.8dB,na,na,,,,
2025-07-30 13:41:16.745629,CSI,0x4601,2,,na,"[0,",,,1,,+31.9dB,15.0us,"[0,",1,64.8,normal,0,valid,-11.7dB,-11.8dB,0.19us,-80.9Hz,,"[6,",1111,1
2025-07-30 13:41:16.746488,PHY,0x4601,1,0,na,"[0,",0,0,1,1538.6,+17.6dB,15.3us,"[0,",1,64.9,normal,0,valid,-14.8dB,-14.8dB,na,na,,,,
2025-07-30 13:41:16.750029,PHY,0x4601,2,,na,"[0,",,,11111,,+32.9dB,13.5us,"[0,",1,64.17,normal,0,valid,-11.9dB,-11.9dB,0.18us,+53.1Hz,,"[6,",,1
2025-07-30 13:41:16.750988,PHY,0x4601,1,0,na,"[0,",0,0,1,1553.7,+17.7dB,22.6us,"[0,",1,64.18,normal,0,valid,-14.8dB,-14.8dB,na,na,,,,
2025-07-30 13:41:16.751447,PHY,0x4601,1,0,na,"[0,",0,0,1,1720.3,+18.1dB,14.2us,"[0,",1,64.19,normal,0,valid,-14.8dB,-14.9dB,na,na,,,,
2025-07-30 13:41:16.755943,PHY,0x4601,1,0,na,"[0,",0,0,1,1616.8,+17.9dB,18.6us,"[0,",1,65.8,normal,0,valid,-14.8dB,-14.9dB,na,na,,,,
2025-07-30 13:41:16.756534,PHY,0x4601,1,0,na,"[0,",0,0,1,1601.1,+17.8dB,15.6us,"[0,",1,65.9,normal,0,valid,-14.8dB,-14.9dB,na,na,,,,
2025-07-30 13:41:16.760094,PHY,0x4601,2,,na,"[0,",,,11111,,+30.5dB,13.7us,"[0,",1,65.17,normal,0,valid,-11.9dB,-11.9dB,0.17us,-85.7Hz,,"[6,",,1
2025-07-30 13:41:16.761006,PHY,0x4601,1,0,na,"[0,",0,0,1,1568.1,+17.7dB,15.7us,"[0,",1,65.18,normal,0,valid,-14.8dB,-14.8dB,na,na,,,,
2025-07-30 13:41:16.761477,PHY,0x4601,1,0,na,"[0,",0,0,1,1658.4,+17.9dB,13.5us,"[0,",1,65.19,normal,0,valid,-14.8dB,-14.9dB,na,na,,,,
2025-07-30 13:41:16.765605,CSI,0x4601,2,,na,"[0,",,,1,,+29.0dB,12.4us,"[0,",1,66.8,normal,0,valid,-11.7dB,-11.8dB,0.17us,+5.9Hz,,"[6,",1111,1
2025-07-30 13:41:16.766453,PHY,0x4601,1,0,na,"[0,",0,0,1,1143.7,+16.3dB,20.4us,"[0,",1,66.9,normal,0,valid,-14.8dB,-14.9dB,na,na,,,,
2025-07-30 13:41:16.770105,PHY,0x4601,2,,na,"[0,",,,11111,,+29.8dB,14.4us,"[0,",1,66.17,normal,0,valid,-12.0dB,-12.0dB,0.17us,-130.6Hz,,"[6,",,1
2025-07-30 13:41:16.771041,PHY,0x4601,1,0,na,"[0,",0,0,1,1212.1,+16.6dB,15.4us,"[0,",1,66.18,normal,0,valid,-14.8dB,-14.9dB,na,na,,,,
2025-07-30 13:41:16.771517,PHY,0x4601,1,0,na,"[0,",0,0,1,1160.8,+16.4dB,15.2us,"[0,",1,66.19,normal,0,valid,-14.8dB,-14.9dB,na,na,,,,
2025-07-30 13:41:16.776005,PHY,0x4601,1,0,na,"[0,",0,0,1,1620.2,+17.9dB,16.4us,"[0,",1,67.8,normal,0,valid,-14.8dB,-14.9dB,na,na,,,,
2025-07-30 13:41:16.776486,PHY,0x4601,1,0,na,"[0,",0,0,1,1461.4,+17.4dB,24.1us,"[0,",1,67.9,normal,0,valid,-14.8dB,-14.9dB,na,na,,,,
2025-07-30 13:41:16.780017,PHY,0x4601,2,,na,"[0,",,,11111,,+31.0dB,13.5us,"[0,",1,67.17,normal,0,valid,-11.8dB,-11.8dB,0.19us,+96.0Hz,,"[6,",,1
2025-07-30 13:41:16.780965,PHY,0x4601,1,0,na,"[0,",0,0,1,1553.5,+17.6dB,17.3us,"[0,",1,67.18,normal,0,valid,-14.8dB,-14.8dB,na,na,,,,
2025-07-30 13:41:16.781441,PHY,0x4601,1,0,na,"[0,",0,0,1,1568.9,+17.7dB,14.0us,"[0,",1,67.19,normal,0,valid,-14.8dB,-14.8dB,na,na,,,,
2025-07-30 13:41:16.785571,CSI,0x4601,2,,na,"[0,",,,1,,+33.6dB,15.6us,"[0,",1,68.8,normal,0,valid,-11.7dB,-11.8dB,0.18us,-58.5Hz,,"[6,",1111,1
2025-07-30 13:41:16.786514,PHY,0x4601,1,0,na,"[0,",0,0,1,1151.7,+16.3dB,15.8us,"[0,",1,68.9,normal,0,valid,-14.8dB,-14.9dB,na,na,,,,
2025-07-30 13:41:16.790080,PHY,0x4601,2,,na,"[0,",,,11111,,+30.0dB,17.3us,"[0,",1,68.17,normal,0,valid,-11.8dB,-11.8dB,0.17us,+43.8Hz,,"[6,",,1
2025-07-30 13:41:16.790994,PHY,0x4601,1,0,na,"[0,",0,0,1,1463.7,+17.4dB,16.1us,"[0,",1,68.18,normal,0,valid,-14.7dB,-14.8dB,na,na,,,,
2025-07-30 13:41:16.791473,PHY,0x4601,1,0,na,"[0,",0,0,1,1455.1,+17.4dB,17.6us,"[0,",1,68.19,normal,0,valid,-14.8dB,-14.8dB,na,na,,,,
2025-07-30 13:41:16.795971,PHY,0x4601,1,0,na,"[0,",0,0,1,1518.3,+17.6dB,21.5us,"[0,",1,69.8,normal,0,valid,-14.8dB,-14.9dB,na,na,,,,
2025-07-30 13:41:16.796542,PHY,0x4601,1,0,na,"[0,",0,0,1,1662.5,+18.0dB,14.6us,"[0,",1,69.9,normal,0,valid,-14.8dB,-14.8dB,na,na,,,,
2025-07-30 13:41:16.800114,PHY,0x4601,2,,na,"[0,",,,11111,,+30.2dB,15.4us,"[0,",1,69.17,normal,0,valid,-11.9dB,-12.0dB,0.18us,+36.2Hz,,"[6,",,1
2025-07-30 13:41:16.801025,PHY,0x4601,1,0,na,"[0,",0,0,1,1627.3,+17.9dB,15.7us,"[0,",1,69.18,normal,0,valid,-14.8dB,-14.8dB,na,na,,,,
2025-07-30 13:41:16.801508,PHY,0x4601,1,0,na,"[0,",0,0,1,1555.2,+17.7dB,18.2us,"[0,",1,69.19,normal,0,valid,-14.8dB,-14.9dB,na,na,,,,
2025-07-30 13:41:16.805608,CSI,0x4601,2,,na,"[0,",,,1,,+34.4dB,13.1us,"[0,",1,70.8,normal,0,valid,-11.8dB,-11.8dB,0.19us,-14.7Hz,,"[6,",1111,1
2025-07-30 13:41:16.806461,PHY,0x4601,1,0,na,"[0,",0,0,1,1129.2,+16.3dB,15.3us,"[0,",1,70.9,normal,0,valid,-14.8dB,-14.9dB,na,na,,,,
2025-07-30 13:41:16.810119,PHY,0x4601,2,,na,"[0,",,,11111,,+33.3dB,15.8us,"[0,",1,70.17,normal,0,valid,-11.9dB,-11.9dB,0.18us,-59.8Hz,,"[6,",,1
2025-07-30 13:41:16.810953,PHY,0x4601,1,0,na,"[0,",0,0,1,1190.4,+16.5dB,16.3us,"[0,",1,70.18,normal,0,valid,-14.8dB,-14.9dB,na,na,,,,
2025-07-30 13:41:16.811543,PHY,0x4601,1,0,na,"[0,",0,0,1,1138.5,+16.3dB,18.3us,"[0,",1,70.19,normal,0,valid,-14.8dB,-14.9dB,na,na,,,,
2025-07-30 13:41:16.816021,PHY,0x4601,1,0,na,"[0,",0,0,1,1639.5,+17.9dB,16.1us,"[0,",1,71.8,normal,0,valid,-14.8dB,-14.9dB,na,na,,,,
2025-07-30 13:41:16.816508,PHY,0x4601,1,0,na,"[0,",0,0,1,1563.1,+17.7dB,14.3us,"[0,",1,71.9,normal,0,valid,-14.8dB,-14.9dB,na,na,,,,
2025-07-30 13:41:16.820041,PHY,0x4601,2,,na,"[0,",,,11111,,+30.3dB,18.7us,"[0,",1,71.17,normal,0,valid,-11.8dB,-11.9dB,0.17us,-94.9Hz,,"[6,",,1
2025-07-30 13:41:16.820983,PHY,0x4601,1,0,na,"[0,",0,0,1,1141.9,+16.3dB,15.9us,"[0,",1,71.18,normal,0,valid,-14.7dB,-14.8dB,na,na,,,,
2025-07-30 13:41:16.821461,PHY,0x4601,1,0,na,"[0,",0,0,1,1166.4,+16.4dB,17.9us,"[0,",1,71.19,normal,0,valid,-14.8dB,-14.9dB,na,na,,,,
2025-07-30 13:41:16.825589,CSI,0x4601,2,,na,"[0,",,,1,,+31.4dB,15.1us,"[0,",1,72.8,normal,0,valid,-11.8dB,-11.9dB,0.18us,+21.5Hz,,"[6,",1111,1
2025-07-30 13:41:16.826525,PHY,0x4601,1,0,na,"[0,",0,0,1,1592.9,+17.8dB,15.8us,"[0,",1,72.9,normal,0,valid,-14.8dB,-14.9dB,na,na,,,,
2025-07-30 13:41:16.830076,PHY,0x4601,2,,na,"[0,",,,11111,,+36.3dB,12.9us,"[0,",1,72.17,normal,0,valid,-11.8dB,-11.9dB,0.18us,+20.9Hz,,"[6,",,1
2025-07-30 13:41:16.831012,PHY,0x4601,1,0,na,"[0,",0,0,1,1086.2,+16.1dB,15.3us,"[0,",1,72.18,normal,0,valid,-14.8dB,-14.9dB,na,na,,,,
2025-07-30 13:41:16.831499,PHY,0x4601,1,0,na,"[0,",0,0,1,1196.7,+16.5dB,17.8us,"[0,",1,72.19,normal,0,valid,-14.8dB,-14.9dB,na,na,,,,
2025-07-30 13:41:16.835983,PHY,0x4601,1,0,na,"[0,",0,0,1,1476.8,+17.4dB,21.5us,"[0,",1,73.8,normal,0,valid,-14.8dB,-14.9dB,na,na,,,,
2025-07-30 13:41:16.836451,PHY,0x4601,1,0,na,"[0,",0,0,1,1570.0,+17.7dB,14.9us,"[0,",1,73.9,normal,0,valid,-14.8dB,-14.9dB,na,na,,,,
2025-07-30 13:41:16.840104,PHY,0x4601,2,,na,"[0,",,,11111,,+30.4dB,17.2us,"[0,",1,73.17,normal,0,valid,-12.0dB,-12.0dB,0.16us,-30.9Hz,,"[6,",,1
2025-07-30 13:41:16.840942,PHY,0x4601,1,0,na,"[0,",0,0,1,1576.9,+17.7dB,17.2us,"[0,",1,73.18,normal,0,valid,-14.8dB,-14.8dB,na,na,,,,
2025-07-30 13:41:16.841528,PHY,0x4601,1,0,na,"[0,",0,0,1,1521.5,+17.6dB,18.1us,"[0,",1,73.19,normal,0,valid,-14.8dB,-14.9dB,na,na,,,,
2025-07-30 13:41:16.845638,CSI,0x4601,2,,na,"[0,",,,1,,+31.1dB,12.8us,"[0,",1,74.8,normal,0,valid,-11.9dB,-11.9dB,0.18us,-80.0Hz,,"[6,",1111,1
2025-07-30 13:41:16.846483,PHY,0x4601,1,0,na,"[0,",0,0,1,1164.4,+16.4dB,18.0us,"[0,",1,74.9,normal,0,valid,-14.8dB,-14.9dB,na,na,,,,
2025-07-30 13:41:16.850025,PHY,0x4601,2,,na,"[0,",,,11111,,+29.7dB,17.5us,"[0,",1,74.17,normal,0,valid,-11.8dB,-11.9dB,0.18us,+92.9Hz,,"[6,",,1
2025-07-30 13:41:16.850971,PHY,0x4601,1,0,na,"[0,",0,0,1,1130.1,+16.3dB,16.5us,"[0,",1,74.18,normal,0,valid,-14.8dB,-14.8dB,na,na,,,,
2025-07-30 13:41:16.851455,PHY,0x4601,1,0,na,"[0,",0,0,1,1148.8,+16.3dB,18.5us,"[0,",1,74.19,normal,0,valid,-14.7dB,-14.8dB,na,na,,,,
2025-07-30 13:41:16.856049,PHY,0x4601,1,0,na,"[0,",0,0,1,1613.3,+17.8dB,21.4us,"[0,",1,75.8,normal,0,valid,-14.8dB,-14.9dB,na,na,,,,
2025-07-30 13:41:16.856524,PHY,0x4601,1,0,na,"[0,",0,0,1,1524.3,+17.6dB,15.5us,"[0,",1,75.9,normal,0,valid,-14.8dB,-14.8dB,na,na,,,,
2025-07-30 13:41:16.860086,PHY,0x4601,2,,na,"[0,",,,11111,,+30.1dB,15.9us,"[0,",1,75.17,normal,0,valid,-11.9dB,-12.0dB,0.17us,-46.9Hz,,"[6,",,1
2025-07-30 13:41:16.861003,PHY,0x4601,1,0,na,"[0,",0,0,1,1752.5,+18.2dB,16.4us,"[0,",1,75.18,normal,0,valid,-14.7dB,-14.8dB,na,na,,,,
2025-07-30 13:41:16.861481,PHY,0x4601,1,0,na,"[0,",0,0,1,1606.1,+17.8dB,14.4us,"[0,",1,75.19,normal,0,valid,-14.8dB,-14.8dB,na,na,,,,
2025-07-30 13:41:16.865641,CSI,0x4601,2,,na,"[0,",,,1,,+31.4dB,14.8us,"[0,",1,76.8,normal,0,valid,-11.8dB,-11.8dB,0.19us,-37.9Hz,,"[6,",1111,1
2025-07-30 13:41:16.866456,PHY,0x4601,1,0,na,"[0,",0,0,1,1512.7,+17.5dB,24.4us,"[0,",1,76.9,normal,0,valid,-14.8dB,-14.9dB,na,na,,,,
2025-07-30 13:41:16.870094,PHY,0x4601,2,,na,"[0,",,,11111,,+30.2dB,15.3us,"[0,",1,76.17,normal,0,valid,-11.8dB,-11.8dB,0.18us,+44.3Hz,,"[6,",,1
2025-07-30 13:41:16.871034,PHY,0x4601,1,0,na,"[0,",0,0,1,1644.8,+17.9dB,18.0us,"[0,",1,76.18,normal,0,valid,-14.8dB,-14.8dB,na,na,,,,
2025-07-30 13:41:16.871509,PHY,0x4601,1,0,na,"[0,",0,0,1,1421.2,+17.3dB,13.2us,"[0,",1,76.19,normal,0,valid,-14.8dB,-14.9dB,na,na,,,,
2025-07-30 13:41:16.876011,PHY,0x4601,1,0,na,"[0,",0,0,1,1625.3,+17.9dB,21.4us,"[0,",1,77.8,normal,0,valid,-14.8dB,-14.9dB,na,na,,,,
2025-07-30 13:41:16.876490,PHY,0x4601,1,0,na,"[0,",0,0,1,1621.2,+17.9dB,27.7us,"[0,",1,77.9,normal,0,valid,-14.8dB,-14.8dB,na,na,,,,
2025-07-30 13:41:16.880020,PHY,0x4601,2,,na,"[0,",,,11111,,+30.5dB,16.3us,"[0,",1,77.17,normal,0,valid,-11.8dB,-11.8dB,0.16us,-15.5Hz,,"[6,",,1
2025-07-30 13:41:16.880965,PHY,0x4601,1,0,na,"[0,",0,0,1,1626.7,+17.9dB,16.3us,"[0,",1,77.18,normal,0,valid,-14.8dB,-14.8dB,na,na,,,,
2025-07-30 13:41:16.881545,PHY,0x4601,1,0,na,"[0,",0,0,1,1505.6,+17.5dB,13.6us,"[0,",1,77.19,normal,0,valid,-14.8dB,-14.8dB,na,na,,,,
2025-07-30 13:41:16.885555,CSI,0x4601,2,,na,"[0,",,,1,,+29.0dB,13.9us,"[0,",1,78.8,normal,0,valid,-11.8dB,-11.8dB,0.17us,+71.0Hz,,"[6,",1111,1
2025-07-30 13:41:16.886502,PHY,0x4601,1,0,na,"[0,",0,0,1,1134.3,+16.3dB,16.1us,"[0,",1,78.9,normal,0,valid,-14.8dB,-14.9dB,na,na,,,,
2025-07-30 13:41:16.890044,PHY,0x4601,2,,na,"[0,",,,11111,,+31.3dB,14.0us,"[0,",1,78.17,normal,0,valid,-11.9dB,-12.0dB,0.18us,+113.0Hz,,"[6,",,1
2025-07-30 13:41:16.890988,PHY,0x4601,1,0,na,"[0,",0,0,1,1628.2,+17.9dB,17.8us,"[0,",1,78.18,normal,0,valid,-14.8dB,-14.8dB,na,na,,,,
2025-07-30 13:41:16.891462,PHY,0x4601,1,0,na,"[0,",0,0,1,1552.4,+17.6dB,13.5us,"[0,",1,78.19,normal,0,valid,-14.8dB,-14.8dB,na,na,,,,
2025-07-30 13:41:16.895952,PHY,0x4601,1,0,na,"[0,",0,0,1,1512.6,+17.5dB,15.8us,"[0,",1,79.8,normal,0,valid,-14.8dB,-14.9dB,na,na,,,,
2025-07-30 13:41:16.896536,PHY,0x4601,1,0,na,"[0,",0,0,1,1438.1,+17.3dB,14.5us,"[0,",1,79.9,normal,0,valid,-14.8dB,-14.9dB,na,na,,,,
2025-07-30 13:41:16.900097,PHY,0x4601,2,,na,"[0,",,,11111,,+30.7dB,13.2us,"[0,",1,79.17,normal,0,valid,-11.8dB,-11.9dB,0.16us,-5.9Hz,,"[6,",,1
2025-07-30 13:41:16.901018,PHY,0x4601,1,0,na,"[0,",0,0,1,1198.9,+16.5dB,15.3us,"[0,",1,79.18,normal,0,valid,-14.8dB,-14.8dB,na,na,,,,
2025-07-30 13:41:16.901492,PHY,0x4601,1,0,na,"[0,",0,0,1,1133.3,+16.2dB,13.2us,"[0,",1,79.19,normal,0,valid,-14.8dB,-14.9dB,na,na,,,,
2025-07-30 13:41:16.905580,CSI,0x4601,2,,na,"[0,",,,1,,+32.3dB,11.0us,"[0,",1,80.8,normal,0,valid,-11.9dB,-11.9dB,0.19us,-43.8Hz,,"[6,",1111,1
2025-07-30 13:41:16.906456,PHY,0x4601,1,0,na,"[0,",0,0,1,1113.2,+16.2dB,15.6us,"[0,",1,80.9,normal,0,valid,-14.8dB,-14.9dB,na,na,,,,
2025-07-30 13:41:16.910112,PHY,0x4601,2,,na,"[0,",,,11111,,+29.6dB,14.0us,"[0,",1,80.17,normal,0,valid,-11.9dB,-11.9dB,0.18us,+85.2Hz,,"[6,",,1
2025-07-30 13:41:16.910945,PHY,0x4601,1,0,na,"[0,",0,0,1,1211.0,+16.5dB,15.4us,"[0,",1,80.18,normal,0,valid,-14.8dB,-14.9dB,na,na,,,,
2025-07-30 13:41:16.911522,PHY,0x4601,1,0,na,"[0,",0,0,1,1123.1,+16.3dB,13.8us,"[0,",1,80.19,normal,0,valid,-14.8dB,-14.9dB,na,na,,,,
2025-07-30 13:41:16.916017,PHY,0x4601,1,0,na,"[0,",0,0,1,1633.7,+17.8dB,16.6us,"[0,",1,81.8,normal,0,valid,-14.8dB,-14.9dB,na,na,,,,
2025-07-30 13:41:16.916505,PHY,0x4601,1,0,na,"[0,",0,0,1,1577.3,+17.7dB,16.7us,"[0,",1,81.9,normal,0,valid,-14.8dB,-14.8dB,na,na,,,,
2025-07-30 13:41:16.920028,PHY,0x4601,2,,na,"[0,",,,11111,,+32.4dB,13.4us,"[0,",1,81.17,normal,0,valid,-11.9dB,-11.9dB,0.16us,-35.4Hz,,"[6,",,1
2025-07-30 13:41:16.920975,PHY,0x4601,1,0,na,"[0,",0,0,1,1242.5,+16.7dB,15.3us,"[0,",1,81.18,normal,0,valid,-14.8dB,-14.8dB,na,na,,,,
2025-07-30 13:41:16.921448,PHY,0x4601,1,0,na,"[0,",0,0,1,1170.7,+16.4dB,13.9us,"[0,",1,81.19,normal,0,valid,-14.8dB,-14.9dB,na,na,,,,
2025-07-30 13:41:16.925613,CSI,0x4601,2,,na,"[0,",,,1,,+31.4dB,15.9us,"[0,",1,82.8,normal,0,valid,-11.8dB,-11.8dB,0.19us,-54.3Hz,,"[6,",1111,1
2025-07-30 13:41:16.926517,PHY,0x4601,1,0,na,"[0,",0,0,1,1099.9,+16.1dB,15.6us,"[0,",1,82.9,normal,0,valid,-14.8dB,-14.9dB,na,na,,,,
2025-07-30 13:41:16.930065,PHY,0x4601,2,,na,"[0,",,,11111,,+31.8dB,15.2us,"[0,",1,82.17,normal,0,valid,-11.9dB,-12.0dB,0.20us,-91.5Hz,,"[6,",,1
2025-07-30 13:41:16.931008,PHY,0x4601,1,0,na,"[0,",0,0,1,1204.8,+16.6dB,15.3us,"[0,",1,82.18,normal,0,valid,-14.8dB,-14.9dB,na,na,,,,
2025-07-30 13:41:16.931480,PHY,0x4601,1,0,na,"[0,",0,0,1,1085.7,+16.1dB,15.3us,"[0,",1,82.19,normal,0,valid,-14.8dB,-14.9dB,na,na,,,,
2025-07-30 13:41:16.935975,PHY,0x4601,1,0,na,"[0,",0,0,1,1531.2,+17.6dB,16.9us,"[0,",1,83.8,normal,0,valid,-14.8dB,-14.8dB,na,na,,,,
2025-07-30 13:41:16.936456,PHY,0x4601,1,0,na,"[0,",0,0,1,1595.8,+17.7dB,20.2us,"[0,",1,83.9,normal,0,valid,-14.8dB,-14.9dB,na,na,,,,
2025-07-30 13:41:16.940105,PHY,0x4601,2,,na,"[0,",,,11111,,+33.2dB,16.9us,"[0,",1,83.17,normal,0,valid,-11.9dB,-12.0dB,0.18us,-68.7Hz,,"[6,",,1
2025-07-30 13:41:16.941040,PHY,0x4601,1,0,na,"[0,",0,0,1,1105.0,+16.2dB,15.7us,"[0,",1,83.18,normal,0,valid,-14.8dB,-14.8dB,na,na,,,,
2025-07-30 13:41:16.941511,PHY,0x4601,1,0,na,"[0,",0,0,1,1197.9,+16.5dB,13.9us,"[0,",1,83.19,normal,0,valid,-14.8dB,-14.9dB,na,na,,,,
2025-07-30 13:41:16.945610,CSI,0x4601,2,,na,"[0,",,,1,,+35.5dB,11.8us,"[0,",1,84.8,normal,0,valid,-11.8dB,-11.8dB,0.19us,-21.9Hz,,"[6,",1111,1
2025-07-30 13:41:16.946475,PHY,0x4601,1,0,na,"[0,",0,0,1,1677.7,+18.0dB,15.6us,"[0,",1,84.9,normal,0,valid,-14.8dB,-14.9dB,na,na,,,,
2025-07-30 13:41:16.950017,PHY,0x4601,2,,na,"[0,",,,11111,,+32.0dB,14.3us,"[0,",1,84.17,normal,0,valid,-11.8dB,-11.8dB,0.18us,-30.5Hz,,"[6,",,1
2025-07-30 13:41:16.950962,PHY,0x4601,1,0,na,"[0,",0,0,1,1423.5,+17.3dB,16.2us,"[0,",1,84.18,normal,0,valid,-14.8dB,-14.8dB,na,na,,,,
2025-07-30 13:41:16.951444,PHY,0x4601,1,0,na,"[0,",0,0,1,1548.9,+17.6dB,14.1us,"[0,",1,84.19,normal,0,valid,-14.8dB,-14.9dB,na,na,,,,
2025-07-30 13:41:16.956051,PHY,0x4601,1,0,na,"[0,",0,0,1,1561.6,+17.7dB,16.2us,"[0,",1,85.8,normal,0,valid,-14.8dB,-14.9dB,na,na,,,,
2025-07-30 13:41:16.956516,PHY,0x4601,1,0,na,"[0,",0,0,1,1558.8,+17.7dB,15.0us,"[0,",1,85.9,normal,0,valid,-14.8dB,-14.9dB,na,na,,,,
2025-07-30 13:41:16.960053,PHY,0x4601,2,,na,"[0,",,,11111,,+31.5dB,13.9us,"[0,",1,85.17,normal,0,valid,-11.9dB,-11.9dB,0.17us,-4.7Hz,,"[6,",,1
2025-07-30 13:41:16.960997,PHY,0x4601,1,0,na,"[0,",0,0,1,1241.5,+16.7dB,16.6us,"[0,",1,85.18,normal,0,valid,-14.8dB,-14.8dB,na,na,,,,
2025-07-30 13:41:16.961473,PHY,0x4601,1,0,na,"[0,",0,0,1,1149.8,+16.4dB,18.9us,"[0,",1,85.19,normal,0,valid,-14.8dB,-14.8dB,na,na,,,,
2025-07-30 13:41:16.965600,CSI,0x4601,2,,na,"[0,",,,1,,+33.4dB,12.9us,"[0,",1,86.8,normal,0,valid,-11.8dB,-11.8dB,0.19us,+61.1Hz,,"[6,",1111,1
2025-07-30 13:41:16.966546,PHY,0x4601,1,0,na,"[0,",0,0,1,1228.0,+16.6dB,21.7us,"[0,",1,86.9,normal,0,valid,-14.8dB,-14.9dB,na,na,,,,
2025-07-30 13:41:16.970104,PHY,0x4601,2,,na,"[0,",,,11111,,+32.2dB,14.0us,"[0,",1,86.17,normal,0,valid,-11.9dB,-11.9dB,0.19us,+26.9Hz,,"[6,",,1
2025-07-30 13:41:16.971025,PHY,0x4601,1,0,na,"[0,",0,0,1,1643.7,+17.9dB,16.2us,"[0,",1,86.18,normal,0,valid,-14.8dB,-14.8dB,na,na,,,,
2025-07-30 13:41:16.971508,PHY,0x4601,1,0,na,"[0,",0,0,1,1575.0,+17.7dB,22.2us,"[0,",1,86.19,normal,0,valid,-14.7dB,-14.8dB,na,na,,,,
2025-07-30 13:41:16.975996,PHY,0x4601,1,0,na,"[0,",0,0,1,1535.2,+17.6dB,16.2us,"[0,",1,87.8,normal,0,valid,-14.8dB,-14.9dB,na,na,,,,
2025-07-30 13:41:16.976486,PHY,0x4601,1,0,na,"[0,",0,0,1,1449.7,+17.3dB,24.5us,"[0,",1,87.9,normal,0,valid,-14.8dB,-14.9dB,na,na,,,,
2025-07-30 13:41:16.980122,PHY,0x4601,2,,na,"[0,",,,11111,,+33.4dB,18.0us,"[0,",1,87.17,normal,0,valid,-11.9dB,-12.0dB,0.17us,-35.0Hz,,"[6,",,1
2025-07-30 13:41:16.980950,PHY,0x4601,1,0,na,"[0,",0,0,1,1525.0,+17.5dB,16.5us,"[0,",1,87.18,normal,0,valid,-14.8dB,-14.9dB,na,na,,,,
2025-07-30 13:41:16.981534,PHY,0x4601,1,0,na,"[0,",0,0,1,1498.3,+17.5dB,14.5us,"[0,",1,87.19,normal,0,valid,-14.8dB,-14.8dB,na,na,,,,
2025-07-30 13:41:16.985560,CSI,0x4601,2,,na,"[0,",,,1,,+28.1dB,14.1us,"[0,",1,88.8,normal,0,valid,-11.8dB,-11.8dB,0.20us,-79.3Hz,,"[6,",1111,1
2025-07-30 13:41:16.986494,PHY,0x4601,1,0,na,"[0,",0,0,1,1565.8,+17.7dB,15.4us,"[0,",1,88.9,normal,0,valid,-14.8dB,-14.9dB,na,na,,,,
2025-07-30 13:41:16.990035,PHY,0x4601,2,,na,"[0,",,,11111,,+32.5dB,12.9us,"[0,",1,88.17,normal,0,valid,-11.9dB,-11.9dB,0.17us,+1.2Hz,,"[6,",,1
2025-07-30 13:41:16.990988,PHY,0x4601,1,0,na,"[0,",0,0,1,1185.3,+16.5dB,17.1us,"[0,",1,88.18,normal,0,valid,-14.8dB,-14.9dB,na,na,,,,
2025-07-30 13:41:16.991456,PHY,0x4601,1,0,na,"[0,",0,0,1,1129.5,+16.3dB,14.8us,"[0,",1,88.19,normal,0,valid,-14.8dB,-14.8dB,na,na,,,,
2025-07-30 13:41:16.995955,PHY,0x4601,1,0,na,"[0,",0,0,1,1600.6,+17.8dB,19.6us,"[0,",1,89.8,normal,0,valid,-14.8dB,-14.9dB,na,na,,,,
2025-07-30 13:41:16.996550,PHY,0x4601,1,0,na,"[0,",0,0,1,1496.7,+17.5dB,15.9us,"[0,",1,89.9,normal,0,valid,-14.8dB,-14.9dB,na,na,,,,
2025-07-30 13:41:17.000074,PHY,0x4601,2,,na,"[0,",,,11111,,+30.3dB,17.9us,"[0,",1,89.17,normal,0,valid,-11.9dB,-11.9dB,0.18us,+111.8Hz,,"[6,",,1
2025-07-30 13:41:17.001019,PHY,0x4601,1,0,na,"[0,",0,0,1,1159.6,+16.4dB,18.3us,"[0,",1,89.18,normal,0,valid,-14.8dB,-14.9dB,na,na,,,,
2025-07-30 13:41:17.001493,PHY,0x4601,1,0,na,"[0,",0,0,1,1199.9,+16.5dB,16.2us,"[0,",1,89.19,normal,0,valid,-14.8dB,-14.9dB,na,na,,,,
2025-07-30 13:41:17.005628,CSI,0x4601,2,,na,"[0,",,,1,,+33.5dB,16.6us,"[0,",1,90.8,normal,0,valid,-11.8dB,-11.8dB,0.18us,-20.7Hz,,"[6,",1111,1
2025-07-30 13:41:17.006451,PHY,0x4601,1,0,na,"[0,",0,0,1,1595.7,+17.8dB,17.0us,"[0,",1,90.9,normal,0,valid,-14.8dB,-14.8dB,na,na,,,,
2025-07-30 13:41:17.010105,PHY,0x4601,2,,na,"[0,",,,11111,,+29.2dB,15.9us,"[0,",1,90.17,normal,0,valid,-11.9dB,-11.9dB,0.20us,+5.7Hz,,"[6,",,1
2025-07-30 13:41:17.010941,PHY,0x4601,1,0,na,"[0,",0,0,1,1216.1,+16.6dB,16.8us,"[0,",1,90.18,normal,0,valid,-14.8dB,-14.9dB,na,na,,,,
2025-07-30 13:41:17.011528,PHY,0x4601,1,0,na,"[0,",0,0,1,1084.4,+16.1dB,17.2us,"[0,",1,90.19,normal,0,valid,-14.8dB,-14.9dB,na,na,,,,
2025-07-30 13:41:17.016023,PHY,0x4601,1,0,na,"[0,",0,0,1,1563.7,+17.7dB,19.3us,"[0,",1,91.8,normal,0,valid,-14.8dB,-14.9dB,na,na,,,,
2025-07-30 13:41:17.016497,PHY,0x4601,1,0,na,"[0,",0,0,1,1648.2,+17.9dB,28.8us,"[0,",1,91.9,normal,0,valid,-14.8dB,-14.9dB,na,na,,,,
2025-07-30 13:41:17.020025,PHY,0x4601,2,,na,"[0,",,,11111,,+30.9dB,16.7us,"[0,",1,91.17,normal,0,valid,-11.9dB,-11.9dB,0.18us,-18.9Hz,,"[6,",,1
2025-07-30 13:41:17.020970,PHY,0x4601,1,0,na,"[0,",0,0,1,1199.0,+16.5dB,16.4us,"[0,",1,91.18,normal,0,valid,-14.8dB,-14.9dB,na,na,,,,
2025-07-30 13:41:17.021445,PHY,0x4601,1,0,na,"[0,",0,0,1,1229.3,+16.7dB,14.8us,"[0,",1,91.19,normal,0,valid,-14.7dB,-14.8dB,na,na,,,,
2025-07-30 13:41:17.025589,CSI,0x4601,2,,na,"[0,",,,1,,+33.4dB,14.4us,"[0,",1,92.8,normal,0,valid,-11.9dB,-11.9dB,0.21us,-143.9Hz,,"[6,",1111,1
2025-07-30 13:41:17.026512,PHY,0x4601,1,0,na,"[0,",0,0,1,1172.2,+16.4dB,16.4us,"[0,",1,92.9,normal,0,valid,-14.8dB,-14.9dB,na,na,,,,
2025-07-30 13:41:17.030075,PHY,0x4601,2,,na,"[0,",,,11111,,+30.7dB,16.1us,"[0,",1,92.17,normal,0,valid,-12.0dB,-12.0dB,0.15us,-42.2Hz,,"[6,",,1
2025-07-30 13:41:17.030998,PHY,0x4601,1,0,na,"[0,",0,0,1,1633.4,+17.9dB,16.8us,"[0,",1,92.18,normal,0,valid,-14.8dB,-14.8dB,na,na,,,,
2025-07-30 13:41:17.031482,PHY,0x4601,1,0,na,"[0,",0,0,1,1594.9,+17.7dB,18.1us,"[0,",1,92.19,normal,0,valid,-14.8dB,-14.9dB,na,na,,,,
2025-07-30 13:41:17.035981,PHY,0x4601,1,0,na,"[0,",0,0,1,1696.3,+18.0dB,20.4us,"[0,",1,93.8,normal,0,valid,-14.8dB,-14.9dB,na,na,,,,
2025-07-30 13:41:17.036439,PHY,0x4601,1,0,na,"[0,",0,0,1,1642.6,+17.9dB,14.7us,"[0,",1,93.9,normal,0,valid,-14.8dB,-14.9dB,na,na,,,,
2025-07-30 13:41:17.040101,PHY,0x4601,2,,na,"[0,",,,11111,,+31.4dB,15.0us,"[0,",1,93.17,normal,0,valid,-11.9dB,-11.9dB,0.18us,+185.1Hz,,"[6,",,1
2025-07-30 13:41:17.041033,PHY,0x4601,1,0,na,"[0,",0,0,1,1187.4,+16.5dB,16.0us,"[0,",1,93.18,normal,0,valid,-14.8dB,-14.9dB,na,na,,,,
2025-07-30 13:41:17.041507,PHY,0x4601,1,0,na,"[0,",0,0,1,1130.5,+16.2dB,14.3us,"[0,",1,93.19,normal,0,valid,-14.8dB,-14.9dB,na,na,,,,
2025-07-30 13:41:17.045592,CSI,0x4601,2,,na,"[0,",,,1,,+34.2dB,11.2us,"[0,",1,94.8,normal,0,valid,-11.9dB,-12.0dB,0.18us,-82.3Hz,,"[6,",1111,1
2025-07-30 13:41:17.046473,PHY,0x4601,1,0,na,"[0,",0,0,1,1527.3,+17.5dB,15.6us,"[0,",1,94.9,normal,0,valid,-14.8dB,-14.9dB,na,na,,,,
2025-07-30 13:41:17.050010,PHY,0x4601,2,,na,"[0,",,,11111,,+31.6dB,13.9us,"[0,",1,94.17,normal,0,valid,-11.9dB,-11.9dB,0.19us,-50.4Hz,,"[6,",,1
2025-07-30 13:41:17.050956,PHY,0x4601,1,0,na,"[0,",0,0,1,1603.3,+17.8dB,16.1us,"[0,",1,94.18,normal,0,valid,-14.8dB,-14.9dB,na,na,,,,
2025-07-30 13:41:17.051538,PHY,0x4601,1,0,na,"[0,",0,0,1,1425.2,+17.3dB,15.0us,"[0,",1,94.19,normal,0,valid,-14.8dB,-14.8dB,na,na,,,,
2025-07-30 13:41:17.056038,PHY,0x4601,1,0,na,"[0,",0,0,1,1552.5,+17.7dB,16.8us,"[0,",1,95.8,normal,0,valid,-14.8dB,-14.9dB,na,na,,,,
2025-07-30 13:41:17.056509,PHY,0x4601,1,0,na,"[0,",0,0,1,1513.3,+17.5dB,14.1us,"[0,",1,95.9,normal,0,valid,-14.8dB,-14.9dB,na,na,,,,
2025-07-30 13:41:17.060047,PHY,0x4601,2,,na,"[0,",,,11111,,+29.9dB,15.2us,"[0,",1,95.17,normal,0,valid,-11.9dB,-11.9dB,0.19us,-4.6Hz,,"[6,",,1
2025-07-30 13:41:17.060989,PHY,0x4601,1,0,na,"[0,",0,0,1,1430.8,+17.3dB,17.6us,"[0,",1,95.18,normal,0,valid,-14.8dB,-14.8dB,na,na,,,,
2025-07-30 13:41:17.061465,PHY,0x4601,1,0,na,"[0,",0,0,1,1566.1,+17.7dB,14.2us,"[0,",1,95.19,normal,0,valid,-14.8dB,-14.8dB,na,na,,,,
2025-07-30 13:41:17.065614,CSI,0x4601,2,,na,"[0,",,,1,,+32.2dB,15.6us,"[0,",1,96.8,normal,0,valid,-11.8dB,-11.8dB,0.19us,-73.0Hz,,"[6,",1111,1
2025-07-30 13:41:17.066535,PHY,0x4601,1,0,na,"[0,",0,0,1,1509.2,+17.5dB,15.4us,"[0,",1,96.9,normal,0,valid,-14.8dB,-14.9dB,na,na,,,,
2025-07-30 13:41:17.070086,PHY,0x4601,2,,na,"[0,",,,11111,,+31.7dB,15.3us,"[0,",1,96.17,normal,0,valid,-11.9dB,-11.9dB,0.17us,+31.6Hz,,"[6,",,1
2025-07-30 13:41:17.071026,PHY,0x4601,1,0,na,"[0,",0,0,1,1112.8,+16.2dB,17.6us,"[0,",1,96.18,normal,0,valid,-14.8dB,-14.9dB,na,na,,,,
2025-07-30 13:41:17.071507,PHY,0x4601,1,0,na,"[0,",0,0,1,1114.3,+16.2dB,14.5us,"[0,",1,96.19,normal,0,valid,-14.8dB,-14.9dB,na,na,,,,
2025-07-30 13:41:17.075986,PHY,0x4601,1,0,na,"[0,",0,0,1,1611.1,+17.8dB,17.8us,"[0,",1,97.8,normal,0,valid,-14.8dB,-14.9dB,na,na,,,,
2025-07-30 13:41:17.076454,PHY,0x4601,1,0,na,"[0,",0,0,1,1527.0,+17.6dB,15.1us,"[0,",1,97.9,normal,0,valid,-14.8dB,-14.9dB,na,na,,,,
2025-07-30 13:41:17.080112,PHY,0x4601,2,,na,"[0,",,,11111,,+29.7dB,17.4us,"[0,",1,97.17,normal,0,valid,-11.9dB,-11.9dB,0.17us,-34.4Hz,,"[6,",,1
2025-07-30 13:41:17.080947,PHY,0x4601,1,0,na,"[0,",0,0,1,1536.9,+17.6dB,15.5us,"[0,",1,97.18,normal,0,valid,-14.8dB,-14.8dB,na,na,,,,
2025-07-30 13:41:17.081536,PHY,0x4601,1,0,na,"[0,",0,0,1,1524.6,+17.6dB,17.3us,"[0,",1,97.19,normal,0,valid,-14.8dB,-14.8dB,na,na,,,,
2025-07-30 13:41:17.085629,CSI,0x4601,2,,na,"[0,",,,1,,+32.8dB,12.3us,"[0,",1,98.8,normal,0,valid,-11.7dB,-11.8dB,0.19us,+9.5Hz,,"[6,",1111,1
2025-07-30 13:41:17.086490,PHY,0x4601,1,0,na,"[0,",0,0,1,1548.4,+17.6dB,15.7us,"[0,",1,98.9,normal,0,valid,-14.8dB,-14.9dB,na,na,,,,
2025-07-30 13:41:17.090030,PHY,0x4601,2,,na,"[0,",,,11111,,+31.2dB,14.1us,"[0,",1,98.17,normal,0,valid,-11.9dB,-11.9dB,0.17us,+73.2Hz,,"[6,",,1
2025-07-30 13:41:17.090978,PHY,0x4601,1,0,na,"[0,",0,0,1,1438.8,+17.3dB,16.6us,"[0,",1,98.18,normal,0,valid,-14.8dB,-14.9dB,na,na,,,,
2025-07-30 13:41:17.091457,PHY,0x4601,1,0,na,"[0,",0,0,1,1521.9,+17.6dB,17.7us,"[0,",1,98.19,normal,0,valid,-14.8dB,-14.8dB,na,na,,,,
2025-07-30 13:41:17.095940,PHY,0x4601,1,0,na,"[0,",0,0,1,1624.2,+17.8dB,16.4us,"[0,",1,99.8,normal,0,valid,-14.8dB,-14.9dB,na,na,,,,
2025-07-30 13:41:17.096530,PHY,0x4601,1,0,na,"[0,",0,0,1,1566.5,+17.7dB,14.4us,"[0,",1,99.9,normal,0,valid,-14.8dB,-14.9dB,na,na,,,,
2025-07-30 13:41:17.100090,PHY,0x4601,2,,na,"[0,",,,11111,,+32.4dB,14.0us,"[0,",1,99.17,normal,0,valid,-12.0dB,-12.0dB,0.18us,-23.6Hz,,"[6,",,1
2025-07-30 13:41:17.101009,PHY,0x4601,1,0,na,"[0,",0,0,1,1500.6,+17.5dB,17.3us,"[0,",1,99.18,normal,0,valid,-14.7dB,-14.9dB,na,na,,,,
2025-07-30 13:41:17.101477,PHY,0x4601,1,0,na,"[0,",0,0,1,1501.7,+17.5dB,14.3us,"[0,",1,99.19,normal,0,valid,-14.8dB,-14.8dB,na,na,,,,
2025-07-30 13:41:17.105620,CSI,0x4601,2,,na,"[0,",,,1,,+33.5dB,13.6us,"[0,",1,100.8,normal,0,valid,-11.9dB,-11.9dB,0.20us,-122.8Hz,,"[6,",1111,1
2025-07-30 13:41:17.106448,PHY,0x4601,1,0,na,"[0,",0,0,1,1537.5,+17.6dB,15.2us,"[0,",1,100.9,normal,0,valid,-14.8dB,-14.8dB,na,na,,,,
2025-07-30 13:41:17.110090,PHY,0x4601,2,,na,"[0,",,,11111,,+31.6dB,13.6us,"[0,",1,100.17,normal,0,valid,-11.9dB,-12.0dB,0.18us,+69.5Hz,,"[6,",,1
2025-07-30 13:41:17.111038,PHY,0x4601,1,0,na,"[0,",0,0,1,1502.8,+17.5dB,15.9us,"[0,",1,100.18,normal,0,valid,-14.8dB,-14.9dB,na,na,,,,
2025-07-30 13:41:17.111508,PHY,0x4601,1,0,na,"[0,",0,0,1,1608.0,+17.8dB,13.8us,"[0,",1,100.19,normal,0,valid,-14.8dB,-14.8dB,na,na,,,,
2025-07-30 13:41:17.116006,PHY,0x4601,1,0,na,"[0,",0,0,1,1530.3,+17.6dB,16.9us,"[0,",1,101.8,normal,0,valid,-14.8dB,-14.9dB,na,na,,,,
2025-07-30 13:41:17.116488,PHY,0x4601,1,0,na,"[0,",0,0,1,1555.6,+17.7dB,26.6us,"[0,",1,101.9,normal,0,valid,-14.8dB,-14.9dB,na,na,,,,
2025-07-30 13:41:17.120018,PHY,0x4601,2,,na,"[0,",,,11111,,+30.6dB,14.0us,"[0,",1,101.17,normal,0,valid,-11.8dB,-11.8dB,0.16us,+103.0Hz,,"[6,",,1
2025-07-30 13:41:17.120966,PHY,0x4601,1,0,na,"[0,",0,0,1,1139.5,+16.3dB,15.5us,"[0,",1,101.18,normal,0,valid,-14.8dB,-14.9dB,na,na,,,,
2025-07-30 13:41:17.121442,PHY,0x4601,1,0,na,"[0,",0,0,1,1194.4,+16.5dB,14.6us,"[0,",1,101.19,normal,0,valid,-14.8dB,-14.8dB,na,na,,,,
2025-07-30 13:41:17.125590,CSI,0x4601,2,,na,"[0,",,,1,,+29.2dB,13.1us,"[0,",1,102.8,normal,0,valid,-11.7dB,-11.8dB,0.16us,-82.5Hz,,"[6,",1111,1
2025-07-30 13:41:17.126513,PHY,0x4601,1,0,na,"[0,",0,0,1,1093.2,+16.1dB,16.5us,"[0,",1,102.9,normal,0,valid,-14.8dB,-14.9dB,na,na,,,,
2025-07-30 13:41:17.130054,PHY,0x4601,2,,na,"[0,",,,11111,,+30.2dB,13.7us,"[0,",1,102.17,normal,0,valid,-11.9dB,-11.9dB,0.18us,-10.9Hz,,"[6,",,1
2025-07-30 13:41:17.130996,PHY,0x4601,1,0,na,"[0,",0,0,1,1177.6,+16.4dB,15.7us,"[0,",1,102.18,normal,0,valid,-14.7dB,-14.9dB,na,na,,,,
2025-07-30 13:41:17.131469,PHY,0x4601,1,0,na,"[0,",0,0,1,1197.2,+16.5dB,13.7us,"[0,",1,102.19,normal,0,valid,-14.8dB,-14.9dB,na,na,,,,
2025-07-30 13:41:17.135957,PHY,0x4601,1,0,na,"[0,",0,0,1,1525.6,+17.6dB,16.1us,"[0,",1,103.8,normal,0,valid,-14.8dB,-14.9dB,na,na,,,,
2025-07-30 13:41:17.136540,PHY,0x4601,1,0,na,"[0,",0,0,1,1531.2,+17.6dB,14.0us,"[0,",1,103.9,normal,0,valid,-14.8dB,-14.9dB,na,na,,,,
2025-07-30 13:41:17.140116,PHY,0x4601,2,,na,"[0,",,,11111,,+32.4dB,16.4us,"[0,",1,103.17,normal,0,valid,-11.8dB,-11.9dB,0.18us,-73.9Hz,,"[6,",,1
2025-07-30 13:41:17.141025,PHY,0x4601,1,0,na,"[0,",0,0,1,1455.3,+17.4dB,15.4us,"[0,",1,103.18,normal,0,valid,-14.8dB,-14.9dB,na,na,,,,
2025-07-30 13:41:17.141504,PHY,0x4601,1,0,na,"[0,",0,0,1,1521.3,+17.6dB,18.2us,"[0,",1,103.19,normal,0,valid,-14.8dB,-14.8dB,na,na,,,,
2025-07-30 13:41:17.145597,CSI,0x4601,2,,na,"[0,",,,1,,+30.8dB,12.3us,"[0,",1,104.8,normal,0,valid,-11.7dB,-11.7dB,0.20us,-81.4Hz,,"[6,",1111,1
2025-07-30 13:41:17.146466,PHY,0x4601,1,0,na,"[0,",0,0,1,1170.0,+16.4dB,16.1us,"[0,",1,104.9,normal,0,valid,-14.8dB,-14.9dB,na,na,,,,
2025-07-30 13:41:17.150134,PHY,0x4601,2,,na,"[0,",,,11111,,+32.7dB,22.6us,"[0,",1,104.17,normal,0,valid,-12.0dB,-12.0dB,0.20us,-80.2Hz,,"[6,",,1
2025-07-30 13:41:17.150955,PHY,0x4601,1,0,na,"[0,",0,0,1,1603.0,+17.8dB,22.0us,"[0,",1,104.18,normal,0,valid,-14.8dB,-14.8dB,na,na,,,,
2025-07-30 13:41:17.151534,PHY,0x4601,1,0,na,"[0,",0,0,1,1547.9,+17.6dB,14.1us,"[0,",1,104.19,normal,0,valid,-14.8dB,-14.9dB,na,na,,,,
2025-07-30 13:41:17.156029,PHY,0x4601,1,0,na,"[0,",0,0,1,1550.0,+17.7dB,15.8us,"[0,",1,105.8,normal,0,valid,-14.8dB,-14.9dB,na,na,,,,
2025-07-30 13:41:17.156513,PHY,0x4601,1,0,na,"[0,",0,0,1,1544.7,+17.6dB,14.8us,"[0,",1,105.9,normal,0,valid,-14.8dB,-14.9dB,na,na,,,,
2025-07-30 13:41:17.160042,PHY,0x4601,2,,na,"[0,",,,11111,,+30.6dB,13.8us,"[0,",1,105.17,normal,0,valid,-11.8dB,-11.8dB,0.16us,+102.4Hz,,"[6,",,1
2025-07-30 13:41:17.160986,PHY,0x4601,1,0,na,"[0,",0,0,1,1109.6,+16.2dB,16.7us,"[0,",1,105.18,normal,0,valid,-14.8dB,-14.8dB,na,na,,,,
2025-07-30 13:41:17.161461,PHY,0x4601,1,0,na,"[0,",0,0,1,1183.9,+16.5dB,14.9us,"[0,",1,105.19,normal,0,valid,-14.8dB,-14.9dB,na,na,,,,
2025-07-30 13:41:17.165595,CSI,0x4601,2,,na,"[0,",,,1,,+31.6dB,14.6us,"[0,",1,106.8,normal,0,valid,-11.7dB,-11.7dB,0.19us,-61.5Hz,,"[6,",1111,1
2025-07-30 13:41:17.166536,PHY,0x4601,1,0,na,"[0,",0,0,1,1541.8,+17.6dB,21.9us,"[0,",1,106.9,normal,0,valid,-14.8dB,-14.9dB,na,na,,,,
2025-07-30 13:41:17.170079,PHY,0x4601,2,,na,"[0,",,,11111,,+33.7dB,15.7us,"[0,",1,106.17,normal,0,valid,-11.9dB,-12.0dB,0.19us,-46.0Hz,,"[6,",,1
2025-07-30 13:41:17.171013,PHY,0x4601,1,0,na,"[0,",0,0,1,1499.8,+17.5dB,15.8us,"[0,",1,106.18,normal,0,valid,-14.8dB,-14.9dB,na,na,,,,
2025-07-30 13:41:17.171484,PHY,0x4601,1,0,na,"[0,",0,0,1,1579.9,+17.7dB,14.0us,"[0,",1,106.19,normal,0,valid,-14.8dB,-14.9dB,na,na,,,,
2025-07-30 13:41:17.175984,PHY,0x4601,1,0,na,"[0,",0,0,1,1586.5,+17.8dB,19.8us,"[0,",1,107.8,normal,0,valid,-14.8dB,-14.9dB,na,na,,,,
2025-07-30 13:41:17.176449,PHY,0x4601,1,0,na,"[0,",0,0,1,1693.3,+18.0dB,14.0us,"[0,",1,107.9,normal,0,valid,-14.8dB,-14.9dB,na,na,,,,
2025-07-30 13:41:17.180098,PHY,0x4601,2,,na,"[0,",,,11110,,+34.2dB,14.0us,"[0,",1,107.17,normal,0,valid,-11.9dB,-11.9dB,0.18us,-36.0Hz,,"[6,",,1
2025-07-30 13:41:17.180955,PHY,0x4601,1,0,na,"[0,",0,0,1,1179.5,+16.4dB,20.9us,"[0,",1,107.18,normal,0,valid,-14.8dB,-14.9dB,na,na,,,,
2025-07-30 13:41:17.181522,PHY,0x4601,1,0,na,"[0,",0,0,1,1156.6,+16.4dB,13.9us,"[0,",1,107.19,normal,0,valid,-14.8dB,-14.9dB,na,na,,,,
2025-07-30 13:41:17.185610,CSI,0x4601,2,,na,"[0,",,,1,,+32.3dB,14.7us,"[0,",1,108.8,normal,0,valid,-11.7dB,-11.7dB,0.19us,-7.1Hz,,"[6,",1111,1
2025-07-30 13:41:17.186481,PHY,0x4601,1,0,na,"[0,",0,0,1,1141.1,+16.3dB,16.4us,"[0,",1,108.9,normal,0,valid,-14.8dB,-14.9dB,na,na,,,,
2025-07-30 13:41:17.190022,PHY,0x4601,2,,na,"[0,",,,11111,,+34.1dB,13.5us,"[0,",1,108.17,normal,0,valid,-11.9dB,-11.9dB,0.18us,-18.6Hz,,"[6,",,1
2025-07-30 13:41:17.190971,PHY,0x4601,1,0,na,"[0,",0,0,1,1510.3,+17.5dB,16.5us,"[0,",1,108.18,normal,0,valid,-14.8dB,-14.9dB,na,na,,,,
2025-07-30 13:41:17.191444,PHY,0x4601,1,0,na,"[0,",0,0,1,1503.0,+17.5dB,13.8us,"[0,",1,108.19,normal,0,valid,-14.8dB,-14.9dB,na,na,,,,
2025-07-30 13:41:17.196047,PHY,0x4601,1,0,na,"[0,",0,0,1,1596.1,+17.8dB,16.6us,"[0,",1,109.8,normal,0,valid,-14.8dB,-14.9dB,na,na,,,,
2025-07-30 13:41:17.196524,PHY,0x4601,1,0,na,"[0,",0,0,1,1577.0,+17.7dB,15.9us,"[0,",1,109.9,normal,0,valid,-14.8dB,-14.9dB,na,na,,,,
2025-07-30 13:41:17.200082,PHY,0x4601,2,,na,"[0,",,,11111,,+31.1dB,15.3us,"[0,",1,109.17,normal,0,valid,-12.0dB,-12.0dB,0.17us,+62.2Hz,,"[6,",,1
2025-07-30 13:41:17.200997,PHY,0x4601,1,0,na,"[0,",0,0,1,1549.4,+17.7dB,15.3us,"[0,",1,109.18,normal,0,valid,-14.8dB,-14.8dB,na,na,,,,
2025-07-30 13:41:17.201487,PHY,0x4601,1,0,na,"[0,",0,0,1,1539.8,+17.6dB,15.8us,"[0,",1,109.19,normal,0,valid,-14.8dB,-14.9dB,na,na,,,,
2025-07-30 13:41:17.205611,CSI,0x4601,2,,na,"[0,",,,1,,+31.7dB,12.1us,"[0,",1,110.8,normal,0,valid,-11.8dB,-11.8dB,0.18us,+3.4Hz,,"[6,",1111,1
2025-07-30 13:41:17.206439,PHY,0x4601,1,0,na,"[0,",0,0,1,1590.3,+17.7dB,16.7us,"[0,",1,110.9,normal,0,valid,-14.8dB,-14.9dB,na,na,,,,
2025-07-30 13:41:17.210103,PHY,0x4601,2,,na,"[0,",,,11111,,+30.3dB,14.2us,"[0,",1,110.17,normal,0,valid,-11.8dB,-11.9dB,0.17us,+123.0Hz,,"[6,",,1
2025-07-30 13:41:17.211041,PHY,0x4601,1,0,na,"[0,",0,0,1,1157.8,+16.4dB,16.4us,"[0,",1,110.18,normal,0,valid,-14.8dB,-14.9dB,na,na,,,,
2025-07-30 13:41:17.211508,PHY,0x4601,1,0,na,"[0,",0,0,1,1106.0,+16.2dB,14.0us,"[0,",1,110.19,normal,0,valid,-14.8dB,-14.9dB,na,na,,,,
2025-07-30 13:41:17.216018,PHY,0x4601,1,0,na,"[0,",0,0,1,1577.8,+17.7dB,21.1us,"[0,",1,111.8,normal,0,valid,-14.8dB,-14.9dB,na,na,,,,
2025-07-30 13:41:17.216486,PHY,0x4601,1,0,na,"[0,",0,0,1,1552.1,+17.6dB,30.5us,"[0,",1,111.9,normal,0,valid,-14.8dB,-14.9dB,na,na,,,,
2025-07-30 13:41:17.220014,PHY,0x4601,2,,na,"[0,",,,11111,,+30.4dB,14.0us,"[0,",1,111.17,normal,0,valid,-12.0dB,-12.0dB,0.19us,-17.7Hz,,"[6,",,1
2025-07-30 13:41:17.220957,PHY,0x4601,1,0,na,"[0,",0,0,1,1124.5,+16.2dB,16.8us,"[0,",1,111.18,normal,0,valid,-14.8dB,-14.9dB,na,na,,,,
2025-07-30 13:41:17.221541,PHY,0x4601,1,0,na,"[0,",0,0,1,1150.5,+16.4dB,13.6us,"[0,",1,111.19,normal,0,valid,-14.8dB,-14.8dB,na,na,,,,
2025-07-30 13:41:17.225566,CSI,0x4601,2,,na,"[0,",,,1,,+32.9dB,17.5us,"[0,",1,112.8,normal,0,valid,-11.9dB,-11.9dB,0.18us,-26.3Hz,,"[6,",1111,1
2025-07-30 13:41:17.226503,PHY,0x4601,1,0,na,"[0,",0,0,1,1095.2,+16.1dB,23.9us,"[0,",1,112.9,normal,0,valid,-14.8dB,-14.9dB,na,na,,,,
2025-07-30 13:41:17.230047,PHY,0x4601,2,,na,"[0,",,,11111,,+30.1dB,15.2us,"[0,",1,112.17,normal,0,valid,-11.9dB,-12.0dB,0.19us,-101.7Hz,,"[6,",,1
2025-07-30 13:41:17.230986,PHY,0x4601,1,0,na,"[0,",0,0,1,1656.8,+17.9dB,16.8us,"[0,",1,112.18,normal,0,valid,-14.8dB,-14.8dB,na,na,,,,
2025-07-30 13:41:17.231467,PHY,0x4601,1,0,na,"[0,",0,0,1,1510.1,+17.5dB,13.1us,"[0,",1,112.19,normal,0,valid,-14.8dB,-14.9dB,na,na,,,,
2025-07-30 13:41:17.235965,PHY,0x4601,1,0,na,"[0,",0,0,1,1486.9,+17.4dB,17.5us,"[0,",1,113.8,normal,0,valid,-14.8dB,-14.9dB,na,na,,,,
2025-07-30 13:41:17.236536,PHY,0x4601,1,0,na,"[0,",0,0,1,1481.7,+17.4dB,15.5us,"[0,",1,113.9,normal,0,valid,-14.8dB,-14.9dB,na,na,,,,
2025-07-30 13:41:17.240093,PHY,0x4601,2,,na,"[0,",,,11111,,+32.5dB,16.5us,"[0,",1,113.17,normal,0,valid,-11.8dB,-11.9dB,0.16us,-85.1Hz,,"[6,",,1
2025-07-30 13:41:17.241017,PHY,0x4601,1,0,na,"[0,",0,0,1,1130.1,+16.3dB,15.7us,"[0,",1,113.18,normal,0,valid,-14.8dB,-14.9dB,na,na,,,,
2025-07-30 13:41:17.241490,PHY,0x4601,1,0,na,"[0,",0,0,1,1137.0,+16.3dB,13.6us,"[0,",1,113.19,normal,0,valid,-14.8dB,-14.9dB,na,na,,,,
2025-07-30 13:41:17.245600,CSI,0x4601,2,,na,"[0,",,,1,,+29.0dB,15.1us,"[0,",1,114.8,normal,0,valid,-11.8dB,-11.9dB,0.19us,-104.2Hz,,"[6,",1111,1
2025-07-30 13:41:17.246459,PHY,0x4601,1,0,na,"[0,",0,0,1,1411.3,+17.2dB,16.0us,"[0,",1,114.9,normal,0,valid,-14.8dB,-14.9dB,na,na,,,,
2025-07-30 13:41:17.250126,PHY,0x4601,2,,na,"[0,",,,11111,,+31.2dB,16.4us,"[0,",1,114.17,normal,0,valid,-12.0dB,-12.1dB,0.19us,+42.6Hz,,"[6,",,1
2025-07-30 13:41:17.250947,PHY,0x4601,1,0,na,"[0,",0,0,1,1529.2,+17.6dB,15.9us,"[0,",1,114.18,normal,0,valid,-14.8dB,-14.8dB,na,na,,,,
2025-07-30 13:41:17.251523,PHY,0x4601,1,0,na,"[0,",0,0,1,1580.2,+17.7dB,14.2us,"[0,",1,114.19,normal,0,valid,-14.8dB,-14.9dB,na,na,,,,
2025-07-30 13:41:17.256013,PHY,0x4601,1,0,na,"[0,",0,0,1,1578.7,+17.7dB,15.8us,"[0,",1,115.8,normal,0,valid,-14.8dB,-14.9dB,na,na,,,,
2025-07-30 13:41:17.256505,PHY,0x4601,1,0,na,"[0,",0,0,1,1508.5,+17.5dB,15.5us,"[0,",1,115.9,normal,0,valid,-14.8dB,-14.9dB,na,na,,,,
2025-07-30 13:41:17.260030,PHY,0x4601,2,,na,"[0,",,,11111,,+31.1dB,14.2us,"[0,",1,115.17,normal,0,valid,-11.9dB,-11.9dB,0.18us,+31.8Hz,,"[6,",,1
2025-07-30 13:41:17.260978,PHY,0x4601,1,0,na,"[0,",0,0,1,1202.3,+16.5dB,16.9us,"[0,",1,115.18,normal,0,valid,-14.8dB,-14.9dB,na,na,,,,
2025-07-30 13:41:17.261449,PHY,0x4601,1,0,na,"[0,",0,0,1,1197.1,+16.5dB,14.4us,"[0,",1,115.19,normal,0,valid,-14.8dB,-14.9dB,na,na,,,,
2025-07-30 13:41:17.265584,CSI,0x4601,2,,na,"[0,",,,1,,+30.8dB,21.4us,"[0,",1,116.8,normal,0,valid,-11.8dB,-11.9dB,0.18us,-15.0Hz,,"[6,",1111,1
2025-07-30 13:41:17.266518,PHY,0x4601,1,0,na,"[0,",0,0,1,1595.3,+17.8dB,15.7us,"[0,",1,116.9,normal,0,valid,-14.8dB,-14.8dB,na,na,,,,
2025-07-30 13:41:17.270095,PHY,0x4601,2,,na,"[0,",,,11111,,+27.9dB,20.8us,"[0,",1,116.17,normal,0,valid,-11.9dB,-11.9dB,0.20us,+133.3Hz,,"[6,",,1
2025-07-30 13:41:17.271013,PHY,0x4601,1,0,na,"[0,",0,0,1,1206.0,+16.5dB,15.5us,"[0,",1,116.18,normal,0,valid,-14.8dB,-14.9dB,na,na,,,,
2025-07-30 13:41:17.271479,PHY,0x4601,1,0,na,"[0,",0,0,1,1089.3,+16.1dB,14.1us,"[0,",1,116.19,normal,0,valid,-14.8dB,-14.9dB,na,na,,,,
2025-07-30 13:41:17.275977,PHY,0x4601,1,0,na,"[0,",0,0,1,1579.0,+17.7dB,17.0us,"[0,",1,117.8,normal,0,valid,-14.8dB,-14.9dB,na,na,,,,
2025-07-30 13:41:17.276443,PHY,0x4601,1,0,na,"[0,",0,0,1,1673.4,+17.9dB,15.2us,"[0,",1,117.9,normal,0,valid,-14.8dB,-14.9dB,na,na,,,,
2025-07-30 13:41:17.280124,PHY,0x4601,2,,na,"[0,",,,11111,,+31.6dB,14.2us,"[0,",1,117.17,normal,0,valid,-11.9dB,-11.9dB,0.17us,+11.8Hz,,"[6,",,1
2025-07-30 13:41:17.281042,PHY,0x4601,1,0,na,"[0,",0,0,1,1145.7,+16.3dB,15.7us,"[0,",1,117.18,normal,0,valid,-14.8dB,-14.9dB,na,na,,,,
2025-07-30 13:41:17.281508,PHY,0x4601,1,0,na,"[0,",0,0,1,1137.3,+16.3dB,13.6us,"[0,",1,117.19,normal,0,valid,-14.8dB,-14.9dB,na,na,,,,
2025-07-30 13:41:17.285604,CSI,0x4601,2,,na,"[0,",,,1,,+31.7dB,11.5us,"[0,",1,118.8,normal,0,valid,-11.8dB,-11.8dB,0.19us,+17.8Hz,,"[6,",1111,1
2025-07-30 13:41:17.286478,PHY,0x4601,1,0,na,"[0,",0,0,1,1104.1,+16.2dB,15.1us,"[0,",1,118.9,normal,0,valid,-14.8dB,-14.9dB,na,na,,,,
2025-07-30 13:41:17.290017,PHY,0x4601,2,,na,"[0,",,,11111,,+30.8dB,14.0us,"[0,",1,118.17,normal,0,valid,-11.8dB,-11.9dB,0.18us,+106.2Hz,,"[6,",,1
2025-07-30 13:41:17.290972,PHY,0x4601,1,0,na,"[0,",0,0,1,1180.3,+16.4dB,22.7us,"[0,",1,118.18,normal,0,valid,-14.8dB,-14.9dB,na,na,,,,
2025-07-30 13:41:17.291437,PHY,0x4601,1,0,na,"[0,",0,0,1,1229.8,+16.6dB,14.3us,"[0,",1,118.19,normal,0,valid,-14.8dB,-14.9dB,na,na,,,,
2025-07-30 13:41:17.296036,PHY,0x4601,1,0,na,"[0,",0,0,1,1603.2,+17.8dB,15.7us,"[0,",1,119.8,normal,0,valid,-14.8dB,-14.9dB,na,na,,,,
2025-07-30 13:41:17.296524,PHY,0x4601,1,0,na,"[0,",0,0,1,1564.0,+17.7dB,18.5us,"[0,",1,119.9,normal,0,valid,-14.8dB,-14.9dB,na,na,,,,
2025-07-30 13:41:17.300063,PHY,0x4601,2,,na,"[0,",,,11111,,+27.8dB,15.0us,"[0,",1,119.17,normal,0,valid,-11.8dB,-11.8dB,0.16us,+65.1Hz,,"[6,",,1
2025-07-30 13:41:17.300994,PHY,0x4601,1,0,na,"[0,",0,0,1,1128.1,+16.3dB,15.6us,"[0,",1,119.18,normal,0,valid,-14.8dB,-14.9dB,na,na,,,,
2025-07-30 13:41:17.301475,PHY,0x4601,1,0,na,"[0,",0,0,1,1166.9,+16.4dB,15.2us,"[0,",1,119.19,normal,0,valid,-14.8dB,-14.9dB,na,na,,,,
2025-07-30 13:41:17.305594,CSI,0x4601,2,,na,"[0,",,,1,,+28.3dB,12.8us,"[0,",1,120.8,normal,0,valid,-11.9dB,-11.9dB,0.19us,+4.8Hz,,"[6,",1111,1
2025-07-30 13:41:17.306537,PHY,0x4601,1,0,na,"[0,",0,0,1,1115.3,+16.2dB,15.2us,"[0,",1,120.9,normal,0,valid,-14.8dB,-14.9dB,na,na,,,,
2025-07-30 13:41:17.310111,PHY,0x4601,2,,na,"[0,",,,11111,,+33.3dB,13.4us,"[0,",1,120.17,normal,0,valid,-11.8dB,-11.9dB,0.16us,+105.7Hz,,"[6,",,1
2025-07-30 13:41:17.311030,PHY,0x4601,1,0,na,"[0,",0,0,1,1179.9,+16.4dB,15.6us,"[0,",1,120.18,normal,0,valid,-14.7dB,-14.9dB,na,na,,,,
2025-07-30 13:41:17.311493,PHY,0x4601,1,0,na,"[0,",0,0,1,1182.2,+16.5dB,14.1us,"[0,",1,120.19,normal,0,valid,-14.8dB,-14.9dB,na,na,,,,
2025-07-30 13:41:17.315997,PHY,0x4601,1,0,na,"[0,",0,0,1,1555.2,+17.7dB,16.1us,"[0,",1,121.8,normal,0,valid,-14.8dB,-14.9dB,na,na,,,,
2025-07-30 13:41:17.316487,PHY,0x4601,1,0,na,"[0,",0,0,1,1522.5,+17.6dB,27.5us,"[0,",1,121.9,normal,0,valid,-14.8dB,-14.9dB,na,na,,,,
2025-07-30 13:41:17.320131,PHY,0x4601,2,,na,"[0,",,,11111,,+32.2dB,13.5us,"[0,",1,121.17,normal,0,valid,-11.9dB,-11.9dB,0.18us,+28.2Hz,,"[6,",,1
2025-07-30 13:41:17.320951,PHY,0x4601,1,0,na,"[0,",0,0,1,1177.2,+16.5dB,16.9us,"[0,",1,121.18,normal,0,valid,-14.8dB,-14.8dB,na,na,,,,
2025-07-30 13:41:17.321545,PHY,0x4601,1,0,na,"[0,",0,0,1,1186.0,+16.5dB,19.7us,"[0,",1,121.19,normal,0,valid,-14.8dB,-14.9dB,na,na,,,,
2025-07-30 13:41:17.325571,CSI,0x4601,2,,na,"[0,",,,1,,+32.7dB,15.9us,"[0,",1,122.8,normal,0,valid,-11.7dB,-11.8dB,0.21us,-40.8Hz,,"[6,",1111,1
2025-07-30 13:41:17.326502,PHY,0x4601,1,0,na,"[0,",0,0,1,1130.7,+16.2dB,20.3us,"[0,",1,122.9,normal,0,valid,-14.8dB,-14.9dB,na,na,,,,
2025-07-30 13:41:17.330034,PHY,0x4601,2,,na,"[0,",,,11111,,+31.0dB,15.1us,"[0,",1,122.17,normal,0,valid,-12.0dB,-12.0dB,0.20us,+106.4Hz,,"[6,",,1
2025-07-30 13:41:17.330976,PHY,0x4601,1,0,na,"[0,",0,0,1,1532.7,+17.6dB,17.3us,"[0,",1,122.18,normal,0,valid,-14.8dB,-14.9dB,na,na,,,,
2025-07-30 13:41:17.331449,PHY,0x4601,1,0,na,"[0,",0,0,1,1446.9,+17.3dB,13.6us,"[0,",1,122.19,normal,0,valid,-14.8dB,-14.9dB,na,na,,,,
2025-07-30 13:41:17.335942,PHY,0x4601,1,0,na,"[0,",0,0,1,1580.2,+17.7dB,16.7us,"[0,",1,123.8,normal,0,valid,-14.8dB,-14.9dB,na,na,,,,
2025-07-30 13:41:17.336528,PHY,0x4601,1,0,na,"[0,",0,0,1,1522.0,+17.5dB,14.5us,"[0,",1,123.9,normal,0,valid,-14.8dB,-14.9dB,na,na,,,,
2025-07-30 13:41:17.340100,PHY,0x4601,2,,na,"[0,",,,11111,,+31.3dB,16.2us,"[0,",1,123.17,normal,0,valid,-11.9dB,-11.9dB,0.18us,+32.2Hz,,"[6,",,1
2025-07-30 13:41:17.341006,PHY,0x4601,1,0,na,"[0,",0,0,1,1211.7,+16.6dB,15.6us,"[0,",1,123.18,normal,0,valid,-14.8dB,-14.9dB,na,na,,,,
2025-07-30 13:41:17.341486,PHY,0x4601,1,0,na,"[0,",0,0,1,1194.0,+16.5dB,21.9us,"[0,",1,123.19,normal,0,valid,-14.8dB,-14.9dB,na,na,,,,
2025-07-30 13:41:17.345628,CSI,0x4601,2,,na,"[0,",,,1,,+29.8dB,24.5us,"[0,",1,124.8,normal,0,valid,-11.8dB,-11.8dB,0.18us,-119.7Hz,,"[6,",1111,1
2025-07-30 13:41:17.346444,PHY,0x4601,1,0,na,"[0,",0,0,1,1220.0,+16.6dB,15.9us,"[0,",1,124.9,normal,0,valid,-14.8dB,-14.9dB,na,na,,,,
2025-07-30 13:41:17.350115,PHY,0x4601,2,,na,"[0,",,,11111,,+34.1dB,16.5us,"[0,",1,124.17,normal,0,valid,-11.8dB,-11.9dB,0.19us,-40.1Hz,,"[6,",,1
2025-07-30 13:41:17.350940,PHY,0x4601,1,0,na,"[0,",0,0,1,1149.8,+16.4dB,20.7us,"[0,",1,124.18,normal,0,valid,-14.8dB,-14.8dB,na,na,,,,
2025-07-30 13:41:17.351521,PHY,0x4601,1,0,na,"[0,",0,0,1,1196.4,+16.5dB,19.6us,"[0,",1,124.19,normal,0,valid,-14.8dB,-14.9dB,na,na,,,,
2025-07-30 13:41:17.356008,PHY,0x4601,1,0,na,"[0,",0,0,1,1479.6,+17.4dB,16.5us,"[0,",1,125.8,normal,0,valid,-14.8dB,-14.9dB,na,na,,,,
2025-07-30 13:41:17.356485,PHY,0x4601,1,0,na,"[0,",0,0,1,1574.2,+17.7dB,25.9us,"[0,",1,125.9,normal,0,valid,-14.8dB,-14.9dB,na,na,,,,
2025-07-30 13:41:17.360016,PHY,0x4601,2,,na,"[0,",,,11111,,+33.0dB,14.8us,"[0,",1,125.17,normal,0,valid,-11.9dB,-11.9dB,0.16us,-51.3Hz,,"[6,",,1
2025-07-30 13:41:17.360963,PHY,0x4601,1,0,na,"[0,",0,0,1,1148.8,+16.3dB,17.6us,"[0,",1,125.18,normal,0,valid,-14.8dB,-14.9dB,na,na,,,,
2025-07-30 13:41:17.361436,PHY,0x4601,1,0,na,"[0,",0,0,1,1057.6,+16.0dB,14.0us,"[0,",1,125.19,normal,0,valid,-14.8dB,-14.9dB,na,na,,,,
2025-07-30 13:41:17.365587,CSI,0x4601,2,,na,"[0,",,,1,,+30.7dB,15.7us,"[0,",1,126.8,normal,0,valid,-11.7dB,-11.8dB,0.21us,-54.5Hz,,"[6,",1111,1
2025-07-30 13:41:17.366513,PHY,0x4601,1,0,na,"[0,",0,0,1,1209.3,+16.6dB,22.6us,"[0,",1,126.9,normal,0,valid,-14.8dB,-14.9dB,na,na,,,,
2025-07-30 13:41:17.370068,PHY,0x4601,2,,na,"[0,",,,11111,,+33.8dB,22.9us,"[0,",1,126.17,normal,0,valid,-11.9dB,-12.0dB,0.19us,+20.7Hz,,"[6,",,1
2025-07-30 13:41:17.370997,PHY,0x4601,1,0,na,"[0,",0,0,1,1631.7,+17.8dB,16.8us,"[0,",1,126.18,normal,0,valid,-14.8dB,-14.9dB,na,na,,,,
2025-07-30 13:41:17.371479,PHY,0x4601,1,0,na,"[0,",0,0,1,1551.4,+17.7dB,18.3us,"[0,",1,126.19,normal,0,valid,-14.8dB,-14.8dB,na,na,,,,
2025-07-30 13:41:17.375973,PHY,0x4601,1,0,na,"[0,",0,0,1,1533.7,+17.6dB,17.3us,"[0,",1,127.8,normal,0,valid,-14.8dB,-14.9dB,na,na,,,,
2025-07-30 13:41:17.376435,PHY,0x4601,1,0,na,"[0,",0,0,1,1514.5,+17.5dB,15.3us,"[0,",1,127.9,normal,0,valid,-14.8dB,-14.9dB,na,na,,,,
2025-07-30 13:41:17.380126,PHY,0x4601,2,,na,"[0,",,,11111,,+30.9dB,20.8us,"[0,",1,127.17,normal,0,valid,-11.8dB,-11.9dB,0.18us,-34.2Hz,,"[6,",,1
2025-07-30 13:41:17.381031,PHY,0x4601,1,0,na,"[0,",0,0,1,1528.1,+17.6dB,18.1us,"[0,",1,127.18,normal,0,valid,-14.8dB,-14.8dB,na,na,,,,
2025-07-30 13:41:17.381516,PHY,0x4601,1,0,na,"[0,",0,0,1,1579.0,+17.7dB,15.6us,"[0,",1,127.19,normal,0,valid,-14.8dB,-14.9dB,na,na,,,,
2025-07-30 13:41:17.385614,CSI,0x4601,2,,na,"[0,",,,1,,+33.1dB,14.3us,"[0,",1,128.8,normal,0,valid,-11.8dB,-11.9dB,0.19us,-22.9Hz,,"[6,",1111,1
2025-07-30 13:41:17.386468,PHY,0x4601,1,0,na,"[0,",0,0,1,1132.2,+16.3dB,19.7us,"[0,",1,128.9,normal,0,valid,-14.8dB,-14.9dB,na,na,,,,
2025-07-30 13:41:17.390028,PHY,0x4601,2,,na,"[0,",,,11111,,+33.3dB,29.8us,"[0,",1,128.17,normal,0,valid,-11.8dB,-11.9dB,0.18us,-24.8Hz,,"[6,",,1
2025-07-30 13:41:17.390960,PHY,0x4601,1,0,na,"[0,",0,0,1,1487.0,+17.5dB,18.2us,"[0,",1,128.18,normal,0,valid,-14.8dB,-14.8dB,na,na,,,,
2025-07-30 13:41:17.391543,PHY,0x4601,1,0,na,"[0,",0,0,1,1544.0,+17.6dB,19.5us,"[0,",1,128.19,normal,0,valid,-14.8dB,-14.8dB,na,na,,,,
2025-07-30 13:41:17.398121,PHY,0x4601,1,0,na,"[0,",0,0,1,1463.1,+17.4dB,22.1us,"[0,",1,129.8,normal,0,valid,-14.8dB,-14.9dB,na,na,,,,
2025-07-30 13:41:17.398464,PHY,0x4601,1,0,na,"[0,",0,0,1,1409.1,+17.2dB,17.4us,"[0,",1,129.9,normal,0,valid,-14.8dB,-14.9dB,na,na,,,,
2025-07-30 13:41:17.402183,PHY,0x4601,2,,na,"[0,",,,22222,,-6.3dB,25.2us,"[0,",1,129.17,normal,0,invalid,-46.8dB,-53.6dB,-1.13us,-4939.0Hz,,"[6,",,1
2025-07-30 13:41:17.403416,PHY,0x4601,1,0,na,"[0,",0,0,2,0.5,-16.1dB,20.2us,"[0,",1,129.18,normal,0,invalid,-47.9dB,-64.6dB,na,na,,,,
2025-07-30 13:41:17.403998,PHY,0x4601,1,0,na,"[0,",0,0,2,0.4,-14.3dB,18.3us,"[0,",1,129.19,normal,0,invalid,-47.6dB,-63.2dB,na,na,,,,
2025-07-30 13:41:17.408252,CSI,0x4601,2,,na,"[0,",,,2,,-13.7dB,14.4us,"[0,",1,130.8,normal,0,invalid,+2.2dB,-11.5dB,1.04us,+5908.5Hz,,"[6,",2222,1
2025-07-30 13:41:17.409301,PHY,0x4601,1,0,na,"[0,",0,0,2,0.6,-22.4dB,19.4us,"[0,",1,130.9,normal,0,invalid,-47.0dB,-70.3dB,na,na,,,,
2025-07-30 13:41:17.412880,PHY,0x4601,2,,na,"[0,",,,22222,,-5.2dB,15.5us,"[0,",1,130.17,normal,0,invalid,+1.6dB,-5.1dB,1.04us,+5842.3Hz,,"[6,",,1
2025-07-30 13:41:17.413811,PHY,0x4601,1,0,na,"[0,",0,0,2,0.1,-22.4dB,19.0us,"[0,",1,130.18,normal,0,invalid,-0.5dB,-23.5dB,na,na,,,,
2025-07-30 13:41:17.414302,PHY,0x4601,1,0,na,"[0,",0,0,2,0.3,-24.8dB,17.3us,"[0,",1,130.19,normal,0,invalid,-0.5dB,-26.0dB,na,na,,,,
2025-07-30 13:41:17.418277,PHY,0x4601,1,0,na,"[0,",0,0,2,0.2,-18.1dB,18.7us,"[0,",1,131.8,normal,0,invalid,-47.8dB,-67.1dB,na,na,,,,
2025-07-30 13:41:17.418664,PHY,0x4601,1,0,na,"[0,",0,0,2,0.3,-20.1dB,17.3us,"[0,",1,131.9,normal,0,invalid,-0.9dB,-22.0dB,na,na,,,,
2025-07-30 13:41:17.421332,PHY,0x4601,2,,na,"[0,",,,22222,,-5.3dB,16.3us,"[0,",1,131.17,normal,0,invalid,-46.0dB,-52.3dB,0.81us,-11846.2Hz,,"[6,",,1
2025-07-30 13:41:17.422460,PHY,0x4601,1,0,na,"[0,",0,0,2,0.1,-18.0dB,18.3us,"[0,",1,131.18,normal,0,invalid,-47.6dB,-66.8dB,na,na,,,,
2025-07-30 13:41:17.422850,PHY,0x4601,1,0,na,"[0,",0,0,2,0.1,-19.9dB,16.9us,"[0,",1,131.19,normal,0,invalid,-45.9dB,-66.4dB,na,na,,,,
2025-07-30 13:41:17.426538,CSI,0x4601,2,,na,"[0,",,,2,,-0.5dB,12.4us,"[0,",1,132.8,normal,0,invalid,-44.9dB,-47.5dB,0.07us,+3115.5Hz,,"[6,",2222,1
2025-07-30 13:41:17.427388,PHY,0x4601,1,0,na,"[0,",0,0,2,0.3,-21.6dB,18.7us,"[0,",1,132.9,normal,0,invalid,-43.7dB,-65.9dB,na,na,,,,
2025-07-30 13:41:17.430286,PHY,0x4601,2,,na,"[0,",,,22222,,-2.7dB,15.5us,"[0,",1,132.17,normal,0,invalid,-43.6dB,-47.6dB,1.08us,-3015.8Hz,,"[6,",,1
2025-07-30 13:41:17.431183,PHY,0x4601,1,0,na,"[0,",0,0,0,1369.5,+17.1dB,18.5us,"[0,",1,132.18,normal,0,valid,-14.8dB,-14.8dB,na,na,,,,
2025-07-30 13:41:17.431588,PHY,0x4601,1,0,na,"[0,",0,0,0,1583.3,+17.7dB,16.3us,"[0,",1,132.19,normal,0,valid,-14.7dB,-14.8dB,na,na,,,,
2025-07-30 13:41:17.436529,PHY,0x4601,1,0,na,"[0,",0,0,0,1527.8,+17.6dB,20.6us,"[0,",1,133.8,normal,0,valid,-14.8dB,-14.9dB,na,na,,,,
2025-07-30 13:41:17.437000,PHY,0x4601,1,0,na,"[0,",0,0,0,1432.3,+17.3dB,17.2us,"[0,",1,133.9,normal,0,valid,-14.8dB,-14.9dB,na,na,,,,
2025-07-30 13:41:17.441146,PHY,0x4601,2,,na,"[0,",,,10000,,+29.8dB,17.0us,"[0,",1,133.17,normal,0,valid,-11.9dB,-12.0dB,0.19us,-45.5Hz,,"[6,",,1
2025-07-30 13:41:17.442434,PHY,0x4601,1,0,na,"[0,",0,0,1,1034.8,+15.8dB,18.9us,"[0,",1,133.18,normal,0,valid,-14.6dB,-14.7dB,na,na,,,,
2025-07-30 13:41:17.442842,PHY,0x4601,1,0,na,"[0,",0,0,1,1158.0,+16.4dB,16.8us,"[0,",1,133.19,normal,0,valid,-14.8dB,-14.8dB,na,na,,,,
2025-07-30 13:41:17.447657,CSI,0x4601,2,,na,"[0,",,,2,,-0.8dB,13.6us,"[0,",1,134.8,normal,0,invalid,+0.4dB,-3.1dB,-0.07us,-8583.8Hz,,"[6,",2222,1
2025-07-30 13:41:17.448606,PHY,0x4601,1,0,na,"[0,",0,0,2,0.1,-22.5dB,20.0us,"[0,",1,134.9,normal,0,invalid,-44.9dB,-68.6dB,na,na,,,,
2025-07-30 13:41:17.452830,PHY,0x4601,2,,na,"[0,",,,22222,,-15.3dB,14.6us,"[0,",1,134.17,normal,0,invalid,-20.2dB,-35.0dB,1.04us,-4957.9Hz,,"[6,",,1
2025-07-30 13:41:17.453977,PHY,0x4601,1,0,na,"[0,",0,0,2,0.3,-17.0dB,19.2us,"[0,",1,134.18,normal,0,invalid,-1.4dB,-19.7dB,na,na,,,,
2025-07-30 13:41:17.454562,PHY,0x4601,1,0,na,"[0,",0,0,2,0.2,-21.2dB,17.1us,"[0,",1,134.19,normal,0,invalid,-3.9dB,-26.0dB,na,na,,,,
2025-07-30 13:41:17.458990,PHY,0x4601,1,0,na,"[0,",0,0,2,0.1,-17.3dB,18.3us,"[0,",1,135.8,normal,0,invalid,-47.2dB,-65.1dB,na,na,,,,
2025-07-30 13:41:17.459893,PHY,0x4601,1,0,na,"[0,",0,0,2,0.1,-36.3dB,17.3us,"[0,",1,135.9,normal,0,invalid,-47.1dB,-83.7dB,na,na,,,,
2025-07-30 13:41:17.463752,PHY,0x4601,2,,na,"[0,",,,22222,,-8.4dB,16.1us,"[0,",1,135.17,normal,0,invalid,-46.4dB,-55.2dB,-1.13us,-422.6Hz,,"[6,",,1
2025-07-30 13:41:17.465022,PHY,0x4601,1,0,na,"[0,",0,0,2,0.1,-24.8dB,18.1us,"[0,",1,135.18,normal,0,invalid,-9.1dB,-32.8dB,na,na,,,,
2025-07-30 13:41:17.465642,PHY,0x4601,1,0,na,"[0,",0,0,2,0.5,-16.7dB,16.6us,"[0,",1,135.19,normal,0,invalid,-46.8dB,-64.0dB,na,na,,,,
2025-07-30 13:41:17.469962,CSI,0x4601,2,,na,"[0,",,,2,,-4.8dB,13.3us,"[0,",1,136.8,normal,0,invalid,+0.5dB,-5.5dB,1.11us,+10067.4Hz,,"[6,",2222,1
2025-07-30 13:41:17.470794,PHY,0x4601,1,0,na,"[0,",0,0,2,0.2,-18.5dB,18.9us,"[0,",1,136.9,normal,0,invalid,+1.9dB,-16.9dB,na,na,,,,
2025-07-30 13:41:17.473984,PHY,0x4601,2,,na,"[0,",,,22222,,-8.5dB,14.6us,"[0,",1,136.17,normal,0,invalid,-48.9dB,-57.4dB,-1.13us,+1635.8Hz,,"[6,",,1
2025-07-30 13:41:17.475364,PHY,0x4601,1,0,na,"[0,",0,0,2,0.1,-27.9dB,18.5us,"[0,",1,136.18,normal,0,invalid,-46.8dB,-75.2dB,na,na,,,,
2025-07-30 13:41:17.475747,PHY,0x4601,1,0,na,"[0,",0,0,2,0.1,-20.3dB,16.9us,"[0,",1,136.19,normal,0,invalid,-47.6dB,-69.0dB,na,na,,,,
2025-07-30 13:41:17.480259,PHY,0x4601,1,0,na,"[0,",0,0,2,0.1,-18.0dB,18.3us,"[0,",1,137.8,normal,0,invalid,-8.1dB,-24.7dB,na,na,,,,
2025-07-30 13:41:17.480727,PHY,0x4601,1,0,na,"[0,",0,0,2,0.4,-17.6dB,17.0us,"[0,",1,137.9,normal,0,invalid,-3.8dB,-22.5dB,na,na,,,,
2025-07-30 13:41:17.484230,PHY,0x4601,2,,na,"[0,",,,22222,,-0.4dB,17.7us,"[0,",1,137.17,normal,0,invalid,-48.0dB,-50.7dB,-0.53us,+11664.4Hz,,"[6,",,1
2025-07-30 13:41:17.485051,PHY,0x4601,1,0,na,"[0,",0,0,2,0.2,-16.8dB,18.3us,"[0,",1,137.18,normal,0,invalid,-47.6dB,-65.4dB,na,na,,,,
2025-07-30 13:41:17.485467,PHY,0x4601,1,0,na,"[0,",0,0,2,0.5,-15.0dB,16.6us,"[0,",1,137.19,normal,0,invalid,-47.7dB,-63.6dB,na,na,,,,
2025-07-30 13:41:17.489833,CSI,0x4601,2,,na,"[0,",,,2,,-7.9dB,12.3us,"[0,",1,138.8,normal,0,invalid,-46.3dB,-55.4dB,1.04us,+11066.4Hz,,"[6,",2222,1
2025-07-30 13:41:17.490818,PHY,0x4601,1,0,na,"[0,",0,0,2,0.7,-15.1dB,20.3us,"[0,",1,138.9,normal,0,invalid,+0.8dB,-16.2dB,na,na,,,,
2025-07-30 13:41:17.494422,PHY,0x4601,2,,na,"[0,",,,22222,,-10.4dB,15.1us,"[0,",1,138.17,normal,0,invalid,-46.6dB,-56.9dB,-0.05us,-2968.0Hz,,"[6,",,1
2025-07-30 13:41:17.495324,PHY,0x4601,1,0,na,"[0,",0,0,2,0.1,-22.3dB,18.2us,"[0,",1,138.18,normal,0,invalid,-47.2dB,-70.1dB,na,na,,,,
2025-07-30 13:41:17.495917,PHY,0x4601,1,0,na,"[0,",0,0,2,0.2,-24.5dB,16.9us,"[0,",1,138.19,normal,0,invalid,-46.7dB,-71.6dB,na,na,,,,
2025-07-30 13:41:17.530975,PHY,0x4601,1,0,na,"[0,",0,0,1,1529.8,+17.6dB,18.7us,"[0,",1,142.18,normal,0,valid,-14.8dB,-14.8dB,na,na,,,,
2025-07-30 13:41:17.531454,PHY,0x4601,1,0,na,"[0,",0,0,1,1396.4,+17.2dB,18.1us,"[0,",1,142.19,normal,0,valid,-14.8dB,-14.8dB,na,na,,,,
2025-07-30 13:41:17.536528,PHY,0x4601,1,0,na,"[0,",0,0,1,1572.3,+17.7dB,17.6us,"[0,",1,143.9,normal,0,valid,+17.3dB,+17.3dB,na,na,,,,
2025-07-30 13:41:17.541005,PHY,0x4601,1,0,na,"[0,",0,0,1,1605.3,+17.8dB,17.0us,"[0,",1,143.18,normal,0,valid,+17.4dB,+17.3dB,na,na,,,,
2025-07-30 13:41:17.541484,PHY,0x4601,1,0,na,"[0,",0,0,1,1601.6,+17.8dB,16.7us,"[0,",1,143.19,normal,0,valid,+17.4dB,+17.3dB,na,na,,,,
2025-07-30 13:41:17.546443,PHY,0x4601,1,0,na,"[0,",0,0,1,2163.5,+19.1dB,18.0us,"[0,",1,144.9,normal,0,valid,+18.0dB,+17.9dB,na,na,,,,
2025-07-30 13:41:17.551075,PHY,0x4601,1,0,na,"[0,",0,0,1,1762.4,+18.2dB,35.2us,"[0,",1,144.18,normal,0,valid,+17.1dB,+17.0dB,na,na,,,,
2025-07-30 13:41:17.551549,PHY,0x4601,1,0,na,"[0,",0,0,1,1761.1,+18.2dB,31.7us,"[0,",1,144.19,normal,0,valid,+17.1dB,+17.0dB,na,na,,,,
2025-07-30 13:41:17.556507,PHY,0x4601,1,0,na,"[0,",0,0,1,1606.2,+17.8dB,20.5us,"[0,",1,145.9,normal,0,valid,+17.7dB,+17.7dB,na,na,,,,
2025-07-30 13:41:17.560988,PHY,0x4601,1,0,na,"[0,",0,0,1,1755.0,+18.2dB,20.5us,"[0,",1,145.18,normal,0,valid,+17.0dB,+16.9dB,na,na,,,,
2025-07-30 13:41:17.561566,PHY,0x4601,1,0,na,"[0,",0,0,1,1744.6,+18.2dB,18.2us,"[0,",1,145.19,normal,0,valid,+17.0dB,+16.9dB,na,na,,,,
2025-07-30 13:41:17.566527,PHY,0x4601,1,0,na,"[0,",0,0,1,2099.7,+19.0dB,20.1us,"[0,",1,146.9,normal,0,valid,+17.6dB,+17.6dB,na,na,,,,
2025-07-30 13:41:17.571016,PHY,0x4601,1,0,na,"[0,",0,0,1,3873.1,+21.6dB,20.1us,"[0,",1,146.18,normal,0,valid,+16.9dB,+16.9dB,na,na,,,,
2025-07-30 13:41:17.571497,PHY,0x4601,1,0,na,"[0,",0,0,1,3878.1,+21.6dB,17.8us,"[0,",1,146.19,normal,0,valid,+16.9dB,+16.9dB,na,na,,,,
2025-07-30 13:41:17.576564,PHY,0x4601,1,0,na,"[0,",0,0,1,1754.7,+18.2dB,20.3us,"[0,",1,147.9,normal,0,valid,+17.8dB,+17.7dB,na,na,,,,
2025-07-30 13:41:17.581058,PHY,0x4601,1,0,na,"[0,",0,0,1,3914.5,+21.7dB,33.0us,"[0,",1,147.18,normal,0,valid,+16.8dB,+16.8dB,na,na,,,,
2025-07-30 13:41:17.581520,PHY,0x4601,1,0,na,"[0,",0,0,1,3936.8,+21.7dB,17.9us,"[0,",1,147.19,normal,0,valid,+16.8dB,+16.8dB,na,na,,,,
2025-07-30 13:41:17.660173,PHY,0x4601,2,,na,"[0,",,,11111,,+29.0dB,20.9us,"[0,",1,155.17,normal,0,valid,-14.0dB,-14.2dB,0.38us,+82.7Hz,,"[6,",,1
2025-07-30 13:41:17.660982,PHY,0x4601,1,0,na,"[0,",0,0,1,346.7,+11.1dB,23.1us,"[0,",1,155.18,normal,0,valid,-16.8dB,-17.2dB,na,na,,,,
2025-07-30 13:41:17.661566,PHY,0x4601,1,0,na,"[0,",0,0,1,326.4,+10.9dB,29.5us,"[0,",1,155.19,normal,0,valid,-16.8dB,-17.1dB,na,na,,,,
2025-07-30 13:41:17.665126,PHY,0x4601,2,,na,"[0,",,,11111,,+28.3dB,24.7us,"[0,",1,156.7,normal,0,valid,-13.1dB,-13.2dB,0.38us,+45.7Hz,1,"[6,",,1
2025-07-30 13:41:17.665605,CSI,0x4601,2,,na,"[0,",,,1,,+28.5dB,37.2us,"[0,",1,156.8,normal,0,valid,-13.9dB,-14.0dB,0.42us,+26.6Hz,,"[6,",1111,1
2025-07-30 13:41:17.666506,PHY,0x4601,1,0,na,"[0,",0,0,1,325.6,+10.9dB,17.4us,"[0,",1,156.9,normal,0,valid,-16.7dB,-17.1dB,na,na,,,,
2025-07-30 13:41:17.670045,PHY,0x4601,2,,na,"[0,",,,11111,,+31.7dB,16.7us,"[0,",1,156.17,normal,0,valid,-13.9dB,-14.1dB,0.37us,+98.6Hz,,"[6,",,1
2025-07-30 13:41:17.670990,PHY,0x4601,1,0,na,"[0,",0,0,1,349.5,+11.2dB,16.1us,"[0,",1,156.18,normal,0,valid,-16.7dB,-17.0dB,na,na,,,,
2025-07-30 13:41:17.675115,PHY,0x4601,2,,na,"[0,",,,11111,,+32.1dB,16.2us,"[0,",1,157.7,normal,0,valid,-13.8dB,-14.0dB,0.38us,+108.7Hz,,"[6,",,1
2025-07-30 13:41:17.675953,PHY,0x4601,1,0,na,"[0,",0,0,1,393.7,+11.7dB,17.7us,"[0,",1,157.8,normal,0,valid,-16.7dB,-16.9dB,na,na,,,,
2025-07-30 13:41:17.676542,PHY,0x4601,1,0,na,"[0,",0,0,1,400.6,+11.7dB,17.5us,"[0,",1,157.9,normal,0,valid,-16.6dB,-16.9dB,na,na,,,,
2025-07-30 13:41:17.681022,PHY,0x4601,1,0,na,"[0,",0,0,1,378.7,+11.5dB,18.4us,"[0,",1,157.18,normal,0,valid,-16.7dB,-16.9dB,na,na,,,,
2025-07-30 13:41:17.681503,PHY,0x4601,1,0,na,"[0,",0,0,1,427.7,+12.0dB,20.0us,"[0,",1,157.19,normal,0,valid,-16.7dB,-17.0dB,na,na,,,,
2025-07-30 13:41:17.685051,PHY,0x4601,2,,na,"[0,",,,11111,,+28.6dB,17.4us,"[0,",1,158.7,normal,0,valid,-12.9dB,-13.1dB,0.37us,-36.3Hz,1,"[6,",,1
2025-07-30 13:41:17.685647,CSI,0x4601,2,,na,"[0,",,,1,,+29.0dB,16.3us,"[0,",1,158.8,normal,0,valid,-13.7dB,-13.8dB,0.38us,+114.7Hz,,"[6,",1111,1
2025-07-30 13:41:17.686465,PHY,0x4601,1,0,na,"[0,",0,0,1,333.1,+11.0dB,18.4us,"[0,",1,158.9,normal,0,valid,-16.6dB,-16.9dB,na,na,,,,
2025-07-30 13:41:17.690960,PHY,0x4601,1,0,na,"[0,",0,0,1,399.0,+11.7dB,19.0us,"[0,",1,158.18,normal,0,valid,-16.6dB,-16.9dB,na,na,,,,
2025-07-30 13:41:17.695120,PHY,0x4601,2,,na,"[0,",,,11111,,+28.4dB,17.5us,"[0,",1,159.7,normal,0,valid,-13.6dB,-13.8dB,0.38us,+36.3Hz,,"[6,",,1
2025-07-30 13:41:17.696013,PHY,0x4601,1,0,na,"[0,",0,0,1,396.0,+11.7dB,18.3us,"[0,",1,159.8,normal,0,valid,-16.6dB,-16.9dB,na,na,,,,
2025-07-30 13:41:17.696495,PHY,0x4601,1,0,na,"[0,",0,0,1,413.3,+11.9dB,27.7us,"[0,",1,159.9,normal,0,valid,-16.6dB,-16.8dB,na,na,,,,
2025-07-30 13:41:17.700999,PHY,0x4601,1,0,na,"[0,",0,0,1,398.8,+11.7dB,17.9us,"[0,",1,159.18,normal,0,valid,-16.6dB,-16.9dB,na,na,,,,
2025-07-30 13:41:17.701469,PHY,0x4601,1,0,na,"[0,",0,0,1,380.1,+11.5dB,18.5us,"[0,",1,159.19,normal,0,valid,-16.6dB,-16.9dB,na,na,,,,
2025-07-30 13:41:17.705108,PHY,0x4601,2,,na,"[0,",,,11111,,+29.9dB,24.1us,"[0,",1,160.7,normal,0,valid,-12.9dB,-13.0dB,0.39us,-41.0Hz,1,"[6,",,1
2025-07-30 13:41:17.705569,CSI,0x4601,2,,na,"[0,",,,1,,+25.7dB,13.2us,"[0,",1,160.8,normal,0,valid,-13.6dB,-13.7dB,0.37us,+14.4Hz,,"[6,",1111,1
2025-07-30 13:41:17.706517,PHY,0x4601,1,0,na,"[0,",0,0,1,340.5,+11.1dB,17.2us,"[0,",1,160.9,normal,0,valid,-16.6dB,-16.9dB,na,na,,,,
2025-07-30 13:41:17.711498,PHY,0x4601,1,0,na,"[0,",0,0,1,383.7,+11.6dB,19.5us,"[0,",1,160.19,normal,0,valid,-16.4dB,-16.7dB,na,na,,,,
2025-07-30 13:41:17.715986,PHY,0x4601,1,0,na,"[0,",0,0,1,417.0,+11.9dB,18.1us,"[0,",1,161.8,normal,0,valid,-16.0dB,-16.3dB,na,na,,,,
2025-07-30 13:41:17.716447,PHY,0x4601,1,0,na,"[0,",0,0,1,394.8,+11.7dB,17.9us,"[0,",1,161.9,normal,0,valid,-16.0dB,-16.3dB,na,na,,,,
2025-07-30 13:41:17.721050,PHY,0x4601,1,0,na,"[0,",0,0,1,399.8,+11.7dB,21.9us,"[0,",1,161.18,normal,0,valid,-16.0dB,-16.3dB,na,na,,,,
2025-07-30 13:41:17.721521,PHY,0x4601,1,0,na,"[0,",0,0,1,403.3,+11.8dB,16.0us,"[0,",1,161.19,normal,0,valid,-16.0dB,-16.3dB,na,na,,,,
2025-07-30 13:41:17.725656,CSI,0x4601,2,,na,"[0,",,,1,,+30.8dB,17.7us,"[0,",1,162.8,normal,0,valid,-13.0dB,-13.1dB,0.37us,+49.0Hz,,"[6,",1111,1
2025-07-30 13:41:17.726480,PHY,0x4601,1,0,na,"[0,",0,0,1,399.9,+11.8dB,17.4us,"[0,",1,162.9,normal,0,valid,-16.0dB,-16.3dB,na,na,,,,
2025-07-30 13:41:17.730971,PHY,0x4601,1,0,na,"[0,",0,0,1,405.1,+11.8dB,19.2us,"[0,",1,162.18,normal,0,valid,-16.0dB,-16.3dB,na,na,,,,
2025-07-30 13:41:17.731546,PHY,0x4601,1,0,na,"[0,",0,0,1,412.4,+11.9dB,17.6us,"[0,",1,162.19,normal,0,valid,-16.0dB,-16.3dB,na,na,,,,
2025-07-30 13:41:17.736047,PHY,0x4601,1,0,na,"[0,",0,0,1,375.8,+11.5dB,26.5us,"[0,",1,163.8,normal,0,valid,-15.9dB,-16.2dB,na,na,,,,
2025-07-30 13:41:17.736518,PHY,0x4601,1,0,na,"[0,",0,0,1,393.5,+11.7dB,16.3us,"[0,",1,163.9,normal,0,valid,-15.9dB,-16.2dB,na,na,,,,
2025-07-30 13:41:17.741007,PHY,0x4601,1,0,na,"[0,",0,0,1,386.9,+11.6dB,20.3us,"[0,",1,163.18,normal,0,valid,-16.0dB,-16.2dB,na,na,,,,
2025-07-30 13:41:17.741472,PHY,0x4601,1,0,na,"[0,",0,0,1,385.6,+11.6dB,17.9us,"[0,",1,163.19,normal,0,valid,-15.9dB,-16.2dB,na,na,,,,
2025-07-30 13:41:17.745616,CSI,0x4601,2,,na,"[0,",,,1,,+27.7dB,17.0us,"[0,",1,164.8,normal,0,valid,-12.9dB,-13.0dB,0.37us,-31.9Hz,,"[6,",1111,1
2025-07-30 13:41:17.746539,PHY,0x4601,1,0,na,"[0,",0,0,1,394.1,+11.7dB,17.3us,"[0,",1,164.9,normal,0,valid,-16.0dB,-16.3dB,na,na,,,,
2025-07-30 13:41:17.751022,PHY,0x4601,1,0,na,"[0,",0,0,1,402.9,+11.8dB,17.0us,"[0,",1,164.18,normal,0,valid,-15.9dB,-16.2dB,na,na,,,,
2025-07-30 13:41:17.751502,PHY,0x4601,1,0,na,"[0,",0,0,1,393.5,+11.7dB,14.8us,"[0,",1,164.19,normal,0,valid,-16.0dB,-16.3dB,na,na,,,,
2025-07-30 13:41:17.756003,PHY,0x4601,1,0,na,"[0,",0,0,1,405.2,+11.8dB,18.9us,"[0,",1,165.8,normal,0,valid,-15.9dB,-16.2dB,na,na,,,,
2025-07-30 13:41:17.756468,PHY,0x4601,1,0,na,"[0,",0,0,1,394.4,+11.7dB,22.6us,"[0,",1,165.9,normal,0,valid,-15.9dB,-16.2dB,na,na,,,,
2025-07-30 13:41:17.760951,PHY,0x4601,1,0,na,"[0,",0,0,1,394.1,+11.7dB,17.9us,"[0,",1,165.18,normal,0,valid,-15.9dB,-16.2dB,na,na,,,,
2025-07-30 13:41:17.761539,PHY,0x4601,1,0,na,"[0,",0,0,1,384.1,+11.6dB,15.3us,"[0,",1,165.19,normal,0,valid,-15.9dB,-16.2dB,na,na,,,,
2025-07-30 13:41:17.765678,CSI,0x4601,2,,na,"[0,",,,1,,+28.6dB,15.1us,"[0,",1,166.8,normal,0,valid,-12.9dB,-13.1dB,0.39us,-183.2Hz,,"[6,",1111,1
2025-07-30 13:41:17.766499,PHY,0x4601,1,0,na,"[0,",0,0,1,340.0,+11.0dB,18.0us,"[0,",1,166.9,normal,0,valid,-16.0dB,-16.3dB,na,na,,,,
2025-07-30 13:41:17.770993,PHY,0x4601,1,0,na,"[0,",0,0,1,403.9,+11.8dB,18.4us,"[0,",1,166.18,normal,0,valid,-15.9dB,-16.2dB,na,na,,,,
2025-07-30 13:41:17.771454,PHY,0x4601,1,0,na,"[0,",0,0,1,391.0,+11.7dB,16.0us,"[0,",1,166.19,normal,0,valid,-16.0dB,-16.2dB,na,na,,,,
2025-07-30 13:41:17.775945,PHY,0x4601,1,0,na,"[0,",0,0,1,409.6,+11.8dB,17.9us,"[0,",1,167.8,normal,0,valid,-15.9dB,-16.2dB,na,na,,,,
2025-07-30 13:41:17.776538,PHY,0x4601,1,0,na,"[0,",0,0,1,389.3,+11.6dB,15.6us,"[0,",1,167.9,normal,0,valid,-15.9dB,-16.2dB,na,na,,,,
2025-07-30 13:41:17.781014,PHY,0x4601,1,0,na,"[0,",0,0,1,400.0,+11.7dB,18.1us,"[0,",1,167.18,normal,0,valid,-15.9dB,-16.2dB,na,na,,,,
2025-07-30 13:41:17.781492,PHY,0x4601,1,0,na,"[0,",0,0,1,393.0,+11.7dB,17.1us,"[0,",1,167.19,normal,0,valid,-15.9dB,-16.2dB,na,na,,,,
2025-07-30 13:41:17.785622,CSI,0x4601,2,,na,"[0,",,,1,,+28.0dB,16.9us,"[0,",1,168.8,normal,0,valid,-13.0dB,-13.1dB,0.37us,+58.0Hz,,"[6,",1111,1
2025-07-30 13:41:17.786459,PHY,0x4601,1,0,na,"[0,",0,0,1,389.0,+11.7dB,16.9us,"[0,",1,168.9,normal,0,valid,-16.0dB,-16.2dB,na,na,,,,
2025-07-30 13:41:17.791057,PHY,0x4601,1,0,na,"[0,",0,0,1,392.4,+11.7dB,16.9us,"[0,",1,168.18,normal,0,valid,-15.9dB,-16.2dB,na,na,,,,
2025-07-30 13:41:17.791522,PHY,0x4601,1,0,na,"[0,",0,0,1,390.2,+11.7dB,17.2us,"[0,",1,168.19,normal,0,valid,-15.9dB,-16.2dB,na,na,,,,
2025-07-30 13:41:17.796012,PHY,0x4601,1,0,na,"[0,",0,0,1,400.3,+11.8dB,17.5us,"[0,",1,169.8,normal,0,valid,-15.9dB,-16.1dB,na,na,,,,
2025-07-30 13:41:17.796490,PHY,0x4601,1,0,na,"[0,",0,0,1,405.1,+11.8dB,23.7us,"[0,",1,169.9,normal,0,valid,-15.9dB,-16.2dB,na,na,,,,
2025-07-30 13:41:17.800981,PHY,0x4601,1,0,na,"[0,",0,0,1,393.3,+11.7dB,17.2us,"[0,",1,169.18,normal,0,valid,-15.9dB,-16.2dB,na,na,,,,
2025-07-30 13:41:17.801445,PHY,0x4601,1,0,na,"[0,",0,0,1,393.8,+11.7dB,15.8us,"[0,",1,169.19,normal,0,valid,-15.9dB,-16.2dB,na,na,,,,
2025-07-30 13:41:17.805597,CSI,0x4601,2,,na,"[0,",,,1,,+30.6dB,16.5us,"[0,",1,170.8,normal,0,valid,-12.9dB,-13.0dB,0.37us,-36.2Hz,,"[6,",1111,1
2025-07-30 13:41:17.806514,PHY,0x4601,1,0,na,"[0,",0,0,1,336.5,+11.0dB,19.2us,"[0,",1,170.9,normal,0,valid,-15.9dB,-16.3dB,na,na,,,,
2025-07-30 13:41:17.811010,PHY,0x4601,1,0,na,"[0,",0,0,1,395.3,+11.7dB,20.8us,"[0,",1,170.18,normal,0,valid,-15.9dB,-16.2dB,na,na,,,,
2025-07-30 13:41:17.811481,PHY,0x4601,1,0,na,"[0,",0,0,1,401.1,+11.8dB,17.3us,"[0,",1,170.19,normal,0,valid,-15.9dB,-16.2dB,na,na,,,,
2025-07-30 13:41:17.815983,PHY,0x4601,1,0,na,"[0,",0,0,1,414.7,+11.9dB,23.1us,"[0,",1,171.8,normal,0,valid,-15.8dB,-16.1dB,na,na,,,,
2025-07-30 13:41:17.816553,PHY,0x4601,1,0,na,"[0,",0,0,1,400.2,+11.8dB,16.0us,"[0,",1,171.9,normal,0,valid,-15.8dB,-16.1dB,na,na,,,,
2025-07-30 13:41:17.821046,PHY,0x4601,1,0,na,"[0,",0,0,1,396.8,+11.7dB,23.8us,"[0,",1,171.18,normal,0,valid,-15.9dB,-16.2dB,na,na,,,,
2025-07-30 13:41:17.821508,PHY,0x4601,1,0,na,"[0,",0,0,1,391.7,+11.7dB,16.7us,"[0,",1,171.19,normal,0,valid,-15.9dB,-16.2dB,na,na,,,,
2025-07-30 13:41:17.825630,CSI,0x4601,2,,na,"[0,",,,1,,+28.0dB,14.8us,"[0,",1,172.8,normal,0,valid,-12.9dB,-13.0dB,0.39us,-19.5Hz,,"[6,",1111,1
2025-07-30 13:41:17.826469,PHY,0x4601,1,0,na,"[0,",0,0,1,382.7,+11.5dB,18.7us,"[0,",1,172.9,normal,0,valid,-15.9dB,-16.2dB,na,na,,,,
2025-07-30 13:41:17.830972,PHY,0x4601,1,0,na,"[0,",0,0,1,388.7,+11.7dB,22.8us,"[0,",1,172.18,normal,0,valid,-15.9dB,-16.2dB,na,na,,,,
2025-07-30 13:41:17.831546,PHY,0x4601,1,0,na,"[0,",0,0,1,415.6,+11.9dB,21.4us,"[0,",1,172.19,normal,0,valid,-15.9dB,-16.2dB,na,na,,,,
2025-07-30 13:41:17.836029,PHY,0x4601,1,0,na,"[0,",0,0,1,414.7,+11.9dB,17.8us,"[0,",1,173.8,normal,0,valid,-15.8dB,-16.1dB,na,na,,,,
2025-07-30 13:41:17.836516,PHY,0x4601,1,0,na,"[0,",0,0,1,404.1,+11.8dB,16.7us,"[0,",1,173.9,normal,0,valid,-15.9dB,-16.2dB,na,na,,,,
2025-07-30 13:41:17.840999,PHY,0x4601,1,0,na,"[0,",0,0,1,402.2,+11.8dB,17.6us,"[0,",1,173.18,normal,0,valid,-15.9dB,-16.1dB,na,na,,,,
2025-07-30 13:41:17.841474,PHY,0x4601,1,0,na,"[0,",0,0,1,375.0,+11.5dB,18.5us,"[0,",1,173.19,normal,0,valid,-15.9dB,-16.2dB,na,na,,,,
2025-07-30 13:41:17.845622,CSI,0x4601,2,,na,"[0,",,,1,,+26.5dB,19.5us,"[0,",1,174.8,normal,0,valid,-13.0dB,-13.1dB,0.35us,-59.7Hz,,"[6,",1111,1
2025-07-30 13:41:17.846535,PHY,0x4601,1,0,na,"[0,",0,0,1,317.1,+10.8dB,17.2us,"[0,",1,174.9,normal,0,valid,-15.9dB,-16.2dB,na,na,,,,
2025-07-30 13:41:17.851024,PHY,0x4601,1,0,na,"[0,",0,0,1,386.1,+11.6dB,18.6us,"[0,",1,174.18,normal,0,valid,-15.9dB,-16.2dB,na,na,,,,
2025-07-30 13:41:17.851492,PHY,0x4601,1,0,na,"[0,",0,0,1,383.4,+11.6dB,17.4us,"[0,",1,174.19,normal,0,valid,-15.9dB,-16.2dB,na,na,,,,
2025-07-30 13:41:17.855986,PHY,0x4601,1,0,na,"[0,",0,0,1,401.9,+11.8dB,20.2us,"[0,",1,175.8,normal,0,valid,-15.8dB,-16.1dB,na,na,,,,
2025-07-30 13:41:17.856453,PHY,0x4601,1,0,na,"[0,",0,0,1,382.9,+11.6dB,15.5us,"[0,",1,175.9,normal,0,valid,-15.9dB,-16.2dB,na,na,,,,
2025-07-30 13:41:17.860967,PHY,0x4601,1,0,na,"[0,",0,0,1,412.5,+11.9dB,25.5us,"[0,",1,175.18,normal,0,valid,-15.8dB,-16.1dB,na,na,,,,
2025-07-30 13:41:17.861524,PHY,0x4601,1,0,na,"[0,",0,0,1,404.0,+11.8dB,17.7us,"[0,",1,175.19,normal,0,valid,-15.9dB,-16.1dB,na,na,,,,
2025-07-30 13:41:17.865652,CSI,0x4601,2,,na,"[0,",,,1,,+29.2dB,19.9us,"[0,",1,176.8,normal,0,valid,-12.8dB,-12.9dB,0.36us,-137.7Hz,,"[6,",1111,1
2025-07-30 13:41:17.866499,PHY,0x4601,1,0,na,"[0,",0,0,1,387.4,+11.6dB,18.5us,"[0,",1,176.9,normal,0,valid,-15.9dB,-16.2dB,na,na,,,,
2025-07-30 13:41:17.870977,PHY,0x4601,1,0,na,"[0,",0,0,2,0.8,-15.4dB,19.2us,"[0,",1,176.18,normal,0,invalid,-44.3dB,-59.8dB,na,na,,,,
2025-07-30 13:41:17.871454,PHY,0x4601,1,0,na,"[0,",0,0,2,0.4,-16.2dB,18.0us,"[0,",1,176.19,normal,0,invalid,-43.7dB,-61.0dB,na,na,,,,
2025-07-30 13:41:17.876049,PHY,0x4601,1,0,na,"[0,",0,0,1,397.7,+11.8dB,17.5us,"[0,",1,177.8,normal,0,valid,-15.8dB,-16.0dB,na,na,,,,
2025-07-30 13:41:17.876530,PHY,0x4601,1,0,na,"[0,",0,0,1,394.9,+11.7dB,16.2us,"[0,",1,177.9,normal,0,valid,-15.8dB,-16.2dB,na,na,,,,
2025-07-30 13:41:17.881016,PHY,0x4601,1,0,na,"[0,",0,0,0,390.7,+11.7dB,18.2us,"[0,",1,177.18,normal,0,valid,-15.8dB,-16.1dB,na,na,,,,
2025-07-30 13:41:17.881493,PHY,0x4601,1,0,na,"[0,",0,0,0,389.5,+11.6dB,17.3us,"[0,",1,177.19,normal,0,valid,-15.9dB,-16.2dB,na,na,,,,
2025-07-30 13:41:17.885610,CSI,0x4601,2,,na,"[0,",,,1,,+28.0dB,17.1us,"[0,",1,178.8,normal,0,valid,-12.7dB,-12.8dB,0.40us,-20.7Hz,,"[6,",1111,1
2025-07-30 13:41:17.886446,PHY,0x4601,1,0,na,"[0,",0,0,1,377.6,+11.5dB,17.0us,"[0,",1,178.9,normal,0,valid,-15.9dB,-16.1dB,na,na,,,,
2025-07-30 13:41:17.891038,PHY,0x4601,1,0,na,"[0,",0,0,1,387.6,+11.7dB,16.5us,"[0,",1,178.18,normal,0,valid,-15.9dB,-16.1dB,na,na,,,,
2025-07-30 13:41:17.891532,PHY,0x4601,1,0,na,"[0,",0,0,1,412.5,+11.9dB,17.7us,"[0,",1,178.19,normal,0,valid,-15.9dB,-16.1dB,na,na,,,,
2025-07-30 13:41:17.895998,PHY,0x4601,1,0,na,"[0,",0,0,1,397.3,+11.7dB,19.1us,"[0,",1,179.8,normal,0,valid,-15.9dB,-16.2dB,na,na,,,,
2025-07-30 13:41:17.896489,PHY,0x4601,1,0,na,"[0,",0,0,1,395.8,+11.7dB,33.2us,"[0,",1,179.9,normal,0,valid,-15.9dB,-16.2dB,na,na,,,,
2025-07-30 13:41:17.900019,PHY,0x4601,2,,na,"[0,",,,11111,,+31.8dB,20.7us,"[0,",1,179.17,normal,0,valid,-13.0dB,-13.1dB,0.36us,-24.4Hz,,"[6,",,1
2025-07-30 13:41:17.900957,PHY,0x4601,1,0,na,"[0,",0,0,1,393.8,+11.7dB,18.2us,"[0,",1,179.18,normal,0,valid,-15.9dB,-16.1dB,na,na,,,,
2025-07-30 13:41:17.901545,PHY,0x4601,1,0,na,"[0,",0,0,1,404.6,+11.8dB,17.8us,"[0,",1,179.19,normal,0,valid,-15.8dB,-16.1dB,na,na,,,,
2025-07-30 13:41:17.905109,PHY,0x4601,2,,na,"[0,",,,1111,,+30.6dB,17.8us,"[0,",1,180.7,normal,0,valid,-12.9dB,-13.0dB,0.39us,+40.1Hz,1,"[6,",,1
2025-07-30 13:41:17.905692,CSI,0x4601,2,,na,"[4,",,,,,+31.7dB,13.9us,"[0,",1,180.8,normal,0,valid,-13.9dB,-14.1dB,0.37us,-3.4Hz,,"[7,",1111,1
2025-07-30 13:41:17.906503,PHY,0x4601,1,0,na,"[0,",0,0,1,396.0,+11.7dB,17.0us,"[0,",1,180.9,normal,0,valid,-15.9dB,-16.2dB,na,na,,,,
2025-07-30 13:41:17.910047,PHY,0x4601,2,,na,"[0,",,,11111,,+30.4dB,15.4us,"[0,",1,180.17,normal,0,valid,-12.9dB,-13.0dB,0.37us,+78.7Hz,,"[6,",,1
2025-07-30 13:41:17.910988,PHY,0x4601,1,0,na,"[0,",0,0,1,403.8,+11.8dB,16.6us,"[0,",1,180.18,normal,0,valid,-15.9dB,-16.2dB,na,na,,,,
2025-07-30 13:41:17.916553,PHY,0x4601,1,0,na,"[0,",0,0,1,377.2,+11.5dB,16.0us,"[0,",1,181.9,normal,0,valid,-16.7dB,-16.9dB,na,na,,,,
2025-07-30 13:41:17.920085,PHY,0x4601,2,,na,"[0,",,,11111,,+29.7dB,16.9us,"[0,",1,181.17,normal,0,valid,-13.9dB,-14.1dB,0.39us,+58.4Hz,,"[6,",,1
2025-07-30 13:41:17.925038,PHY,0x4601,2,,na,"[0,",,,1111,,+28.2dB,14.7us,"[0,",1,182.7,normal,0,valid,-14.0dB,-14.1dB,0.40us,+213.9Hz,1,"[6,",,1
2025-07-30 13:41:17.925512,CSI,0x4601,2,,na,"[0,",,,1,,+30.5dB,13.4us,"[0,",1,182.8,normal,0,valid,-13.9dB,-14.1dB,0.41us,-5.4Hz,,"[6,",1111,1
2025-07-30 13:41:17.926458,PHY,0x4601,1,0,na,"[0,",0,0,1,422.3,+12.0dB,15.6us,"[0,",1,182.9,normal,0,valid,-16.6dB,-16.9dB,na,na,,,,
2025-07-30 13:41:17.930112,PHY,0x4601,2,,na,"[0,",,,11111,,+30.8dB,15.2us,"[0,",1,182.17,normal,0,valid,-13.9dB,-14.0dB,0.36us,+20.6Hz,,"[6,",,1
2025-07-30 13:41:17.935071,PHY,0x4601,2,,na,"[0,",,,11111,,+28.4dB,13.9us,"[0,",1,183.7,normal,0,valid,-13.8dB,-14.0dB,0.40us,+44.1Hz,,"[6,",,1
2025-07-30 13:41:17.940029,PHY,0x4601,2,,na,"[0,",,,11111,,+29.1dB,13.2us,"[0,",1,183.17,normal,0,valid,-14.0dB,-14.1dB,0.39us,-125.9Hz,,"[6,",,1
2025-07-30 13:41:17.940979,PHY,0x4601,1,0,na,"[0,",0,0,1,328.8,+10.9dB,17.5us,"[0,",1,183.18,normal,0,valid,-16.7dB,-17.0dB,na,na,,,,
2025-07-30 13:41:17.945103,PHY,0x4601,2,,na,"[0,",,,11111,,+26.7dB,14.1us,"[0,",1,184.7,normal,0,valid,-13.1dB,-13.3dB,0.37us,-185.1Hz,1,"[6,",,1
2025-07-30 13:41:17.945691,CSI,0x4601,2,,na,"[4,",,,,,+27.4dB,12.2us,"[0,",1,184.8,normal,0,valid,-14.9dB,-15.0dB,0.37us,-1.8Hz,,"[7,",1111,1
2025-07-30 13:41:17.946529,PHY,0x4601,1,0,na,"[0,",0,0,1,397.6,+11.7dB,17.1us,"[0,",1,184.9,normal,0,valid,-16.7dB,-17.0dB,na,na,,,,
2025-07-30 13:41:17.950060,PHY,0x4601,2,,na,"[0,",,,11111,,+28.0dB,13.0us,"[0,",1,184.17,normal,0,valid,-13.9dB,-14.1dB,0.37us,-197.4Hz,,"[6,",,1
2025-07-30 13:41:17.955974,PHY,0x4601,1,0,na,"[0,",0,0,1,404.9,+11.8dB,17.9us,"[0,",1,185.8,normal,0,valid,-16.6dB,-16.9dB,na,na,,,,
2025-07-30 13:41:17.960121,PHY,0x4601,2,,na,"[0,",,,11111,,+28.1dB,21.5us,"[0,",1,185.17,normal,0,valid,-13.9dB,-14.0dB,0.36us,-5.1Hz,,"[6,",,1
2025-07-30 13:41:17.965609,CSI,0x4601,2,,na,"[0,",,,1,,+29.2dB,14.2us,"[0,",1,186.8,normal,0,valid,-14.1dB,-14.2dB,0.37us,+40.7Hz,,"[6,",1111,1
2025-07-30 13:41:17.970022,PHY,0x4601,2,,na,"[0,",,,11111,,+29.0dB,16.1us,"[0,",1,186.17,normal,0,valid,-13.9dB,-14.0dB,0.37us,+28.2Hz,,"[6,",,1
2025-07-30 13:41:17.976052,PHY,0x4601,1,0,na,"[0,",0,0,1,405.0,+11.8dB,25.2us,"[0,",1,187.8,normal,0,valid,-16.6dB,-16.9dB,na,na,,,,
2025-07-30 13:41:17.976522,PHY,0x4601,1,0,na,"[0,",0,0,1,399.9,+11.8dB,17.1us,"[0,",1,187.9,normal,0,valid,-16.6dB,-16.8dB,na,na,,,,
2025-07-30 13:41:17.980086,PHY,0x4601,2,,na,"[0,",,,2222,,-9.3dB,18.1us,"[0,",1,187.17,normal,0,invalid,-1.2dB,-11.1dB,1.04us,+13363.3Hz,,"[6,",,1
2025-07-30 13:41:17.985595,CSI,0x4601,2,,na,"[0,",,,1,,+28.3dB,12.9us,"[0,",1,188.8,normal,0,valid,-14.0dB,-14.1dB,0.36us,-108.3Hz,,"[6,",1111,1
2025-07-30 13:41:17.986548,PHY,0x4601,1,0,na,"[0,",0,0,1,398.0,+11.7dB,18.8us,"[0,",1,188.9,normal,0,valid,-16.6dB,-16.9dB,na,na,,,,
2025-07-30 13:41:17.990096,PHY,0x4601,2,,na,"[0,",,,1110,,+27.4dB,15.0us,"[0,",1,188.17,normal,0,valid,-15.0dB,-15.1dB,0.37us,-42.6Hz,,"[6,",,1
2025-07-30 13:41:17.995046,PHY,0x4601,2,,na,"[0,",,,01111,,+27.6dB,14.3us,"[0,",1,189.7,normal,0,valid,-14.0dB,-14.1dB,0.38us,-35.7Hz,,"[6,",,1
2025-07-30 13:41:17.995989,PHY,0x4601,1,0,na,"[0,",0,0,1,337.6,+11.0dB,17.5us,"[0,",1,189.8,normal,0,valid,-16.6dB,-17.0dB,na,na,,,,
2025-07-30 13:41:17.996458,PHY,0x4601,1,0,na,"[0,",0,0,1,343.6,+11.1dB,13.6us,"[0,",1,189.9,normal,0,valid,-16.6dB,-17.0dB,na,na,,,,
2025-07-30 13:41:18.000128,PHY,0x4601,2,,na,"[0,",,,1111,,+31.2dB,15.8us,"[0,",1,189.17,normal,0,valid,-14.6dB,-14.8dB,0.38us,-97.3Hz,,"[6,",,1
2025-07-30 13:41:18.001537,PHY,0x4601,1,0,na,"[0,",0,0,2,0.6,-25.0dB,18.1us,"[0,",1,189.19,normal,0,invalid,-44.8dB,-70.5dB,na,na,,,,
2025-07-30 13:41:18.005080,PHY,0x4601,2,,na,"[0,",,,01111,,+30.9dB,17.2us,"[0,",1,190.7,normal,0,valid,-13.1dB,-13.2dB,0.37us,-55.0Hz,1,"[6,",,1
2025-07-30 13:41:18.005554,CSI,0x4601,2,,na,"[0,",,,1,,+30.0dB,16.1us,"[0,",1,190.8,normal,0,valid,-13.9dB,-14.1dB,0.39us,-16.9Hz,,"[6,",1111,1
2025-07-30 13:41:18.010041,PHY,0x4601,2,,na,"[0,",,,10111,,+29.9dB,15.3us,"[0,",1,190.17,normal,0,valid,-13.9dB,-14.0dB,0.36us,+91.3Hz,,"[6,",,1
2025-07-30 13:41:18.015952,PHY,0x4601,1,0,na,"[0,",0,0,1,391.7,+11.7dB,20.5us,"[0,",1,191.8,normal,0,valid,-16.6dB,-16.9dB,na,na,,,,
2025-07-30 13:41:18.016535,PHY,0x4601,1,0,na,"[0,",0,0,1,388.6,+11.6dB,16.2us,"[0,",1,191.9,normal,0,valid,-16.6dB,-16.9dB,na,na,,,,
2025-07-30 13:41:18.020094,PHY,0x4601,2,,na,"[0,",,,1111,,+25.5dB,14.8us,"[0,",1,191.17,normal,0,valid,-14.9dB,-15.0dB,0.39us,-24.1Hz,,"[6,",,1
2025-07-30 13:41:18.025637,CSI,0x4601,2,,na,"[0,",,,1,,+30.7dB,16.9us,"[0,",1,192.8,normal,0,valid,-13.9dB,-14.1dB,0.40us,+53.3Hz,,"[6,",1111,1
2025-07-30 13:41:18.026478,PHY,0x4601,1,0,na,"[0,",0,0,1,410.5,+11.9dB,17.7us,"[0,",1,192.9,normal,0,valid,-16.6dB,-16.9dB,na,na,,,,
2025-07-30 13:41:18.030112,PHY,0x4601,2,,na,"[0,",,,11111,,+27.5dB,17.1us,"[0,",1,192.17,normal,0,valid,-13.9dB,-14.0dB,0.38us,-59.5Hz,,"[6,",,1
2025-07-30 13:41:18.030971,PHY,0x4601,1,0,na,"[0,",0,0,1,391.8,+11.7dB,24.6us,"[0,",1,192.18,normal,0,valid,-16.6dB,-16.9dB,na,na,,,,
2025-07-30 13:41:18.031547,PHY,0x4601,1,0,na,"[0,",0,0,1,406.2,+11.9dB,17.7us,"[0,",1,192.19,normal,0,valid,-16.6dB,-16.9dB,na,na,,,,
2025-07-30 13:41:18.036031,PHY,0x4601,1,0,na,"[0,",0,0,1,412.3,+11.9dB,20.4us,"[0,",1,193.8,normal,0,valid,-16.6dB,-16.9dB,na,na,,,,
2025-07-30 13:41:18.036567,PHY,0x4601,1,0,na,"[0,",0,0,1,384.5,+11.6dB,18.3us,"[0,",1,193.9,normal,0,valid,-16.6dB,-16.9dB,na,na,,,,
2025-07-30 13:41:18.040039,PHY,0x4601,2,,na,"[0,",,,11111,,+29.1dB,15.0us,"[0,",1,193.17,normal,0,valid,-14.0dB,-14.1dB,0.38us,+156.0Hz,,"[6,",,1
2025-07-30 13:41:18.041003,PHY,0x4601,1,0,na,"[0,",0,0,1,402.0,+11.8dB,16.8us,"[0,",1,193.18,normal,0,valid,-16.7dB,-16.9dB,na,na,,,,
2025-07-30 13:41:18.041483,PHY,0x4601,1,0,na,"[0,",0,0,1,420.4,+12.0dB,18.5us,"[0,",1,193.19,normal,0,valid,-16.7dB,-16.9dB,na,na,,,,
2025-07-30 13:41:18.045604,CSI,0x4601,2,,na,"[0,",,,1,,+30.0dB,16.7us,"[0,",1,194.8,normal,0,valid,-14.0dB,-14.1dB,0.40us,-73.9Hz,,"[6,",1111,1
2025-07-30 13:41:18.046547,PHY,0x4601,1,0,na,"[0,",0,0,1,325.9,+10.9dB,18.1us,"[0,",1,194.9,normal,0,valid,-16.6dB,-17.0dB,na,na,,,,
2025-07-30 13:41:18.050076,PHY,0x4601,2,,na,"[0,",,,11111,,+29.2dB,14.5us,"[0,",1,194.17,normal,0,valid,-14.0dB,-14.1dB,0.39us,-57.3Hz,,"[6,",,1
2025-07-30 13:41:18.051033,PHY,0x4601,1,0,na,"[0,",0,0,1,341.3,+11.0dB,16.9us,"[0,",1,194.18,normal,0,valid,-16.6dB,-17.0dB,na,na,,,,
2025-07-30 13:41:18.051484,PHY,0x4601,1,0,na,"[0,",0,0,1,335.7,+11.0dB,16.3us,"[0,",1,194.19,normal,0,valid,-16.6dB,-17.0dB,na,na,,,,
2025-07-30 13:41:18.055972,PHY,0x4601,1,0,na,"[0,",0,0,1,409.4,+11.9dB,24.3us,"[0,",1,195.8,normal,0,valid,-16.7dB,-17.0dB,na,na,,,,
2025-07-30 13:41:18.056448,PHY,0x4601,1,0,na,"[0,",0,0,1,396.1,+11.7dB,16.2us,"[0,",1,195.9,normal,0,valid,-16.7dB,-16.9dB,na,na,,,,
2025-07-30 13:41:18.060135,PHY,0x4601,2,,na,"[0,",,,11111,,+30.6dB,14.5us,"[0,",1,195.17,normal,0,valid,-14.1dB,-14.2dB,0.35us,-24.4Hz,,"[6,",,1
2025-07-30 13:41:18.061047,PHY,0x4601,1,0,na,"[0,",0,0,1,335.2,+10.9dB,16.7us,"[0,",1,195.18,normal,0,valid,-16.7dB,-17.1dB,na,na,,,,
2025-07-30 13:41:18.061529,PHY,0x4601,1,0,na,"[0,",0,0,1,350.1,+11.2dB,15.8us,"[0,",1,195.19,normal,0,valid,-16.7dB,-17.0dB,na,na,,,,
2025-07-30 13:41:18.065650,CSI,0x4601,2,,na,"[0,",,,1,,+29.1dB,12.5us,"[0,",1,196.8,normal,0,valid,-14.0dB,-14.1dB,0.37us,-175.2Hz,,"[6,",1111,1
2025-07-30 13:41:18.066480,PHY,0x4601,1,0,na,"[0,",0,0,1,325.9,+10.9dB,22.6us,"[0,",1,196.9,normal,0,valid,-16.6dB,-17.0dB,na,na,,,,
2025-07-30 13:41:18.070022,PHY,0x4601,2,,na,"[0,",,,11111,,+30.4dB,12.2us,"[0,",1,196.17,normal,0,valid,-14.0dB,-14.1dB,0.36us,-117.7Hz,,"[6,",,1
2025-07-30 13:41:18.070954,PHY,0x4601,1,0,na,"[0,",0,0,1,338.3,+11.0dB,15.2us,"[0,",1,196.18,normal,0,valid,-16.6dB,-17.0dB,na,na,,,,
2025-07-30 13:41:18.071550,PHY,0x4601,1,0,na,"[0,",0,0,1,334.7,+11.0dB,18.1us,"[0,",1,196.19,normal,0,valid,-16.6dB,-16.9dB,na,na,,,,
2025-07-30 13:41:18.076056,PHY,0x4601,1,0,na,"[0,",0,0,1,407.2,+11.8dB,16.0us,"[0,",1,197.8,normal,0,valid,-16.7dB,-17.0dB,na,na,,,,
2025-07-30 13:41:18.076552,PHY,0x4601,1,0,na,"[0,",0,0,1,392.2,+11.7dB,15.3us,"[0,",1,197.9,normal,0,valid,-16.7dB,-17.0dB,na,na,,,,
2025-07-30 13:41:18.080071,PHY,0x4601,2,,na,"[0,",,,11111,,+31.9dB,16.2us,"[0,",1,197.17,normal,0,valid,-14.1dB,-14.3dB,0.38us,-25.5Hz,,"[6,",,1
2025-07-30 13:41:18.081029,PHY,0x4601,1,0,na,"[0,",0,0,1,336.8,+11.0dB,19.2us,"[0,",1,197.18,normal,0,valid,-16.6dB,-17.0dB,na,na,,,,
2025-07-30 13:41:18.081476,PHY,0x4601,1,0,na,"[0,",0,0,1,339.9,+11.1dB,27.7us,"[0,",1,197.19,normal,0,valid,-16.7dB,-17.0dB,na,na,,,,
2025-07-30 13:41:18.085628,CSI,0x4601,2,,na,"[0,",,,1,,+31.4dB,12.1us,"[0,",1,198.8,normal,0,valid,-13.9dB,-14.1dB,0.37us,-42.8Hz,,"[6,",1111,1
2025-07-30 13:41:18.086573,PHY,0x4601,1,0,na,"[0,",0,0,1,376.5,+11.5dB,23.7us,"[0,",1,198.9,normal,0,valid,-16.6dB,-16.9dB,na,na,,,,
2025-07-30 13:41:18.090105,PHY,0x4601,2,,na,"[0,",,,11111,,+27.5dB,13.9us,"[0,",1,198.17,normal,0,valid,-14.0dB,-14.1dB,0.40us,-36.1Hz,,"[6,",,1
2025-07-30 13:41:18.091018,PHY,0x4601,1,0,na,"[0,",0,0,1,408.3,+11.9dB,18.6us,"[0,",1,198.18,normal,0,valid,-16.7dB,-17.0dB,na,na,,,,
2025-07-30 13:41:18.091546,PHY,0x4601,1,0,na,"[0,",0,0,1,390.2,+11.6dB,31.6us,"[0,",1,198.19,normal,0,valid,-16.7dB,-17.0dB,na,na,,,,
2025-07-30 13:41:18.096019,PHY,0x4601,1,0,na,"[0,",0,0,1,404.7,+11.8dB,26.4us,"[0,",1,199.8,normal,0,valid,-16.6dB,-16.9dB,na,na,,,,
2025-07-30 13:41:18.096552,PHY,0x4601,1,0,na,"[0,",0,0,1,391.2,+11.7dB,30.6us,"[0,",1,199.9,normal,0,valid,-16.5dB,-16.8dB,na,na,,,,
2025-07-30 13:41:18.100138,PHY,0x4601,2,,na,"[0,",,,11111,,+31.6dB,17.0us,"[0,",1,199.17,normal,0,valid,-14.0dB,-14.1dB,0.36us,+202.4Hz,,"[6,",,1
2025-07-30 13:41:18.100946,PHY,0x4601,1,0,na,"[0,",0,0,1,403.5,+11.8dB,16.3us,"[0,",1,199.18,normal,0,valid,-16.6dB,-16.9dB,na,na,,,,
2025-07-30 13:41:18.101528,PHY,0x4601,1,0,na,"[0,",0,0,1,399.2,+11.8dB,14.3us,"[0,",1,199.19,normal,0,valid,-16.7dB,-16.9dB,na,na,,,,
2025-07-30 13:41:18.106492,PHY,0x4601,1,0,na,"[0,",0,0,1,400.7,+11.7dB,16.5us,"[0,",1,200.9,normal,0,valid,-16.3dB,-16.6dB,na,na,,,,
2025-07-30 13:41:18.110034,PHY,0x4601,2,,na,"[0,",,,11111,,+31.5dB,15.8us,"[0,",1,200.17,normal,0,valid,-13.6dB,-13.8dB,0.38us,-73.2Hz,,"[6,",,1
2025-07-30 13:41:18.110985,PHY,0x4601,1,0,na,"[0,",0,0,1,406.1,+11.9dB,23.4us,"[0,",1,200.18,normal,0,valid,-16.4dB,-16.6dB,na,na,,,,
2025-07-30 13:41:18.111456,PHY,0x4601,1,0,na,"[0,",0,0,1,397.4,+11.7dB,14.2us,"[0,",1,200.19,normal,0,valid,-16.3dB,-16.6dB,na,na,,,,
2025-07-30 13:41:18.115942,PHY,0x4601,1,0,na,"[0,",0,0,1,383.0,+11.6dB,16.3us,"[0,",1,201.8,normal,0,valid,-16.1dB,-16.4dB,na,na,,,,
2025-07-30 13:41:18.116529,PHY,0x4601,1,0,na,"[0,",0,0,1,389.3,+11.6dB,14.8us,"[0,",1,201.9,normal,0,valid,-16.0dB,-16.4dB,na,na,,,,
2025-07-30 13:41:18.120071,PHY,0x4601,2,,na,"[0,",,,11111,,+28.0dB,17.6us,"[0,",1,201.17,normal,0,valid,-13.5dB,-13.6dB,0.39us,+124.1Hz,,"[6,",,1
2025-07-30 13:41:18.121007,PHY,0x4601,1,0,na,"[0,",0,0,1,403.0,+11.8dB,15.1us,"[0,",1,201.18,normal,0,valid,-16.1dB,-16.4dB,na,na,,,,
2025-07-30 13:41:18.121481,PHY,0x4601,1,0,na,"[0,",0,0,1,394.1,+11.7dB,14.3us,"[0,",1,201.19,normal,0,valid,-16.2dB,-16.5dB,na,na,,,,
2025-07-30 13:41:18.126447,PHY,0x4601,1,0,na,"[0,",0,0,1,401.7,+11.8dB,15.5us,"[0,",1,202.9,normal,0,valid,-16.0dB,-16.3dB,na,na,,,,
2025-07-30 13:41:18.130091,PHY,0x4601,2,,na,"[0,",,,11111,,+28.9dB,14.3us,"[0,",1,202.17,normal,0,valid,-13.5dB,-13.7dB,0.38us,+43.4Hz,,"[6,",,1
2025-07-30 13:41:18.131040,PHY,0x4601,1,0,na,"[0,",0,0,1,420.8,+12.0dB,15.8us,"[0,",1,202.18,normal,0,valid,-16.1dB,-16.4dB,na,na,,,,
2025-07-30 13:41:18.131517,PHY,0x4601,1,0,na,"[0,",0,0,1,379.9,+11.6dB,20.5us,"[0,",1,202.19,normal,0,valid,-16.1dB,-16.4dB,na,na,,,,
2025-07-30 13:41:18.136008,PHY,0x4601,1,0,na,"[0,",0,0,1,406.9,+11.8dB,16.3us,"[0,",1,203.8,normal,0,valid,-16.0dB,-16.3dB,na,na,,,,
2025-07-30 13:41:18.136485,PHY,0x4601,1,0,na,"[0,",0,0,1,409.6,+11.8dB,25.5us,"[0,",1,203.9,normal,0,valid,-16.0dB,-16.3dB,na,na,,,,
2025-07-30 13:41:18.140015,PHY,0x4601,2,,na,"[0,",,,11111,,+32.0dB,13.8us,"[0,",1,203.17,normal,0,valid,-12.9dB,-13.0dB,0.38us,-32.4Hz,,"[6,",,1
2025-07-30 13:41:18.140961,PHY,0x4601,1,0,na,"[0,",0,0,1,394.3,+11.7dB,15.5us,"[0,",1,203.18,normal,0,valid,-15.6dB,-16.0dB,na,na,,,,
2025-07-30 13:41:18.141438,PHY,0x4601,1,0,na,"[0,",0,0,1,384.0,+11.6dB,15.7us,"[0,",1,203.19,normal,0,valid,-15.6dB,-15.9dB,na,na,,,,
2025-07-30 13:41:18.145575,CSI,0x4601,2,,na,"[0,",,,1,,+29.7dB,19.5us,"[0,",1,204.8,normal,0,valid,-13.0dB,-13.1dB,0.38us,-135.4Hz,,"[6,",1111,1
2025-07-30 13:41:18.146503,PHY,0x4601,1,0,na,"[0,",0,0,1,386.8,+11.6dB,15.7us,"[0,",1,204.9,normal,0,valid,-15.7dB,-15.9dB,na,na,,,,
2025-07-30 13:41:18.150074,PHY,0x4601,2,,na,"[0,",,,11111,,+30.6dB,14.1us,"[0,",1,204.17,normal,0,valid,-12.9dB,-13.0dB,0.38us,-71.9Hz,,"[6,",,1
2025-07-30 13:41:18.151000,PHY,0x4601,1,0,na,"[0,",0,0,1,404.4,+11.8dB,17.0us,"[0,",1,204.18,normal,0,valid,-15.6dB,-15.9dB,na,na,,,,
2025-07-30 13:41:18.151473,PHY,0x4601,1,0,na,"[0,",0,0,1,392.6,+11.6dB,13.9us,"[0,",1,204.19,normal,0,valid,-15.6dB,-15.9dB,na,na,,,,
2025-07-30 13:41:18.155968,PHY,0x4601,1,0,na,"[0,",0,0,1,400.1,+11.8dB,17.9us,"[0,",1,205.8,normal,0,valid,-15.6dB,-15.9dB,na,na,,,,
2025-07-30 13:41:18.156541,PHY,0x4601,1,0,na,"[0,",0,0,1,398.0,+11.7dB,14.4us,"[0,",1,205.9,normal,0,valid,-15.6dB,-15.9dB,na,na,,,,
2025-07-30 13:41:18.160087,PHY,0x4601,2,,na,"[0,",,,11111,,+28.3dB,16.1us,"[0,",1,205.17,normal,0,valid,-12.9dB,-13.0dB,0.37us,+0.8Hz,,"[6,",,1
2025-07-30 13:41:18.161027,PHY,0x4601,1,0,na,"[0,",0,0,1,336.2,+11.0dB,16.0us,"[0,",1,205.18,normal,0,valid,-15.6dB,-16.0dB,na,na,,,,
2025-07-30 13:41:18.161506,PHY,0x4601,1,0,na,"[0,",0,0,1,352.7,+11.2dB,13.5us,"[0,",1,205.19,normal,0,valid,-15.6dB,-15.9dB,na,na,,,,
2025-07-30 13:41:18.165595,CSI,0x4601,2,,na,"[0,",,,1,,+31.4dB,11.7us,"[0,",1,206.8,normal,0,valid,-12.8dB,-12.9dB,0.37us,-87.4Hz,,"[6,",1111,1
2025-07-30 13:41:18.166464,PHY,0x4601,1,0,na,"[0,",0,0,1,381.3,+11.6dB,15.4us,"[0,",1,206.9,normal,0,valid,-15.6dB,-15.9dB,na,na,,,,
2025-07-30 13:41:18.170113,PHY,0x4601,2,,na,"[0,",,,11111,,+27.3dB,14.2us,"[0,",1,206.17,normal,0,valid,-13.0dB,-13.1dB,0.38us,-13.7Hz,,"[6,",,1
2025-07-30 13:41:18.170949,PHY,0x4601,1,0,na,"[0,",0,0,1,394.7,+11.7dB,15.6us,"[0,",1,206.18,normal,0,valid,-15.6dB,-15.9dB,na,na,,,,
2025-07-30 13:41:18.171543,PHY,0x4601,1,0,na,"[0,",0,0,1,404.7,+11.8dB,17.7us,"[0,",1,206.19,normal,0,valid,-15.6dB,-15.9dB,na,na,,,,
2025-07-30 13:41:18.176019,PHY,0x4601,1,0,na,"[0,",0,0,1,385.4,+11.6dB,15.9us,"[0,",1,207.8,normal,0,valid,-15.6dB,-15.9dB,na,na,,,,
2025-07-30 13:41:18.176515,PHY,0x4601,1,0,na,"[0,",0,0,1,388.3,+11.6dB,19.1us,"[0,",1,207.9,normal,0,valid,-15.6dB,-15.9dB,na,na,,,,
2025-07-30 13:41:18.180037,PHY,0x4601,2,,na,"[0,",,,11111,,+28.9dB,15.3us,"[0,",1,207.17,normal,0,valid,-13.0dB,-13.1dB,0.36us,-26.7Hz,,"[6,",,1
2025-07-30 13:41:18.180981,PHY,0x4601,1,0,na,"[0,",0,0,1,334.6,+11.0dB,15.7us,"[0,",1,207.18,normal,0,valid,-15.6dB,-15.9dB,na,na,,,,
2025-07-30 13:41:18.181472,PHY,0x4601,1,0,na,"[0,",0,0,1,326.1,+10.9dB,17.3us,"[0,",1,207.19,normal,0,valid,-15.6dB,-16.0dB,na,na,,,,
2025-07-30 13:41:18.185593,CSI,0x4601,2,,na,"[0,",,,1,,+30.4dB,16.6us,"[0,",1,208.8,normal,0,valid,-12.9dB,-13.0dB,0.37us,-4.7Hz,,"[6,",1111,1
2025-07-30 13:41:18.186539,PHY,0x4601,1,0,na,"[0,",0,0,1,394.4,+11.7dB,20.5us,"[0,",1,208.9,normal,0,valid,-15.6dB,-16.0dB,na,na,,,,
2025-07-30 13:41:18.190099,PHY,0x4601,2,,na,"[0,",,,11111,,+28.6dB,21.0us,"[0,",1,208.17,normal,0,valid,-12.9dB,-13.1dB,0.41us,-71.7Hz,,"[6,",,1
2025-07-30 13:41:18.191013,PHY,0x4601,1,0,na,"[0,",0,0,1,323.1,+10.9dB,15.9us,"[0,",1,208.18,normal,0,valid,-15.6dB,-15.9dB,na,na,,,,
2025-07-30 13:41:18.191492,PHY,0x4601,1,0,na,"[0,",0,0,1,337.0,+11.0dB,17.6us,"[0,",1,208.19,normal,0,valid,-15.6dB,-16.0dB,na,na,,,,
2025-07-30 13:41:18.195987,PHY,0x4601,1,0,na,"[0,",0,0,1,399.0,+11.8dB,16.5us,"[0,",1,209.8,normal,0,valid,-15.6dB,-15.8dB,na,na,,,,
2025-07-30 13:41:18.196453,PHY,0x4601,1,0,na,"[0,",0,0,1,403.2,+11.8dB,19.1us,"[0,",1,209.9,normal,0,valid,-15.6dB,-15.9dB,na,na,,,,
2025-07-30 13:41:18.200109,PHY,0x4601,2,,na,"[0,",,,11111,,+28.5dB,14.6us,"[0,",1,209.17,normal,0,valid,-13.0dB,-13.1dB,0.37us,+60.7Hz,,"[6,",,1
2025-07-30 13:41:18.200939,PHY,0x4601,1,0,na,"[0,",0,0,1,400.3,+11.7dB,16.1us,"[0,",1,209.18,normal,0,valid,-15.6dB,-15.9dB,na,na,,,,
2025-07-30 13:41:18.201518,PHY,0x4601,1,0,na,"[0,",0,0,1,395.7,+11.7dB,15.9us,"[0,",1,209.19,normal,0,valid,-15.6dB,-15.9dB,na,na,,,,
2025-07-30 13:41:18.205606,CSI,0x4601,2,,na,"[0,",,,1,,+30.3dB,11.3us,"[0,",1,210.8,normal,0,valid,-12.9dB,-13.0dB,0.37us,-65.9Hz,,"[6,",1111,1
2025-07-30 13:41:18.206481,PHY,0x4601,1,0,na,"[0,",0,0,1,408.9,+11.8dB,15.9us,"[0,",1,210.9,normal,0,valid,-15.6dB,-15.9dB,na,na,,,,
2025-07-30 13:41:18.210024,PHY,0x4601,2,,na,"[0,",,,11111,,+31.5dB,15.5us,"[0,",1,210.17,normal,0,valid,-12.9dB,-13.0dB,0.35us,+12.9Hz,,"[6,",,1
2025-07-30 13:41:18.211004,PHY,0x4601,1,0,na,"[0,",0,0,1,388.6,+11.6dB,15.8us,"[0,",1,210.18,normal,0,valid,-15.6dB,-15.9dB,na,na,,,,
2025-07-30 13:41:18.211464,PHY,0x4601,1,0,na,"[0,",0,0,1,420.7,+12.0dB,21.8us,"[0,",1,210.19,normal,0,valid,-15.6dB,-15.9dB,na,na,,,,
2025-07-30 13:41:18.216055,PHY,0x4601,1,0,na,"[0,",0,0,1,400.3,+11.7dB,25.8us,"[0,",1,211.8,normal,0,valid,-15.6dB,-15.9dB,na,na,,,,
2025-07-30 13:41:18.216535,PHY,0x4601,1,0,na,"[0,",0,0,1,402.8,+11.8dB,22.6us,"[0,",1,211.9,normal,0,valid,-15.6dB,-15.9dB,na,na,,,,
2025-07-30 13:41:18.220055,PHY,0x4601,2,,na,"[0,",,,11111,,+31.3dB,16.2us,"[0,",1,211.17,normal,0,valid,-12.9dB,-13.0dB,0.35us,-24.2Hz,,"[6,",,1
2025-07-30 13:41:18.221005,PHY,0x4601,1,0,na,"[0,",0,0,1,410.4,+11.8dB,20.6us,"[0,",1,211.18,normal,0,valid,-15.6dB,-15.9dB,na,na,,,,
2025-07-30 13:41:18.221509,PHY,0x4601,1,0,na,"[0,",0,0,1,407.3,+11.9dB,16.2us,"[0,",1,211.19,normal,0,valid,-15.6dB,-15.9dB,na,na,,,,
2025-07-30 13:41:18.225619,CSI,0x4601,2,,na,"[0,",,,1,,+30.1dB,12.7us,"[0,",1,212.8,normal,0,valid,-12.9dB,-13.0dB,0.38us,+123.1Hz,,"[6,",1111,1
2025-07-30 13:41:18.226439,PHY,0x4601,1,0,na,"[0,",0,0,1,375.6,+11.5dB,17.3us,"[0,",1,212.9,normal,0,valid,-15.6dB,-15.9dB,na,na,,,,
2025-07-30 13:41:18.230113,PHY,0x4601,2,,na,"[0,",,,11111,,+31.9dB,14.9us,"[0,",1,212.17,normal,0,valid,-12.8dB,-13.0dB,0.38us,+63.2Hz,,"[6,",,1
2025-07-30 13:41:18.231034,PHY,0x4601,1,0,na,"[0,",0,0,1,395.6,+11.7dB,17.1us,"[0,",1,212.18,normal,0,valid,-15.6dB,-15.9dB,na,na,,,,
2025-07-30 13:41:18.231500,PHY,0x4601,1,0,na,"[0,",0,0,1,388.1,+11.6dB,14.0us,"[0,",1,212.19,normal,0,valid,-15.6dB,-15.9dB,na,na,,,,
2025-07-30 13:41:18.235999,PHY,0x4601,1,0,na,"[0,",0,0,1,401.8,+11.8dB,17.1us,"[0,",1,213.8,normal,0,valid,-15.6dB,-15.9dB,na,na,,,,
2025-07-30 13:41:18.236468,PHY,0x4601,1,0,na,"[0,",0,0,1,396.2,+11.7dB,14.8us,"[0,",1,213.9,normal,0,valid,-15.7dB,-16.0dB,na,na,,,,
2025-07-30 13:41:18.240017,PHY,0x4601,2,,na,"[0,",,,11111,,+29.6dB,14.3us,"[0,",1,213.17,normal,0,valid,-13.0dB,-13.1dB,0.36us,+95.8Hz,,"[6,",,1
2025-07-30 13:41:18.240956,PHY,0x4601,1,0,na,"[0,",0,0,1,330.8,+11.0dB,15.7us,"[0,",1,213.18,normal,0,valid,-15.6dB,-15.9dB,na,na,,,,
2025-07-30 13:41:18.241548,PHY,0x4601,1,0,na,"[0,",0,0,1,329.6,+10.9dB,14.9us,"[0,",1,213.19,normal,0,valid,-15.6dB,-16.0dB,na,na,,,,
2025-07-30 13:41:18.245562,CSI,0x4601,2,,na,"[0,",,,1,,+32.0dB,17.0us,"[0,",1,214.8,normal,0,valid,-12.9dB,-13.0dB,0.37us,-75.2Hz,,"[6,",1111,1
2025-07-30 13:41:18.246510,PHY,0x4601,1,0,na,"[0,",0,0,1,333.3,+11.0dB,17.8us,"[0,",1,214.9,normal,0,valid,-15.6dB,-16.0dB,na,na,,,,
2025-07-30 13:41:18.250112,PHY,0x4601,2,,na,"[0,",,,11111,,+29.8dB,15.7us,"[0,",1,214.17,normal,0,valid,-13.0dB,-13.1dB,0.39us,+84.1Hz,,"[6,",,1
2025-07-30 13:41:18.251024,PHY,0x4601,1,0,na,"[0,",0,0,1,407.4,+11.8dB,17.9us,"[0,",1,214.18,normal,0,valid,-15.6dB,-15.9dB,na,na,,,,
2025-07-30 13:41:18.251463,PHY,0x4601,1,0,na,"[0,",0,0,1,398.3,+11.7dB,15.1us,"[0,",1,214.19,normal,0,valid,-15.6dB,-15.9dB,na,na,,,,
2025-07-30 13:41:18.255972,PHY,0x4601,1,0,na,"[0,",0,0,1,394.5,+11.7dB,16.7us,"[0,",1,215.8,normal,0,valid,-15.6dB,-15.9dB,na,na,,,,
2025-07-30 13:41:18.256553,PHY,0x4601,1,0,na,"[0,",0,0,1,394.3,+11.7dB,20.7us,"[0,",1,215.9,normal,0,valid,-15.6dB,-15.9dB,na,na,,,,
2025-07-30 13:41:18.260082,PHY,0x4601,2,,na,"[0,",,,11111,,+28.7dB,14.2us,"[0,",1,215.17,normal,0,valid,-13.0dB,-13.2dB,0.38us,-67.0Hz,,"[6,",,1
2025-07-30 13:41:18.261018,PHY,0x4601,1,0,na,"[0,",0,0,1,335.9,+11.0dB,15.2us,"[0,",1,215.18,normal,0,valid,-15.6dB,-16.0dB,na,na,,,,
2025-07-30 13:41:18.261501,PHY,0x4601,1,0,na,"[0,",0,0,1,334.8,+11.0dB,15.2us,"[0,",1,215.19,normal,0,valid,-15.6dB,-15.9dB,na,na,,,,
2025-07-30 13:41:18.265578,CSI,0x4601,2,,na,"[0,",,,1,,+31.2dB,10.6us,"[0,",1,216.8,normal,0,valid,-13.0dB,-13.1dB,0.40us,-27.1Hz,,"[6,",1111,1
2025-07-30 13:41:18.266462,PHY,0x4601,1,0,na,"[0,",0,0,1,331.5,+10.9dB,15.6us,"[0,",1,216.9,normal,0,valid,-15.6dB,-16.0dB,na,na,,,,
2025-07-30 13:41:18.270119,PHY,0x4601,2,,na,"[0,",,,11111,,+30.8dB,16.9us,"[0,",1,216.17,normal,0,valid,-13.0dB,-13.1dB,0.35us,-61.6Hz,,"[6,",,1
2025-07-30 13:41:18.270954,PHY,0x4601,1,0,na,"[0,",0,0,1,398.0,+11.7dB,23.8us,"[0,",1,216.18,normal,0,valid,-15.6dB,-15.9dB,na,na,,,,
2025-07-30 13:41:18.271526,PHY,0x4601,1,0,na,"[0,",0,0,1,384.2,+11.6dB,14.5us,"[0,",1,216.19,normal,0,valid,-15.6dB,-15.9dB,na,na,,,,
2025-07-30 13:41:18.276024,PHY,0x4601,1,0,na,"[0,",0,0,1,404.0,+11.8dB,19.4us,"[0,",1,217.8,normal,0,valid,-15.6dB,-15.9dB,na,na,,,,
2025-07-30 13:41:18.276544,PHY,0x4601,1,0,na,"[0,",0,0,1,395.9,+11.7dB,18.3us,"[0,",1,217.9,normal,0,valid,-15.6dB,-15.9dB,na,na,,,,
2025-07-30 13:41:18.280052,PHY,0x4601,2,,na,"[0,",,,11111,,+29.5dB,17.6us,"[0,",1,217.17,normal,0,valid,-13.0dB,-13.1dB,0.39us,+63.2Hz,,"[6,",,1
2025-07-30 13:41:18.280996,PHY,0x4601,1,0,na,"[0,",0,0,1,402.6,+11.8dB,17.8us,"[0,",1,217.18,normal,0,valid,-15.6dB,-15.9dB,na,na,,,,
2025-07-30 13:41:18.281479,PHY,0x4601,1,0,na,"[0,",0,0,1,398.2,+11.8dB,15.2us,"[0,",1,217.19,normal,0,valid,-15.6dB,-15.9dB,na,na,,,,
2025-07-30 13:41:18.285615,CSI,0x4601,2,,na,"[0,",,,1,,+32.8dB,17.2us,"[0,",1,218.8,normal,0,valid,-11.9dB,-12.0dB,0.38us,+1.3Hz,,"[6,",1111,1
2025-07-30 13:41:18.286532,PHY,0x4601,1,0,na,"[0,",0,0,1,395.6,+11.7dB,16.1us,"[0,",1,218.9,normal,0,valid,-14.8dB,-15.1dB,na,na,,,,
2025-07-30 13:41:18.290071,PHY,0x4601,2,,na,"[0,",,,11111,,+30.1dB,14.8us,"[0,",1,218.17,normal,0,valid,-12.0dB,-12.1dB,0.39us,-56.5Hz,,"[6,",,1
2025-07-30 13:41:18.291046,PHY,0x4601,1,0,na,"[0,",0,0,1,407.5,+11.9dB,23.9us,"[0,",1,218.18,normal,0,valid,-14.8dB,-15.1dB,na,na,,,,
2025-07-30 13:41:18.291481,PHY,0x4601,1,0,na,"[0,",0,0,1,395.5,+11.7dB,17.6us,"[0,",1,218.19,normal,0,valid,-14.8dB,-15.1dB,na,na,,,,
2025-07-30 13:41:18.295983,PHY,0x4601,1,0,na,"[0,",0,0,1,386.8,+11.6dB,20.5us,"[0,",1,219.8,normal,0,valid,-14.8dB,-15.1dB,na,na,,,,
2025-07-30 13:41:18.296452,PHY,0x4601,1,0,na,"[0,",0,0,1,400.1,+11.8dB,22.4us,"[0,",1,219.9,normal,0,valid,-14.8dB,-15.1dB,na,na,,,,
2025-07-30 13:41:18.300115,PHY,0x4601,2,,na,"[0,",,,11111,,+30.2dB,15.1us,"[0,",1,219.17,normal,0,valid,-12.0dB,-12.2dB,0.39us,-48.4Hz,,"[6,",,1
2025-07-30 13:41:18.301081,PHY,0x4601,1,0,na,"[0,",0,0,1,389.1,+11.7dB,20.5us,"[0,",1,219.18,normal,0,valid,-14.8dB,-15.1dB,na,na,,,,
2025-07-30 13:41:18.301510,PHY,0x4601,1,0,na,"[0,",0,0,1,396.7,+11.7dB,15.7us,"[0,",1,219.19,normal,0,valid,-14.8dB,-15.1dB,na,na,,,,
2025-07-30 13:41:18.305647,CSI,0x4601,2,,na,"[0,",,,1,,+30.0dB,14.3us,"[0,",1,220.8,normal,0,valid,-11.8dB,-11.9dB,0.36us,-16.5Hz,,"[6,",1111,1
2025-07-30 13:41:18.306486,PHY,0x4601,1,0,na,"[0,",0,0,1,333.2,+11.0dB,17.9us,"[0,",1,220.9,normal,0,valid,-14.8dB,-15.1dB,na,na,,,,
2025-07-30 13:41:18.310035,PHY,0x4601,2,,na,"[0,",,,11111,,+30.6dB,17.0us,"[0,",1,220.17,normal,0,valid,-11.9dB,-12.1dB,0.38us,-16.1Hz,,"[6,",,1
2025-07-30 13:41:18.310954,PHY,0x4601,1,0,na,"[0,",0,0,1,318.9,+10.8dB,16.0us,"[0,",1,220.18,normal,0,valid,-14.8dB,-15.1dB,na,na,,,,
2025-07-30 13:41:18.311443,PHY,0x4601,1,0,na,"[0,",0,0,1,334.2,+11.0dB,17.1us,"[0,",1,220.19,normal,0,valid,-14.8dB,-15.1dB,na,na,,,,
2025-07-30 13:41:18.316041,PHY,0x4601,1,0,na,"[0,",0,0,1,390.8,+11.7dB,20.2us,"[0,",1,221.8,normal,0,valid,-14.8dB,-15.1dB,na,na,,,,
2025-07-30 13:41:18.316556,PHY,0x4601,1,0,na,"[0,",0,0,1,398.3,+11.7dB,15.8us,"[0,",1,221.9,normal,0,valid,-14.8dB,-15.1dB,na,na,,,,
2025-07-30 13:41:18.320080,PHY,0x4601,2,,na,"[0,",,,11111,,+28.2dB,15.6us,"[0,",1,221.17,normal,0,valid,-12.0dB,-12.1dB,0.37us,+29.3Hz,,"[6,",,1
2025-07-30 13:41:18.321032,PHY,0x4601,1,0,na,"[0,",0,0,1,391.4,+11.7dB,17.6us,"[0,",1,221.18,normal,0,valid,-14.8dB,-15.1dB,na,na,,,,
2025-07-30 13:41:18.321480,PHY,0x4601,1,0,na,"[0,",0,0,1,394.3,+11.7dB,15.1us,"[0,",1,221.19,normal,0,valid,-14.8dB,-15.1dB,na,na,,,,
2025-07-30 13:41:18.325632,CSI,0x4601,2,,na,"[0,",,,1,,+31.5dB,16.4us,"[0,",1,222.8,normal,0,valid,-11.9dB,-12.0dB,0.39us,-80.8Hz,,"[6,",1111,1
2025-07-30 13:41:18.326549,PHY,0x4601,1,0,na,"[0,",0,0,1,381.2,+11.5dB,16.6us,"[0,",1,222.9,normal,0,valid,-14.8dB,-15.1dB,na,na,,,,
2025-07-30 13:41:18.330137,PHY,0x4601,2,,na,"[0,",,,11111,,+30.3dB,26.4us,"[0,",1,222.17,normal,0,valid,-12.0dB,-12.1dB,0.38us,+62.7Hz,,"[6,",,1
2025-07-30 13:41:18.331035,PHY,0x4601,1,0,na,"[0,",0,0,1,338.3,+11.1dB,22.4us,"[0,",1,222.18,normal,0,valid,-14.8dB,-15.1dB,na,na,,,,
2025-07-30 13:41:18.331521,PHY,0x4601,1,0,na,"[0,",0,0,1,333.7,+11.0dB,16.5us,"[0,",1,222.19,normal,0,valid,-14.8dB,-15.1dB,na,na,,,,
2025-07-30 13:41:18.336005,PHY,0x4601,1,0,na,"[0,",0,0,1,407.1,+11.8dB,19.6us,"[0,",1,223.8,normal,0,valid,-14.8dB,-15.1dB,na,na,,,,
2025-07-30 13:41:18.336492,PHY,0x4601,1,0,na,"[0,",0,0,1,391.0,+11.7dB,30.8us,"[0,",1,223.9,normal,0,valid,-14.8dB,-15.1dB,na,na,,,,
2025-07-30 13:41:18.340125,PHY,0x4601,2,,na,"[0,",,,11111,,+27.6dB,17.1us,"[0,",1,223.17,normal,0,valid,-11.9dB,-12.1dB,0.38us,-62.6Hz,,"[6,",,1
2025-07-30 13:41:18.340978,PHY,0x4601,1,0,na,"[0,",0,0,1,399.6,+11.8dB,16.9us,"[0,",1,223.18,normal,0,valid,-14.8dB,-15.1dB,na,na,,,,
2025-07-30 13:41:18.341542,PHY,0x4601,1,0,na,"[0,",0,0,1,385.6,+11.6dB,18.5us,"[0,",1,223.19,normal,0,valid,-14.8dB,-15.1dB,na,na,,,,
2025-07-30 13:41:18.345576,CSI,0x4601,2,,na,"[0,",,,1,,+31.6dB,15.3us,"[0,",1,224.8,normal,0,valid,-11.8dB,-11.9dB,0.41us,+77.4Hz,,"[6,",1111,1
2025-07-30 13:41:18.346504,PHY,0x4601,1,0,na,"[0,",0,0,1,390.4,+11.6dB,20.1us,"[0,",1,224.9,normal,0,valid,-14.8dB,-15.1dB,na,na,,,,
2025-07-30 13:41:18.350057,PHY,0x4601,2,,na,"[0,",,,11111,,+31.3dB,14.9us,"[0,",1,224.17,normal,0,valid,-11.9dB,-12.0dB,0.38us,+66.4Hz,,"[6,",,1
2025-07-30 13:41:18.351007,PHY,0x4601,1,0,na,"[0,",0,0,1,335.7,+11.0dB,17.7us,"[0,",1,224.18,normal,0,valid,-14.8dB,-15.1dB,na,na,,,,
2025-07-30 13:41:18.351481,PHY,0x4601,1,0,na,"[0,",0,0,1,332.7,+11.0dB,16.7us,"[0,",1,224.19,normal,0,valid,-14.8dB,-15.1dB,na,na,,,,
2025-07-30 13:41:18.355950,PHY,0x4601,1,0,na,"[0,",0,0,1,405.2,+11.8dB,17.3us,"[0,",1,225.8,normal,0,valid,-14.8dB,-15.1dB,na,na,,,,
2025-07-30 13:41:18.356538,PHY,0x4601,1,0,na,"[0,",0,0,1,397.0,+11.7dB,16.3us,"[0,",1,225.9,normal,0,valid,-14.8dB,-15.1dB,na,na,,,,
2025-07-30 13:41:18.360079,PHY,0x4601,2,,na,"[0,",,,11111,,+32.8dB,18.0us,"[0,",1,225.17,normal,0,valid,-11.9dB,-12.0dB,0.38us,+141.5Hz,,"[6,",,1
2025-07-30 13:41:18.361014,PHY,0x4601,1,0,na,"[0,",0,0,1,392.1,+11.7dB,16.3us,"[0,",1,225.18,normal,0,valid,-14.8dB,-15.1dB,na,na,,,,
2025-07-30 13:41:18.361490,PHY,0x4601,1,0,na,"[0,",0,0,1,383.8,+11.6dB,14.7us,"[0,",1,225.19,normal,0,valid,-14.8dB,-15.1dB,na,na,,,,
2025-07-30 13:41:18.365618,CSI,0x4601,2,,na,"[0,",,,1,,+28.8dB,14.6us,"[0,",1,226.8,normal,0,valid,-11.9dB,-12.0dB,0.38us,-100.2Hz,,"[6,",1111,1
2025-07-30 13:41:18.366458,PHY,0x4601,1,0,na,"[0,",0,0,1,335.7,+11.0dB,18.5us,"[0,",1,226.9,normal,0,valid,-14.8dB,-15.1dB,na,na,,,,
2025-07-30 13:41:18.370123,PHY,0x4601,2,,na,"[0,",,,11111,,+31.9dB,17.4us,"[0,",1,226.17,normal,0,valid,-11.9dB,-12.0dB,0.38us,-41.5Hz,,"[6,",,1
2025-07-30 13:41:18.370946,PHY,0x4601,1,0,na,"[0,",0,0,1,389.8,+11.7dB,20.5us,"[0,",1,226.18,normal,0,valid,-14.8dB,-15.1dB,na,na,,,,
2025-07-30 13:41:18.371514,PHY,0x4601,1,0,na,"[0,",0,0,1,387.4,+11.6dB,14.3us,"[0,",1,226.19,normal,0,valid,-14.8dB,-15.1dB,na,na,,,,
2025-07-30 13:41:18.376011,PHY,0x4601,1,0,na,"[0,",0,0,1,368.1,+11.4dB,16.7us,"[0,",1,227.8,normal,0,valid,-14.8dB,-15.1dB,na,na,,,,
2025-07-30 13:41:18.376517,PHY,0x4601,1,0,na,"[0,",0,0,1,382.8,+11.6dB,48.5us,"[0,",1,227.9,normal,0,valid,-14.8dB,-15.1dB,na,na,,,,
2025-07-30 13:41:18.380028,PHY,0x4601,2,,na,"[0,",,,11111,,+29.9dB,16.9us,"[0,",1,227.17,normal,0,valid,-12.1dB,-12.2dB,0.37us,+5.4Hz,,"[6,",,1
2025-07-30 13:41:18.380980,PHY,0x4601,1,0,na,"[0,",0,0,1,392.2,+11.7dB,16.4us,"[0,",1,227.18,normal,0,valid,-14.8dB,-15.1dB,na,na,,,,
2025-07-30 13:41:18.381449,PHY,0x4601,1,0,na,"[0,",0,0,1,382.3,+11.5dB,14.6us,"[0,",1,227.19,normal,0,valid,-14.8dB,-15.1dB,na,na,,,,
2025-07-30 13:41:18.385590,CSI,0x4601,2,,na,"[0,",,,1,,+30.7dB,15.2us,"[0,",1,228.8,normal,0,valid,-11.9dB,-12.0dB,0.40us,-54.6Hz,,"[6,",1111,1
2025-07-30 13:41:18.386522,PHY,0x4601,1,0,na,"[0,",0,0,1,335.3,+11.0dB,16.0us,"[0,",1,228.9,normal,0,valid,-14.8dB,-15.2dB,na,na,,,,
2025-07-30 13:41:18.390062,PHY,0x4601,2,,na,"[0,",,,11111,,+29.4dB,19.7us,"[0,",1,228.17,normal,0,valid,-12.0dB,-12.1dB,0.39us,+127.1Hz,,"[6,",,1
2025-07-30 13:41:18.391015,PHY,0x4601,1,0,na,"[0,",0,0,1,414.8,+11.9dB,20.3us,"[0,",1,228.18,normal,0,valid,-14.8dB,-15.0dB,na,na,,,,
2025-07-30 13:41:18.391478,PHY,0x4601,1,0,na,"[0,",0,0,1,389.8,+11.7dB,14.9us,"[0,",1,228.19,normal,0,valid,-14.8dB,-15.1dB,na,na,,,,
2025-07-30 13:41:18.395971,PHY,0x4601,1,0,na,"[0,",0,0,1,397.0,+11.7dB,16.3us,"[0,",1,229.8,normal,0,valid,-14.8dB,-15.1dB,na,na,,,,
2025-07-30 13:41:18.396439,PHY,0x4601,1,0,na,"[0,",0,0,1,389.1,+11.7dB,14.2us,"[0,",1,229.9,normal,0,valid,-14.8dB,-15.1dB,na,na,,,,
2025-07-30 13:41:18.400104,PHY,0x4601,2,,na,"[0,",,,11111,,+29.3dB,27.2us,"[0,",1,229.17,normal,0,valid,-11.9dB,-12.0dB,0.37us,-85.5Hz,,"[6,",,1
2025-07-30 13:41:18.401033,PHY,0x4601,1,0,na,"[0,",0,0,1,337.2,+11.0dB,16.4us,"[0,",1,229.18,normal,0,valid,-14.8dB,-15.2dB,na,na,,,,
2025-07-30 13:41:18.401510,PHY,0x4601,1,0,na,"[0,",0,0,1,333.2,+11.0dB,14.2us,"[0,",1,229.19,normal,0,valid,-14.8dB,-15.1dB,na,na,,,,
2025-07-30 13:41:18.405609,CSI,0x4601,2,,na,"[0,",,,1,,+29.2dB,20.7us,"[0,",1,230.8,normal,0,valid,-11.8dB,-11.9dB,0.38us,-78.5Hz,,"[6,",1111,1
2025-07-30 13:41:18.406476,PHY,0x4601,1,0,na,"[0,",0,0,1,332.5,+10.9dB,16.4us,"[0,",1,230.9,normal,0,valid,-14.8dB,-15.2dB,na,na,,,,
2025-07-30 13:41:18.410004,PHY,0x4601,2,,na,"[0,",,,11111,,+29.1dB,14.1us,"[0,",1,230.17,normal,0,valid,-11.9dB,-12.1dB,0.37us,+166.4Hz,,"[6,",,1
2025-07-30 13:41:18.410956,PHY,0x4601,1,0,na,"[0,",0,0,1,396.7,+11.7dB,17.1us,"[0,",1,230.18,normal,0,valid,-14.8dB,-15.1dB,na,na,,,,
2025-07-30 13:41:18.411552,PHY,0x4601,1,0,na,"[0,",0,0,1,394.0,+11.7dB,16.2us,"[0,",1,230.19,normal,0,valid,-14.8dB,-15.1dB,na,na,,,,
2025-07-30 13:41:18.416034,PHY,0x4601,1,0,na,"[0,",0,0,1,394.4,+11.7dB,17.3us,"[0,",1,231.8,normal,0,valid,-14.8dB,-15.0dB,na,na,,,,
2025-07-30 13:41:18.416510,PHY,0x4601,1,0,na,"[0,",0,0,1,397.5,+11.7dB,14.9us,"[0,",1,231.9,normal,0,valid,-14.8dB,-15.1dB,na,na,,,,
2025-07-30 13:41:18.420047,PHY,0x4601,2,,na,"[0,",,,11111,,+32.5dB,14.4us,"[0,",1,231.17,normal,0,valid,-11.9dB,-12.0dB,0.37us,+26.8Hz,,"[6,",,1
2025-07-30 13:41:18.420986,PHY,0x4601,1,0,na,"[0,",0,0,1,403.6,+11.8dB,15.9us,"[0,",1,231.18,normal,0,valid,-14.8dB,-15.1dB,na,na,,,,
2025-07-30 13:41:18.421471,PHY,0x4601,1,0,na,"[0,",0,0,1,393.8,+11.7dB,15.7us,"[0,",1,231.19,normal,0,valid,-14.8dB,-15.1dB,na,na,,,,
2025-07-30 13:41:18.425614,CSI,0x4601,2,,na,"[0,",,,1,,+31.2dB,13.0us,"[0,",1,232.8,normal,0,valid,-12.0dB,-12.1dB,0.38us,-48.4Hz,,"[6,",1111,1
2025-07-30 13:41:18.426539,PHY,0x4601,1,0,na,"[0,",0,0,1,330.2,+10.9dB,18.1us,"[0,",1,232.9,normal,0,valid,-14.8dB,-15.1dB,na,na,,,,
2025-07-30 13:41:18.430102,PHY,0x4601,2,,na,"[0,",,,11111,,+33.8dB,14.6us,"[0,",1,232.17,normal,0,valid,-11.8dB,-12.0dB,0.38us,+157.5Hz,,"[6,",,1
2025-07-30 13:41:18.431024,PHY,0x4601,1,0,na,"[0,",0,0,1,326.0,+10.9dB,21.9us,"[0,",1,232.18,normal,0,valid,-14.8dB,-15.1dB,na,na,,,,
2025-07-30 13:41:18.431491,PHY,0x4601,1,0,na,"[0,",0,0,1,329.4,+10.9dB,14.2us,"[0,",1,232.19,normal,0,valid,-14.8dB,-15.1dB,na,na,,,,
2025-07-30 13:41:18.435983,PHY,0x4601,1,0,na,"[0,",0,0,1,409.1,+11.9dB,16.4us,"[0,",1,233.8,normal,0,valid,-14.8dB,-15.1dB,na,na,,,,
2025-07-30 13:41:18.436457,PHY,0x4601,1,0,na,"[0,",0,0,1,400.9,+11.8dB,19.0us,"[0,",1,233.9,normal,0,valid,-14.8dB,-15.1dB,na,na,,,,
2025-07-30 13:41:18.440109,PHY,0x4601,2,,na,"[0,",,,11111,,+28.0dB,14.9us,"[0,",1,233.17,normal,0,valid,-11.8dB,-12.0dB,0.38us,+9.5Hz,,"[6,",,1
2025-07-30 13:41:18.440948,PHY,0x4601,1,0,na,"[0,",0,0,1,335.1,+11.0dB,15.9us,"[0,",1,233.18,normal,0,valid,-14.8dB,-15.1dB,na,na,,,,
2025-07-30 13:41:18.441524,PHY,0x4601,1,0,na,"[0,",0,0,1,342.4,+11.1dB,13.8us,"[0,",1,233.19,normal,0,valid,-14.8dB,-15.1dB,na,na,,,,
2025-07-30 13:41:18.445629,CSI,0x4601,2,,na,"[0,",,,1,,+28.9dB,14.8us,"[0,",1,234.8,normal,0,valid,-11.8dB,-12.0dB,0.39us,-2.4Hz,,"[6,",1111,1
2025-07-30 13:41:18.446494,PHY,0x4601,1,0,na,"[0,",0,0,1,333.4,+11.0dB,20.4us,"[0,",1,234.9,normal,0,valid,-14.8dB,-15.2dB,na,na,,,,
2025-07-30 13:41:18.450030,PHY,0x4601,2,,na,"[0,",,,11111,,+31.1dB,13.3us,"[0,",1,234.17,normal,0,valid,-11.9dB,-12.1dB,0.41us,+35.3Hz,,"[6,",,1
2025-07-30 13:41:18.450979,PHY,0x4601,1,0,na,"[0,",0,0,1,379.1,+11.5dB,16.6us,"[0,",1,234.18,normal,0,valid,-14.8dB,-15.1dB,na,na,,,,
2025-07-30 13:41:18.451451,PHY,0x4601,1,0,na,"[0,",0,0,1,381.3,+11.6dB,13.7us,"[0,",1,234.19,normal,0,valid,-14.8dB,-15.1dB,na,na,,,,
2025-07-30 13:41:18.455948,PHY,0x4601,1,0,na,"[0,",0,0,1,391.8,+11.7dB,17.7us,"[0,",1,235.8,normal,0,valid,-14.8dB,-15.0dB,na,na,,,,
2025-07-30 13:41:18.456534,PHY,0x4601,1,0,na,"[0,",0,0,1,374.7,+11.5dB,14.0us,"[0,",1,235.9,normal,0,valid,-14.8dB,-15.1dB,na,na,,,,
2025-07-30 13:41:18.460080,PHY,0x4601,2,,na,"[0,",,,11111,,+29.1dB,14.4us,"[0,",1,235.17,normal,0,valid,-11.9dB,-12.0dB,0.37us,-9.3Hz,,"[6,",,1
2025-07-30 13:41:18.461004,PHY,0x4601,1,0,na,"[0,",0,0,1,333.6,+11.0dB,16.8us,"[0,",1,235.18,normal,0,valid,-14.8dB,-15.1dB,na,na,,,,
2025-07-30 13:41:18.461490,PHY,0x4601,1,0,na,"[0,",0,0,1,322.5,+10.8dB,18.3us,"[0,",1,235.19,normal,0,valid,-14.8dB,-15.1dB,na,na,,,,
2025-07-30 13:41:18.465621,CSI,0x4601,2,,na,"[0,",,,1,,+32.2dB,16.7us,"[0,",1,236.8,normal,0,valid,-11.9dB,-12.0dB,0.39us,+10.5Hz,,"[6,",1111,1
2025-07-30 13:41:18.466448,PHY,0x4601,1,0,na,"[0,",0,0,1,342.8,+11.1dB,16.6us,"[0,",1,236.9,normal,0,valid,-14.8dB,-15.2dB,na,na,,,,
2025-07-30 13:41:18.470097,PHY,0x4601,2,,na,"[0,",,,11111,,+29.3dB,16.3us,"[0,",1,236.17,normal,0,valid,-11.9dB,-12.0dB,0.39us,+42.3Hz,,"[6,",,1
2025-07-30 13:41:18.471048,PHY,0x4601,1,0,na,"[0,",0,0,1,379.1,+11.5dB,19.4us,"[0,",1,236.18,normal,0,valid,-14.8dB,-15.1dB,na,na,,,,
2025-07-30 13:41:18.471513,PHY,0x4601,1,0,na,"[0,",0,0,1,388.8,+11.6dB,14.8us,"[0,",1,236.19,normal,0,valid,-14.8dB,-15.1dB,na,na,,,,
2025-07-30 13:41:18.476004,PHY,0x4601,1,0,na,"[0,",0,0,1,391.8,+11.7dB,16.3us,"[0,",1,237.8,normal,0,valid,-14.8dB,-15.1dB,na,na,,,,
2025-07-30 13:41:18.476484,PHY,0x4601,1,0,na,"[0,",0,0,1,388.2,+11.7dB,24.4us,"[0,",1,237.9,normal,0,valid,-14.8dB,-15.1dB,na,na,,,,
2025-07-30 13:41:18.480018,PHY,0x4601,2,,na,"[0,",,,11111,,+33.2dB,14.3us,"[0,",1,237.17,normal,0,valid,-12.0dB,-12.2dB,0.38us,-19.7Hz,,"[6,",,1
2025-07-30 13:41:18.480962,PHY,0x4601,1,0,na,"[0,",0,0,1,405.0,+11.8dB,16.9us,"[0,",1,237.18,normal,0,valid,-14.8dB,-15.1dB,na,na,,,,
2025-07-30 13:41:18.481439,PHY,0x4601,1,0,na,"[0,",0,0,1,389.0,+11.6dB,15.8us,"[0,",1,237.19,normal,0,valid,-14.8dB,-15.1dB,na,na,,,,
2025-07-30 13:41:18.485581,CSI,0x4601,2,,na,"[0,",,,1,,+30.2dB,18.3us,"[0,",1,238.8,normal,0,valid,-11.7dB,-11.9dB,0.39us,-106.4Hz,,"[6,",1111,1
2025-07-30 13:41:18.486505,PHY,0x4601,1,0,na,"[0,",0,0,1,395.9,+11.7dB,17.6us,"[0,",1,238.9,normal,0,valid,-14.8dB,-15.1dB,na,na,,,,
2025-07-30 13:41:18.490072,PHY,0x4601,2,,na,"[0,",,,11111,,+32.3dB,14.0us,"[0,",1,238.17,normal,0,valid,-12.0dB,-12.1dB,0.35us,+41.6Hz,,"[6,",,1
2025-07-30 13:41:18.490996,PHY,0x4601,1,0,na,"[0,",0,0,1,330.6,+10.9dB,15.5us,"[0,",1,238.18,normal,0,valid,-14.8dB,-15.2dB,na,na,,,,
2025-07-30 13:41:18.491468,PHY,0x4601,1,0,na,"[0,",0,0,1,339.3,+11.1dB,14.0us,"[0,",1,238.19,normal,0,valid,-14.8dB,-15.1dB,na,na,,,,
2025-07-30 13:41:18.495976,PHY,0x4601,1,0,na,"[0,",0,0,1,393.5,+11.7dB,16.3us,"[0,",1,239.8,normal,0,valid,-14.8dB,-15.1dB,na,na,,,,
2025-07-30 13:41:18.496541,PHY,0x4601,1,0,na,"[0,",0,0,1,389.4,+11.6dB,13.9us,"[0,",1,239.9,normal,0,valid,-14.8dB,-15.1dB,na,na,,,,
2025-07-30 13:41:18.500092,PHY,0x4601,2,,na,"[0,",,,11111,,+30.0dB,14.6us,"[0,",1,239.17,normal,0,valid,-12.0dB,-12.1dB,0.38us,+4.7Hz,,"[6,",,1
2025-07-30 13:41:18.501029,PHY,0x4601,1,0,na,"[0,",0,0,1,400.3,+11.8dB,15.5us,"[0,",1,239.18,normal,0,valid,-14.8dB,-15.1dB,na,na,,,,
2025-07-30 13:41:18.501500,PHY,0x4601,1,0,na,"[0,",0,0,1,390.7,+11.6dB,14.3us,"[0,",1,239.19,normal,0,valid,-14.8dB,-15.1dB,na,na,,,,
2025-07-30 13:41:18.505590,CSI,0x4601,2,,na,"[0,",,,1,,+30.9dB,11.9us,"[0,",1,240.8,normal,0,valid,-11.9dB,-12.0dB,0.40us,-30.0Hz,,"[6,",1111,1
2025-07-30 13:41:18.506464,PHY,0x4601,1,0,na,"[0,",0,0,1,337.8,+11.1dB,15.9us,"[0,",1,240.9,normal,0,valid,-14.8dB,-15.1dB,na,na,,,,
2025-07-30 13:41:18.510120,PHY,0x4601,2,,na,"[0,",,,11111,,+30.5dB,17.4us,"[0,",1,240.17,normal,0,valid,-11.9dB,-12.0dB,0.39us,+92.9Hz,,"[6,",,1
2025-07-30 13:41:18.510949,PHY,0x4601,1,0,na,"[0,",0,0,1,382.6,+11.5dB,15.7us,"[0,",1,240.18,normal,0,valid,-14.8dB,-15.1dB,na,na,,,,
2025-07-30 13:41:18.511530,PHY,0x4601,1,0,na,"[0,",0,0,1,402.9,+11.8dB,14.5us,"[0,",1,240.19,normal,0,valid,-14.8dB,-15.1dB,na,na,,,,
2025-07-30 13:41:18.516032,PHY,0x4601,1,0,na,"[0,",0,0,1,382.1,+11.6dB,18.3us,"[0,",1,241.8,normal,0,valid,-14.8dB,-15.1dB,na,na,,,,
2025-07-30 13:41:18.516497,PHY,0x4601,1,0,na,"[0,",0,0,1,385.2,+11.6dB,14.0us,"[0,",1,241.9,normal,0,valid,-14.8dB,-15.1dB,na,na,,,,
2025-07-30 13:41:18.520041,PHY,0x4601,2,,na,"[0,",,,11111,,+30.7dB,16.7us,"[0,",1,241.17,normal,0,valid,-11.9dB,-12.0dB,0.36us,-157.7Hz,,"[6,",,1
2025-07-30 13:41:18.520981,PHY,0x4601,1,0,na,"[0,",0,0,1,394.4,+11.7dB,15.9us,"[0,",1,241.18,normal,0,valid,-14.8dB,-15.1dB,na,na,,,,
2025-07-30 13:41:18.521454,PHY,0x4601,1,0,na,"[0,",0,0,1,378.0,+11.5dB,13.5us,"[0,",1,241.19,normal,0,valid,-14.8dB,-15.1dB,na,na,,,,
2025-07-30 13:41:18.525594,CSI,0x4601,2,,na,"[0,",,,1,,+31.3dB,12.6us,"[0,",1,242.8,normal,0,valid,-11.8dB,-12.0dB,0.39us,+2.7Hz,,"[6,",1111,1
2025-07-30 13:41:18.526528,PHY,0x4601,1,0,na,"[0,",0,0,1,391.4,+11.6dB,16.7us,"[0,",1,242.9,normal,0,valid,-14.8dB,-15.1dB,na,na,,,,
2025-07-30 13:41:18.530076,PHY,0x4601,2,,na,"[0,",,,11111,,+30.4dB,13.7us,"[0,",1,242.17,normal,0,valid,-11.9dB,-12.0dB,0.38us,+12.1Hz,,"[6,",,1
2025-07-30 13:41:18.531012,PHY,0x4601,1,0,na,"[0,",0,0,1,392.8,+11.7dB,15.0us,"[0,",1,242.18,normal,0,valid,-14.8dB,-15.1dB,na,na,,,,
2025-07-30 13:41:18.531489,PHY,0x4601,1,0,na,"[0,",0,0,1,378.9,+11.6dB,14.2us,"[0,",1,242.19,normal,0,valid,-14.8dB,-15.0dB,na,na,,,,
2025-07-30 13:41:18.535992,PHY,0x4601,1,0,na,"[0,",0,0,1,386.1,+11.6dB,16.5us,"[0,",1,243.8,normal,0,valid,-14.8dB,-15.1dB,na,na,,,,
2025-07-30 13:41:18.536456,PHY,0x4601,1,0,na,"[0,",0,0,1,384.9,+11.6dB,21.9us,"[0,",1,243.9,normal,0,valid,-14.8dB,-15.1dB,na,na,,,,
2025-07-30 13:41:18.540104,PHY,0x4601,2,,na,"[0,",,,11111,,+29.5dB,13.9us,"[0,",1,243.17,normal,0,valid,-11.9dB,-12.0dB,0.37us,+16.6Hz,,"[6,",,1
2025-07-30 13:41:18.540937,PHY,0x4601,1,0,na,"[0,",0,0,1,398.8,+11.7dB,15.5us,"[0,",1,243.18,normal,0,valid,-14.8dB,-15.1dB,na,na,,,,
2025-07-30 13:41:18.541524,PHY,0x4601,1,0,na,"[0,",0,0,1,388.1,+11.6dB,13.5us,"[0,",1,243.19,normal,0,valid,-14.8dB,-15.1dB,na,na,,,,
2025-07-30 13:41:18.545611,CSI,0x4601,2,,na,"[0,",,,1,,+29.9dB,14.0us,"[0,",1,244.8,normal,0,valid,-11.8dB,-12.0dB,0.37us,-32.1Hz,,"[6,",1111,1
2025-07-30 13:41:18.546481,PHY,0x4601,1,0,na,"[0,",0,0,1,389.4,+11.7dB,16.1us,"[0,",1,244.9,normal,0,valid,-14.8dB,-15.0dB,na,na,,,,
2025-07-30 13:41:18.550023,PHY,0x4601,2,,na,"[0,",,,11111,,+29.3dB,13.4us,"[0,",1,244.17,normal,0,valid,-11.9dB,-12.0dB,0.37us,-83.4Hz,,"[6,",,1
2025-07-30 13:41:18.550967,PHY,0x4601,1,0,na,"[0,",0,0,1,392.7,+11.7dB,15.2us,"[0,",1,244.18,normal,0,valid,-14.8dB,-15.0dB,na,na,,,,
2025-07-30 13:41:18.551444,PHY,0x4601,1,0,na,"[0,",0,0,1,394.7,+11.7dB,14.1us,"[0,",1,244.19,normal,0,valid,-14.8dB,-15.1dB,na,na,,,,
2025-07-30 13:41:18.556047,PHY,0x4601,1,0,na,"[0,",0,0,1,387.0,+11.6dB,16.4us,"[0,",1,245.8,normal,0,valid,-14.8dB,-15.1dB,na,na,,,,
2025-07-30 13:41:18.556523,PHY,0x4601,1,0,na,"[0,",0,0,1,400.9,+11.8dB,14.7us,"[0,",1,245.9,normal,0,valid,-14.8dB,-15.1dB,na,na,,,,
2025-07-30 13:41:18.560079,PHY,0x4601,2,,na,"[0,",,,11111,,+30.5dB,15.3us,"[0,",1,245.17,normal,0,valid,-11.8dB,-11.9dB,0.38us,-10.6Hz,,"[6,",,1
2025-07-30 13:41:18.561002,PHY,0x4601,1,0,na,"[0,",0,0,1,398.0,+11.7dB,16.8us,"[0,",1,245.18,normal,0,valid,-14.8dB,-15.1dB,na,na,,,,
2025-07-30 13:41:18.561478,PHY,0x4601,1,0,na,"[0,",0,0,1,390.9,+11.7dB,14.6us,"[0,",1,245.19,normal,0,valid,-14.8dB,-15.1dB,na,na,,,,
2025-07-30 13:41:18.565596,CSI,0x4601,2,,na,"[0,",,,1,,+31.3dB,12.5us,"[0,",1,246.8,normal,0,valid,-11.8dB,-12.0dB,0.39us,+16.0Hz,,"[6,",1111,1
2025-07-30 13:41:18.566441,PHY,0x4601,1,0,na,"[0,",0,0,1,339.2,+11.0dB,15.9us,"[0,",1,246.9,normal,0,valid,-14.8dB,-15.2dB,na,na,,,,
2025-07-30 13:41:18.570108,PHY,0x4601,2,,na,"[0,",,,11111,,+32.9dB,14.1us,"[0,",1,246.17,normal,0,valid,-11.9dB,-12.0dB,0.37us,+65.8Hz,,"[6,",,1
2025-07-30 13:41:18.571036,PHY,0x4601,1,0,na,"[0,",0,0,1,391.3,+11.7dB,16.0us,"[0,",1,246.18,normal,0,valid,-14.8dB,-15.1dB,na,na,,,,
2025-07-30 13:41:18.571508,PHY,0x4601,1,0,na,"[0,",0,0,1,393.4,+11.7dB,15.8us,"[0,",1,246.19,normal,0,valid,-14.8dB,-15.1dB,na,na,,,,
2025-07-30 13:41:18.576001,PHY,0x4601,1,0,na,"[0,",0,0,1,386.2,+11.6dB,20.6us,"[0,",1,247.8,normal,0,valid,-14.8dB,-15.1dB,na,na,,,,
2025-07-30 13:41:18.576482,PHY,0x4601,1,0,na,"[0,",0,0,1,386.5,+11.6dB,15.5us,"[0,",1,247.9,normal,0,valid,-14.8dB,-15.1dB,na,na,,,,
2025-07-30 13:41:18.580022,PHY,0x4601,2,,na,"[0,",,,11111,,+31.1dB,19.9us,"[0,",1,247.17,normal,0,valid,-11.9dB,-12.0dB,0.40us,-73.9Hz,,"[6,",,1
2025-07-30 13:41:18.580958,PHY,0x4601,1,0,na,"[0,",0,0,1,324.4,+10.8dB,17.4us,"[0,",1,247.18,normal,0,valid,-14.8dB,-15.1dB,na,na,,,,
2025-07-30 13:41:18.581549,PHY,0x4601,1,0,na,"[0,",0,0,1,335.2,+11.0dB,15.3us,"[0,",1,247.19,normal,0,valid,-14.8dB,-15.2dB,na,na,,,,
2025-07-30 13:41:18.585566,CSI,0x4601,2,,na,"[0,",,,1,,+29.7dB,12.7us,"[0,",1,248.8,normal,0,valid,-11.8dB,-11.9dB,0.39us,-69.0Hz,,"[6,",1111,1
2025-07-30 13:41:18.586509,PHY,0x4601,1,0,na,"[0,",0,0,1,378.2,+11.5dB,24.3us,"[0,",1,248.9,normal,0,valid,-14.8dB,-15.1dB,na,na,,,,
2025-07-30 13:41:18.590049,PHY,0x4601,2,,na,"[0,",,,11111,,+28.0dB,15.6us,"[0,",1,248.17,normal,0,valid,-11.8dB,-11.9dB,0.38us,-65.3Hz,,"[6,",,1
2025-07-30 13:41:18.590988,PHY,0x4601,1,0,na,"[0,",0,0,1,320.9,+10.8dB,17.2us,"[0,",1,248.18,normal,0,valid,-14.8dB,-15.1dB,na,na,,,,
2025-07-30 13:41:18.591471,PHY,0x4601,1,0,na,"[0,",0,0,1,318.8,+10.8dB,16.2us,"[0,",1,248.19,normal,0,valid,-14.8dB,-15.2dB,na,na,,,,
2025-07-30 13:41:18.595956,PHY,0x4601,1,0,na,"[0,",0,0,1,380.6,+11.5dB,16.7us,"[0,",1,249.8,normal,0,valid,-14.8dB,-15.1dB,na,na,,,,
2025-07-30 13:41:18.596535,PHY,0x4601,1,0,na,"[0,",0,0,1,388.9,+11.6dB,14.9us,"[0,",1,249.9,normal,0,valid,-14.8dB,-15.1dB,na,na,,,,
2025-07-30 13:41:18.600093,PHY,0x4601,2,,na,"[0,",,,11111,,+30.4dB,14.5us,"[0,",1,249.17,normal,0,valid,-11.9dB,-12.0dB,0.37us,-28.7Hz,,"[6,",,1
2025-07-30 13:41:18.601021,PHY,0x4601,1,0,na,"[0,",0,0,1,331.8,+10.9dB,15.9us,"[0,",1,249.18,normal,0,valid,-14.8dB,-15.1dB,na,na,,,,
2025-07-30 13:41:18.601498,PHY,0x4601,1,0,na,"[0,",0,0,1,325.6,+10.8dB,18.3us,"[0,",1,249.19,normal,0,valid,-14.8dB,-15.1dB,na,na,,,,
2025-07-30 13:41:18.605582,CSI,0x4601,2,,na,"[0,",,,1,,+29.7dB,14.4us,"[0,",1,250.8,normal,0,valid,-11.9dB,-12.0dB,0.39us,+18.3Hz,,"[6,",1111,1
2025-07-30 13:41:18.606457,PHY,0x4601,1,0,na,"[0,",0,0,1,397.1,+11.7dB,15.4us,"[0,",1,250.9,normal,0,valid,-14.9dB,-15.1dB,na,na,,,,
2025-07-30 13:41:18.610136,PHY,0x4601,2,,na,"[0,",,,11111,,+32.1dB,14.9us,"[0,",1,250.17,normal,0,valid,-11.9dB,-12.0dB,0.38us,+55.7Hz,,"[6,",,1
2025-07-30 13:41:18.610954,PHY,0x4601,1,0,na,"[0,",0,0,1,380.0,+11.5dB,15.6us,"[0,",1,250.18,normal,0,valid,-14.8dB,-15.1dB,na,na,,,,
2025-07-30 13:41:18.611530,PHY,0x4601,1,0,na,"[0,",0,0,1,384.1,+11.6dB,14.2us,"[0,",1,250.19,normal,0,valid,-14.8dB,-15.1dB,na,na,,,,
2025-07-30 13:41:18.616018,PHY,0x4601,1,0,na,"[0,",0,0,1,393.9,+11.7dB,15.6us,"[0,",1,251.8,normal,0,valid,-14.8dB,-15.1dB,na,na,,,,
2025-07-30 13:41:18.616519,PHY,0x4601,1,0,na,"[0,",0,0,1,385.9,+11.6dB,14.5us,"[0,",1,251.9,normal,0,valid,-14.8dB,-15.1dB,na,na,,,,
2025-07-30 13:41:18.620031,PHY,0x4601,2,,na,"[0,",,,11111,,+31.9dB,14.7us,"[0,",1,251.17,normal,0,valid,-11.8dB,-12.0dB,0.38us,+106.6Hz,,"[6,",,1
2025-07-30 13:41:18.620977,PHY,0x4601,1,0,na,"[0,",0,0,1,336.0,+11.0dB,16.0us,"[0,",1,251.18,normal,0,valid,-14.8dB,-15.2dB,na,na,,,,
2025-07-30 13:41:18.621452,PHY,0x4601,1,0,na,"[0,",0,0,1,334.4,+11.0dB,17.8us,"[0,",1,251.19,normal,0,valid,-14.8dB,-15.1dB,na,na,,,,
2025-07-30 13:41:18.625579,CSI,0x4601,2,,na,"[0,",,,1,,+29.9dB,15.1us,"[0,",1,252.8,normal,0,valid,-11.8dB,-11.9dB,0.39us,-27.3Hz,,"[6,",1111,1
2025-07-30 13:41:18.626521,PHY,0x4601,1,0,na,"[0,",0,0,1,383.2,+11.6dB,16.7us,"[0,",1,252.9,normal,0,valid,-14.8dB,-15.1dB,na,na,,,,
2025-07-30 13:41:18.630070,PHY,0x4601,2,,na,"[0,",,,11111,,+32.7dB,14.8us,"[0,",1,252.17,normal,0,valid,-11.9dB,-12.0dB,0.38us,-18.7Hz,,"[6,",,1
2025-07-30 13:41:18.631004,PHY,0x4601,1,0,na,"[0,",0,0,1,329.4,+10.9dB,16.0us,"[0,",1,252.18,normal,0,valid,-14.8dB,-15.1dB,na,na,,,,
2025-07-30 13:41:18.631478,PHY,0x4601,1,0,na,"[0,",0,0,1,327.0,+10.8dB,13.6us,"[0,",1,252.19,normal,0,valid,-14.8dB,-15.2dB,na,na,,,,
2025-07-30 13:41:18.635990,PHY,0x4601,1,0,na,"[0,",0,0,1,393.9,+11.7dB,31.9us,"[0,",1,253.8,normal,0,valid,-14.8dB,-15.1dB,na,na,,,,
2025-07-30 13:41:18.636445,PHY,0x4601,1,0,na,"[0,",0,0,1,378.5,+11.6dB,15.0us,"[0,",1,253.9,normal,0,valid,-14.8dB,-15.1dB,na,na,,,,
2025-07-30 13:41:18.640106,PHY,0x4601,2,,na,"[0,",,,11111,,+30.9dB,17.1us,"[0,",1,253.17,normal,0,valid,-12.0dB,-12.1dB,0.39us,-116.9Hz,,"[6,",,1
2025-07-30 13:41:18.641041,PHY,0x4601,1,0,na,"[0,",0,0,1,322.7,+10.8dB,16.0us,"[0,",1,253.18,normal,0,valid,-14.8dB,-15.2dB,na,na,,,,
2025-07-30 13:41:18.641510,PHY,0x4601,1,0,na,"[0,",0,0,1,319.5,+10.8dB,13.9us,"[0,",1,253.19,normal,0,valid,-14.8dB,-15.2dB,na,na,,,,
2025-07-30 13:41:18.645605,CSI,0x4601,2,,na,"[0,",,,1,,+29.2dB,13.2us,"[0,",1,254.8,normal,0,valid,-11.9dB,-12.0dB,0.38us,-119.1Hz,,"[6,",1111,1
2025-07-30 13:41:18.646476,PHY,0x4601,1,0,na,"[0,",0,0,1,325.3,+10.8dB,15.7us,"[0,",1,254.9,normal,0,valid,-14.8dB,-15.2dB,na,na,,,,
2025-07-30 13:41:18.650014,PHY,0x4601,2,,na,"[0,",,,11111,,+33.2dB,12.0us,"[0,",1,254.17,normal,0,valid,-11.9dB,-12.0dB,0.37us,-31.2Hz,,"[6,",,1
2025-07-30 13:41:18.650970,PHY,0x4601,1,0,na,"[0,",0,0,1,333.1,+11.0dB,15.3us,"[0,",1,254.18,normal,0,valid,-14.8dB,-15.1dB,na,na,,,,
2025-07-30 13:41:18.651439,PHY,0x4601,1,0,na,"[0,",0,0,1,327.7,+10.9dB,14.0us,"[0,",1,254.19,normal,0,valid,-14.8dB,-15.2dB,na,na,,,,
2025-07-30 13:41:18.656054,PHY,0x4601,1,0,na,"[0,",0,0,1,392.4,+11.7dB,16.3us,"[0,",1,255.8,normal,0,valid,-14.8dB,-15.1dB,na,na,,,,
2025-07-30 13:41:18.656512,PHY,0x4601,1,0,na,"[0,",0,0,1,394.6,+11.7dB,13.8us,"[0,",1,255.9,normal,0,valid,-14.8dB,-15.1dB,na,na,,,,
2025-07-30 13:41:18.660056,PHY,0x4601,2,,na,"[0,",,,11111,,+29.2dB,17.6us,"[0,",1,255.17,normal,0,valid,-11.8dB,-12.0dB,0.39us,+9.4Hz,,"[6,",,1
2025-07-30 13:41:18.660993,PHY,0x4601,1,0,na,"[0,",0,0,1,337.3,+11.0dB,15.2us,"[0,",1,255.18,normal,0,valid,-14.8dB,-15.2dB,na,na,,,,
2025-07-30 13:41:18.661468,PHY,0x4601,1,0,na,"[0,",0,0,1,334.8,+11.0dB,13.1us,"[0,",1,255.19,normal,0,valid,-14.8dB,-15.1dB,na,na,,,,
2025-07-30 13:41:18.665591,CSI,0x4601,2,,na,"[0,",,,1,,+30.5dB,12.7us,"[0,",1,256.8,normal,0,valid,-11.8dB,-12.0dB,0.39us,-28.3Hz,,"[6,",1111,1
2025-07-30 13:41:18.666540,PHY,0x4601,1,0,na,"[0,",0,0,1,378.7,+11.5dB,15.3us,"[0,",1,256.9,normal,0,valid,-14.8dB,-15.1dB,na,na,,,,
2025-07-30 13:41:18.670092,PHY,0x4601,2,,na,"[0,",,,11111,,+29.6dB,13.7us,"[0,",1,256.17,normal,0,valid,-11.9dB,-12.0dB,0.38us,+78.7Hz,,"[6,",,1
2025-07-30 13:41:18.671024,PHY,0x4601,1,0,na,"[0,",0,0,1,323.8,+10.8dB,15.4us,"[0,",1,256.18,normal,0,valid,-14.8dB,-15.2dB,na,na,,,,
2025-07-30 13:41:18.671502,PHY,0x4601,1,0,na,"[0,",0,0,1,329.2,+10.9dB,13.6us,"[0,",1,256.19,normal,0,valid,-14.8dB,-15.2dB,na,na,,,,
2025-07-30 13:41:18.675993,PHY,0x4601,1,0,na,"[0,",0,0,1,380.8,+11.6dB,16.9us,"[0,",1,257.8,normal,0,valid,-14.8dB,-15.1dB,na,na,,,,
2025-07-30 13:41:18.676462,PHY,0x4601,1,0,na,"[0,",0,0,1,401.9,+11.8dB,14.0us,"[0,",1,257.9,normal,0,valid,-14.8dB,-15.1dB,na,na,,,,
2025-07-30 13:41:18.680130,PHY,0x4601,2,,na,"[0,",,,11111,,+29.9dB,25.4us,"[0,",1,257.17,normal,0,valid,-11.9dB,-12.0dB,0.36us,-134.1Hz,,"[6,",,1
2025-07-30 13:41:18.680950,PHY,0x4601,1,0,na,"[0,",0,0,1,331.6,+11.0dB,16.4us,"[0,",1,257.18,normal,0,valid,-14.8dB,-15.1dB,na,na,,,,
2025-07-30 13:41:18.681536,PHY,0x4601,1,0,na,"[0,",0,0,1,328.6,+10.9dB,16.9us,"[0,",1,257.19,normal,0,valid,-14.8dB,-15.2dB,na,na,,,,
2025-07-30 13:41:18.685558,CSI,0x4601,2,,na,"[0,",,,1,,+30.5dB,16.2us,"[0,",1,258.8,normal,0,valid,-11.8dB,-11.9dB,0.38us,+16.7Hz,,"[6,",1111,1
2025-07-30 13:41:18.686497,PHY,0x4601,1,0,na,"[0,",0,0,1,317.5,+10.8dB,15.7us,"[0,",1,258.9,normal,0,valid,-14.8dB,-15.2dB,na,na,,,,
2025-07-30 13:41:18.690038,PHY,0x4601,2,,na,"[0,",,,11111,,+26.9dB,13.4us,"[0,",1,258.17,normal,0,valid,-11.9dB,-12.0dB,0.39us,+73.4Hz,,"[6,",,1
2025-07-30 13:41:18.690985,PHY,0x4601,1,0,na,"[0,",0,0,1,328.3,+10.9dB,16.9us,"[0,",1,258.18,normal,0,valid,-14.8dB,-15.1dB,na,na,,,,
2025-07-30 13:41:18.691461,PHY,0x4601,1,0,na,"[0,",0,0,1,323.3,+10.8dB,14.0us,"[0,",1,258.19,normal,0,valid,-14.8dB,-15.2dB,na,na,,,,
2025-07-30 13:41:18.695953,PHY,0x4601,1,0,na,"[0,",0,0,1,381.3,+11.6dB,17.7us,"[0,",1,259.8,normal,0,valid,-14.8dB,-15.1dB,na,na,,,,
2025-07-30 13:41:18.696534,PHY,0x4601,1,0,na,"[0,",0,0,1,374.9,+11.5dB,14.6us,"[0,",1,259.9,normal,0,valid,-14.8dB,-15.1dB,na,na,,,,
2025-07-30 13:41:18.700079,PHY,0x4601,2,,na,"[0,",,,11111,,+28.9dB,19.2us,"[0,",1,259.17,normal,0,valid,-11.9dB,-12.1dB,0.39us,+87.7Hz,,"[6,",,1
2025-07-30 13:41:18.701014,PHY,0x4601,1,0,na,"[0,",0,0,1,386.5,+11.6dB,15.5us,"[0,",1,259.18,normal,0,valid,-14.8dB,-15.1dB,na,na,,,,
2025-07-30 13:41:18.701494,PHY,0x4601,1,0,na,"[0,",0,0,1,361.3,+11.3dB,13.8us,"[0,",1,259.19,normal,0,valid,-14.8dB,-15.2dB,na,na,,,,
2025-07-30 13:41:18.705617,CSI,0x4601,2,,na,"[0,",,,1,,+26.8dB,12.8us,"[0,",1,260.8,normal,0,valid,-11.8dB,-12.0dB,0.40us,-54.0Hz,,"[6,",1111,1
2025-07-30 13:41:18.706448,PHY,0x4601,1,0,na,"[0,",0,0,1,328.5,+10.9dB,16.3us,"[0,",1,260.9,normal,0,valid,-14.8dB,-15.2dB,na,na,,,,
2025-07-30 13:41:18.710115,PHY,0x4601,2,,na,"[0,",,,11111,,+32.6dB,13.5us,"[0,",1,260.17,normal,0,valid,-11.8dB,-11.9dB,0.37us,+68.8Hz,,"[6,",,1
2025-07-30 13:41:18.710937,PHY,0x4601,1,0,na,"[0,",0,0,1,379.2,+11.5dB,16.2us,"[0,",1,260.18,normal,0,valid,-14.8dB,-15.1dB,na,na,,,,
2025-07-30 13:41:18.711517,PHY,0x4601,1,0,na,"[0,",0,0,1,379.2,+11.5dB,13.9us,"[0,",1,260.19,normal,0,valid,-14.8dB,-15.1dB,na,na,,,,
2025-07-30 13:41:18.716020,PHY,0x4601,1,0,na,"[0,",0,0,1,387.7,+11.6dB,18.5us,"[0,",1,261.8,normal,0,valid,-14.8dB,-15.1dB,na,na,,,,
2025-07-30 13:41:18.716493,PHY,0x4601,1,0,na,"[0,",0,0,1,379.0,+11.5dB,28.3us,"[0,",1,261.9,normal,0,valid,-14.9dB,-15.2dB,na,na,,,,
2025-07-30 13:41:18.720024,PHY,0x4601,2,,na,"[0,",,,11111,,+29.3dB,15.7us,"[0,",1,261.17,normal,0,valid,-12.0dB,-12.1dB,0.37us,-102.0Hz,,"[6,",,1
2025-07-30 13:41:18.720972,PHY,0x4601,1,0,na,"[0,",0,0,1,377.5,+11.5dB,17.4us,"[0,",1,261.18,normal,0,valid,-14.8dB,-15.1dB,na,na,,,,
2025-07-30 13:41:18.721443,PHY,0x4601,1,0,na,"[0,",0,0,1,392.9,+11.7dB,13.8us,"[0,",1,261.19,normal,0,valid,-14.8dB,-15.1dB,na,na,,,,
2025-07-30 13:41:18.725580,CSI,0x4601,2,,na,"[0,",,,1,,+29.2dB,12.7us,"[0,",1,262.8,normal,0,valid,-11.9dB,-12.0dB,0.39us,-41.3Hz,,"[6,",1111,1
2025-07-30 13:41:18.726512,PHY,0x4601,1,0,na,"[0,",0,0,1,372.2,+11.4dB,15.7us,"[0,",1,262.9,normal,0,valid,-14.8dB,-15.1dB,na,na,,,,
2025-07-30 13:41:18.730074,PHY,0x4601,2,,na,"[0,",,,11111,,+33.3dB,15.2us,"[0,",1,262.17,normal,0,valid,-11.9dB,-12.1dB,0.39us,-52.3Hz,,"[6,",,1
2025-07-30 13:41:18.731000,PHY,0x4601,1,0,na,"[0,",0,0,1,336.2,+11.0dB,15.7us,"[0,",1,262.18,normal,0,valid,-14.8dB,-15.1dB,na,na,,,,
2025-07-30 13:41:18.731477,PHY,0x4601,1,0,na,"[0,",0,0,1,332.9,+11.0dB,14.1us,"[0,",1,262.19,normal,0,valid,-14.8dB,-15.1dB,na,na,,,,
2025-07-30 13:41:18.735968,PHY,0x4601,1,0,na,"[0,",0,0,1,400.0,+11.8dB,16.5us,"[0,",1,263.8,normal,0,valid,-14.8dB,-15.1dB,na,na,,,,
2025-07-30 13:41:18.736442,PHY,0x4601,1,0,na,"[0,",0,0,1,393.9,+11.7dB,14.8us,"[0,",1,263.9,normal,0,valid,-14.8dB,-15.1dB,na,na,,,,
2025-07-30 13:41:18.740112,PHY,0x4601,2,,na,"[0,",,,11111,,+30.4dB,15.1us,"[0,",1,263.17,normal,0,valid,-12.0dB,-12.1dB,0.36us,-30.8Hz,,"[6,",,1
2025-07-30 13:41:18.741031,PHY,0x4601,1,0,na,"[0,",0,0,1,395.4,+11.7dB,15.5us,"[0,",1,263.18,normal,0,valid,-14.8dB,-15.1dB,na,na,,,,
2025-07-30 13:41:18.741506,PHY,0x4601,1,0,na,"[0,",0,0,1,386.6,+11.6dB,14.7us,"[0,",1,263.19,normal,0,valid,-14.9dB,-15.2dB,na,na,,,,
2025-07-30 13:41:18.745604,CSI,0x4601,2,,na,"[0,",,,1,,+30.3dB,12.2us,"[0,",1,264.8,normal,0,valid,-11.9dB,-12.0dB,0.39us,-97.8Hz,,"[6,",1111,1
2025-07-30 13:41:18.746472,PHY,0x4601,1,0,na,"[0,",0,0,1,334.1,+11.0dB,16.0us,"[0,",1,264.9,normal,0,valid,-14.8dB,-15.1dB,na,na,,,,
2025-07-30 13:41:18.750014,PHY,0x4601,2,,na,"[0,",,,11111,,+29.6dB,15.4us,"[0,",1,264.17,normal,0,valid,-11.9dB,-12.0dB,0.37us,+149.7Hz,,"[6,",,1
2025-07-30 13:41:18.750965,PHY,0x4601,1,0,na,"[0,",0,0,1,336.1,+11.0dB,16.4us,"[0,",1,264.18,normal,0,valid,-14.8dB,-15.1dB,na,na,,,,
2025-07-30 13:41:18.751536,PHY,0x4601,1,0,na,"[0,",0,0,1,326.6,+10.9dB,14.1us,"[0,",1,264.19,normal,0,valid,-14.8dB,-15.1dB,na,na,,,,
2025-07-30 13:41:18.756039,PHY,0x4601,1,0,na,"[0,",0,0,1,371.2,+11.4dB,17.0us,"[0,",1,265.8,normal,0,valid,-14.8dB,-15.1dB,na,na,,,,
2025-07-30 13:41:18.756515,PHY,0x4601,1,0,na,"[0,",0,0,1,389.4,+11.7dB,14.7us,"[0,",1,265.9,normal,0,valid,-14.8dB,-15.1dB,na,na,,,,
2025-07-30 13:41:18.760055,PHY,0x4601,2,,na,"[0,",,,11111,,+27.3dB,22.0us,"[0,",1,265.17,normal,0,valid,-11.8dB,-11.9dB,0.37us,+91.4Hz,,"[6,",,1
2025-07-30 13:41:18.760999,PHY,0x4601,1,0,na,"[0,",0,0,1,323.9,+10.9dB,19.0us,"[0,",1,265.18,normal,0,valid,-14.8dB,-15.2dB,na,na,,,,
2025-07-30 13:41:18.761469,PHY,0x4601,1,0,na,"[0,",0,0,1,325.7,+10.9dB,14.5us,"[0,",1,265.19,normal,0,valid,-14.8dB,-15.1dB,na,na,,,,
2025-07-30 13:41:18.765598,CSI,0x4601,2,,na,"[0,",,,1,,+32.3dB,18.1us,"[0,",1,266.8,normal,0,valid,-11.9dB,-12.0dB,0.35us,+35.8Hz,,"[6,",1111,1
2025-07-30 13:41:18.766539,PHY,0x4601,1,0,na,"[0,",0,0,1,302.7,+10.5dB,19.6us,"[0,",1,266.9,normal,0,valid,-14.8dB,-15.2dB,na,na,,,,
2025-07-30 13:41:18.770120,PHY,0x4601,2,,na,"[0,",,,11111,,+31.4dB,27.6us,"[0,",1,266.17,normal,0,valid,-12.0dB,-12.1dB,0.38us,+78.0Hz,,"[6,",,1
2025-07-30 13:41:18.771029,PHY,0x4601,1,0,na,"[0,",0,0,1,323.4,+10.8dB,23.2us,"[0,",1,266.18,normal,0,valid,-14.8dB,-15.1dB,na,na,,,,
2025-07-30 13:41:18.771511,PHY,0x4601,1,0,na,"[0,",0,0,1,316.3,+10.8dB,18.7us,"[0,",1,266.19,normal,0,valid,-14.8dB,-15.1dB,na,na,,,,
2025-07-30 13:41:18.776000,PHY,0x4601,1,0,na,"[0,",0,0,1,371.4,+11.4dB,21.4us,"[0,",1,267.8,normal,0,valid,-14.8dB,-15.1dB,na,na,,,,
2025-07-30 13:41:18.776467,PHY,0x4601,1,0,na,"[0,",0,0,1,397.5,+11.7dB,19.3us,"[0,",1,267.9,normal,0,valid,-14.8dB,-15.1dB,na,na,,,,
2025-07-30 13:41:18.780133,PHY,0x4601,2,,na,"[0,",,,11111,,+33.1dB,24.8us,"[0,",1,267.17,normal,0,valid,-12.0dB,-12.1dB,0.39us,+31.8Hz,,"[6,",,1
2025-07-30 13:41:18.780954,PHY,0x4601,1,0,na,"[0,",0,0,1,318.3,+10.8dB,17.7us,"[0,",1,267.18,normal,0,valid,-14.8dB,-15.1dB,na,na,,,,
2025-07-30 13:41:18.781541,PHY,0x4601,1,0,na,"[0,",0,0,1,322.3,+10.8dB,23.0us,"[0,",1,267.19,normal,0,valid,-14.8dB,-15.1dB,na,na,,,,
2025-07-30 13:41:18.785654,CSI,0x4601,2,,na,"[0,",,,1,,+28.4dB,17.7us,"[0,",1,268.8,normal,0,valid,-12.0dB,-12.1dB,0.38us,-54.8Hz,,"[6,",1111,1
2025-07-30 13:41:18.786500,PHY,0x4601,1,0,na,"[0,",0,0,1,331.8,+10.9dB,19.0us,"[0,",1,268.9,normal,0,valid,-14.8dB,-15.2dB,na,na,,,,
2025-07-30 13:41:18.790049,PHY,0x4601,2,,na,"[0,",,,11111,,+31.5dB,23.7us,"[0,",1,268.17,normal,0,valid,-12.0dB,-12.1dB,0.38us,+63.4Hz,,"[6,",,1
2025-07-30 13:41:18.790986,PHY,0x4601,1,0,na,"[0,",0,0,1,395.6,+11.7dB,18.1us,"[0,",1,268.18,normal,0,valid,-14.8dB,-15.1dB,na,na,,,,
2025-07-30 13:41:18.791460,PHY,0x4601,1,0,na,"[0,",0,0,1,383.9,+11.6dB,16.1us,"[0,",1,268.19,normal,0,valid,-14.8dB,-15.1dB,na,na,,,,
2025-07-30 13:41:18.795959,PHY,0x4601,1,0,na,"[0,",0,0,1,381.8,+11.5dB,20.4us,"[0,",1,269.8,normal,0,valid,-14.8dB,-15.1dB,na,na,,,,
2025-07-30 13:41:18.796534,PHY,0x4601,1,0,na,"[0,",0,0,1,393.9,+11.7dB,18.4us,"[0,",1,269.9,normal,0,valid,-14.8dB,-15.1dB,na,na,,,,
2025-07-30 13:41:18.800089,PHY,0x4601,2,,na,"[0,",,,11111,,+29.7dB,26.3us,"[0,",1,269.17,normal,0,valid,-11.9dB,-12.0dB,0.38us,-3.1Hz,,"[6,",,1
2025-07-30 13:41:18.801017,PHY,0x4601,1,0,na,"[0,",0,0,1,339.4,+11.0dB,18.4us,"[0,",1,269.18,normal,0,valid,-14.8dB,-15.2dB,na,na,,,,
2025-07-30 13:41:18.801485,PHY,0x4601,1,0,na,"[0,",0,0,1,338.4,+11.0dB,16.0us,"[0,",1,269.19,normal,0,valid,-14.8dB,-15.1dB,na,na,,,,
2025-07-30 13:41:18.805625,CSI,0x4601,2,,na,"[0,",,,1,,+29.6dB,16.6us,"[0,",1,270.8,normal,0,valid,-11.8dB,-11.9dB,0.38us,-73.0Hz,,"[6,",1111,1
2025-07-30 13:41:18.806474,PHY,0x4601,1,0,na,"[0,",0,0,1,332.3,+10.9dB,23.7us,"[0,",1,270.9,normal,0,valid,-14.8dB,-15.2dB,na,na,,,,
2025-07-30 13:41:18.810110,PHY,0x4601,2,,na,"[0,",,,11111,,+32.3dB,27.4us,"[0,",1,270.17,normal,0,valid,-12.0dB,-12.1dB,0.38us,+114.5Hz,,"[6,",,1
2025-07-30 13:41:18.811055,PHY,0x4601,1,0,na,"[0,",0,0,1,402.5,+11.8dB,22.3us,"[0,",1,270.18,normal,0,valid,-14.8dB,-15.1dB,na,na,,,,
2025-07-30 13:41:18.811522,PHY,0x4601,1,0,na,"[0,",0,0,1,369.9,+11.4dB,19.1us,"[0,",1,270.19,normal,0,valid,-14.8dB,-15.1dB,na,na,,,,
2025-07-30 13:41:18.816016,PHY,0x4601,1,0,na,"[0,",0,0,1,390.5,+11.7dB,24.2us,"[0,",1,271.8,normal,0,valid,-14.8dB,-15.1dB,na,na,,,,
2025-07-30 13:41:18.816500,PHY,0x4601,1,0,na,"[0,",0,0,1,395.6,+11.7dB,34.7us,"[0,",1,271.9,normal,0,valid,-14.8dB,-15.1dB,na,na,,,,
2025-07-30 13:41:18.820046,PHY,0x4601,2,,na,"[0,",,,11111,,+26.6dB,28.3us,"[0,",1,271.17,normal,0,valid,-11.9dB,-12.1dB,0.39us,+40.6Hz,,"[6,",,1
2025-07-30 13:41:18.820976,PHY,0x4601,1,0,na,"[0,",0,0,1,379.7,+11.6dB,21.6us,"[0,",1,271.18,normal,0,valid,-14.8dB,-15.0dB,na,na,,,,
2025-07-30 13:41:18.821451,PHY,0x4601,1,0,na,"[0,",0,0,1,383.6,+11.6dB,19.5us,"[0,",1,271.19,normal,0,valid,-14.8dB,-15.1dB,na,na,,,,
2025-07-30 13:41:18.825580,CSI,0x4601,2,,na,"[0,",,,1,,+32.7dB,17.8us,"[0,",1,272.8,normal,0,valid,-11.8dB,-11.9dB,0.40us,+61.7Hz,,"[6,",1111,1
2025-07-30 13:41:18.826524,PHY,0x4601,1,0,na,"[0,",0,0,1,313.2,+10.7dB,21.4us,"[0,",1,272.9,normal,0,valid,-14.8dB,-15.1dB,na,na,,,,
2025-07-30 13:41:18.830076,PHY,0x4601,2,,na,"[0,",,,11111,,+27.4dB,26.8us,"[0,",1,272.17,normal,0,valid,-11.9dB,-12.0dB,0.39us,-53.4Hz,,"[6,",,1
2025-07-30 13:41:18.831005,PHY,0x4601,1,0,na,"[0,",0,0,1,379.0,+11.5dB,22.0us,"[0,",1,272.18,normal,0,valid,-14.8dB,-15.1dB,na,na,,,,
2025-07-30 13:41:18.831487,PHY,0x4601,1,0,na,"[0,",0,0,1,397.5,+11.8dB,20.1us,"[0,",1,272.19,normal,0,valid,-14.8dB,-15.0dB,na,na,,,,
2025-07-30 13:41:18.835972,PHY,0x4601,1,0,na,"[0,",0,0,1,397.1,+11.7dB,22.9us,"[0,",1,273.8,normal,0,valid,-14.8dB,-15.1dB,na,na,,,,
2025-07-30 13:41:18.836548,PHY,0x4601,1,0,na,"[0,",0,0,1,390.0,+11.7dB,19.0us,"[0,",1,273.9,normal,0,valid,-14.8dB,-15.1dB,na,na,,,,
2025-07-30 13:41:18.840111,PHY,0x4601,2,,na,"[0,",,,11111,,+27.7dB,27.0us,"[0,",1,273.17,normal,0,valid,-12.0dB,-12.1dB,0.39us,+98.6Hz,,"[6,",,1
2025-07-30 13:41:18.841035,PHY,0x4601,1,0,na,"[0,",0,0,1,325.4,+10.9dB,21.4us,"[0,",1,273.18,normal,0,valid,-14.8dB,-15.1dB,na,na,,,,
2025-07-30 13:41:18.841512,PHY,0x4601,1,0,na,"[0,",0,0,1,325.6,+10.9dB,20.2us,"[0,",1,273.19,normal,0,valid,-14.8dB,-15.1dB,na,na,,,,
2025-07-30 13:41:18.845646,CSI,0x4601,2,,na,"[0,",,,1,,+28.7dB,17.5us,"[0,",1,274.8,normal,0,valid,-11.9dB,-12.1dB,0.39us,-84.9Hz,,"[6,",1111,1
2025-07-30 13:41:18.846495,PHY,0x4601,1,0,na,"[0,",0,0,1,385.0,+11.6dB,21.8us,"[0,",1,274.9,normal,0,valid,-14.8dB,-15.1dB,na,na,,,,
2025-07-30 13:41:18.850135,PHY,0x4601,2,,na,"[0,",,,11111,,+30.5dB,28.2us,"[0,",1,274.17,normal,0,valid,-11.9dB,-12.0dB,0.39us,-16.7Hz,,"[6,",,1
2025-07-30 13:41:18.850960,PHY,0x4601,1,0,na,"[0,",0,0,1,320.1,+10.8dB,19.0us,"[0,",1,274.18,normal,0,valid,-14.8dB,-15.2dB,na,na,,,,
2025-07-30 13:41:18.851549,PHY,0x4601,1,0,na,"[0,",0,0,1,334.0,+11.0dB,20.9us,"[0,",1,274.19,normal,0,valid,-14.8dB,-15.1dB,na,na,,,,
2025-07-30 13:41:18.856040,PHY,0x4601,1,0,na,"[0,",0,0,1,380.7,+11.5dB,21.5us,"[0,",1,275.8,normal,0,valid,-14.8dB,-15.1dB,na,na,,,,
2025-07-30 13:41:18.856517,PHY,0x4601,1,0,na,"[0,",0,0,1,374.0,+11.5dB,19.5us,"[0,",1,275.9,normal,0,valid,-14.8dB,-15.1dB,na,na,,,,
2025-07-30 13:41:18.860058,PHY,0x4601,2,,na,"[0,",,,11111,,+29.7dB,27.9us,"[0,",1,275.17,normal,0,valid,-12.1dB,-12.2dB,0.37us,+5.3Hz,,"[6,",,1
2025-07-30 13:41:18.860996,PHY,0x4601,1,0,na,"[0,",0,0,1,335.0,+11.0dB,21.2us,"[0,",1,275.18,normal,0,valid,-14.8dB,-15.1dB,na,na,,,,
2025-07-30 13:41:18.861463,PHY,0x4601,1,0,na,"[0,",0,0,1,326.3,+10.9dB,19.1us,"[0,",1,275.19,normal,0,valid,-14.8dB,-15.2dB,na,na,,,,
2025-07-30 13:41:18.865602,CSI,0x4601,2,,na,"[0,",,,1,,+28.1dB,19.9us,"[0,",1,276.8,normal,0,valid,-12.1dB,-12.2dB,0.39us,-65.8Hz,,"[6,",1111,1
2025-07-30 13:41:18.866555,PHY,0x4601,1,0,na,"[0,",0,0,1,330.1,+10.9dB,19.8us,"[0,",1,276.9,normal,0,valid,-15.1dB,-15.5dB,na,na,,,,
2025-07-30 13:41:18.870126,PHY,0x4601,2,,na,"[0,",,,11111,,+28.0dB,35.4us,"[0,",1,276.17,normal,0,valid,-12.1dB,-12.3dB,0.39us,+0.9Hz,,"[6,",,1
2025-07-30 13:41:18.871024,PHY,0x4601,1,0,na,"[0,",0,0,1,328.3,+10.9dB,23.8us,"[0,",1,276.18,normal,0,valid,-15.1dB,-15.5dB,na,na,,,,
2025-07-30 13:41:18.871490,PHY,0x4601,1,0,na,"[0,",0,0,1,340.1,+11.1dB,16.9us,"[0,",1,276.19,normal,0,valid,-15.1dB,-15.5dB,na,na,,,,
2025-07-30 13:41:18.876009,PHY,0x4601,1,0,na,"[0,",0,0,1,366.9,+11.4dB,23.4us,"[0,",1,277.8,normal,0,valid,-15.1dB,-15.4dB,na,na,,,,
2025-07-30 13:41:18.876455,PHY,0x4601,1,0,na,"[0,",0,0,1,366.8,+11.4dB,18.5us,"[0,",1,277.9,normal,0,valid,-15.2dB,-15.5dB,na,na,,,,
2025-07-30 13:41:18.880114,PHY,0x4601,2,,na,"[0,",,,11111,,+29.3dB,25.4us,"[0,",1,277.17,normal,0,valid,-12.2dB,-12.3dB,0.38us,+52.5Hz,,"[6,",,1
2025-07-30 13:41:18.880943,PHY,0x4601,1,0,na,"[0,",0,0,1,378.1,+11.5dB,18.3us,"[0,",1,277.18,normal,0,valid,-15.1dB,-15.4dB,na,na,,,,
2025-07-30 13:41:18.881523,PHY,0x4601,1,0,na,"[0,",0,0,1,374.9,+11.5dB,15.7us,"[0,",1,277.19,normal,0,valid,-15.1dB,-15.4dB,na,na,,,,
2025-07-30 13:41:18.885645,CSI,0x4601,2,,na,"[0,",,,1,,+30.4dB,17.0us,"[0,",1,278.8,normal,0,valid,-12.1dB,-12.3dB,0.39us,-25.3Hz,,"[6,",1111,1
2025-07-30 13:41:18.886489,PHY,0x4601,1,0,na,"[0,",0,0,1,408.9,+11.9dB,19.1us,"[0,",1,278.9,normal,0,valid,-15.2dB,-15.4dB,na,na,,,,
2025-07-30 13:41:18.890043,PHY,0x4601,2,,na,"[0,",,,11111,,+32.4dB,27.3us,"[0,",1,278.17,normal,0,valid,-12.2dB,-12.3dB,0.37us,+137.9Hz,,"[6,",,1
2025-07-30 13:41:18.890979,PHY,0x4601,1,0,na,"[0,",0,0,1,336.8,+11.0dB,22.5us,"[0,",1,278.18,normal,0,valid,-15.1dB,-15.5dB,na,na,,,,
2025-07-30 13:41:18.891468,PHY,0x4601,1,0,na,"[0,",0,0,1,315.4,+10.7dB,19.0us,"[0,",1,278.19,normal,0,valid,-15.1dB,-15.5dB,na,na,,,,
2025-07-30 13:41:18.896048,PHY,0x4601,1,0,na,"[0,",0,0,1,379.7,+11.5dB,21.4us,"[0,",1,279.8,normal,0,valid,-15.2dB,-15.5dB,na,na,,,,
2025-07-30 13:41:18.896528,PHY,0x4601,1,0,na,"[0,",0,0,1,381.3,+11.6dB,19.0us,"[0,",1,279.9,normal,0,valid,-15.2dB,-15.4dB,na,na,,,,
2025-07-30 13:41:18.900079,PHY,0x4601,2,,na,"[0,",,,11111,,+29.6dB,26.7us,"[0,",1,279.17,normal,0,valid,-12.2dB,-12.4dB,0.39us,+24.8Hz,,"[6,",,1
2025-07-30 13:41:18.901010,PHY,0x4601,1,0,na,"[0,",0,0,1,409.0,+11.9dB,21.7us,"[0,",1,279.18,normal,0,valid,-15.1dB,-15.4dB,na,na,,,,
2025-07-30 13:41:18.901487,PHY,0x4601,1,0,na,"[0,",0,0,1,370.0,+11.4dB,20.1us,"[0,",1,279.19,normal,0,valid,-15.1dB,-15.4dB,na,na,,,,
2025-07-30 13:41:18.905619,CSI,0x4601,2,,na,"[0,",,,1,,+32.3dB,17.4us,"[0,",1,280.8,normal,0,valid,-12.1dB,-12.2dB,0.40us,-73.5Hz,,"[6,",1111,1
2025-07-30 13:41:18.906465,PHY,0x4601,1,0,na,"[0,",0,0,1,320.5,+10.8dB,22.6us,"[0,",1,280.9,normal,0,valid,-15.2dB,-15.5dB,na,na,,,,
2025-07-30 13:41:18.910111,PHY,0x4601,2,,na,"[0,",,,11111,,+27.2dB,31.8us,"[0,",1,280.17,normal,0,valid,-12.3dB,-12.5dB,0.40us,+192.5Hz,,"[6,",,1
2025-07-30 13:41:18.911057,PHY,0x4601,1,0,na,"[0,",0,0,1,329.4,+10.9dB,30.3us,"[0,",1,280.18,normal,0,valid,-15.1dB,-15.5dB,na,na,,,,
2025-07-30 13:41:18.911520,PHY,0x4601,1,0,na,"[0,",0,0,1,314.6,+10.7dB,19.0us,"[0,",1,280.19,normal,0,valid,-15.1dB,-15.5dB,na,na,,,,
2025-07-30 13:41:18.916007,PHY,0x4601,1,0,na,"[0,",0,0,1,366.2,+11.4dB,23.0us,"[0,",1,281.8,normal,0,valid,-15.1dB,-15.4dB,na,na,,,,
2025-07-30 13:41:18.916495,PHY,0x4601,1,0,na,"[0,",0,0,1,394.7,+11.7dB,30.5us,"[0,",1,281.9,normal,0,valid,-15.2dB,-15.5dB,na,na,,,,
2025-07-30 13:41:18.920032,PHY,0x4601,2,,na,"[0,",,,11111,,+28.9dB,29.1us,"[0,",1,281.17,normal,0,valid,-12.1dB,-12.3dB,0.38us,-185.5Hz,,"[6,",,1
2025-07-30 13:41:18.920968,PHY,0x4601,1,0,na,"[0,",0,0,1,330.4,+10.9dB,22.3us,"[0,",1,281.18,normal,0,valid,-15.1dB,-15.4dB,na,na,,,,
2025-07-30 13:41:18.921545,PHY,0x4601,1,0,na,"[0,",0,0,1,329.6,+10.9dB,19.1us,"[0,",1,281.19,normal,0,valid,-15.2dB,-15.5dB,na,na,,,,
2025-07-30 13:41:18.925582,CSI,0x4601,2,,na,"[0,",,,1,,+28.8dB,17.7us,"[0,",1,282.8,normal,0,valid,-12.2dB,-12.3dB,0.38us,-25.6Hz,,"[6,",1111,1
2025-07-30 13:41:18.926512,PHY,0x4601,1,0,na,"[0,",0,0,1,318.7,+10.8dB,22.5us,"[0,",1,282.9,normal,0,valid,-15.2dB,-15.5dB,na,na,,,,
2025-07-30 13:41:18.930065,PHY,0x4601,2,,na,"[0,",,,11111,,+31.7dB,25.9us,"[0,",1,282.17,normal,0,valid,-12.1dB,-12.3dB,0.38us,+53.8Hz,,"[6,",,1
2025-07-30 13:41:18.931007,PHY,0x4601,1,0,na,"[0,",0,0,1,330.5,+10.9dB,22.5us,"[0,",1,282.18,normal,0,valid,-15.1dB,-15.4dB,na,na,,,,
2025-07-30 13:41:18.931472,PHY,0x4601,1,0,na,"[0,",0,0,1,326.4,+10.9dB,19.6us,"[0,",1,282.19,normal,0,valid,-15.1dB,-15.5dB,na,na,,,,
2025-07-30 13:41:18.935977,PHY,0x4601,1,0,na,"[0,",0,0,1,388.3,+11.6dB,22.1us,"[0,",1,283.8,normal,0,valid,-15.1dB,-15.4dB,na,na,,,,
2025-07-30 13:41:18.936563,PHY,0x4601,1,0,na,"[0,",0,0,1,386.1,+11.6dB,19.2us,"[0,",1,283.9,normal,0,valid,-15.2dB,-15.4dB,na,na,,,,
2025-07-30 13:41:18.940106,PHY,0x4601,2,,na,"[0,",,,11111,,+31.7dB,30.6us,"[0,",1,283.17,normal,0,valid,-12.1dB,-12.3dB,0.38us,+15.1Hz,,"[6,",,1
2025-07-30 13:41:18.941032,PHY,0x4601,1,0,na,"[0,",0,0,1,379.5,+11.6dB,19.4us,"[0,",1,283.18,normal,0,valid,-15.1dB,-15.4dB,na,na,,,,
2025-07-30 13:41:18.941505,PHY,0x4601,1,0,na,"[0,",0,0,1,391.4,+11.7dB,18.5us,"[0,",1,283.19,normal,0,valid,-15.1dB,-15.4dB,na,na,,,,
2025-07-30 13:41:18.945637,CSI,0x4601,2,,na,"[0,",,,1,,+28.7dB,17.7us,"[0,",1,284.8,normal,0,valid,-12.2dB,-12.3dB,0.40us,-151.5Hz,,"[6,",1111,1
2025-07-30 13:41:18.946468,PHY,0x4601,1,0,na,"[0,",0,0,1,379.2,+11.5dB,18.1us,"[0,",1,284.9,normal,0,valid,-15.1dB,-15.4dB,na,na,,,,
2025-07-30 13:41:18.950124,PHY,0x4601,2,,na,"[0,",,,11111,,+31.5dB,23.7us,"[0,",1,284.17,normal,0,valid,-12.3dB,-12.4dB,0.40us,-103.1Hz,,"[6,",,1
2025-07-30 13:41:18.950956,PHY,0x4601,1,0,na,"[0,",0,0,1,376.7,+11.5dB,20.5us,"[0,",1,284.18,normal,0,valid,-15.1dB,-15.4dB,na,na,,,,
2025-07-30 13:41:18.951530,PHY,0x4601,1,0,na,"[0,",0,0,1,395.4,+11.7dB,17.0us,"[0,",1,284.19,normal,0,valid,-15.1dB,-15.4dB,na,na,,,,
2025-07-30 13:41:18.956043,PHY,0x4601,1,0,na,"[0,",0,0,1,396.6,+11.7dB,20.6us,"[0,",1,285.8,normal,0,valid,-15.1dB,-15.4dB,na,na,,,,
2025-07-30 13:41:18.956515,PHY,0x4601,1,0,na,"[0,",0,0,1,385.2,+11.6dB,19.4us,"[0,",1,285.9,normal,0,valid,-15.2dB,-15.5dB,na,na,,,,
2025-07-30 13:41:18.960049,PHY,0x4601,2,,na,"[0,",,,11111,,+32.7dB,26.2us,"[0,",1,285.17,normal,0,valid,-12.1dB,-12.2dB,0.38us,+47.6Hz,,"[6,",,1
2025-07-30 13:41:18.960995,PHY,0x4601,1,0,na,"[0,",0,0,1,321.6,+10.8dB,19.6us,"[0,",1,285.18,normal,0,valid,-15.1dB,-15.5dB,na,na,,,,
2025-07-30 13:41:18.961460,PHY,0x4601,1,0,na,"[0,",0,0,1,324.2,+10.9dB,16.1us,"[0,",1,285.19,normal,0,valid,-15.1dB,-15.5dB,na,na,,,,
2025-07-30 13:41:18.965607,CSI,0x4601,2,,na,"[0,",,,1,,+29.8dB,17.3us,"[0,",1,286.8,normal,0,valid,-12.2dB,-12.3dB,0.38us,-17.4Hz,,"[6,",1111,1
2025-07-30 13:41:18.966521,PHY,0x4601,1,0,na,"[0,",0,0,1,377.8,+11.5dB,17.1us,"[0,",1,286.9,normal,0,valid,-15.1dB,-15.4dB,na,na,,,,
2025-07-30 13:41:18.970115,PHY,0x4601,2,,na,"[0,",,,11111,,+29.1dB,19.5us,"[0,",1,286.17,normal,0,valid,-12.2dB,-12.4dB,0.39us,+82.8Hz,,"[6,",,1
2025-07-30 13:41:18.971023,PHY,0x4601,1,0,na,"[0,",0,0,1,325.3,+10.8dB,17.5us,"[0,",1,286.18,normal,0,valid,-15.1dB,-15.5dB,na,na,,,,
2025-07-30 13:41:18.971508,PHY,0x4601,1,0,na,"[0,",0,0,1,318.8,+10.8dB,19.4us,"[0,",1,286.19,normal,0,valid,-15.1dB,-15.5dB,na,na,,,,
2025-07-30 13:41:18.976017,PHY,0x4601,1,0,na,"[0,",0,0,1,381.9,+11.6dB,18.3us,"[0,",1,287.8,normal,0,valid,-15.1dB,-15.4dB,na,na,,,,
2025-07-30 13:41:18.976519,PHY,0x4601,1,0,na,"[0,",0,0,1,389.3,+11.7dB,17.7us,"[0,",1,287.9,normal,0,valid,-15.2dB,-15.4dB,na,na,,,,
2025-07-30 13:41:18.980113,PHY,0x4601,2,,na,"[0,",,,11111,,+29.8dB,23.1us,"[0,",1,287.17,normal,0,valid,-12.1dB,-12.3dB,0.38us,+37.7Hz,,"[6,",,1
2025-07-30 13:41:18.981069,PHY,0x4601,1,0,na,"[0,",0,0,1,396.9,+11.7dB,19.7us,"[0,",1,287.18,normal,0,valid,-15.1dB,-15.4dB,na,na,,,,
2025-07-30 13:41:18.981553,PHY,0x4601,1,0,na,"[0,",0,0,1,379.3,+11.5dB,15.3us,"[0,",1,287.19,normal,0,valid,-15.1dB,-15.4dB,na,na,,,,
2025-07-30 13:41:18.985645,CSI,0x4601,2,,na,"[0,",,,1,,+29.6dB,14.5us,"[0,",1,288.8,normal,0,valid,-12.2dB,-12.3dB,0.36us,+12.7Hz,,"[6,",1111,1
2025-07-30 13:41:18.986491,PHY,0x4601,1,0,na,"[0,",0,0,1,326.3,+10.9dB,18.1us,"[0,",1,288.9,normal,0,valid,-15.2dB,-15.5dB,na,na,,,,
2025-07-30 13:41:18.990030,PHY,0x4601,2,,na,"[0,",,,11111,,+29.4dB,18.0us,"[0,",1,288.17,normal,0,valid,-12.2dB,-12.3dB,0.39us,+127.0Hz,,"[6,",,1
2025-07-30 13:41:18.990997,PHY,0x4601,1,0,na,"[0,",0,0,1,316.0,+10.8dB,17.2us,"[0,",1,288.18,normal,0,valid,-15.1dB,-15.4dB,na,na,,,,
2025-07-30 13:41:18.991488,PHY,0x4601,1,0,na,"[0,",0,0,1,327.8,+10.9dB,17.3us,"[0,",1,288.19,normal,0,valid,-15.1dB,-15.5dB,na,na,,,,
2025-07-30 13:41:18.996067,PHY,0x4601,1,0,na,"[0,",0,0,1,378.8,+11.5dB,18.8us,"[0,",1,289.8,normal,0,valid,-15.2dB,-15.5dB,na,na,,,,
2025-07-30 13:41:18.996553,PHY,0x4601,1,0,na,"[0,",0,0,1,360.5,+11.3dB,18.2us,"[0,",1,289.9,normal,0,valid,-15.2dB,-15.5dB,na,na,,,,
2025-07-30 13:41:19.000076,PHY,0x4601,2,,na,"[0,",,,11111,,+27.8dB,18.0us,"[0,",1,289.17,normal,0,valid,-12.2dB,-12.3dB,0.35us,+11.5Hz,,"[6,",,1
2025-07-30 13:41:19.001028,PHY,0x4601,1,0,na,"[0,",0,0,1,376.8,+11.5dB,21.3us,"[0,",1,289.18,normal,0,valid,-15.1dB,-15.4dB,na,na,,,,
2025-07-30 13:41:19.001513,PHY,0x4601,1,0,na,"[0,",0,0,1,382.1,+11.6dB,19.6us,"[0,",1,289.19,normal,0,valid,-15.1dB,-15.4dB,na,na,,,,
2025-07-30 13:41:19.005638,CSI,0x4601,2,,na,"[0,",,,1,,+29.8dB,13.8us,"[0,",1,290.8,normal,0,valid,-12.1dB,-12.3dB,0.38us,+42.0Hz,,"[6,",1111,1
2025-07-30 13:41:19.006555,PHY,0x4601,1,0,na,"[0,",0,0,1,306.7,+10.6dB,17.4us,"[0,",1,290.9,normal,0,valid,-15.1dB,-15.5dB,na,na,,,,
2025-07-30 13:41:19.010111,PHY,0x4601,2,,na,"[0,",,,11111,,+28.8dB,23.2us,"[0,",1,290.17,normal,0,valid,-12.2dB,-12.3dB,0.39us,+54.6Hz,,"[6,",,1
2025-07-30 13:41:19.011064,PHY,0x4601,1,0,na,"[0,",0,0,1,392.8,+11.7dB,17.7us,"[0,",1,290.18,normal,0,valid,-15.2dB,-15.5dB,na,na,,,,
2025-07-30 13:41:19.011501,PHY,0x4601,1,0,na,"[0,",0,0,1,370.2,+11.4dB,16.7us,"[0,",1,290.19,normal,0,valid,-15.1dB,-15.4dB,na,na,,,,
2025-07-30 13:41:19.016004,PHY,0x4601,1,0,na,"[0,",0,0,1,379.5,+11.6dB,20.2us,"[0,",1,291.8,normal,0,valid,-15.1dB,-15.4dB,na,na,,,,
2025-07-30 13:41:19.016492,PHY,0x4601,1,0,na,"[0,",0,0,1,375.0,+11.5dB,28.3us,"[0,",1,291.9,normal,0,valid,-15.1dB,-15.4dB,na,na,,,,
2025-07-30 13:41:19.020170,PHY,0x4601,2,,na,"[0,",,,11111,,+29.3dB,26.1us,"[0,",1,291.17,normal,0,valid,-12.3dB,-12.4dB,0.38us,+20.4Hz,,"[6,",,1
2025-07-30 13:41:19.020958,PHY,0x4601,1,0,na,"[0,",0,0,1,400.2,+11.8dB,16.4us,"[0,",1,291.18,normal,0,valid,-15.1dB,-15.4dB,na,na,,,,
2025-07-30 13:41:19.021547,PHY,0x4601,1,0,na,"[0,",0,0,1,373.2,+11.5dB,14.4us,"[0,",1,291.19,normal,0,valid,-15.1dB,-15.4dB,na,na,,,,
2025-07-30 13:41:19.025566,CSI,0x4601,2,,na,"[0,",,,1,,+30.5dB,12.8us,"[0,",1,292.8,normal,0,valid,-12.2dB,-12.3dB,0.37us,-19.1Hz,,"[6,",1111,1
2025-07-30 13:41:19.026520,PHY,0x4601,1,0,na,"[0,",0,0,1,310.9,+10.6dB,17.3us,"[0,",1,292.9,normal,0,valid,-15.1dB,-15.5dB,na,na,,,,
2025-07-30 13:41:19.030037,PHY,0x4601,2,,na,"[0,",,,11111,,+27.9dB,14.3us,"[0,",1,292.17,normal,0,valid,-12.2dB,-12.3dB,0.39us,+224.1Hz,,"[6,",,1
2025-07-30 13:41:19.030985,PHY,0x4601,1,0,na,"[0,",0,0,1,328.1,+10.9dB,20.9us,"[0,",1,292.18,normal,0,valid,-15.1dB,-15.4dB,na,na,,,,
2025-07-30 13:41:19.031455,PHY,0x4601,1,0,na,"[0,",0,0,1,310.9,+10.6dB,14.7us,"[0,",1,292.19,normal,0,valid,-15.1dB,-15.5dB,na,na,,,,
2025-07-30 13:41:19.035952,PHY,0x4601,1,0,na,"[0,",0,0,1,395.9,+11.7dB,18.6us,"[0,",1,293.8,normal,0,valid,-15.1dB,-15.4dB,na,na,,,,
2025-07-30 13:41:19.036535,PHY,0x4601,1,0,na,"[0,",0,0,1,377.4,+11.5dB,14.9us,"[0,",1,293.9,normal,0,valid,-15.1dB,-15.5dB,na,na,,,,
2025-07-30 13:41:19.040102,PHY,0x4601,2,,na,"[0,",,,11111,,+28.7dB,17.9us,"[0,",1,293.17,normal,0,valid,-12.3dB,-12.4dB,0.37us,+71.6Hz,,"[6,",,1
2025-07-30 13:41:19.041007,PHY,0x4601,1,0,na,"[0,",0,0,1,376.1,+11.5dB,15.6us,"[0,",1,293.18,normal,0,valid,-15.1dB,-15.4dB,na,na,,,,
2025-07-30 13:41:19.041483,PHY,0x4601,1,0,na,"[0,",0,0,1,378.7,+11.6dB,14.6us,"[0,",1,293.19,normal,0,valid,-15.1dB,-15.4dB,na,na,,,,
2025-07-30 13:41:19.045628,CSI,0x4601,2,,na,"[0,",,,1,,+29.7dB,15.0us,"[0,",1,294.8,normal,0,valid,-12.2dB,-12.4dB,0.41us,+50.7Hz,,"[6,",1111,1
2025-07-30 13:41:19.046455,PHY,0x4601,1,0,na,"[0,",0,0,1,316.6,+10.8dB,16.6us,"[0,",1,294.9,normal,0,valid,-15.1dB,-15.5dB,na,na,,,,
2025-07-30 13:41:19.050103,PHY,0x4601,2,,na,"[0,",,,11111,,+31.5dB,14.2us,"[0,",1,294.17,normal,0,valid,-12.2dB,-12.4dB,0.38us,-25.6Hz,,"[6,",,1
2025-07-30 13:41:19.050941,PHY,0x4601,1,0,na,"[0,",0,0,1,384.0,+11.6dB,16.7us,"[0,",1,294.18,normal,0,valid,-15.1dB,-15.4dB,na,na,,,,
2025-07-30 13:41:19.051517,PHY,0x4601,1,0,na,"[0,",0,0,1,379.0,+11.5dB,14.0us,"[0,",1,294.19,normal,0,valid,-15.1dB,-15.4dB,na,na,,,,
2025-07-30 13:41:19.056017,PHY,0x4601,1,0,na,"[0,",0,0,1,366.5,+11.4dB,19.0us,"[0,",1,295.8,normal,0,valid,-15.2dB,-15.5dB,na,na,,,,
2025-07-30 13:41:19.056488,PHY,0x4601,1,0,na,"[0,",0,0,1,383.2,+11.6dB,25.3us,"[0,",1,295.9,normal,0,valid,-15.1dB,-15.4dB,na,na,,,,
2025-07-30 13:41:19.060024,PHY,0x4601,2,,na,"[0,",,,11111,,+30.4dB,14.3us,"[0,",1,295.17,normal,0,valid,-12.3dB,-12.4dB,0.39us,+31.7Hz,,"[6,",,1
2025-07-30 13:41:19.060973,PHY,0x4601,1,0,na,"[0,",0,0,1,375.6,+11.5dB,16.3us,"[0,",1,295.18,normal,0,valid,-15.1dB,-15.4dB,na,na,,,,
2025-07-30 13:41:19.061460,PHY,0x4601,1,0,na,"[0,",0,0,1,396.3,+11.7dB,26.2us,"[0,",1,295.19,normal,0,valid,-15.1dB,-15.4dB,na,na,,,,
2025-07-30 13:41:19.065576,CSI,0x4601,2,,na,"[0,",,,1,,+28.7dB,15.6us,"[0,",1,296.8,normal,0,valid,-12.2dB,-12.3dB,0.39us,-83.2Hz,,"[6,",1111,1
2025-07-30 13:41:19.066514,PHY,0x4601,1,0,na,"[0,",0,0,1,324.1,+10.9dB,15.7us,"[0,",1,296.9,normal,0,valid,-15.1dB,-15.5dB,na,na,,,,
2025-07-30 13:41:19.070067,PHY,0x4601,2,,na,"[0,",,,11111,,+32.3dB,15.9us,"[0,",1,296.17,normal,0,valid,-12.2dB,-12.3dB,0.38us,+39.8Hz,,"[6,",,1
2025-07-30 13:41:19.070999,PHY,0x4601,1,0,na,"[0,",0,0,1,372.6,+11.5dB,14.9us,"[0,",1,296.18,normal,0,valid,-15.1dB,-15.4dB,na,na,,,,
2025-07-30 13:41:19.071485,PHY,0x4601,1,0,na,"[0,",0,0,1,372.3,+11.5dB,18.0us,"[0,",1,296.19,normal,0,valid,-15.1dB,-15.4dB,na,na,,,,
2025-07-30 13:41:19.075970,PHY,0x4601,1,0,na,"[0,",0,0,1,400.5,+11.8dB,17.0us,"[0,",1,297.8,normal,0,valid,-15.1dB,-15.4dB,na,na,,,,
2025-07-30 13:41:19.076437,PHY,0x4601,1,0,na,"[0,",0,0,1,376.5,+11.5dB,13.8us,"[0,",1,297.9,normal,0,valid,-15.2dB,-15.5dB,na,na,,,,
2025-07-30 13:41:19.080102,PHY,0x4601,2,,na,"[0,",,,11111,,+28.5dB,15.5us,"[0,",1,297.17,normal,0,valid,-12.2dB,-12.3dB,0.38us,+111.5Hz,,"[6,",,1
2025-07-30 13:41:19.081041,PHY,0x4601,1,0,na,"[0,",0,0,1,386.6,+11.7dB,19.8us,"[0,",1,297.18,normal,0,valid,-15.1dB,-15.4dB,na,na,,,,
2025-07-30 13:41:19.081508,PHY,0x4601,1,0,na,"[0,",0,0,1,374.4,+11.5dB,13.6us,"[0,",1,297.19,normal,0,valid,-15.1dB,-15.4dB,na,na,,,,
2025-07-30 13:41:19.085595,CSI,0x4601,2,,na,"[0,",,,1,,+28.9dB,11.3us,"[0,",1,298.8,normal,0,valid,-12.2dB,-12.3dB,0.36us,-103.1Hz,,"[6,",1111,1
2025-07-30 13:41:19.086475,PHY,0x4601,1,0,na,"[0,",0,0,1,400.0,+11.7dB,16.4us,"[0,",1,298.9,normal,0,valid,-15.1dB,-15.4dB,na,na,,,,
2025-07-30 13:41:19.090016,PHY,0x4601,2,,na,"[0,",,,11111,,+30.4dB,21.2us,"[0,",1,298.17,normal,0,valid,-12.1dB,-12.3dB,0.38us,+161.3Hz,,"[6,",,1
2025-07-30 13:41:19.090962,PHY,0x4601,1,0,na,"[0,",0,0,1,379.9,+11.5dB,23.1us,"[0,",1,298.18,normal,0,valid,-15.2dB,-15.5dB,na,na,,,,
2025-07-30 13:41:19.091549,PHY,0x4601,1,0,na,"[0,",0,0,1,380.7,+11.5dB,18.7us,"[0,",1,298.19,normal,0,valid,-15.1dB,-15.4dB,na,na,,,,
2025-07-30 13:41:19.096028,PHY,0x4601,1,0,na,"[0,",0,0,1,385.0,+11.6dB,17.9us,"[0,",1,299.8,normal,0,valid,-15.1dB,-15.4dB,na,na,,,,
2025-07-30 13:41:19.096512,PHY,0x4601,1,0,na,"[0,",0,0,1,371.3,+11.4dB,13.7us,"[0,",1,299.9,normal,0,valid,-15.1dB,-15.4dB,na,na,,,,
2025-07-30 13:41:19.100046,PHY,0x4601,2,,na,"[0,",,,11111,,+30.4dB,14.4us,"[0,",1,299.17,normal,0,valid,-12.2dB,-12.3dB,0.39us,+92.6Hz,,"[6,",,1
2025-07-30 13:41:19.100998,PHY,0x4601,1,0,na,"[0,",0,0,1,390.1,+11.6dB,15.4us,"[0,",1,299.18,normal,0,valid,-15.1dB,-15.4dB,na,na,,,,
2025-07-30 13:41:19.101468,PHY,0x4601,1,0,na,"[0,",0,0,1,365.9,+11.3dB,13.8us,"[0,",1,299.19,normal,0,valid,-15.1dB,-15.5dB,na,na,,,,
2025-07-30 13:41:19.105592,CSI,0x4601,2,,na,"[0,",,,1,,+29.1dB,13.3us,"[0,",1,300.8,normal,0,valid,-12.1dB,-12.3dB,0.39us,+4.8Hz,,"[6,",1111,1
2025-07-30 13:41:19.106539,PHY,0x4601,1,0,na,"[0,",0,0,1,337.6,+11.0dB,16.9us,"[0,",1,300.9,normal,0,valid,-15.1dB,-15.5dB,na,na,,,,
2025-07-30 13:41:19.110087,PHY,0x4601,2,,na,"[0,",,,11111,,+29.7dB,13.8us,"[0,",1,300.17,normal,0,valid,-12.1dB,-12.3dB,0.39us,-57.5Hz,,"[6,",,1
2025-07-30 13:41:19.111022,PHY,0x4601,1,0,na,"[0,",0,0,1,387.4,+11.6dB,16.4us,"[0,",1,300.18,normal,0,valid,-15.1dB,-15.4dB,na,na,,,,
2025-07-30 13:41:19.111492,PHY,0x4601,1,0,na,"[0,",0,0,1,394.7,+11.7dB,13.9us,"[0,",1,300.19,normal,0,valid,-15.1dB,-15.4dB,na,na,,,,
2025-07-30 13:41:19.115984,PHY,0x4601,1,0,na,"[0,",0,0,1,385.6,+11.6dB,17.5us,"[0,",1,301.8,normal,0,valid,-15.1dB,-15.4dB,na,na,,,,
2025-07-30 13:41:19.116455,PHY,0x4601,1,0,na,"[0,",0,0,1,379.4,+11.5dB,16.4us,"[0,",1,301.9,normal,0,valid,-15.1dB,-15.4dB,na,na,,,,
2025-07-30 13:41:19.120149,PHY,0x4601,2,,na,"[0,",,,11111,,+28.8dB,14.4us,"[0,",1,301.17,normal,0,valid,-12.1dB,-12.3dB,0.37us,-219.0Hz,,"[6,",,1
2025-07-30 13:41:19.120946,PHY,0x4601,1,0,na,"[0,",0,0,1,366.4,+11.4dB,17.0us,"[0,",1,301.18,normal,0,valid,-15.1dB,-15.5dB,na,na,,,,
2025-07-30 13:41:19.121523,PHY,0x4601,1,0,na,"[0,",0,0,1,370.6,+11.4dB,13.9us,"[0,",1,301.19,normal,0,valid,-15.1dB,-15.4dB,na,na,,,,
2025-07-30 13:41:19.125624,CSI,0x4601,2,,na,"[0,",,,1,,+29.4dB,14.5us,"[0,",1,302.8,normal,0,valid,-12.1dB,-12.3dB,0.39us,-161.0Hz,,"[6,",1111,1
2025-07-30 13:41:19.126492,PHY,0x4601,1,0,na,"[0,",0,0,1,320.4,+10.8dB,15.6us,"[0,",1,302.9,normal,0,valid,-15.1dB,-15.5dB,na,na,,,,
2025-07-30 13:41:19.130035,PHY,0x4601,2,,na,"[0,",,,11111,,+30.5dB,13.4us,"[0,",1,302.17,normal,0,valid,-12.2dB,-12.3dB,0.37us,-22.6Hz,,"[6,",,1
2025-07-30 13:41:19.130978,PHY,0x4601,1,0,na,"[0,",0,0,1,376.1,+11.5dB,16.9us,"[0,",1,302.18,normal,0,valid,-15.1dB,-15.5dB,na,na,,,,
2025-07-30 13:41:19.131457,PHY,0x4601,1,0,na,"[0,",0,0,1,368.6,+11.4dB,16.2us,"[0,",1,302.19,normal,0,valid,-15.1dB,-15.4dB,na,na,,,,
2025-07-30 13:41:19.135949,PHY,0x4601,1,0,na,"[0,",0,0,1,393.9,+11.7dB,16.5us,"[0,",1,303.8,normal,0,valid,-15.1dB,-15.4dB,na,na,,,,
2025-07-30 13:41:19.136527,PHY,0x4601,1,0,na,"[0,",0,0,1,381.5,+11.6dB,14.4us,"[0,",1,303.9,normal,0,valid,-15.2dB,-15.4dB,na,na,,,,
2025-07-30 13:41:19.140103,PHY,0x4601,2,,na,"[0,",,,11111,,+29.9dB,14.1us,"[0,",1,303.17,normal,0,valid,-12.2dB,-12.3dB,0.38us,+79.8Hz,,"[6,",,1
2025-07-30 13:41:19.141006,PHY,0x4601,1,0,na,"[0,",0,0,1,320.6,+10.8dB,16.4us,"[0,",1,303.18,normal,0,valid,-15.1dB,-15.5dB,na,na,,,,
2025-07-30 13:41:19.141482,PHY,0x4601,1,0,na,"[0,",0,0,1,320.9,+10.8dB,16.0us,"[0,",1,303.19,normal,0,valid,-15.1dB,-15.4dB,na,na,,,,
2025-07-30 13:41:19.145647,CSI,0x4601,2,,na,"[0,",,,1,,+31.6dB,13.1us,"[0,",1,304.8,normal,0,valid,-12.1dB,-12.3dB,0.38us,+37.3Hz,,"[6,",1111,1
2025-07-30 13:41:19.146452,PHY,0x4601,1,0,na,"[0,",0,0,1,327.8,+10.9dB,15.9us,"[0,",1,304.9,normal,0,valid,-15.2dB,-15.5dB,na,na,,,,
2025-07-30 13:41:19.150108,PHY,0x4601,2,,na,"[0,",,,11111,,+29.4dB,14.2us,"[0,",1,304.17,normal,0,valid,-12.1dB,-12.2dB,0.36us,-11.2Hz,,"[6,",,1
2025-07-30 13:41:19.151042,PHY,0x4601,1,0,na,"[0,",0,0,1,317.6,+10.8dB,15.1us,"[0,",1,304.18,normal,0,valid,-15.1dB,-15.5dB,na,na,,,,
2025-07-30 13:41:19.151507,PHY,0x4601,1,0,na,"[0,",0,0,1,323.4,+10.8dB,14.6us,"[0,",1,304.19,normal,0,valid,-15.1dB,-15.5dB,na,na,,,,
2025-07-30 13:41:19.156009,PHY,0x4601,1,0,na,"[0,",0,0,1,385.7,+11.6dB,23.8us,"[0,",1,305.8,normal,0,valid,-15.2dB,-15.5dB,na,na,,,,
2025-07-30 13:41:19.156489,PHY,0x4601,1,0,na,"[0,",0,0,1,366.6,+11.4dB,28.8us,"[0,",1,305.9,normal,0,valid,-15.1dB,-15.4dB,na,na,,,,
2025-07-30 13:41:19.160021,PHY,0x4601,2,,na,"[0,",,,11111,,+28.8dB,14.3us,"[0,",1,305.17,normal,0,valid,-12.2dB,-12.3dB,0.37us,+146.6Hz,,"[6,",,1
2025-07-30 13:41:19.160967,PHY,0x4601,1,0,na,"[0,",0,0,1,388.4,+11.6dB,15.7us,"[0,",1,305.18,normal,0,valid,-15.1dB,-15.4dB,na,na,,,,
2025-07-30 13:41:19.161437,PHY,0x4601,1,0,na,"[0,",0,0,1,381.8,+11.6dB,13.1us,"[0,",1,305.19,normal,0,valid,-15.1dB,-15.4dB,na,na,,,,
2025-07-30 13:41:19.165564,CSI,0x4601,2,,na,"[0,",,,1,,+30.8dB,14.8us,"[0,",1,306.8,normal,0,valid,-12.2dB,-12.4dB,0.40us,-12.8Hz,,"[6,",1111,1
2025-07-30 13:41:19.166523,PHY,0x4601,1,0,na,"[0,",0,0,1,308.1,+10.6dB,20.6us,"[0,",1,306.9,normal,0,valid,-15.1dB,-15.5dB,na,na,,,,
2025-07-30 13:41:19.170064,PHY,0x4601,2,,na,"[0,",,,11111,,+29.4dB,17.5us,"[0,",1,306.17,normal,0,valid,-12.1dB,-12.3dB,0.39us,-39.7Hz,,"[6,",,1
2025-07-30 13:41:19.170995,PHY,0x4601,1,0,na,"[0,",0,0,1,325.6,+10.8dB,15.4us,"[0,",1,306.18,normal,0,valid,-15.1dB,-15.5dB,na,na,,,,
2025-07-30 13:41:19.171477,PHY,0x4601,1,0,na,"[0,",0,0,1,334.2,+11.0dB,18.9us,"[0,",1,306.19,normal,0,valid,-15.1dB,-15.5dB,na,na,,,,
2025-07-30 13:41:19.175963,PHY,0x4601,1,0,na,"[0,",0,0,1,381.0,+11.5dB,15.8us,"[0,",1,307.8,normal,0,valid,-15.1dB,-15.5dB,na,na,,,,
2025-07-30 13:41:19.176542,PHY,0x4601,1,0,na,"[0,",0,0,1,384.0,+11.6dB,15.1us,"[0,",1,307.9,normal,0,valid,-15.1dB,-15.5dB,na,na,,,,
2025-07-30 13:41:19.180104,PHY,0x4601,2,,na,"[0,",,,11111,,+28.2dB,14.6us,"[0,",1,307.17,normal,0,valid,-12.3dB,-12.4dB,0.40us,-98.4Hz,,"[6,",,1
2025-07-30 13:41:19.181025,PHY,0x4601,1,0,na,"[0,",0,0,1,368.9,+11.4dB,16.3us,"[0,",1,307.18,normal,0,valid,-15.1dB,-15.5dB,na,na,,,,
2025-07-30 13:41:19.181511,PHY,0x4601,1,0,na,"[0,",0,0,1,384.3,+11.6dB,19.2us,"[0,",1,307.19,normal,0,valid,-15.1dB,-15.4dB,na,na,,,,
2025-07-30 13:41:19.185586,CSI,0x4601,2,,na,"[0,",,,1,,+30.5dB,11.0us,"[0,",1,308.8,normal,0,valid,-12.2dB,-12.3dB,0.40us,-151.0Hz,,"[6,",1111,1
2025-07-30 13:41:19.186466,PHY,0x4601,1,0,na,"[0,",0,0,1,315.2,+10.7dB,17.9us,"[0,",1,308.9,normal,0,valid,-15.1dB,-15.5dB,na,na,,,,
2025-07-30 13:41:19.190148,PHY,0x4601,2,,na,"[0,",,,11111,,+27.7dB,14.4us,"[0,",1,308.17,normal,0,valid,-12.1dB,-12.3dB,0.36us,+129.2Hz,,"[6,",,1
2025-07-30 13:41:19.190949,PHY,0x4601,1,0,na,"[0,",0,0,1,322.7,+10.8dB,16.6us,"[0,",1,308.18,normal,0,valid,-15.1dB,-15.5dB,na,na,,,,
2025-07-30 13:41:19.191534,PHY,0x4601,1,0,na,"[0,",0,0,1,323.5,+10.8dB,18.0us,"[0,",1,308.19,normal,0,valid,-15.1dB,-15.4dB,na,na,,,,
2025-07-30 13:41:19.196030,PHY,0x4601,1,0,na,"[0,",0,0,1,372.2,+11.4dB,18.5us,"[0,",1,309.8,normal,0,valid,-15.2dB,-15.5dB,na,na,,,,
2025-07-30 13:41:19.196528,PHY,0x4601,1,0,na,"[0,",0,0,1,375.2,+11.5dB,19.6us,"[0,",1,309.9,normal,0,valid,-15.2dB,-15.4dB,na,na,,,,
2025-07-30 13:41:19.200051,PHY,0x4601,2,,na,"[0,",,,11111,,+28.3dB,18.2us,"[0,",1,309.17,normal,0,valid,-12.3dB,-12.4dB,0.37us,+26.2Hz,,"[6,",,1
2025-07-30 13:41:19.200980,PHY,0x4601,1,0,na,"[0,",0,0,1,375.5,+11.5dB,16.3us,"[0,",1,309.18,normal,0,valid,-15.1dB,-15.5dB,na,na,,,,
2025-07-30 13:41:19.201463,PHY,0x4601,1,0,na,"[0,",0,0,1,375.3,+11.5dB,18.8us,"[0,",1,309.19,normal,0,valid,-15.1dB,-15.4dB,na,na,,,,
2025-07-30 13:41:19.205593,CSI,0x4601,2,,na,"[0,",,,1,,+30.5dB,12.8us,"[0,",1,310.8,normal,0,valid,-12.0dB,-12.1dB,0.38us,+39.9Hz,,"[6,",1111,1
2025-07-30 13:41:19.206533,PHY,0x4601,1,0,na,"[0,",0,0,1,368.8,+11.4dB,16.6us,"[0,",1,310.9,normal,0,valid,-15.1dB,-15.4dB,na,na,,,,
2025-07-30 13:41:19.210092,PHY,0x4601,2,,na,"[0,",,,11111,,+28.3dB,21.8us,"[0,",1,310.17,normal,0,valid,-12.3dB,-12.4dB,0.40us,+16.7Hz,,"[6,",,1
2025-07-30 13:41:19.211008,PHY,0x4601,1,0,na,"[0,",0,0,1,312.9,+10.7dB,16.2us,"[0,",1,310.18,normal,0,valid,-15.1dB,-15.4dB,na,na,,,,
2025-07-30 13:41:19.211499,PHY,0x4601,1,0,na,"[0,",0,0,1,322.3,+10.8dB,13.9us,"[0,",1,310.19,normal,0,valid,-15.1dB,-15.5dB,na,na,,,,
2025-07-30 13:41:19.215999,PHY,0x4601,1,0,na,"[0,",0,0,1,378.1,+11.5dB,17.7us,"[0,",1,311.8,normal,0,valid,-15.1dB,-15.4dB,na,na,,,,
2025-07-30 13:41:19.216453,PHY,0x4601,1,0,na,"[0,",0,0,1,378.6,+11.5dB,17.0us,"[0,",1,311.9,normal,0,valid,-15.1dB,-15.5dB,na,na,,,,
2025-07-30 13:41:19.220109,PHY,0x4601,2,,na,"[0,",,,11111,,+31.3dB,17.0us,"[0,",1,311.17,normal,0,valid,-12.2dB,-12.3dB,0.40us,-49.0Hz,,"[6,",,1
2025-07-30 13:41:19.220937,PHY,0x4601,1,0,na,"[0,",0,0,1,374.0,+11.5dB,15.8us,"[0,",1,311.18,normal,0,valid,-15.1dB,-15.4dB,na,na,,,,
2025-07-30 13:41:19.221517,PHY,0x4601,1,0,na,"[0,",0,0,1,381.4,+11.6dB,14.6us,"[0,",1,311.19,normal,0,valid,-15.1dB,-15.4dB,na,na,,,,
2025-07-30 13:41:19.225621,CSI,0x4601,2,,na,"[0,",,,1,,+30.4dB,14.4us,"[0,",1,312.8,normal,0,valid,-12.1dB,-12.2dB,0.42us,+103.9Hz,,"[6,",1111,1
2025-07-30 13:41:19.226481,PHY,0x4601,1,0,na,"[0,",0,0,1,315.0,+10.7dB,15.9us,"[0,",1,312.9,normal,0,valid,-15.1dB,-15.5dB,na,na,,,,
2025-07-30 13:41:19.230024,PHY,0x4601,2,,na,"[0,",,,11111,,+28.6dB,14.4us,"[0,",1,312.17,normal,0,valid,-12.2dB,-12.3dB,0.39us,+48.2Hz,,"[6,",,1
2025-07-30 13:41:19.230975,PHY,0x4601,1,0,na,"[0,",0,0,1,315.4,+10.7dB,17.7us,"[0,",1,312.18,normal,0,valid,-15.1dB,-15.5dB,na,na,,,,
2025-07-30 13:41:19.231446,PHY,0x4601,1,0,na,"[0,",0,0,1,322.8,+10.9dB,14.8us,"[0,",1,312.19,normal,0,valid,-15.1dB,-15.4dB,na,na,,,,
2025-07-30 13:41:19.236047,PHY,0x4601,1,0,na,"[0,",0,0,1,383.7,+11.6dB,17.0us,"[0,",1,313.8,normal,0,valid,-15.1dB,-15.4dB,na,na,,,,
2025-07-30 13:41:19.236524,PHY,0x4601,1,0,na,"[0,",0,0,1,373.9,+11.5dB,16.1us,"[0,",1,313.9,normal,0,valid,-15.1dB,-15.4dB,na,na,,,,
2025-07-30 13:41:19.240081,PHY,0x4601,2,,na,"[0,",,,11111,,+30.8dB,19.9us,"[0,",1,313.17,normal,0,valid,-12.3dB,-12.4dB,0.42us,+12.7Hz,,"[6,",,1
2025-07-30 13:41:19.241000,PHY,0x4601,1,0,na,"[0,",0,0,1,369.3,+11.4dB,15.2us,"[0,",1,313.18,normal,0,valid,-15.1dB,-15.4dB,na,na,,,,
2025-07-30 13:41:19.241482,PHY,0x4601,1,0,na,"[0,",0,0,1,389.2,+11.7dB,13.9us,"[0,",1,313.19,normal,0,valid,-15.1dB,-15.4dB,na,na,,,,
2025-07-30 13:41:19.245609,CSI,0x4601,2,,na,"[0,",,,1,,+30.0dB,14.6us,"[0,",1,314.8,normal,0,valid,-12.3dB,-12.4dB,0.39us,+6.1Hz,,"[6,",1111,1
2025-07-30 13:41:19.246439,PHY,0x4601,1,0,na,"[0,",0,0,1,322.4,+10.8dB,16.3us,"[0,",1,314.9,normal,0,valid,-15.1dB,-15.5dB,na,na,,,,
2025-07-30 13:41:19.250103,PHY,0x4601,2,,na,"[0,",,,11111,,+28.5dB,15.5us,"[0,",1,314.17,normal,0,valid,-12.3dB,-12.5dB,0.39us,+36.6Hz,,"[6,",,1
2025-07-30 13:41:19.251033,PHY,0x4601,1,0,na,"[0,",0,0,1,312.8,+10.7dB,16.1us,"[0,",1,314.18,normal,0,valid,-15.1dB,-15.5dB,na,na,,,,
2025-07-30 13:41:19.251519,PHY,0x4601,1,0,na,"[0,",0,0,1,310.8,+10.7dB,14.8us,"[0,",1,314.19,normal,0,valid,-15.1dB,-15.4dB,na,na,,,,
2025-07-30 13:41:19.256013,PHY,0x4601,1,0,na,"[0,",0,0,1,379.7,+11.5dB,22.6us,"[0,",1,315.8,normal,0,valid,-15.1dB,-15.4dB,na,na,,,,
2025-07-30 13:41:19.256500,PHY,0x4601,1,0,na,"[0,",0,0,1,373.5,+11.5dB,33.2us,"[0,",1,315.9,normal,0,valid,-15.2dB,-15.5dB,na,na,,,,
2025-07-30 13:41:19.260011,PHY,0x4601,2,,na,"[0,",,,11111,,+32.2dB,15.0us,"[0,",1,315.17,normal,0,valid,-12.1dB,-12.2dB,0.40us,+52.0Hz,,"[6,",,1
2025-07-30 13:41:19.260960,PHY,0x4601,1,0,na,"[0,",0,0,1,325.6,+10.9dB,16.9us,"[0,",1,315.18,normal,0,valid,-15.1dB,-15.4dB,na,na,,,,
2025-07-30 13:41:19.261542,PHY,0x4601,1,0,na,"[0,",0,0,1,322.0,+10.8dB,17.7us,"[0,",1,315.19,normal,0,valid,-15.1dB,-15.5dB,na,na,,,,
2025-07-30 13:41:19.265568,CSI,0x4601,2,,na,"[0,",,,1,,+26.5dB,14.2us,"[0,",1,316.8,normal,0,valid,-12.0dB,-12.1dB,0.38us,-7.0Hz,,"[6,",1111,1
2025-07-30 13:41:19.266501,PHY,0x4601,1,0,na,"[0,",0,0,1,321.7,+10.8dB,16.1us,"[0,",1,316.9,normal,0,valid,-15.1dB,-15.5dB,na,na,,,,
2025-07-30 13:41:19.270044,PHY,0x4601,2,,na,"[0,",,,11111,,+29.6dB,13.2us,"[0,",1,316.17,normal,0,valid,-12.3dB,-12.4dB,0.40us,-73.9Hz,,"[6,",,1
2025-07-30 13:41:19.270993,PHY,0x4601,1,0,na,"[0,",0,0,1,315.3,+10.7dB,15.7us,"[0,",1,316.18,normal,0,valid,-15.1dB,-15.4dB,na,na,,,,
2025-07-30 13:41:19.271463,PHY,0x4601,1,0,na,"[0,",0,0,1,321.9,+10.9dB,14.7us,"[0,",1,316.19,normal,0,valid,-15.1dB,-15.4dB,na,na,,,,
2025-07-30 13:41:19.275978,PHY,0x4601,1,0,na,"[0,",0,0,1,378.1,+11.5dB,16.3us,"[0,",1,317.8,normal,0,valid,-15.1dB,-15.4dB,na,na,,,,
2025-07-30 13:41:19.276545,PHY,0x4601,1,0,na,"[0,",0,0,1,383.1,+11.6dB,22.8us,"[0,",1,317.9,normal,0,valid,-15.2dB,-15.5dB,na,na,,,,
2025-07-30 13:41:19.280081,PHY,0x4601,2,,na,"[0,",,,11111,,+29.7dB,14.5us,"[0,",1,317.17,normal,0,valid,-12.2dB,-12.3dB,0.39us,+61.9Hz,,"[6,",,1
2025-07-30 13:41:19.281019,PHY,0x4601,1,0,na,"[0,",0,0,1,372.5,+11.5dB,15.9us,"[0,",1,317.18,normal,0,valid,-15.1dB,-15.4dB,na,na,,,,
2025-07-30 13:41:19.281495,PHY,0x4601,1,0,na,"[0,",0,0,1,370.1,+11.4dB,16.0us,"[0,",1,317.19,normal,0,valid,-15.1dB,-15.4dB,na,na,,,,
2025-07-30 13:41:19.285605,CSI,0x4601,2,,na,"[0,",,,1,,+27.7dB,11.6us,"[0,",1,318.8,normal,0,valid,-12.1dB,-12.2dB,0.39us,-119.6Hz,,"[6,",1111,1
2025-07-30 13:41:19.286455,PHY,0x4601,1,0,na,"[0,",0,0,1,362.2,+11.3dB,16.7us,"[0,",1,318.9,normal,0,valid,-15.1dB,-15.4dB,na,na,,,,
2025-07-30 13:41:19.290124,PHY,0x4601,2,,na,"[0,",,,11111,,+30.0dB,13.7us,"[0,",1,318.17,normal,0,valid,-12.2dB,-12.3dB,0.40us,-24.4Hz,,"[6,",,1
2025-07-30 13:41:19.290948,PHY,0x4601,1,0,na,"[0,",0,0,1,377.7,+11.5dB,16.8us,"[0,",1,318.18,normal,0,valid,-15.1dB,-15.4dB,na,na,,,,
2025-07-30 13:41:19.291523,PHY,0x4601,1,0,na,"[0,",0,0,1,363.3,+11.3dB,13.8us,"[0,",1,318.19,normal,0,valid,-15.1dB,-15.4dB,na,na,,,,
2025-07-30 13:41:19.296015,PHY,0x4601,1,0,na,"[0,",0,0,1,379.4,+11.5dB,16.7us,"[0,",1,319.8,normal,0,valid,-15.1dB,-15.4dB,na,na,,,,
2025-07-30 13:41:19.296507,PHY,0x4601,1,0,na,"[0,",0,0,1,378.5,+11.5dB,16.4us,"[0,",1,319.9,normal,0,valid,-15.2dB,-15.4dB,na,na,,,,
2025-07-30 13:41:19.300033,PHY,0x4601,2,,na,"[0,",,,11111,,+31.7dB,14.3us,"[0,",1,319.17,normal,0,valid,-12.3dB,-12.4dB,0.37us,+57.6Hz,,"[6,",,1
2025-07-30 13:41:19.300983,PHY,0x4601,1,0,na,"[0,",0,0,1,401.6,+11.8dB,16.0us,"[0,",1,319.18,normal,0,valid,-15.1dB,-15.4dB,na,na,,,,
2025-07-30 13:41:19.301462,PHY,0x4601,1,0,na,"[0,",0,0,1,377.1,+11.5dB,26.7us,"[0,",1,319.19,normal,0,valid,-15.1dB,-15.4dB,na,na,,,,
2025-07-30 13:41:19.305580,CSI,0x4601,2,,na,"[0,",,,1,,+28.4dB,12.9us,"[0,",1,320.8,normal,0,valid,-12.0dB,-12.1dB,0.39us,-154.9Hz,,"[6,",1111,1
2025-07-30 13:41:19.306523,PHY,0x4601,1,0,na,"[0,",0,0,1,321.7,+10.8dB,15.0us,"[0,",1,320.9,normal,0,valid,-15.1dB,-15.5dB,na,na,,,,
2025-07-30 13:41:19.310065,PHY,0x4601,2,,na,"[0,",,,11111,,+30.9dB,14.3us,"[0,",1,320.17,normal,0,valid,-12.3dB,-12.4dB,0.37us,+1.7Hz,,"[6,",,1
2025-07-30 13:41:19.311008,PHY,0x4601,1,0,na,"[0,",0,0,1,376.7,+11.5dB,16.5us,"[0,",1,320.18,normal,0,valid,-15.1dB,-15.4dB,na,na,,,,
2025-07-30 13:41:19.311476,PHY,0x4601,1,0,na,"[0,",0,0,1,361.8,+11.3dB,13.8us,"[0,",1,320.19,normal,0,valid,-15.1dB,-15.4dB,na,na,,,,
2025-07-30 13:41:19.315985,PHY,0x4601,1,0,na,"[0,",0,0,1,380.3,+11.5dB,21.9us,"[0,",1,321.8,normal,0,valid,-15.1dB,-15.4dB,na,na,,,,
2025-07-30 13:41:19.316458,PHY,0x4601,1,0,na,"[0,",0,0,1,370.3,+11.4dB,19.5us,"[0,",1,321.9,normal,0,valid,-15.1dB,-15.4dB,na,na,,,,
2025-07-30 13:41:19.320190,PHY,0x4601,2,,na,"[0,",,,11111,,+31.7dB,14.6us,"[0,",1,321.17,normal,0,valid,-12.3dB,-12.4dB,0.37us,-65.0Hz,,"[6,",,1
2025-07-30 13:41:19.321046,PHY,0x4601,1,0,na,"[0,",0,0,1,324.0,+10.8dB,21.5us,"[0,",1,321.18,normal,0,valid,-15.1dB,-15.5dB,na,na,,,,
2025-07-30 13:41:19.321505,PHY,0x4601,1,0,na,"[0,",0,0,1,316.2,+10.7dB,13.9us,"[0,",1,321.19,normal,0,valid,-15.1dB,-15.5dB,na,na,,,,
2025-07-30 13:41:19.325605,CSI,0x4601,2,,na,"[0,",,,1,,+28.5dB,13.4us,"[0,",1,322.8,normal,0,valid,-12.1dB,-12.2dB,0.37us,+75.8Hz,,"[6,",1111,1
2025-07-30 13:41:19.326475,PHY,0x4601,1,0,na,"[0,",0,0,1,367.0,+11.4dB,14.8us,"[0,",1,322.9,normal,0,valid,-15.1dB,-15.5dB,na,na,,,,
2025-07-30 13:41:19.330011,PHY,0x4601,2,,na,"[0,",,,11111,,+28.5dB,13.1us,"[0,",1,322.17,normal,0,valid,-12.2dB,-12.4dB,0.40us,-4.6Hz,,"[6,",,1
2025-07-30 13:41:19.330967,PHY,0x4601,1,0,na,"[0,",0,0,1,382.9,+11.6dB,15.6us,"[0,",1,322.18,normal,0,valid,-15.1dB,-15.4dB,na,na,,,,
2025-07-30 13:41:19.331443,PHY,0x4601,1,0,na,"[0,",0,0,1,384.2,+11.6dB,13.9us,"[0,",1,322.19,normal,0,valid,-15.1dB,-15.4dB,na,na,,,,
2025-07-30 13:41:19.336045,PHY,0x4601,1,0,na,"[0,",0,0,1,363.5,+11.4dB,20.4us,"[0,",1,323.8,normal,0,valid,-15.1dB,-15.4dB,na,na,,,,
2025-07-30 13:41:19.336527,PHY,0x4601,1,0,na,"[0,",0,0,1,375.7,+11.5dB,14.6us,"[0,",1,323.9,normal,0,valid,-15.2dB,-15.5dB,na,na,,,,
2025-07-30 13:41:19.340090,PHY,0x4601,2,,na,"[0,",,,11111,,+30.2dB,14.0us,"[0,",1,323.17,normal,0,valid,-12.1dB,-12.2dB,0.37us,+58.9Hz,,"[6,",,1
2025-07-30 13:41:19.341006,PHY,0x4601,1,0,na,"[0,",0,0,1,387.9,+11.6dB,17.4us,"[0,",1,323.18,normal,0,valid,-15.1dB,-15.4dB,na,na,,,,
2025-07-30 13:41:19.341470,PHY,0x4601,1,0,na,"[0,",0,0,1,378.4,+11.5dB,14.3us,"[0,",1,323.19,normal,0,valid,-15.1dB,-15.4dB,na,na,,,,
2025-07-30 13:41:19.345650,CSI,0x4601,2,,na,"[0,",,,1,,+30.3dB,15.7us,"[0,",1,324.8,normal,0,valid,-12.0dB,-12.2dB,0.41us,-46.0Hz,,"[6,",1111,1
2025-07-30 13:41:19.346545,PHY,0x4601,1,0,na,"[0,",0,0,1,321.3,+10.8dB,16.2us,"[0,",1,324.9,normal,0,valid,-15.2dB,-15.5dB,na,na,,,,
2025-07-30 13:41:19.350097,PHY,0x4601,2,,na,"[0,",,,11111,,+30.0dB,14.3us,"[0,",1,324.17,normal,0,valid,-12.2dB,-12.4dB,0.38us,+60.9Hz,,"[6,",,1
2025-07-30 13:41:19.351025,PHY,0x4601,1,0,na,"[0,",0,0,1,378.1,+11.5dB,15.7us,"[0,",1,324.18,normal,0,valid,-15.1dB,-15.4dB,na,na,,,,
2025-07-30 13:41:19.351498,PHY,0x4601,1,0,na,"[0,",0,0,1,376.6,+11.5dB,14.1us,"[0,",1,324.19,normal,0,valid,-15.1dB,-15.4dB,na,na,,,,
2025-07-30 13:41:19.356034,PHY,0x4601,1,0,na,"[0,",0,0,1,384.9,+11.6dB,16.4us,"[0,",1,325.8,normal,0,valid,-15.1dB,-15.4dB,na,na,,,,
2025-07-30 13:41:19.356459,PHY,0x4601,1,0,na,"[0,",0,0,1,370.3,+11.4dB,14.3us,"[0,",1,325.9,normal,0,valid,-15.2dB,-15.5dB,na,na,,,,
2025-07-30 13:41:19.360142,PHY,0x4601,2,,na,"[0,",,,11111,,+30.0dB,14.4us,"[0,",1,325.17,normal,0,valid,-12.2dB,-12.4dB,0.38us,+37.5Hz,,"[6,",,1
2025-07-30 13:41:19.360950,PHY,0x4601,1,0,na,"[0,",0,0,1,312.5,+10.7dB,16.0us,"[0,",1,325.18,normal,0,valid,-15.1dB,-15.4dB,na,na,,,,
2025-07-30 13:41:19.361529,PHY,0x4601,1,0,na,"[0,",0,0,1,321.2,+10.8dB,13.7us,"[0,",1,325.19,normal,0,valid,-15.1dB,-15.5dB,na,na,,,,
2025-07-30 13:41:19.365561,CSI,0x4601,2,,na,"[0,",,,1,,+32.3dB,15.1us,"[0,",1,326.8,normal,0,valid,-12.1dB,-12.2dB,0.39us,+31.7Hz,,"[6,",1111,1
2025-07-30 13:41:19.366532,PHY,0x4601,1,0,na,"[0,",0,0,1,327.0,+10.9dB,15.5us,"[0,",1,326.9,normal,0,valid,-15.1dB,-15.4dB,na,na,,,,
2025-07-30 13:41:19.370035,PHY,0x4601,2,,na,"[0,",,,11111,,+30.2dB,15.3us,"[0,",1,326.17,normal,0,valid,-12.6dB,-12.7dB,0.40us,-72.6Hz,,"[6,",,1
2025-07-30 13:41:19.370980,PHY,0x4601,1,0,na,"[0,",0,0,1,314.2,+10.7dB,15.5us,"[0,",1,326.18,normal,0,valid,-15.4dB,-15.8dB,na,na,,,,
2025-07-30 13:41:19.371456,PHY,0x4601,1,0,na,"[0,",0,0,1,323.1,+10.8dB,13.7us,"[0,",1,326.19,normal,0,valid,-15.4dB,-15.7dB,na,na,,,,
2025-07-30 13:41:19.375949,PHY,0x4601,1,0,na,"[0,",0,0,1,376.4,+11.5dB,16.2us,"[0,",1,327.8,normal,0,valid,-15.5dB,-15.8dB,na,na,,,,
2025-07-30 13:41:19.376538,PHY,0x4601,1,0,na,"[0,",0,0,1,385.4,+11.6dB,14.0us,"[0,",1,327.9,normal,0,valid,-15.4dB,-15.7dB,na,na,,,,
2025-07-30 13:41:19.380107,PHY,0x4601,2,,na,"[0,",,,11111,,+29.2dB,15.1us,"[0,",1,327.17,normal,0,valid,-12.6dB,-12.7dB,0.38us,-47.2Hz,,"[6,",,1
2025-07-30 13:41:19.381043,PHY,0x4601,1,0,na,"[0,",0,0,1,392.0,+11.6dB,21.9us,"[0,",1,327.18,normal,0,valid,-15.4dB,-15.7dB,na,na,,,,
2025-07-30 13:41:19.381491,PHY,0x4601,1,0,na,"[0,",0,0,1,361.3,+11.3dB,14.1us,"[0,",1,327.19,normal,0,valid,-15.4dB,-15.7dB,na,na,,,,
2025-07-30 13:41:19.385627,CSI,0x4601,2,,na,"[0,",,,1,,+27.9dB,15.4us,"[0,",1,328.8,normal,0,valid,-12.4dB,-12.6dB,0.39us,+106.4Hz,,"[6,",1111,1
2025-07-30 13:41:19.386463,PHY,0x4601,1,0,na,"[0,",0,0,1,364.5,+11.3dB,30.7us,"[0,",1,328.9,normal,0,valid,-15.5dB,-15.8dB,na,na,,,,
2025-07-30 13:41:19.390102,PHY,0x4601,2,,na,"[0,",,,11111,,+30.6dB,18.5us,"[0,",1,328.17,normal,0,valid,-12.6dB,-12.7dB,0.40us,-37.5Hz,,"[6,",,1
2025-07-30 13:41:19.390933,PHY,0x4601,1,0,na,"[0,",0,0,1,310.3,+10.6dB,16.3us,"[0,",1,328.18,normal,0,valid,-15.5dB,-15.8dB,na,na,,,,
2025-07-30 13:41:19.391535,PHY,0x4601,1,0,na,"[0,",0,0,1,316.7,+10.8dB,14.3us,"[0,",1,328.19,normal,0,valid,-15.4dB,-15.8dB,na,na,,,,
2025-07-30 13:41:19.396024,PHY,0x4601,1,0,na,"[0,",0,0,1,370.9,+11.4dB,16.1us,"[0,",1,329.8,normal,0,valid,-15.5dB,-15.8dB,na,na,,,,
2025-07-30 13:41:19.396488,PHY,0x4601,1,0,na,"[0,",0,0,1,379.7,+11.5dB,24.2us,"[0,",1,329.9,normal,0,valid,-15.5dB,-15.8dB,na,na,,,,
2025-07-30 13:41:19.400023,PHY,0x4601,2,,na,"[0,",,,11111,,+28.0dB,13.8us,"[0,",1,329.17,normal,0,valid,-12.6dB,-12.7dB,0.37us,+45.1Hz,,"[6,",,1
2025-07-30 13:41:19.400974,PHY,0x4601,1,0,na,"[0,",0,0,1,329.3,+10.9dB,21.4us,"[0,",1,329.18,normal,0,valid,-15.4dB,-15.8dB,na,na,,,,
2025-07-30 13:41:19.401450,PHY,0x4601,1,0,na,"[0,",0,0,1,318.0,+10.8dB,18.6us,"[0,",1,329.19,normal,0,valid,-15.4dB,-15.8dB,na,na,,,,
2025-07-30 13:41:19.405588,CSI,0x4601,2,,na,"[0,",,,1,,+29.5dB,16.0us,"[0,",1,330.8,normal,0,valid,-12.6dB,-12.7dB,0.39us,-24.8Hz,,"[6,",1111,1
2025-07-30 13:41:19.406551,PHY,0x4601,1,0,na,"[0,",0,0,1,392.6,+11.7dB,31.5us,"[0,",1,330.9,normal,0,valid,-15.4dB,-15.7dB,na,na,,,,
2025-07-30 13:41:19.410083,PHY,0x4601,2,,na,"[0,",,,11111,,+31.1dB,17.5us,"[0,",1,330.17,normal,0,valid,-12.6dB,-12.7dB,0.38us,+47.1Hz,,"[6,",,1
2025-07-30 13:41:19.411011,PHY,0x4601,1,0,na,"[0,",0,0,1,371.0,+11.4dB,16.4us,"[0,",1,330.18,normal,0,valid,-15.4dB,-15.7dB,na,na,,,,
2025-07-30 13:41:19.411480,PHY,0x4601,1,0,na,"[0,",0,0,1,385.2,+11.6dB,14.5us,"[0,",1,330.19,normal,0,valid,-15.4dB,-15.7dB,na,na,,,,
2025-07-30 13:41:19.415973,PHY,0x4601,1,0,na,"[0,",0,0,1,372.5,+11.4dB,23.6us,"[0,",1,331.8,normal,0,valid,-15.5dB,-15.8dB,na,na,,,,
2025-07-30 13:41:19.416446,PHY,0x4601,1,0,na,"[0,",0,0,1,390.3,+11.7dB,17.3us,"[0,",1,331.9,normal,0,valid,-15.4dB,-15.7dB,na,na,,,,
2025-07-30 13:41:19.420094,PHY,0x4601,2,,na,"[0,",,,11111,,+31.9dB,17.1us,"[0,",1,331.17,normal,0,valid,-12.6dB,-12.7dB,0.38us,-70.7Hz,,"[6,",,1
2025-07-30 13:41:19.421037,PHY,0x4601,1,0,na,"[0,",0,0,1,379.4,+11.5dB,23.6us,"[0,",1,331.18,normal,0,valid,-15.4dB,-15.7dB,na,na,,,,
2025-07-30 13:41:19.421531,PHY,0x4601,1,0,na,"[0,",0,0,1,370.4,+11.4dB,14.0us,"[0,",1,331.19,normal,0,valid,-15.5dB,-15.7dB,na,na,,,,
2025-07-30 13:41:19.425606,CSI,0x4601,2,,na,"[0,",,,1,,+31.7dB,11.9us,"[0,",1,332.8,normal,0,valid,-12.5dB,-12.7dB,0.38us,-130.7Hz,,"[6,",1111,1
2025-07-30 13:41:19.426474,PHY,0x4601,1,0,na,"[0,",0,0,1,318.6,+10.8dB,16.6us,"[0,",1,332.9,normal,0,valid,-15.4dB,-15.8dB,na,na,,,,
2025-07-30 13:41:19.430008,PHY,0x4601,2,,na,"[0,",,,11111,,+30.1dB,15.6us,"[0,",1,332.17,normal,0,valid,-12.7dB,-12.8dB,0.38us,+124.3Hz,,"[6,",,1
2025-07-30 13:41:19.430958,PHY,0x4601,1,0,na,"[0,",0,0,1,365.1,+11.4dB,16.4us,"[0,",1,332.18,normal,0,valid,-15.4dB,-15.7dB,na,na,,,,
2025-07-30 13:41:19.431538,PHY,0x4601,1,0,na,"[0,",0,0,1,372.0,+11.5dB,14.3us,"[0,",1,332.19,normal,0,valid,-15.4dB,-15.7dB,na,na,,,,
2025-07-30 13:41:19.436022,PHY,0x4601,1,0,na,"[0,",0,0,1,397.5,+11.8dB,16.4us,"[0,",1,333.8,normal,0,valid,-15.5dB,-15.7dB,na,na,,,,
2025-07-30 13:41:19.436522,PHY,0x4601,1,0,na,"[0,",0,0,1,364.6,+11.4dB,15.1us,"[0,",1,333.9,normal,0,valid,-15.5dB,-15.8dB,na,na,,,,
2025-07-30 13:41:19.440047,PHY,0x4601,2,,na,"[0,",,,11111,,+28.3dB,15.0us,"[0,",1,333.17,normal,0,valid,-12.6dB,-12.8dB,0.40us,+59.1Hz,,"[6,",,1
2025-07-30 13:41:19.441013,PHY,0x4601,1,0,na,"[0,",0,0,1,329.8,+10.9dB,18.5us,"[0,",1,333.18,normal,0,valid,-15.4dB,-15.8dB,na,na,,,,
2025-07-30 13:41:19.441463,PHY,0x4601,1,0,na,"[0,",0,0,1,330.7,+10.9dB,15.9us,"[0,",1,333.19,normal,0,valid,-15.4dB,-15.8dB,na,na,,,,
2025-07-30 13:41:19.445605,CSI,0x4601,2,,na,"[0,",,,1,,+29.1dB,14.3us,"[0,",1,334.8,normal,0,valid,-12.6dB,-12.8dB,0.38us,-75.5Hz,,"[6,",1111,1
2025-07-30 13:41:19.446545,PHY,0x4601,1,0,na,"[0,",0,0,1,378.0,+11.5dB,16.9us,"[0,",1,334.9,normal,0,valid,-15.5dB,-15.8dB,na,na,,,,
2025-07-30 13:41:19.450093,PHY,0x4601,2,,na,"[0,",,,11111,,+32.4dB,15.7us,"[0,",1,334.17,normal,0,valid,-12.6dB,-12.7dB,0.37us,+28.7Hz,,"[6,",,1
2025-07-30 13:41:19.451025,PHY,0x4601,1,0,na,"[0,",0,0,1,370.9,+11.4dB,25.9us,"[0,",1,334.18,normal,0,valid,-15.4dB,-15.7dB,na,na,,,,
2025-07-30 13:41:19.451504,PHY,0x4601,1,0,na,"[0,",0,0,1,371.8,+11.5dB,16.6us,"[0,",1,334.19,normal,0,valid,-15.4dB,-15.7dB,na,na,,,,
2025-07-30 13:41:19.456008,PHY,0x4601,1,0,na,"[0,",0,0,1,365.9,+11.3dB,24.6us,"[0,",1,335.8,normal,0,valid,-15.5dB,-15.8dB,na,na,,,,
2025-07-30 13:41:19.456464,PHY,0x4601,1,0,na,"[0,",0,0,1,365.3,+11.4dB,14.4us,"[0,",1,335.9,normal,0,valid,-15.5dB,-15.8dB,na,na,,,,
2025-07-30 13:41:19.460139,PHY,0x4601,2,,na,"[0,",,,11111,,+28.9dB,16.4us,"[0,",1,335.17,normal,0,valid,-12.7dB,-12.8dB,0.39us,+26.2Hz,,"[6,",,1
2025-07-30 13:41:19.460951,PHY,0x4601,1,0,na,"[0,",0,0,1,315.3,+10.7dB,16.4us,"[0,",1,335.18,normal,0,valid,-15.4dB,-15.8dB,na,na,,,,
2025-07-30 13:41:19.461523,PHY,0x4601,1,0,na,"[0,",0,0,1,330.0,+10.9dB,14.6us,"[0,",1,335.19,normal,0,valid,-15.4dB,-15.8dB,na,na,,,,
2025-07-30 13:41:19.465642,CSI,0x4601,2,,na,"[0,",,,1,,+30.5dB,24.3us,"[0,",1,336.8,normal,0,valid,-12.5dB,-12.6dB,0.37us,-76.6Hz,,"[6,",1111,1
2025-07-30 13:41:19.466521,PHY,0x4601,1,0,na,"[0,",0,0,1,322.4,+10.9dB,25.2us,"[0,",1,336.9,normal,0,valid,-15.4dB,-15.7dB,na,na,,,,
2025-07-30 13:41:19.470045,PHY,0x4601,2,,na,"[0,",,,11111,,+28.4dB,16.4us,"[0,",1,336.17,normal,0,valid,-12.6dB,-12.7dB,0.39us,+62.4Hz,,"[6,",,1
2025-07-30 13:41:19.471003,PHY,0x4601,1,0,na,"[0,",0,0,1,324.9,+10.8dB,24.6us,"[0,",1,336.18,normal,0,valid,-15.4dB,-15.8dB,na,na,,,,
2025-07-30 13:41:19.471465,PHY,0x4601,1,0,na,"[0,",0,0,1,319.1,+10.8dB,22.7us,"[0,",1,336.19,normal,0,valid,-15.4dB,-15.7dB,na,na,,,,
2025-07-30 13:41:19.475949,PHY,0x4601,1,0,na,"[0,",0,0,1,394.3,+11.7dB,16.8us,"[0,",1,337.8,normal,0,valid,-15.5dB,-15.8dB,na,na,,,,
2025-07-30 13:41:19.476523,PHY,0x4601,1,0,na,"[0,",0,0,1,371.0,+11.4dB,14.0us,"[0,",1,337.9,normal,0,valid,-15.5dB,-15.8dB,na,na,,,,
2025-07-30 13:41:19.480073,PHY,0x4601,2,,na,"[0,",,,11111,,+29.8dB,14.9us,"[0,",1,337.17,normal,0,valid,-12.7dB,-12.8dB,0.39us,+100.8Hz,,"[6,",,1
2025-07-30 13:41:19.481005,PHY,0x4601,1,0,na,"[0,",0,0,1,364.9,+11.4dB,15.3us,"[0,",1,337.18,normal,0,valid,-15.4dB,-15.7dB,na,na,,,,
2025-07-30 13:41:19.481504,PHY,0x4601,1,0,na,"[0,",0,0,1,369.9,+11.4dB,21.8us,"[0,",1,337.19,normal,0,valid,-15.4dB,-15.7dB,na,na,,,,
2025-07-30 13:41:19.485611,CSI,0x4601,2,,na,"[0,",,,1,,+31.3dB,14.3us,"[0,",1,338.8,normal,0,valid,-12.6dB,-12.8dB,0.38us,+69.8Hz,,"[6,",1111,1
2025-07-30 13:41:19.486447,PHY,0x4601,1,0,na,"[0,",0,0,1,307.9,+10.6dB,15.7us,"[0,",1,338.9,normal,0,valid,-15.4dB,-15.8dB,na,na,,,,
2025-07-30 13:41:19.490107,PHY,0x4601,2,,na,"[0,",,,11111,,+32.0dB,13.2us,"[0,",1,338.17,normal,0,valid,-12.6dB,-12.7dB,0.39us,-163.8Hz,,"[6,",,1
2025-07-30 13:41:19.491038,PHY,0x4601,1,0,na,"[0,",0,0,1,371.1,+11.4dB,15.3us,"[0,",1,338.18,normal,0,valid,-15.4dB,-15.7dB,na,na,,,,
2025-07-30 13:41:19.491507,PHY,0x4601,1,0,na,"[0,",0,0,1,368.3,+11.4dB,13.7us,"[0,",1,338.19,normal,0,valid,-15.4dB,-15.7dB,na,na,,,,
2025-07-30 13:41:19.496011,PHY,0x4601,1,0,na,"[0,",0,0,1,394.4,+11.7dB,24.8us,"[0,",1,339.8,normal,0,valid,-15.5dB,-15.7dB,na,na,,,,
2025-07-30 13:41:19.496518,PHY,0x4601,1,0,na,"[0,",0,0,1,382.2,+11.6dB,16.2us,"[0,",1,339.9,normal,0,valid,-15.4dB,-15.7dB,na,na,,,,
2025-07-30 13:41:19.500025,PHY,0x4601,2,,na,"[0,",,,11111,,+29.3dB,25.1us,"[0,",1,339.17,normal,0,valid,-12.6dB,-12.8dB,0.39us,+15.2Hz,,"[6,",,1
2025-07-30 13:41:19.501001,PHY,0x4601,1,0,na,"[0,",0,0,1,365.8,+11.4dB,23.9us,"[0,",1,339.18,normal,0,valid,-15.4dB,-15.7dB,na,na,,,,
2025-07-30 13:41:19.501443,PHY,0x4601,1,0,na,"[0,",0,0,1,375.8,+11.5dB,15.3us,"[0,",1,339.19,normal,0,valid,-15.4dB,-15.7dB,na,na,,,,
2025-07-30 13:41:19.505608,CSI,0x4601,2,,na,"[0,",,,1,,+28.0dB,28.5us,"[0,",1,340.8,normal,0,valid,-12.7dB,-12.8dB,0.39us,-40.8Hz,,"[6,",1111,1
2025-07-30 13:41:19.506563,PHY,0x4601,1,0,na,"[0,",0,0,1,328.6,+10.9dB,16.3us,"[0,",1,340.9,normal,0,valid,-15.4dB,-15.8dB,na,na,,,,
2025-07-30 13:41:19.510133,PHY,0x4601,2,,na,"[0,",,,11111,,+30.0dB,17.2us,"[0,",1,340.17,normal,0,valid,-12.6dB,-12.7dB,0.37us,+45.5Hz,,"[6,",,1
2025-07-30 13:41:19.510995,PHY,0x4601,1,0,na,"[0,",0,0,1,320.1,+10.8dB,15.0us,"[0,",1,340.18,normal,0,valid,-15.4dB,-15.8dB,na,na,,,,
2025-07-30 13:41:19.511496,PHY,0x4601,1,0,na,"[0,",0,0,1,308.6,+10.6dB,14.2us,"[0,",1,340.19,normal,0,valid,-15.4dB,-15.8dB,na,na,,,,
2025-07-30 13:41:19.515993,PHY,0x4601,1,0,na,"[0,",0,0,1,369.8,+11.4dB,16.0us,"[0,",1,341.8,normal,0,valid,-15.5dB,-15.8dB,na,na,,,,
2025-07-30 13:41:19.516553,PHY,0x4601,1,0,na,"[0,",0,0,1,377.1,+11.5dB,22.0us,"[0,",1,341.9,normal,0,valid,-15.4dB,-15.7dB,na,na,,,,
2025-07-30 13:41:19.520089,PHY,0x4601,2,,na,"[0,",,,11111,,+29.8dB,15.6us,"[0,",1,341.17,normal,0,valid,-12.6dB,-12.7dB,0.38us,+59.0Hz,,"[6,",,1
2025-07-30 13:41:19.521029,PHY,0x4601,1,0,na,"[0,",0,0,1,383.2,+11.6dB,16.6us,"[0,",1,341.18,normal,0,valid,-15.4dB,-15.7dB,na,na,,,,
2025-07-30 13:41:19.521507,PHY,0x4601,1,0,na,"[0,",0,0,1,374.5,+11.4dB,14.4us,"[0,",1,341.19,normal,0,valid,-15.4dB,-15.8dB,na,na,,,,
2025-07-30 13:41:19.525669,CSI,0x4601,2,,na,"[0,",,,1,,+29.6dB,19.5us,"[0,",1,342.8,normal,0,valid,-12.6dB,-12.7dB,0.42us,+0.6Hz,,"[6,",1111,1
2025-07-30 13:41:19.526495,PHY,0x4601,1,0,na,"[0,",0,0,1,379.4,+11.5dB,20.1us,"[0,",1,342.9,normal,0,valid,-15.5dB,-15.8dB,na,na,,,,
2025-07-30 13:41:19.530157,PHY,0x4601,2,,na,"[0,",,,11111,,+29.2dB,24.9us,"[0,",1,342.17,normal,0,valid,-12.5dB,-12.7dB,0.40us,-22.4Hz,,"[6,",,1
2025-07-30 13:41:19.531000,PHY,0x4601,1,0,na,"[0,",0,0,1,313.7,+10.7dB,26.1us,"[0,",1,342.18,normal,0,valid,-15.4dB,-15.8dB,na,na,,,,
2025-07-30 13:41:19.531553,PHY,0x4601,1,0,na,"[0,",0,0,1,318.7,+10.8dB,24.1us,"[0,",1,342.19,normal,0,valid,-15.4dB,-15.7dB,na,na,,,,
2025-07-30 13:41:19.536040,PHY,0x4601,1,0,na,"[0,",0,0,1,375.0,+11.5dB,20.2us,"[0,",1,343.8,normal,0,valid,-15.5dB,-15.7dB,na,na,,,,
2025-07-30 13:41:19.536518,PHY,0x4601,1,0,na,"[0,",0,0,1,385.2,+11.6dB,19.4us,"[0,",1,343.9,normal,0,valid,-15.5dB,-15.8dB,na,na,,,,
2025-07-30 13:41:19.540074,PHY,0x4601,2,,na,"[0,",,,11111,,+30.5dB,25.9us,"[0,",1,343.17,normal,0,valid,-12.6dB,-12.7dB,0.38us,-32.0Hz,,"[6,",,1
2025-07-30 13:41:19.541007,PHY,0x4601,1,0,na,"[0,",0,0,1,321.3,+10.8dB,22.7us,"[0,",1,343.18,normal,0,valid,-15.4dB,-15.8dB,na,na,,,,
2025-07-30 13:41:19.541488,PHY,0x4601,1,0,na,"[0,",0,0,1,317.1,+10.7dB,20.4us,"[0,",1,343.19,normal,0,valid,-15.5dB,-15.8dB,na,na,,,,
2025-07-30 13:41:19.545660,CSI,0x4601,2,,na,"[0,",,,1,,+29.4dB,19.6us,"[0,",1,344.8,normal,0,valid,-12.5dB,-12.6dB,0.37us,+35.8Hz,,"[6,",1111,1
2025-07-30 13:41:19.546548,PHY,0x4601,1,0,na,"[0,",0,0,1,320.6,+10.7dB,27.1us,"[0,",1,344.9,normal,0,valid,-15.4dB,-15.8dB,na,na,,,,
2025-07-30 13:41:19.550128,PHY,0x4601,2,,na,"[0,",,,11111,,+29.3dB,31.4us,"[0,",1,344.17,normal,0,valid,-12.6dB,-12.7dB,0.37us,+13.9Hz,,"[6,",,1
2025-07-30 13:41:19.551022,PHY,0x4601,1,0,na,"[0,",0,0,1,313.7,+10.7dB,23.0us,"[0,",1,344.18,normal,0,valid,-15.4dB,-15.7dB,na,na,,,,
2025-07-30 13:41:19.551529,PHY,0x4601,1,0,na,"[0,",0,0,1,315.1,+10.7dB,33.6us,"[0,",1,344.19,normal,0,valid,-15.4dB,-15.8dB,na,na,,,,
2025-07-30 13:41:19.556015,PHY,0x4601,1,0,na,"[0,",0,0,1,380.5,+11.5dB,28.2us,"[0,",1,345.8,normal,0,valid,-15.4dB,-15.7dB,na,na,,,,
2025-07-30 13:41:19.556523,PHY,0x4601,1,0,na,"[0,",0,0,1,382.2,+11.6dB,28.4us,"[0,",1,345.9,normal,0,valid,-15.5dB,-15.8dB,na,na,,,,
2025-07-30 13:41:19.560193,PHY,0x4601,2,,na,"[0,",,,11111,,+31.4dB,44.3us,"[0,",1,345.17,normal,0,valid,-12.5dB,-12.6dB,0.38us,-53.8Hz,,"[6,",,1
2025-07-30 13:41:19.560979,PHY,0x4601,1,0,na,"[0,",0,0,1,324.8,+10.8dB,25.9us,"[0,",1,345.18,normal,0,valid,-15.4dB,-15.8dB,na,na,,,,
2025-07-30 13:41:19.561573,PHY,0x4601,1,0,na,"[0,",0,0,1,327.3,+10.9dB,18.7us,"[0,",1,345.19,normal,0,valid,-15.4dB,-15.7dB,na,na,,,,
2025-07-30 13:41:19.565716,CSI,0x4601,2,,na,"[0,",,,1,,+30.4dB,22.1us,"[0,",1,346.8,normal,0,valid,-12.6dB,-12.7dB,0.39us,+80.2Hz,,"[6,",1111,1
2025-07-30 13:41:19.566517,PHY,0x4601,1,0,na,"[0,",0,0,1,322.4,+10.8dB,28.0us,"[0,",1,346.9,normal,0,valid,-15.4dB,-15.8dB,na,na,,,,
2025-07-30 13:41:19.570067,PHY,0x4601,2,,na,"[0,",,,11111,,+30.7dB,27.9us,"[0,",1,346.17,normal,0,valid,-12.7dB,-12.8dB,0.36us,+18.0Hz,,"[6,",,1
2025-07-30 13:41:19.570985,PHY,0x4601,1,0,na,"[0,",0,0,1,397.9,+11.7dB,23.4us,"[0,",1,346.18,normal,0,valid,-15.4dB,-15.7dB,na,na,,,,
2025-07-30 13:41:19.571504,PHY,0x4601,1,0,na,"[0,",0,0,1,366.5,+11.4dB,24.5us,"[0,",1,346.19,normal,0,valid,-15.4dB,-15.7dB,na,na,,,,
2025-07-30 13:41:19.576102,PHY,0x4601,1,0,na,"[0,",0,0,1,392.0,+11.7dB,17.8us,"[0,",1,347.8,normal,0,valid,-15.4dB,-15.8dB,na,na,,,,
2025-07-30 13:41:19.576528,PHY,0x4601,1,0,na,"[0,",0,0,1,369.1,+11.4dB,22.3us,"[0,",1,347.9,normal,0,valid,-15.4dB,-15.7dB,na,na,,,,
2025-07-30 13:41:19.580085,PHY,0x4601,2,,na,"[0,",,,11111,,+30.1dB,19.3us,"[0,",1,347.17,normal,0,valid,-12.7dB,-12.8dB,0.37us,+57.5Hz,,"[6,",,1
2025-07-30 13:41:19.581005,PHY,0x4601,1,0,na,"[0,",0,0,1,327.6,+10.9dB,17.4us,"[0,",1,347.18,normal,0,valid,-15.4dB,-15.7dB,na,na,,,,
2025-07-30 13:41:19.581478,PHY,0x4601,1,0,na,"[0,",0,0,1,316.3,+10.7dB,18.4us,"[0,",1,347.19,normal,0,valid,-15.4dB,-15.8dB,na,na,,,,
2025-07-30 13:41:19.585609,CSI,0x4601,2,,na,"[0,",,,1,,+29.1dB,16.3us,"[0,",1,348.8,normal,0,valid,-12.6dB,-12.8dB,0.41us,-13.6Hz,,"[6,",1111,1
2025-07-30 13:41:19.586467,PHY,0x4601,1,0,na,"[0,",0,0,1,328.6,+10.9dB,19.2us,"[0,",1,348.9,normal,0,valid,-15.4dB,-15.8dB,na,na,,,,
2025-07-30 13:41:19.590124,PHY,0x4601,2,,na,"[0,",,,11111,,+29.4dB,14.6us,"[0,",1,348.17,normal,0,valid,-12.5dB,-12.6dB,0.40us,+5.0Hz,,"[6,",,1
2025-07-30 13:41:19.591044,PHY,0x4601,1,0,na,"[0,",0,0,1,318.8,+10.8dB,18.9us,"[0,",1,348.18,normal,0,valid,-15.3dB,-15.7dB,na,na,,,,
2025-07-30 13:41:19.591509,PHY,0x4601,1,0,na,"[0,",0,0,1,318.2,+10.7dB,16.0us,"[0,",1,348.19,normal,0,valid,-15.3dB,-15.7dB,na,na,,,,
2025-07-30 13:41:19.596003,PHY,0x4601,1,0,na,"[0,",0,0,1,371.6,+11.4dB,17.3us,"[0,",1,349.8,normal,0,valid,-15.3dB,-15.6dB,na,na,,,,
2025-07-30 13:41:19.596479,PHY,0x4601,1,0,na,"[0,",0,0,1,366.2,+11.4dB,16.7us,"[0,",1,349.9,normal,0,valid,-15.3dB,-15.6dB,na,na,,,,
2025-07-30 13:41:19.600030,PHY,0x4601,2,,na,"[0,",,,11111,,+30.6dB,16.5us,"[0,",1,349.17,normal,0,valid,-12.5dB,-12.7dB,0.38us,-38.8Hz,,"[6,",,1
2025-07-30 13:41:19.600954,PHY,0x4601,1,0,na,"[0,",0,0,1,382.5,+11.6dB,16.5us,"[0,",1,349.18,normal,0,valid,-15.3dB,-15.6dB,na,na,,,,
2025-07-30 13:41:19.601548,PHY,0x4601,1,0,na,"[0,",0,0,1,379.8,+11.5dB,18.2us,"[0,",1,349.19,normal,0,valid,-15.3dB,-15.6dB,na,na,,,,
2025-07-30 13:41:19.605563,CSI,0x4601,2,,na,"[0,",,,1,,+29.2dB,15.3us,"[0,",1,350.8,normal,0,valid,-12.5dB,-12.6dB,0.39us,+41.4Hz,,"[6,",1111,1
2025-07-30 13:41:19.606507,PHY,0x4601,1,0,na,"[0,",0,0,1,383.5,+11.6dB,15.7us,"[0,",1,350.9,normal,0,valid,-15.3dB,-15.6dB,na,na,,,,
2025-07-30 13:41:19.610046,PHY,0x4601,2,,na,"[0,",,,11111,,+30.5dB,13.7us,"[0,",1,350.17,normal,0,valid,-12.5dB,-12.7dB,0.39us,-27.9Hz,,"[6,",,1
2025-07-30 13:41:19.611009,PHY,0x4601,1,0,na,"[0,",0,0,1,325.9,+10.9dB,34.8us,"[0,",1,350.18,normal,0,valid,-15.3dB,-15.7dB,na,na,,,,
2025-07-30 13:41:19.611463,PHY,0x4601,1,0,na,"[0,",0,0,1,320.1,+10.8dB,14.7us,"[0,",1,350.19,normal,0,valid,-15.4dB,-15.7dB,na,na,,,,
2025-07-30 13:41:19.615953,PHY,0x4601,1,0,na,"[0,",0,0,1,384.6,+11.6dB,16.1us,"[0,",1,351.8,normal,0,valid,-15.3dB,-15.6dB,na,na,,,,
2025-07-30 13:41:19.616554,PHY,0x4601,1,0,na,"[0,",0,0,1,369.5,+11.4dB,15.7us,"[0,",1,351.9,normal,0,valid,-15.4dB,-15.7dB,na,na,,,,
2025-07-30 13:41:19.620114,PHY,0x4601,2,,na,"[0,",,,11111,,+26.8dB,15.6us,"[0,",1,351.17,normal,0,valid,-12.5dB,-12.7dB,0.39us,+67.5Hz,,"[6,",,1
2025-07-30 13:41:19.621028,PHY,0x4601,1,0,na,"[0,",0,0,1,331.5,+10.9dB,18.0us,"[0,",1,351.18,normal,0,valid,-15.3dB,-15.6dB,na,na,,,,
2025-07-30 13:41:19.621495,PHY,0x4601,1,0,na,"[0,",0,0,1,309.9,+10.6dB,14.6us,"[0,",1,351.19,normal,0,valid,-15.3dB,-15.7dB,na,na,,,,
2025-07-30 13:41:19.625606,CSI,0x4601,2,,na,"[0,",,,1,,+32.8dB,12.2us,"[0,",1,352.8,normal,0,valid,-12.5dB,-12.6dB,0.38us,+0.5Hz,,"[6,",1111,1
2025-07-30 13:41:19.626454,PHY,0x4601,1,0,na,"[0,",0,0,1,314.1,+10.8dB,16.4us,"[0,",1,352.9,normal,0,valid,-15.3dB,-15.7dB,na,na,,,,
2025-07-30 13:41:19.630144,PHY,0x4601,2,,na,"[0,",,,11111,,+29.9dB,14.7us,"[0,",1,352.17,normal,0,valid,-12.6dB,-12.7dB,0.39us,-30.9Hz,,"[6,",,1
2025-07-30 13:41:19.630942,PHY,0x4601,1,0,na,"[0,",0,0,1,370.8,+11.4dB,17.3us,"[0,",1,352.18,normal,0,valid,-15.3dB,-15.6dB,na,na,,,,
2025-07-30 13:41:19.631535,PHY,0x4601,1,0,na,"[0,",0,0,1,364.0,+11.3dB,16.2us,"[0,",1,352.19,normal,0,valid,-15.3dB,-15.6dB,na,na,,,,
2025-07-30 13:41:19.636037,PHY,0x4601,1,0,na,"[0,",0,0,1,377.7,+11.5dB,19.2us,"[0,",1,353.8,normal,0,valid,-15.3dB,-15.6dB,na,na,,,,
2025-07-30 13:41:19.636500,PHY,0x4601,1,0,na,"[0,",0,0,1,366.7,+11.4dB,14.5us,"[0,",1,353.9,normal,0,valid,-15.3dB,-15.6dB,na,na,,,,
2025-07-30 13:41:19.640030,PHY,0x4601,2,,na,"[0,",,,11111,,+31.5dB,15.7us,"[0,",1,353.17,normal,0,valid,-12.5dB,-12.7dB,0.38us,-36.7Hz,,"[6,",,1
2025-07-30 13:41:19.640986,PHY,0x4601,1,0,na,"[0,",0,0,1,323.7,+10.8dB,17.8us,"[0,",1,353.18,normal,0,valid,-15.3dB,-15.7dB,na,na,,,,
2025-07-30 13:41:19.641452,PHY,0x4601,1,0,na,"[0,",0,0,1,335.2,+11.0dB,18.2us,"[0,",1,353.19,normal,0,valid,-15.3dB,-15.7dB,na,na,,,,
2025-07-30 13:41:19.645588,CSI,0x4601,2,,na,"[0,",,,1,,+29.7dB,18.4us,"[0,",1,354.8,normal,0,valid,-12.4dB,-12.6dB,0.40us,+55.2Hz,,"[6,",1111,1
2025-07-30 13:41:19.646539,PHY,0x4601,1,0,na,"[0,",0,0,1,374.0,+11.5dB,20.8us,"[0,",1,354.9,normal,0,valid,-15.3dB,-15.6dB,na,na,,,,
2025-07-30 13:41:19.650079,PHY,0x4601,2,,na,"[0,",,,11111,,+30.8dB,15.2us,"[0,",1,354.17,normal,0,valid,-12.6dB,-12.7dB,0.39us,+28.1Hz,,"[6,",,1
2025-07-30 13:41:19.651020,PHY,0x4601,1,0,na,"[0,",0,0,1,317.0,+10.8dB,15.8us,"[0,",1,354.18,normal,0,valid,-15.3dB,-15.6dB,na,na,,,,
2025-07-30 13:41:19.651480,PHY,0x4601,1,0,na,"[0,",0,0,1,330.0,+10.9dB,14.3us,"[0,",1,354.19,normal,0,valid,-15.3dB,-15.7dB,na,na,,,,
2025-07-30 13:41:19.655977,PHY,0x4601,1,0,na,"[0,",0,0,1,384.7,+11.6dB,18.3us,"[0,",1,355.8,normal,0,valid,-15.3dB,-15.6dB,na,na,,,,
2025-07-30 13:41:19.656446,PHY,0x4601,1,0,na,"[0,",0,0,1,368.0,+11.4dB,15.6us,"[0,",1,355.9,normal,0,valid,-15.3dB,-15.6dB,na,na,,,,
2025-07-30 13:41:19.660102,PHY,0x4601,2,,na,"[0,",,,11111,,+28.2dB,16.0us,"[0,",1,355.17,normal,0,valid,-12.5dB,-12.7dB,0.35us,+3.3Hz,,"[6,",,1
2025-07-30 13:41:19.661038,PHY,0x4601,1,0,na,"[0,",0,0,1,372.8,+11.5dB,17.3us,"[0,",1,355.18,normal,0,valid,-15.3dB,-15.6dB,na,na,,,,
2025-07-30 13:41:19.661523,PHY,0x4601,1,0,na,"[0,",0,0,1,371.7,+11.4dB,14.6us,"[0,",1,355.19,normal,0,valid,-15.3dB,-15.6dB,na,na,,,,
2025-07-30 13:41:19.665618,CSI,0x4601,2,,na,"[0,",,,1,,+33.1dB,14.8us,"[0,",1,356.8,normal,0,valid,-12.4dB,-12.5dB,0.38us,-50.0Hz,,"[6,",1111,1
2025-07-30 13:41:19.666486,PHY,0x4601,1,0,na,"[0,",0,0,1,371.5,+11.4dB,16.1us,"[0,",1,356.9,normal,0,valid,-15.3dB,-15.6dB,na,na,,,,
2025-07-30 13:41:19.670011,PHY,0x4601,2,,na,"[0,",,,11111,,+29.4dB,14.8us,"[0,",1,356.17,normal,0,valid,-12.5dB,-12.7dB,0.41us,+17.6Hz,,"[6,",,1
2025-07-30 13:41:19.670967,PHY,0x4601,1,0,na,"[0,",0,0,1,393.0,+11.7dB,17.4us,"[0,",1,356.18,normal,0,valid,-15.3dB,-15.6dB,na,na,,,,
2025-07-30 13:41:19.671450,PHY,0x4601,1,0,na,"[0,",0,0,1,367.6,+11.4dB,14.4us,"[0,",1,356.19,normal,0,valid,-15.3dB,-15.6dB,na,na,,,,
2025-07-30 13:41:19.676052,PHY,0x4601,1,0,na,"[0,",0,0,1,376.1,+11.5dB,22.7us,"[0,",1,357.8,normal,0,valid,-15.3dB,-15.6dB,na,na,,,,
2025-07-30 13:41:19.676543,PHY,0x4601,1,0,na,"[0,",0,0,1,368.5,+11.4dB,16.2us,"[0,",1,357.9,normal,0,valid,-15.3dB,-15.6dB,na,na,,,,
2025-07-30 13:41:19.680090,PHY,0x4601,2,,na,"[0,",,,11111,,+29.7dB,16.1us,"[0,",1,357.17,normal,0,valid,-12.5dB,-12.6dB,0.41us,-20.5Hz,,"[6,",,1
2025-07-30 13:41:19.681012,PHY,0x4601,1,0,na,"[0,",0,0,1,325.3,+10.9dB,15.6us,"[0,",1,357.18,normal,0,valid,-15.3dB,-15.7dB,na,na,,,,
2025-07-30 13:41:19.681472,PHY,0x4601,1,0,na,"[0,",0,0,1,318.8,+10.8dB,15.7us,"[0,",1,357.19,normal,0,valid,-15.4dB,-15.7dB,na,na,,,,
2025-07-30 13:41:19.685602,CSI,0x4601,2,,na,"[0,",,,1,,+29.5dB,15.5us,"[0,",1,358.8,normal,0,valid,-12.5dB,-12.7dB,0.39us,-11.8Hz,,"[6,",1111,1
2025-07-30 13:41:19.686537,PHY,0x4601,1,0,na,"[0,",0,0,1,366.8,+11.4dB,16.1us,"[0,",1,358.9,normal,0,valid,-15.3dB,-15.6dB,na,na,,,,
2025-07-30 13:41:19.690091,PHY,0x4601,2,,na,"[0,",,,11111,,+30.9dB,13.7us,"[0,",1,358.17,normal,0,valid,-12.5dB,-12.6dB,0.38us,-76.8Hz,,"[6,",,1
2025-07-30 13:41:19.691023,PHY,0x4601,1,0,na,"[0,",0,0,1,367.1,+11.4dB,18.2us,"[0,",1,358.18,normal,0,valid,-15.3dB,-15.7dB,na,na,,,,
2025-07-30 13:41:19.691518,PHY,0x4601,1,0,na,"[0,",0,0,1,352.5,+11.2dB,14.4us,"[0,",1,358.19,normal,0,valid,-15.3dB,-15.6dB,na,na,,,,
2025-07-30 13:41:19.696014,PHY,0x4601,1,0,na,"[0,",0,0,1,375.7,+11.5dB,16.8us,"[0,",1,359.8,normal,0,valid,-15.3dB,-15.6dB,na,na,,,,
2025-07-30 13:41:19.696469,PHY,0x4601,1,0,na,"[0,",0,0,1,376.0,+11.5dB,18.0us,"[0,",1,359.9,normal,0,valid,-15.3dB,-15.6dB,na,na,,,,
2025-07-30 13:41:19.700127,PHY,0x4601,2,,na,"[0,",,,11111,,+30.0dB,16.0us,"[0,",1,359.17,normal,0,valid,-12.6dB,-12.7dB,0.40us,-13.7Hz,,"[6,",,1
2025-07-30 13:41:19.700954,PHY,0x4601,1,0,na,"[0,",0,0,1,372.9,+11.4dB,17.9us,"[0,",1,359.18,normal,0,valid,-15.3dB,-15.6dB,na,na,,,,
2025-07-30 13:41:19.701532,PHY,0x4601,1,0,na,"[0,",0,0,1,363.4,+11.4dB,14.5us,"[0,",1,359.19,normal,0,valid,-15.3dB,-15.6dB,na,na,,,,
2025-07-30 13:41:19.705564,CSI,0x4601,2,,na,"[0,",,,1,,+29.3dB,16.2us,"[0,",1,360.8,normal,0,valid,-12.5dB,-12.7dB,0.40us,-5.7Hz,,"[6,",1111,1
2025-07-30 13:41:19.706521,PHY,0x4601,1,0,na,"[0,",0,0,1,373.5,+11.5dB,21.0us,"[0,",1,360.9,normal,0,valid,-15.3dB,-15.6dB,na,na,,,,
2025-07-30 13:41:19.710041,PHY,0x4601,2,,na,"[0,",,,11111,,+31.3dB,15.2us,"[0,",1,360.17,normal,0,valid,-12.4dB,-12.6dB,0.40us,+32.6Hz,,"[6,",,1
2025-07-30 13:41:19.710999,PHY,0x4601,1,0,na,"[0,",0,0,1,317.2,+10.7dB,16.5us,"[0,",1,360.18,normal,0,valid,-15.3dB,-15.7dB,na,na,,,,
2025-07-30 13:41:19.711456,PHY,0x4601,1,0,na,"[0,",0,0,1,326.5,+10.9dB,13.9us,"[0,",1,360.19,normal,0,valid,-15.3dB,-15.7dB,na,na,,,,
2025-07-30 13:41:19.715950,PHY,0x4601,1,0,na,"[0,",0,0,1,381.2,+11.6dB,17.4us,"[0,",1,361.8,normal,0,valid,-15.3dB,-15.6dB,na,na,,,,
2025-07-30 13:41:19.716527,PHY,0x4601,1,0,na,"[0,",0,0,1,378.2,+11.5dB,15.1us,"[0,",1,361.9,normal,0,valid,-15.3dB,-15.6dB,na,na,,,,
2025-07-30 13:41:19.720083,PHY,0x4601,2,,na,"[0,",,,11111,,+32.0dB,15.0us,"[0,",1,361.17,normal,0,valid,-12.6dB,-12.6dB,0.13us,+134.9Hz,,"[6,",,1
2025-07-30 13:41:19.721011,PHY,0x4601,1,0,na,"[0,",0,0,1,2920.5,+20.4dB,18.3us,"[0,",1,361.18,normal,0,valid,-15.3dB,-15.4dB,na,na,,,,
2025-07-30 13:41:19.721503,PHY,0x4601,1,0,na,"[0,",0,0,1,2838.3,+20.3dB,13.7us,"[0,",1,361.19,normal,0,valid,-15.3dB,-15.4dB,na,na,,,,
2025-07-30 13:41:19.725623,CSI,0x4601,2,,na,"[0,",,,1,,+29.2dB,15.8us,"[0,",1,362.8,normal,0,valid,-12.5dB,-12.5dB,0.13us,-44.6Hz,,"[6,",1111,1
2025-07-30 13:41:19.726452,PHY,0x4601,1,0,na,"[0,",0,0,1,2960.9,+20.4dB,17.8us,"[0,",1,362.9,normal,0,valid,-15.4dB,-15.4dB,na,na,,,,
2025-07-30 13:41:19.730109,PHY,0x4601,2,,na,"[0,",,,11111,,+30.1dB,16.6us,"[0,",1,362.17,normal,0,valid,-12.6dB,-12.6dB,0.11us,-63.5Hz,,"[6,",,1
2025-07-30 13:41:19.730950,PHY,0x4601,1,0,na,"[0,",0,0,1,1934.6,+18.6dB,20.3us,"[0,",1,362.18,normal,0,valid,-15.3dB,-15.4dB,na,na,,,,
2025-07-30 13:41:19.731521,PHY,0x4601,1,0,na,"[0,",0,0,1,1816.2,+18.3dB,18.2us,"[0,",1,362.19,normal,0,valid,-15.3dB,-15.4dB,na,na,,,,
2025-07-30 13:41:19.736009,PHY,0x4601,1,0,na,"[0,",0,0,1,2972.9,+20.5dB,17.9us,"[0,",1,363.8,normal,0,valid,-15.3dB,-15.4dB,na,na,,,,
2025-07-30 13:41:19.736509,PHY,0x4601,1,0,na,"[0,",0,0,1,2873.5,+20.3dB,15.6us,"[0,",1,363.9,normal,0,valid,-15.3dB,-15.4dB,na,na,,,,
2025-07-30 13:41:19.740025,PHY,0x4601,2,,na,"[0,",,,11111,,+32.0dB,15.8us,"[0,",1,363.17,normal,0,valid,-12.5dB,-12.5dB,0.12us,-23.4Hz,,"[6,",,1
2025-07-30 13:41:19.740993,PHY,0x4601,1,0,na,"[0,",0,0,1,1818.1,+18.3dB,15.6us,"[0,",1,363.18,normal,0,valid,-15.3dB,-15.4dB,na,na,,,,
2025-07-30 13:41:19.741452,PHY,0x4601,1,0,na,"[0,",0,0,1,2027.2,+18.8dB,13.9us,"[0,",1,363.19,normal,0,valid,-15.4dB,-15.4dB,na,na,,,,
2025-07-30 13:41:19.745598,CSI,0x4601,2,,na,"[0,",,,1,,+29.8dB,17.7us,"[0,",1,364.8,normal,0,valid,-12.4dB,-12.4dB,0.14us,-146.3Hz,,"[6,",1111,1
2025-07-30 13:41:19.746515,PHY,0x4601,1,0,na,"[0,",0,0,1,1718.4,+18.1dB,16.8us,"[0,",1,364.9,normal,0,valid,-15.3dB,-15.4dB,na,na,,,,
2025-07-30 13:41:19.750079,PHY,0x4601,2,,na,"[0,",,,11111,,+30.7dB,15.2us,"[0,",1,364.17,normal,0,valid,-12.5dB,-12.6dB,0.13us,+19.4Hz,,"[6,",,1
2025-07-30 13:41:19.751006,PHY,0x4601,1,0,na,"[0,",0,0,1,1864.6,+18.4dB,16.1us,"[0,",1,364.18,normal,0,valid,-15.3dB,-15.4dB,na,na,,,,
2025-07-30 13:41:19.751503,PHY,0x4601,1,0,na,"[0,",0,0,1,1923.8,+18.6dB,18.6us,"[0,",1,364.19,normal,0,valid,-15.3dB,-15.3dB,na,na,,,,
2025-07-30 13:41:19.755985,PHY,0x4601,1,0,na,"[0,",0,0,1,2984.9,+20.5dB,15.9us,"[0,",1,365.8,normal,0,valid,-15.3dB,-15.4dB,na,na,,,,
2025-07-30 13:41:19.756437,PHY,0x4601,1,0,na,"[0,",0,0,1,3156.1,+20.7dB,13.7us,"[0,",1,365.9,normal,0,valid,-15.3dB,-15.4dB,na,na,,,,
2025-07-30 13:41:19.760094,PHY,0x4601,2,,na,"[0,",,,11111,,+28.6dB,16.2us,"[0,",1,365.17,normal,0,valid,-12.6dB,-12.8dB,0.38us,-32.5Hz,,"[6,",,1
2025-07-30 13:41:19.761040,PHY,0x4601,1,0,na,"[0,",0,0,1,318.8,+10.8dB,18.0us,"[0,",1,365.18,normal,0,valid,-15.3dB,-15.7dB,na,na,,,,
2025-07-30 13:41:19.761508,PHY,0x4601,1,0,na,"[0,",0,0,1,314.3,+10.7dB,15.9us,"[0,",1,365.19,normal,0,valid,-15.3dB,-15.6dB,na,na,,,,
2025-07-30 13:41:19.765612,CSI,0x4601,2,,na,"[0,",,,1,,+30.5dB,13.5us,"[0,",1,366.8,normal,0,valid,-12.4dB,-12.5dB,0.38us,-40.4Hz,,"[6,",1111,1
2025-07-30 13:41:19.766502,PHY,0x4601,1,0,na,"[0,",0,0,1,310.5,+10.6dB,16.7us,"[0,",1,366.9,normal,0,valid,-15.3dB,-15.7dB,na,na,,,,
2025-07-30 13:41:19.770029,PHY,0x4601,2,,na,"[0,",,,11111,,+31.4dB,14.6us,"[0,",1,366.17,normal,0,valid,-12.5dB,-12.6dB,0.40us,-40.4Hz,,"[6,",,1
2025-07-30 13:41:19.770986,PHY,0x4601,1,0,na,"[0,",0,0,1,355.5,+11.3dB,16.1us,"[0,",1,366.18,normal,0,valid,-15.3dB,-15.6dB,na,na,,,,
2025-07-30 13:41:19.771542,PHY,0x4601,1,0,na,"[0,",0,0,1,356.0,+11.2dB,14.3us,"[0,",1,366.19,normal,0,valid,-15.3dB,-15.6dB,na,na,,,,
2025-07-30 13:41:19.776043,PHY,0x4601,1,0,na,"[0,",0,0,1,374.4,+11.5dB,21.3us,"[0,",1,367.8,normal,0,valid,-15.3dB,-15.6dB,na,na,,,,
2025-07-30 13:41:19.776511,PHY,0x4601,1,0,na,"[0,",0,0,1,366.3,+11.4dB,14.7us,"[0,",1,367.9,normal,0,valid,-15.3dB,-15.6dB,na,na,,,,
2025-07-30 13:41:19.780050,PHY,0x4601,2,,na,"[0,",,,11111,,+29.8dB,14.6us,"[0,",1,367.17,normal,0,valid,-12.6dB,-12.7dB,0.39us,+50.6Hz,,"[6,",,1
2025-07-30 13:41:19.780991,PHY,0x4601,1,0,na,"[0,",0,0,1,389.3,+11.7dB,19.9us,"[0,",1,367.18,normal,0,valid,-15.3dB,-15.6dB,na,na,,,,
2025-07-30 13:41:19.781494,PHY,0x4601,1,0,na,"[0,",0,0,1,370.6,+11.5dB,14.4us,"[0,",1,367.19,normal,0,valid,-15.3dB,-15.6dB,na,na,,,,
2025-07-30 13:41:19.785586,CSI,0x4601,2,,na,"[0,",,,1,,+28.8dB,14.3us,"[0,",1,368.8,normal,0,valid,-12.4dB,-12.6dB,0.41us,-53.0Hz,,"[6,",1111,1
2025-07-30 13:41:19.786539,PHY,0x4601,1,0,na,"[0,",0,0,1,322.8,+10.8dB,16.7us,"[0,",1,368.9,normal,0,valid,-15.3dB,-15.7dB,na,na,,,,
2025-07-30 13:41:19.790087,PHY,0x4601,2,,na,"[0,",,,11111,,+32.3dB,14.6us,"[0,",1,368.17,normal,0,valid,-12.5dB,-12.6dB,0.37us,+23.1Hz,,"[6,",,1
2025-07-30 13:41:19.791017,PHY,0x4601,1,0,na,"[0,",0,0,1,322.2,+10.8dB,17.3us,"[0,",1,368.18,normal,0,valid,-15.3dB,-15.6dB,na,na,,,,
2025-07-30 13:41:19.791490,PHY,0x4601,1,0,na,"[0,",0,0,1,314.1,+10.7dB,13.7us,"[0,",1,368.19,normal,0,valid,-15.3dB,-15.7dB,na,na,,,,
2025-07-30 13:41:19.795989,PHY,0x4601,1,0,na,"[0,",0,0,1,371.2,+11.4dB,16.2us,"[0,",1,369.8,normal,0,valid,-15.2dB,-15.5dB,na,na,,,,
2025-07-30 13:41:19.796488,PHY,0x4601,1,0,na,"[0,",0,0,1,363.1,+11.3dB,24.1us,"[0,",1,369.9,normal,0,valid,-15.3dB,-15.6dB,na,na,,,,
2025-07-30 13:41:19.800168,PHY,0x4601,2,,na,"[0,",,,11111,,+29.7dB,14.5us,"[0,",1,369.17,normal,0,valid,-12.5dB,-12.6dB,0.40us,+75.8Hz,,"[6,",,1
2025-07-30 13:41:19.800970,PHY,0x4601,1,0,na,"[0,",0,0,1,383.8,+11.6dB,15.9us,"[0,",1,369.18,normal,0,valid,-15.3dB,-15.6dB,na,na,,,,
2025-07-30 13:41:19.801530,PHY,0x4601,1,0,na,"[0,",0,0,1,370.5,+11.4dB,18.0us,"[0,",1,369.19,normal,0,valid,-15.3dB,-15.6dB,na,na,,,,
2025-07-30 13:41:19.805623,CSI,0x4601,2,,na,"[0,",,,1,,+29.2dB,13.2us,"[0,",1,370.8,normal,0,valid,-12.5dB,-12.6dB,0.38us,-53.2Hz,,"[6,",1111,1
2025-07-30 13:41:19.806506,PHY,0x4601,1,0,na,"[0,",0,0,1,306.4,+10.6dB,18.4us,"[0,",1,370.9,normal,0,valid,-15.3dB,-15.7dB,na,na,,,,
2025-07-30 13:41:19.810038,PHY,0x4601,2,,na,"[0,",,,11111,,+28.0dB,15.0us,"[0,",1,370.17,normal,0,valid,-12.6dB,-12.7dB,0.39us,+8.2Hz,,"[6,",,1
2025-07-30 13:41:19.810974,PHY,0x4601,1,0,na,"[0,",0,0,1,369.5,+11.4dB,16.5us,"[0,",1,370.18,normal,0,valid,-15.3dB,-15.6dB,na,na,,,,
2025-07-30 13:41:19.811472,PHY,0x4601,1,0,na,"[0,",0,0,1,377.4,+11.5dB,14.3us,"[0,",1,370.19,normal,0,valid,-15.3dB,-15.6dB,na,na,,,,
2025-07-30 13:41:19.815971,PHY,0x4601,1,0,na,"[0,",0,0,1,357.8,+11.3dB,17.9us,"[0,",1,371.8,normal,0,valid,-15.3dB,-15.6dB,na,na,,,,
2025-07-30 13:41:19.816533,PHY,0x4601,1,0,na,"[0,",0,0,1,375.2,+11.5dB,15.5us,"[0,",1,371.9,normal,0,valid,-15.3dB,-15.6dB,na,na,,,,
2025-07-30 13:41:19.820084,PHY,0x4601,2,,na,"[0,",,,11111,,+33.4dB,15.6us,"[0,",1,371.17,normal,0,valid,-12.5dB,-12.6dB,0.39us,+22.9Hz,,"[6,",,1
2025-07-30 13:41:19.821010,PHY,0x4601,1,0,na,"[0,",0,0,1,383.8,+11.5dB,18.3us,"[0,",1,371.18,normal,0,valid,-15.3dB,-15.7dB,na,na,,,,
2025-07-30 13:41:19.821484,PHY,0x4601,1,0,na,"[0,",0,0,1,361.1,+11.3dB,15.0us,"[0,",1,371.19,normal,0,valid,-15.3dB,-15.7dB,na,na,,,,
2025-07-30 13:41:19.825685,CSI,0x4601,2,,na,"[0,",,,1,,+32.2dB,16.1us,"[0,",1,372.8,normal,0,valid,-12.5dB,-12.7dB,0.39us,+44.0Hz,,"[6,",1111,1
2025-07-30 13:41:19.826492,PHY,0x4601,1,0,na,"[0,",0,0,1,360.3,+11.3dB,16.8us,"[0,",1,372.9,normal,0,valid,-15.3dB,-15.6dB,na,na,,,,
2025-07-30 13:41:19.830114,PHY,0x4601,2,,na,"[0,",,,11111,,+29.1dB,24.0us,"[0,",1,372.17,normal,0,valid,-12.3dB,-12.5dB,0.39us,+1.7Hz,,"[6,",,1
2025-07-30 13:41:19.831054,PHY,0x4601,1,0,na,"[0,",0,0,1,306.6,+10.6dB,16.0us,"[0,",1,372.18,normal,0,valid,-15.1dB,-15.5dB,na,na,,,,
2025-07-30 13:41:19.831505,PHY,0x4601,1,0,na,"[0,",0,0,1,320.8,+10.8dB,14.7us,"[0,",1,372.19,normal,0,valid,-15.1dB,-15.4dB,na,na,,,,
2025-07-30 13:41:19.836004,PHY,0x4601,1,0,na,"[0,",0,0,1,354.6,+11.2dB,17.0us,"[0,",1,373.8,normal,0,valid,-15.1dB,-15.5dB,na,na,,,,
2025-07-30 13:41:19.836490,PHY,0x4601,1,0,na,"[0,",0,0,1,371.9,+11.5dB,28.2us,"[0,",1,373.9,normal,0,valid,-15.1dB,-15.4dB,na,na,,,,
2025-07-30 13:41:19.840029,PHY,0x4601,2,,na,"[0,",,,11111,,+28.9dB,15.5us,"[0,",1,373.17,normal,0,valid,-12.4dB,-12.5dB,0.37us,-0.7Hz,,"[6,",,1
2025-07-30 13:41:19.840965,PHY,0x4601,1,0,na,"[0,",0,0,1,371.3,+11.5dB,17.9us,"[0,",1,373.18,normal,0,valid,-15.2dB,-15.4dB,na,na,,,,
2025-07-30 13:41:19.841471,PHY,0x4601,1,0,na,"[0,",0,0,1,356.8,+11.3dB,15.7us,"[0,",1,373.19,normal,0,valid,-15.1dB,-15.4dB,na,na,,,,
2025-07-30 13:41:19.845564,CSI,0x4601,2,,na,"[0,",,,1,,+30.4dB,15.4us,"[0,",1,374.8,normal,0,valid,-12.3dB,-12.4dB,0.38us,-21.4Hz,,"[6,",1111,1
2025-07-30 13:41:19.846537,PHY,0x4601,1,0,na,"[0,",0,0,1,373.5,+11.4dB,23.8us,"[0,",1,374.9,normal,0,valid,-15.1dB,-15.5dB,na,na,,,,
2025-07-30 13:41:19.850069,PHY,0x4601,2,,na,"[0,",,,11111,,+30.5dB,18.4us,"[0,",1,374.17,normal,0,valid,-12.3dB,-12.4dB,0.40us,+29.0Hz,,"[6,",,1
2025-07-30 13:41:19.850997,PHY,0x4601,1,0,na,"[0,",0,0,1,313.0,+10.7dB,16.4us,"[0,",1,374.18,normal,0,valid,-15.1dB,-15.5dB,na,na,,,,
2025-07-30 13:41:19.851475,PHY,0x4601,1,0,na,"[0,",0,0,1,322.4,+10.8dB,17.2us,"[0,",1,374.19,normal,0,valid,-15.1dB,-15.4dB,na,na,,,,
2025-07-30 13:41:19.855957,PHY,0x4601,1,0,na,"[0,",0,0,1,363.0,+11.4dB,17.4us,"[0,",1,375.8,normal,0,valid,-15.1dB,-15.4dB,na,na,,,,
2025-07-30 13:41:19.856548,PHY,0x4601,1,0,na,"[0,",0,0,1,366.6,+11.4dB,16.3us,"[0,",1,375.9,normal,0,valid,-15.1dB,-15.4dB,na,na,,,,
2025-07-30 13:41:19.860117,PHY,0x4601,2,,na,"[0,",,,11110,,+28.2dB,16.5us,"[0,",1,375.17,normal,0,valid,-12.4dB,-12.5dB,0.41us,-165.6Hz,,"[6,",,1
2025-07-30 13:41:19.861028,PHY,0x4601,1,0,na,"[0,",0,0,1,374.3,+11.5dB,15.6us,"[0,",1,375.18,normal,0,valid,-15.1dB,-15.4dB,na,na,,,,
2025-07-30 13:41:19.861504,PHY,0x4601,1,0,na,"[0,",0,0,1,379.2,+11.5dB,14.5us,"[0,",1,375.19,normal,0,valid,-15.1dB,-15.4dB,na,na,,,,
2025-07-30 13:41:19.865616,CSI,0x4601,2,,na,"[0,",,,1,,+30.1dB,15.5us,"[0,",1,376.8,normal,0,valid,-12.3dB,-12.4dB,0.38us,+28.9Hz,,"[6,",1111,1
2025-07-30 13:41:19.866474,PHY,0x4601,1,0,na,"[0,",0,0,1,326.2,+10.9dB,20.7us,"[0,",1,376.9,normal,0,valid,-15.1dB,-15.5dB,na,na,,,,
2025-07-30 13:41:19.870121,PHY,0x4601,2,,na,"[0,",,,11111,,+30.8dB,17.0us,"[0,",1,376.17,normal,0,valid,-12.3dB,-12.5dB,0.40us,+19.3Hz,,"[6,",,1
2025-07-30 13:41:19.870951,PHY,0x4601,1,0,na,"[0,",0,0,1,362.2,+11.3dB,17.9us,"[0,",1,376.18,normal,0,valid,-15.1dB,-15.4dB,na,na,,,,
2025-07-30 13:41:19.871545,PHY,0x4601,1,0,na,"[0,",0,0,1,374.9,+11.5dB,14.4us,"[0,",1,376.19,normal,0,valid,-15.1dB,-15.4dB,na,na,,,,
2025-07-30 13:41:19.876033,PHY,0x4601,1,0,na,"[0,",0,0,1,367.9,+11.4dB,16.8us,"[0,",1,377.8,normal,0,valid,-15.1dB,-15.4dB,na,na,,,,
2025-07-30 13:41:19.876504,PHY,0x4601,1,0,na,"[0,",0,0,1,366.7,+11.4dB,14.6us,"[0,",1,377.9,normal,0,valid,-15.1dB,-15.5dB,na,na,,,,
2025-07-30 13:41:19.880035,PHY,0x4601,2,,na,"[0,",,,11111,,+27.1dB,15.1us,"[0,",1,377.17,normal,0,valid,-12.3dB,-12.4dB,0.36us,-47.4Hz,,"[6,",,1
2025-07-30 13:41:19.880985,PHY,0x4601,1,0,na,"[0,",0,0,1,322.0,+10.8dB,17.5us,"[0,",1,377.18,normal,0,valid,-15.1dB,-15.5dB,na,na,,,,
2025-07-30 13:41:19.881463,PHY,0x4601,1,0,na,"[0,",0,0,1,304.1,+10.6dB,18.1us,"[0,",1,377.19,normal,0,valid,-15.1dB,-15.5dB,na,na,,,,
2025-07-30 13:41:19.885592,CSI,0x4601,2,,na,"[0,",,,1,,+29.7dB,16.2us,"[0,",1,378.8,normal,0,valid,-12.2dB,-12.3dB,0.39us,-25.9Hz,,"[6,",1111,1
2025-07-30 13:41:19.886552,PHY,0x4601,1,0,na,"[0,",0,0,1,319.5,+10.8dB,16.9us,"[0,",1,378.9,normal,0,valid,-15.1dB,-15.4dB,na,na,,,,
2025-07-30 13:41:19.890073,PHY,0x4601,2,,na,"[0,",,,11111,,+28.8dB,17.3us,"[0,",1,378.17,normal,0,valid,-12.4dB,-12.5dB,0.36us,+22.7Hz,,"[6,",,1
2025-07-30 13:41:19.891033,PHY,0x4601,1,0,na,"[0,",0,0,1,374.2,+11.5dB,18.1us,"[0,",1,378.18,normal,0,valid,-15.1dB,-15.4dB,na,na,,,,
2025-07-30 13:41:19.891492,PHY,0x4601,1,0,na,"[0,",0,0,1,382.4,+11.5dB,19.0us,"[0,",1,378.19,normal,0,valid,-15.1dB,-15.4dB,na,na,,,,
2025-07-30 13:41:19.896011,PHY,0x4601,1,0,na,"[0,",0,0,1,378.6,+11.5dB,21.8us,"[0,",1,379.8,normal,0,valid,-15.1dB,-15.4dB,na,na,,,,
2025-07-30 13:41:19.896448,PHY,0x4601,1,0,na,"[0,",0,0,1,369.4,+11.4dB,15.3us,"[0,",1,379.9,normal,0,valid,-15.1dB,-15.4dB,na,na,,,,
2025-07-30 13:41:19.900100,PHY,0x4601,2,,na,"[0,",,,11111,,+29.7dB,17.6us,"[0,",1,379.17,normal,0,valid,-12.2dB,-12.4dB,0.39us,+39.5Hz,,"[6,",,1
2025-07-30 13:41:19.900947,PHY,0x4601,1,0,na,"[0,",0,0,1,369.2,+11.4dB,23.6us,"[0,",1,379.18,normal,0,valid,-15.1dB,-15.4dB,na,na,,,,
2025-07-30 13:41:19.901535,PHY,0x4601,1,0,na,"[0,",0,0,1,369.8,+11.4dB,15.2us,"[0,",1,379.19,normal,0,valid,-15.1dB,-15.4dB,na,na,,,,
2025-07-30 13:41:19.905626,CSI,0x4601,2,,na,"[0,",,,1,,+27.0dB,16.1us,"[0,",1,380.8,normal,0,valid,-12.3dB,-12.5dB,0.39us,+26.5Hz,,"[6,",1111,1
2025-07-30 13:41:19.906497,PHY,0x4601,1,0,na,"[0,",0,0,1,377.6,+11.5dB,17.6us,"[0,",1,380.9,normal,0,valid,-15.1dB,-15.4dB,na,na,,,,
2025-07-30 13:41:19.910025,PHY,0x4601,2,,na,"[0,",,,11111,,+29.3dB,16.4us,"[0,",1,380.17,normal,0,valid,-12.4dB,-12.5dB,0.39us,+37.2Hz,,"[6,",,1
2025-07-30 13:41:19.910985,PHY,0x4601,1,0,na,"[0,",0,0,1,312.5,+10.7dB,17.9us,"[0,",1,380.18,normal,0,valid,-15.1dB,-15.4dB,na,na,,,,
2025-07-30 13:41:19.911446,PHY,0x4601,1,0,na,"[0,",0,0,1,321.1,+10.8dB,17.0us,"[0,",1,380.19,normal,0,valid,-15.1dB,-15.5dB,na,na,,,,
2025-07-30 13:41:19.916049,PHY,0x4601,1,0,na,"[0,",0,0,1,369.8,+11.4dB,17.5us,"[0,",1,381.8,normal,0,valid,-15.1dB,-15.4dB,na,na,,,,
2025-07-30 13:41:19.916545,PHY,0x4601,1,0,na,"[0,",0,0,1,368.1,+11.4dB,17.8us,"[0,",1,381.9,normal,0,valid,-15.1dB,-15.4dB,na,na,,,,
2025-07-30 13:41:19.920084,PHY,0x4601,2,,na,"[0,",,,11111,,+31.6dB,17.6us,"[0,",1,381.17,normal,0,valid,-12.3dB,-12.4dB,0.43us,+64.8Hz,,"[6,",,1
2025-07-30 13:41:19.921034,PHY,0x4601,1,0,na,"[0,",0,0,1,1846.9,+18.4dB,18.7us,"[0,",1,381.18,normal,0,valid,-15.1dB,-15.2dB,na,na,,,,
2025-07-30 13:41:19.921487,PHY,0x4601,1,0,na,"[0,",0,0,1,1878.9,+18.5dB,14.9us,"[0,",1,381.19,normal,0,valid,-15.1dB,-15.2dB,na,na,,,,
2025-07-30 13:41:19.925622,CSI,0x4601,2,,na,"[0,",,,1,,+29.1dB,14.1us,"[0,",1,382.8,normal,0,valid,-12.2dB,-12.2dB,0.15us,+94.8Hz,,"[6,",1111,1
2025-07-30 13:41:19.926437,PHY,0x4601,1,0,na,"[0,",0,0,1,2604.2,+19.9dB,18.8us,"[0,",1,382.9,normal,0,valid,-15.1dB,-15.2dB,na,na,,,,
2025-07-30 13:41:19.930089,PHY,0x4601,2,,na,"[0,",,,11111,,+33.9dB,17.7us,"[0,",1,382.17,normal,0,valid,-12.3dB,-12.3dB,0.15us,+63.8Hz,,"[6,",,1
2025-07-30 13:41:19.931032,PHY,0x4601,1,0,na,"[0,",0,0,1,2818.1,+20.2dB,19.0us,"[0,",1,382.18,normal,0,valid,-15.1dB,-15.1dB,na,na,,,,
2025-07-30 13:41:19.931531,PHY,0x4601,1,0,na,"[0,",0,0,1,2765.2,+20.2dB,22.0us,"[0,",1,382.19,normal,0,valid,-15.1dB,-15.1dB,na,na,,,,
2025-07-30 13:41:19.936029,PHY,0x4601,1,0,na,"[0,",0,0,1,2628.9,+19.9dB,17.7us,"[0,",1,383.8,normal,0,valid,-15.1dB,-15.2dB,na,na,,,,
2025-07-30 13:41:19.936496,PHY,0x4601,1,0,na,"[0,",0,0,1,2770.7,+20.2dB,38.3us,"[0,",1,383.9,normal,0,valid,-15.1dB,-15.2dB,na,na,,,,
2025-07-30 13:41:19.940024,PHY,0x4601,2,,na,"[0,",,,11111,,+31.9dB,29.9us,"[0,",1,383.17,normal,0,valid,-12.3dB,-12.3dB,0.13us,+101.2Hz,,"[6,",,1
2025-07-30 13:41:19.940959,PHY,0x4601,1,0,na,"[0,",0,0,1,1923.0,+18.6dB,18.6us,"[0,",1,383.18,normal,0,valid,-15.1dB,-15.2dB,na,na,,,,
2025-07-30 13:41:19.941545,PHY,0x4601,1,0,na,"[0,",0,0,1,1820.3,+18.4dB,17.0us,"[0,",1,383.19,normal,0,valid,-15.1dB,-15.2dB,na,na,,,,
2025-07-30 13:41:19.945575,CSI,0x4601,2,,na,"[0,",,,1,,+30.8dB,13.9us,"[0,",1,384.8,normal,0,valid,-12.2dB,-12.2dB,0.13us,-28.5Hz,,"[6,",1111,1
2025-07-30 13:41:19.946514,PHY,0x4601,1,0,na,"[0,",0,0,1,1891.2,+18.5dB,17.9us,"[0,",1,384.9,normal,0,valid,-15.1dB,-15.2dB,na,na,,,,
2025-07-30 13:41:19.950047,PHY,0x4601,2,,na,"[0,",,,11111,,+30.7dB,14.9us,"[0,",1,384.17,normal,0,valid,-12.3dB,-12.3dB,0.12us,+9.5Hz,,"[6,",,1
2025-07-30 13:41:19.951012,PHY,0x4601,1,0,na,"[0,",0,0,1,2737.4,+20.1dB,16.0us,"[0,",1,384.18,normal,0,valid,-15.1dB,-15.1dB,na,na,,,,
2025-07-30 13:41:19.951463,PHY,0x4601,1,0,na,"[0,",0,0,1,2460.5,+19.7dB,13.8us,"[0,",1,384.19,normal,0,valid,-15.1dB,-15.1dB,na,na,,,,
2025-07-30 13:41:19.955986,PHY,0x4601,1,0,na,"[0,",0,0,1,2637.9,+20.0dB,17.2us,"[0,",1,385.8,normal,0,valid,-15.1dB,-15.1dB,na,na,,,,
2025-07-30 13:41:19.956555,PHY,0x4601,1,0,na,"[0,",0,0,1,2875.4,+20.3dB,15.6us,"[0,",1,385.9,normal,0,valid,-15.1dB,-15.2dB,na,na,,,,
2025-07-30 13:41:19.960092,PHY,0x4601,2,,na,"[0,",,,11111,,+30.8dB,15.3us,"[0,",1,385.17,normal,0,valid,-12.4dB,-12.4dB,0.14us,-62.3Hz,,"[6,",,1
2025-07-30 13:41:19.961014,PHY,0x4601,1,0,na,"[0,",0,0,1,2993.0,+20.5dB,17.8us,"[0,",1,385.18,normal,0,valid,-15.2dB,-15.2dB,na,na,,,,
2025-07-30 13:41:19.961510,PHY,0x4601,1,0,na,"[0,",0,0,1,2848.3,+20.3dB,14.8us,"[0,",1,385.19,normal,0,valid,-15.1dB,-15.2dB,na,na,,,,
2025-07-30 13:41:19.965595,CSI,0x4601,2,,na,"[0,",,,1,,+29.5dB,12.2us,"[0,",1,386.8,normal,0,valid,-12.3dB,-12.3dB,0.13us,-75.0Hz,,"[6,",1111,1
2025-07-30 13:41:19.966468,PHY,0x4601,1,0,na,"[0,",0,0,1,1839.3,+18.4dB,21.9us,"[0,",1,386.9,normal,0,valid,-15.1dB,-15.2dB,na,na,,,,
2025-07-30 13:41:19.970110,PHY,0x4601,2,,na,"[0,",,,11111,,+31.1dB,12.6us,"[0,",1,386.17,normal,0,valid,-12.3dB,-12.3dB,0.12us,+32.5Hz,,"[6,",,1
2025-07-30 13:41:19.970953,PHY,0x4601,1,0,na,"[0,",0,0,1,2708.4,+20.1dB,19.8us,"[0,",1,386.18,normal,0,valid,-15.1dB,-15.1dB,na,na,,,,
2025-07-30 13:41:19.971532,PHY,0x4601,1,0,na,"[0,",0,0,1,2768.1,+20.1dB,14.1us,"[0,",1,386.19,normal,0,valid,-15.1dB,-15.2dB,na,na,,,,
2025-07-30 13:41:19.976028,PHY,0x4601,1,0,na,"[0,",0,0,1,2606.7,+19.9dB,17.5us,"[0,",1,387.8,normal,0,valid,-15.1dB,-15.1dB,na,na,,,,
2025-07-30 13:41:19.976533,PHY,0x4601,1,0,na,"[0,",0,0,1,2625.0,+19.9dB,16.7us,"[0,",1,387.9,normal,0,valid,-15.1dB,-15.2dB,na,na,,,,
2025-07-30 13:41:19.980039,PHY,0x4601,2,,na,"[0,",,,11111,,+30.1dB,16.1us,"[0,",1,387.17,normal,0,valid,-12.3dB,-12.3dB,0.13us,+31.2Hz,,"[6,",,1
2025-07-30 13:41:19.981016,PHY,0x4601,1,0,na,"[0,",0,0,1,1859.1,+18.4dB,24.1us,"[0,",1,387.18,normal,0,valid,-15.1dB,-15.2dB,na,na,,,,
2025-07-30 13:41:19.981464,PHY,0x4601,1,0,na,"[0,",0,0,1,1835.3,+18.4dB,20.2us,"[0,",1,387.19,normal,0,valid,-15.1dB,-15.1dB,na,na,,,,
2025-07-30 13:41:19.985576,CSI,0x4601,2,,na,"[0,",,,1,,+29.7dB,13.7us,"[0,",1,388.8,normal,0,valid,-12.4dB,-12.3dB,0.07us,-47.7Hz,,"[6,",1111,1
2025-07-30 13:41:19.986511,PHY,0x4601,1,0,na,"[0,",0,0,1,2601.1,+19.9dB,15.7us,"[0,",1,388.9,normal,0,valid,-15.1dB,-15.2dB,na,na,,,,
2025-07-30 13:41:19.990068,PHY,0x4601,2,,na,"[0,",,,11111,,+33.2dB,13.8us,"[0,",1,388.17,normal,0,valid,-12.4dB,-12.4dB,0.13us,+72.8Hz,,"[6,",,1
2025-07-30 13:41:19.991005,PHY,0x4601,1,0,na,"[0,",0,0,1,2886.8,+20.3dB,15.7us,"[0,",1,388.18,normal,0,valid,-15.1dB,-15.2dB,na,na,,,,
2025-07-30 13:41:19.991527,PHY,0x4601,1,0,na,"[0,",0,0,1,2951.3,+20.4dB,36.5us,"[0,",1,388.19,normal,0,valid,-15.1dB,-15.1dB,na,na,,,,
2025-07-30 13:41:19.996002,PHY,0x4601,1,0,na,"[0,",0,0,1,2762.5,+20.1dB,23.4us,"[0,",1,389.8,normal,0,valid,-15.1dB,-15.2dB,na,na,,,,
2025-07-30 13:41:19.996449,PHY,0x4601,1,0,na,"[0,",0,0,1,2785.3,+20.2dB,16.9us,"[0,",1,389.9,normal,0,valid,-15.1dB,-15.2dB,na,na,,,,
2025-07-30 13:41:20.000104,PHY,0x4601,2,,na,"[0,",,,11111,,+28.1dB,16.8us,"[0,",1,389.17,normal,0,valid,-12.3dB,-12.4dB,0.11us,+90.3Hz,,"[6,",,1
2025-07-30 13:41:20.001047,PHY,0x4601,1,0,na,"[0,",0,0,1,2787.1,+20.2dB,16.9us,"[0,",1,389.18,normal,0,valid,-15.1dB,-15.2dB,na,na,,,,
2025-07-30 13:41:20.001517,PHY,0x4601,1,0,na,"[0,",0,0,1,2701.3,+20.1dB,23.0us,"[0,",1,389.19,normal,0,valid,-15.1dB,-15.1dB,na,na,,,,
2025-07-30 13:41:20.005612,CSI,0x4601,2,,na,"[0,",,,1,,+31.7dB,15.1us,"[0,",1,390.8,normal,0,valid,-12.3dB,-12.3dB,0.13us,-78.2Hz,,"[6,",1111,1
2025-07-30 13:41:20.006496,PHY,0x4601,1,0,na,"[0,",0,0,1,2813.8,+20.2dB,15.6us,"[0,",1,390.9,normal,0,valid,-15.1dB,-15.1dB,na,na,,,,
2025-07-30 13:41:20.010020,PHY,0x4601,2,,na,"[0,",,,11111,,+29.5dB,13.7us,"[0,",1,390.17,normal,0,valid,-12.3dB,-12.4dB,0.13us,+16.0Hz,,"[6,",,1
2025-07-30 13:41:20.010987,PHY,0x4601,1,0,na,"[0,",0,0,1,4507.0,+22.3dB,16.9us,"[0,",1,390.18,normal,0,valid,-15.1dB,-15.1dB,na,na,,,,
2025-07-30 13:41:20.011445,PHY,0x4601,1,0,na,"[0,",0,0,1,4268.1,+22.0dB,18.2us,"[0,",1,390.19,normal,0,valid,-15.1dB,-15.2dB,na,na,,,,
2025-07-30 13:41:20.016037,PHY,0x4601,1,0,na,"[0,",0,0,1,2660.8,+20.0dB,16.9us,"[0,",1,391.8,normal,0,valid,-15.1dB,-15.1dB,na,na,,,,
2025-07-30 13:41:20.016528,PHY,0x4601,1,0,na,"[0,",0,0,1,2641.9,+20.0dB,18.8us,"[0,",1,391.9,normal,0,valid,-15.1dB,-15.2dB,na,na,,,,
2025-07-30 13:41:20.020064,PHY,0x4601,2,,na,"[0,",,,11111,,+29.4dB,17.1us,"[0,",1,391.17,normal,0,valid,-12.3dB,-12.3dB,0.12us,-31.6Hz,,"[6,",,1
2025-07-30 13:41:20.021007,PHY,0x4601,1,0,na,"[0,",0,0,1,3973.2,+21.7dB,26.7us,"[0,",1,391.18,normal,0,valid,-15.1dB,-15.2dB,na,na,,,,
2025-07-30 13:41:20.021501,PHY,0x4601,1,0,na,"[0,",0,0,1,4360.8,+22.2dB,24.2us,"[0,",1,391.19,normal,0,valid,-15.1dB,-15.1dB,na,na,,,,
2025-07-30 13:41:20.025615,CSI,0x4601,2,,na,"[0,",,,1,,+31.4dB,23.7us,"[0,",1,392.8,normal,0,valid,-12.3dB,-12.4dB,0.12us,+15.9Hz,,"[6,",1111,1
2025-07-30 13:41:20.026548,PHY,0x4601,1,0,na,"[0,",0,0,1,4162.4,+21.9dB,21.7us,"[0,",1,392.9,normal,0,valid,-15.1dB,-15.2dB,na,na,,,,
2025-07-30 13:41:20.030096,PHY,0x4601,2,,na,"[0,",,,11111,,+31.2dB,17.0us,"[0,",1,392.17,normal,0,valid,-12.3dB,-12.3dB,0.13us,+39.8Hz,,"[6,",,1
2025-07-30 13:41:20.031030,PHY,0x4601,1,0,na,"[0,",0,0,1,2819.8,+20.2dB,18.6us,"[0,",1,392.18,normal,0,valid,-15.1dB,-15.2dB,na,na,,,,
2025-07-30 13:41:20.031497,PHY,0x4601,1,0,na,"[0,",0,0,1,2482.8,+19.7dB,15.1us,"[0,",1,392.19,normal,0,valid,-15.1dB,-15.1dB,na,na,,,,
2025-07-30 13:41:20.036010,PHY,0x4601,1,0,na,"[0,",0,0,1,2954.0,+20.5dB,27.0us,"[0,",1,393.8,normal,0,valid,-15.1dB,-15.1dB,na,na,,,,
2025-07-30 13:41:20.036509,PHY,0x4601,1,0,na,"[0,",0,0,1,2520.2,+19.7dB,24.7us,"[0,",1,393.9,normal,0,valid,-15.1dB,-15.2dB,na,na,,,,
2025-07-30 13:41:20.040192,PHY,0x4601,2,,na,"[0,",,,11111,,+28.9dB,18.7us,"[0,",1,393.17,normal,0,valid,-12.3dB,-12.3dB,0.12us,-171.0Hz,,"[6,",,1
2025-07-30 13:41:20.040975,PHY,0x4601,1,0,na,"[0,",0,0,1,4102.3,+21.9dB,16.4us,"[0,",1,393.18,normal,0,valid,-15.1dB,-15.2dB,na,na,,,,
2025-07-30 13:41:20.041531,PHY,0x4601,1,0,na,"[0,",0,0,1,3980.1,+21.7dB,15.0us,"[0,",1,393.19,normal,0,valid,-15.1dB,-15.2dB,na,na,,,,
2025-07-30 13:41:20.045553,CSI,0x4601,2,,na,"[0,",,,1,,+28.5dB,16.3us,"[0,",1,394.8,normal,0,valid,-12.2dB,-12.4dB,0.41us,+0.3Hz,,"[6,",1111,1
2025-07-30 13:41:20.046503,PHY,0x4601,1,0,na,"[0,",0,0,1,442.1,+12.2dB,17.1us,"[0,",1,394.9,normal,0,valid,-15.1dB,-15.4dB,na,na,,,,
2025-07-30 13:41:20.050068,PHY,0x4601,2,,na,"[0,",,,11111,,+31.2dB,23.9us,"[0,",1,394.17,normal,0,valid,-12.4dB,-12.5dB,0.39us,-5.8Hz,,"[6,",,1
2025-07-30 13:41:20.050993,PHY,0x4601,1,0,na,"[0,",0,0,1,429.0,+12.1dB,30.3us,"[0,",1,394.18,normal,0,valid,-15.1dB,-15.4dB,na,na,,,,
2025-07-30 13:41:20.051494,PHY,0x4601,1,0,na,"[0,",0,0,1,449.7,+12.3dB,27.8us,"[0,",1,394.19,normal,0,valid,-15.1dB,-15.3dB,na,na,,,,
2025-07-30 13:41:20.055979,PHY,0x4601,1,0,na,"[0,",0,0,1,358.0,+11.3dB,17.1us,"[0,",1,395.8,normal,0,valid,-15.1dB,-15.4dB,na,na,,,,
2025-07-30 13:41:20.056547,PHY,0x4601,1,0,na,"[0,",0,0,1,356.0,+11.3dB,17.1us,"[0,",1,395.9,normal,0,valid,-15.1dB,-15.4dB,na,na,,,,
2025-07-30 13:41:20.060102,PHY,0x4601,2,,na,"[0,",,,11111,,+28.2dB,28.2us,"[0,",1,395.17,normal,0,valid,-12.3dB,-12.5dB,0.39us,+3.1Hz,,"[6,",,1
2025-07-30 13:41:20.061017,PHY,0x4601,1,0,na,"[0,",0,0,1,444.0,+12.2dB,18.6us,"[0,",1,395.18,normal,0,valid,-15.1dB,-15.4dB,na,na,,,,
2025-07-30 13:41:20.061495,PHY,0x4601,1,0,na,"[0,",0,0,1,439.0,+12.1dB,24.7us,"[0,",1,395.19,normal,0,valid,-15.1dB,-15.4dB,na,na,,,,
2025-07-30 13:41:20.065653,CSI,0x4601,2,,na,"[0,",,,1,,+28.8dB,17.5us,"[0,",1,396.8,normal,0,valid,-12.2dB,-12.3dB,0.39us,-48.1Hz,,"[6,",1111,1
2025-07-30 13:41:20.066481,PHY,0x4601,1,0,na,"[0,",0,0,1,374.9,+11.5dB,25.5us,"[0,",1,396.9,normal,0,valid,-15.1dB,-15.4dB,na,na,,,,
2025-07-30 13:41:20.070143,PHY,0x4601,2,,na,"[0,",,,11111,,+28.9dB,23.6us,"[0,",1,396.17,normal,0,valid,-12.2dB,-12.4dB,0.40us,+102.1Hz,,"[6,",,1
2025-07-30 13:41:20.070963,PHY,0x4601,1,0,na,"[0,",0,0,1,384.9,+11.6dB,24.4us,"[0,",1,396.18,normal,0,valid,-14.9dB,-15.3dB,na,na,,,,
2025-07-30 13:41:20.071520,PHY,0x4601,1,0,na,"[0,",0,0,1,372.3,+11.5dB,25.6us,"[0,",1,396.19,normal,0,valid,-14.9dB,-15.2dB,na,na,,,,
2025-07-30 13:41:20.076019,PHY,0x4601,1,0,na,"[0,",0,0,1,360.8,+11.3dB,19.4us,"[0,",1,397.8,normal,0,valid,-14.9dB,-15.2dB,na,na,,,,
2025-07-30 13:41:20.076499,PHY,0x4601,1,0,na,"[0,",0,0,1,373.4,+11.5dB,36.5us,"[0,",1,397.9,normal,0,valid,-15.0dB,-15.3dB,na,na,,,,
2025-07-30 13:41:20.080048,PHY,0x4601,2,,na,"[0,",,,11111,,+30.6dB,27.2us,"[0,",1,397.17,normal,0,valid,-12.1dB,-12.2dB,0.40us,+141.1Hz,,"[6,",,1
2025-07-30 13:41:20.080977,PHY,0x4601,1,0,na,"[0,",0,0,1,356.4,+11.2dB,16.7us,"[0,",1,397.18,normal,0,valid,-14.9dB,-15.2dB,na,na,,,,
2025-07-30 13:41:20.081477,PHY,0x4601,1,0,na,"[0,",0,0,1,356.2,+11.3dB,25.8us,"[0,",1,397.19,normal,0,valid,-14.9dB,-15.2dB,na,na,,,,
2025-07-30 13:41:20.085611,CSI,0x4601,2,,na,"[0,",,,1,,+32.7dB,25.4us,"[0,",1,398.8,normal,0,valid,-12.0dB,-12.0dB,0.12us,+37.2Hz,,"[6,",1111,1
2025-07-30 13:41:20.086512,PHY,0x4601,1,0,na,"[0,",0,0,1,3889.5,+21.6dB,15.8us,"[0,",1,398.9,normal,0,valid,-14.9dB,-15.0dB,na,na,,,,
2025-07-30 13:41:20.090066,PHY,0x4601,2,,na,"[0,",,,11111,,+32.1dB,17.7us,"[0,",1,398.17,normal,0,valid,-12.2dB,-12.2dB,0.14us,+89.2Hz,,"[6,",,1
2025-07-30 13:41:20.091005,PHY,0x4601,1,0,na,"[0,",0,0,1,3836.4,+21.6dB,26.9us,"[0,",1,398.18,normal,0,valid,-14.9dB,-14.9dB,na,na,,,,
2025-07-30 13:41:20.091482,PHY,0x4601,1,0,na,"[0,",0,0,1,3975.9,+21.7dB,17.5us,"[0,",1,398.19,normal,0,valid,-14.9dB,-14.9dB,na,na,,,,
2025-07-30 13:41:20.095978,PHY,0x4601,1,0,na,"[0,",0,0,1,2776.3,+20.2dB,26.6us,"[0,",1,399.8,normal,0,valid,-14.9dB,-14.9dB,na,na,,,,
2025-07-30 13:41:20.096463,PHY,0x4601,1,0,na,"[0,",0,0,1,2743.6,+20.1dB,23.6us,"[0,",1,399.9,normal,0,valid,-14.9dB,-15.0dB,na,na,,,,
2025-07-30 13:41:20.100124,PHY,0x4601,2,,na,"[0,",,,11111,,+35.7dB,20.8us,"[0,",1,399.17,normal,0,valid,-12.1dB,-12.1dB,0.14us,+39.8Hz,,"[6,",,1
2025-07-30 13:41:20.101035,PHY,0x4601,1,0,na,"[0,",0,0,1,2748.1,+20.1dB,17.4us,"[0,",1,399.18,normal,0,valid,-14.9dB,-15.0dB,na,na,,,,
2025-07-30 13:41:20.101509,PHY,0x4601,1,0,na,"[0,",0,0,1,2850.3,+20.3dB,24.9us,"[0,",1,399.19,normal,0,valid,-14.9dB,-15.0dB,na,na,,,,
2025-07-30 13:41:20.105635,CSI,0x4601,2,,na,"[0,",,,1,,+37.2dB,15.6us,"[0,",1,400.8,normal,0,valid,-12.0dB,-12.0dB,0.14us,-3.3Hz,,"[6,",1111,1
2025-07-30 13:41:20.106466,PHY,0x4601,1,0,na,"[0,",0,0,1,2595.9,+19.9dB,19.7us,"[0,",1,400.9,normal,0,valid,-14.9dB,-14.9dB,na,na,,,,
2025-07-30 13:41:20.110029,PHY,0x4601,2,,na,"[0,",,,11111,,+33.0dB,16.4us,"[0,",1,400.17,normal,0,valid,-12.2dB,-12.2dB,0.13us,+42.6Hz,,"[6,",,1
2025-07-30 13:41:20.110969,PHY,0x4601,1,0,na,"[0,",0,0,1,2832.7,+20.2dB,20.5us,"[0,",1,400.18,normal,0,valid,-14.9dB,-15.0dB,na,na,,,,
2025-07-30 13:41:20.111547,PHY,0x4601,1,0,na,"[0,",0,0,1,2855.5,+20.3dB,19.8us,"[0,",1,400.19,normal,0,valid,-14.9dB,-14.9dB,na,na,,,,
2025-07-30 13:41:20.116042,PHY,0x4601,1,0,na,"[0,",0,0,1,2808.3,+20.2dB,21.4us,"[0,",1,401.8,normal,0,valid,-14.9dB,-15.0dB,na,na,,,,
2025-07-30 13:41:20.116524,PHY,0x4601,1,0,na,"[0,",0,0,1,2778.3,+20.2dB,29.1us,"[0,",1,401.9,normal,0,valid,-14.9dB,-15.0dB,na,na,,,,
2025-07-30 13:41:20.120050,PHY,0x4601,2,,na,"[0,",,,11111,,+31.5dB,23.6us,"[0,",1,401.17,normal,0,valid,-12.1dB,-12.1dB,0.13us,-52.4Hz,,"[6,",,1
2025-07-30 13:41:20.120986,PHY,0x4601,1,0,na,"[0,",0,0,1,2730.6,+20.1dB,18.3us,"[0,",1,401.18,normal,0,valid,-14.9dB,-15.0dB,na,na,,,,
2025-07-30 13:41:20.121472,PHY,0x4601,1,0,na,"[0,",0,0,1,2469.8,+19.7dB,18.9us,"[0,",1,401.19,normal,0,valid,-14.9dB,-14.9dB,na,na,,,,
2025-07-30 13:41:20.125624,CSI,0x4601,2,,na,"[0,",,,1,,+31.6dB,15.1us,"[0,",1,402.8,normal,0,valid,-12.1dB,-12.1dB,0.13us,-87.1Hz,,"[6,",1111,1
2025-07-30 13:41:20.126542,PHY,0x4601,1,0,na,"[0,",0,0,1,2743.2,+20.1dB,17.7us,"[0,",1,402.9,normal,0,valid,-14.9dB,-15.0dB,na,na,,,,
2025-07-30 13:41:20.130095,PHY,0x4601,2,,na,"[0,",,,11111,,+31.7dB,18.7us,"[0,",1,402.17,normal,0,valid,-12.1dB,-12.1dB,0.14us,+93.9Hz,,"[6,",,1
2025-07-30 13:41:20.131032,PHY,0x4601,1,0,na,"[0,",0,0,1,2721.4,+20.1dB,17.4us,"[0,",1,402.18,normal,0,valid,-14.9dB,-14.9dB,na,na,,,,
2025-07-30 13:41:20.131503,PHY,0x4601,1,0,na,"[0,",0,0,1,2847.3,+20.3dB,16.6us,"[0,",1,402.19,normal,0,valid,-14.9dB,-15.0dB,na,na,,,,
2025-07-30 13:41:20.135987,PHY,0x4601,1,0,na,"[0,",0,0,1,2619.3,+19.9dB,25.2us,"[0,",1,403.8,normal,0,valid,-14.9dB,-14.9dB,na,na,,,,
2025-07-30 13:41:20.136464,PHY,0x4601,1,0,na,"[0,",0,0,1,2600.9,+19.9dB,17.5us,"[0,",1,403.9,normal,0,valid,-14.9dB,-15.0dB,na,na,,,,
2025-07-30 13:41:20.140117,PHY,0x4601,2,,na,"[0,",,,11111,,+31.3dB,16.9us,"[0,",1,403.17,normal,0,valid,-12.2dB,-12.2dB,0.14us,-50.0Hz,,"[6,",,1
2025-07-30 13:41:20.140949,PHY,0x4601,1,0,na,"[0,",0,0,1,4630.0,+22.4dB,26.3us,"[0,",1,403.18,normal,0,valid,-14.9dB,-15.0dB,na,na,,,,
2025-07-30 13:41:20.141531,PHY,0x4601,1,0,na,"[0,",0,0,1,4215.5,+22.0dB,14.5us,"[0,",1,403.19,normal,0,valid,-14.9dB,-14.9dB,na,na,,,,
2025-07-30 13:41:20.145658,CSI,0x4601,2,,na,"[0,",,,1,,+31.7dB,26.7us,"[0,",1,404.8,normal,0,valid,-12.0dB,-12.0dB,0.14us,-49.0Hz,,"[6,",1111,1
2025-07-30 13:41:20.146502,PHY,0x4601,1,0,na,"[0,",0,0,1,2497.7,+19.7dB,21.2us,"[0,",1,404.9,normal,0,valid,-15.0dB,-15.0dB,na,na,,,,
2025-07-30 13:41:20.150034,PHY,0x4601,2,,na,"[0,",,,11111,,+30.7dB,18.0us,"[0,",1,404.17,normal,0,valid,-12.0dB,-12.1dB,0.12us,-41.4Hz,,"[6,",,1
2025-07-30 13:41:20.150992,PHY,0x4601,1,0,na,"[0,",0,0,1,4146.1,+21.9dB,29.3us,"[0,",1,404.18,normal,0,valid,-14.9dB,-15.0dB,na,na,,,,
2025-07-30 13:41:20.151444,PHY,0x4601,1,0,na,"[0,",0,0,1,3614.8,+21.3dB,16.3us,"[0,",1,404.19,normal,0,valid,-14.9dB,-15.0dB,na,na,,,,
2025-07-30 13:41:20.155936,PHY,0x4601,1,0,na,"[0,",0,0,1,2702.1,+20.1dB,16.9us,"[0,",1,405.8,normal,0,valid,-14.9dB,-14.9dB,na,na,,,,
2025-07-30 13:41:20.156534,PHY,0x4601,1,0,na,"[0,",0,0,1,2672.4,+20.0dB,14.2us,"[0,",1,405.9,normal,0,valid,-14.9dB,-15.0dB,na,na,,,,
2025-07-30 13:41:20.160113,PHY,0x4601,2,,na,"[0,",,,11111,,+30.7dB,15.7us,"[0,",1,405.17,normal,0,valid,-12.0dB,-12.1dB,0.13us,+31.5Hz,,"[6,",,1
2025-07-30 13:41:20.161020,PHY,0x4601,1,0,na,"[0,",0,0,1,4266.7,+22.0dB,15.6us,"[0,",1,405.18,normal,0,valid,-14.9dB,-14.9dB,na,na,,,,
2025-07-30 13:41:20.161490,PHY,0x4601,1,0,na,"[0,",0,0,1,4532.9,+22.3dB,23.0us,"[0,",1,405.19,normal,0,valid,-14.9dB,-15.0dB,na,na,,,,
2025-07-30 13:41:20.165620,CSI,0x4601,2,,na,"[0,",,,1,,+33.7dB,16.3us,"[0,",1,406.8,normal,0,valid,-12.0dB,-12.1dB,0.15us,-137.2Hz,,"[6,",1111,1
2025-07-30 13:41:20.166442,PHY,0x4601,1,0,na,"[0,",0,0,1,4404.2,+22.2dB,17.9us,"[0,",1,406.9,normal,0,valid,-14.9dB,-14.9dB,na,na,,,,
2025-07-30 13:41:20.170088,PHY,0x4601,2,,na,"[0,",,,11111,,+33.4dB,13.4us,"[0,",1,406.17,normal,0,valid,-12.1dB,-12.1dB,0.13us,+47.0Hz,,"[6,",,1
2025-07-30 13:41:20.171031,PHY,0x4601,1,0,na,"[0,",0,0,1,4390.9,+22.2dB,15.0us,"[0,",1,406.18,normal,0,valid,-14.9dB,-14.9dB,na,na,,,,
2025-07-30 13:41:20.171521,PHY,0x4601,1,0,na,"[0,",0,0,1,4043.0,+21.8dB,14.2us,"[0,",1,406.19,normal,0,valid,-14.9dB,-14.9dB,na,na,,,,
2025-07-30 13:41:20.176018,PHY,0x4601,1,0,na,"[0,",0,0,1,3042.9,+20.6dB,19.8us,"[0,",1,407.8,normal,0,valid,-14.9dB,-14.9dB,na,na,,,,
2025-07-30 13:41:20.176492,PHY,0x4601,1,0,na,"[0,",0,0,1,2677.7,+20.0dB,30.7us,"[0,",1,407.9,normal,0,valid,-14.9dB,-15.0dB,na,na,,,,
2025-07-30 13:41:20.180010,PHY,0x4601,2,,na,"[0,",,,11111,,+33.0dB,14.3us,"[0,",1,407.17,normal,0,valid,-12.1dB,-12.2dB,0.14us,-11.2Hz,,"[6,",,1
2025-07-30 13:41:20.180959,PHY,0x4601,1,0,na,"[0,",0,0,1,4508.8,+22.3dB,15.5us,"[0,",1,407.18,normal,0,valid,-14.9dB,-14.9dB,na,na,,,,
2025-07-30 13:41:20.181433,PHY,0x4601,1,0,na,"[0,",0,0,1,3852.1,+21.6dB,14.3us,"[0,",1,407.19,normal,0,valid,-14.9dB,-15.0dB,na,na,,,,
2025-07-30 13:41:20.185567,CSI,0x4601,2,,na,"[0,",,,1,,+33.1dB,12.9us,"[0,",1,408.8,normal,0,valid,-12.0dB,-12.0dB,0.13us,-30.5Hz,,"[6,",1111,1
2025-07-30 13:41:20.186536,PHY,0x4601,1,0,na,"[0,",0,0,1,4051.9,+21.8dB,19.9us,"[0,",1,408.9,normal,0,valid,-14.9dB,-15.0dB,na,na,,,,
2025-07-30 13:41:20.190075,PHY,0x4601,2,,na,"[0,",,,11111,,+32.1dB,15.8us,"[0,",1,408.17,normal,0,valid,-12.1dB,-12.1dB,0.11us,-51.7Hz,,"[6,",,1
2025-07-30 13:41:20.191026,PHY,0x4601,1,0,na,"[0,",0,0,1,4146.5,+21.9dB,24.8us,"[0,",1,408.18,normal,0,valid,-14.9dB,-14.9dB,na,na,,,,
2025-07-30 13:41:20.191479,PHY,0x4601,1,0,na,"[0,",0,0,1,3918.8,+21.7dB,17.8us,"[0,",1,408.19,normal,0,valid,-14.9dB,-14.9dB,na,na,,,,
2025-07-30 13:41:20.195965,PHY,0x4601,1,0,na,"[0,",0,0,1,2613.5,+19.9dB,16.9us,"[0,",1,409.8,normal,0,valid,-14.9dB,-14.9dB,na,na,,,,
2025-07-30 13:41:20.196550,PHY,0x4601,1,0,na,"[0,",0,0,1,2629.1,+19.9dB,15.9us,"[0,",1,409.9,normal,0,valid,-14.9dB,-15.0dB,na,na,,,,
2025-07-30 13:41:20.200096,PHY,0x4601,2,,na,"[0,",,,11111,,+31.4dB,17.1us,"[0,",1,409.17,normal,0,valid,-12.1dB,-12.2dB,0.13us,+76.6Hz,,"[6,",,1
2025-07-30 13:41:20.201032,PHY,0x4601,1,0,na,"[0,",0,0,1,3915.3,+21.7dB,18.4us,"[0,",1,409.18,normal,0,valid,-14.9dB,-15.0dB,na,na,,,,
2025-07-30 13:41:20.201518,PHY,0x4601,1,0,na,"[0,",0,0,1,4176.7,+21.9dB,14.5us,"[0,",1,409.19,normal,0,valid,-14.9dB,-15.0dB,na,na,,,,
2025-07-30 13:41:20.205611,CSI,0x4601,2,,na,"[0,",,,1,,+36.1dB,15.2us,"[0,",1,410.8,normal,0,valid,-12.1dB,-12.1dB,0.13us,-64.6Hz,,"[6,",1111,1
2025-07-30 13:41:20.206475,PHY,0x4601,1,0,na,"[0,",0,0,1,2790.0,+20.2dB,19.9us,"[0,",1,410.9,normal,0,valid,-14.9dB,-15.0dB,na,na,,,,
2025-07-30 13:41:20.210143,PHY,0x4601,2,,na,"[0,",,,11111,,+31.8dB,15.9us,"[0,",1,410.17,normal,0,valid,-12.1dB,-12.2dB,0.15us,-46.9Hz,,"[6,",,1
2025-07-30 13:41:20.210955,PHY,0x4601,1,0,na,"[0,",0,0,1,2837.7,+20.3dB,17.0us,"[0,",1,410.18,normal,0,valid,-14.9dB,-15.0dB,na,na,,,,
2025-07-30 13:41:20.211528,PHY,0x4601,1,0,na,"[0,",0,0,1,2793.3,+20.2dB,14.9us,"[0,",1,410.19,normal,0,valid,-15.0dB,-15.0dB,na,na,,,,
2025-07-30 13:41:20.216026,PHY,0x4601,1,0,na,"[0,",0,0,1,2764.6,+20.1dB,24.7us,"[0,",1,411.8,normal,0,valid,-14.9dB,-14.9dB,na,na,,,,
2025-07-30 13:41:20.216533,PHY,0x4601,1,0,na,"[0,",0,0,1,2685.7,+20.0dB,16.9us,"[0,",1,411.9,normal,0,valid,-14.9dB,-15.0dB,na,na,,,,
2025-07-30 13:41:20.220048,PHY,0x4601,2,,na,"[0,",,,11111,,+32.7dB,21.0us,"[0,",1,411.17,normal,0,valid,-12.2dB,-12.2dB,0.11us,-36.3Hz,,"[6,",,1
2025-07-30 13:41:20.221006,PHY,0x4601,1,0,na,"[0,",0,0,1,4462.9,+22.2dB,22.9us,"[0,",1,411.18,normal,0,valid,-14.9dB,-15.0dB,na,na,,,,
2025-07-30 13:41:20.221468,PHY,0x4601,1,0,na,"[0,",0,0,1,4433.9,+22.2dB,17.7us,"[0,",1,411.19,normal,0,valid,-14.9dB,-14.9dB,na,na,,,,
2025-07-30 13:41:20.225598,CSI,0x4601,2,,na,"[0,",,,1,,+32.3dB,15.2us,"[0,",1,412.8,normal,0,valid,-12.0dB,-12.1dB,0.12us,+91.3Hz,,"[6,",1111,1
2025-07-30 13:41:20.226537,PHY,0x4601,1,0,na,"[0,",0,0,1,2515.2,+19.7dB,16.4us,"[0,",1,412.9,normal,0,valid,-14.9dB,-15.0dB,na,na,,,,
2025-07-30 13:41:20.230079,PHY,0x4601,2,,na,"[0,",,,11111,,+33.4dB,17.0us,"[0,",1,412.17,normal,0,valid,-12.1dB,-12.1dB,0.14us,-3.8Hz,,"[6,",,1
2025-07-30 13:41:20.231010,PHY,0x4601,1,0,na,"[0,",0,0,1,3919.1,+21.7dB,15.8us,"[0,",1,412.18,normal,0,valid,-14.9dB,-14.9dB,na,na,,,,
2025-07-30 13:41:20.231511,PHY,0x4601,1,0,na,"[0,",0,0,1,3842.6,+21.6dB,14.1us,"[0,",1,412.19,normal,0,valid,-14.9dB,-15.0dB,na,na,,,,
2025-07-30 13:41:20.235993,PHY,0x4601,1,0,na,"[0,",0,0,1,2679.3,+20.0dB,16.3us,"[0,",1,413.8,normal,0,valid,-14.9dB,-15.0dB,na,na,,,,
2025-07-30 13:41:20.236457,PHY,0x4601,1,0,na,"[0,",0,0,1,2862.6,+20.3dB,14.5us,"[0,",1,413.9,normal,0,valid,-15.0dB,-15.0dB,na,na,,,,
2025-07-30 13:41:20.240111,PHY,0x4601,2,,na,"[0,",,,11111,,+30.2dB,16.2us,"[0,",1,413.17,normal,0,valid,-12.1dB,-12.1dB,0.13us,+89.0Hz,,"[6,",,1
2025-07-30 13:41:20.240955,PHY,0x4601,1,0,na,"[0,",0,0,1,4491.6,+22.3dB,21.7us,"[0,",1,413.18,normal,0,valid,-14.9dB,-15.0dB,na,na,,,,
2025-07-30 13:41:20.241530,PHY,0x4601,1,0,na,"[0,",0,0,1,3975.6,+21.7dB,24.1us,"[0,",1,413.19,normal,0,valid,-15.0dB,-15.0dB,na,na,,,,
2025-07-30 13:41:20.245618,CSI,0x4601,2,,na,"[0,",,,1,,+33.0dB,14.7us,"[0,",1,414.8,normal,0,valid,-12.0dB,-12.0dB,0.14us,+47.6Hz,,"[6,",1111,1
2025-07-30 13:41:20.246507,PHY,0x4601,1,0,na,"[0,",0,0,1,4290.2,+22.0dB,16.3us,"[0,",1,414.9,normal,0,valid,-14.9dB,-15.0dB,na,na,,,,
2025-07-30 13:41:20.250025,PHY,0x4601,2,,na,"[0,",,,11111,,+32.2dB,15.1us,"[0,",1,414.17,normal,0,valid,-12.1dB,-12.2dB,0.11us,-75.5Hz,,"[6,",,1
2025-07-30 13:41:20.250995,PHY,0x4601,1,0,na,"[0,",0,0,1,2881.4,+20.3dB,17.9us,"[0,",1,414.18,normal,0,valid,-14.9dB,-15.0dB,na,na,,,,
2025-07-30 13:41:20.251448,PHY,0x4601,1,0,na,"[0,",0,0,1,2613.4,+19.9dB,13.9us,"[0,",1,414.19,normal,0,valid,-14.9dB,-15.0dB,na,na,,,,
2025-07-30 13:41:20.256042,PHY,0x4601,1,0,na,"[0,",0,0,1,2614.0,+19.9dB,16.7us,"[0,",1,415.8,normal,0,valid,-14.9dB,-15.0dB,na,na,,,,
2025-07-30 13:41:20.256513,PHY,0x4601,1,0,na,"[0,",0,0,1,2750.9,+20.2dB,14.0us,"[0,",1,415.9,normal,0,valid,-14.9dB,-14.9dB,na,na,,,,
2025-07-30 13:41:20.260074,PHY,0x4601,2,,na,"[0,",,,11111,,+30.1dB,18.3us,"[0,",1,415.17,normal,0,valid,-12.1dB,-12.2dB,0.14us,+2.9Hz,,"[6,",,1
2025-07-30 13:41:20.261003,PHY,0x4601,1,0,na,"[0,",0,0,1,4182.4,+21.9dB,16.2us,"[0,",1,415.18,normal,0,valid,-14.9dB,-15.0dB,na,na,,,,
2025-07-30 13:41:20.261500,PHY,0x4601,1,0,na,"[0,",0,0,1,4382.8,+22.2dB,14.6us,"[0,",1,415.19,normal,0,valid,-15.0dB,-15.0dB,na,na,,,,
2025-07-30 13:41:20.265606,CSI,0x4601,2,,na,"[0,",,,1,,+30.0dB,13.2us,"[0,",1,416.8,normal,0,valid,-12.0dB,-12.1dB,0.15us,-93.1Hz,,"[6,",1111,1
2025-07-30 13:41:20.266458,PHY,0x4601,1,0,na,"[0,",0,0,1,3821.1,+21.6dB,20.1us,"[0,",1,416.9,normal,0,valid,-14.9dB,-15.0dB,na,na,,,,
2025-07-30 13:41:20.270097,PHY,0x4601,2,,na,"[0,",,,11111,,+36.7dB,25.5us,"[0,",1,416.17,normal,0,valid,-12.1dB,-12.1dB,0.13us,-60.1Hz,,"[6,",,1
2025-07-30 13:41:20.271035,PHY,0x4601,1,0,na,"[0,",0,0,1,4632.2,+22.4dB,16.5us,"[0,",1,416.18,normal,0,valid,-15.0dB,-15.0dB,na,na,,,,
2025-07-30 13:41:20.271523,PHY,0x4601,1,0,na,"[0,",0,0,1,4379.0,+22.1dB,19.5us,"[0,",1,416.19,normal,0,valid,-14.9dB,-15.0dB,na,na,,,,
2025-07-30 13:41:20.276004,PHY,0x4601,1,0,na,"[0,",0,0,1,2989.5,+20.5dB,24.2us,"[0,",1,417.8,normal,0,valid,-14.9dB,-15.0dB,na,na,,,,
2025-07-30 13:41:20.276511,PHY,0x4601,1,0,na,"[0,",0,0,1,2538.4,+19.8dB,15.3us,"[0,",1,417.9,normal,0,valid,-14.9dB,-15.0dB,na,na,,,,
2025-07-30 13:41:20.280014,PHY,0x4601,2,,na,"[0,",,,11111,,+35.1dB,15.1us,"[0,",1,417.17,normal,0,valid,-12.1dB,-12.1dB,0.16us,-15.0Hz,,"[6,",,1
2025-07-30 13:41:20.280996,PHY,0x4601,1,0,na,"[0,",0,0,1,2580.0,+19.8dB,30.9us,"[0,",1,417.18,normal,0,valid,-14.9dB,-15.0dB,na,na,,,,
2025-07-30 13:41:20.281546,PHY,0x4601,1,0,na,"[0,",0,0,1,2824.9,+20.3dB,18.5us,"[0,",1,417.19,normal,0,valid,-14.9dB,-15.0dB,na,na,,,,
2025-07-30 13:41:20.285591,CSI,0x4601,2,,na,"[0,",,,1,,+30.9dB,15.6us,"[0,",1,418.8,normal,0,valid,-12.0dB,-12.0dB,0.13us,-41.3Hz,,"[6,",1111,1
2025-07-30 13:41:20.286513,PHY,0x4601,1,0,na,"[0,",0,0,1,2478.7,+19.7dB,17.0us,"[0,",1,418.9,normal,0,valid,-15.0dB,-15.0dB,na,na,,,,
2025-07-30 13:41:20.290069,PHY,0x4601,2,,na,"[0,",,,11111,,+29.7dB,24.2us,"[0,",1,418.17,normal,0,valid,-12.1dB,-12.2dB,0.15us,+24.7Hz,,"[6,",,1
2025-07-30 13:41:20.290994,PHY,0x4601,1,0,na,"[0,",0,0,1,3934.8,+21.7dB,23.5us,"[0,",1,418.18,normal,0,valid,-14.9dB,-14.9dB,na,na,,,,
2025-07-30 13:41:20.291506,PHY,0x4601,1,0,na,"[0,",0,0,1,4120.5,+21.9dB,18.4us,"[0,",1,418.19,normal,0,valid,-14.9dB,-15.0dB,na,na,,,,
2025-07-30 13:41:20.295990,PHY,0x4601,1,0,na,"[0,",0,0,1,2495.3,+19.7dB,25.5us,"[0,",1,419.8,normal,0,valid,-14.9dB,-15.0dB,na,na,,,,
2025-07-30 13:41:20.296536,PHY,0x4601,1,0,na,"[0,",0,0,1,2779.4,+20.2dB,15.4us,"[0,",1,419.9,normal,0,valid,-14.9dB,-14.9dB,na,na,,,,
2025-07-30 13:41:20.300098,PHY,0x4601,2,,na,"[0,",,,11111,,+31.5dB,17.2us,"[0,",1,419.17,normal,0,valid,-12.1dB,-12.1dB,0.13us,-128.1Hz,,"[6,",,1
2025-07-30 13:41:20.301016,PHY,0x4601,1,0,na,"[0,",0,0,1,2611.4,+19.9dB,16.7us,"[0,",1,419.18,normal,0,valid,-14.9dB,-14.9dB,na,na,,,,
2025-07-30 13:41:20.301489,PHY,0x4601,1,0,na,"[0,",0,0,1,2837.0,+20.2dB,14.5us,"[0,",1,419.19,normal,0,valid,-14.9dB,-15.0dB,na,na,,,,
2025-07-30 13:41:20.305602,CSI,0x4601,2,,na,"[0,",,,1,,+30.3dB,12.3us,"[0,",1,420.8,normal,0,valid,-12.1dB,-12.2dB,0.15us,-4.2Hz,,"[6,",1111,1
2025-07-30 13:41:20.306481,PHY,0x4601,1,0,na,"[0,",0,0,1,3864.3,+21.6dB,16.5us,"[0,",1,420.9,normal,0,valid,-14.9dB,-15.0dB,na,na,,,,
2025-07-30 13:41:20.310108,PHY,0x4601,2,,na,"[0,",,,11111,,+31.4dB,17.4us,"[0,",1,420.17,normal,0,valid,-12.2dB,-12.2dB,0.11us,+16.7Hz,,"[6,",,1
2025-07-30 13:41:20.310977,PHY,0x4601,1,0,na,"[0,",0,0,1,4199.9,+22.0dB,16.0us,"[0,",1,420.18,normal,0,valid,-14.9dB,-15.0dB,na,na,,,,
2025-07-30 13:41:20.311534,PHY,0x4601,1,0,na,"[0,",0,0,1,4190.3,+22.0dB,20.6us,"[0,",1,420.19,normal,0,valid,-14.9dB,-15.0dB,na,na,,,,
2025-07-30 13:41:20.316017,PHY,0x4601,1,0,na,"[0,",0,0,1,2594.3,+19.9dB,18.3us,"[0,",1,421.8,normal,0,valid,-14.9dB,-14.9dB,na,na,,,,
2025-07-30 13:41:20.316506,PHY,0x4601,1,0,na,"[0,",0,0,1,2549.9,+19.8dB,34.9us,"[0,",1,421.9,normal,0,valid,-14.9dB,-15.0dB,na,na,,,,
2025-07-30 13:41:20.320060,PHY,0x4601,2,,na,"[0,",,,11111,,+31.2dB,16.5us,"[0,",1,421.17,normal,0,valid,-12.2dB,-12.3dB,0.13us,+123.7Hz,,"[6,",,1
2025-07-30 13:41:20.320989,PHY,0x4601,1,0,na,"[0,",0,0,1,4359.2,+22.2dB,20.5us,"[0,",1,421.18,normal,0,valid,-14.9dB,-14.9dB,na,na,,,,
2025-07-30 13:41:20.321489,PHY,0x4601,1,0,na,"[0,",0,0,1,4299.8,+22.1dB,28.5us,"[0,",1,421.19,normal,0,valid,-14.9dB,-14.9dB,na,na,,,,
2025-07-30 13:41:20.325618,CSI,0x4601,2,,na,"[0,",,,1,,+32.9dB,22.1us,"[0,",1,422.8,normal,0,valid,-12.1dB,-12.1dB,0.14us,-15.2Hz,,"[6,",1111,1
2025-07-30 13:41:20.326531,PHY,0x4601,1,0,na,"[0,",0,0,1,2566.3,+19.8dB,26.0us,"[0,",1,422.9,normal,0,valid,-14.9dB,-15.0dB,na,na,,,,
2025-07-30 13:41:20.330074,PHY,0x4601,2,,na,"[0,",,,11111,,+31.2dB,16.2us,"[0,",1,422.17,normal,0,valid,-12.2dB,-12.2dB,0.14us,+19.0Hz,,"[6,",,1
2025-07-30 13:41:20.331009,PHY,0x4601,1,0,na,"[0,",0,0,1,2787.0,+20.2dB,17.9us,"[0,",1,422.18,normal,0,valid,-14.9dB,-14.9dB,na,na,,,,
2025-07-30 13:41:20.331496,PHY,0x4601,1,0,na,"[0,",0,0,1,2646.1,+20.0dB,19.7us,"[0,",1,422.19,normal,0,valid,-14.9dB,-15.0dB,na,na,,,,
2025-07-30 13:41:20.335980,PHY,0x4601,1,0,na,"[0,",0,0,1,2970.7,+20.5dB,17.4us,"[0,",1,423.8,normal,0,valid,-14.9dB,-15.0dB,na,na,,,,
2025-07-30 13:41:20.336498,PHY,0x4601,1,0,na,"[0,",0,0,1,2897.5,+20.3dB,29.1us,"[0,",1,423.9,normal,0,valid,-14.9dB,-14.9dB,na,na,,,,
2025-07-30 13:41:20.340108,PHY,0x4601,2,,na,"[0,",,,11111,,+31.0dB,19.4us,"[0,",1,423.17,normal,0,valid,-12.1dB,-12.2dB,0.14us,+20.3Hz,,"[6,",,1
2025-07-30 13:41:20.341059,PHY,0x4601,1,0,na,"[0,",0,0,1,2771.5,+20.2dB,16.3us,"[0,",1,423.18,normal,0,valid,-14.9dB,-15.0dB,na,na,,,,
2025-07-30 13:41:20.341527,PHY,0x4601,1,0,na,"[0,",0,0,1,2518.3,+19.8dB,26.6us,"[0,",1,423.19,normal,0,valid,-14.9dB,-15.0dB,na,na,,,,
2025-07-30 13:41:20.345641,CSI,0x4601,2,,na,"[0,",,,1,,+32.1dB,12.6us,"[0,",1,424.8,normal,0,valid,-12.1dB,-12.1dB,0.14us,+79.0Hz,,"[6,",1111,1
2025-07-30 13:41:20.346489,PHY,0x4601,1,0,na,"[0,",0,0,1,4288.4,+22.1dB,21.3us,"[0,",1,424.9,normal,0,valid,-14.9dB,-14.9dB,na,na,,,,
2025-07-30 13:41:20.350050,PHY,0x4601,2,,na,"[0,",,,11111,,+28.9dB,14.4us,"[0,",1,424.17,normal,0,valid,-12.1dB,-12.1dB,0.13us,-12.0Hz,,"[6,",,1
2025-07-30 13:41:20.350972,PHY,0x4601,1,0,na,"[0,",0,0,1,4006.7,+21.8dB,27.6us,"[0,",1,424.18,normal,0,valid,-15.0dB,-15.0dB,na,na,,,,
2025-07-30 13:41:20.351482,PHY,0x4601,1,0,na,"[0,",0,0,1,4070.9,+21.8dB,27.1us,"[0,",1,424.19,normal,0,valid,-15.0dB,-15.0dB,na,na,,,,
2025-07-30 13:41:20.356074,PHY,0x4601,1,0,na,"[0,",0,0,1,2788.1,+20.2dB,24.5us,"[0,",1,425.8,normal,0,valid,-14.9dB,-15.0dB,na,na,,,,
2025-07-30 13:41:20.356539,PHY,0x4601,1,0,na,"[0,",0,0,1,2702.6,+20.1dB,27.0us,"[0,",1,425.9,normal,0,valid,-14.9dB,-14.9dB,na,na,,,,
2025-07-30 13:41:20.360073,PHY,0x4601,2,,na,"[0,",,,11111,,+33.9dB,15.5us,"[0,",1,425.17,normal,0,valid,-12.2dB,-12.2dB,0.12us,+17.9Hz,,"[6,",,1
2025-07-30 13:41:20.360995,PHY,0x4601,1,0,na,"[0,",0,0,1,2727.7,+20.1dB,16.2us,"[0,",1,425.18,normal,0,valid,-14.9dB,-14.9dB,na,na,,,,
2025-07-30 13:41:20.361490,PHY,0x4601,1,0,na,"[0,",0,0,1,2633.0,+20.0dB,26.4us,"[0,",1,425.19,normal,0,valid,-14.9dB,-15.0dB,na,na,,,,
2025-07-30 13:41:20.365613,CSI,0x4601,2,,na,"[0,",,,1,,+30.3dB,15.9us,"[0,",1,426.8,normal,0,valid,-12.1dB,-12.1dB,0.12us,-54.3Hz,,"[6,",1111,1
2025-07-30 13:41:20.366549,PHY,0x4601,1,0,na,"[0,",0,0,1,4211.0,+22.0dB,16.5us,"[0,",1,426.9,normal,0,valid,-14.9dB,-15.0dB,na,na,,,,
2025-07-30 13:41:20.370104,PHY,0x4601,2,,na,"[0,",,,11111,,+32.1dB,16.3us,"[0,",1,426.17,normal,0,valid,-12.2dB,-12.2dB,0.14us,+19.4Hz,,"[6,",,1
2025-07-30 13:41:20.371045,PHY,0x4601,1,0,na,"[0,",0,0,1,2675.5,+20.0dB,17.2us,"[0,",1,426.18,normal,0,valid,-14.9dB,-15.0dB,na,na,,,,
2025-07-30 13:41:20.371502,PHY,0x4601,1,0,na,"[0,",0,0,1,2479.7,+19.7dB,14.2us,"[0,",1,426.19,normal,0,valid,-14.9dB,-14.9dB,na,na,,,,
2025-07-30 13:41:20.376005,PHY,0x4601,1,0,na,"[0,",0,0,1,2775.0,+20.2dB,16.4us,"[0,",1,427.8,normal,0,valid,-14.9dB,-14.9dB,na,na,,,,
2025-07-30 13:41:20.376481,PHY,0x4601,1,0,na,"[0,",0,0,1,2674.4,+20.0dB,25.9us,"[0,",1,427.9,normal,0,valid,-14.9dB,-15.0dB,na,na,,,,
2025-07-30 13:41:20.380131,PHY,0x4601,2,,na,"[0,",,,11111,,+34.1dB,18.2us,"[0,",1,427.17,normal,0,valid,-12.2dB,-12.2dB,0.14us,-35.3Hz,,"[6,",,1
2025-07-30 13:41:20.380953,PHY,0x4601,1,0,na,"[0,",0,0,1,2462.5,+19.7dB,23.8us,"[0,",1,427.18,normal,0,valid,-14.9dB,-14.9dB,na,na,,,,
2025-07-30 13:41:20.381571,PHY,0x4601,1,0,na,"[0,",0,0,1,2651.8,+20.0dB,28.4us,"[0,",1,427.19,normal,0,valid,-14.9dB,-15.0dB,na,na,,,,
2025-07-30 13:41:20.385557,CSI,0x4601,2,,na,"[0,",,,1,,+31.9dB,13.0us,"[0,",1,428.8,normal,0,valid,-12.1dB,-12.1dB,0.15us,+61.6Hz,,"[6,",1111,1
2025-07-30 13:41:20.386504,PHY,0x4601,1,0,na,"[0,",0,0,1,2799.8,+20.2dB,25.9us,"[0,",1,428.9,normal,0,valid,-14.9dB,-15.0dB,na,na,,,,
2025-07-30 13:41:20.390047,PHY,0x4601,2,,na,"[0,",,,11111,,+31.3dB,22.2us,"[0,",1,428.17,normal,0,valid,-12.0dB,-12.0dB,0.14us,-27.3Hz,,"[6,",,1
2025-07-30 13:41:20.390989,PHY,0x4601,1,0,na,"[0,",0,0,1,4639.1,+22.4dB,23.0us,"[0,",1,428.18,normal,0,valid,-14.9dB,-14.9dB,na,na,,,,
2025-07-30 13:41:20.391468,PHY,0x4601,1,0,na,"[0,",0,0,1,4096.8,+21.9dB,18.2us,"[0,",1,428.19,normal,0,valid,-14.9dB,-14.9dB,na,na,,,,
2025-07-30 13:41:20.395951,PHY,0x4601,1,0,na,"[0,",0,0,1,2891.1,+20.3dB,17.9us,"[0,",1,429.8,normal,0,valid,-14.9dB,-15.0dB,na,na,,,,
2025-07-30 13:41:20.396542,PHY,0x4601,1,0,na,"[0,",0,0,1,2439.9,+19.6dB,14.0us,"[0,",1,429.9,normal,0,valid,-14.9dB,-15.0dB,na,na,,,,
2025-07-30 13:41:20.400079,PHY,0x4601,2,,na,"[0,",,,11111,,+29.5dB,15.7us,"[0,",1,429.17,normal,0,valid,-12.1dB,-12.1dB,0.12us,-15.3Hz,,"[6,",,1
2025-07-30 13:41:20.401033,PHY,0x4601,1,0,na,"[0,",0,0,1,3893.1,+21.7dB,18.2us,"[0,",1,429.18,normal,0,valid,-14.9dB,-14.9dB,na,na,,,,
2025-07-30 13:41:20.401491,PHY,0x4601,1,0,na,"[0,",0,0,1,4223.2,+22.0dB,13.9us,"[0,",1,429.19,normal,0,valid,-14.9dB,-14.9dB,na,na,,,,
2025-07-30 13:41:20.405647,CSI,0x4601,2,,na,"[0,",,,1,,+33.7dB,12.8us,"[0,",1,430.8,normal,0,valid,-12.0dB,-12.1dB,0.15us,-97.2Hz,,"[6,",1111,1
2025-07-30 13:41:20.406459,PHY,0x4601,1,0,na,"[0,",0,0,1,2752.7,+20.1dB,18.3us,"[0,",1,430.9,normal,0,valid,-14.9dB,-15.0dB,na,na,,,,
2025-07-30 13:41:20.410106,PHY,0x4601,2,,na,"[0,",,,11111,,+30.5dB,18.0us,"[0,",1,430.17,normal,0,valid,-12.2dB,-12.2dB,0.14us,-44.2Hz,,"[6,",,1
2025-07-30 13:41:20.410941,PHY,0x4601,1,0,na,"[0,",0,0,1,2512.2,+19.7dB,16.1us,"[0,",1,430.18,normal,0,valid,-14.9dB,-15.0dB,na,na,,,,
2025-07-30 13:41:20.411535,PHY,0x4601,1,0,na,"[0,",0,0,1,2693.4,+20.0dB,14.9us,"[0,",1,430.19,normal,0,valid,-14.9dB,-15.0dB,na,na,,,,
2025-07-30 13:41:20.416045,PHY,0x4601,1,0,na,"[0,",0,0,1,2858.2,+20.3dB,18.3us,"[0,",1,431.8,normal,0,valid,-14.9dB,-15.0dB,na,na,,,,
2025-07-30 13:41:20.416508,PHY,0x4601,1,0,na,"[0,",0,0,1,2823.4,+20.2dB,18.6us,"[0,",1,431.9,normal,0,valid,-14.9dB,-15.0dB,na,na,,,,
2025-07-30 13:41:20.420023,PHY,0x4601,2,,na,"[0,",,,11111,,+31.0dB,18.0us,"[0,",1,431.17,normal,0,valid,-12.1dB,-12.1dB,0.12us,+118.9Hz,,"[6,",,1
2025-07-30 13:41:20.420974,PHY,0x4601,1,0,na,"[0,",0,0,1,2808.4,+20.2dB,20.3us,"[0,",1,431.18,normal,0,valid,-15.0dB,-15.0dB,na,na,,,,
2025-07-30 13:41:20.421447,PHY,0x4601,1,0,na,"[0,",0,0,1,2723.0,+20.1dB,13.7us,"[0,",1,431.19,normal,0,valid,-14.9dB,-14.9dB,na,na,,,,
2025-07-30 13:41:20.425599,CSI,0x4601,2,,na,"[0,",,,1,,+35.8dB,17.5us,"[0,",1,432.8,normal,0,valid,-12.0dB,-12.0dB,0.15us,+39.7Hz,,"[6,",1111,1
2025-07-30 13:41:20.426533,PHY,0x4601,1,0,na,"[0,",0,0,1,4057.1,+21.8dB,24.2us,"[0,",1,432.9,normal,0,valid,-14.9dB,-15.0dB,na,na,,,,
2025-07-30 13:41:20.430094,PHY,0x4601,2,,na,"[0,",,,11111,,+34.5dB,15.8us,"[0,",1,432.17,normal,0,valid,-12.1dB,-12.1dB,0.14us,-14.1Hz,,"[6,",,1
2025-07-30 13:41:20.431027,PHY,0x4601,1,0,na,"[0,",0,0,1,4053.5,+21.8dB,18.7us,"[0,",1,432.18,normal,0,valid,-14.9dB,-14.9dB,na,na,,,,
2025-07-30 13:41:20.431477,PHY,0x4601,1,0,na,"[0,",0,0,1,4016.1,+21.8dB,14.1us,"[0,",1,432.19,normal,0,valid,-14.9dB,-14.9dB,na,na,,,,
2025-07-30 13:41:20.435971,PHY,0x4601,1,0,na,"[0,",0,0,1,2465.3,+19.7dB,17.4us,"[0,",1,433.8,normal,0,valid,-14.9dB,-15.0dB,na,na,,,,
2025-07-30 13:41:20.436443,PHY,0x4601,1,0,na,"[0,",0,0,1,2659.7,+20.0dB,15.8us,"[0,",1,433.9,normal,0,valid,-14.9dB,-15.0dB,na,na,,,,
2025-07-30 13:41:20.440093,PHY,0x4601,2,,na,"[0,",,,11111,,+32.6dB,16.0us,"[0,",1,433.17,normal,0,valid,-12.2dB,-12.2dB,0.11us,-64.9Hz,,"[6,",,1
2025-07-30 13:41:20.441033,PHY,0x4601,1,0,na,"[0,",0,0,1,2544.4,+19.8dB,17.5us,"[0,",1,433.18,normal,0,valid,-14.9dB,-14.9dB,na,na,,,,
2025-07-30 13:41:20.441543,PHY,0x4601,1,0,na,"[0,",0,0,1,2747.4,+20.1dB,17.5us,"[0,",1,433.19,normal,0,valid,-14.9dB,-15.0dB,na,na,,,,
2025-07-30 13:41:20.445616,CSI,0x4601,2,,na,"[0,",,,1,,+34.2dB,15.0us,"[0,",1,434.8,normal,0,valid,-12.1dB,-12.1dB,0.14us,-83.8Hz,,"[6,",1111,1
2025-07-30 13:41:20.446472,PHY,0x4601,1,0,na,"[0,",0,0,1,2742.2,+20.1dB,17.5us,"[0,",1,434.9,normal,0,valid,-15.0dB,-15.0dB,na,na,,,,
2025-07-30 13:41:20.450012,PHY,0x4601,2,,na,"[0,",,,11111,,+28.0dB,17.1us,"[0,",1,434.17,normal,0,valid,-12.1dB,-12.1dB,0.14us,+79.4Hz,,"[6,",,1
2025-07-30 13:41:20.450965,PHY,0x4601,1,0,na,"[0,",0,0,1,3978.4,+21.8dB,15.9us,"[0,",1,434.18,normal,0,valid,-14.9dB,-14.9dB,na,na,,,,
2025-07-30 13:41:20.451545,PHY,0x4601,1,0,na,"[0,",0,0,1,4183.4,+21.9dB,23.9us,"[0,",1,434.19,normal,0,valid,-14.9dB,-14.9dB,na,na,,,,
2025-07-30 13:41:20.456025,PHY,0x4601,1,0,na,"[0,",0,0,1,2779.5,+20.2dB,16.1us,"[0,",1,435.8,normal,0,valid,-14.9dB,-15.0dB,na,na,,,,
2025-07-30 13:41:20.456531,PHY,0x4601,1,0,na,"[0,",0,0,1,2699.4,+20.1dB,14.5us,"[0,",1,435.9,normal,0,valid,-14.9dB,-14.9dB,na,na,,,,
2025-07-30 13:41:20.460048,PHY,0x4601,2,,na,"[0,",,,11111,,+32.5dB,15.3us,"[0,",1,435.17,normal,0,valid,-12.0dB,-12.0dB,0.13us,-13.7Hz,,"[6,",,1
2025-07-30 13:41:20.461016,PHY,0x4601,1,0,na,"[0,",0,0,1,4399.6,+22.2dB,20.2us,"[0,",1,435.18,normal,0,valid,-14.9dB,-14.9dB,na,na,,,,
2025-07-30 13:41:20.461484,PHY,0x4601,1,0,na,"[0,",0,0,1,3816.0,+21.5dB,17.9us,"[0,",1,435.19,normal,0,valid,-14.9dB,-15.0dB,na,na,,,,
2025-07-30 13:41:20.465611,CSI,0x4601,2,,na,"[0,",,,1,,+32.0dB,16.6us,"[0,",1,436.8,normal,0,valid,-12.0dB,-12.0dB,0.13us,-94.9Hz,,"[6,",1111,1
2025-07-30 13:41:20.466537,PHY,0x4601,1,0,na,"[0,",0,0,1,3588.6,+21.3dB,16.0us,"[0,",1,436.9,normal,0,valid,-14.9dB,-15.0dB,na,na,,,,
2025-07-30 13:41:20.470081,PHY,0x4601,2,,na,"[0,",,,11111,,+34.4dB,15.7us,"[0,",1,436.17,normal,0,valid,-12.0dB,-12.0dB,0.14us,-63.1Hz,,"[6,",,1
2025-07-30 13:41:20.471018,PHY,0x4601,1,0,na,"[0,",0,0,1,2490.1,+19.7dB,17.5us,"[0,",1,436.18,normal,0,valid,-14.9dB,-15.0dB,na,na,,,,
2025-07-30 13:41:20.471513,PHY,0x4601,1,0,na,"[0,",0,0,1,2646.1,+20.0dB,14.4us,"[0,",1,436.19,normal,0,valid,-14.9dB,-15.0dB,na,na,,,,
2025-07-30 13:41:20.476001,PHY,0x4601,1,0,na,"[0,",0,0,1,2555.9,+19.8dB,17.1us,"[0,",1,437.8,normal,0,valid,-14.9dB,-14.9dB,na,na,,,,
2025-07-30 13:41:20.476458,PHY,0x4601,1,0,na,"[0,",0,0,1,2658.2,+20.0dB,16.2us,"[0,",1,437.9,normal,0,valid,-14.9dB,-14.9dB,na,na,,,,
2025-07-30 13:41:20.480118,PHY,0x4601,2,,na,"[0,",,,11111,,+29.3dB,18.1us,"[0,",1,437.17,normal,0,valid,-12.1dB,-12.1dB,0.14us,+136.4Hz,,"[6,",,1
2025-07-30 13:41:20.480948,PHY,0x4601,1,0,na,"[0,",0,0,1,3850.2,+21.6dB,16.1us,"[0,",1,437.18,normal,0,valid,-14.9dB,-14.9dB,na,na,,,,
2025-07-30 13:41:20.481524,PHY,0x4601,1,0,na,"[0,",0,0,1,4285.6,+22.1dB,15.0us,"[0,",1,437.19,normal,0,valid,-14.9dB,-15.0dB,na,na,,,,
2025-07-30 13:41:20.485629,CSI,0x4601,2,,na,"[0,",,,1,,+33.1dB,12.5us,"[0,",1,438.8,normal,0,valid,-12.0dB,-12.0dB,0.14us,+119.1Hz,,"[6,",1111,1
2025-07-30 13:41:20.486520,PHY,0x4601,1,0,na,"[0,",0,0,1,4112.9,+21.9dB,19.6us,"[0,",1,438.9,normal,0,valid,-14.9dB,-15.0dB,na,na,,,,
2025-07-30 13:41:20.490038,PHY,0x4601,2,,na,"[0,",,,11111,,+33.4dB,16.0us,"[0,",1,438.17,normal,0,valid,-12.1dB,-12.1dB,0.14us,+46.5Hz,,"[6,",,1
2025-07-30 13:41:20.491004,PHY,0x4601,1,0,na,"[0,",0,0,1,2523.6,+19.8dB,17.3us,"[0,",1,438.18,normal,0,valid,-15.0dB,-15.0dB,na,na,,,,
2025-07-30 13:41:20.491464,PHY,0x4601,1,0,na,"[0,",0,0,1,2602.0,+19.9dB,18.2us,"[0,",1,438.19,normal,0,valid,-14.9dB,-15.0dB,na,na,,,,
2025-07-30 13:41:20.495952,PHY,0x4601,1,0,na,"[0,",0,0,1,2748.0,+20.1dB,16.7us,"[0,",1,439.8,normal,0,valid,-14.9dB,-15.0dB,na,na,,,,
2025-07-30 13:41:20.496524,PHY,0x4601,1,0,na,"[0,",0,0,1,2648.2,+19.9dB,16.3us,"[0,",1,439.9,normal,0,valid,-14.9dB,-15.0dB,na,na,,,,
2025-07-30 13:41:20.500081,PHY,0x4601,2,,na,"[0,",,,11111,,+30.4dB,15.1us,"[0,",1,439.17,normal,0,valid,-12.2dB,-12.2dB,0.14us,-8.1Hz,,"[6,",,1
2025-07-30 13:41:20.501011,PHY,0x4601,1,0,na,"[0,",0,0,1,2554.5,+19.8dB,16.3us,"[0,",1,439.18,normal,0,valid,-14.9dB,-14.9dB,na,na,,,,
2025-07-30 13:41:20.501507,PHY,0x4601,1,0,na,"[0,",0,0,1,2658.2,+20.0dB,15.1us,"[0,",1,439.19,normal,0,valid,-14.9dB,-15.0dB,na,na,,,,
2025-07-30 13:41:20.505624,CSI,0x4601,2,,na,"[0,",,,1,,+29.8dB,15.6us,"[0,",1,440.8,normal,0,valid,-12.0dB,-12.0dB,0.15us,+46.9Hz,,"[6,",1111,1
2025-07-30 13:41:20.506454,PHY,0x4601,1,0,na,"[0,",0,0,1,3996.9,+21.7dB,17.8us,"[0,",1,440.9,normal,0,valid,-15.0dB,-15.0dB,na,na,,,,
2025-07-30 13:41:20.510099,PHY,0x4601,2,,na,"[0,",,,11111,,+31.2dB,17.6us,"[0,",1,440.17,normal,0,valid,-12.0dB,-12.1dB,0.13us,-27.2Hz,,"[6,",,1
2025-07-30 13:41:20.511042,PHY,0x4601,1,0,na,"[0,",0,0,1,3786.9,+21.5dB,16.4us,"[0,",1,440.18,normal,0,valid,-14.9dB,-15.0dB,na,na,,,,
2025-07-30 13:41:20.511527,PHY,0x4601,1,0,na,"[0,",0,0,1,3832.1,+21.5dB,24.2us,"[0,",1,440.19,normal,0,valid,-14.9dB,-15.0dB,na,na,,,,
2025-07-30 13:41:20.516000,PHY,0x4601,1,0,na,"[0,",0,0,1,2695.5,+20.0dB,16.0us,"[0,",1,441.8,normal,0,valid,-14.9dB,-15.0dB,na,na,,,,
2025-07-30 13:41:20.516512,PHY,0x4601,1,0,na,"[0,",0,0,1,2587.1,+19.9dB,16.9us,"[0,",1,441.9,normal,0,valid,-14.9dB,-15.0dB,na,na,,,,
2025-07-30 13:41:20.520018,PHY,0x4601,2,,na,"[0,",,,11111,,+29.1dB,14.3us,"[0,",1,441.17,normal,0,valid,-12.1dB,-12.1dB,0.13us,+105.9Hz,,"[6,",,1
2025-07-30 13:41:20.520987,PHY,0x4601,1,0,na,"[0,",0,0,1,2786.9,+20.2dB,15.6us,"[0,",1,441.18,normal,0,valid,-15.0dB,-15.0dB,na,na,,,,
2025-07-30 13:41:20.521462,PHY,0x4601,1,0,na,"[0,",0,0,1,2602.0,+19.9dB,13.2us,"[0,",1,441.19,normal,0,valid,-14.9dB,-15.0dB,na,na,,,,
2025-07-30 13:41:20.525577,CSI,0x4601,2,,na,"[0,",,,1,,+29.5dB,12.5us,"[0,",1,442.8,normal,0,valid,-12.0dB,-12.0dB,0.12us,-91.4Hz,,"[6,",1111,1
2025-07-30 13:41:20.526512,PHY,0x4601,1,0,na,"[0,",0,0,1,3929.9,+21.7dB,16.0us,"[0,",1,442.9,normal,0,valid,-14.9dB,-14.9dB,na,na,,,,
2025-07-30 13:41:20.530075,PHY,0x4601,2,,na,"[0,",,,11111,,+29.4dB,21.9us,"[0,",1,442.17,normal,0,valid,-12.1dB,-12.1dB,0.13us,-36.4Hz,,"[6,",,1
2025-07-30 13:41:20.530993,PHY,0x4601,1,0,na,"[0,",0,0,1,3839.6,+21.6dB,17.5us,"[0,",1,442.18,normal,0,valid,-14.9dB,-15.0dB,na,na,,,,
2025-07-30 13:41:20.531496,PHY,0x4601,1,0,na,"[0,",0,0,1,4086.7,+21.9dB,13.8us,"[0,",1,442.19,normal,0,valid,-14.9dB,-14.9dB,na,na,,,,
2025-07-30 13:41:20.535988,PHY,0x4601,1,0,na,"[0,",0,0,1,2464.3,+19.6dB,17.1us,"[0,",1,443.8,normal,0,valid,-14.9dB,-15.0dB,na,na,,,,
2025-07-30 13:41:20.536542,PHY,0x4601,1,0,na,"[0,",0,0,1,2529.1,+19.8dB,16.0us,"[0,",1,443.9,normal,0,valid,-14.9dB,-14.9dB,na,na,,,,
2025-07-30 13:41:20.540101,PHY,0x4601,2,,na,"[0,",,,11111,,+30.0dB,17.3us,"[0,",1,443.17,normal,0,valid,-12.1dB,-12.1dB,0.13us,-17.8Hz,,"[6,",,1
2025-07-30 13:41:20.541028,PHY,0x4601,1,0,na,"[0,",0,0,1,4317.8,+22.1dB,18.7us,"[0,",1,443.18,normal,0,valid,-14.9dB,-15.0dB,na,na,,,,
2025-07-30 13:41:20.541530,PHY,0x4601,1,0,na,"[0,",0,0,1,3786.7,+21.5dB,22.6us,"[0,",1,443.19,normal,0,valid,-14.9dB,-14.9dB,na,na,,,,
2025-07-30 13:41:20.545607,CSI,0x4601,2,,na,"[0,",,,1,,+30.6dB,15.6us,"[0,",1,444.8,normal,0,valid,-12.1dB,-12.1dB,0.13us,+13.7Hz,,"[6,",1111,1
2025-07-30 13:41:20.546486,PHY,0x4601,1,0,na,"[0,",0,0,1,3676.7,+21.4dB,15.9us,"[0,",1,444.9,normal,0,valid,-15.0dB,-15.0dB,na,na,,,,
2025-07-30 13:41:20.550152,PHY,0x4601,2,,na,"[0,",,,11111,,+33.2dB,13.7us,"[0,",1,444.17,normal,0,valid,-12.2dB,-12.2dB,0.15us,-27.0Hz,,"[6,",,1
2025-07-30 13:41:20.550975,PHY,0x4601,1,0,na,"[0,",0,0,1,2429.5,+19.6dB,15.7us,"[0,",1,444.18,normal,0,valid,-14.9dB,-14.9dB,na,na,,,,
2025-07-30 13:41:20.551538,PHY,0x4601,1,0,na,"[0,",0,0,1,2534.2,+19.8dB,14.0us,"[0,",1,444.19,normal,0,valid,-14.9dB,-15.0dB,na,na,,,,
2025-07-30 13:41:20.556021,PHY,0x4601,1,0,na,"[0,",0,0,1,2835.4,+20.3dB,18.7us,"[0,",1,445.8,normal,0,valid,-14.9dB,-14.9dB,na,na,,,,
2025-07-30 13:41:20.556506,PHY,0x4601,1,0,na,"[0,",0,0,1,2682.1,+20.0dB,19.5us,"[0,",1,445.9,normal,0,valid,-14.9dB,-14.9dB,na,na,,,,
2025-07-30 13:41:20.560067,PHY,0x4601,2,,na,"[0,",,,11111,,+32.7dB,24.5us,"[0,",1,445.17,normal,0,valid,-12.1dB,-12.1dB,0.12us,-55.6Hz,,"[6,",,1
2025-07-30 13:41:20.560992,PHY,0x4601,1,0,na,"[0,",0,0,1,4161.5,+21.9dB,18.0us,"[0,",1,445.18,normal,0,valid,-14.9dB,-15.0dB,na,na,,,,
2025-07-30 13:41:20.561488,PHY,0x4601,1,0,na,"[0,",0,0,1,4105.7,+21.9dB,17.1us,"[0,",1,445.19,normal,0,valid,-14.9dB,-14.9dB,na,na,,,,
2025-07-30 13:41:20.565583,CSI,0x4601,2,,na,"[0,",,,1,,+29.2dB,13.3us,"[0,",1,446.8,normal,0,valid,-12.1dB,-12.1dB,0.14us,+23.9Hz,,"[6,",1111,1
2025-07-30 13:41:20.566532,PHY,0x4601,1,0,na,"[0,",0,0,1,2548.4,+19.8dB,17.4us,"[0,",1,446.9,normal,0,valid,-14.9dB,-15.0dB,na,na,,,,
2025-07-30 13:41:20.570086,PHY,0x4601,2,,na,"[0,",,,11111,,+29.2dB,15.7us,"[0,",1,446.17,normal,0,valid,-12.1dB,-12.3dB,0.39us,+45.3Hz,,"[6,",,1
2025-07-30 13:41:20.571019,PHY,0x4601,1,0,na,"[0,",0,0,1,372.1,+11.4dB,18.9us,"[0,",1,446.18,normal,0,valid,-14.9dB,-15.2dB,na,na,,,,
2025-07-30 13:41:20.571484,PHY,0x4601,1,0,na,"[0,",0,0,1,366.8,+11.4dB,14.9us,"[0,",1,446.19,normal,0,valid,-14.9dB,-15.2dB,na,na,,,,
2025-07-30 13:41:20.575979,PHY,0x4601,1,0,na,"[0,",0,0,1,357.5,+11.2dB,18.0us,"[0,",1,447.8,normal,0,valid,-14.9dB,-15.2dB,na,na,,,,
2025-07-30 13:41:20.576489,PHY,0x4601,1,0,na,"[0,",0,0,1,356.7,+11.3dB,29.7us,"[0,",1,447.9,normal,0,valid,-14.9dB,-15.2dB,na,na,,,,
2025-07-30 13:41:20.580129,PHY,0x4601,2,,na,"[0,",,,11111,,+28.8dB,18.4us,"[0,",1,447.17,normal,0,valid,-12.1dB,-12.3dB,0.38us,-38.5Hz,,"[6,",,1
2025-07-30 13:41:20.580972,PHY,0x4601,1,0,na,"[0,",0,0,1,359.4,+11.3dB,17.9us,"[0,",1,447.18,normal,0,valid,-14.9dB,-15.2dB,na,na,,,,
2025-07-30 13:41:20.581514,PHY,0x4601,1,0,na,"[0,",0,0,1,368.5,+11.4dB,15.2us,"[0,",1,447.19,normal,0,valid,-14.9dB,-15.2dB,na,na,,,,
2025-07-30 13:41:20.585643,CSI,0x4601,2,,na,"[0,",,,1,,+30.6dB,13.1us,"[0,",1,448.8,normal,0,valid,-12.1dB,-12.2dB,0.42us,+23.6Hz,,"[6,",1111,1
2025-07-30 13:41:20.586487,PHY,0x4601,1,0,na,"[0,",0,0,1,426.9,+12.0dB,17.7us,"[0,",1,448.9,normal,0,valid,-14.9dB,-15.2dB,na,na,,,,
2025-07-30 13:41:20.590035,PHY,0x4601,2,,na,"[0,",,,11111,,+29.4dB,15.0us,"[0,",1,448.17,normal,0,valid,-12.1dB,-12.2dB,0.37us,-53.8Hz,,"[6,",,1
2025-07-30 13:41:20.590974,PHY,0x4601,1,0,na,"[0,",0,0,1,356.3,+11.3dB,20.2us,"[0,",1,448.18,normal,0,valid,-14.9dB,-15.2dB,na,na,,,,
2025-07-30 13:41:20.591475,PHY,0x4601,1,0,na,"[0,",0,0,1,362.4,+11.4dB,16.3us,"[0,",1,448.19,normal,0,valid,-14.9dB,-15.2dB,na,na,,,,
2025-07-30 13:41:20.596057,PHY,0x4601,1,0,na,"[0,",0,0,1,376.3,+11.5dB,18.4us,"[0,",1,449.8,normal,0,valid,-14.9dB,-15.2dB,na,na,,,,
2025-07-30 13:41:20.596525,PHY,0x4601,1,0,na,"[0,",0,0,1,357.5,+11.2dB,15.9us,"[0,",1,449.9,normal,0,valid,-14.9dB,-15.3dB,na,na,,,,
2025-07-30 13:41:20.600065,PHY,0x4601,2,,na,"[0,",,,11111,,+28.4dB,15.0us,"[0,",1,449.17,normal,0,valid,-12.1dB,-12.2dB,0.39us,+109.3Hz,,"[6,",,1
2025-07-30 13:41:20.601005,PHY,0x4601,1,0,na,"[0,",0,0,1,412.6,+11.9dB,15.8us,"[0,",1,449.18,normal,0,valid,-14.9dB,-15.1dB,na,na,,,,
2025-07-30 13:41:20.601477,PHY,0x4601,1,0,na,"[0,",0,0,1,411.9,+11.9dB,15.3us,"[0,",1,449.19,normal,0,valid,-14.9dB,-15.2dB,na,na,,,,
2025-07-30 13:41:20.605596,CSI,0x4601,2,,na,"[0,",,,1,,+28.9dB,12.0us,"[0,",1,450.8,normal,0,valid,-12.0dB,-12.2dB,0.41us,+108.1Hz,,"[6,",1111,1
2025-07-30 13:41:20.606486,PHY,0x4601,1,0,na,"[0,",0,0,1,435.8,+12.1dB,19.6us,"[0,",1,450.9,normal,0,valid,-14.9dB,-15.2dB,na,na,,,,
2025-07-30 13:41:20.610121,PHY,0x4601,2,,na,"[0,",,,11111,,+34.4dB,17.7us,"[0,",1,450.17,normal,0,valid,-12.1dB,-12.1dB,0.15us,-104.1Hz,,"[6,",,1
2025-07-30 13:41:20.611045,PHY,0x4601,1,0,na,"[0,",0,0,1,2696.3,+20.1dB,23.3us,"[0,",1,450.18,normal,0,valid,-14.9dB,-14.9dB,na,na,,,,
2025-07-30 13:41:20.611514,PHY,0x4601,1,0,na,"[0,",0,0,1,2490.1,+19.7dB,18.0us,"[0,",1,450.19,normal,0,valid,-14.9dB,-14.9dB,na,na,,,,
2025-07-30 13:41:20.616000,PHY,0x4601,1,0,na,"[0,",0,0,1,2630.1,+19.9dB,17.0us,"[0,",1,451.8,normal,0,valid,-14.9dB,-15.0dB,na,na,,,,
2025-07-30 13:41:20.616470,PHY,0x4601,1,0,na,"[0,",0,0,1,2528.4,+19.8dB,16.3us,"[0,",1,451.9,normal,0,valid,-14.9dB,-15.0dB,na,na,,,,
2025-07-30 13:41:20.620023,PHY,0x4601,2,,na,"[0,",,,11111,,+31.6dB,15.3us,"[0,",1,451.17,normal,0,valid,-12.2dB,-12.2dB,0.12us,+18.2Hz,,"[6,",,1
2025-07-30 13:41:20.620962,PHY,0x4601,1,0,na,"[0,",0,0,1,4028.5,+21.8dB,16.1us,"[0,",1,451.18,normal,0,valid,-14.9dB,-14.9dB,na,na,,,,
2025-07-30 13:41:20.621549,PHY,0x4601,1,0,na,"[0,",0,0,1,3932.3,+21.7dB,15.8us,"[0,",1,451.19,normal,0,valid,-14.9dB,-15.0dB,na,na,,,,
2025-07-30 13:41:20.625557,CSI,0x4601,2,,na,"[0,",,,1,,+36.1dB,15.4us,"[0,",1,452.8,normal,0,valid,-12.1dB,-12.1dB,0.15us,-87.2Hz,,"[6,",1111,1
2025-07-30 13:41:20.626509,PHY,0x4601,1,0,na,"[0,",0,0,1,2563.3,+19.8dB,16.6us,"[0,",1,452.9,normal,0,valid,-15.0dB,-15.0dB,na,na,,,,
2025-07-30 13:41:20.630046,PHY,0x4601,2,,na,"[0,",,,11111,,+31.4dB,16.3us,"[0,",1,452.17,normal,0,valid,-12.2dB,-12.2dB,0.13us,-63.0Hz,,"[6,",,1
2025-07-30 13:41:20.631003,PHY,0x4601,1,0,na,"[0,",0,0,1,2704.6,+20.0dB,22.4us,"[0,",1,452.18,normal,0,valid,-14.9dB,-15.0dB,na,na,,,,
2025-07-30 13:41:20.631472,PHY,0x4601,1,0,na,"[0,",0,0,1,2519.8,+19.8dB,20.7us,"[0,",1,452.19,normal,0,valid,-14.9dB,-14.9dB,na,na,,,,
2025-07-30 13:41:20.635956,PHY,0x4601,1,0,na,"[0,",0,0,1,2461.8,+19.7dB,18.2us,"[0,",1,453.8,normal,0,valid,-14.9dB,-14.9dB,na,na,,,,
2025-07-30 13:41:20.636547,PHY,0x4601,1,0,na,"[0,",0,0,1,3056.9,+20.6dB,15.3us,"[0,",1,453.9,normal,0,valid,-14.9dB,-14.9dB,na,na,,,,
2025-07-30 13:41:20.640114,PHY,0x4601,2,,na,"[0,",,,11111,,+31.6dB,15.2us,"[0,",1,453.17,normal,0,valid,-12.1dB,-12.2dB,0.12us,+19.1Hz,,"[6,",,1
2025-07-30 13:41:20.641038,PHY,0x4601,1,0,na,"[0,",0,0,1,4149.6,+21.9dB,16.5us,"[0,",1,453.18,normal,0,valid,-14.9dB,-15.0dB,na,na,,,,
2025-07-30 13:41:20.641504,PHY,0x4601,1,0,na,"[0,",0,0,1,3872.3,+21.6dB,21.6us,"[0,",1,453.19,normal,0,valid,-14.9dB,-15.0dB,na,na,,,,
2025-07-30 13:41:20.645615,CSI,0x4601,2,,na,"[0,",,,1,,+31.1dB,14.1us,"[0,",1,454.8,normal,0,valid,-12.1dB,-12.2dB,0.15us,-46.3Hz,,"[6,",1111,1
2025-07-30 13:41:20.646454,PHY,0x4601,1,0,na,"[0,",0,0,1,2458.9,+19.7dB,16.8us,"[0,",1,454.9,normal,0,valid,-14.9dB,-15.0dB,na,na,,,,
2025-07-30 13:41:20.650110,PHY,0x4601,2,,na,"[0,",,,11111,,+31.2dB,17.1us,"[0,",1,454.17,normal,0,valid,-12.1dB,-12.2dB,0.15us,-105.5Hz,,"[6,",,1
2025-07-30 13:41:20.650947,PHY,0x4601,1,0,na,"[0,",0,0,1,4128.7,+21.9dB,17.9us,"[0,",1,454.18,normal,0,valid,-14.9dB,-14.9dB,na,na,,,,
2025-07-30 13:41:20.651543,PHY,0x4601,1,0,na,"[0,",0,0,1,3992.1,+21.7dB,16.0us,"[0,",1,454.19,normal,0,valid,-14.9dB,-15.0dB,na,na,,,,
2025-07-30 13:41:20.656032,PHY,0x4601,1,0,na,"[0,",0,0,1,2618.1,+19.9dB,18.4us,"[0,",1,455.8,normal,0,valid,-14.9dB,-15.0dB,na,na,,,,
2025-07-30 13:41:20.656509,PHY,0x4601,1,0,na,"[0,",0,0,1,2604.5,+19.9dB,15.7us,"[0,",1,455.9,normal,0,valid,-14.9dB,-15.0dB,na,na,,,,
2025-07-30 13:41:20.660032,PHY,0x4601,2,,na,"[0,",,,11111,,+29.1dB,15.0us,"[0,",1,455.17,normal,0,valid,-12.1dB,-12.1dB,0.14us,+68.9Hz,,"[6,",,1
2025-07-30 13:41:20.660984,PHY,0x4601,1,0,na,"[0,",0,0,1,4398.3,+22.2dB,16.3us,"[0,",1,455.18,normal,0,valid,-14.9dB,-15.0dB,na,na,,,,
2025-07-30 13:41:20.661448,PHY,0x4601,1,0,na,"[0,",0,0,1,3965.3,+21.7dB,14.5us,"[0,",1,455.19,normal,0,valid,-14.9dB,-15.0dB,na,na,,,,
2025-07-30 13:41:20.665581,CSI,0x4601,2,,na,"[0,",,,1,,+30.4dB,12.9us,"[0,",1,456.8,normal,0,valid,-12.0dB,-12.0dB,0.15us,-31.4Hz,,"[6,",1111,1
2025-07-30 13:41:20.666543,PHY,0x4601,1,0,na,"[0,",0,0,1,2572.4,+19.8dB,23.3us,"[0,",1,456.9,normal,0,valid,-14.9dB,-15.0dB,na,na,,,,
2025-07-30 13:41:20.670077,PHY,0x4601,2,,na,"[0,",,,11111,,+30.5dB,14.1us,"[0,",1,456.17,normal,0,valid,-12.1dB,-12.1dB,0.13us,+72.0Hz,,"[6,",,1
2025-07-30 13:41:20.671029,PHY,0x4601,1,0,na,"[0,",0,0,1,3564.8,+21.3dB,16.1us,"[0,",1,456.18,normal,0,valid,-14.9dB,-14.9dB,na,na,,,,
2025-07-30 13:41:20.671496,PHY,0x4601,1,0,na,"[0,",0,0,1,3526.4,+21.2dB,14.2us,"[0,",1,456.19,normal,0,valid,-14.9dB,-14.9dB,na,na,,,,
2025-07-30 13:41:20.675994,PHY,0x4601,1,0,na,"[0,",0,0,1,2576.7,+19.9dB,16.6us,"[0,",1,457.8,normal,0,valid,-14.9dB,-14.9dB,na,na,,,,
2025-07-30 13:41:20.676445,PHY,0x4601,1,0,na,"[0,",0,0,1,2458.9,+19.7dB,19.2us,"[0,",1,457.9,normal,0,valid,-14.9dB,-14.9dB,na,na,,,,
2025-07-30 13:41:20.680095,PHY,0x4601,2,,na,"[0,",,,11111,,+29.6dB,17.5us,"[0,",1,457.17,normal,0,valid,-12.1dB,-12.1dB,0.13us,+4.7Hz,,"[6,",,1
2025-07-30 13:41:20.681034,PHY,0x4601,1,0,na,"[0,",0,0,1,3872.8,+21.6dB,16.5us,"[0,",1,457.18,normal,0,valid,-14.9dB,-14.9dB,na,na,,,,
2025-07-30 13:41:20.681525,PHY,0x4601,1,0,na,"[0,",0,0,1,4115.6,+21.9dB,14.5us,"[0,",1,457.19,normal,0,valid,-14.9dB,-15.0dB,na,na,,,,
2025-07-30 13:41:20.685612,CSI,0x4601,2,,na,"[0,",,,1,,+33.1dB,15.8us,"[0,",1,458.8,normal,0,valid,-12.0dB,-12.0dB,0.15us,+11.5Hz,,"[6,",1111,1
2025-07-30 13:41:20.686486,PHY,0x4601,1,0,na,"[0,",0,0,1,2687.4,+20.1dB,20.7us,"[0,",1,458.9,normal,0,valid,-14.9dB,-14.9dB,na,na,,,,
2025-07-30 13:41:20.690021,PHY,0x4601,2,,na,"[0,",,,11111,,+29.1dB,16.1us,"[0,",1,458.17,normal,0,valid,-12.1dB,-12.2dB,0.13us,+131.6Hz,,"[6,",,1
2025-07-30 13:41:20.690966,PHY,0x4601,1,0,na,"[0,",0,0,1,4228.4,+22.0dB,17.5us,"[0,",1,458.18,normal,0,valid,-14.9dB,-14.9dB,na,na,,,,
2025-07-30 13:41:20.691445,PHY,0x4601,1,0,na,"[0,",0,0,1,4080.2,+21.9dB,14.3us,"[0,",1,458.19,normal,0,valid,-15.0dB,-15.0dB,na,na,,,,
2025-07-30 13:41:20.696036,PHY,0x4601,1,0,na,"[0,",0,0,1,2463.3,+19.6dB,19.2us,"[0,",1,459.8,normal,0,valid,-14.9dB,-15.0dB,na,na,,,,
2025-07-30 13:41:20.696537,PHY,0x4601,1,0,na,"[0,",0,0,1,2551.5,+19.8dB,16.9us,"[0,",1,459.9,normal,0,valid,-14.9dB,-15.0dB,na,na,,,,
2025-07-30 13:41:20.700061,PHY,0x4601,2,,na,"[0,",,,11111,,+35.9dB,16.2us,"[0,",1,459.17,normal,0,valid,-12.1dB,-12.1dB,0.12us,+9.9Hz,,"[6,",,1
2025-07-30 13:41:20.701016,PHY,0x4601,1,0,na,"[0,",0,0,1,3953.8,+21.7dB,16.1us,"[0,",1,459.18,normal,0,valid,-15.0dB,-15.0dB,na,na,,,,
2025-07-30 13:41:20.701484,PHY,0x4601,1,0,na,"[0,",0,0,1,3818.0,+21.5dB,18.3us,"[0,",1,459.19,normal,0,valid,-14.9dB,-15.0dB,na,na,,,,
2025-07-30 13:41:20.705596,CSI,0x4601,2,,na,"[0,",,,1,,+37.4dB,12.8us,"[0,",1,460.8,normal,0,valid,-12.0dB,-12.0dB,0.15us,-88.1Hz,,"[6,",1111,1
2025-07-30 13:41:20.706535,PHY,0x4601,1,0,na,"[0,",0,0,1,3669.6,+21.4dB,15.5us,"[0,",1,460.9,normal,0,valid,-15.0dB,-15.0dB,na,na,,,,
2025-07-30 13:41:20.710105,PHY,0x4601,2,,na,"[0,",,,11111,,+31.0dB,17.8us,"[0,",1,460.17,normal,0,valid,-12.2dB,-12.2dB,0.12us,+50.2Hz,,"[6,",,1
2025-07-30 13:41:20.711022,PHY,0x4601,1,0,na,"[0,",0,0,1,2452.5,+19.6dB,18.3us,"[0,",1,460.18,normal,0,valid,-15.0dB,-15.0dB,na,na,,,,
2025-07-30 13:41:20.711531,PHY,0x4601,1,0,na,"[0,",0,0,1,2712.2,+20.1dB,23.9us,"[0,",1,460.19,normal,0,valid,-14.9dB,-15.0dB,na,na,,,,
2025-07-30 13:41:20.716014,PHY,0x4601,1,0,na,"[0,",0,0,1,2644.6,+19.9dB,18.5us,"[0,",1,461.8,normal,0,valid,-14.9dB,-15.0dB,na,na,,,,
2025-07-30 13:41:20.716488,PHY,0x4601,1,0,na,"[0,",0,0,1,2638.8,+19.9dB,26.1us,"[0,",1,461.9,normal,0,valid,-14.9dB,-14.9dB,na,na,,,,
2025-07-30 13:41:20.720121,PHY,0x4601,2,,na,"[0,",,,11111,,+33.8dB,17.4us,"[0,",1,461.17,normal,0,valid,-12.2dB,-12.2dB,0.12us,-13.5Hz,,"[6,",,1
2025-07-30 13:41:20.720957,PHY,0x4601,1,0,na,"[0,",0,0,1,4030.1,+21.8dB,22.0us,"[0,",1,461.18,normal,0,valid,-15.0dB,-15.0dB,na,na,,,,
2025-07-30 13:41:20.721527,PHY,0x4601,1,0,na,"[0,",0,0,1,4118.9,+21.9dB,13.9us,"[0,",1,461.19,normal,0,valid,-14.9dB,-14.9dB,na,na,,,,
2025-07-30 13:41:20.725565,CSI,0x4601,2,,na,"[0,",,,1,,+31.7dB,13.7us,"[0,",1,462.8,normal,0,valid,-12.0dB,-12.0dB,0.13us,-49.1Hz,,"[6,",1111,1
2025-07-30 13:41:20.726528,PHY,0x4601,1,0,na,"[0,",0,0,1,3661.6,+21.4dB,24.6us,"[0,",1,462.9,normal,0,valid,-14.9dB,-15.0dB,na,na,,,,
2025-07-30 13:41:20.730040,PHY,0x4601,2,,na,"[0,",,,11111,,+31.8dB,13.7us,"[0,",1,462.17,normal,0,valid,-12.2dB,-12.2dB,0.15us,+46.6Hz,,"[6,",,1
2025-07-30 13:41:20.731008,PHY,0x4601,1,0,na,"[0,",0,0,1,2310.0,+19.4dB,16.3us,"[0,",1,462.18,normal,0,valid,-14.9dB,-15.0dB,na,na,,,,
2025-07-30 13:41:20.731480,PHY,0x4601,1,0,na,"[0,",0,0,1,2554.7,+19.8dB,19.9us,"[0,",1,462.19,normal,0,valid,-14.9dB,-14.9dB,na,na,,,,
2025-07-30 13:41:20.735954,PHY,0x4601,1,0,na,"[0,",0,0,1,2517.7,+19.8dB,17.0us,"[0,",1,463.8,normal,0,valid,-14.9dB,-15.0dB,na,na,,,,
2025-07-30 13:41:20.736526,PHY,0x4601,1,0,na,"[0,",0,0,1,2770.6,+20.1dB,15.4us,"[0,",1,463.9,normal,0,valid,-14.9dB,-14.9dB,na,na,,,,
2025-07-30 13:41:20.740076,PHY,0x4601,2,,na,"[0,",,,11111,,+29.6dB,16.3us,"[0,",1,463.17,normal,0,valid,-12.1dB,-12.1dB,0.14us,-22.4Hz,,"[6,",,1
2025-07-30 13:41:20.741017,PHY,0x4601,1,0,na,"[0,",0,0,1,2543.3,+19.8dB,19.5us,"[0,",1,463.18,normal,0,valid,-14.9dB,-15.0dB,na,na,,,,
2025-07-30 13:41:20.741508,PHY,0x4601,1,0,na,"[0,",0,0,1,2622.8,+19.9dB,15.8us,"[0,",1,463.19,normal,0,valid,-14.9dB,-15.0dB,na,na,,,,
2025-07-30 13:41:20.745613,CSI,0x4601,2,,na,"[0,",,,1,,+30.1dB,15.6us,"[0,",1,464.8,normal,0,valid,-12.1dB,-12.1dB,0.15us,+15.0Hz,,"[6,",1111,1
2025-07-30 13:41:20.746445,PHY,0x4601,1,0,na,"[0,",0,0,1,2643.8,+19.9dB,18.4us,"[0,",1,464.9,normal,0,valid,-14.9dB,-15.0dB,na,na,,,,
2025-07-30 13:41:20.750103,PHY,0x4601,2,,na,"[0,",,,11111,,+31.8dB,14.6us,"[0,",1,464.17,normal,0,valid,-12.2dB,-12.2dB,0.14us,+28.0Hz,,"[6,",,1
2025-07-30 13:41:20.750935,PHY,0x4601,1,0,na,"[0,",0,0,1,4119.0,+21.9dB,18.9us,"[0,",1,464.18,normal,0,valid,-14.9dB,-15.0dB,na,na,,,,
2025-07-30 13:41:20.751518,PHY,0x4601,1,0,na,"[0,",0,0,1,3735.5,+21.5dB,22.7us,"[0,",1,464.19,normal,0,valid,-14.9dB,-14.9dB,na,na,,,,
2025-07-30 13:41:20.756012,PHY,0x4601,1,0,na,"[0,",0,0,1,2444.3,+19.6dB,19.7us,"[0,",1,465.8,normal,0,valid,-14.9dB,-14.9dB,na,na,,,,
2025-07-30 13:41:20.756511,PHY,0x4601,1,0,na,"[0,",0,0,1,2498.1,+19.7dB,18.6us,"[0,",1,465.9,normal,0,valid,-14.9dB,-15.0dB,na,na,,,,
2025-07-30 13:41:20.760023,PHY,0x4601,2,,na,"[0,",,,11111,,+32.6dB,15.0us,"[0,",1,465.17,normal,0,valid,-12.2dB,-12.2dB,0.12us,+39.7Hz,,"[6,",,1
2025-07-30 13:41:20.760988,PHY,0x4601,1,0,na,"[0,",0,0,1,3977.5,+21.7dB,16.7us,"[0,",1,465.18,normal,0,valid,-14.9dB,-15.0dB,na,na,,,,
2025-07-30 13:41:20.761441,PHY,0x4601,1,0,na,"[0,",0,0,1,4254.7,+22.1dB,16.9us,"[0,",1,465.19,normal,0,valid,-14.9dB,-14.9dB,na,na,,,,
2025-07-30 13:41:20.765570,CSI,0x4601,2,,na,"[0,",,,1,,+32.0dB,12.7us,"[0,",1,466.8,normal,0,valid,-12.1dB,-12.1dB,0.16us,+51.4Hz,,"[6,",1111,1
2025-07-30 13:41:20.766506,PHY,0x4601,1,0,na,"[0,",0,0,1,3537.8,+21.2dB,17.4us,"[0,",1,466.9,normal,0,valid,-14.9dB,-14.9dB,na,na,,,,
2025-07-30 13:41:20.770070,PHY,0x4601,2,,na,"[0,",,,11111,,+28.1dB,25.5us,"[0,",1,466.17,normal,0,valid,-12.0dB,-12.0dB,0.16us,+60.7Hz,,"[6,",,1
2025-07-30 13:41:20.770998,PHY,0x4601,1,0,na,"[0,",0,0,1,3763.2,+21.5dB,18.4us,"[0,",1,466.18,normal,0,valid,-14.9dB,-15.0dB,na,na,,,,
2025-07-30 13:41:20.771492,PHY,0x4601,1,0,na,"[0,",0,0,1,3521.2,+21.2dB,14.7us,"[0,",1,466.19,normal,0,valid,-14.9dB,-15.0dB,na,na,,,,
2025-07-30 13:41:20.775983,PHY,0x4601,1,0,na,"[0,",0,0,1,2553.9,+19.8dB,17.2us,"[0,",1,467.8,normal,0,valid,-15.0dB,-15.0dB,na,na,,,,
2025-07-30 13:41:20.776446,PHY,0x4601,1,0,na,"[0,",0,0,1,2573.3,+19.8dB,16.0us,"[0,",1,467.9,normal,0,valid,-15.0dB,-15.0dB,na,na,,,,
2025-07-30 13:41:20.780098,PHY,0x4601,2,,na,"[0,",,,11111,,+28.2dB,17.6us,"[0,",1,467.17,normal,0,valid,-12.1dB,-12.2dB,0.15us,+88.5Hz,,"[6,",,1
2025-07-30 13:41:20.781028,PHY,0x4601,1,0,na,"[0,",0,0,1,2475.8,+19.7dB,16.8us,"[0,",1,467.18,normal,0,valid,-14.9dB,-15.0dB,na,na,,,,
2025-07-30 13:41:20.781501,PHY,0x4601,1,0,na,"[0,",0,0,1,2561.6,+19.8dB,17.2us,"[0,",1,467.19,normal,0,valid,-14.9dB,-15.0dB,na,na,,,,
2025-07-30 13:41:20.785609,CSI,0x4601,2,,na,"[0,",,,1,,+31.5dB,13.0us,"[0,",1,468.8,normal,0,valid,-12.1dB,-12.1dB,0.13us,-27.0Hz,,"[6,",1111,1
2025-07-30 13:41:20.786488,PHY,0x4601,1,0,na,"[0,",0,0,1,3739.3,+21.5dB,16.9us,"[0,",1,468.9,normal,0,valid,-14.9dB,-14.9dB,na,na,,,,
2025-07-30 13:41:20.790013,PHY,0x4601,2,,na,"[0,",,,11111,,+33.2dB,16.0us,"[0,",1,468.17,normal,0,valid,-12.0dB,-12.0dB,0.13us,+131.0Hz,,"[6,",,1
2025-07-30 13:41:20.790974,PHY,0x4601,1,0,na,"[0,",0,0,1,2586.7,+19.9dB,16.6us,"[0,",1,468.18,normal,0,valid,-14.9dB,-14.9dB,na,na,,,,
2025-07-30 13:41:20.791538,PHY,0x4601,1,0,na,"[0,",0,0,1,2548.3,+19.8dB,14.5us,"[0,",1,468.19,normal,0,valid,-15.0dB,-15.0dB,na,na,,,,
2025-07-30 13:41:20.796021,PHY,0x4601,1,0,na,"[0,",0,0,1,2521.1,+19.7dB,17.5us,"[0,",1,469.8,normal,0,valid,-14.9dB,-15.0dB,na,na,,,,
2025-07-30 13:41:20.796507,PHY,0x4601,1,0,na,"[0,",0,0,1,2530.2,+19.8dB,21.4us,"[0,",1,469.9,normal,0,valid,-14.9dB,-14.9dB,na,na,,,,
2025-07-30 13:41:20.800048,PHY,0x4601,2,,na,"[0,",,,11111,,+29.4dB,15.2us,"[0,",1,469.17,normal,0,valid,-12.1dB,-12.2dB,0.13us,-32.0Hz,,"[6,",,1
2025-07-30 13:41:20.800984,PHY,0x4601,1,0,na,"[0,",0,0,1,4028.7,+21.8dB,17.5us,"[0,",1,469.18,normal,0,valid,-14.9dB,-15.0dB,na,na,,,,
2025-07-30 13:41:20.801480,PHY,0x4601,1,0,na,"[0,",0,0,1,4200.3,+22.0dB,14.6us,"[0,",1,469.19,normal,0,valid,-14.9dB,-15.0dB,na,na,,,,
2025-07-30 13:41:20.805593,CSI,0x4601,2,,na,"[0,",,,1,,+34.9dB,12.9us,"[0,",1,470.8,normal,0,valid,-12.1dB,-12.1dB,0.16us,-48.7Hz,,"[6,",1111,1
2025-07-30 13:41:20.806538,PHY,0x4601,1,0,na,"[0,",0,0,1,2546.0,+19.8dB,15.7us,"[0,",1,470.9,normal,0,valid,-14.9dB,-15.0dB,na,na,,,,
2025-07-30 13:41:20.810097,PHY,0x4601,2,,na,"[0,",,,11111,,+29.0dB,14.8us,"[0,",1,470.17,normal,0,valid,-12.2dB,-12.3dB,0.14us,-33.4Hz,,"[6,",,1
2025-07-30 13:41:20.811015,PHY,0x4601,1,0,na,"[0,",0,0,1,2512.4,+19.7dB,17.0us,"[0,",1,470.18,normal,0,valid,-14.9dB,-15.0dB,na,na,,,,
2025-07-30 13:41:20.811489,PHY,0x4601,1,0,na,"[0,",0,0,1,2258.5,+19.3dB,14.3us,"[0,",1,470.19,normal,0,valid,-14.9dB,-15.0dB,na,na,,,,
2025-07-30 13:41:20.815983,PHY,0x4601,1,0,na,"[0,",0,0,1,2766.8,+20.2dB,20.3us,"[0,",1,471.8,normal,0,valid,-14.9dB,-14.9dB,na,na,,,,
2025-07-30 13:41:20.816469,PHY,0x4601,1,0,na,"[0,",0,0,1,2620.5,+19.9dB,14.8us,"[0,",1,471.9,normal,0,valid,-14.9dB,-15.0dB,na,na,,,,
2025-07-30 13:41:20.820127,PHY,0x4601,2,,na,"[0,",,,11111,,+32.6dB,16.0us,"[0,",1,471.17,normal,0,valid,-12.2dB,-12.2dB,0.14us,-5.8Hz,,"[6,",,1
2025-07-30 13:41:20.820975,PHY,0x4601,1,0,na,"[0,",0,0,1,4088.6,+21.9dB,18.1us,"[0,",1,471.18,normal,0,valid,-14.9dB,-15.0dB,na,na,,,,
2025-07-30 13:41:20.821527,PHY,0x4601,1,0,na,"[0,",0,0,1,4250.7,+22.0dB,15.3us,"[0,",1,471.19,normal,0,valid,-14.9dB,-14.9dB,na,na,,,,
2025-07-30 13:41:20.825634,CSI,0x4601,2,,na,"[0,",,,1,,+31.6dB,15.3us,"[0,",1,472.8,normal,0,valid,-12.1dB,-12.1dB,0.13us,-64.2Hz,,"[6,",1111,1
2025-07-30 13:41:20.826484,PHY,0x4601,1,0,na,"[0,",0,0,1,2668.4,+20.0dB,17.8us,"[0,",1,472.9,normal,0,valid,-15.0dB,-15.0dB,na,na,,,,
2025-07-30 13:41:20.830039,PHY,0x4601,2,,na,"[0,",,,11111,,+30.4dB,14.8us,"[0,",1,472.17,normal,0,valid,-12.2dB,-12.2dB,0.14us,+51.4Hz,,"[6,",,1
2025-07-30 13:41:20.830981,PHY,0x4601,1,0,na,"[0,",0,0,1,2321.0,+19.4dB,17.1us,"[0,",1,472.18,normal,0,valid,-14.9dB,-15.0dB,na,na,,,,
2025-07-30 13:41:20.831478,PHY,0x4601,1,0,na,"[0,",0,0,1,2293.1,+19.4dB,16.4us,"[0,",1,472.19,normal,0,valid,-15.0dB,-15.0dB,na,na,,,,
2025-07-30 13:41:20.835969,PHY,0x4601,1,0,na,"[0,",0,0,1,2655.2,+20.0dB,17.8us,"[0,",1,473.8,normal,0,valid,-14.9dB,-14.9dB,na,na,,,,
2025-07-30 13:41:20.836529,PHY,0x4601,1,0,na,"[0,",0,0,1,2485.8,+19.7dB,15.3us,"[0,",1,473.9,normal,0,valid,-14.9dB,-15.0dB,na,na,,,,
2025-07-30 13:41:20.840069,PHY,0x4601,2,,na,"[0,",,,11111,,+30.7dB,16.6us,"[0,",1,473.17,normal,0,valid,-12.2dB,-12.2dB,0.12us,-12.0Hz,,"[6,",,1
2025-07-30 13:41:20.841019,PHY,0x4601,1,0,na,"[0,",0,0,1,2390.6,+19.5dB,19.6us,"[0,",1,473.18,normal,0,valid,-15.0dB,-15.0dB,na,na,,,,
2025-07-30 13:41:20.841482,PHY,0x4601,1,0,na,"[0,",0,0,1,2497.6,+19.7dB,17.4us,"[0,",1,473.19,normal,0,valid,-14.9dB,-15.0dB,na,na,,,,
2025-07-30 13:41:20.845639,CSI,0x4601,2,,na,"[0,",,,1,,+27.0dB,15.3us,"[0,",1,474.8,normal,0,valid,-12.1dB,-12.2dB,0.14us,-103.0Hz,,"[6,",1111,1
2025-07-30 13:41:20.846484,PHY,0x4601,1,0,na,"[0,",0,0,1,2575.5,+19.8dB,18.8us,"[0,",1,474.9,normal,0,valid,-14.9dB,-15.0dB,na,na,,,,
2025-07-30 13:41:20.850089,PHY,0x4601,2,,na,"[0,",,,11111,,+30.2dB,17.2us,"[0,",1,474.17,normal,0,valid,-12.2dB,-12.3dB,0.16us,+72.6Hz,,"[6,",,1
2025-07-30 13:41:20.851051,PHY,0x4601,1,0,na,"[0,",0,0,1,2511.1,+19.7dB,16.6us,"[0,",1,474.18,normal,0,valid,-14.9dB,-15.0dB,na,na,,,,
2025-07-30 13:41:20.851522,PHY,0x4601,1,0,na,"[0,",0,0,1,2856.1,+20.3dB,22.0us,"[0,",1,474.19,normal,0,valid,-15.0dB,-15.0dB,na,na,,,,
2025-07-30 13:41:20.856019,PHY,0x4601,1,0,na,"[0,",0,0,1,2488.7,+19.7dB,17.1us,"[0,",1,475.8,normal,0,valid,-14.9dB,-15.0dB,na,na,,,,
2025-07-30 13:41:20.856485,PHY,0x4601,1,0,na,"[0,",0,0,1,2416.2,+19.6dB,25.2us,"[0,",1,475.9,normal,0,valid,-14.9dB,-15.0dB,na,na,,,,
2025-07-30 13:41:20.860028,PHY,0x4601,2,,na,"[0,",,,11111,,+33.7dB,14.3us,"[0,",1,475.17,normal,0,valid,-12.2dB,-12.2dB,0.13us,-97.2Hz,,"[6,",,1
2025-07-30 13:41:20.860959,PHY,0x4601,1,0,na,"[0,",0,0,1,2730.4,+20.1dB,16.3us,"[0,",1,475.18,normal,0,valid,-14.9dB,-14.9dB,na,na,,,,
2025-07-30 13:41:20.861473,PHY,0x4601,1,0,na,"[0,",0,0,1,2795.9,+20.2dB,14.3us,"[0,",1,475.19,normal,0,valid,-15.0dB,-15.0dB,na,na,,,,
2025-07-30 13:41:20.865609,CSI,0x4601,2,,na,"[0,",,,1,,+33.0dB,16.4us,"[0,",1,476.8,normal,0,valid,-12.0dB,-12.0dB,0.13us,-59.2Hz,,"[6,",1111,1
2025-07-30 13:41:20.866513,PHY,0x4601,1,0,na,"[0,",0,0,1,2433.3,+19.6dB,17.7us,"[0,",1,476.9,normal,0,valid,-14.9dB,-15.0dB,na,na,,,,
2025-07-30 13:41:20.870056,PHY,0x4601,2,,na,"[0,",,,11111,,+31.4dB,15.4us,"[0,",1,476.17,normal,0,valid,-12.1dB,-12.1dB,0.12us,-21.2Hz,,"[6,",,1
2025-07-30 13:41:20.871000,PHY,0x4601,1,0,na,"[0,",0,0,1,2370.2,+19.5dB,16.1us,"[0,",1,476.18,normal,0,valid,-14.9dB,-15.0dB,na,na,,,,
2025-07-30 13:41:20.871467,PHY,0x4601,1,0,na,"[0,",0,0,1,2724.7,+20.1dB,14.3us,"[0,",1,476.19,normal,0,valid,-14.9dB,-14.9dB,na,na,,,,
2025-07-30 13:41:20.875957,PHY,0x4601,1,0,na,"[0,",0,0,1,2586.7,+19.9dB,17.3us,"[0,",1,477.8,normal,0,valid,-14.9dB,-14.9dB,na,na,,,,
2025-07-30 13:41:20.876546,PHY,0x4601,1,0,na,"[0,",0,0,1,2488.8,+19.7dB,15.6us,"[0,",1,477.9,normal,0,valid,-14.9dB,-15.0dB,na,na,,,,
2025-07-30 13:41:20.880093,PHY,0x4601,2,,na,"[0,",,,11111,,+30.6dB,14.2us,"[0,",1,477.17,normal,0,valid,-12.1dB,-12.2dB,0.14us,+8.0Hz,,"[6,",,1
2025-07-30 13:41:20.881032,PHY,0x4601,1,0,na,"[0,",0,0,1,2637.0,+19.9dB,15.1us,"[0,",1,477.18,normal,0,valid,-14.9dB,-15.0dB,na,na,,,,
2025-07-30 13:41:20.881504,PHY,0x4601,1,0,na,"[0,",0,0,1,2474.5,+19.7dB,15.0us,"[0,",1,477.19,normal,0,valid,-14.9dB,-15.0dB,na,na,,,,
2025-07-30 13:41:20.885628,CSI,0x4601,2,,na,"[0,",,,1,,+31.4dB,15.7us,"[0,",1,478.8,normal,0,valid,-12.1dB,-12.1dB,0.14us,-16.5Hz,,"[6,",1111,1
2025-07-30 13:41:20.886471,PHY,0x4601,1,0,na,"[0,",0,0,1,4176.5,+22.0dB,16.4us,"[0,",1,478.9,normal,0,valid,-15.0dB,-15.0dB,na,na,,,,
2025-07-30 13:41:20.890122,PHY,0x4601,2,,na,"[0,",,,11111,,+31.1dB,17.4us,"[0,",1,478.17,normal,0,valid,-12.2dB,-12.2dB,0.15us,+14.3Hz,,"[6,",,1
2025-07-30 13:41:20.890947,PHY,0x4601,1,0,na,"[0,",0,0,1,2583.5,+19.9dB,17.0us,"[0,",1,478.18,normal,0,valid,-14.9dB,-15.0dB,na,na,,,,
2025-07-30 13:41:20.891553,PHY,0x4601,1,0,na,"[0,",0,0,1,2681.7,+20.0dB,14.3us,"[0,",1,478.19,normal,0,valid,-14.9dB,-14.9dB,na,na,,,,
2025-07-30 13:41:20.896030,PHY,0x4601,1,0,na,"[0,",0,0,1,2694.1,+20.1dB,17.8us,"[0,",1,479.8,normal,0,valid,-14.9dB,-15.0dB,na,na,,,,
2025-07-30 13:41:20.896508,PHY,0x4601,1,0,na,"[0,",0,0,1,2467.1,+19.7dB,15.7us,"[0,",1,479.9,normal,0,valid,-14.9dB,-14.9dB,na,na,,,,
2025-07-30 13:41:20.900032,PHY,0x4601,2,,na,"[0,",,,11111,,+30.0dB,14.1us,"[0,",1,479.17,normal,0,valid,-12.2dB,-12.2dB,0.13us,+49.6Hz,,"[6,",,1
2025-07-30 13:41:20.900984,PHY,0x4601,1,0,na,"[0,",0,0,1,3903.1,+21.7dB,17.1us,"[0,",1,479.18,normal,0,valid,-14.9dB,-15.0dB,na,na,,,,
2025-07-30 13:41:20.901451,PHY,0x4601,1,0,na,"[0,",0,0,1,4272.2,+22.1dB,13.9us,"[0,",1,479.19,normal,0,valid,-14.9dB,-15.0dB,na,na,,,,
2025-07-30 13:41:20.905623,CSI,0x4601,2,,na,"[0,",,,1,,+32.7dB,15.1us,"[0,",1,480.8,normal,0,valid,-12.1dB,-12.1dB,0.15us,+122.5Hz,,"[6,",1111,1
2025-07-30 13:41:20.906543,PHY,0x4601,1,0,na,"[0,",0,0,1,4144.8,+21.9dB,16.5us,"[0,",1,480.9,normal,0,valid,-14.9dB,-15.0dB,na,na,,,,
2025-07-30 13:41:20.910092,PHY,0x4601,2,,na,"[0,",,,11111,,+30.1dB,16.4us,"[0,",1,480.17,normal,0,valid,-12.1dB,-12.1dB,0.13us,+7.0Hz,,"[6,",,1
2025-07-30 13:41:20.911031,PHY,0x4601,1,0,na,"[0,",0,0,1,2510.9,+19.7dB,17.0us,"[0,",1,480.18,normal,0,valid,-14.9dB,-15.0dB,na,na,,,,
2025-07-30 13:41:20.911495,PHY,0x4601,1,0,na,"[0,",0,0,1,2662.2,+20.0dB,15.5us,"[0,",1,480.19,normal,0,valid,-14.9dB,-15.0dB,na,na,,,,
2025-07-30 13:41:20.915977,PHY,0x4601,1,0,na,"[0,",0,0,1,2564.5,+19.8dB,16.3us,"[0,",1,481.8,normal,0,valid,-14.9dB,-15.0dB,na,na,,,,
2025-07-30 13:41:20.916442,PHY,0x4601,1,0,na,"[0,",0,0,1,2428.5,+19.6dB,13.9us,"[0,",1,481.9,normal,0,valid,-14.9dB,-15.0dB,na,na,,,,
2025-07-30 13:41:20.920101,PHY,0x4601,2,,na,"[0,",,,11111,,+31.1dB,15.2us,"[0,",1,481.17,normal,0,valid,-12.2dB,-12.2dB,0.13us,-41.0Hz,,"[6,",,1
2025-07-30 13:41:20.920940,PHY,0x4601,1,0,na,"[0,",0,0,1,2418.6,+19.6dB,20.3us,"[0,",1,481.18,normal,0,valid,-14.9dB,-15.0dB,na,na,,,,
2025-07-30 13:41:20.921534,PHY,0x4601,1,0,na,"[0,",0,0,1,2547.0,+19.8dB,21.7us,"[0,",1,481.19,normal,0,valid,-14.9dB,-15.0dB,na,na,,,,
2025-07-30 13:41:20.925619,CSI,0x4601,2,,na,"[0,",,,1,,+28.3dB,12.0us,"[0,",1,482.8,normal,0,valid,-12.1dB,-12.2dB,0.12us,+82.5Hz,,"[6,",1111,1
2025-07-30 13:41:20.926491,PHY,0x4601,1,0,na,"[0,",0,0,1,2411.4,+19.6dB,16.2us,"[0,",1,482.9,normal,0,valid,-15.0dB,-15.0dB,na,na,,,,
2025-07-30 13:41:20.930025,PHY,0x4601,2,,na,"[0,",,,11111,,+31.1dB,16.0us,"[0,",1,482.17,normal,0,valid,-12.0dB,-12.0dB,0.14us,+30.1Hz,,"[6,",,1
2025-07-30 13:41:20.930972,PHY,0x4601,1,0,na,"[0,",0,0,1,4009.4,+21.8dB,16.3us,"[0,",1,482.18,normal,0,valid,-14.9dB,-15.0dB,na,na,,,,
2025-07-30 13:41:20.931442,PHY,0x4601,1,0,na,"[0,",0,0,1,3749.1,+21.5dB,14.4us,"[0,",1,482.19,normal,0,valid,-14.9dB,-15.0dB,na,na,,,,
2025-07-30 13:41:20.936042,PHY,0x4601,1,0,na,"[0,",0,0,1,2632.3,+19.9dB,20.0us,"[0,",1,483.8,normal,0,valid,-14.9dB,-15.0dB,na,na,,,,
2025-07-30 13:41:20.936537,PHY,0x4601,1,0,na,"[0,",0,0,1,2552.5,+19.8dB,15.3us,"[0,",1,483.9,normal,0,valid,-15.0dB,-15.0dB,na,na,,,,
2025-07-30 13:41:20.940076,PHY,0x4601,2,,na,"[0,",,,10111,,+30.4dB,15.0us,"[0,",1,483.17,normal,0,valid,-12.1dB,-12.1dB,0.14us,+11.2Hz,,"[6,",,1
2025-07-30 13:41:20.941021,PHY,0x4601,1,0,na,"[0,",0,0,1,4298.4,+22.0dB,15.9us,"[0,",1,483.18,normal,0,valid,-14.9dB,-15.0dB,na,na,,,,
2025-07-30 13:41:20.941488,PHY,0x4601,1,0,na,"[0,",0,0,1,4283.4,+22.1dB,16.8us,"[0,",1,483.19,normal,0,valid,-14.9dB,-15.0dB,na,na,,,,
2025-07-30 13:41:20.945603,CSI,0x4601,2,,na,"[0,",,,1,,+37.5dB,12.7us,"[0,",1,484.8,normal,0,valid,-12.1dB,-12.1dB,0.13us,-31.8Hz,,"[6,",1111,1
2025-07-30 13:41:20.946447,PHY,0x4601,1,0,na,"[0,",0,0,1,2495.1,+19.7dB,16.5us,"[0,",1,484.9,normal,0,valid,-14.9dB,-15.0dB,na,na,,,,
2025-07-30 13:41:20.950090,PHY,0x4601,2,,na,"[0,",,,11111,,+31.2dB,16.5us,"[0,",1,484.17,normal,0,valid,-12.1dB,-12.1dB,0.13us,+6.3Hz,,"[6,",,1
2025-07-30 13:41:20.951028,PHY,0x4601,1,0,na,"[0,",0,0,1,2824.1,+20.3dB,16.4us,"[0,",1,484.18,normal,0,valid,-14.9dB,-14.9dB,na,na,,,,
2025-07-30 13:41:20.951528,PHY,0x4601,1,0,na,"[0,",0,0,1,2487.1,+19.7dB,16.6us,"[0,",1,484.19,normal,0,valid,-14.9dB,-15.0dB,na,na,,,,
2025-07-30 13:41:20.956023,PHY,0x4601,1,0,na,"[0,",0,0,1,2435.2,+19.6dB,18.1us,"[0,",1,485.8,normal,0,valid,-14.9dB,-14.9dB,na,na,,,,
2025-07-30 13:41:20.956470,PHY,0x4601,1,0,na,"[0,",0,0,1,2573.0,+19.8dB,14.6us,"[0,",1,485.9,normal,0,valid,-14.9dB,-15.0dB,na,na,,,,
2025-07-30 13:41:20.960025,PHY,0x4601,2,,na,"[0,",,,11111,,+32.6dB,26.1us,"[0,",1,485.17,normal,0,valid,-12.2dB,-12.2dB,0.13us,+62.7Hz,,"[6,",,1
2025-07-30 13:41:20.960957,PHY,0x4601,1,0,na,"[0,",0,0,1,3428.9,+21.1dB,16.2us,"[0,",1,485.18,normal,0,valid,-14.9dB,-15.0dB,na,na,,,,
2025-07-30 13:41:20.961540,PHY,0x4601,1,0,na,"[0,",0,0,1,3786.1,+21.5dB,16.1us,"[0,",1,485.19,normal,0,valid,-14.9dB,-15.0dB,na,na,,,,
2025-07-30 13:41:20.965562,CSI,0x4601,2,,na,"[0,",,,1,,+31.7dB,15.0us,"[0,",1,486.8,normal,0,valid,-12.0dB,-12.0dB,0.13us,-27.5Hz,,"[6,",1111,1
2025-07-30 13:41:20.966521,PHY,0x4601,1,0,na,"[0,",0,0,1,3640.6,+21.3dB,16.3us,"[0,",1,486.9,normal,0,valid,-14.9dB,-15.0dB,na,na,,,,
2025-07-30 13:41:20.970044,PHY,0x4601,2,,na,"[0,",,,11111,,+30.1dB,15.5us,"[0,",1,486.17,normal,0,valid,-12.1dB,-12.1dB,0.13us,+114.0Hz,,"[6,",,1
2025-07-30 13:41:20.971007,PHY,0x4601,1,0,na,"[0,",0,0,1,2635.1,+19.9dB,17.1us,"[0,",1,486.18,normal,0,valid,-14.9dB,-15.0dB,na,na,,,,
2025-07-30 13:41:20.971466,PHY,0x4601,1,0,na,"[0,",0,0,1,2543.7,+19.8dB,17.1us,"[0,",1,486.19,normal,0,valid,-14.9dB,-15.0dB,na,na,,,,
2025-07-30 13:41:20.975956,PHY,0x4601,1,0,na,"[0,",0,0,1,2317.0,+19.4dB,17.2us,"[0,",1,487.8,normal,0,valid,-14.9dB,-14.9dB,na,na,,,,
2025-07-30 13:41:20.976529,PHY,0x4601,1,0,na,"[0,",0,0,1,2635.5,+19.9dB,14.8us,"[0,",1,487.9,normal,0,valid,-14.9dB,-15.0dB,na,na,,,,
2025-07-30 13:41:20.980096,PHY,0x4601,2,,na,"[0,",,,11111,,+33.0dB,14.8us,"[0,",1,487.17,normal,0,valid,-12.2dB,-12.2dB,0.14us,+61.6Hz,,"[6,",,1
2025-07-30 13:41:20.981020,PHY,0x4601,1,0,na,"[0,",0,0,1,2439.0,+19.6dB,17.5us,"[0,",1,487.18,normal,0,valid,-14.9dB,-15.0dB,na,na,,,,
2025-07-30 13:41:20.981518,PHY,0x4601,1,0,na,"[0,",0,0,1,2319.5,+19.4dB,19.6us,"[0,",1,487.19,normal,0,valid,-14.9dB,-15.0dB,na,na,,,,
2025-07-30 13:41:20.985598,CSI,0x4601,2,,na,"[0,",,,1,,+29.9dB,12.3us,"[0,",1,488.8,normal,0,valid,-12.1dB,-12.1dB,0.13us,-45.1Hz,,"[6,",1111,1
2025-07-30 13:41:20.986467,PHY,0x4601,1,0,na,"[0,",0,0,1,2606.1,+19.9dB,16.5us,"[0,",1,488.9,normal,0,valid,-14.9dB,-15.0dB,na,na,,,,
2025-07-30 13:41:20.990129,PHY,0x4601,2,,na,"[0,",,,11111,,+29.5dB,16.0us,"[0,",1,488.17,normal,0,valid,-12.1dB,-12.1dB,0.15us,+67.6Hz,,"[6,",,1
2025-07-30 13:41:20.990957,PHY,0x4601,1,0,na,"[0,",0,0,1,3708.5,+21.4dB,17.7us,"[0,",1,488.18,normal,0,valid,-14.9dB,-14.9dB,na,na,,,,
2025-07-30 13:41:20.991519,PHY,0x4601,1,0,na,"[0,",0,0,1,4101.5,+21.9dB,14.4us,"[0,",1,488.19,normal,0,valid,-14.9dB,-15.0dB,na,na,,,,
2025-07-30 13:41:20.996013,PHY,0x4601,1,0,na,"[0,",0,0,1,2513.8,+19.7dB,17.7us,"[0,",1,489.8,normal,0,valid,-14.9dB,-15.0dB,na,na,,,,
2025-07-30 13:41:20.996524,PHY,0x4601,1,0,na,"[0,",0,0,1,2447.9,+19.6dB,16.8us,"[0,",1,489.9,normal,0,valid,-14.9dB,-15.0dB,na,na,,,,
2025-07-30 13:41:21.000040,PHY,0x4601,2,,na,"[0,",,,11111,,+34.8dB,14.8us,"[0,",1,489.17,normal,0,valid,-12.2dB,-12.2dB,0.15us,+144.4Hz,,"[6,",,1
2025-07-30 13:41:21.001015,PHY,0x4601,1,0,na,"[0,",0,0,1,2556.7,+19.8dB,25.3us,"[0,",1,489.18,normal,0,valid,-14.9dB,-15.0dB,na,na,,,,
2025-07-30 13:41:21.001457,PHY,0x4601,1,0,na,"[0,",0,0,1,2556.4,+19.8dB,16.3us,"[0,",1,489.19,normal,0,valid,-15.0dB,-15.0dB,na,na,,,,
2025-07-30 13:41:21.005620,CSI,0x4601,2,,na,"[0,",,,1,,+31.3dB,22.6us,"[0,",1,490.8,normal,0,valid,-12.1dB,-12.1dB,0.15us,-24.6Hz,,"[6,",1111,1
2025-07-30 13:41:21.006534,PHY,0x4601,1,0,na,"[0,",0,0,1,3710.8,+21.4dB,17.1us,"[0,",1,490.9,normal,0,valid,-14.9dB,-14.9dB,na,na,,,,
2025-07-30 13:41:21.010076,PHY,0x4601,2,,na,"[0,",,,11111,,+31.0dB,15.9us,"[0,",1,490.17,normal,0,valid,-12.2dB,-12.2dB,0.14us,-78.0Hz,,"[6,",,1
2025-07-30 13:41:21.011017,PHY,0x4601,1,0,na,"[0,",0,0,1,3715.7,+21.4dB,18.7us,"[0,",1,490.18,normal,0,valid,-14.9dB,-15.0dB,na,na,,,,
2025-07-30 13:41:21.011514,PHY,0x4601,1,0,na,"[0,",0,0,1,4006.6,+21.8dB,29.1us,"[0,",1,490.19,normal,0,valid,-14.9dB,-14.9dB,na,na,,,,
2025-07-30 13:41:21.015998,PHY,0x4601,1,0,na,"[0,",0,0,1,2486.3,+19.7dB,16.9us,"[0,",1,491.8,normal,0,valid,-14.9dB,-15.0dB,na,na,,,,
2025-07-30 13:41:21.016448,PHY,0x4601,1,0,na,"[0,",0,0,1,2595.0,+19.9dB,14.6us,"[0,",1,491.9,normal,0,valid,-14.9dB,-15.0dB,na,na,,,,
2025-07-30 13:41:21.020179,PHY,0x4601,2,,na,"[0,",,,11111,,+29.6dB,40.5us,"[0,",1,491.17,normal,0,valid,-12.1dB,-12.2dB,0.13us,-52.7Hz,,"[6,",,1
2025-07-30 13:41:21.021058,PHY,0x4601,1,0,na,"[0,",0,0,1,2615.7,+19.9dB,16.3us,"[0,",1,491.18,normal,0,valid,-14.9dB,-14.9dB,na,na,,,,
2025-07-30 13:41:21.021524,PHY,0x4601,1,0,na,"[0,",0,0,1,2332.0,+19.4dB,27.9us,"[0,",1,491.19,normal,0,valid,-14.9dB,-15.0dB,na,na,,,,
2025-07-30 13:41:21.025628,CSI,0x4601,2,,na,"[0,",,,1,,+31.3dB,21.6us,"[0,",1,492.8,normal,0,valid,-12.1dB,-12.1dB,0.14us,-121.0Hz,,"[6,",1111,1
2025-07-30 13:41:21.026507,PHY,0x4601,1,0,na,"[0,",0,0,1,4090.6,+21.9dB,23.0us,"[0,",1,492.9,normal,0,valid,-14.9dB,-14.9dB,na,na,,,,
2025-07-30 13:41:21.030023,PHY,0x4601,2,,na,"[0,",,,11111,,+31.6dB,14.8us,"[0,",1,492.17,normal,0,valid,-12.1dB,-12.1dB,0.12us,-15.9Hz,,"[6,",,1
2025-07-30 13:41:21.031001,PHY,0x4601,1,0,na,"[0,",0,0,1,2623.6,+19.9dB,23.9us,"[0,",1,492.18,normal,0,valid,-14.9dB,-15.0dB,na,na,,,,
2025-07-30 13:41:21.031449,PHY,0x4601,1,0,na,"[0,",0,0,1,2425.8,+19.6dB,17.7us,"[0,",1,492.19,normal,0,valid,-14.9dB,-15.0dB,na,na,,,,
2025-07-30 13:41:21.036035,PHY,0x4601,1,0,na,"[0,",0,0,1,2557.1,+19.8dB,16.8us,"[0,",1,493.8,normal,0,valid,-14.9dB,-15.0dB,na,na,,,,
2025-07-30 13:41:21.036523,PHY,0x4601,1,0,na,"[0,",0,0,1,2612.3,+19.9dB,21.6us,"[0,",1,493.9,normal,0,valid,-14.9dB,-15.0dB,na,na,,,,
2025-07-30 13:41:21.040053,PHY,0x4601,2,,na,"[0,",,,11111,,+30.9dB,15.7us,"[0,",1,493.17,normal,0,valid,-12.0dB,-12.0dB,0.12us,+35.9Hz,,"[6,",,1
2025-07-30 13:41:21.041010,PHY,0x4601,1,0,na,"[0,",0,0,1,2483.5,+19.7dB,31.0us,"[0,",1,493.18,normal,0,valid,-14.9dB,-15.0dB,na,na,,,,
2025-07-30 13:41:21.041512,PHY,0x4601,1,0,na,"[0,",0,0,1,2587.7,+19.9dB,28.0us,"[0,",1,493.19,normal,0,valid,-14.9dB,-15.0dB,na,na,,,,
2025-07-30 13:41:21.045611,CSI,0x4601,2,,na,"[0,",,,1,,+31.2dB,15.0us,"[0,",1,494.8,normal,0,valid,-12.1dB,-12.1dB,0.13us,-144.1Hz,,"[6,",1111,1
2025-07-30 13:41:21.046547,PHY,0x4601,1,0,na,"[0,",0,0,1,3901.1,+21.6dB,23.9us,"[0,",1,494.9,normal,0,valid,-15.0dB,-15.0dB,na,na,,,,
2025-07-30 13:41:21.050094,PHY,0x4601,2,,na,"[0,",,,11111,,+30.1dB,15.0us,"[0,",1,494.17,normal,0,valid,-12.3dB,-12.3dB,0.15us,+30.8Hz,,"[6,",,1
2025-07-30 13:41:21.051033,PHY,0x4601,1,0,na,"[0,",0,0,1,2536.0,+19.8dB,22.9us,"[0,",1,494.18,normal,0,valid,-14.9dB,-15.0dB,na,na,,,,
2025-07-30 13:41:21.051497,PHY,0x4601,1,0,na,"[0,",0,0,1,2295.2,+19.4dB,15.0us,"[0,",1,494.19,normal,0,valid,-14.9dB,-15.0dB,na,na,,,,
2025-07-30 13:41:21.056004,PHY,0x4601,1,0,na,"[0,",0,0,1,2577.6,+19.8dB,17.2us,"[0,",1,495.8,normal,0,valid,-14.9dB,-15.0dB,na,na,,,,
2025-07-30 13:41:21.056520,PHY,0x4601,1,0,na,"[0,",0,0,1,2548.4,+19.8dB,19.7us,"[0,",1,495.9,normal,0,valid,-14.9dB,-15.0dB,na,na,,,,
2025-07-30 13:41:21.060129,PHY,0x4601,2,,na,"[0,",,,11111,,+29.4dB,26.3us,"[0,",1,495.17,normal,0,valid,-12.1dB,-12.1dB,0.14us,+174.9Hz,,"[6,",,1
2025-07-30 13:41:21.060980,PHY,0x4601,1,0,na,"[0,",0,0,1,2370.1,+19.5dB,16.9us,"[0,",1,495.18,normal,0,valid,-14.9dB,-15.0dB,na,na,,,,
2025-07-30 13:41:21.061547,PHY,0x4601,1,0,na,"[0,",0,0,1,2530.9,+19.8dB,15.7us,"[0,",1,495.19,normal,0,valid,-14.9dB,-15.0dB,na,na,,,,
2025-07-30 13:41:21.065565,CSI,0x4601,2,,na,"[0,",,,1,,+32.2dB,16.0us,"[0,",1,496.8,normal,0,valid,-12.1dB,-12.1dB,0.15us,-6.1Hz,,"[6,",1111,1
2025-07-30 13:41:21.066496,PHY,0x4601,1,0,na,"[0,",0,0,1,3615.8,+21.3dB,17.7us,"[0,",1,496.9,normal,0,valid,-15.0dB,-15.0dB,na,na,,,,
2025-07-30 13:41:21.070055,PHY,0x4601,2,,na,"[0,",,,11111,,+31.8dB,14.6us,"[0,",1,496.17,normal,0,valid,-12.1dB,-12.1dB,0.14us,+1.4Hz,,"[6,",,1
2025-07-30 13:41:21.070982,PHY,0x4601,1,0,na,"[0,",0,0,1,2427.6,+19.6dB,16.7us,"[0,",1,496.18,normal,0,valid,-14.9dB,-15.0dB,na,na,,,,
2025-07-30 13:41:21.071483,PHY,0x4601,1,0,na,"[0,",0,0,1,2332.0,+19.4dB,14.6us,"[0,",1,496.19,normal,0,valid,-14.9dB,-15.0dB,na,na,,,,
2025-07-30 13:41:21.075978,PHY,0x4601,1,0,na,"[0,",0,0,1,2498.0,+19.7dB,16.7us,"[0,",1,497.8,normal,0,valid,-14.9dB,-15.0dB,na,na,,,,
2025-07-30 13:41:21.076540,PHY,0x4601,1,0,na,"[0,",0,0,1,2459.3,+19.6dB,15.3us,"[0,",1,497.9,normal,0,valid,-14.9dB,-15.0dB,na,na,,,,
2025-07-30 13:41:21.080103,PHY,0x4601,2,,na,"[0,",,,11111,,+29.4dB,16.5us,"[0,",1,497.17,normal,0,valid,-12.2dB,-12.2dB,0.12us,-33.4Hz,,"[6,",,1
2025-07-30 13:41:21.081014,PHY,0x4601,1,0,na,"[0,",0,0,1,4040.6,+21.8dB,16.3us,"[0,",1,497.18,normal,0,valid,-14.9dB,-15.0dB,na,na,,,,
2025-07-30 13:41:21.081492,PHY,0x4601,1,0,na,"[0,",0,0,1,4036.3,+21.8dB,13.6us,"[0,",1,497.19,normal,0,valid,-14.9dB,-15.0dB,na,na,,,,
2025-07-30 13:41:21.085615,CSI,0x4601,2,,na,"[0,",,,1,,+31.2dB,12.8us,"[0,",1,498.8,normal,0,valid,-12.0dB,-12.0dB,0.15us,-9.3Hz,,"[6,",1111,1
2025-07-30 13:41:21.086478,PHY,0x4601,1,0,na,"[0,",0,0,1,3636.8,+21.3dB,16.0us,"[0,",1,498.9,normal,0,valid,-14.9dB,-15.0dB,na,na,,,,
2025-07-30 13:41:21.090104,PHY,0x4601,2,,na,"[0,",,,11111,,+30.9dB,13.8us,"[0,",1,498.17,normal,0,valid,-12.3dB,-12.3dB,0.16us,-69.4Hz,,"[6,",,1
2025-07-30 13:41:21.090980,PHY,0x4601,1,0,na,"[0,",0,0,1,2364.1,+19.5dB,18.1us,"[0,",1,498.18,normal,0,valid,-14.9dB,-15.0dB,na,na,,,,
2025-07-30 13:41:21.091546,PHY,0x4601,1,0,na,"[0,",0,0,1,2403.8,+19.5dB,22.0us,"[0,",1,498.19,normal,0,valid,-14.9dB,-15.0dB,na,na,,,,
2025-07-30 13:41:21.096021,PHY,0x4601,1,0,na,"[0,",0,0,1,2364.3,+19.5dB,16.7us,"[0,",1,499.8,normal,0,valid,-14.9dB,-15.0dB,na,na,,,,
2025-07-30 13:41:21.096491,PHY,0x4601,1,0,na,"[0,",0,0,1,2509.0,+19.8dB,25.0us,"[0,",1,499.9,normal,0,valid,-14.9dB,-14.9dB,na,na,,,,
2025-07-30 13:41:21.100036,PHY,0x4601,2,,na,"[0,",,,11111,,+33.9dB,15.6us,"[0,",1,499.17,normal,0,valid,-12.2dB,-12.2dB,0.14us,-1.7Hz,,"[6,",,1
2025-07-30 13:41:21.100968,PHY,0x4601,1,0,na,"[0,",0,0,1,4219.5,+22.0dB,15.8us,"[0,",1,499.18,normal,0,valid,-15.0dB,-15.0dB,na,na,,,,
2025-07-30 13:41:21.101474,PHY,0x4601,1,0,na,"[0,",0,0,1,3852.2,+21.6dB,13.9us,"[0,",1,499.19,normal,0,valid,-14.9dB,-15.0dB,na,na,,,,
2025-07-30 13:41:21.105582,CSI,0x4601,2,,na,"[0,",,,1,,+32.0dB,15.2us,"[0,",1,500.8,normal,0,valid,-12.1dB,-12.1dB,0.12us,-10.6Hz,,"[6,",1111,1
2025-07-30 13:41:21.106514,PHY,0x4601,1,0,na,"[0,",0,0,1,2444.2,+19.6dB,16.5us,"[0,",1,500.9,normal,0,valid,-14.9dB,-15.0dB,na,na,,,,
2025-07-30 13:41:21.110079,PHY,0x4601,2,,na,"[0,",,,11111,,+31.9dB,25.0us,"[0,",1,500.17,normal,0,valid,-12.1dB,-12.2dB,0.15us,+89.3Hz,,"[6,",,1
2025-07-30 13:41:21.111003,PHY,0x4601,1,0,na,"[0,",0,0,1,2581.4,+19.8dB,16.6us,"[0,",1,500.18,normal,0,valid,-14.9dB,-15.0dB,na,na,,,,
2025-07-30 13:41:21.111473,PHY,0x4601,1,0,na,"[0,",0,0,1,2450.0,+19.6dB,13.9us,"[0,",1,500.19,normal,0,valid,-14.9dB,-15.0dB,na,na,,,,
2025-07-30 13:41:21.115976,PHY,0x4601,1,0,na,"[0,",0,0,1,2519.5,+19.7dB,18.2us,"[0,",1,501.8,normal,0,valid,-14.9dB,-15.0dB,na,na,,,,
2025-07-30 13:41:21.116486,PHY,0x4601,1,0,na,"[0,",0,0,1,2432.5,+19.6dB,27.0us,"[0,",1,501.9,normal,0,valid,-14.9dB,-15.0dB,na,na,,,,
2025-07-30 13:41:21.120114,PHY,0x4601,2,,na,"[0,",,,11111,,+30.4dB,21.9us,"[0,",1,501.17,normal,0,valid,-12.1dB,-12.1dB,0.15us,+58.6Hz,,"[6,",,1
2025-07-30 13:41:21.121050,PHY,0x4601,1,0,na,"[0,",0,0,1,2497.2,+19.7dB,17.9us,"[0,",1,501.18,normal,0,valid,-14.9dB,-15.0dB,na,na,,,,
2025-07-30 13:41:21.121508,PHY,0x4601,1,0,na,"[0,",0,0,1,2564.1,+19.9dB,14.2us,"[0,",1,501.19,normal,0,valid,-14.9dB,-14.9dB,na,na,,,,
2025-07-30 13:41:21.125615,CSI,0x4601,2,,na,"[0,",,,1,,+32.9dB,12.7us,"[0,",1,502.8,normal,0,valid,-12.0dB,-12.1dB,0.14us,+20.8Hz,,"[6,",1111,1
2025-07-30 13:41:21.126476,PHY,0x4601,1,0,na,"[0,",0,0,1,3412.5,+21.1dB,17.3us,"[0,",1,502.9,normal,0,valid,-15.0dB,-15.0dB,na,na,,,,
2025-07-30 13:41:21.130036,PHY,0x4601,2,,na,"[0,",,,11111,,+29.9dB,20.6us,"[0,",1,502.17,normal,0,valid,-12.2dB,-12.2dB,0.11us,-44.8Hz,,"[6,",,1
2025-07-30 13:41:21.130953,PHY,0x4601,1,0,na,"[0,",0,0,1,2409.1,+19.6dB,16.5us,"[0,",1,502.18,normal,0,valid,-14.9dB,-14.9dB,na,na,,,,
2025-07-30 13:41:21.131558,PHY,0x4601,1,0,na,"[0,",0,0,1,2505.2,+19.7dB,23.0us,"[0,",1,502.19,normal,0,valid,-14.9dB,-15.0dB,na,na,,,,
2025-07-30 13:41:21.136038,PHY,0x4601,1,0,na,"[0,",0,0,1,2342.3,+19.4dB,16.3us,"[0,",1,503.8,normal,0,valid,-14.9dB,-15.0dB,na,na,,,,
2025-07-30 13:41:21.136529,PHY,0x4601,1,0,na,"[0,",0,0,1,2440.7,+19.6dB,15.9us,"[0,",1,503.9,normal,0,valid,-14.9dB,-15.0dB,na,na,,,,
2025-07-30 13:41:21.140043,PHY,0x4601,2,,na,"[0,",,,11111,,+34.5dB,13.7us,"[0,",1,503.17,normal,0,valid,-12.1dB,-12.2dB,0.16us,+6.4Hz,,"[6,",,1
2025-07-30 13:41:21.140985,PHY,0x4601,1,0,na,"[0,",0,0,1,3732.2,+21.5dB,15.2us,"[0,",1,503.18,normal,0,valid,-14.9dB,-14.9dB,na,na,,,,
2025-07-30 13:41:21.141461,PHY,0x4601,1,0,na,"[0,",0,0,1,4281.3,+22.1dB,13.7us,"[0,",1,503.19,normal,0,valid,-14.9dB,-14.9dB,na,na,,,,
2025-07-30 13:41:21.145581,CSI,0x4601,2,,na,"[0,",,,1,,+32.2dB,12.4us,"[0,",1,504.8,normal,0,valid,-12.0dB,-12.0dB,0.14us,-22.4Hz,,"[6,",1111,1
2025-07-30 13:41:21.146552,PHY,0x4601,1,0,na,"[0,",0,0,1,3728.9,+21.5dB,16.3us,"[0,",1,504.9,normal,0,valid,-14.9dB,-14.9dB,na,na,,,,
2025-07-30 13:41:21.150109,PHY,0x4601,2,,na,"[0,",,,11111,,+33.9dB,22.3us,"[0,",1,504.17,normal,0,valid,-12.2dB,-12.2dB,0.13us,+43.4Hz,,"[6,",,1
2025-07-30 13:41:21.151038,PHY,0x4601,1,0,na,"[0,",0,0,1,4082.8,+21.8dB,16.2us,"[0,",1,504.18,normal,0,valid,-14.9dB,-15.0dB,na,na,,,,
2025-07-30 13:41:21.151500,PHY,0x4601,1,0,na,"[0,",0,0,1,3507.7,+21.2dB,15.0us,"[0,",1,504.19,normal,0,valid,-14.9dB,-15.0dB,na,na,,,,
2025-07-30 13:41:21.156035,PHY,0x4601,1,0,na,"[0,",0,0,1,2604.7,+19.9dB,22.9us,"[0,",1,505.8,normal,0,valid,-14.9dB,-15.0dB,na,na,,,,
2025-07-30 13:41:21.156483,PHY,0x4601,1,0,na,"[0,",0,0,1,2498.9,+19.7dB,25.4us,"[0,",1,505.9,normal,0,valid,-14.9dB,-15.0dB,na,na,,,,
2025-07-30 13:41:21.160120,PHY,0x4601,2,,na,"[0,",,,11111,,+28.0dB,17.2us,"[0,",1,505.17,normal,0,valid,-12.1dB,-12.1dB,0.14us,-51.5Hz,,"[6,",,1
2025-07-30 13:41:21.160946,PHY,0x4601,1,0,na,"[0,",0,0,1,2632.3,+20.0dB,16.0us,"[0,",1,505.18,normal,0,valid,-14.9dB,-15.0dB,na,na,,,,
2025-07-30 13:41:21.161542,PHY,0x4601,1,0,na,"[0,",0,0,1,2447.1,+19.6dB,16.0us,"[0,",1,505.19,normal,0,valid,-14.9dB,-15.0dB,na,na,,,,
2025-07-30 13:41:21.165626,CSI,0x4601,2,,na,"[0,",,,1,,+32.1dB,13.1us,"[0,",1,506.8,normal,0,valid,-12.0dB,-12.0dB,0.15us,+9.0Hz,,"[6,",1111,1
2025-07-30 13:41:21.166494,PHY,0x4601,1,0,na,"[0,",0,0,1,2569.3,+19.8dB,16.4us,"[0,",1,506.9,normal,0,valid,-15.0dB,-15.0dB,na,na,,,,
2025-07-30 13:41:21.170026,PHY,0x4601,2,,na,"[0,",,,11111,,+35.3dB,15.0us,"[0,",1,506.17,normal,0,valid,-12.2dB,-12.2dB,0.13us,+131.0Hz,,"[6,",,1
2025-07-30 13:41:21.170983,PHY,0x4601,1,0,na,"[0,",0,0,1,3400.0,+21.0dB,17.2us,"[0,",1,506.18,normal,0,valid,-14.9dB,-14.9dB,na,na,,,,
2025-07-30 13:41:21.171446,PHY,0x4601,1,0,na,"[0,",0,0,1,4099.3,+21.9dB,13.7us,"[0,",1,506.19,normal,0,valid,-14.9dB,-15.0dB,na,na,,,,
2025-07-30 13:41:21.175952,PHY,0x4601,1,0,na,"[0,",0,0,1,2449.9,+19.6dB,16.6us,"[0,",1,507.8,normal,0,valid,-14.9dB,-14.9dB,na,na,,,,
2025-07-30 13:41:21.176531,PHY,0x4601,1,0,na,"[0,",0,0,1,2520.7,+19.8dB,14.7us,"[0,",1,507.9,normal,0,valid,-14.9dB,-15.0dB,na,na,,,,
2025-07-30 13:41:21.180072,PHY,0x4601,2,,na,"[0,",,,11111,,+32.1dB,14.9us,"[0,",1,507.17,normal,0,valid,-12.1dB,-12.1dB,0.13us,+19.5Hz,,"[6,",,1
2025-07-30 13:41:21.181026,PHY,0x4601,1,0,na,"[0,",0,0,1,2242.7,+19.2dB,15.7us,"[0,",1,507.18,normal,0,valid,-14.9dB,-15.0dB,na,na,,,,
2025-07-30 13:41:21.181487,PHY,0x4601,1,0,na,"[0,",0,0,1,2658.9,+20.0dB,15.6us,"[0,",1,507.19,normal,0,valid,-14.9dB,-15.0dB,na,na,,,,
2025-07-30 13:41:21.185607,CSI,0x4601,2,,na,"[0,",,,1,,+31.9dB,12.2us,"[0,",1,508.8,normal,0,valid,-12.0dB,-12.0dB,0.15us,-76.1Hz,,"[6,",1111,1
2025-07-30 13:41:21.186458,PHY,0x4601,1,0,na,"[0,",0,0,1,4057.3,+21.8dB,19.4us,"[0,",1,508.9,normal,0,valid,-14.9dB,-15.0dB,na,na,,,,
2025-07-30 13:41:21.190098,PHY,0x4601,2,,na,"[0,",,,11111,,+31.3dB,17.3us,"[0,",1,508.17,normal,0,valid,-12.2dB,-12.3dB,0.14us,+4.1Hz,,"[6,",,1
2025-07-30 13:41:21.191050,PHY,0x4601,1,0,na,"[0,",0,0,1,2714.9,+20.1dB,21.1us,"[0,",1,508.18,normal,0,valid,-14.9dB,-15.0dB,na,na,,,,
2025-07-30 13:41:21.191543,PHY,0x4601,1,0,na,"[0,",0,0,1,2406.0,+19.6dB,16.9us,"[0,",1,508.19,normal,0,valid,-14.9dB,-15.0dB,na,na,,,,
2025-07-30 13:41:21.196023,PHY,0x4601,1,0,na,"[0,",0,0,1,2308.7,+19.4dB,16.8us,"[0,",1,509.8,normal,0,valid,-14.9dB,-15.0dB,na,na,,,,
2025-07-30 13:41:21.196495,PHY,0x4601,1,0,na,"[0,",0,0,1,2484.5,+19.7dB,31.5us,"[0,",1,509.9,normal,0,valid,-14.9dB,-15.0dB,na,na,,,,
2025-07-30 13:41:21.200018,PHY,0x4601,2,,na,"[0,",,,11111,,+30.9dB,14.6us,"[0,",1,509.17,normal,0,valid,-12.1dB,-12.1dB,0.13us,-2.1Hz,,"[6,",,1
2025-07-30 13:41:21.200973,PHY,0x4601,1,0,na,"[0,",0,0,1,4444.7,+22.2dB,17.4us,"[0,",1,509.18,normal,0,valid,-14.9dB,-14.9dB,na,na,,,,
2025-07-30 13:41:21.201454,PHY,0x4601,1,0,na,"[0,",0,0,1,4014.1,+21.8dB,14.1us,"[0,",1,509.19,normal,0,valid,-14.9dB,-15.0dB,na,na,,,,
2025-07-30 13:41:21.205592,CSI,0x4601,2,,na,"[0,",,,1,,+31.6dB,26.6us,"[0,",1,510.8,normal,0,valid,-12.1dB,-12.1dB,0.16us,-9.2Hz,,"[6,",1111,1
2025-07-30 13:41:21.206534,PHY,0x4601,1,0,na,"[0,",0,0,1,2490.1,+19.7dB,23.3us,"[0,",1,510.9,normal,0,valid,-14.9dB,-15.0dB,na,na,,,,
2025-07-30 13:41:21.210069,PHY,0x4601,2,,na,"[0,",,,11111,,+28.4dB,14.1us,"[0,",1,510.17,normal,0,valid,-12.2dB,-12.2dB,0.10us,-16.8Hz,,"[6,",,1
2025-07-30 13:41:21.211016,PHY,0x4601,1,0,na,"[0,",0,0,1,3616.1,+21.3dB,16.4us,"[0,",1,510.18,normal,0,valid,-14.9dB,-15.0dB,na,na,,,,
2025-07-30 13:41:21.211491,PHY,0x4601,1,0,na,"[0,",0,0,1,3809.8,+21.6dB,13.6us,"[0,",1,510.19,normal,0,valid,-14.9dB,-14.9dB,na,na,,,,
2025-07-30 13:41:21.215969,PHY,0x4601,1,0,na,"[0,",0,0,1,2586.8,+19.9dB,17.8us,"[0,",1,511.8,normal,0,valid,-14.9dB,-14.9dB,na,na,,,,
2025-07-30 13:41:21.216541,PHY,0x4601,1,0,na,"[0,",0,0,1,2350.9,+19.5dB,17.0us,"[0,",1,511.9,normal,0,valid,-14.9dB,-15.0dB,na,na,,,,
2025-07-30 13:41:21.220086,PHY,0x4601,2,,na,"[0,",,,11111,,+32.7dB,14.8us,"[0,",1,511.17,normal,0,valid,-12.1dB,-12.2dB,0.15us,+132.2Hz,,"[6,",,1
2025-07-30 13:41:21.221032,PHY,0x4601,1,0,na,"[0,",0,0,1,3787.8,+21.5dB,15.4us,"[0,",1,511.18,normal,0,valid,-14.9dB,-15.0dB,na,na,,,,
2025-07-30 13:41:21.221526,PHY,0x4601,1,0,na,"[0,",0,0,1,3526.0,+21.2dB,16.0us,"[0,",1,511.19,normal,0,valid,-14.9dB,-15.0dB,na,na,,,,
2025-07-30 13:41:21.225586,CSI,0x4601,2,,na,"[0,",,,1,,+32.2dB,11.4us,"[0,",1,512.8,normal,0,valid,-12.0dB,-12.1dB,0.14us,-136.7Hz,,"[6,",1111,1
2025-07-30 13:41:21.226482,PHY,0x4601,1,0,na,"[0,",0,0,1,2431.8,+19.6dB,16.8us,"[0,",1,512.9,normal,0,valid,-14.9dB,-15.0dB,na,na,,,,
2025-07-30 13:41:21.230144,PHY,0x4601,2,,na,"[0,",,,11111,,+28.0dB,15.6us,"[0,",1,512.17,normal,0,valid,-12.2dB,-12.2dB,0.14us,-39.6Hz,,"[6,",,1
2025-07-30 13:41:21.230954,PHY,0x4601,1,0,na,"[0,",0,0,1,3443.2,+21.1dB,16.3us,"[0,",1,512.18,normal,0,valid,-14.9dB,-15.0dB,na,na,,,,
2025-07-30 13:41:21.231548,PHY,0x4601,1,0,na,"[0,",0,0,1,3697.3,+21.4dB,16.0us,"[0,",1,512.19,normal,0,valid,-14.9dB,-14.9dB,na,na,,,,
2025-07-30 13:41:21.236025,PHY,0x4601,1,0,na,"[0,",0,0,1,2684.4,+20.0dB,16.4us,"[0,",1,513.8,normal,0,valid,-14.9dB,-15.0dB,na,na,,,,
2025-07-30 13:41:21.236526,PHY,0x4601,1,0,na,"[0,",0,0,1,2450.3,+19.6dB,14.2us,"[0,",1,513.9,normal,0,valid,-14.9dB,-15.0dB,na,na,,,,
2025-07-30 13:41:21.240040,PHY,0x4601,2,,na,"[0,",,,11111,,+34.0dB,15.0us,"[0,",1,513.17,normal,0,valid,-12.1dB,-12.2dB,0.15us,+237.4Hz,,"[6,",,1
2025-07-30 13:41:21.241010,PHY,0x4601,1,0,na,"[0,",0,0,1,3416.0,+21.1dB,23.7us,"[0,",1,513.18,normal,0,valid,-14.9dB,-14.9dB,na,na,,,,
2025-07-30 13:41:21.241460,PHY,0x4601,1,0,na,"[0,",0,0,1,3958.7,+21.7dB,15.6us,"[0,",1,513.19,normal,0,valid,-14.9dB,-14.9dB,na,na,,,,
2025-07-30 13:41:21.245600,CSI,0x4601,2,,na,"[0,",,,1,,+32.9dB,12.5us,"[0,",1,514.8,normal,0,valid,-12.1dB,-12.1dB,0.17us,+21.8Hz,,"[6,",1111,1
2025-07-30 13:41:21.246522,PHY,0x4601,1,0,na,"[0,",0,0,1,3979.6,+21.7dB,16.4us,"[0,",1,514.9,normal,0,valid,-14.9dB,-15.0dB,na,na,,,,
2025-07-30 13:41:21.250084,PHY,0x4601,2,,na,"[0,",,,11111,,+33.1dB,16.5us,"[0,",1,514.17,normal,0,valid,-12.1dB,-12.2dB,0.13us,-58.6Hz,,"[6,",,1
2025-07-30 13:41:21.251014,PHY,0x4601,1,0,na,"[0,",0,0,1,3764.6,+21.5dB,16.8us,"[0,",1,514.18,normal,0,valid,-14.9dB,-14.9dB,na,na,,,,
2025-07-30 13:41:21.251508,PHY,0x4601,1,0,na,"[0,",0,0,1,3425.6,+21.1dB,15.3us,"[0,",1,514.19,normal,0,valid,-14.9dB,-15.0dB,na,na,,,,
2025-07-30 13:41:21.256006,PHY,0x4601,1,0,na,"[0,",0,0,1,2399.6,+19.6dB,18.1us,"[0,",1,515.8,normal,0,valid,-14.9dB,-14.9dB,na,na,,,,
2025-07-30 13:41:21.256452,PHY,0x4601,1,0,na,"[0,",0,0,1,2546.1,+19.8dB,14.4us,"[0,",1,515.9,normal,0,valid,-14.9dB,-15.0dB,na,na,,,,
2025-07-30 13:41:21.260107,PHY,0x4601,2,,na,"[0,",,,11111,,+31.2dB,18.1us,"[0,",1,515.17,normal,0,valid,-12.1dB,-12.1dB,0.16us,-24.1Hz,,"[6,",,1
2025-07-30 13:41:21.260944,PHY,0x4601,1,0,na,"[0,",0,0,1,2504.0,+19.8dB,17.1us,"[0,",1,515.18,normal,0,valid,-14.9dB,-14.9dB,na,na,,,,
2025-07-30 13:41:21.261563,PHY,0x4601,1,0,na,"[0,",0,0,1,2379.7,+19.5dB,15.8us,"[0,",1,515.19,normal,0,valid,-14.9dB,-15.0dB,na,na,,,,
2025-07-30 13:41:21.265615,CSI,0x4601,2,,na,"[0,",,,1,,+31.4dB,12.1us,"[0,",1,516.8,normal,0,valid,-12.2dB,-12.2dB,0.14us,-51.7Hz,,"[6,",1111,1
2025-07-30 13:41:21.266506,PHY,0x4601,1,0,na,"[0,",0,0,1,2535.2,+19.8dB,16.3us,"[0,",1,516.9,normal,0,valid,-14.9dB,-15.0dB,na,na,,,,
2025-07-30 13:41:21.270024,PHY,0x4601,2,,na,"[0,",,,11111,,+32.1dB,13.9us,"[0,",1,516.17,normal,0,valid,-12.1dB,-12.1dB,0.14us,-1.4Hz,,"[6,",,1
2025-07-30 13:41:21.270996,PHY,0x4601,1,0,na,"[0,",0,0,1,4199.5,+21.9dB,15.6us,"[0,",1,516.18,normal,0,valid,-14.9dB,-15.0dB,na,na,,,,
2025-07-30 13:41:21.271452,PHY,0x4601,1,0,na,"[0,",0,0,1,3870.1,+21.6dB,16.1us,"[0,",1,516.19,normal,0,valid,-14.9dB,-14.9dB,na,na,,,,
2025-07-30 13:41:21.276042,PHY,0x4601,1,0,na,"[0,",0,0,1,2616.6,+19.9dB,16.7us,"[0,",1,517.8,normal,0,valid,-14.9dB,-15.0dB,na,na,,,,
2025-07-30 13:41:21.276522,PHY,0x4601,1,0,na,"[0,",0,0,1,2373.2,+19.5dB,14.1us,"[0,",1,517.9,normal,0,valid,-14.9dB,-15.0dB,na,na,,,,
2025-07-30 13:41:21.280067,PHY,0x4601,2,,na,"[0,",,,11111,,+31.6dB,15.6us,"[0,",1,517.17,normal,0,valid,-12.2dB,-12.3dB,0.14us,+21.7Hz,,"[6,",,1
2025-07-30 13:41:21.281005,PHY,0x4601,1,0,na,"[0,",0,0,1,2668.7,+20.0dB,16.4us,"[0,",1,517.18,normal,0,valid,-14.9dB,-15.0dB,na,na,,,,
2025-07-30 13:41:21.281500,PHY,0x4601,1,0,na,"[0,",0,0,1,2458.3,+19.6dB,13.9us,"[0,",1,517.19,normal,0,valid,-14.9dB,-15.0dB,na,na,,,,
2025-07-30 13:41:21.285608,CSI,0x4601,2,,na,"[0,",,,1,,+31.9dB,12.4us,"[0,",1,518.8,normal,0,valid,-11.9dB,-11.9dB,0.15us,-162.1Hz,,"[6,",1111,1
2025-07-30 13:41:21.286460,PHY,0x4601,1,0,na,"[0,",0,0,1,3477.6,+21.1dB,24.5us,"[0,",1,518.9,normal,0,valid,-14.9dB,-15.0dB,na,na,,,,
2025-07-30 13:41:21.290101,PHY,0x4601,2,,na,"[0,",,,11111,,+30.6dB,15.8us,"[0,",1,518.17,normal,0,valid,-12.1dB,-12.1dB,0.15us,+129.5Hz,,"[6,",,1
2025-07-30 13:41:21.291041,PHY,0x4601,1,0,na,"[0,",0,0,1,3550.1,+21.2dB,19.1us,"[0,",1,518.18,normal,0,valid,-14.9dB,-14.9dB,na,na,,,,
2025-07-30 13:41:21.291515,PHY,0x4601,1,0,na,"[0,",0,0,1,3994.8,+21.7dB,16.2us,"[0,",1,518.19,normal,0,valid,-14.9dB,-15.0dB,na,na,,,,
2025-07-30 13:41:21.296005,PHY,0x4601,1,0,na,"[0,",0,0,1,2517.7,+19.8dB,24.0us,"[0,",1,519.8,normal,0,valid,-14.9dB,-14.9dB,na,na,,,,
2025-07-30 13:41:21.296519,PHY,0x4601,1,0,na,"[0,",0,0,1,2209.4,+19.2dB,26.4us,"[0,",1,519.9,normal,0,valid,-14.9dB,-15.0dB,na,na,,,,
2025-07-30 13:41:21.300015,PHY,0x4601,2,,na,"[0,",,,11011,,+30.6dB,16.0us,"[0,",1,519.17,normal,0,valid,-12.1dB,-12.1dB,0.14us,+20.2Hz,,"[6,",,1
2025-07-30 13:41:21.300990,PHY,0x4601,1,0,na,"[0,",0,0,1,3790.4,+21.5dB,15.4us,"[0,",1,519.18,normal,0,valid,-14.9dB,-15.0dB,na,na,,,,
2025-07-30 13:41:21.301542,PHY,0x4601,1,0,na,"[0,",0,0,1,3659.1,+21.4dB,14.1us,"[0,",1,519.19,normal,0,valid,-14.9dB,-15.0dB,na,na,,,,
2025-07-30 13:41:21.305578,CSI,0x4601,2,,na,"[0,",,,1,,+31.7dB,13.9us,"[0,",1,520.8,normal,0,valid,-11.9dB,-11.9dB,0.15us,-87.6Hz,,"[6,",1111,1
2025-07-30 13:41:21.306505,PHY,0x4601,1,0,na,"[0,",0,0,1,2509.0,+19.7dB,17.0us,"[0,",1,520.9,normal,0,valid,-14.9dB,-15.0dB,na,na,,,,
2025-07-30 13:41:21.310058,PHY,0x4601,2,,na,"[0,",,,11111,,+30.3dB,14.0us,"[0,",1,520.17,normal,0,valid,-12.1dB,-12.1dB,0.14us,-93.2Hz,,"[6,",,1
2025-07-30 13:41:21.310989,PHY,0x4601,1,0,na,"[0,",0,0,1,3488.8,+21.2dB,16.5us,"[0,",1,520.18,normal,0,valid,-14.9dB,-15.0dB,na,na,,,,
2025-07-30 13:41:21.311500,PHY,0x4601,1,0,na,"[0,",0,0,1,3392.5,+21.1dB,15.0us,"[0,",1,520.19,normal,0,valid,-14.9dB,-14.9dB,na,na,,,,
2025-07-30 13:41:21.315983,PHY,0x4601,1,0,na,"[0,",0,0,1,2405.9,+19.5dB,16.7us,"[0,",1,521.8,normal,0,valid,-14.9dB,-15.0dB,na,na,,,,
2025-07-30 13:41:21.316572,PHY,0x4601,1,0,na,"[0,",0,0,1,2299.6,+19.4dB,16.5us,"[0,",1,521.9,normal,0,valid,-14.9dB,-15.0dB,na,na,,,,
2025-07-30 13:41:21.320117,PHY,0x4601,2,,na,"[0,",,,11111,,+31.4dB,16.1us,"[0,",1,521.17,normal,0,valid,-12.1dB,-12.1dB,0.13us,-118.2Hz,,"[6,",,1
2025-07-30 13:41:21.321020,PHY,0x4601,1,0,na,"[0,",0,0,1,2608.9,+19.9dB,15.6us,"[0,",1,521.18,normal,0,valid,-14.9dB,-15.0dB,na,na,,,,
2025-07-30 13:41:21.321501,PHY,0x4601,1,0,na,"[0,",0,0,1,2457.9,+19.7dB,18.1us,"[0,",1,521.19,normal,0,valid,-14.9dB,-14.9dB,na,na,,,,
2025-07-30 13:41:21.325609,CSI,0x4601,2,,na,"[0,",,,1,,+31.3dB,15.7us,"[0,",1,522.8,normal,0,valid,-12.0dB,-12.0dB,0.14us,-28.9Hz,,"[6,",1111,1
2025-07-30 13:41:21.326487,PHY,0x4601,1,0,na,"[0,",0,0,1,2487.7,+19.7dB,18.2us,"[0,",1,522.9,normal,0,valid,-14.9dB,-14.9dB,na,na,,,,
2025-07-30 13:41:21.330126,PHY,0x4601,2,,na,"[0,",,,11111,,+30.1dB,17.5us,"[0,",1,522.17,normal,0,valid,-12.1dB,-12.1dB,0.15us,+104.1Hz,,"[6,",,1
2025-07-30 13:41:21.330974,PHY,0x4601,1,0,na,"[0,",0,0,1,3525.2,+21.2dB,18.0us,"[0,",1,522.18,normal,0,valid,-14.9dB,-15.0dB,na,na,,,,
2025-07-30 13:41:21.331523,PHY,0x4601,1,0,na,"[0,",0,0,1,3719.4,+21.5dB,15.7us,"[0,",1,522.19,normal,0,valid,-14.9dB,-14.9dB,na,na,,,,
2025-07-30 13:41:21.336032,PHY,0x4601,1,0,na,"[0,",0,0,1,2558.4,+19.8dB,16.3us,"[0,",1,523.8,normal,0,valid,-14.9dB,-14.9dB,na,na,,,,
2025-07-30 13:41:21.336495,PHY,0x4601,1,0,na,"[0,",0,0,1,2470.1,+19.7dB,25.3us,"[0,",1,523.9,normal,0,valid,-14.9dB,-15.0dB,na,na,,,,
2025-07-30 13:41:21.340049,PHY,0x4601,2,,na,"[0,",,,11111,,+30.5dB,15.9us,"[0,",1,523.17,normal,0,valid,-12.2dB,-12.2dB,0.13us,-6.2Hz,,"[6,",,1
2025-07-30 13:41:21.340977,PHY,0x4601,1,0,na,"[0,",0,0,1,3686.4,+21.4dB,18.3us,"[0,",1,523.18,normal,0,valid,-14.9dB,-15.0dB,na,na,,,,
2025-07-30 13:41:21.341481,PHY,0x4601,1,0,na,"[0,",0,0,1,3613.0,+21.3dB,16.9us,"[0,",1,523.19,normal,0,valid,-15.0dB,-15.0dB,na,na,,,,
2025-07-30 13:41:21.345590,CSI,0x4601,2,,na,"[0,",,,1,,+37.2dB,16.7us,"[0,",1,524.8,normal,0,valid,-12.1dB,-12.1dB,0.16us,-2.1Hz,,"[6,",1111,1
2025-07-30 13:41:21.346523,PHY,0x4601,1,0,na,"[0,",0,0,1,3663.5,+21.4dB,16.0us,"[0,",1,524.9,normal,0,valid,-15.0dB,-15.0dB,na,na,,,,
2025-07-30 13:41:21.350072,PHY,0x4601,2,,na,"[0,",,,11111,,+31.6dB,15.1us,"[0,",1,524.17,normal,0,valid,-12.2dB,-12.2dB,0.14us,-50.0Hz,,"[6,",,1
2025-07-30 13:41:21.351009,PHY,0x4601,1,0,na,"[0,",0,0,1,2480.7,+19.7dB,15.9us,"[0,",1,524.18,normal,0,valid,-14.9dB,-15.0dB,na,na,,,,
2025-07-30 13:41:21.351488,PHY,0x4601,1,0,na,"[0,",0,0,1,2526.4,+19.8dB,21.7us,"[0,",1,524.19,normal,0,valid,-14.9dB,-14.9dB,na,na,,,,
2025-07-30 13:41:21.355985,PHY,0x4601,1,0,na,"[0,",0,0,1,2511.9,+19.7dB,20.2us,"[0,",1,525.8,normal,0,valid,-14.9dB,-15.0dB,na,na,,,,
2025-07-30 13:41:21.356488,PHY,0x4601,1,0,na,"[0,",0,0,1,2166.5,+19.1dB,26.0us,"[0,",1,525.9,normal,0,valid,-14.9dB,-15.0dB,na,na,,,,
2025-07-30 13:41:21.360106,PHY,0x4601,2,,na,"[0,",,,11111,,+33.2dB,16.6us,"[0,",1,525.17,normal,0,valid,-12.1dB,-12.1dB,0.14us,-35.3Hz,,"[6,",,1
2025-07-30 13:41:21.361054,PHY,0x4601,1,0,na,"[0,",0,0,1,2563.6,+19.8dB,16.1us,"[0,",1,525.18,normal,0,valid,-14.9dB,-15.0dB,na,na,,,,
2025-07-30 13:41:21.361512,PHY,0x4601,1,0,na,"[0,",0,0,1,2580.2,+19.8dB,15.0us,"[0,",1,525.19,normal,0,valid,-14.9dB,-15.0dB,na,na,,,,
2025-07-30 13:41:21.365624,CSI,0x4601,2,,na,"[0,",,,1,,+33.9dB,14.4us,"[0,",1,526.8,normal,0,valid,-12.0dB,-12.0dB,0.15us,-67.4Hz,,"[6,",1111,1
2025-07-30 13:41:21.366478,PHY,0x4601,1,0,na,"[0,",0,0,1,2573.1,+19.8dB,18.1us,"[0,",1,526.9,normal,0,valid,-14.9dB,-15.0dB,na,na,,,,
2025-07-30 13:41:21.370036,PHY,0x4601,2,,na,"[0,",,,11111,,+29.2dB,14.8us,"[0,",1,526.17,normal,0,valid,-12.1dB,-12.2dB,0.14us,+85.2Hz,,"[6,",,1
2025-07-30 13:41:21.370959,PHY,0x4601,1,0,na,"[0,",0,0,1,2530.2,+19.8dB,16.7us,"[0,",1,526.18,normal,0,valid,-15.0dB,-15.0dB,na,na,,,,
2025-07-30 13:41:21.371473,PHY,0x4601,1,0,na,"[0,",0,0,1,2438.3,+19.6dB,18.5us,"[0,",1,526.19,normal,0,valid,-14.9dB,-15.0dB,na,na,,,,
2025-07-30 13:41:21.376065,PHY,0x4601,1,0,na,"[0,",0,0,1,2326.2,+19.4dB,19.5us,"[0,",1,527.8,normal,0,valid,-14.9dB,-14.9dB,na,na,,,,
2025-07-30 13:41:21.376516,PHY,0x4601,1,0,na,"[0,",0,0,1,2362.3,+19.5dB,14.7us,"[0,",1,527.9,normal,0,valid,-14.9dB,-15.0dB,na,na,,,,
2025-07-30 13:41:21.380075,PHY,0x4601,2,,na,"[0,",,,11111,,+31.8dB,16.0us,"[0,",1,527.17,normal,0,valid,-12.1dB,-12.2dB,0.12us,+43.6Hz,,"[6,",,1
2025-07-30 13:41:21.380997,PHY,0x4601,1,0,na,"[0,",0,0,1,3266.4,+20.9dB,16.6us,"[0,",1,527.18,normal,0,valid,-14.9dB,-15.0dB,na,na,,,,
2025-07-30 13:41:21.381466,PHY,0x4601,1,0,na,"[0,",0,0,1,4197.8,+22.0dB,13.9us,"[0,",1,527.19,normal,0,valid,-14.9dB,-15.0dB,na,na,,,,
2025-07-30 13:41:21.385601,CSI,0x4601,2,,na,"[0,",,,1,,+33.6dB,17.3us,"[0,",1,528.8,normal,0,valid,-12.1dB,-12.1dB,0.12us,-45.0Hz,,"[6,",1111,1
2025-07-30 13:41:21.386552,PHY,0x4601,1,0,na,"[0,",0,0,1,3387.5,+21.0dB,16.4us,"[0,",1,528.9,normal,0,valid,-14.9dB,-15.0dB,na,na,,,,
2025-07-30 13:41:21.390105,PHY,0x4601,2,,na,"[0,",,,11111,,+28.9dB,14.9us,"[0,",1,528.17,normal,0,valid,-12.1dB,-12.1dB,0.15us,+22.8Hz,,"[6,",,1
2025-07-30 13:41:21.391043,PHY,0x4601,1,0,na,"[0,",0,0,1,2446.6,+19.6dB,21.1us,"[0,",1,528.18,normal,0,valid,-14.9dB,-15.0dB,na,na,,,,
2025-07-30 13:41:21.391504,PHY,0x4601,1,0,na,"[0,",0,0,1,2215.9,+19.2dB,14.4us,"[0,",1,528.19,normal,0,valid,-14.9dB,-15.0dB,na,na,,,,
2025-07-30 13:41:21.396001,PHY,0x4601,1,0,na,"[0,",0,0,1,2372.5,+19.5dB,21.3us,"[0,",1,529.8,normal,0,valid,-14.9dB,-15.0dB,na,na,,,,
2025-07-30 13:41:21.396466,PHY,0x4601,1,0,na,"[0,",0,0,1,2449.8,+19.6dB,15.0us,"[0,",1,529.9,normal,0,valid,-14.9dB,-15.0dB,na,na,,,,
2025-07-30 13:41:21.400122,PHY,0x4601,2,,na,"[0,",,,11111,,+32.0dB,19.1us,"[0,",1,529.17,normal,0,valid,-12.1dB,-12.1dB,0.13us,-83.9Hz,,"[6,",,1
2025-07-30 13:41:21.400948,PHY,0x4601,1,0,na,"[0,",0,0,1,2516.1,+19.7dB,16.7us,"[0,",1,529.18,normal,0,valid,-14.9dB,-15.0dB,na,na,,,,
2025-07-30 13:41:21.401549,PHY,0x4601,1,0,na,"[0,",0,0,1,2467.0,+19.7dB,15.7us,"[0,",1,529.19,normal,0,valid,-14.9dB,-15.0dB,na,na,,,,
2025-07-30 13:41:21.405550,CSI,0x4601,2,,na,"[0,",,,1,,+32.7dB,15.2us,"[0,",1,530.8,normal,0,valid,-12.1dB,-12.1dB,0.14us,-47.6Hz,,"[6,",1111,1
2025-07-30 13:41:21.406494,PHY,0x4601,1,0,na,"[0,",0,0,1,3713.8,+21.4dB,15.9us,"[0,",1,530.9,normal,0,valid,-14.9dB,-15.0dB,na,na,,,,
2025-07-30 13:41:21.410034,PHY,0x4601,2,,na,"[0,",,,11111,,+35.0dB,14.1us,"[0,",1,530.17,normal,0,valid,-12.2dB,-12.2dB,0.14us,-33.1Hz,,"[6,",,1
2025-07-30 13:41:21.410984,PHY,0x4601,1,0,na,"[0,",0,0,1,2276.9,+19.3dB,17.8us,"[0,",1,530.18,normal,0,valid,-14.9dB,-15.0dB,na,na,,,,
2025-07-30 13:41:21.411456,PHY,0x4601,1,0,na,"[0,",0,0,1,2251.0,+19.3dB,15.1us,"[0,",1,530.19,normal,0,valid,-14.9dB,-15.0dB,na,na,,,,
2025-07-30 13:41:21.415958,PHY,0x4601,1,0,na,"[0,",0,0,1,2683.9,+20.0dB,20.4us,"[0,",1,531.8,normal,0,valid,-14.9dB,-15.0dB,na,na,,,,
2025-07-30 13:41:21.416553,PHY,0x4601,1,0,na,"[0,",0,0,1,2238.5,+19.2dB,15.5us,"[0,",1,531.9,normal,0,valid,-14.9dB,-15.0dB,na,na,,,,
2025-07-30 13:41:21.420110,PHY,0x4601,2,,na,"[0,",,,11111,,+29.8dB,19.7us,"[0,",1,531.17,normal,0,valid,-12.2dB,-12.2dB,0.14us,+53.2Hz,,"[6,",,1
2025-07-30 13:41:21.421030,PHY,0x4601,1,0,na,"[0,",0,0,1,2403.3,+19.5dB,17.5us,"[0,",1,531.18,normal,0,valid,-14.9dB,-15.0dB,na,na,,,,
2025-07-30 13:41:21.421486,PHY,0x4601,1,0,na,"[0,",0,0,1,2446.2,+19.6dB,14.4us,"[0,",1,531.19,normal,0,valid,-14.9dB,-15.0dB,na,na,,,,
2025-07-30 13:41:21.425623,CSI,0x4601,2,,na,"[0,",,,1,,+30.6dB,16.1us,"[0,",1,532.8,normal,0,valid,-12.1dB,-12.1dB,0.15us,-49.6Hz,,"[6,",1111,1
2025-07-30 13:41:21.426447,PHY,0x4601,1,0,na,"[0,",0,0,1,3321.7,+21.0dB,17.6us,"[0,",1,532.9,normal,0,valid,-15.0dB,-15.0dB,na,na,,,,
2025-07-30 13:41:21.430111,PHY,0x4601,2,,na,"[0,",,,11111,,+27.2dB,21.0us,"[0,",1,532.17,normal,0,valid,-12.1dB,-12.1dB,0.13us,+141.4Hz,,"[6,",,1
2025-07-30 13:41:21.430940,PHY,0x4601,1,0,na,"[0,",0,0,1,3393.4,+21.0dB,17.2us,"[0,",1,532.18,normal,0,valid,-14.9dB,-14.9dB,na,na,,,,
2025-07-30 13:41:21.431553,PHY,0x4601,1,0,na,"[0,",0,0,1,3650.7,+21.4dB,30.6us,"[0,",1,532.19,normal,0,valid,-14.9dB,-14.9dB,na,na,,,,
2025-07-30 13:41:21.436034,PHY,0x4601,1,0,na,"[0,",0,0,1,2527.1,+19.8dB,20.9us,"[0,",1,533.8,normal,0,valid,-14.9dB,-15.0dB,na,na,,,,
2025-07-30 13:41:21.436504,PHY,0x4601,1,0,na,"[0,",0,0,1,2476.8,+19.7dB,16.7us,"[0,",1,533.9,normal,0,valid,-14.9dB,-15.0dB,na,na,,,,
2025-07-30 13:41:21.440027,PHY,0x4601,2,,na,"[0,",,,11111,,+31.8dB,16.2us,"[0,",1,533.17,normal,0,valid,-12.1dB,-12.1dB,0.14us,-11.5Hz,,"[6,",,1
2025-07-30 13:41:21.440974,PHY,0x4601,1,0,na,"[0,",0,0,1,3528.0,+21.2dB,17.7us,"[0,",1,533.18,normal,0,valid,-14.9dB,-15.0dB,na,na,,,,
2025-07-30 13:41:21.441446,PHY,0x4601,1,0,na,"[0,",0,0,1,3442.2,+21.1dB,14.3us,"[0,",1,533.19,normal,0,valid,-14.9dB,-14.9dB,na,na,,,,
2025-07-30 13:41:21.445581,CSI,0x4601,2,,na,"[0,",,,1,,+29.6dB,14.1us,"[0,",1,534.8,normal,0,valid,-12.0dB,-12.0dB,0.15us,-25.6Hz,,"[6,",1111,1
2025-07-30 13:41:21.446529,PHY,0x4601,1,0,na,"[0,",0,0,1,2497.8,+19.7dB,16.4us,"[0,",1,534.9,normal,0,valid,-14.9dB,-15.0dB,na,na,,,,
2025-07-30 13:41:21.450067,PHY,0x4601,2,,na,"[0,",,,11111,,+32.5dB,18.1us,"[0,",1,534.17,normal,0,valid,-12.1dB,-12.1dB,0.12us,+49.6Hz,,"[6,",,1
2025-07-30 13:41:21.451025,PHY,0x4601,1,0,na,"[0,",0,0,1,2597.5,+19.9dB,18.1us,"[0,",1,534.18,normal,0,valid,-14.9dB,-14.9dB,na,na,,,,
2025-07-30 13:41:21.451487,PHY,0x4601,1,0,na,"[0,",0,0,1,2585.3,+19.9dB,16.4us,"[0,",1,534.19,normal,0,valid,-14.9dB,-15.0dB,na,na,,,,
2025-07-30 13:41:21.455988,PHY,0x4601,1,0,na,"[0,",0,0,1,2532.7,+19.8dB,20.2us,"[0,",1,535.8,normal,0,valid,-14.9dB,-15.0dB,na,na,,,,
2025-07-30 13:41:21.456445,PHY,0x4601,1,0,na,"[0,",0,0,1,2435.6,+19.6dB,16.1us,"[0,",1,535.9,normal,0,valid,-14.9dB,-14.9dB,na,na,,,,
2025-07-30 13:41:21.460096,PHY,0x4601,2,,na,"[0,",,,11111,,+32.6dB,22.5us,"[0,",1,535.17,normal,0,valid,-12.1dB,-12.1dB,0.15us,+85.8Hz,,"[6,",,1
2025-07-30 13:41:21.461034,PHY,0x4601,1,0,na,"[0,",0,0,1,2677.8,+20.0dB,17.4us,"[0,",1,535.18,normal,0,valid,-15.0dB,-15.0dB,na,na,,,,
2025-07-30 13:41:21.461527,PHY,0x4601,1,0,na,"[0,",0,0,1,2521.1,+19.8dB,15.8us,"[0,",1,535.19,normal,0,valid,-15.0dB,-15.0dB,na,na,,,,
2025-07-30 13:41:21.465593,CSI,0x4601,2,,na,"[0,",,,1,,+31.8dB,11.2us,"[0,",1,536.8,normal,0,valid,-11.9dB,-12.0dB,0.13us,+44.0Hz,,"[6,",1111,1
2025-07-30 13:41:21.466471,PHY,0x4601,1,0,na,"[0,",0,0,1,3640.4,+21.3dB,15.4us,"[0,",1,536.9,normal,0,valid,-15.0dB,-15.0dB,na,na,,,,
2025-07-30 13:41:21.470017,PHY,0x4601,2,,na,"[0,",,,11111,,+30.2dB,13.2us,"[0,",1,536.17,normal,0,valid,-12.2dB,-12.3dB,0.15us,+46.8Hz,,"[6,",,1
2025-07-30 13:41:21.470965,PHY,0x4601,1,0,na,"[0,",0,0,1,3943.1,+21.7dB,23.3us,"[0,",1,536.18,normal,0,valid,-15.0dB,-15.0dB,na,na,,,,
2025-07-30 13:41:21.471534,PHY,0x4601,1,0,na,"[0,",0,0,1,4012.1,+21.8dB,14.6us,"[0,",1,536.19,normal,0,valid,-14.9dB,-14.9dB,na,na,,,,
2025-07-30 13:41:21.476031,PHY,0x4601,1,0,na,"[0,",0,0,1,2419.0,+19.6dB,21.5us,"[0,",1,537.8,normal,0,valid,-14.9dB,-15.0dB,na,na,,,,
2025-07-30 13:41:21.476533,PHY,0x4601,1,0,na,"[0,",0,0,1,2293.8,+19.4dB,16.0us,"[0,",1,537.9,normal,0,valid,-14.9dB,-14.9dB,na,na,,,,
2025-07-30 13:41:21.480067,PHY,0x4601,2,,na,"[0,",,,11111,,+32.8dB,15.5us,"[0,",1,537.17,normal,0,valid,-12.2dB,-12.2dB,0.15us,+69.0Hz,,"[6,",,1
2025-07-30 13:41:21.481010,PHY,0x4601,1,0,na,"[0,",0,0,1,2405.3,+19.6dB,16.4us,"[0,",1,537.18,normal,0,valid,-14.9dB,-14.9dB,na,na,,,,
2025-07-30 13:41:21.481467,PHY,0x4601,1,0,na,"[0,",0,0,1,2646.5,+20.0dB,16.1us,"[0,",1,537.19,normal,0,valid,-14.9dB,-15.0dB,na,na,,,,
2025-07-30 13:41:21.485595,CSI,0x4601,2,,na,"[0,",,,1,,+30.0dB,12.5us,"[0,",1,538.8,normal,0,valid,-12.1dB,-12.1dB,0.15us,-120.4Hz,,"[6,",1111,1
2025-07-30 13:41:21.486530,PHY,0x4601,1,0,na,"[0,",0,0,1,2650.5,+19.9dB,15.9us,"[0,",1,538.9,normal,0,valid,-14.9dB,-15.0dB,na,na,,,,
2025-07-30 13:41:21.490088,PHY,0x4601,2,,na,"[0,",,,11111,,+32.5dB,13.9us,"[0,",1,538.17,normal,0,valid,-12.1dB,-12.1dB,0.13us,+48.7Hz,,"[6,",,1
2025-07-30 13:41:21.491017,PHY,0x4601,1,0,na,"[0,",0,0,1,2739.5,+20.1dB,16.3us,"[0,",1,538.18,normal,0,valid,-14.9dB,-15.0dB,na,na,,,,
2025-07-30 13:41:21.491518,PHY,0x4601,1,0,na,"[0,",0,0,1,2164.6,+19.1dB,13.9us,"[0,",1,538.19,normal,0,valid,-14.9dB,-15.0dB,na,na,,,,
2025-07-30 13:41:21.496010,PHY,0x4601,1,0,na,"[0,",0,0,1,2417.9,+19.6dB,18.6us,"[0,",1,539.8,normal,0,valid,-14.9dB,-14.9dB,na,na,,,,
2025-07-30 13:41:21.496462,PHY,0x4601,1,0,na,"[0,",0,0,1,2594.8,+19.9dB,17.5us,"[0,",1,539.9,normal,0,valid,-14.9dB,-15.0dB,na,na,,,,
2025-07-30 13:41:21.500140,PHY,0x4601,2,,na,"[0,",,,11111,,+32.9dB,16.8us,"[0,",1,539.17,normal,0,valid,-12.1dB,-12.1dB,0.12us,-34.7Hz,,"[6,",,1
2025-07-30 13:41:21.500951,PHY,0x4601,1,0,na,"[0,",0,0,1,3765.1,+21.5dB,15.8us,"[0,",1,539.18,normal,0,valid,-14.9dB,-15.0dB,na,na,,,,
2025-07-30 13:41:21.501522,PHY,0x4601,1,0,na,"[0,",0,0,1,3391.6,+21.0dB,15.3us,"[0,",1,539.19,normal,0,valid,-14.9dB,-15.0dB,na,na,,,,
2025-07-30 13:41:21.505646,CSI,0x4601,2,,na,"[0,",,,1,,+31.3dB,15.5us,"[0,",1,540.8,normal,0,valid,-12.2dB,-12.2dB,0.16us,-7.5Hz,,"[6,",1111,1
2025-07-30 13:41:21.506513,PHY,0x4601,1,0,na,"[0,",0,0,1,3693.5,+21.4dB,16.5us,"[0,",1,540.9,normal,0,valid,-15.0dB,-15.0dB,na,na,,,,
2025-07-30 13:41:21.510040,PHY,0x4601,2,,na,"[0,",,,11111,,+31.4dB,15.8us,"[0,",1,540.17,normal,0,valid,-12.0dB,-12.1dB,0.16us,+96.6Hz,,"[6,",,1
2025-07-30 13:41:21.511001,PHY,0x4601,1,0,na,"[0,",0,0,1,3789.3,+21.5dB,16.1us,"[0,",1,540.18,normal,0,valid,-14.9dB,-15.0dB,na,na,,,,
2025-07-30 13:41:21.511454,PHY,0x4601,1,0,na,"[0,",0,0,1,3539.1,+21.3dB,14.3us,"[0,",1,540.19,normal,0,valid,-14.9dB,-14.9dB,na,na,,,,
2025-07-30 13:41:21.515963,PHY,0x4601,1,0,na,"[0,",0,0,1,2378.5,+19.5dB,22.3us,"[0,",1,541.8,normal,0,valid,-14.9dB,-14.9dB,na,na,,,,
2025-07-30 13:41:21.516523,PHY,0x4601,1,0,na,"[0,",0,0,1,2260.7,+19.3dB,14.1us,"[0,",1,541.9,normal,0,valid,-14.9dB,-15.0dB,na,na,,,,
2025-07-30 13:41:21.520087,PHY,0x4601,2,,na,"[0,",,,11111,,+31.5dB,18.2us,"[0,",1,541.17,normal,0,valid,-12.2dB,-12.2dB,0.15us,-83.0Hz,,"[6,",,1
2025-07-30 13:41:21.521010,PHY,0x4601,1,0,na,"[0,",0,0,1,3728.6,+21.4dB,16.0us,"[0,",1,541.18,normal,0,valid,-14.9dB,-15.0dB,na,na,,,,
2025-07-30 13:41:21.521502,PHY,0x4601,1,0,na,"[0,",0,0,1,3704.0,+21.4dB,19.2us,"[0,",1,541.19,normal,0,valid,-14.9dB,-14.9dB,na,na,,,,
2025-07-30 13:41:21.525608,CSI,0x4601,2,,na,"[0,",,,1,,+30.0dB,12.6us,"[0,",1,542.8,normal,0,valid,-12.0dB,-12.0dB,0.12us,+59.1Hz,,"[6,",1111,1
2025-07-30 13:41:21.526449,PHY,0x4601,1,0,na,"[0,",0,0,1,2509.6,+19.7dB,16.8us,"[0,",1,542.9,normal,0,valid,-14.9dB,-15.0dB,na,na,,,,
2025-07-30 13:41:21.530106,PHY,0x4601,2,,na,"[0,",,,11111,,+29.4dB,13.8us,"[0,",1,542.17,normal,0,valid,-12.1dB,-12.1dB,0.13us,+22.6Hz,,"[6,",,1
2025-07-30 13:41:21.531039,PHY,0x4601,1,0,na,"[0,",0,0,1,3246.0,+20.9dB,15.9us,"[0,",1,542.18,normal,0,valid,-14.9dB,-14.9dB,na,na,,,,
2025-07-30 13:41:21.531509,PHY,0x4601,1,0,na,"[0,",0,0,1,3340.0,+21.0dB,15.2us,"[0,",1,542.19,normal,0,valid,-14.9dB,-15.0dB,na,na,,,,
2025-07-30 13:41:21.536007,PHY,0x4601,1,0,na,"[0,",0,0,1,2452.3,+19.7dB,20.6us,"[0,",1,543.8,normal,0,valid,-14.9dB,-14.9dB,na,na,,,,
2025-07-30 13:41:21.536517,PHY,0x4601,1,0,na,"[0,",0,0,1,2193.0,+19.2dB,15.1us,"[0,",1,543.9,normal,0,valid,-14.9dB,-14.9dB,na,na,,,,
2025-07-30 13:41:21.540023,PHY,0x4601,2,,na,"[0,",,,11111,,+32.3dB,15.8us,"[0,",1,543.17,normal,0,valid,-12.1dB,-12.1dB,0.14us,+61.4Hz,,"[6,",,1
2025-07-30 13:41:21.540997,PHY,0x4601,1,0,na,"[0,",0,0,1,3926.7,+21.7dB,16.1us,"[0,",1,543.18,normal,0,valid,-14.9dB,-15.0dB,na,na,,,,
2025-07-30 13:41:21.541441,PHY,0x4601,1,0,na,"[0,",0,0,1,3526.6,+21.2dB,19.3us,"[0,",1,543.19,normal,0,valid,-14.9dB,-15.0dB,na,na,,,,
2025-07-30 13:41:21.545584,CSI,0x4601,2,,na,"[0,",,,1,,+34.5dB,14.4us,"[0,",1,544.8,normal,0,valid,-12.0dB,-12.0dB,0.15us,-70.9Hz,,"[6,",1111,1
2025-07-30 13:41:21.546510,PHY,0x4601,1,0,na,"[0,",0,0,1,2280.7,+19.3dB,17.4us,"[0,",1,544.9,normal,0,valid,-14.9dB,-15.0dB,na,na,,,,
2025-07-30 13:41:21.550067,PHY,0x4601,2,,na,"[0,",,,11111,,+31.4dB,15.9us,"[0,",1,544.17,normal,0,valid,-12.2dB,-12.2dB,0.15us,-15.2Hz,,"[6,",,1
2025-07-30 13:41:21.550997,PHY,0x4601,1,0,na,"[0,",0,0,1,3699.9,+21.4dB,15.9us,"[0,",1,544.18,normal,0,valid,-14.9dB,-14.9dB,na,na,,,,
2025-07-30 13:41:21.551499,PHY,0x4601,1,0,na,"[0,",0,0,1,3565.4,+21.3dB,14.0us,"[0,",1,544.19,normal,0,valid,-14.9dB,-14.9dB,na,na,,,,
2025-07-30 13:41:21.555984,PHY,0x4601,1,0,na,"[0,",0,0,1,2451.5,+19.6dB,16.2us,"[0,",1,545.8,normal,0,valid,-14.9dB,-15.0dB,na,na,,,,
2025-07-30 13:41:21.556543,PHY,0x4601,1,0,na,"[0,",0,0,1,2444.1,+19.6dB,15.9us,"[0,",1,545.9,normal,0,valid,-14.9dB,-14.9dB,na,na,,,,
2025-07-30 13:41:21.560128,PHY,0x4601,2,,na,"[0,",,,11111,,+28.1dB,17.6us,"[0,",1,545.17,normal,0,valid,-12.1dB,-12.1dB,0.12us,+11.1Hz,,"[6,",,1
2025-07-30 13:41:21.561026,PHY,0x4601,1,0,na,"[0,",0,0,1,3470.0,+21.1dB,18.1us,"[0,",1,545.18,normal,0,valid,-14.9dB,-15.0dB,na,na,,,,
2025-07-30 13:41:21.561504,PHY,0x4601,1,0,na,"[0,",0,0,1,3700.2,+21.4dB,15.2us,"[0,",1,545.19,normal,0,valid,-14.9dB,-15.0dB,na,na,,,,
2025-07-30 13:41:21.565606,CSI,0x4601,2,,na,"[0,",,,1,,+29.0dB,14.7us,"[0,",1,546.8,normal,0,valid,-12.0dB,-12.1dB,0.14us,+16.8Hz,,"[6,",1111,1
2025-07-30 13:41:21.566495,PHY,0x4601,1,0,na,"[0,",0,0,1,3690.7,+21.5dB,16.5us,"[0,",1,546.9,normal,0,valid,-14.9dB,-14.9dB,na,na,,,,
2025-07-30 13:41:21.570121,PHY,0x4601,2,,na,"[0,",,,11111,,+30.1dB,18.6us,"[0,",1,546.17,normal,0,valid,-12.2dB,-12.2dB,0.13us,+17.8Hz,,"[6,",,1
2025-07-30 13:41:21.570979,PHY,0x4601,1,0,na,"[0,",0,0,1,2311.2,+19.4dB,16.1us,"[0,",1,546.18,normal,0,valid,-14.9dB,-15.0dB,na,na,,,,
2025-07-30 13:41:21.571536,PHY,0x4601,1,0,na,"[0,",0,0,1,2434.0,+19.6dB,14.9us,"[0,",1,546.19,normal,0,valid,-14.9dB,-15.0dB,na,na,,,,
2025-07-30 13:41:21.576019,PHY,0x4601,1,0,na,"[0,",0,0,1,2560.3,+19.8dB,15.7us,"[0,",1,547.8,normal,0,valid,-14.9dB,-15.0dB,na,na,,,,
2025-07-30 13:41:21.576507,PHY,0x4601,1,0,na,"[0,",0,0,1,2587.0,+19.8dB,13.6us,"[0,",1,547.9,normal,0,valid,-14.9dB,-15.0dB,na,na,,,,
2025-07-30 13:41:21.580045,PHY,0x4601,2,,na,"[0,",,,11111,,+35.2dB,13.9us,"[0,",1,547.17,normal,0,valid,-12.1dB,-12.1dB,0.12us,-53.1Hz,,"[6,",,1
2025-07-30 13:41:21.580981,PHY,0x4601,1,0,na,"[0,",0,0,1,2407.3,+19.6dB,17.0us,"[0,",1,547.18,normal,0,valid,-14.9dB,-15.0dB,na,na,,,,
2025-07-30 13:41:21.581481,PHY,0x4601,1,0,na,"[0,",0,0,1,2578.4,+19.8dB,14.3us,"[0,",1,547.19,normal,0,valid,-14.9dB,-15.0dB,na,na,,,,
2025-07-30 13:41:21.585606,CSI,0x4601,2,,na,"[0,",,,1,,+29.8dB,16.0us,"[0,",1,548.8,normal,0,valid,-11.9dB,-11.9dB,0.15us,-128.4Hz,,"[6,",1111,1
2025-07-30 13:41:21.586526,PHY,0x4601,1,0,na,"[0,",0,0,1,2399.5,+19.5dB,17.2us,"[0,",1,548.9,normal,0,valid,-14.9dB,-15.0dB,na,na,,,,
2025-07-30 13:41:21.590087,PHY,0x4601,2,,na,"[0,",,,11111,,+32.3dB,19.6us,"[0,",1,548.17,normal,0,valid,-12.1dB,-12.1dB,0.14us,+39.4Hz,,"[6,",,1
2025-07-30 13:41:21.591042,PHY,0x4601,1,0,na,"[0,",0,0,1,3672.4,+21.4dB,22.0us,"[0,",1,548.18,normal,0,valid,-15.0dB,-15.0dB,na,na,,,,
2025-07-30 13:41:21.591486,PHY,0x4601,1,0,na,"[0,",0,0,1,3532.1,+21.2dB,14.8us,"[0,",1,548.19,normal,0,valid,-14.9dB,-14.9dB,na,na,,,,
2025-07-30 13:41:21.595979,PHY,0x4601,1,0,na,"[0,",0,0,1,2695.2,+20.0dB,17.3us,"[0,",1,549.8,normal,0,valid,-14.9dB,-15.0dB,na,na,,,,
2025-07-30 13:41:21.596484,PHY,0x4601,1,0,na,"[0,",0,0,1,2310.9,+19.4dB,23.8us,"[0,",1,549.9,normal,0,valid,-14.9dB,-15.0dB,na,na,,,,
2025-07-30 13:41:21.600103,PHY,0x4601,2,,na,"[0,",,,11111,,+30.6dB,17.8us,"[0,",1,549.17,normal,0,valid,-12.1dB,-12.2dB,0.14us,-72.2Hz,,"[6,",,1
2025-07-30 13:41:21.600973,PHY,0x4601,1,0,na,"[0,",0,0,1,2324.1,+19.4dB,24.4us,"[0,",1,549.18,normal,0,valid,-14.9dB,-15.0dB,na,na,,,,
2025-07-30 13:41:21.601521,PHY,0x4601,1,0,na,"[0,",0,0,1,2166.8,+19.1dB,15.4us,"[0,",1,549.19,normal,0,valid,-14.9dB,-15.0dB,na,na,,,,
2025-07-30 13:41:21.605640,CSI,0x4601,2,,na,"[0,",,,1,,+33.2dB,17.5us,"[0,",1,550.8,normal,0,valid,-12.0dB,-12.1dB,0.14us,-2.2Hz,,"[6,",1111,1
2025-07-30 13:41:21.606493,PHY,0x4601,1,0,na,"[0,",0,0,1,3513.8,+21.2dB,20.0us,"[0,",1,550.9,normal,0,valid,-15.0dB,-15.0dB,na,na,,,,
2025-07-30 13:41:21.610048,PHY,0x4601,2,,na,"[0,",,,11111,,+29.3dB,15.4us,"[0,",1,550.17,normal,0,valid,-12.2dB,-12.3dB,0.15us,+20.9Hz,,"[6,",,1
2025-07-30 13:41:21.610972,PHY,0x4601,1,0,na,"[0,",0,0,1,2222.5,+19.2dB,18.5us,"[0,",1,550.18,normal,0,valid,-14.9dB,-15.0dB,na,na,,,,
2025-07-30 13:41:21.611483,PHY,0x4601,1,0,na,"[0,",0,0,1,2356.3,+19.5dB,15.9us,"[0,",1,550.19,normal,0,valid,-14.9dB,-14.9dB,na,na,,,,
2025-07-30 13:41:21.616059,PHY,0x4601,1,0,na,"[0,",0,0,1,2329.6,+19.4dB,20.1us,"[0,",1,551.8,normal,0,valid,-14.9dB,-14.9dB,na,na,,,,
2025-07-30 13:41:21.616521,PHY,0x4601,1,0,na,"[0,",0,0,1,2467.5,+19.7dB,14.5us,"[0,",1,551.9,normal,0,valid,-14.9dB,-15.0dB,na,na,,,,
2025-07-30 13:41:21.620070,PHY,0x4601,2,,na,"[0,",,,11111,,+33.4dB,15.7us,"[0,",1,551.17,normal,0,valid,-12.2dB,-12.2dB,0.13us,-17.9Hz,,"[6,",,1
2025-07-30 13:41:21.621003,PHY,0x4601,1,0,na,"[0,",0,0,1,3522.8,+21.2dB,16.1us,"[0,",1,551.18,normal,0,valid,-14.9dB,-15.0dB,na,na,,,,
2025-07-30 13:41:21.621482,PHY,0x4601,1,0,na,"[0,",0,0,1,3788.4,+21.5dB,16.0us,"[0,",1,551.19,normal,0,valid,-14.9dB,-15.0dB,na,na,,,,
2025-07-30 13:41:21.625610,CSI,0x4601,2,,na,"[0,",,,1,,+34.8dB,13.1us,"[0,",1,552.8,normal,0,valid,-12.1dB,-12.1dB,0.15us,-101.4Hz,,"[6,",1111,1
2025-07-30 13:41:21.626477,PHY,0x4601,1,0,na,"[0,",0,0,1,2471.5,+19.7dB,16.2us,"[0,",1,552.9,normal,0,valid,-14.9dB,-15.0dB,na,na,,,,
2025-07-30 13:41:21.630094,PHY,0x4601,2,,na,"[0,",,,11111,,+32.1dB,17.7us,"[0,",1,552.17,normal,0,valid,-12.2dB,-12.2dB,0.14us,+27.6Hz,,"[6,",,1
2025-07-30 13:41:21.631042,PHY,0x4601,1,0,na,"[0,",0,0,1,2498.4,+19.7dB,17.7us,"[0,",1,552.18,normal,0,valid,-14.9dB,-14.9dB,na,na,,,,
2025-07-30 13:41:21.631509,PHY,0x4601,1,0,na,"[0,",0,0,1,2377.7,+19.5dB,14.9us,"[0,",1,552.19,normal,0,valid,-14.9dB,-14.9dB,na,na,,,,
2025-07-30 13:41:21.635997,PHY,0x4601,1,0,na,"[0,",0,0,1,2486.1,+19.7dB,16.8us,"[0,",1,553.8,normal,0,valid,-14.9dB,-15.0dB,na,na,,,,
2025-07-30 13:41:21.636465,PHY,0x4601,1,0,na,"[0,",0,0,1,2332.7,+19.4dB,14.8us,"[0,",1,553.9,normal,0,valid,-15.0dB,-15.0dB,na,na,,,,
2025-07-30 13:41:21.640035,PHY,0x4601,2,,na,"[0,",,,11111,,+30.7dB,16.5us,"[0,",1,553.17,normal,0,valid,-12.1dB,-12.1dB,0.12us,+44.2Hz,,"[6,",,1
2025-07-30 13:41:21.640960,PHY,0x4601,1,0,na,"[0,",0,0,1,2382.3,+19.5dB,15.4us,"[0,",1,553.18,normal,0,valid,-14.9dB,-15.0dB,na,na,,,,
2025-07-30 13:41:21.641555,PHY,0x4601,1,0,na,"[0,",0,0,1,2383.9,+19.5dB,15.3us,"[0,",1,553.19,normal,0,valid,-15.0dB,-15.0dB,na,na,,,,
2025-07-30 13:41:21.645592,CSI,0x4601,2,,na,"[0,",,,1,,+31.2dB,13.0us,"[0,",1,554.8,normal,0,valid,-12.1dB,-12.1dB,0.15us,-102.9Hz,,"[6,",1111,1
2025-07-30 13:41:21.646506,PHY,0x4601,1,0,na,"[0,",0,0,1,2389.2,+19.5dB,18.1us,"[0,",1,554.9,normal,0,valid,-14.9dB,-15.0dB,na,na,,,,
2025-07-30 13:41:21.650048,PHY,0x4601,2,,na,"[0,",,,11111,,+30.4dB,15.0us,"[0,",1,554.17,normal,0,valid,-12.1dB,-12.1dB,0.13us,+37.3Hz,,"[6,",,1
2025-07-30 13:41:21.650996,PHY,0x4601,1,0,na,"[0,",0,0,1,3371.7,+21.0dB,16.4us,"[0,",1,554.18,normal,0,valid,-14.9dB,-15.0dB,na,na,,,,
2025-07-30 13:41:21.651471,PHY,0x4601,1,0,na,"[0,",0,0,1,3503.7,+21.2dB,14.2us,"[0,",1,554.19,normal,0,valid,-14.9dB,-15.0dB,na,na,,,,
2025-07-30 13:41:21.655949,PHY,0x4601,1,0,na,"[0,",0,0,1,2436.3,+19.6dB,18.7us,"[0,",1,555.8,normal,0,valid,-14.9dB,-15.0dB,na,na,,,,
2025-07-30 13:41:21.656544,PHY,0x4601,1,0,na,"[0,",0,0,1,2372.9,+19.5dB,15.8us,"[0,",1,555.9,normal,0,valid,-14.9dB,-15.0dB,na,na,,,,
2025-07-30 13:41:21.660084,PHY,0x4601,2,,na,"[0,",,,11111,,+31.5dB,15.4us,"[0,",1,555.17,normal,0,valid,-12.2dB,-12.2dB,0.14us,-67.8Hz,,"[6,",,1
2025-07-30 13:41:21.661045,PHY,0x4601,1,0,na,"[0,",0,0,1,2381.7,+19.5dB,23.9us,"[0,",1,555.18,normal,0,valid,-14.9dB,-15.0dB,na,na,,,,
2025-07-30 13:41:21.661499,PHY,0x4601,1,0,na,"[0,",0,0,1,2537.2,+19.8dB,15.4us,"[0,",1,555.19,normal,0,valid,-14.9dB,-15.0dB,na,na,,,,
2025-07-30 13:41:21.665610,CSI,0x4601,2,,na,"[0,",,,1,,+36.3dB,15.1us,"[0,",1,556.8,normal,0,valid,-12.1dB,-12.1dB,0.13us,-3.0Hz,,"[6,",1111,1
2025-07-30 13:41:21.666471,PHY,0x4601,1,0,na,"[0,",0,0,1,2322.9,+19.4dB,29.2us,"[0,",1,556.9,normal,0,valid,-15.0dB,-15.0dB,na,na,,,,
2025-07-30 13:41:21.670119,PHY,0x4601,2,,na,"[0,",,,11111,,+35.2dB,14.8us,"[0,",1,556.17,normal,0,valid,-12.2dB,-12.2dB,0.14us,-88.4Hz,,"[6,",,1
2025-07-30 13:41:21.670944,PHY,0x4601,1,0,na,"[0,",0,0,1,2416.6,+19.6dB,15.8us,"[0,",1,556.18,normal,0,valid,-14.9dB,-15.0dB,na,na,,,,
2025-07-30 13:41:21.671553,PHY,0x4601,1,0,na,"[0,",0,0,1,2281.5,+19.3dB,15.0us,"[0,",1,556.19,normal,0,valid,-14.9dB,-15.0dB,na,na,,,,
2025-07-30 13:41:21.676037,PHY,0x4601,1,0,na,"[0,",0,0,1,2351.0,+19.5dB,18.7us,"[0,",1,557.8,normal,0,valid,-14.9dB,-15.0dB,na,na,,,,
2025-07-30 13:41:21.676500,PHY,0x4601,1,0,na,"[0,",0,0,1,2244.8,+19.3dB,15.1us,"[0,",1,557.9,normal,0,valid,-14.9dB,-15.0dB,na,na,,,,
2025-07-30 13:41:21.680032,PHY,0x4601,2,,na,"[0,",,,11111,,+26.7dB,15.4us,"[0,",1,557.17,normal,0,valid,-12.2dB,-12.3dB,0.14us,+63.3Hz,,"[6,",,1
2025-07-30 13:41:21.680979,PHY,0x4601,1,0,na,"[0,",0,0,1,2316.3,+19.4dB,17.3us,"[0,",1,557.18,normal,0,valid,-14.9dB,-15.0dB,na,na,,,,
2025-07-30 13:41:21.681445,PHY,0x4601,1,0,na,"[0,",0,0,1,2501.4,+19.7dB,14.4us,"[0,",1,557.19,normal,0,valid,-15.0dB,-15.0dB,na,na,,,,
2025-07-30 13:41:21.685601,CSI,0x4601,2,,na,"[0,",,,1,,+33.4dB,13.8us,"[0,",1,558.8,normal,0,valid,-12.2dB,-12.3dB,0.17us,+57.7Hz,,"[6,",1111,1
2025-07-30 13:41:21.686542,PHY,0x4601,1,0,na,"[0,",0,0,1,3750.3,+21.5dB,17.3us,"[0,",1,558.9,normal,0,valid,-14.9dB,-15.0dB,na,na,,,,
2025-07-30 13:41:21.690100,PHY,0x4601,2,,na,"[0,",,,11111,,+30.9dB,15.2us,"[0,",1,558.17,normal,0,valid,-12.1dB,-12.2dB,0.15us,+46.1Hz,,"[6,",,1
2025-07-30 13:41:21.691033,PHY,0x4601,1,0,na,"[0,",0,0,1,2520.7,+19.8dB,17.4us,"[0,",1,558.18,normal,0,valid,-14.9dB,-15.0dB,na,na,,,,
2025-07-30 13:41:21.691480,PHY,0x4601,1,0,na,"[0,",0,0,1,2263.4,+19.3dB,14.7us,"[0,",1,558.19,normal,0,valid,-14.9dB,-15.0dB,na,na,,,,
2025-07-30 13:41:21.695985,PHY,0x4601,1,0,na,"[0,",0,0,1,2340.1,+19.4dB,23.6us,"[0,",1,559.8,normal,0,valid,-14.9dB,-14.9dB,na,na,,,,
2025-07-30 13:41:21.696455,PHY,0x4601,1,0,na,"[0,",0,0,1,2478.5,+19.7dB,18.8us,"[0,",1,559.9,normal,0,valid,-15.0dB,-15.0dB,na,na,,,,
2025-07-30 13:41:21.700111,PHY,0x4601,2,,na,"[0,",,,11111,,+32.8dB,16.7us,"[0,",1,559.17,normal,0,valid,-12.2dB,-12.3dB,0.14us,+18.4Hz,,"[6,",,1
2025-07-30 13:41:21.701038,PHY,0x4601,1,0,na,"[0,",0,0,1,3626.0,+21.3dB,18.3us,"[0,",1,559.18,normal,0,valid,-14.9dB,-15.0dB,na,na,,,,
2025-07-30 13:41:21.701528,PHY,0x4601,1,0,na,"[0,",0,0,1,3472.1,+21.1dB,14.4us,"[0,",1,559.19,normal,0,valid,-14.9dB,-15.0dB,na,na,,,,
2025-07-30 13:41:21.705619,CSI,0x4601,2,,na,"[0,",,,1,,+29.5dB,15.6us,"[0,",1,560.8,normal,0,valid,-12.1dB,-12.1dB,0.16us,-84.4Hz,,"[6,",1111,1
2025-07-30 13:41:21.706479,PHY,0x4601,1,0,na,"[0,",0,0,1,3666.4,+21.4dB,16.8us,"[0,",1,560.9,normal,0,valid,-14.9dB,-15.0dB,na,na,,,,
2025-07-30 13:41:21.710025,PHY,0x4601,2,,na,"[0,",,,11111,,+31.4dB,16.0us,"[0,",1,560.17,normal,0,valid,-12.1dB,-12.1dB,0.15us,-27.2Hz,,"[6,",,1
2025-07-30 13:41:21.710965,PHY,0x4601,1,0,na,"[0,",0,0,1,2342.1,+19.4dB,16.5us,"[0,",1,560.18,normal,0,valid,-14.9dB,-15.0dB,na,na,,,,
2025-07-30 13:41:21.711455,PHY,0x4601,1,0,na,"[0,",0,0,1,2291.9,+19.4dB,20.0us,"[0,",1,560.19,normal,0,valid,-14.9dB,-14.9dB,na,na,,,,
2025-07-30 13:41:21.716037,PHY,0x4601,1,0,na,"[0,",0,0,1,2099.2,+19.0dB,20.1us,"[0,",1,561.8,normal,0,valid,-14.9dB,-15.0dB,na,na,,,,
2025-07-30 13:41:21.716533,PHY,0x4601,1,0,na,"[0,",0,0,1,2503.8,+19.7dB,15.0us,"[0,",1,561.9,normal,0,valid,-14.9dB,-15.0dB,na,na,,,,
2025-07-30 13:41:21.720072,PHY,0x4601,2,,na,"[0,",,,11111,,+33.6dB,16.6us,"[0,",1,561.17,normal,0,valid,-12.0dB,-12.0dB,0.14us,+114.3Hz,,"[6,",,1
2025-07-30 13:41:21.721019,PHY,0x4601,1,0,na,"[0,",0,0,0,3858.0,+21.6dB,16.1us,"[0,",1,561.18,normal,0,valid,-14.9dB,-14.9dB,na,na,,,,
2025-07-30 13:41:21.721476,PHY,0x4601,1,0,na,"[0,",0,0,1,3620.4,+21.3dB,14.7us,"[0,",1,561.19,normal,0,valid,-15.0dB,-15.0dB,na,na,,,,
2025-07-30 13:41:21.725618,CSI,0x4601,2,,na,"[0,",,,1,,+30.0dB,14.5us,"[0,",1,562.8,normal,0,valid,-12.1dB,-12.1dB,0.15us,+38.6Hz,,"[6,",1111,1
2025-07-30 13:41:21.726544,PHY,0x4601,1,0,na,"[0,",0,0,1,3742.0,+21.5dB,20.9us,"[0,",1,562.9,normal,0,valid,-14.9dB,-15.0dB,na,na,,,,
2025-07-30 13:41:21.730093,PHY,0x4601,2,,na,"[0,",,,11111,,+32.2dB,17.4us,"[0,",1,562.17,normal,0,valid,-12.1dB,-12.1dB,0.13us,-36.4Hz,,"[6,",,1
2025-07-30 13:41:21.731031,PHY,0x4601,1,0,na,"[0,",0,0,1,4065.1,+21.9dB,19.2us,"[0,",1,562.18,normal,0,valid,-14.9dB,-15.0dB,na,na,,,,
2025-07-30 13:41:21.731525,PHY,0x4601,1,0,na,"[0,",0,0,1,3914.2,+21.7dB,16.9us,"[0,",1,562.19,normal,0,valid,-14.9dB,-14.9dB,na,na,,,,
2025-07-30 13:41:21.736013,PHY,0x4601,1,0,na,"[0,",0,0,1,2458.8,+19.7dB,17.6us,"[0,",1,563.8,normal,0,valid,-14.9dB,-14.9dB,na,na,,,,
2025-07-30 13:41:21.736468,PHY,0x4601,1,0,na,"[0,",0,0,1,2399.5,+19.6dB,14.9us,"[0,",1,563.9,normal,0,valid,-14.9dB,-14.9dB,na,na,,,,
2025-07-30 13:41:21.740168,PHY,0x4601,2,,na,"[0,",,,11111,,+30.8dB,15.6us,"[0,",1,563.17,normal,0,valid,-12.2dB,-12.2dB,0.15us,+87.5Hz,,"[6,",,1
2025-07-30 13:41:21.740966,PHY,0x4601,1,0,na,"[0,",0,0,1,2211.6,+19.2dB,15.9us,"[0,",1,563.18,normal,0,valid,-14.9dB,-15.0dB,na,na,,,,
2025-07-30 13:41:21.741530,PHY,0x4601,1,0,na,"[0,",0,0,1,2371.9,+19.5dB,13.9us,"[0,",1,563.19,normal,0,valid,-14.9dB,-14.9dB,na,na,,,,
2025-07-30 13:41:21.745566,CSI,0x4601,2,,na,"[0,",,,1,,+33.1dB,13.1us,"[0,",1,564.8,normal,0,valid,-12.1dB,-12.1dB,0.14us,-38.4Hz,,"[6,",1111,1
2025-07-30 13:41:21.746513,PHY,0x4601,1,0,na,"[0,",0,0,1,2292.7,+19.3dB,17.4us,"[0,",1,564.9,normal,0,valid,-14.9dB,-15.0dB,na,na,,,,
2025-07-30 13:41:21.750039,PHY,0x4601,2,,na,"[0,",,,11111,,+31.5dB,14.3us,"[0,",1,564.17,normal,0,valid,-12.1dB,-12.1dB,0.14us,+53.4Hz,,"[6,",,1
2025-07-30 13:41:21.751004,PHY,0x4601,1,0,na,"[0,",0,0,1,3495.8,+21.2dB,15.8us,"[0,",1,564.18,normal,0,valid,-14.9dB,-14.9dB,na,na,,,,
2025-07-30 13:41:21.751473,PHY,0x4601,1,0,na,"[0,",0,0,1,3553.6,+21.3dB,19.7us,"[0,",1,564.19,normal,0,valid,-14.9dB,-14.9dB,na,na,,,,
2025-07-30 13:41:21.755969,PHY,0x4601,1,0,na,"[0,",0,0,1,2345.7,+19.5dB,16.8us,"[0,",1,565.8,normal,0,valid,-14.9dB,-15.0dB,na,na,,,,
2025-07-30 13:41:21.756547,PHY,0x4601,1,0,na,"[0,",0,0,1,2424.8,+19.6dB,21.0us,"[0,",1,565.9,normal,0,valid,-14.9dB,-15.0dB,na,na,,,,
2025-07-30 13:41:21.760075,PHY,0x4601,2,,na,"[0,",,,11111,,+33.7dB,15.4us,"[0,",1,565.17,normal,0,valid,-12.2dB,-12.2dB,0.13us,-59.8Hz,,"[6,",,1
2025-07-30 13:41:21.761013,PHY,0x4601,1,0,na,"[0,",0,0,1,3424.0,+21.0dB,16.4us,"[0,",1,565.18,normal,0,valid,-14.9dB,-15.0dB,na,na,,,,
2025-07-30 13:41:21.761513,PHY,0x4601,1,0,na,"[0,",0,0,1,3610.3,+21.3dB,14.1us,"[0,",1,565.19,normal,0,valid,-14.9dB,-15.0dB,na,na,,,,
2025-07-30 13:41:21.765639,CSI,0x4601,2,,na,"[0,",,,1,,+31.4dB,12.6us,"[0,",1,566.8,normal,0,valid,-12.1dB,-12.1dB,0.15us,-76.4Hz,,"[6,",1111,1
2025-07-30 13:41:21.766462,PHY,0x4601,1,0,na,"[0,",0,0,1,2456.4,+19.6dB,15.7us,"[0,",1,566.9,normal,0,valid,-14.9dB,-15.0dB,na,na,,,,
2025-07-30 13:41:21.770095,PHY,0x4601,2,,na,"[0,",,,11111,,+34.1dB,13.5us,"[0,",1,566.17,normal,0,valid,-12.2dB,-12.2dB,0.16us,+73.5Hz,,"[6,",,1
2025-07-30 13:41:21.770947,PHY,0x4601,1,0,na,"[0,",0,0,1,3758.8,+21.5dB,15.6us,"[0,",1,566.18,normal,0,valid,-14.9dB,-15.0dB,na,na,,,,
2025-07-30 13:41:21.771515,PHY,0x4601,1,0,na,"[0,",0,0,1,3380.1,+21.0dB,13.4us,"[0,",1,566.19,normal,0,valid,-14.9dB,-15.0dB,na,na,,,,
2025-07-30 13:41:21.776015,PHY,0x4601,1,0,na,"[0,",0,0,1,2323.5,+19.4dB,21.2us,"[0,",1,567.8,normal,0,valid,-14.9dB,-15.0dB,na,na,,,,
2025-07-30 13:41:21.776511,PHY,0x4601,1,0,na,"[0,",0,0,1,2232.3,+19.2dB,14.8us,"[0,",1,567.9,normal,0,valid,-14.9dB,-15.0dB,na,na,,,,
2025-07-30 13:41:21.780031,PHY,0x4601,2,,na,"[0,",,,11111,,+29.5dB,17.4us,"[0,",1,567.17,normal,0,valid,-12.1dB,-12.1dB,0.13us,+60.2Hz,,"[6,",,1
2025-07-30 13:41:21.780994,PHY,0x4601,1,0,na,"[0,",0,0,1,2337.6,+19.5dB,16.5us,"[0,",1,567.18,normal,0,valid,-14.9dB,-14.9dB,na,na,,,,
2025-07-30 13:41:21.781458,PHY,0x4601,1,0,na,"[0,",0,0,1,2270.1,+19.3dB,14.6us,"[0,",1,567.19,normal,0,valid,-14.9dB,-15.0dB,na,na,,,,
2025-07-30 13:41:21.785597,CSI,0x4601,2,,na,"[0,",,,1,,+27.9dB,14.4us,"[0,",1,568.8,normal,0,valid,-12.1dB,-12.1dB,0.13us,-16.8Hz,,"[6,",1111,1
2025-07-30 13:41:21.786513,PHY,0x4601,1,0,na,"[0,",0,0,1,3335.1,+20.9dB,16.5us,"[0,",1,568.9,normal,0,valid,-14.9dB,-15.0dB,na,na,,,,
2025-07-30 13:41:21.790064,PHY,0x4601,2,,na,"[0,",,,11111,,+32.5dB,16.6us,"[0,",1,568.17,normal,0,valid,-12.1dB,-12.2dB,0.16us,+40.2Hz,,"[6,",,1
2025-07-30 13:41:21.791002,PHY,0x4601,1,0,na,"[0,",0,0,1,2370.6,+19.5dB,16.5us,"[0,",1,568.18,normal,0,valid,-15.0dB,-15.0dB,na,na,,,,
2025-07-30 13:41:21.791502,PHY,0x4601,1,0,na,"[0,",0,0,1,2176.4,+19.1dB,14.0us,"[0,",1,568.19,normal,0,valid,-14.9dB,-15.0dB,na,na,,,,
2025-07-30 13:41:21.796000,PHY,0x4601,1,0,na,"[0,",0,0,1,2259.9,+19.3dB,21.1us,"[0,",1,569.8,normal,0,valid,-15.0dB,-15.0dB,na,na,,,,
2025-07-30 13:41:21.796449,PHY,0x4601,1,0,na,"[0,",0,0,1,2375.8,+19.5dB,18.2us,"[0,",1,569.9,normal,0,valid,-14.9dB,-15.0dB,na,na,,,,
2025-07-30 13:41:21.800094,PHY,0x4601,2,,na,"[0,",,,11111,,+32.2dB,15.4us,"[0,",1,569.17,normal,0,valid,-12.1dB,-12.1dB,0.14us,+41.3Hz,,"[6,",,1
2025-07-30 13:41:21.801040,PHY,0x4601,1,0,na,"[0,",0,0,1,3653.3,+21.4dB,17.0us,"[0,",1,569.18,normal,0,valid,-14.9dB,-15.0dB,na,na,,,,
2025-07-30 13:41:21.801512,PHY,0x4601,1,0,na,"[0,",0,0,1,3718.4,+21.4dB,22.6us,"[0,",1,569.19,normal,0,valid,-14.9dB,-15.0dB,na,na,,,,
2025-07-30 13:41:21.805604,CSI,0x4601,2,,na,"[0,",,,1,,+32.9dB,19.9us,"[0,",1,570.8,normal,0,valid,-12.0dB,-12.0dB,0.15us,+103.7Hz,,"[6,",1111,1
2025-07-30 13:41:21.806499,PHY,0x4601,1,0,na,"[0,",0,0,1,3292.9,+20.9dB,17.0us,"[0,",1,570.9,normal,0,valid,-15.0dB,-15.0dB,na,na,,,,
2025-07-30 13:41:21.810010,PHY,0x4601,2,,na,"[0,",,,11111,,+33.2dB,14.4us,"[0,",1,570.17,normal,0,valid,-12.2dB,-12.2dB,0.15us,+9.7Hz,,"[6,",,1
2025-07-30 13:41:21.810990,PHY,0x4601,1,0,na,"[0,",0,0,1,3353.1,+21.0dB,16.0us,"[0,",1,570.18,normal,0,valid,-15.0dB,-15.0dB,na,na,,,,
2025-07-30 13:41:21.811549,PHY,0x4601,1,0,na,"[0,",0,0,1,3501.7,+21.2dB,18.8us,"[0,",1,570.19,normal,0,valid,-14.9dB,-15.0dB,na,na,,,,
2025-07-30 13:41:21.816036,PHY,0x4601,1,0,na,"[0,",0,0,1,2379.2,+19.5dB,21.0us,"[0,",1,571.8,normal,0,valid,-14.9dB,-14.9dB,na,na,,,,
2025-07-30 13:41:21.816514,PHY,0x4601,1,0,na,"[0,",0,0,1,2253.2,+19.3dB,16.9us,"[0,",1,571.9,normal,0,valid,-14.9dB,-15.0dB,na,na,,,,
2025-07-30 13:41:21.820069,PHY,0x4601,2,,na,"[0,",,,11111,,+35.3dB,19.2us,"[0,",1,571.17,normal,0,valid,-12.2dB,-12.3dB,0.15us,+62.5Hz,,"[6,",,1
2025-07-30 13:41:21.820991,PHY,0x4601,1,0,na,"[0,",0,0,1,2160.9,+19.1dB,17.8us,"[0,",1,571.18,normal,0,valid,-15.0dB,-15.0dB,na,na,,,,
2025-07-30 13:41:21.821494,PHY,0x4601,1,0,na,"[0,",0,0,1,2275.9,+19.3dB,16.2us,"[0,",1,571.19,normal,0,valid,-14.9dB,-15.0dB,na,na,,,,
2025-07-30 13:41:21.825606,CSI,0x4601,2,,na,"[0,",,,1,,+29.7dB,18.2us,"[0,",1,572.8,normal,0,valid,-12.1dB,-12.1dB,0.16us,+112.3Hz,,"[6,",1111,1
2025-07-30 13:41:21.826540,PHY,0x4601,1,0,na,"[0,",0,0,1,3232.7,+20.8dB,16.7us,"[0,",1,572.9,normal,0,valid,-15.0dB,-15.0dB,na,na,,,,
2025-07-30 13:41:21.830090,PHY,0x4601,2,,na,"[0,",,,11111,,+34.0dB,16.4us,"[0,",1,572.17,normal,0,valid,-12.1dB,-12.1dB,0.14us,-109.5Hz,,"[6,",,1
2025-07-30 13:41:21.831019,PHY,0x4601,1,0,na,"[0,",0,0,1,2266.4,+19.3dB,16.7us,"[0,",1,572.18,normal,0,valid,-14.9dB,-15.0dB,na,na,,,,
2025-07-30 13:41:21.831492,PHY,0x4601,1,0,na,"[0,",0,0,1,2671.5,+20.0dB,14.9us,"[0,",1,572.19,normal,0,valid,-14.9dB,-15.0dB,na,na,,,,
2025-07-30 13:41:21.835990,PHY,0x4601,1,0,na,"[0,",0,0,1,2206.6,+19.2dB,20.0us,"[0,",1,573.8,normal,0,valid,-14.9dB,-15.0dB,na,na,,,,
2025-07-30 13:41:21.836513,PHY,0x4601,1,0,na,"[0,",0,0,1,2304.3,+19.4dB,19.0us,"[0,",1,573.9,normal,0,valid,-14.9dB,-15.0dB,na,na,,,,
2025-07-30 13:41:21.840130,PHY,0x4601,2,,na,"[0,",,,11111,,+35.0dB,25.3us,"[0,",1,573.17,normal,0,valid,-12.0dB,-12.1dB,0.14us,+50.5Hz,,"[6,",,1
2025-07-30 13:41:21.840977,PHY,0x4601,1,0,na,"[0,",0,0,1,2349.4,+19.4dB,16.0us,"[0,",1,573.18,normal,0,valid,-14.9dB,-15.0dB,na,na,,,,
2025-07-30 13:41:21.841533,PHY,0x4601,1,0,na,"[0,",0,0,1,2456.9,+19.6dB,23.2us,"[0,",1,573.19,normal,0,valid,-14.9dB,-15.0dB,na,na,,,,
2025-07-30 13:41:21.845636,CSI,0x4601,2,,na,"[0,",,,1,,+36.9dB,11.5us,"[0,",1,574.8,normal,0,valid,-12.2dB,-12.2dB,0.16us,+65.9Hz,,"[6,",1111,1
2025-07-30 13:41:21.846487,PHY,0x4601,1,0,na,"[0,",0,0,1,2446.7,+19.6dB,16.0us,"[0,",1,574.9,normal,0,valid,-14.9dB,-15.0dB,na,na,,,,
2025-07-30 13:41:21.850050,PHY,0x4601,2,,na,"[0,",,,11111,,+35.5dB,14.0us,"[0,",1,574.17,normal,0,valid,-12.1dB,-12.1dB,0.16us,+189.1Hz,,"[6,",,1
2025-07-30 13:41:21.850983,PHY,0x4601,1,0,na,"[0,",0,0,1,2464.6,+19.7dB,22.7us,"[0,",1,574.18,normal,0,valid,-14.9dB,-15.0dB,na,na,,,,
2025-07-30 13:41:21.851487,PHY,0x4601,1,0,na,"[0,",0,0,1,2375.4,+19.5dB,16.4us,"[0,",1,574.19,normal,0,valid,-14.9dB,-15.0dB,na,na,,,,
2025-07-30 13:41:21.855972,PHY,0x4601,1,0,na,"[0,",0,0,1,2450.7,+19.6dB,18.5us,"[0,",1,575.8,normal,0,valid,-14.9dB,-15.0dB,na,na,,,,
2025-07-30 13:41:21.856533,PHY,0x4601,1,0,na,"[0,",0,0,1,2327.2,+19.4dB,16.1us,"[0,",1,575.9,normal,0,valid,-14.9dB,-15.0dB,na,na,,,,
2025-07-30 13:41:21.860078,PHY,0x4601,2,,na,"[0,",,,11111,,+34.2dB,16.5us,"[0,",1,575.17,normal,0,valid,-12.2dB,-12.2dB,0.15us,+76.1Hz,,"[6,",,1
2025-07-30 13:41:21.861010,PHY,0x4601,1,0,na,"[0,",0,0,1,3680.9,+21.4dB,16.7us,"[0,",1,575.18,normal,0,valid,-14.9dB,-15.0dB,na,na,,,,
2025-07-30 13:41:21.861483,PHY,0x4601,1,0,na,"[0,",0,0,1,3617.6,+21.3dB,19.5us,"[0,",1,575.19,normal,0,valid,-14.9dB,-15.0dB,na,na,,,,
2025-07-30 13:41:21.865655,CSI,0x4601,2,,na,"[0,",,,1,,+29.1dB,16.9us,"[0,",1,576.8,normal,0,valid,-12.2dB,-12.2dB,0.14us,-56.2Hz,,"[6,",1111,1
2025-07-30 13:41:21.866489,PHY,0x4601,1,0,na,"[0,",0,0,1,2290.8,+19.3dB,21.0us,"[0,",1,576.9,normal,0,valid,-14.9dB,-15.0dB,na,na,,,,
2025-07-30 13:41:21.870129,PHY,0x4601,2,,na,"[0,",,,11111,,+28.3dB,15.0us,"[0,",1,576.17,normal,0,valid,-12.0dB,-12.1dB,0.14us,+26.2Hz,,"[6,",,1
2025-07-30 13:41:21.871050,PHY,0x4601,1,0,na,"[0,",0,0,1,3609.1,+21.3dB,21.9us,"[0,",1,576.18,normal,0,valid,-15.0dB,-15.0dB,na,na,,,,
2025-07-30 13:41:21.871510,PHY,0x4601,1,0,na,"[0,",0,0,1,3374.0,+21.0dB,14.2us,"[0,",1,576.19,normal,0,valid,-15.0dB,-15.0dB,na,na,,,,
2025-07-30 13:41:21.876008,PHY,0x4601,1,0,na,"[0,",0,0,1,2330.8,+19.4dB,16.8us,"[0,",1,577.8,normal,0,valid,-14.9dB,-15.0dB,na,na,,,,
2025-07-30 13:41:21.876485,PHY,0x4601,1,0,na,"[0,",0,0,1,2281.0,+19.3dB,27.7us,"[0,",1,577.9,normal,0,valid,-14.9dB,-15.0dB,na,na,,,,
2025-07-30 13:41:21.880037,PHY,0x4601,2,,na,"[0,",,,11111,,+30.0dB,14.4us,"[0,",1,577.17,normal,0,valid,-12.1dB,-12.2dB,0.14us,+131.3Hz,,"[6,",,1
2025-07-30 13:41:21.880974,PHY,0x4601,1,0,na,"[0,",0,0,1,3549.7,+21.2dB,30.2us,"[0,",1,577.18,normal,0,valid,-14.9dB,-15.0dB,na,na,,,,
2025-07-30 13:41:21.881469,PHY,0x4601,1,0,na,"[0,",0,0,1,3374.4,+21.0dB,14.7us,"[0,",1,577.19,normal,0,valid,-14.9dB,-15.0dB,na,na,,,,
2025-07-30 13:41:21.885573,CSI,0x4601,2,,na,"[0,",,,1,,+33.4dB,16.9us,"[0,",1,578.8,normal,0,valid,-12.0dB,-12.1dB,0.18us,+23.7Hz,,"[6,",1111,1
2025-07-30 13:41:21.886510,PHY,0x4601,1,0,na,"[0,",0,0,1,3555.2,+21.2dB,15.9us,"[0,",1,578.9,normal,0,valid,-14.9dB,-15.0dB,na,na,,,,
2025-07-30 13:41:21.890072,PHY,0x4601,2,,na,"[0,",,,11111,,+28.4dB,14.5us,"[0,",1,578.17,normal,0,valid,-12.2dB,-12.2dB,0.15us,-106.5Hz,,"[6,",,1
2025-07-30 13:41:21.890995,PHY,0x4601,1,0,na,"[0,",0,0,1,2303.7,+19.4dB,17.1us,"[0,",1,578.18,normal,0,valid,-14.9dB,-15.0dB,na,na,,,,
2025-07-30 13:41:21.891475,PHY,0x4601,1,0,na,"[0,",0,0,1,2199.6,+19.2dB,17.8us,"[0,",1,578.19,normal,0,valid,-14.9dB,-15.0dB,na,na,,,,
2025-07-30 13:41:21.895960,PHY,0x4601,1,0,na,"[0,",0,0,1,2358.2,+19.4dB,17.1us,"[0,",1,579.8,normal,0,valid,-14.9dB,-15.0dB,na,na,,,,
2025-07-30 13:41:21.896549,PHY,0x4601,1,0,na,"[0,",0,0,1,2419.4,+19.6dB,14.5us,"[0,",1,579.9,normal,0,valid,-14.9dB,-15.0dB,na,na,,,,
2025-07-30 13:41:21.900094,PHY,0x4601,2,,na,"[0,",,,11111,,+33.0dB,16.3us,"[0,",1,579.17,normal,0,valid,-12.0dB,-12.0dB,0.14us,+83.7Hz,,"[6,",,1
2025-07-30 13:41:21.901043,PHY,0x4601,1,0,na,"[0,",0,0,1,3043.6,+20.6dB,15.6us,"[0,",1,579.18,normal,0,valid,-14.9dB,-14.9dB,na,na,,,,
2025-07-30 13:41:21.901500,PHY,0x4601,1,0,na,"[0,",0,0,1,3547.3,+21.3dB,14.2us,"[0,",1,579.19,normal,0,valid,-14.9dB,-14.9dB,na,na,,,,
2025-07-30 13:41:21.905636,CSI,0x4601,2,,na,"[0,",,,1,,+31.7dB,12.4us,"[0,",1,580.8,normal,0,valid,-12.0dB,-12.0dB,0.17us,-133.8Hz,,"[6,",1111,1
2025-07-30 13:41:21.906480,PHY,0x4601,1,0,na,"[0,",0,0,1,2396.7,+19.5dB,20.4us,"[0,",1,580.9,normal,0,valid,-14.9dB,-15.0dB,na,na,,,,
2025-07-30 13:41:21.910125,PHY,0x4601,2,,na,"[0,",,,11111,,+28.9dB,15.3us,"[0,",1,580.17,normal,0,valid,-12.1dB,-12.1dB,0.15us,+104.2Hz,,"[6,",,1
2025-07-30 13:41:21.910952,PHY,0x4601,1,0,na,"[0,",0,0,1,3525.2,+21.2dB,21.6us,"[0,",1,580.18,normal,0,valid,-14.9dB,-15.0dB,na,na,,,,
2025-07-30 13:41:21.911550,PHY,0x4601,1,0,na,"[0,",0,0,1,3672.4,+21.4dB,18.7us,"[0,",1,580.19,normal,0,valid,-14.9dB,-14.9dB,na,na,,,,
2025-07-30 13:41:21.916041,PHY,0x4601,1,0,na,"[0,",0,0,1,2438.8,+19.6dB,22.1us,"[0,",1,581.8,normal,0,valid,-14.9dB,-15.0dB,na,na,,,,
2025-07-30 13:41:21.916509,PHY,0x4601,1,0,na,"[0,",0,0,1,2198.0,+19.1dB,18.7us,"[0,",1,581.9,normal,0,valid,-14.9dB,-15.0dB,na,na,,,,
2025-07-30 13:41:21.920039,PHY,0x4601,2,,na,"[0,",,,11111,,+31.6dB,15.2us,"[0,",1,581.17,normal,0,valid,-12.1dB,-12.1dB,0.15us,+159.4Hz,,"[6,",,1
2025-07-30 13:41:21.920990,PHY,0x4601,1,0,na,"[0,",0,0,1,2349.2,+19.5dB,16.5us,"[0,",1,581.18,normal,0,valid,-14.9dB,-15.0dB,na,na,,,,
2025-07-30 13:41:21.921453,PHY,0x4601,1,0,na,"[0,",0,0,1,2283.3,+19.3dB,14.3us,"[0,",1,581.19,normal,0,valid,-14.9dB,-15.0dB,na,na,,,,
2025-07-30 13:41:21.925613,CSI,0x4601,2,,na,"[0,",,,1,,+32.5dB,23.8us,"[0,",1,582.8,normal,0,valid,-12.0dB,-12.0dB,0.16us,+53.4Hz,,"[6,",1111,1
2025-07-30 13:41:21.926547,PHY,0x4601,1,0,na,"[0,",0,0,1,4007.6,+21.8dB,17.8us,"[0,",1,582.9,normal,0,valid,-14.9dB,-15.0dB,na,na,,,,
2025-07-30 13:41:21.930101,PHY,0x4601,2,,na,"[0,",,,11111,,+33.5dB,15.4us,"[0,",1,582.17,normal,0,valid,-12.3dB,-12.3dB,0.14us,+92.4Hz,,"[6,",,1
2025-07-30 13:41:21.931036,PHY,0x4601,1,0,na,"[0,",0,0,1,3788.2,+21.5dB,19.2us,"[0,",1,582.18,normal,0,valid,-14.9dB,-14.9dB,na,na,,,,
2025-07-30 13:41:21.931487,PHY,0x4601,1,0,na,"[0,",0,0,1,3427.9,+21.1dB,14.7us,"[0,",1,582.19,normal,0,valid,-14.9dB,-14.9dB,na,na,,,,
2025-07-30 13:41:21.935983,PHY,0x4601,1,0,na,"[0,",0,0,1,2350.5,+19.5dB,20.4us,"[0,",1,583.8,normal,0,valid,-14.9dB,-14.9dB,na,na,,,,
2025-07-30 13:41:21.936454,PHY,0x4601,1,0,na,"[0,",0,0,1,2367.0,+19.5dB,17.4us,"[0,",1,583.9,normal,0,valid,-14.9dB,-15.0dB,na,na,,,,
2025-07-30 13:41:21.940112,PHY,0x4601,2,,na,"[0,",,,11111,,+29.5dB,16.7us,"[0,",1,583.17,normal,0,valid,-12.2dB,-12.2dB,0.12us,-122.2Hz,,"[6,",,1
2025-07-30 13:41:21.940940,PHY,0x4601,1,0,na,"[0,",0,0,1,3373.3,+21.0dB,18.9us,"[0,",1,583.18,normal,0,valid,-14.9dB,-15.0dB,na,na,,,,
2025-07-30 13:41:21.941538,PHY,0x4601,1,0,na,"[0,",0,0,1,3360.4,+21.0dB,14.7us,"[0,",1,583.19,normal,0,valid,-15.0dB,-15.0dB,na,na,,,,
2025-07-30 13:41:21.945604,CSI,0x4601,2,,na,"[0,",,,1,,+33.5dB,11.4us,"[0,",1,584.8,normal,0,valid,-12.1dB,-12.1dB,0.15us,-92.6Hz,,"[6,",1111,1
2025-07-30 13:41:21.946509,PHY,0x4601,1,0,na,"[0,",0,0,1,3586.8,+21.3dB,21.3us,"[0,",1,584.9,normal,0,valid,-15.0dB,-15.0dB,na,na,,,,
2025-07-30 13:41:21.950025,PHY,0x4601,2,,na,"[0,",,,11111,,+31.3dB,15.8us,"[0,",1,584.17,normal,0,valid,-12.1dB,-12.1dB,0.16us,-54.3Hz,,"[6,",,1
2025-07-30 13:41:21.950972,PHY,0x4601,1,0,na,"[0,",0,0,1,3757.3,+21.5dB,18.1us,"[0,",1,584.18,normal,0,valid,-15.0dB,-15.0dB,na,na,,,,
2025-07-30 13:41:21.951462,PHY,0x4601,1,0,na,"[0,",0,0,1,3991.4,+21.8dB,14.9us,"[0,",1,584.19,normal,0,valid,-14.9dB,-15.0dB,na,na,,,,
2025-07-30 13:41:21.956049,PHY,0x4601,1,0,na,"[0,",0,0,1,2203.5,+19.2dB,22.3us,"[0,",1,585.8,normal,0,valid,-14.9dB,-15.0dB,na,na,,,,
2025-07-30 13:41:21.956538,PHY,0x4601,1,0,na,"[0,",0,0,1,2459.4,+19.7dB,14.6us,"[0,",1,585.9,normal,0,valid,-14.9dB,-15.0dB,na,na,,,,
2025-07-30 13:41:21.960100,PHY,0x4601,2,,na,"[0,",,,11111,,+30.0dB,21.4us,"[0,",1,585.17,normal,0,valid,-12.1dB,-12.1dB,0.13us,+31.1Hz,,"[6,",,1
2025-07-30 13:41:21.961037,PHY,0x4601,1,0,na,"[0,",0,0,1,3546.6,+21.2dB,20.7us,"[0,",1,585.18,normal,0,valid,-14.9dB,-14.9dB,na,na,,,,
2025-07-30 13:41:21.961492,PHY,0x4601,1,0,na,"[0,",0,0,1,3438.9,+21.1dB,17.2us,"[0,",1,585.19,normal,0,valid,-14.9dB,-15.0dB,na,na,,,,
2025-07-30 13:41:21.965616,CSI,0x4601,2,,na,"[0,",,,1,,+32.9dB,15.8us,"[0,",1,586.8,normal,0,valid,-12.0dB,-12.1dB,0.14us,+32.9Hz,,"[6,",1111,1
2025-07-30 13:41:21.966442,PHY,0x4601,1,0,na,"[0,",0,0,1,3358.0,+20.9dB,17.5us,"[0,",1,586.9,normal,0,valid,-14.9dB,-15.0dB,na,na,,,,
2025-07-30 13:41:21.970156,PHY,0x4601,2,,na,"[0,",,,11111,,+36.3dB,15.5us,"[0,",1,586.17,normal,0,valid,-12.1dB,-12.1dB,0.15us,+43.6Hz,,"[6,",,1
2025-07-30 13:41:21.971029,PHY,0x4601,1,0,na,"[0,",0,0,1,2321.3,+19.4dB,17.6us,"[0,",1,586.18,normal,0,valid,-14.9dB,-15.0dB,na,na,,,,
2025-07-30 13:41:21.971529,PHY,0x4601,1,0,na,"[0,",0,0,1,2114.6,+19.0dB,13.4us,"[0,",1,586.19,normal,0,valid,-14.9dB,-15.0dB,na,na,,,,
2025-07-30 13:41:21.976026,PHY,0x4601,1,0,na,"[0,",0,0,1,2234.0,+19.2dB,17.4us,"[0,",1,587.8,normal,0,valid,-14.9dB,-14.9dB,na,na,,,,
2025-07-30 13:41:21.976484,PHY,0x4601,1,0,na,"[0,",0,0,1,2267.6,+19.3dB,24.2us,"[0,",1,587.9,normal,0,valid,-14.9dB,-15.0dB,na,na,,,,
2025-07-30 13:41:21.980012,PHY,0x4601,2,,na,"[0,",,,11111,,+27.3dB,15.5us,"[0,",1,587.17,normal,0,valid,-12.2dB,-12.2dB,0.12us,+17.8Hz,,"[6,",,1
2025-07-30 13:41:21.980961,PHY,0x4601,1,0,na,"[0,",0,0,1,2258.6,+19.3dB,17.1us,"[0,",1,587.18,normal,0,valid,-14.9dB,-15.0dB,na,na,,,,
2025-07-30 13:41:21.981535,PHY,0x4601,1,0,na,"[0,",0,0,1,2323.1,+19.4dB,15.0us,"[0,",1,587.19,normal,0,valid,-14.9dB,-14.9dB,na,na,,,,
2025-07-30 13:41:21.985579,CSI,0x4601,2,,na,"[0,",,,1,,+30.4dB,23.6us,"[0,",1,588.8,normal,0,valid,-12.0dB,-12.1dB,0.15us,-48.4Hz,,"[6,",1111,1
2025-07-30 13:41:21.986523,PHY,0x4601,1,0,na,"[0,",0,0,1,3256.8,+20.9dB,16.2us,"[0,",1,588.9,normal,0,valid,-14.9dB,-15.0dB,na,na,,,,
2025-07-30 13:41:21.990047,PHY,0x4601,2,,na,"[0,",,,11111,,+31.5dB,16.0us,"[0,",1,588.17,normal,0,valid,-12.2dB,-12.2dB,0.14us,-70.9Hz,,"[6,",,1
2025-07-30 13:41:21.991017,PHY,0x4601,1,0,na,"[0,",0,0,1,3511.0,+21.2dB,21.3us,"[0,",1,588.18,normal,0,valid,-15.0dB,-15.0dB,na,na,,,,
2025-07-30 13:41:21.991473,PHY,0x4601,1,0,na,"[0,",0,0,1,3075.5,+20.6dB,18.2us,"[0,",1,588.19,normal,0,valid,-14.9dB,-15.0dB,na,na,,,,
2025-07-30 13:41:21.995965,PHY,0x4601,1,0,na,"[0,",0,0,1,2215.8,+19.2dB,18.6us,"[0,",1,589.8,normal,0,valid,-14.9dB,-15.0dB,na,na,,,,
2025-07-30 13:41:21.996530,PHY,0x4601,1,0,na,"[0,",0,0,1,2276.5,+19.3dB,17.9us,"[0,",1,589.9,normal,0,valid,-14.9dB,-15.0dB,na,na,,,,
2025-07-30 13:41:22.000092,PHY,0x4601,2,,na,"[0,",,,11111,,+35.3dB,17.5us,"[0,",1,589.17,normal,0,valid,-12.2dB,-12.2dB,0.15us,+28.8Hz,,"[6,",,1
2025-07-30 13:41:22.001024,PHY,0x4601,1,0,na,"[0,",0,0,1,2073.9,+18.9dB,17.4us,"[0,",1,589.18,normal,0,valid,-14.9dB,-15.0dB,na,na,,,,
2025-07-30 13:41:22.001543,PHY,0x4601,1,0,na,"[0,",0,0,1,2620.1,+19.9dB,32.1us,"[0,",1,589.19,normal,0,valid,-14.9dB,-15.0dB,na,na,,,,
2025-07-30 13:41:22.005585,CSI,0x4601,2,,na,"[0,",,,1,,+32.2dB,12.3us,"[0,",1,590.8,normal,0,valid,-12.1dB,-12.1dB,0.16us,+26.2Hz,,"[6,",1111,1
2025-07-30 13:41:22.006469,PHY,0x4601,1,0,na,"[0,",0,0,1,3415.0,+21.1dB,20.3us,"[0,",1,590.9,normal,0,valid,-14.9dB,-15.0dB,na,na,,,,
2025-07-30 13:41:22.010113,PHY,0x4601,2,,na,"[0,",,,11111,,+29.4dB,16.9us,"[0,",1,590.17,normal,0,valid,-12.2dB,-12.2dB,0.12us,+115.9Hz,,"[6,",,1
2025-07-30 13:41:22.010963,PHY,0x4601,1,0,na,"[0,",0,0,1,3644.7,+21.4dB,21.4us,"[0,",1,590.18,normal,0,valid,-14.9dB,-14.9dB,na,na,,,,
2025-07-30 13:41:22.011524,PHY,0x4601,1,0,na,"[0,",0,0,1,3729.7,+21.5dB,15.8us,"[0,",1,590.19,normal,0,valid,-14.9dB,-14.9dB,na,na,,,,
2025-07-30 13:41:22.016011,PHY,0x4601,1,0,na,"[0,",0,0,1,2147.7,+19.1dB,17.8us,"[0,",1,591.8,normal,0,valid,-14.9dB,-15.0dB,na,na,,,,
2025-07-30 13:41:22.016528,PHY,0x4601,1,0,na,"[0,",0,0,1,2280.1,+19.3dB,16.1us,"[0,",1,591.9,normal,0,valid,-14.9dB,-15.0dB,na,na,,,,
2025-07-30 13:41:22.020032,PHY,0x4601,2,,na,"[0,",,,11111,,+31.1dB,15.5us,"[0,",1,591.17,normal,0,valid,-12.1dB,-12.1dB,0.14us,+40.7Hz,,"[6,",,1
2025-07-30 13:41:22.020994,PHY,0x4601,1,0,na,"[0,",0,0,1,3374.1,+21.0dB,16.4us,"[0,",1,591.18,normal,0,valid,-14.9dB,-15.0dB,na,na,,,,
2025-07-30 13:41:22.021451,PHY,0x4601,1,0,na,"[0,",0,0,1,3653.5,+21.4dB,19.0us,"[0,",1,591.19,normal,0,valid,-14.9dB,-15.0dB,na,na,,,,
2025-07-30 13:41:22.025586,CSI,0x4601,2,,na,"[0,",,,1,,+32.5dB,14.5us,"[0,",1,592.8,normal,0,valid,-12.0dB,-12.0dB,0.13us,-107.9Hz,,"[6,",1111,1
2025-07-30 13:41:22.026521,PHY,0x4601,1,0,na,"[0,",0,0,1,3360.0,+21.0dB,18.7us,"[0,",1,592.9,normal,0,valid,-15.0dB,-15.0dB,na,na,,,,
2025-07-30 13:41:22.030076,PHY,0x4601,2,,na,"[0,",,,11111,,+30.4dB,19.1us,"[0,",1,592.17,normal,0,valid,-12.1dB,-12.1dB,0.15us,+33.9Hz,,"[6,",,1
2025-07-30 13:41:22.031007,PHY,0x4601,1,0,na,"[0,",0,0,1,3638.3,+21.4dB,15.9us,"[0,",1,592.18,normal,0,valid,-14.9dB,-14.9dB,na,na,,,,
2025-07-30 13:41:22.031508,PHY,0x4601,1,0,na,"[0,",0,0,1,3174.2,+20.8dB,25.8us,"[0,",1,592.19,normal,0,valid,-14.9dB,-15.0dB,na,na,,,,
2025-07-30 13:41:22.035986,PHY,0x4601,1,0,na,"[0,",0,0,1,2229.4,+19.2dB,17.3us,"[0,",1,593.8,normal,0,valid,-14.9dB,-15.0dB,na,na,,,,
2025-07-30 13:41:22.036444,PHY,0x4601,1,0,na,"[0,",0,0,1,2120.8,+19.0dB,14.6us,"[0,",1,593.9,normal,0,valid,-15.0dB,-15.0dB,na,na,,,,
2025-07-30 13:41:22.040113,PHY,0x4601,2,,na,"[0,",,,11111,,+32.8dB,16.4us,"[0,",1,593.17,normal,0,valid,-12.1dB,-12.2dB,0.15us,+101.3Hz,,"[6,",,1
2025-07-30 13:41:22.041044,PHY,0x4601,1,0,na,"[0,",0,0,1,3829.0,+21.6dB,21.1us,"[0,",1,593.18,normal,0,valid,-14.9dB,-15.0dB,na,na,,,,
2025-07-30 13:41:22.041505,PHY,0x4601,1,0,na,"[0,",0,0,1,3581.5,+21.3dB,14.1us,"[0,",1,593.19,normal,0,valid,-15.0dB,-15.0dB,na,na,,,,
2025-07-30 13:41:22.045601,CSI,0x4601,2,,na,"[0,",,,1,,+36.8dB,13.0us,"[0,",1,594.8,normal,0,valid,-12.1dB,-12.1dB,0.17us,+49.0Hz,,"[6,",1111,1
2025-07-30 13:41:22.046498,PHY,0x4601,1,0,na,"[0,",0,0,1,2516.8,+19.7dB,16.3us,"[0,",1,594.9,normal,0,valid,-14.9dB,-15.0dB,na,na,,,,
2025-07-30 13:41:22.050024,PHY,0x4601,2,,na,"[0,",,,11111,,+33.6dB,23.0us,"[0,",1,594.17,normal,0,valid,-12.0dB,-12.0dB,0.14us,+64.8Hz,,"[6,",,1
2025-07-30 13:41:22.050980,PHY,0x4601,1,0,na,"[0,",0,0,1,3546.4,+21.2dB,17.2us,"[0,",1,594.18,normal,0,valid,-14.9dB,-15.0dB,na,na,,,,
2025-07-30 13:41:22.051430,PHY,0x4601,1,0,na,"[0,",0,0,1,3348.3,+21.0dB,14.5us,"[0,",1,594.19,normal,0,valid,-14.9dB,-14.9dB,na,na,,,,
2025-07-30 13:41:22.056043,PHY,0x4601,1,0,na,"[0,",0,0,1,2222.5,+19.2dB,16.8us,"[0,",1,595.8,normal,0,valid,-14.9dB,-15.0dB,na,na,,,,
2025-07-30 13:41:22.056526,PHY,0x4601,1,0,na,"[0,",0,0,1,2315.9,+19.3dB,18.4us,"[0,",1,595.9,normal,0,valid,-14.9dB,-15.0dB,na,na,,,,
2025-07-30 13:41:22.060058,PHY,0x4601,2,,na,"[0,",,,11111,,+30.2dB,16.0us,"[0,",1,595.17,normal,0,valid,-12.2dB,-12.2dB,0.14us,+91.7Hz,,"[6,",,1
2025-07-30 13:41:22.060994,PHY,0x4601,1,0,na,"[0,",0,0,1,3872.2,+21.6dB,20.5us,"[0,",1,595.18,normal,0,valid,-14.9dB,-14.9dB,na,na,,,,
2025-07-30 13:41:22.061493,PHY,0x4601,1,0,na,"[0,",0,0,1,3533.1,+21.2dB,16.5us,"[0,",1,595.19,normal,0,valid,-14.9dB,-14.9dB,na,na,,,,
2025-07-30 13:41:22.065610,CSI,0x4601,2,,na,"[0,",,,1,,+29.9dB,15.4us,"[0,",1,596.8,normal,0,valid,-12.1dB,-12.2dB,0.15us,+26.3Hz,,"[6,",1111,1
2025-07-30 13:41:22.066540,PHY,0x4601,1,0,na,"[0,",0,0,1,3361.4,+21.0dB,16.1us,"[0,",1,596.9,normal,0,valid,-14.9dB,-14.9dB,na,na,,,,
2025-07-30 13:41:22.070091,PHY,0x4601,2,,na,"[0,",,,11111,,+31.5dB,17.7us,"[0,",1,596.17,normal,0,valid,-12.2dB,-12.2dB,0.14us,-28.9Hz,,"[6,",,1
2025-07-30 13:41:22.071019,PHY,0x4601,1,0,na,"[0,",0,0,1,2153.2,+19.1dB,16.1us,"[0,",1,596.18,normal,0,valid,-14.9dB,-15.0dB,na,na,,,,
2025-07-30 13:41:22.071500,PHY,0x4601,1,0,na,"[0,",0,0,1,2268.3,+19.3dB,15.7us,"[0,",1,596.19,normal,0,valid,-14.9dB,-15.0dB,na,na,,,,
2025-07-30 13:41:22.076008,PHY,0x4601,1,0,na,"[0,",0,0,1,2485.0,+19.7dB,22.2us,"[0,",1,597.8,normal,0,valid,-14.9dB,-14.9dB,na,na,,,,
2025-07-30 13:41:22.076499,PHY,0x4601,1,0,na,"[0,",0,0,1,2049.4,+18.8dB,28.7us,"[0,",1,597.9,normal,0,valid,-14.9dB,-15.0dB,na,na,,,,
2025-07-30 13:41:22.080155,PHY,0x4601,2,,na,"[0,",,,11111,,+32.1dB,22.0us,"[0,",1,597.17,normal,0,valid,-12.2dB,-12.3dB,0.13us,-20.6Hz,,"[6,",,1
2025-07-30 13:41:22.080983,PHY,0x4601,1,0,na,"[0,",0,0,1,2426.0,+19.6dB,17.9us,"[0,",1,597.18,normal,0,valid,-14.9dB,-15.0dB,na,na,,,,
2025-07-30 13:41:22.081524,PHY,0x4601,1,0,na,"[0,",0,0,1,2200.2,+19.2dB,14.5us,"[0,",1,597.19,normal,0,valid,-14.9dB,-15.0dB,na,na,,,,
2025-07-30 13:41:22.085559,CSI,0x4601,2,,na,"[0,",,,1,,+31.4dB,12.9us,"[0,",1,598.8,normal,0,valid,-12.0dB,-12.0dB,0.17us,+8.8Hz,,"[6,",1111,1
2025-07-30 13:41:22.086497,PHY,0x4601,1,0,na,"[0,",0,0,1,2383.4,+19.5dB,25.7us,"[0,",1,598.9,normal,0,valid,-15.0dB,-15.0dB,na,na,,,,
2025-07-30 13:41:22.090047,PHY,0x4601,2,,na,"[0,",,,11111,,+29.6dB,14.8us,"[0,",1,598.17,normal,0,valid,-12.0dB,-12.1dB,0.15us,+128.3Hz,,"[6,",,1
2025-07-30 13:41:22.090981,PHY,0x4601,1,0,na,"[0,",0,0,1,3584.4,+21.3dB,18.2us,"[0,",1,598.18,normal,0,valid,-15.0dB,-15.0dB,na,na,,,,
2025-07-30 13:41:22.091478,PHY,0x4601,1,0,na,"[0,",0,0,1,3663.3,+21.3dB,13.5us,"[0,",1,598.19,normal,0,valid,-14.9dB,-15.0dB,na,na,,,,
2025-07-30 13:41:22.095978,PHY,0x4601,1,0,na,"[0,",0,0,1,2292.3,+19.3dB,17.2us,"[0,",1,599.8,normal,0,valid,-14.9dB,-15.0dB,na,na,,,,
2025-07-30 13:41:22.096538,PHY,0x4601,1,0,na,"[0,",0,0,1,2299.2,+19.3dB,16.5us,"[0,",1,599.9,normal,0,valid,-14.9dB,-15.0dB,na,na,,,,
2025-07-30 13:41:22.100087,PHY,0x4601,2,,na,"[0,",,,11111,,+34.1dB,23.8us,"[0,",1,599.17,normal,0,valid,-12.1dB,-12.1dB,0.12us,+72.7Hz,,"[6,",,1
2025-07-30 13:41:22.101024,PHY,0x4601,1,0,na,"[0,",0,0,1,3352.8,+21.0dB,25.8us,"[0,",1,599.18,normal,0,valid,-14.9dB,-14.9dB,na,na,,,,
2025-07-30 13:41:22.101487,PHY,0x4601,1,0,na,"[0,",0,0,1,3546.4,+21.2dB,16.4us,"[0,",1,599.19,normal,0,valid,-14.9dB,-15.0dB,na,na,,,,
2025-07-30 13:41:22.105648,CSI,0x4601,2,,na,"[0,",,,1,,+31.8dB,29.9us,"[0,",1,600.8,normal,0,valid,-12.1dB,-12.2dB,0.16us,-51.1Hz,,"[6,",1111,1
2025-07-30 13:41:22.106485,PHY,0x4601,1,0,na,"[0,",0,0,1,3283.9,+20.9dB,23.0us,"[0,",1,600.9,normal,0,valid,-14.9dB,-15.0dB,na,na,,,,
2025-07-30 13:41:22.110111,PHY,0x4601,2,,na,"[0,",,,11111,,+33.1dB,15.0us,"[0,",1,600.17,normal,0,valid,-12.2dB,-12.2dB,0.14us,-29.6Hz,,"[6,",,1
2025-07-30 13:41:22.110981,PHY,0x4601,1,0,na,"[0,",0,0,1,3589.5,+21.3dB,26.4us,"[0,",1,600.18,normal,0,valid,-15.0dB,-15.0dB,na,na,,,,
2025-07-30 13:41:22.111527,PHY,0x4601,1,0,na,"[0,",0,0,1,3418.1,+21.1dB,18.2us,"[0,",1,600.19,normal,0,valid,-14.9dB,-15.0dB,na,na,,,,
2025-07-30 13:41:22.116040,PHY,0x4601,1,0,na,"[0,",0,0,1,2398.3,+19.6dB,22.8us,"[0,",1,601.8,normal,0,valid,-14.9dB,-14.9dB,na,na,,,,
2025-07-30 13:41:22.116492,PHY,0x4601,1,0,na,"[0,",0,0,1,2220.3,+19.2dB,26.0us,"[0,",1,601.9,normal,0,valid,-14.9dB,-14.9dB,na,na,,,,
2025-07-30 13:41:22.120041,PHY,0x4601,2,,na,"[0,",,,11111,,+30.5dB,15.0us,"[0,",1,601.17,normal,0,valid,-12.2dB,-12.2dB,0.14us,+120.7Hz,,"[6,",,1
2025-07-30 13:41:22.120971,PHY,0x4601,1,0,na,"[0,",0,0,1,2471.4,+19.7dB,17.3us,"[0,",1,601.18,normal,0,valid,-14.9dB,-15.0dB,na,na,,,,
2025-07-30 13:41:22.121472,PHY,0x4601,1,0,na,"[0,",0,0,1,2380.5,+19.5dB,14.2us,"[0,",1,601.19,normal,0,valid,-14.9dB,-15.0dB,na,na,,,,
2025-07-30 13:41:22.125584,CSI,0x4601,2,,na,"[0,",,,1,,+32.5dB,13.7us,"[0,",1,602.8,normal,0,valid,-12.0dB,-12.1dB,0.14us,-58.6Hz,,"[6,",1111,1
2025-07-30 13:41:22.126513,PHY,0x4601,1,0,na,"[0,",0,0,1,3458.2,+21.1dB,16.0us,"[0,",1,602.9,normal,0,valid,-15.0dB,-15.0dB,na,na,,,,
2025-07-30 13:41:22.130076,PHY,0x4601,2,,na,"[0,",,,11111,,+30.8dB,16.7us,"[0,",1,602.17,normal,0,valid,-12.0dB,-12.0dB,0.14us,-156.1Hz,,"[6,",,1
2025-07-30 13:41:22.131011,PHY,0x4601,1,0,na,"[0,",0,0,1,3001.6,+20.5dB,22.7us,"[0,",1,602.18,normal,0,valid,-14.9dB,-15.0dB,na,na,,,,
2025-07-30 13:41:22.131480,PHY,0x4601,1,0,na,"[0,",0,0,1,2938.8,+20.4dB,17.6us,"[0,",1,602.19,normal,0,valid,-14.9dB,-14.9dB,na,na,,,,
2025-07-30 13:41:22.135970,PHY,0x4601,1,0,na,"[0,",0,0,1,2363.6,+19.5dB,18.9us,"[0,",1,603.8,normal,0,valid,-14.9dB,-15.0dB,na,na,,,,
2025-07-30 13:41:22.136470,PHY,0x4601,1,0,na,"[0,",0,0,1,2286.5,+19.3dB,14.4us,"[0,",1,603.9,normal,0,valid,-14.9dB,-15.0dB,na,na,,,,
2025-07-30 13:41:22.140094,PHY,0x4601,2,,na,"[0,",,,11111,,+32.3dB,21.9us,"[0,",1,603.17,normal,0,valid,-12.1dB,-12.2dB,0.15us,+78.9Hz,,"[6,",,1
2025-07-30 13:41:22.141054,PHY,0x4601,1,0,na,"[0,",0,0,1,3455.1,+21.1dB,19.5us,"[0,",1,603.18,normal,0,valid,-14.9dB,-15.0dB,na,na,,,,
2025-07-30 13:41:22.141510,PHY,0x4601,1,0,na,"[0,",0,0,1,3530.0,+21.2dB,15.4us,"[0,",1,603.19,normal,0,valid,-14.9dB,-14.9dB,na,na,,,,
2025-07-30 13:41:22.145677,CSI,0x4601,2,,na,"[0,",,,1,,+32.9dB,23.3us,"[0,",1,604.8,normal,0,valid,-12.2dB,-12.2dB,0.15us,-69.8Hz,,"[6,",1111,1
2025-07-30 13:41:22.146477,PHY,0x4601,1,0,na,"[0,",0,0,1,2384.9,+19.5dB,17.1us,"[0,",1,604.9,normal,0,valid,-14.9dB,-15.0dB,na,na,,,,
2025-07-30 13:41:22.150043,PHY,0x4601,2,,na,"[0,",,,11111,,+33.1dB,22.8us,"[0,",1,604.17,normal,0,valid,-12.1dB,-12.2dB,0.16us,-71.8Hz,,"[6,",,1
2025-07-30 13:41:22.150974,PHY,0x4601,1,0,na,"[0,",0,0,1,2463.1,+19.6dB,19.8us,"[0,",1,604.18,normal,0,valid,-15.0dB,-15.0dB,na,na,,,,
2025-07-30 13:41:22.151575,PHY,0x4601,1,0,na,"[0,",0,0,1,2374.1,+19.5dB,29.1us,"[0,",1,604.19,normal,0,valid,-15.0dB,-15.0dB,na,na,,,,
2025-07-30 13:41:22.156070,PHY,0x4601,1,0,na,"[0,",0,0,1,2414.7,+19.6dB,30.8us,"[0,",1,605.8,normal,0,valid,-14.9dB,-14.9dB,na,na,,,,
2025-07-30 13:41:22.156516,PHY,0x4601,1,0,na,"[0,",0,0,1,2297.2,+19.4dB,14.6us,"[0,",1,605.9,normal,0,valid,-14.9dB,-15.0dB,na,na,,,,
2025-07-30 13:41:22.160052,PHY,0x4601,2,,na,"[0,",,,11111,,+27.9dB,15.3us,"[0,",1,605.17,normal,0,valid,-12.2dB,-12.2dB,0.15us,-66.5Hz,,"[6,",,1
2025-07-30 13:41:22.161005,PHY,0x4601,1,0,na,"[0,",0,0,1,2542.6,+19.8dB,30.5us,"[0,",1,605.18,normal,0,valid,-14.9dB,-15.0dB,na,na,,,,
2025-07-30 13:41:22.161477,PHY,0x4601,1,0,na,"[0,",0,0,1,2243.6,+19.3dB,19.7us,"[0,",1,605.19,normal,0,valid,-14.9dB,-14.9dB,na,na,,,,
2025-07-30 13:41:22.165609,CSI,0x4601,2,,na,"[0,",,,1,,+30.0dB,15.9us,"[0,",1,606.8,normal,0,valid,-12.0dB,-12.0dB,0.16us,-139.1Hz,,"[6,",1111,1
2025-07-30 13:41:22.166549,PHY,0x4601,1,0,na,"[0,",0,0,1,3314.1,+20.9dB,16.1us,"[0,",1,606.9,normal,0,valid,-15.0dB,-15.0dB,na,na,,,,
2025-07-30 13:41:22.170082,PHY,0x4601,2,,na,"[0,",,,11111,,+33.1dB,15.4us,"[0,",1,606.17,normal,0,valid,-12.1dB,-12.1dB,0.15us,+160.4Hz,,"[6,",,1
2025-07-30 13:41:22.171044,PHY,0x4601,1,0,na,"[0,",0,0,1,2306.0,+19.4dB,17.2us,"[0,",1,606.18,normal,0,valid,-14.9dB,-15.0dB,na,na,,,,
2025-07-30 13:41:22.171498,PHY,0x4601,1,0,na,"[0,",0,0,1,2298.4,+19.3dB,17.9us,"[0,",1,606.19,normal,0,valid,-14.9dB,-15.0dB,na,na,,,,
2025-07-30 13:41:22.175998,PHY,0x4601,1,0,na,"[0,",0,0,1,2477.9,+19.7dB,16.9us,"[0,",1,607.8,normal,0,valid,-14.9dB,-14.9dB,na,na,,,,
2025-07-30 13:41:22.176466,PHY,0x4601,1,0,na,"[0,",0,0,1,2147.4,+19.1dB,18.8us,"[0,",1,607.9,normal,0,valid,-14.9dB,-15.0dB,na,na,,,,
2025-07-30 13:41:22.180122,PHY,0x4601,2,,na,"[0,",,,11111,,+33.4dB,16.6us,"[0,",1,607.17,normal,0,valid,-12.1dB,-12.2dB,0.13us,-19.0Hz,,"[6,",,1
2025-07-30 13:41:22.180946,PHY,0x4601,1,0,na,"[0,",0,0,1,2332.9,+19.4dB,16.0us,"[0,",1,607.18,normal,0,valid,-14.9dB,-15.0dB,na,na,,,,
2025-07-30 13:41:22.181549,PHY,0x4601,1,0,na,"[0,",0,0,1,2412.5,+19.6dB,17.7us,"[0,",1,607.19,normal,0,valid,-14.9dB,-15.0dB,na,na,,,,
2025-07-30 13:41:22.185620,CSI,0x4601,2,,na,"[0,",,,1,,+30.3dB,14.0us,"[0,",1,608.8,normal,0,valid,-12.1dB,-12.1dB,0.15us,-21.3Hz,,"[6,",1111,1
2025-07-30 13:41:22.186492,PHY,0x4601,1,0,na,"[0,",0,0,1,2256.0,+19.2dB,16.5us,"[0,",1,608.9,normal,0,valid,-14.9dB,-15.0dB,na,na,,,,
2025-07-30 13:41:22.190030,PHY,0x4601,2,,na,"[0,",,,11111,,+29.2dB,13.0us,"[0,",1,608.17,normal,0,valid,-12.2dB,-12.3dB,0.14us,-87.3Hz,,"[6,",,1
2025-07-30 13:41:22.190976,PHY,0x4601,1,0,na,"[0,",0,0,1,2255.7,+19.3dB,15.5us,"[0,",1,608.18,normal,0,valid,-14.9dB,-15.0dB,na,na,,,,
2025-07-30 13:41:22.191454,PHY,0x4601,1,0,na,"[0,",0,0,1,2239.9,+19.2dB,17.9us,"[0,",1,608.19,normal,0,valid,-14.9dB,-15.0dB,na,na,,,,
2025-07-30 13:41:22.195946,PHY,0x4601,1,0,na,"[0,",0,0,1,2383.5,+19.5dB,17.8us,"[0,",1,609.8,normal,0,valid,-14.9dB,-15.0dB,na,na,,,,
2025-07-30 13:41:22.196544,PHY,0x4601,1,0,na,"[0,",0,0,1,2178.8,+19.1dB,14.9us,"[0,",1,609.9,normal,0,valid,-14.9dB,-15.0dB,na,na,,,,
2025-07-30 13:41:22.200080,PHY,0x4601,2,,na,"[0,",,,11111,,+34.6dB,16.1us,"[0,",1,609.17,normal,0,valid,-12.2dB,-12.2dB,0.15us,+1.0Hz,,"[6,",,1
2025-07-30 13:41:22.201027,PHY,0x4601,1,0,na,"[0,",0,0,1,3407.6,+21.1dB,16.1us,"[0,",1,609.18,normal,0,valid,-14.9dB,-15.0dB,na,na,,,,
2025-07-30 13:41:22.201485,PHY,0x4601,1,0,na,"[0,",0,0,1,3240.2,+20.9dB,15.9us,"[0,",1,609.19,normal,0,valid,-14.9dB,-14.9dB,na,na,,,,
2025-07-30 13:41:22.205615,CSI,0x4601,2,,na,"[0,",,,1,,+33.6dB,12.8us,"[0,",1,610.8,normal,0,valid,-12.0dB,-12.0dB,0.15us,+68.4Hz,,"[6,",1111,1
2025-07-30 13:41:22.206451,PHY,0x4601,1,0,na,"[0,",0,0,1,2180.5,+19.1dB,17.2us,"[0,",1,610.9,normal,0,valid,-14.9dB,-15.0dB,na,na,,,,
2025-07-30 13:41:22.210101,PHY,0x4601,2,,na,"[0,",,,11111,,+32.0dB,15.1us,"[0,",1,610.17,normal,0,valid,-12.2dB,-12.2dB,0.17us,+35.1Hz,,"[6,",,1
2025-07-30 13:41:22.211039,PHY,0x4601,1,0,na,"[0,",0,0,1,3282.6,+20.9dB,18.4us,"[0,",1,610.18,normal,0,valid,-14.9dB,-15.0dB,na,na,,,,
2025-07-30 13:41:22.211536,PHY,0x4601,1,0,na,"[0,",0,0,1,3717.4,+21.5dB,18.3us,"[0,",1,610.19,normal,0,valid,-14.9dB,-14.9dB,na,na,,,,
2025-07-30 13:41:22.216033,PHY,0x4601,1,0,na,"[0,",0,0,1,2114.3,+19.0dB,18.3us,"[0,",1,611.8,normal,0,valid,-14.9dB,-15.0dB,na,na,,,,
2025-07-30 13:41:22.216496,PHY,0x4601,1,0,na,"[0,",0,0,1,2190.8,+19.1dB,28.2us,"[0,",1,611.9,normal,0,valid,-14.9dB,-15.0dB,na,na,,,,
2025-07-30 13:41:22.220031,PHY,0x4601,2,,na,"[0,",,,11111,,+32.7dB,30.0us,"[0,",1,611.17,normal,0,valid,-12.1dB,-12.1dB,0.14us,+126.8Hz,,"[6,",,1
2025-07-30 13:41:22.220966,PHY,0x4601,1,0,na,"[0,",0,0,1,3366.1,+21.0dB,16.8us,"[0,",1,611.18,normal,0,valid,-14.9dB,-15.0dB,na,na,,,,
2025-07-30 13:41:22.221443,PHY,0x4601,1,0,na,"[0,",0,0,1,3022.0,+20.6dB,19.1us,"[0,",1,611.19,normal,0,valid,-14.9dB,-14.9dB,na,na,,,,
2025-07-30 13:41:22.225566,CSI,0x4601,2,,na,"[0,",,,1,,+34.4dB,16.4us,"[0,",1,612.8,normal,0,valid,-12.0dB,-12.0dB,0.15us,-130.5Hz,,"[6,",1111,1
2025-07-30 13:41:22.226531,PHY,0x4601,1,0,na,"[0,",0,0,1,2082.1,+18.9dB,16.9us,"[0,",1,612.9,normal,0,valid,-14.9dB,-15.0dB,na,na,,,,
2025-07-30 13:41:22.230062,PHY,0x4601,2,,na,"[0,",,,11111,,+31.8dB,15.1us,"[0,",1,612.17,normal,0,valid,-12.1dB,-12.1dB,0.12us,+88.5Hz,,"[6,",,1
2025-07-30 13:41:22.231026,PHY,0x4601,1,0,na,"[0,",0,0,1,3472.0,+21.2dB,24.6us,"[0,",1,612.18,normal,0,valid,-14.9dB,-15.0dB,na,na,,,,
2025-07-30 13:41:22.231477,PHY,0x4601,1,0,na,"[0,",0,0,1,3674.9,+21.4dB,17.9us,"[0,",1,612.19,normal,0,valid,-14.9dB,-14.9dB,na,na,,,,
2025-07-30 13:41:22.235987,PHY,0x4601,1,0,na,"[0,",0,0,1,2199.0,+19.2dB,16.0us,"[0,",1,613.8,normal,0,valid,-14.9dB,-14.9dB,na,na,,,,
2025-07-30 13:41:22.236545,PHY,0x4601,1,0,na,"[0,",0,0,1,2221.2,+19.2dB,15.1us,"[0,",1,613.9,normal,0,valid,-14.9dB,-15.0dB,na,na,,,,
2025-07-30 13:41:22.240093,PHY,0x4601,2,,na,"[0,",,,11111,,+31.8dB,15.9us,"[0,",1,613.17,normal,0,valid,-12.2dB,-12.2dB,0.14us,-45.8Hz,,"[6,",,1
2025-07-30 13:41:22.241029,PHY,0x4601,1,0,na,"[0,",0,0,1,2266.7,+19.3dB,16.1us,"[0,",1,613.18,normal,0,valid,-14.9dB,-15.0dB,na,na,,,,
2025-07-30 13:41:22.241530,PHY,0x4601,1,0,na,"[0,",0,0,1,2155.8,+19.1dB,18.5us,"[0,",1,613.19,normal,0,valid,-14.9dB,-15.0dB,na,na,,,,
2025-07-30 13:41:22.245605,CSI,0x4601,2,,na,"[0,",,,1,,+32.5dB,14.0us,"[0,",1,614.8,normal,0,valid,-12.0dB,-12.0dB,0.15us,+29.2Hz,,"[6,",1111,1
2025-07-30 13:41:22.246480,PHY,0x4601,1,0,na,"[0,",0,0,1,3125.1,+20.7dB,18.7us,"[0,",1,614.9,normal,0,valid,-14.9dB,-14.9dB,na,na,,,,
2025-07-30 13:41:22.250122,PHY,0x4601,2,,na,"[0,",,,11111,,+31.8dB,17.9us,"[0,",1,614.17,normal,0,valid,-12.2dB,-12.2dB,0.15us,-53.4Hz,,"[6,",,1
2025-07-30 13:41:22.250956,PHY,0x4601,1,0,na,"[0,",0,0,1,2453.8,+19.6dB,16.2us,"[0,",1,614.18,normal,0,valid,-14.9dB,-14.9dB,na,na,,,,
2025-07-30 13:41:22.251537,PHY,0x4601,1,0,na,"[0,",0,0,1,2212.9,+19.2dB,18.5us,"[0,",1,614.19,normal,0,valid,-14.9dB,-15.0dB,na,na,,,,
2025-07-30 13:41:22.256023,PHY,0x4601,1,0,na,"[0,",0,0,1,2364.7,+19.5dB,17.1us,"[0,",1,615.8,normal,0,valid,-14.9dB,-14.9dB,na,na,,,,
2025-07-30 13:41:22.256527,PHY,0x4601,1,0,na,"[0,",0,0,1,2453.2,+19.6dB,15.3us,"[0,",1,615.9,normal,0,valid,-14.9dB,-15.0dB,na,na,,,,
2025-07-30 13:41:22.260044,PHY,0x4601,2,,na,"[0,",,,11111,,+29.6dB,14.7us,"[0,",1,615.17,normal,0,valid,-12.1dB,-12.1dB,0.14us,-0.1Hz,,"[6,",,1
2025-07-30 13:41:22.261012,PHY,0x4601,1,0,na,"[0,",0,0,1,2406.6,+19.6dB,15.8us,"[0,",1,615.18,normal,0,valid,-14.9dB,-15.0dB,na,na,,,,
2025-07-30 13:41:22.261464,PHY,0x4601,1,0,na,"[0,",0,0,1,2534.9,+19.8dB,17.6us,"[0,",1,615.19,normal,0,valid,-14.9dB,-15.0dB,na,na,,,,
2025-07-30 13:41:22.265594,CSI,0x4601,2,,na,"[0,",,,1,,+30.2dB,13.3us,"[0,",1,616.8,normal,0,valid,-12.1dB,-12.2dB,0.15us,+0.7Hz,,"[6,",1111,1
2025-07-30 13:41:22.266537,PHY,0x4601,1,0,na,"[0,",0,0,1,2358.6,+19.4dB,18.8us,"[0,",1,616.9,normal,0,valid,-14.9dB,-15.0dB,na,na,,,,
2025-07-30 13:41:22.270080,PHY,0x4601,2,,na,"[0,",,,11111,,+29.2dB,14.8us,"[0,",1,616.17,normal,0,valid,-12.1dB,-12.1dB,0.16us,-19.7Hz,,"[6,",,1
2025-07-30 13:41:22.271018,PHY,0x4601,1,0,na,"[0,",0,0,1,2462.3,+19.7dB,18.8us,"[0,",1,616.18,normal,0,valid,-14.9dB,-15.0dB,na,na,,,,
2025-07-30 13:41:22.271516,PHY,0x4601,1,0,na,"[0,",0,0,1,2296.1,+19.4dB,18.2us,"[0,",1,616.19,normal,0,valid,-14.9dB,-15.0dB,na,na,,,,
2025-07-30 13:41:22.276004,PHY,0x4601,1,0,na,"[0,",0,0,1,2514.9,+19.8dB,16.9us,"[0,",1,617.8,normal,0,valid,-14.9dB,-14.9dB,na,na,,,,
2025-07-30 13:41:22.276457,PHY,0x4601,1,0,na,"[0,",0,0,1,2163.5,+19.1dB,15.6us,"[0,",1,617.9,normal,0,valid,-14.9dB,-15.0dB,na,na,,,,
2025-07-30 13:41:22.280126,PHY,0x4601,2,,na,"[0,",,,11111,,+29.8dB,23.7us,"[0,",1,617.17,normal,0,valid,-12.1dB,-12.2dB,0.17us,-32.0Hz,,"[6,",,1
2025-07-30 13:41:22.280947,PHY,0x4601,1,0,na,"[0,",0,0,1,3423.9,+21.1dB,16.2us,"[0,",1,617.18,normal,0,valid,-14.9dB,-14.9dB,na,na,,,,
2025-07-30 13:41:22.281521,PHY,0x4601,1,0,na,"[0,",0,0,1,3522.1,+21.2dB,18.2us,"[0,",1,617.19,normal,0,valid,-14.9dB,-15.0dB,na,na,,,,
2025-07-30 13:41:22.285606,CSI,0x4601,2,,na,"[0,",,,1,,+30.4dB,13.2us,"[0,",1,618.8,normal,0,valid,-12.1dB,-12.1dB,0.14us,-8.5Hz,,"[6,",1111,1
2025-07-30 13:41:22.286510,PHY,0x4601,1,0,na,"[0,",0,0,1,3360.4,+21.0dB,17.0us,"[0,",1,618.9,normal,0,valid,-14.9dB,-15.0dB,na,na,,,,
2025-07-30 13:41:22.290030,PHY,0x4601,2,,na,"[0,",,,11111,,+35.0dB,13.7us,"[0,",1,618.17,normal,0,valid,-12.2dB,-12.2dB,0.14us,+20.0Hz,,"[6,",,1
2025-07-30 13:41:22.291001,PHY,0x4601,1,0,na,"[0,",0,0,1,2239.8,+19.3dB,15.9us,"[0,",1,618.18,normal,0,valid,-14.9dB,-15.0dB,na,na,,,,
2025-07-30 13:41:22.291448,PHY,0x4601,1,0,na,"[0,",0,0,1,2480.5,+19.7dB,17.4us,"[0,",1,618.19,normal,0,valid,-14.9dB,-14.9dB,na,na,,,,
2025-07-30 13:41:22.296052,PHY,0x4601,1,0,na,"[0,",0,0,1,2453.9,+19.6dB,23.0us,"[0,",1,619.8,normal,0,valid,-14.9dB,-15.0dB,na,na,,,,
2025-07-30 13:41:22.296524,PHY,0x4601,1,0,na,"[0,",0,0,1,2185.1,+19.1dB,16.0us,"[0,",1,619.9,normal,0,valid,-14.9dB,-15.0dB,na,na,,,,
2025-07-30 13:41:22.300091,PHY,0x4601,2,,na,"[0,",,,11111,,+31.6dB,19.1us,"[0,",1,619.17,normal,0,valid,-12.1dB,-12.1dB,0.13us,+127.9Hz,,"[6,",,1
2025-07-30 13:41:22.301000,PHY,0x4601,1,0,na,"[0,",0,0,1,2044.0,+18.9dB,15.8us,"[0,",1,619.18,normal,0,valid,-14.9dB,-15.0dB,na,na,,,,
2025-07-30 13:41:22.301511,PHY,0x4601,1,0,na,"[0,",0,0,1,2073.3,+18.9dB,17.5us,"[0,",1,619.19,normal,0,valid,-14.9dB,-14.9dB,na,na,,,,
2025-07-30 13:41:22.305611,CSI,0x4601,2,,na,"[0,",,,1,,+38.2dB,13.8us,"[0,",1,620.8,normal,0,valid,-12.0dB,-12.1dB,0.17us,-26.1Hz,,"[6,",1111,1
2025-07-30 13:41:22.306460,PHY,0x4601,1,0,na,"[0,",0,0,1,2211.4,+19.2dB,17.9us,"[0,",1,620.9,normal,0,valid,-14.9dB,-15.0dB,na,na,,,,
2025-07-30 13:41:22.310122,PHY,0x4601,2,,na,"[0,",,,11111,,+33.5dB,15.0us,"[0,",1,620.17,normal,0,valid,-12.1dB,-12.1dB,0.13us,-26.2Hz,,"[6,",,1
2025-07-30 13:41:22.311030,PHY,0x4601,1,0,na,"[0,",0,0,1,3094.6,+20.7dB,17.1us,"[0,",1,620.18,normal,0,valid,-14.9dB,-14.9dB,na,na,,,,
2025-07-30 13:41:22.311509,PHY,0x4601,1,0,na,"[0,",0,0,1,3415.5,+21.1dB,18.6us,"[0,",1,620.19,normal,0,valid,-14.9dB,-15.0dB,na,na,,,,
2025-07-30 13:41:22.316000,PHY,0x4601,1,0,na,"[0,",0,0,1,2208.9,+19.2dB,21.2us,"[0,",1,621.8,normal,0,valid,-14.9dB,-14.9dB,na,na,,,,
2025-07-30 13:41:22.316531,PHY,0x4601,1,0,na,"[0,",0,0,1,2099.3,+18.9dB,23.2us,"[0,",1,621.9,normal,0,valid,-14.9dB,-15.0dB,na,na,,,,
2025-07-30 13:41:22.320024,PHY,0x4601,2,,na,"[0,",,,11111,,+34.0dB,21.0us,"[0,",1,621.17,normal,0,valid,-12.2dB,-12.3dB,0.13us,-6.2Hz,,"[6,",,1
2025-07-30 13:41:22.321557,PHY,0x4601,1,0,na,"[0,",0,0,1,3276.4,+20.9dB,28.2us,"[0,",1,621.19,normal,0,valid,-14.9dB,-14.9dB,na,na,,,,
2025-07-30 13:41:22.325107,PHY,0x4601,2,,na,"[0,",,,11111,,+34.7dB,19.8us,"[0,",1,622.7,normal,0,valid,-11.4dB,-11.5dB,0.14us,-134.8Hz,1,"[6,",,1
2025-07-30 13:41:22.325574,CSI,0x4601,2,,na,"[0,",,,1,,+27.0dB,14.0us,"[0,",1,622.8,normal,0,valid,-12.1dB,-12.1dB,0.14us,-9.8Hz,,"[6,",1111,1
2025-07-30 13:41:22.326503,PHY,0x4601,1,0,na,"[0,",0,0,1,3343.2,+21.0dB,18.3us,"[0,",1,622.9,normal,0,valid,-15.0dB,-15.0dB,na,na,,,,
2025-07-30 13:41:22.331003,PHY,0x4601,1,0,na,"[0,",0,0,1,2290.2,+19.3dB,19.4us,"[0,",1,622.18,normal,0,valid,-14.9dB,-15.0dB,na,na,,,,
2025-07-30 13:41:22.331486,PHY,0x4601,1,0,na,"[0,",0,0,1,2184.8,+19.1dB,16.8us,"[0,",1,622.19,normal,0,valid,-14.9dB,-15.0dB,na,na,,,,
2025-07-30 13:41:22.335975,PHY,0x4601,1,0,na,"[0,",0,0,1,2424.7,+19.6dB,17.1us,"[0,",1,623.8,normal,0,valid,-14.9dB,-14.9dB,na,na,,,,
2025-07-30 13:41:22.336538,PHY,0x4601,1,0,na,"[0,",0,0,1,2205.2,+19.2dB,16.3us,"[0,",1,623.9,normal,0,valid,-14.9dB,-15.0dB,na,na,,,,
2025-07-30 13:41:22.341017,PHY,0x4601,1,0,na,"[0,",0,0,1,2275.9,+19.3dB,18.8us,"[0,",1,623.18,normal,0,valid,-15.0dB,-15.0dB,na,na,,,,
2025-07-30 13:41:22.341494,PHY,0x4601,1,0,na,"[0,",0,0,1,2129.6,+19.0dB,16.1us,"[0,",1,623.19,normal,0,valid,-14.9dB,-15.0dB,na,na,,,,
2025-07-30 13:41:22.345602,CSI,0x4601,2,,na,"[0,",,,1,,+29.7dB,13.9us,"[0,",1,624.8,normal,0,valid,-12.0dB,-12.0dB,0.14us,-112.6Hz,,"[6,",1111,1
2025-07-30 13:41:22.346476,PHY,0x4601,1,0,na,"[0,",0,0,1,2197.3,+19.2dB,17.3us,"[0,",1,624.9,normal,0,valid,-14.9dB,-15.0dB,na,na,,,,
2025-07-30 13:41:22.350966,PHY,0x4601,1,0,na,"[0,",0,0,1,2071.8,+18.9dB,16.0us,"[0,",1,624.18,normal,0,valid,-15.0dB,-15.0dB,na,na,,,,
2025-07-30 13:41:22.351523,PHY,0x4601,1,0,na,"[0,",0,0,1,2402.7,+19.5dB,13.8us,"[0,",1,624.19,normal,0,valid,-15.0dB,-15.0dB,na,na,,,,
2025-07-30 13:41:22.356008,PHY,0x4601,1,0,na,"[0,",0,0,1,2216.4,+19.2dB,16.9us,"[0,",1,625.8,normal,0,valid,-14.9dB,-14.9dB,na,na,,,,
2025-07-30 13:41:22.356498,PHY,0x4601,1,0,na,"[0,",0,0,1,2507.5,+19.8dB,30.4us,"[0,",1,625.9,normal,0,valid,-14.9dB,-14.9dB,na,na,,,,
2025-07-30 13:41:22.360976,PHY,0x4601,1,0,na,"[0,",0,0,1,2382.4,+19.5dB,17.5us,"[0,",1,625.18,normal,0,valid,-15.0dB,-15.0dB,na,na,,,,
2025-07-30 13:41:22.361470,PHY,0x4601,1,0,na,"[0,",0,0,1,2325.1,+19.4dB,15.4us,"[0,",1,625.19,normal,0,valid,-15.0dB,-15.1dB,na,na,,,,
2025-07-30 13:41:22.365578,CSI,0x4601,2,,na,"[0,",,,1,,+29.9dB,16.9us,"[0,",1,626.8,normal,0,valid,-12.1dB,-12.1dB,0.13us,-61.7Hz,,"[6,",1111,1
2025-07-30 13:41:22.366517,PHY,0x4601,1,0,na,"[0,",0,0,1,2072.7,+18.9dB,17.0us,"[0,",1,626.9,normal,0,valid,-15.0dB,-15.0dB,na,na,,,,
2025-07-30 13:41:22.371006,PHY,0x4601,1,0,na,"[0,",0,0,1,2352.1,+19.5dB,16.5us,"[0,",1,626.18,normal,0,valid,-15.0dB,-15.0dB,na,na,,,,
2025-07-30 13:41:22.371487,PHY,0x4601,1,0,na,"[0,",0,0,1,2215.8,+19.2dB,17.7us,"[0,",1,626.19,normal,0,valid,-15.0dB,-15.0dB,na,na,,,,
2025-07-30 13:41:22.375964,PHY,0x4601,1,0,na,"[0,",0,0,1,2367.3,+19.5dB,16.8us,"[0,",1,627.8,normal,0,valid,-14.9dB,-15.0dB,na,na,,,,
2025-07-30 13:41:22.376462,PHY,0x4601,1,0,na,"[0,",0,0,1,2098.1,+19.0dB,14.2us,"[0,",1,627.9,normal,0,valid,-14.9dB,-15.0dB,na,na,,,,
2025-07-30 13:41:22.381055,PHY,0x4601,1,0,na,"[0,",0,0,1,2329.4,+19.4dB,19.4us,"[0,",1,627.18,normal,0,valid,-14.9dB,-15.0dB,na,na,,,,
2025-07-30 13:41:22.381513,PHY,0x4601,1,0,na,"[0,",0,0,1,2169.6,+19.1dB,22.2us,"[0,",1,627.19,normal,0,valid,-15.0dB,-15.0dB,na,na,,,,
2025-07-30 13:41:22.385628,CSI,0x4601,2,,na,"[0,",,,1,,+32.2dB,13.6us,"[0,",1,628.8,normal,0,valid,-12.0dB,-12.0dB,0.15us,+20.3Hz,,"[6,",1111,1
2025-07-30 13:41:22.386468,PHY,0x4601,1,0,na,"[0,",0,0,1,2264.6,+19.3dB,15.9us,"[0,",1,628.9,normal,0,valid,-14.9dB,-15.0dB,na,na,,,,
2025-07-30 13:41:22.390959,PHY,0x4601,1,0,na,"[0,",0,0,1,2221.5,+19.2dB,16.2us,"[0,",1,628.18,normal,0,valid,-14.9dB,-15.0dB,na,na,,,,
2025-07-30 13:41:22.391468,PHY,0x4601,1,0,na,"[0,",0,0,1,2131.1,+19.1dB,16.3us,"[0,",1,628.19,normal,0,valid,-14.9dB,-15.0dB,na,na,,,,
2025-07-30 13:41:22.396054,PHY,0x4601,1,0,na,"[0,",0,0,1,2330.5,+19.5dB,23.5us,"[0,",1,629.8,normal,0,valid,-14.9dB,-14.9dB,na,na,,,,
2025-07-30 13:41:22.396538,PHY,0x4601,1,0,na,"[0,",0,0,1,2230.8,+19.2dB,17.4us,"[0,",1,629.9,normal,0,valid,-14.9dB,-15.0dB,na,na,,,,
2025-07-30 13:41:22.400988,PHY,0x4601,1,0,na,"[0,",0,0,1,2419.6,+19.6dB,16.5us,"[0,",1,629.18,normal,0,valid,-15.0dB,-15.0dB,na,na,,,,
2025-07-30 13:41:22.401462,PHY,0x4601,1,0,na,"[0,",0,0,1,2286.4,+19.3dB,15.1us,"[0,",1,629.19,normal,0,valid,-15.0dB,-15.0dB,na,na,,,,
2025-07-30 13:41:22.405615,CSI,0x4601,2,,na,"[0,",,,1,,+29.3dB,18.4us,"[0,",1,630.8,normal,0,valid,-12.1dB,-12.1dB,0.15us,-106.3Hz,,"[6,",1111,1
2025-07-30 13:41:22.406560,PHY,0x4601,1,0,na,"[0,",0,0,1,2976.4,+20.5dB,16.3us,"[0,",1,630.9,normal,0,valid,-15.0dB,-15.0dB,na,na,,,,
2025-07-30 13:41:22.411042,PHY,0x4601,1,0,na,"[0,",0,0,1,2345.4,+19.4dB,16.0us,"[0,",1,630.18,normal,0,valid,-14.9dB,-15.0dB,na,na,,,,
2025-07-30 13:41:22.411501,PHY,0x4601,1,0,na,"[0,",0,0,1,2258.1,+19.3dB,14.2us,"[0,",1,630.19,normal,0,valid,-14.9dB,-15.0dB,na,na,,,,
2025-07-30 13:41:22.415995,PHY,0x4601,1,0,na,"[0,",0,0,1,2320.0,+19.4dB,17.1us,"[0,",1,631.8,normal,0,valid,-14.9dB,-14.9dB,na,na,,,,
2025-07-30 13:41:22.416467,PHY,0x4601,1,0,na,"[0,",0,0,1,2198.0,+19.1dB,15.0us,"[0,",1,631.9,normal,0,valid,-14.9dB,-14.9dB,na,na,,,,
2025-07-30 13:41:22.420954,PHY,0x4601,1,0,na,"[0,",0,0,1,2201.8,+19.2dB,18.2us,"[0,",1,631.18,normal,0,valid,-15.0dB,-15.0dB,na,na,,,,
2025-07-30 13:41:22.421552,PHY,0x4601,1,0,na,"[0,",0,0,1,2319.7,+19.4dB,15.8us,"[0,",1,631.19,normal,0,valid,-15.0dB,-15.0dB,na,na,,,,
2025-07-30 13:41:22.425576,CSI,0x4601,2,,na,"[0,",,,1,,+31.4dB,15.2us,"[0,",1,632.8,normal,0,valid,-12.0dB,-12.1dB,0.16us,-25.9Hz,,"[6,",1111,1
2025-07-30 13:41:22.426495,PHY,0x4601,1,0,na,"[0,",0,0,1,3209.7,+20.8dB,16.3us,"[0,",1,632.9,normal,0,valid,-14.9dB,-15.0dB,na,na,,,,
2025-07-30 13:41:22.430987,PHY,0x4601,1,0,na,"[0,",0,0,1,2105.6,+19.0dB,15.8us,"[0,",1,632.18,normal,0,valid,-14.9dB,-15.0dB,na,na,,,,
2025-07-30 13:41:22.431453,PHY,0x4601,1,0,na,"[0,",0,0,1,2245.3,+19.3dB,14.1us,"[0,",1,632.19,normal,0,valid,-15.0dB,-15.0dB,na,na,,,,
2025-07-30 13:41:22.435951,PHY,0x4601,1,0,na,"[0,",0,0,1,2300.5,+19.3dB,19.4us,"[0,",1,633.8,normal,0,valid,-14.9dB,-15.0dB,na,na,,,,
2025-07-30 13:41:22.436543,PHY,0x4601,1,0,na,"[0,",0,0,1,2235.9,+19.2dB,15.6us,"[0,",1,633.9,normal,0,valid,-14.9dB,-14.9dB,na,na,,,,
2025-07-30 13:41:22.441028,PHY,0x4601,1,0,na,"[0,",0,0,1,2368.5,+19.5dB,15.7us,"[0,",1,633.18,normal,0,valid,-15.0dB,-15.0dB,na,na,,,,
2025-07-30 13:41:22.441490,PHY,0x4601,1,0,na,"[0,",0,0,1,2107.5,+19.0dB,14.4us,"[0,",1,633.19,normal,0,valid,-15.0dB,-15.0dB,na,na,,,,
2025-07-30 13:41:22.445632,CSI,0x4601,2,,na,"[0,",,,1,,+33.0dB,16.2us,"[0,",1,634.8,normal,0,valid,-12.0dB,-12.0dB,0.14us,-31.9Hz,,"[6,",1111,1
2025-07-30 13:41:22.446448,PHY,0x4601,1,0,na,"[0,",0,0,1,2181.3,+19.1dB,15.6us,"[0,",1,634.9,normal,0,valid,-14.9dB,-15.0dB,na,na,,,,
2025-07-30 13:41:22.450940,PHY,0x4601,1,0,na,"[0,",0,0,1,2350.5,+19.4dB,16.8us,"[0,",1,634.18,normal,0,valid,-14.9dB,-15.0dB,na,na,,,,
2025-07-30 13:41:22.451545,PHY,0x4601,1,0,na,"[0,",0,0,1,2248.9,+19.3dB,14.8us,"[0,",1,634.19,normal,0,valid,-15.0dB,-15.0dB,na,na,,,,
2025-07-30 13:41:22.456039,PHY,0x4601,1,0,na,"[0,",0,0,1,2157.3,+19.1dB,18.2us,"[0,",1,635.8,normal,0,valid,-14.9dB,-15.0dB,na,na,,,,
2025-07-30 13:41:22.456512,PHY,0x4601,1,0,na,"[0,",0,0,1,2263.5,+19.3dB,21.5us,"[0,",1,635.9,normal,0,valid,-14.9dB,-14.9dB,na,na,,,,
2025-07-30 13:41:22.460980,PHY,0x4601,1,0,na,"[0,",0,0,1,2314.1,+19.4dB,21.9us,"[0,",1,635.18,normal,0,valid,-15.0dB,-15.0dB,na,na,,,,
2025-07-30 13:41:22.461451,PHY,0x4601,1,0,na,"[0,",0,0,1,2188.5,+19.1dB,14.1us,"[0,",1,635.19,normal,0,valid,-15.0dB,-15.1dB,na,na,,,,
2025-07-30 13:41:22.465571,CSI,0x4601,2,,na,"[0,",,,1,,+33.7dB,14.1us,"[0,",1,636.8,normal,0,valid,-12.1dB,-12.1dB,0.16us,-90.9Hz,,"[6,",1111,1
2025-07-30 13:41:22.466533,PHY,0x4601,1,0,na,"[0,",0,0,1,2204.0,+19.2dB,17.3us,"[0,",1,636.9,normal,0,valid,-14.9dB,-15.0dB,na,na,,,,
2025-07-30 13:41:22.471025,PHY,0x4601,1,0,na,"[0,",0,0,1,2277.7,+19.3dB,16.3us,"[0,",1,636.18,normal,0,valid,-15.0dB,-15.0dB,na,na,,,,
2025-07-30 13:41:22.471482,PHY,0x4601,1,0,na,"[0,",0,0,1,2303.2,+19.4dB,15.2us,"[0,",1,636.19,normal,0,valid,-15.0dB,-15.0dB,na,na,,,,
2025-07-30 13:41:22.475979,PHY,0x4601,1,0,na,"[0,",0,0,1,2341.3,+19.4dB,16.7us,"[0,",1,637.8,normal,0,valid,-14.9dB,-14.9dB,na,na,,,,
2025-07-30 13:41:22.476444,PHY,0x4601,1,0,na,"[0,",0,0,1,2416.6,+19.6dB,16.4us,"[0,",1,637.9,normal,0,valid,-14.9dB,-14.9dB,na,na,,,,
2025-07-30 13:41:22.481034,PHY,0x4601,1,0,na,"[0,",0,0,1,2273.4,+19.3dB,17.0us,"[0,",1,637.18,normal,0,valid,-14.9dB,-15.0dB,na,na,,,,
2025-07-30 13:41:22.481533,PHY,0x4601,1,0,na,"[0,",0,0,1,2308.0,+19.4dB,15.0us,"[0,",1,637.19,normal,0,valid,-15.0dB,-15.0dB,na,na,,,,
2025-07-30 13:41:22.485632,CSI,0x4601,2,,na,"[0,",,,1,,+28.9dB,14.1us,"[0,",1,638.8,normal,0,valid,-12.0dB,-12.0dB,0.17us,-91.8Hz,,"[6,",1111,1
2025-07-30 13:41:22.486478,PHY,0x4601,1,0,na,"[0,",0,0,1,3223.5,+20.8dB,20.1us,"[0,",1,638.9,normal,0,valid,-15.0dB,-15.0dB,na,na,,,,
2025-07-30 13:41:22.490970,PHY,0x4601,1,0,na,"[0,",0,0,1,2116.1,+19.0dB,20.5us,"[0,",1,638.18,normal,0,valid,-15.0dB,-15.0dB,na,na,,,,
2025-07-30 13:41:22.491533,PHY,0x4601,1,0,na,"[0,",0,0,1,2404.3,+19.5dB,15.1us,"[0,",1,638.19,normal,0,valid,-15.0dB,-15.0dB,na,na,,,,
2025-07-30 13:41:22.496034,PHY,0x4601,1,0,na,"[0,",0,0,1,2071.1,+18.9dB,18.4us,"[0,",1,639.8,normal,0,valid,-14.9dB,-14.9dB,na,na,,,,
2025-07-30 13:41:22.496529,PHY,0x4601,1,0,na,"[0,",0,0,1,2255.9,+19.3dB,14.3us,"[0,",1,639.9,normal,0,valid,-14.9dB,-15.0dB,na,na,,,,
2025-07-30 13:41:22.501019,PHY,0x4601,1,0,na,"[0,",0,0,1,2136.7,+19.0dB,23.7us,"[0,",1,639.18,normal,0,valid,-15.0dB,-15.0dB,na,na,,,,
2025-07-30 13:41:22.501469,PHY,0x4601,1,0,na,"[0,",0,0,1,2200.4,+19.2dB,14.7us,"[0,",1,639.19,normal,0,valid,-15.0dB,-15.1dB,na,na,,,,
2025-07-30 13:41:22.505587,CSI,0x4601,2,,na,"[0,",,,1,,+31.4dB,14.5us,"[0,",1,640.8,normal,0,valid,-12.0dB,-12.0dB,0.15us,+76.4Hz,,"[6,",1111,1
2025-07-30 13:41:22.506538,PHY,0x4601,1,0,na,"[0,",0,0,1,3365.1,+21.0dB,22.0us,"[0,",1,640.9,normal,0,valid,-14.9dB,-15.0dB,na,na,,,,
2025-07-30 13:41:22.511025,PHY,0x4601,1,0,na,"[0,",0,0,1,1895.2,+18.5dB,18.2us,"[0,",1,640.18,normal,0,valid,-15.0dB,-15.0dB,na,na,,,,
2025-07-30 13:41:22.511532,PHY,0x4601,1,0,na,"[0,",0,0,1,2160.3,+19.1dB,16.5us,"[0,",1,640.19,normal,0,valid,-15.0dB,-15.0dB,na,na,,,,
2025-07-30 13:41:22.516015,PHY,0x4601,1,0,na,"[0,",0,0,1,2070.1,+18.9dB,17.8us,"[0,",1,641.8,normal,0,valid,-14.9dB,-15.0dB,na,na,,,,
2025-07-30 13:41:22.516453,PHY,0x4601,1,0,na,"[0,",0,0,1,2077.5,+18.9dB,14.8us,"[0,",1,641.9,normal,0,valid,-14.9dB,-15.0dB,na,na,,,,
2025-07-30 13:41:22.520945,PHY,0x4601,1,0,na,"[0,",0,0,1,2195.3,+19.2dB,16.1us,"[0,",1,641.18,normal,0,valid,-15.0dB,-15.0dB,na,na,,,,
2025-07-30 13:41:22.521525,PHY,0x4601,1,0,na,"[0,",0,0,1,2243.2,+19.2dB,13.5us,"[0,",1,641.19,normal,0,valid,-15.0dB,-15.1dB,na,na,,,,
2025-07-30 13:41:22.525623,CSI,0x4601,2,,na,"[0,",,,1,,+28.9dB,14.0us,"[0,",1,642.8,normal,0,valid,-12.1dB,-12.1dB,0.14us,-2.8Hz,,"[6,",1111,1
2025-07-30 13:41:22.526515,PHY,0x4601,1,0,na,"[0,",0,0,1,3063.5,+20.6dB,17.2us,"[0,",1,642.9,normal,0,valid,-14.9dB,-15.0dB,na,na,,,,
2025-07-30 13:41:22.531023,PHY,0x4601,1,0,na,"[0,",0,0,1,2192.6,+19.1dB,18.4us,"[0,",1,642.18,normal,0,valid,-15.0dB,-15.1dB,na,na,,,,
2025-07-30 13:41:22.531461,PHY,0x4601,1,0,na,"[0,",0,0,1,2172.0,+19.1dB,16.5us,"[0,",1,642.19,normal,0,valid,-15.0dB,-15.0dB,na,na,,,,
2025-07-30 13:41:22.535935,PHY,0x4601,1,0,na,"[0,",0,0,1,2069.6,+18.9dB,18.7us,"[0,",1,643.8,normal,0,valid,-14.9dB,-15.0dB,na,na,,,,
2025-07-30 13:41:22.536524,PHY,0x4601,1,0,na,"[0,",0,0,1,2131.6,+19.0dB,15.2us,"[0,",1,643.9,normal,0,valid,-14.9dB,-14.9dB,na,na,,,,
2025-07-30 13:41:22.541009,PHY,0x4601,1,0,na,"[0,",0,0,1,2252.2,+19.3dB,16.5us,"[0,",1,643.18,normal,0,valid,-15.0dB,-15.0dB,na,na,,,,
2025-07-30 13:41:22.541493,PHY,0x4601,1,0,na,"[0,",0,0,1,2198.7,+19.2dB,13.9us,"[0,",1,643.19,normal,0,valid,-15.0dB,-15.1dB,na,na,,,,
2025-07-30 13:41:22.545625,CSI,0x4601,2,,na,"[0,",,,1,,+30.7dB,17.3us,"[0,",1,644.8,normal,0,valid,-12.1dB,-12.1dB,0.16us,+11.2Hz,,"[6,",1111,1
2025-07-30 13:41:22.546447,PHY,0x4601,1,0,na,"[0,",0,0,1,2978.1,+20.5dB,16.6us,"[0,",1,644.9,normal,0,valid,-14.9dB,-15.0dB,na,na,,,,
2025-07-30 13:41:22.551047,PHY,0x4601,1,0,na,"[0,",0,0,1,2172.1,+19.1dB,19.4us,"[0,",1,644.18,normal,0,valid,-15.0dB,-15.0dB,na,na,,,,
2025-07-30 13:41:22.551510,PHY,0x4601,1,0,na,"[0,",0,0,1,2372.0,+19.5dB,14.8us,"[0,",1,644.19,normal,0,valid,-15.0dB,-15.0dB,na,na,,,,
2025-07-30 13:41:22.555996,PHY,0x4601,1,0,na,"[0,",0,0,1,2226.6,+19.2dB,17.6us,"[0,",1,645.8,normal,0,valid,-14.9dB,-14.9dB,na,na,,,,
2025-07-30 13:41:22.556501,PHY,0x4601,1,0,na,"[0,",0,0,1,2252.3,+19.3dB,14.4us,"[0,",1,645.9,normal,0,valid,-14.9dB,-15.0dB,na,na,,,,
2025-07-30 13:41:22.560988,PHY,0x4601,1,0,na,"[0,",0,0,1,2110.7,+19.0dB,15.1us,"[0,",1,645.18,normal,0,valid,-14.9dB,-15.0dB,na,na,,,,
2025-07-30 13:41:22.561438,PHY,0x4601,1,0,na,"[0,",0,0,1,2230.3,+19.2dB,18.2us,"[0,",1,645.19,normal,0,valid,-15.0dB,-15.0dB,na,na,,,,
2025-07-30 13:41:22.565583,CSI,0x4601,2,,na,"[0,",,,1,,+30.6dB,17.3us,"[0,",1,646.8,normal,0,valid,-12.1dB,-12.1dB,0.16us,-73.6Hz,,"[6,",1111,1
2025-07-30 13:41:22.566508,PHY,0x4601,1,0,na,"[0,",0,0,1,2282.1,+19.3dB,17.9us,"[0,",1,646.9,normal,0,valid,-15.0dB,-15.0dB,na,na,,,,
2025-07-30 13:41:22.570988,PHY,0x4601,1,0,na,"[0,",0,0,1,2110.2,+19.0dB,15.9us,"[0,",1,646.18,normal,0,valid,-15.0dB,-15.1dB,na,na,,,,
2025-07-30 13:41:22.571488,PHY,0x4601,1,0,na,"[0,",0,0,1,2588.0,+19.9dB,14.9us,"[0,",1,646.19,normal,0,valid,-15.0dB,-15.1dB,na,na,,,,
2025-07-30 13:41:22.575980,PHY,0x4601,1,0,na,"[0,",0,0,1,2257.7,+19.3dB,16.7us,"[0,",1,647.8,normal,0,valid,-14.9dB,-15.0dB,na,na,,,,
2025-07-30 13:41:22.576534,PHY,0x4601,1,0,na,"[0,",0,0,1,2224.6,+19.2dB,14.4us,"[0,",1,647.9,normal,0,valid,-14.9dB,-15.0dB,na,na,,,,
2025-07-30 13:41:22.581019,PHY,0x4601,1,0,na,"[0,",0,0,1,2125.1,+19.0dB,15.9us,"[0,",1,647.18,normal,0,valid,-14.9dB,-15.0dB,na,na,,,,
2025-07-30 13:41:22.581497,PHY,0x4601,1,0,na,"[0,",0,0,1,2334.0,+19.4dB,14.8us,"[0,",1,647.19,normal,0,valid,-15.0dB,-15.1dB,na,na,,,,
2025-07-30 13:41:22.585591,CSI,0x4601,2,,na,"[0,",,,1,,+31.5dB,13.5us,"[0,",1,648.8,normal,0,valid,-12.1dB,-12.1dB,0.15us,-31.1Hz,,"[6,",1111,1
2025-07-30 13:41:22.586482,PHY,0x4601,1,0,na,"[0,",0,0,1,2095.6,+19.0dB,16.8us,"[0,",1,648.9,normal,0,valid,-14.9dB,-15.0dB,na,na,,,,
2025-07-30 13:41:22.590968,PHY,0x4601,1,0,na,"[0,",0,0,1,2273.3,+19.3dB,16.6us,"[0,",1,648.18,normal,0,valid,-15.0dB,-15.0dB,na,na,,,,
2025-07-30 13:41:22.591526,PHY,0x4601,1,0,na,"[0,",0,0,1,2313.4,+19.4dB,15.6us,"[0,",1,648.19,normal,0,valid,-15.0dB,-15.1dB,na,na,,,,
2025-07-30 13:41:22.596024,PHY,0x4601,1,0,na,"[0,",0,0,1,2104.5,+19.0dB,18.5us,"[0,",1,649.8,normal,0,valid,-14.9dB,-14.9dB,na,na,,,,
2025-07-30 13:41:22.596500,PHY,0x4601,1,0,na,"[0,",0,0,1,2224.1,+19.2dB,17.4us,"[0,",1,649.9,normal,0,valid,-14.9dB,-14.9dB,na,na,,,,
2025-07-30 13:41:22.600976,PHY,0x4601,1,0,na,"[0,",0,0,1,2258.3,+19.3dB,15.8us,"[0,",1,649.18,normal,0,valid,-15.0dB,-15.0dB,na,na,,,,
2025-07-30 13:41:22.601476,PHY,0x4601,1,0,na,"[0,",0,0,1,2124.5,+19.0dB,15.4us,"[0,",1,649.19,normal,0,valid,-15.0dB,-15.0dB,na,na,,,,
2025-07-30 13:41:22.605597,CSI,0x4601,2,,na,"[0,",,,1,,+32.4dB,18.3us,"[0,",1,650.8,normal,0,valid,-12.1dB,-12.1dB,0.14us,+34.3Hz,,"[6,",1111,1
2025-07-30 13:41:22.606528,PHY,0x4601,1,0,na,"[0,",0,0,1,3171.4,+20.8dB,16.6us,"[0,",1,650.9,normal,0,valid,-14.9dB,-15.0dB,na,na,,,,
2025-07-30 13:41:22.611014,PHY,0x4601,1,0,na,"[0,",0,0,1,2169.3,+19.1dB,16.7us,"[0,",1,650.18,normal,0,valid,-15.0dB,-15.0dB,na,na,,,,
2025-07-30 13:41:22.611491,PHY,0x4601,1,0,na,"[0,",0,0,1,2231.3,+19.2dB,16.8us,"[0,",1,650.19,normal,0,valid,-15.0dB,-15.1dB,na,na,,,,
2025-07-30 13:41:22.615973,PHY,0x4601,1,0,na,"[0,",0,0,1,2141.2,+19.0dB,16.9us,"[0,",1,651.8,normal,0,valid,-14.9dB,-15.0dB,na,na,,,,
2025-07-30 13:41:22.616488,PHY,0x4601,1,0,na,"[0,",0,0,1,2177.4,+19.1dB,24.8us,"[0,",1,651.9,normal,0,valid,-14.9dB,-15.0dB,na,na,,,,
2025-07-30 13:41:22.620980,PHY,0x4601,1,0,na,"[0,",0,0,1,2391.4,+19.5dB,18.5us,"[0,",1,651.18,normal,0,valid,-15.0dB,-15.0dB,na,na,,,,
2025-07-30 13:41:22.621522,PHY,0x4601,1,0,na,"[0,",0,0,1,2299.2,+19.3dB,16.6us,"[0,",1,651.19,normal,0,valid,-15.0dB,-15.1dB,na,na,,,,
2025-07-30 13:41:22.625639,CSI,0x4601,2,,na,"[0,",,,1,,+32.9dB,14.2us,"[0,",1,652.8,normal,0,valid,-12.0dB,-12.0dB,0.17us,-17.1Hz,,"[6,",1111,1
2025-07-30 13:41:22.626479,PHY,0x4601,1,0,na,"[0,",0,0,1,2247.1,+19.3dB,17.9us,"[0,",1,652.9,normal,0,valid,-15.0dB,-15.0dB,na,na,,,,
2025-07-30 13:41:22.630968,PHY,0x4601,1,0,na,"[0,",0,0,1,2203.6,+19.2dB,18.5us,"[0,",1,652.18,normal,0,valid,-15.0dB,-15.0dB,na,na,,,,
2025-07-30 13:41:22.631478,PHY,0x4601,1,0,na,"[0,",0,0,1,2312.6,+19.4dB,15.3us,"[0,",1,652.19,normal,0,valid,-15.0dB,-15.1dB,na,na,,,,
2025-07-30 13:41:22.636062,PHY,0x4601,1,0,na,"[0,",0,0,1,2303.3,+19.4dB,16.9us,"[0,",1,653.8,normal,0,valid,-14.9dB,-15.0dB,na,na,,,,
2025-07-30 13:41:22.636522,PHY,0x4601,1,0,na,"[0,",0,0,1,2110.6,+19.0dB,15.4us,"[0,",1,653.9,normal,0,valid,-14.9dB,-15.0dB,na,na,,,,
2025-07-30 13:41:22.641013,PHY,0x4601,1,0,na,"[0,",0,0,1,2118.5,+19.0dB,21.1us,"[0,",1,653.18,normal,0,valid,-15.0dB,-15.0dB,na,na,,,,
2025-07-30 13:41:22.641482,PHY,0x4601,1,0,na,"[0,",0,0,1,2050.2,+18.8dB,17.6us,"[0,",1,653.19,normal,0,valid,-15.0dB,-15.1dB,na,na,,,,
2025-07-30 13:41:22.645614,CSI,0x4601,2,,na,"[0,",,,1,,+31.2dB,19.4us,"[0,",1,654.8,normal,0,valid,-12.1dB,-12.1dB,0.16us,+31.1Hz,,"[6,",1111,1
2025-07-30 13:41:22.646481,PHY,0x4601,1,0,na,"[0,",0,0,1,3198.7,+20.8dB,17.8us,"[0,",1,654.9,normal,0,valid,-15.0dB,-15.0dB,na,na,,,,
2025-07-30 13:41:22.651044,PHY,0x4601,1,0,na,"[0,",0,0,1,2240.5,+19.2dB,16.7us,"[0,",1,654.18,normal,0,valid,-15.0dB,-15.0dB,na,na,,,,
2025-07-30 13:41:22.651504,PHY,0x4601,1,0,na,"[0,",0,0,1,2329.8,+19.4dB,14.0us,"[0,",1,654.19,normal,0,valid,-15.0dB,-15.0dB,na,na,,,,
2025-07-30 13:41:22.655996,PHY,0x4601,1,0,na,"[0,",0,0,1,2278.0,+19.3dB,16.1us,"[0,",1,655.8,normal,0,valid,-14.9dB,-14.9dB,na,na,,,,
2025-07-30 13:41:22.656485,PHY,0x4601,1,0,na,"[0,",0,0,1,2048.4,+18.8dB,26.6us,"[0,",1,655.9,normal,0,valid,-14.9dB,-15.0dB,na,na,,,,
2025-07-30 13:41:22.660958,PHY,0x4601,1,0,na,"[0,",0,0,1,2235.7,+19.2dB,16.6us,"[0,",1,655.18,normal,0,valid,-15.0dB,-15.1dB,na,na,,,,
2025-07-30 13:41:22.661560,PHY,0x4601,1,0,na,"[0,",0,0,1,2189.0,+19.1dB,13.9us,"[0,",1,655.19,normal,0,valid,-15.0dB,-15.1dB,na,na,,,,
2025-07-30 13:41:22.665559,CSI,0x4601,2,,na,"[0,",,,1,,+32.5dB,15.0us,"[0,",1,656.8,normal,0,valid,-12.2dB,-12.2dB,0.16us,-109.6Hz,,"[6,",1111,1
2025-07-30 13:41:22.666505,PHY,0x4601,1,0,na,"[0,",0,0,1,2266.7,+19.3dB,18.7us,"[0,",1,656.9,normal,0,valid,-14.9dB,-15.0dB,na,na,,,,
2025-07-30 13:41:22.670992,PHY,0x4601,1,0,na,"[0,",0,0,1,2157.6,+19.1dB,15.6us,"[0,",1,656.18,normal,0,valid,-15.0dB,-15.0dB,na,na,,,,
2025-07-30 13:41:22.671463,PHY,0x4601,1,0,na,"[0,",0,0,1,2172.0,+19.1dB,15.1us,"[0,",1,656.19,normal,0,valid,-15.0dB,-15.1dB,na,na,,,,
2025-07-30 13:41:22.675952,PHY,0x4601,1,0,na,"[0,",0,0,1,2030.3,+18.8dB,16.2us,"[0,",1,657.8,normal,0,valid,-14.9dB,-15.0dB,na,na,,,,
2025-07-30 13:41:22.676553,PHY,0x4601,1,0,na,"[0,",0,0,1,2203.5,+19.2dB,16.7us,"[0,",1,657.9,normal,0,valid,-14.9dB,-15.0dB,na,na,,,,
2025-07-30 13:41:22.681042,PHY,0x4601,1,0,na,"[0,",0,0,1,2183.2,+19.1dB,17.7us,"[0,",1,657.18,normal,0,valid,-15.0dB,-15.1dB,na,na,,,,
2025-07-30 13:41:22.681512,PHY,0x4601,1,0,na,"[0,",0,0,1,2160.1,+19.1dB,15.0us,"[0,",1,657.19,normal,0,valid,-15.0dB,-15.0dB,na,na,,,,
2025-07-30 13:41:22.685619,CSI,0x4601,2,,na,"[0,",,,1,,+30.7dB,14.2us,"[0,",1,658.8,normal,0,valid,-12.1dB,-12.1dB,0.14us,+14.7Hz,,"[6,",1111,1
2025-07-30 13:41:22.686457,PHY,0x4601,1,0,na,"[0,",0,0,1,3178.4,+20.8dB,15.7us,"[0,",1,658.9,normal,0,valid,-15.0dB,-15.0dB,na,na,,,,
2025-07-30 13:41:22.690944,PHY,0x4601,1,0,na,"[0,",0,0,1,2310.1,+19.4dB,16.2us,"[0,",1,658.18,normal,0,valid,-15.0dB,-15.0dB,na,na,,,,
2025-07-30 13:41:22.691546,PHY,0x4601,1,0,na,"[0,",0,0,1,2233.6,+19.2dB,20.5us,"[0,",1,658.19,normal,0,valid,-15.0dB,-15.0dB,na,na,,,,
2025-07-30 13:41:22.696036,PHY,0x4601,1,0,na,"[0,",0,0,1,2359.3,+19.5dB,18.5us,"[0,",1,659.8,normal,0,valid,-14.9dB,-15.0dB,na,na,,,,
2025-07-30 13:41:22.696512,PHY,0x4601,1,0,na,"[0,",0,0,1,2119.9,+19.0dB,18.5us,"[0,",1,659.9,normal,0,valid,-14.9dB,-15.0dB,na,na,,,,
2025-07-30 13:41:22.700988,PHY,0x4601,1,0,na,"[0,",0,0,1,2165.7,+19.1dB,16.6us,"[0,",1,659.18,normal,0,valid,-15.0dB,-15.1dB,na,na,,,,
2025-07-30 13:41:22.701452,PHY,0x4601,1,0,na,"[0,",0,0,1,2125.7,+19.0dB,15.9us,"[0,",1,659.19,normal,0,valid,-15.0dB,-15.0dB,na,na,,,,
2025-07-30 13:41:22.705594,CSI,0x4601,2,,na,"[0,",,,1,,+30.5dB,18.3us,"[0,",1,660.8,normal,0,valid,-12.0dB,-12.0dB,0.17us,-58.6Hz,,"[6,",1111,1
2025-07-30 13:41:22.706543,PHY,0x4601,1,0,na,"[0,",0,0,1,3269.3,+20.9dB,16.4us,"[0,",1,660.9,normal,0,valid,-15.0dB,-15.0dB,na,na,,,,
2025-07-30 13:41:22.711024,PHY,0x4601,1,0,na,"[0,",0,0,1,2245.7,+19.2dB,15.6us,"[0,",1,660.18,normal,0,valid,-15.0dB,-15.1dB,na,na,,,,
2025-07-30 13:41:22.711495,PHY,0x4601,1,0,na,"[0,",0,0,1,2057.8,+18.9dB,17.7us,"[0,",1,660.19,normal,0,valid,-15.0dB,-15.0dB,na,na,,,,
2025-07-30 13:41:22.715981,PHY,0x4601,1,0,na,"[0,",0,0,1,2114.1,+19.0dB,22.5us,"[0,",1,661.8,normal,0,valid,-14.9dB,-15.0dB,na,na,,,,
2025-07-30 13:41:22.716438,PHY,0x4601,1,0,na,"[0,",0,0,1,2050.4,+18.8dB,13.5us,"[0,",1,661.9,normal,0,valid,-14.9dB,-15.0dB,na,na,,,,
2025-07-30 13:41:22.721039,PHY,0x4601,1,0,na,"[0,",0,0,1,2046.3,+18.8dB,16.5us,"[0,",1,661.18,normal,0,valid,-15.0dB,-15.1dB,na,na,,,,
2025-07-30 13:41:22.721536,PHY,0x4601,1,0,na,"[0,",0,0,1,2289.7,+19.3dB,14.3us,"[0,",1,661.19,normal,0,valid,-15.0dB,-15.1dB,na,na,,,,
2025-07-30 13:41:22.725612,CSI,0x4601,2,,na,"[0,",,,1,,+31.2dB,14.4us,"[0,",1,662.8,normal,0,valid,-11.9dB,-12.0dB,0.15us,+13.9Hz,,"[6,",1111,1
2025-07-30 13:41:22.726478,PHY,0x4601,1,0,na,"[0,",0,0,1,2791.4,+20.2dB,15.9us,"[0,",1,662.9,normal,0,valid,-15.0dB,-15.0dB,na,na,,,,
2025-07-30 13:41:22.730973,PHY,0x4601,1,0,na,"[0,",0,0,1,2217.5,+19.2dB,21.2us,"[0,",1,662.18,normal,0,valid,-15.0dB,-15.0dB,na,na,,,,
2025-07-30 13:41:22.731443,PHY,0x4601,1,0,na,"[0,",0,0,1,2231.3,+19.2dB,16.2us,"[0,",1,662.19,normal,0,valid,-15.0dB,-15.1dB,na,na,,,,
2025-07-30 13:41:22.736041,PHY,0x4601,1,0,na,"[0,",0,0,1,2019.4,+18.8dB,20.6us,"[0,",1,663.8,normal,0,valid,-14.9dB,-15.0dB,na,na,,,,
2025-07-30 13:41:22.736542,PHY,0x4601,1,0,na,"[0,",0,0,1,2376.9,+19.5dB,15.0us,"[0,",1,663.9,normal,0,valid,-15.0dB,-15.0dB,na,na,,,,
2025-07-30 13:41:22.741018,PHY,0x4601,1,0,na,"[0,",0,0,1,2252.0,+19.3dB,16.9us,"[0,",1,663.18,normal,0,valid,-14.9dB,-15.0dB,na,na,,,,
2025-07-30 13:41:22.741477,PHY,0x4601,1,0,na,"[0,",0,0,1,2342.0,+19.4dB,19.5us,"[0,",1,663.19,normal,0,valid,-14.9dB,-15.0dB,na,na,,,,
2025-07-30 13:41:22.745604,CSI,0x4601,2,,na,"[0,",,,1,,+30.1dB,16.9us,"[0,",1,664.8,normal,0,valid,-12.2dB,-12.2dB,0.15us,-98.7Hz,,"[6,",1111,1
2025-07-30 13:41:22.746539,PHY,0x4601,1,0,na,"[0,",0,0,1,3123.1,+20.7dB,22.5us,"[0,",1,664.9,normal,0,valid,-15.0dB,-15.0dB,na,na,,,,
2025-07-30 13:41:22.751030,PHY,0x4601,1,0,na,"[0,",0,0,1,1956.3,+18.6dB,17.6us,"[0,",1,664.18,normal,0,valid,-14.9dB,-14.9dB,na,na,,,,
2025-07-30 13:41:22.751520,PHY,0x4601,1,0,na,"[0,",0,0,1,2210.4,+19.2dB,15.2us,"[0,",1,664.19,normal,0,valid,-14.9dB,-15.0dB,na,na,,,,
2025-07-30 13:41:22.756012,PHY,0x4601,1,0,na,"[0,",0,0,1,2285.6,+19.3dB,17.0us,"[0,",1,665.8,normal,0,valid,-15.0dB,-15.1dB,na,na,,,,
2025-07-30 13:41:22.756485,PHY,0x4601,1,0,na,"[0,",0,0,1,2132.9,+19.1dB,27.4us,"[0,",1,665.9,normal,0,valid,-15.0dB,-15.0dB,na,na,,,,
2025-07-30 13:41:22.760957,PHY,0x4601,1,0,na,"[0,",0,0,1,2369.7,+19.5dB,18.1us,"[0,",1,665.18,normal,0,valid,-14.9dB,-15.0dB,na,na,,,,
2025-07-30 13:41:22.761532,PHY,0x4601,1,0,na,"[0,",0,0,1,2205.6,+19.2dB,16.4us,"[0,",1,665.19,normal,0,valid,-14.9dB,-15.0dB,na,na,,,,
2025-07-30 13:41:22.765560,CSI,0x4601,2,,na,"[0,",,,1,,+29.0dB,18.8us,"[0,",1,666.8,normal,0,valid,-12.2dB,-12.2dB,0.15us,+50.3Hz,,"[6,",1111,1
2025-07-30 13:41:22.766518,PHY,0x4601,1,0,na,"[0,",0,0,1,1938.7,+18.6dB,16.4us,"[0,",1,666.9,normal,0,valid,-14.9dB,-15.0dB,na,na,,,,
2025-07-30 13:41:22.771005,PHY,0x4601,1,0,na,"[0,",0,0,1,2264.7,+19.3dB,15.3us,"[0,",1,666.18,normal,0,valid,-14.9dB,-14.9dB,na,na,,,,
2025-07-30 13:41:22.771462,PHY,0x4601,1,0,na,"[0,",0,0,1,2107.1,+19.0dB,16.3us,"[0,",1,666.19,normal,0,valid,-14.9dB,-15.0dB,na,na,,,,
2025-07-30 13:41:22.775954,PHY,0x4601,1,0,na,"[0,",0,0,1,1996.7,+18.7dB,16.4us,"[0,",1,667.8,normal,0,valid,-15.0dB,-15.0dB,na,na,,,,
2025-07-30 13:41:22.776527,PHY,0x4601,1,0,na,"[0,",0,0,1,2253.0,+19.3dB,14.8us,"[0,",1,667.9,normal,0,valid,-15.0dB,-15.0dB,na,na,,,,
2025-07-30 13:41:22.781014,PHY,0x4601,1,0,na,"[0,",0,0,1,2022.8,+18.9dB,18.8us,"[0,",1,667.18,normal,0,valid,-14.9dB,-14.9dB,na,na,,,,
2025-07-30 13:41:22.781515,PHY,0x4601,1,0,na,"[0,",0,0,1,2406.6,+19.6dB,15.9us,"[0,",1,667.19,normal,0,valid,-14.9dB,-15.0dB,na,na,,,,
2025-07-30 13:41:22.785609,CSI,0x4601,2,,na,"[0,",,,1,,+33.3dB,13.7us,"[0,",1,668.8,normal,0,valid,-12.1dB,-12.2dB,0.16us,+59.4Hz,,"[6,",1111,1
2025-07-30 13:41:22.786457,PHY,0x4601,1,0,na,"[0,",0,0,1,2184.5,+19.1dB,15.7us,"[0,",1,668.9,normal,0,valid,-14.9dB,-15.0dB,na,na,,,,
2025-07-30 13:41:22.790941,PHY,0x4601,1,0,na,"[0,",0,0,1,2250.0,+19.3dB,16.9us,"[0,",1,668.18,normal,0,valid,-14.9dB,-14.9dB,na,na,,,,
2025-07-30 13:41:22.791517,PHY,0x4601,1,0,na,"[0,",0,0,1,2072.8,+18.9dB,15.2us,"[0,",1,668.19,normal,0,valid,-14.9dB,-15.0dB,na,na,,,,
2025-07-30 13:41:22.796008,PHY,0x4601,1,0,na,"[0,",0,0,1,2008.4,+18.8dB,16.8us,"[0,",1,669.8,normal,0,valid,-15.0dB,-15.1dB,na,na,,,,
2025-07-30 13:41:22.796519,PHY,0x4601,1,0,na,"[0,",0,0,1,2240.1,+19.3dB,14.6us,"[0,",1,669.9,normal,0,valid,-15.0dB,-15.0dB,na,na,,,,
2025-07-30 13:41:22.800999,PHY,0x4601,1,0,na,"[0,",0,0,1,2156.5,+19.1dB,16.1us,"[0,",1,669.18,normal,0,valid,-14.9dB,-15.0dB,na,na,,,,
2025-07-30 13:41:22.801446,PHY,0x4601,1,0,na,"[0,",0,0,1,2015.1,+18.8dB,13.8us,"[0,",1,669.19,normal,0,valid,-14.9dB,-14.9dB,na,na,,,,
2025-07-30 13:41:22.805599,CSI,0x4601,2,,na,"[0,",,,1,,+29.1dB,27.0us,"[0,",1,670.8,normal,0,valid,-12.1dB,-12.1dB,0.16us,-88.8Hz,,"[6,",1111,1
2025-07-30 13:41:22.806518,PHY,0x4601,1,0,na,"[0,",0,0,1,3024.3,+20.5dB,17.5us,"[0,",1,670.9,normal,0,valid,-15.0dB,-15.0dB,na,na,,,,
2025-07-30 13:41:22.811001,PHY,0x4601,1,0,na,"[0,",0,0,1,2192.4,+19.1dB,15.8us,"[0,",1,670.18,normal,0,valid,-14.9dB,-14.9dB,na,na,,,,
2025-07-30 13:41:22.811505,PHY,0x4601,1,0,na,"[0,",0,0,1,2296.6,+19.4dB,14.8us,"[0,",1,670.19,normal,0,valid,-14.9dB,-15.0dB,na,na,,,,
2025-07-30 13:41:22.816007,PHY,0x4601,1,0,na,"[0,",0,0,1,2238.9,+19.2dB,21.0us,"[0,",1,671.8,normal,0,valid,-15.0dB,-15.0dB,na,na,,,,
2025-07-30 13:41:22.816447,PHY,0x4601,1,0,na,"[0,",0,0,1,2226.3,+19.2dB,15.0us,"[0,",1,671.9,normal,0,valid,-15.0dB,-15.0dB,na,na,,,,
2025-07-30 13:41:22.821029,PHY,0x4601,1,0,na,"[0,",0,0,1,2219.9,+19.2dB,16.1us,"[0,",1,671.18,normal,0,valid,-14.9dB,-14.9dB,na,na,,,,
2025-07-30 13:41:22.821504,PHY,0x4601,1,0,na,"[0,",0,0,1,2147.2,+19.1dB,14.2us,"[0,",1,671.19,normal,0,valid,-14.9dB,-14.9dB,na,na,,,,
2025-07-30 13:41:22.825590,CSI,0x4601,2,,na,"[0,",,,1,,+30.8dB,14.3us,"[0,",1,672.8,normal,0,valid,-12.2dB,-12.2dB,0.14us,-108.5Hz,,"[6,",1111,1
2025-07-30 13:41:22.826505,PHY,0x4601,1,0,na,"[0,",0,0,1,2455.8,+19.6dB,18.1us,"[0,",1,672.9,normal,0,valid,-15.0dB,-15.0dB,na,na,,,,
2025-07-30 13:41:22.830999,PHY,0x4601,1,0,na,"[0,",0,0,1,2223.0,+19.2dB,19.0us,"[0,",1,672.18,normal,0,valid,-14.9dB,-14.9dB,na,na,,,,
2025-07-30 13:41:22.831552,PHY,0x4601,1,0,na,"[0,",0,0,1,2246.7,+19.3dB,15.1us,"[0,",1,672.19,normal,0,valid,-14.9dB,-14.9dB,na,na,,,,
2025-07-30 13:41:22.836026,PHY,0x4601,1,0,na,"[0,",0,0,1,2148.0,+19.1dB,16.4us,"[0,",1,673.8,normal,0,valid,-15.0dB,-15.0dB,na,na,,,,
2025-07-30 13:41:22.836517,PHY,0x4601,1,0,na,"[0,",0,0,1,2332.2,+19.4dB,17.7us,"[0,",1,673.9,normal,0,valid,-15.0dB,-15.1dB,na,na,,,,
2025-07-30 13:41:22.840991,PHY,0x4601,1,0,na,"[0,",0,0,1,2126.3,+19.0dB,17.2us,"[0,",1,673.18,normal,0,valid,-14.9dB,-15.0dB,na,na,,,,
2025-07-30 13:41:22.841494,PHY,0x4601,1,0,na,"[0,",0,0,1,1988.4,+18.7dB,17.8us,"[0,",1,673.19,normal,0,valid,-14.9dB,-15.0dB,na,na,,,,
2025-07-30 13:41:22.845609,CSI,0x4601,2,,na,"[0,",,,1,,+33.7dB,24.2us,"[0,",1,674.8,normal,0,valid,-12.1dB,-12.1dB,0.15us,-11.1Hz,,"[6,",1111,1
2025-07-30 13:41:22.846531,PHY,0x4601,1,0,na,"[0,",0,0,1,3365.5,+21.0dB,18.2us,"[0,",1,674.9,normal,0,valid,-14.9dB,-15.0dB,na,na,,,,
2025-07-30 13:41:22.851050,PHY,0x4601,1,0,na,"[0,",0,0,1,2095.7,+19.0dB,18.0us,"[0,",1,674.18,normal,0,valid,-14.9dB,-14.9dB,na,na,,,,
2025-07-30 13:41:22.851502,PHY,0x4601,1,0,na,"[0,",0,0,1,2288.9,+19.3dB,15.1us,"[0,",1,674.19,normal,0,valid,-14.9dB,-15.0dB,na,na,,,,
2025-07-30 13:41:22.855988,PHY,0x4601,1,0,na,"[0,",0,0,1,2034.6,+18.9dB,17.8us,"[0,",1,675.8,normal,0,valid,-15.0dB,-15.0dB,na,na,,,,
2025-07-30 13:41:22.856506,PHY,0x4601,1,0,na,"[0,",0,0,1,2193.6,+19.1dB,17.2us,"[0,",1,675.9,normal,0,valid,-15.0dB,-15.1dB,na,na,,,,
2025-07-30 13:41:22.860989,PHY,0x4601,1,0,na,"[0,",0,0,1,2073.1,+18.9dB,23.4us,"[0,",1,675.18,normal,0,valid,-14.9dB,-15.0dB,na,na,,,,
2025-07-30 13:41:22.861528,PHY,0x4601,1,0,na,"[0,",0,0,1,2223.7,+19.3dB,16.2us,"[0,",1,675.19,normal,0,valid,-14.9dB,-14.9dB,na,na,,,,
2025-07-30 13:41:22.865619,CSI,0x4601,2,,na,"[0,",,,1,,+30.4dB,13.4us,"[0,",1,676.8,normal,0,valid,-12.2dB,-12.2dB,0.16us,+76.6Hz,,"[6,",1111,1
2025-07-30 13:41:22.866485,PHY,0x4601,1,0,na,"[0,",0,0,1,2322.8,+19.4dB,15.9us,"[0,",1,676.9,normal,0,valid,-14.9dB,-15.0dB,na,na,,,,
2025-07-30 13:41:22.870985,PHY,0x4601,1,0,na,"[0,",0,0,1,2029.3,+18.8dB,16.5us,"[0,",1,676.18,normal,0,valid,-14.9dB,-15.0dB,na,na,,,,
2025-07-30 13:41:22.871480,PHY,0x4601,1,0,na,"[0,",0,0,1,2237.7,+19.2dB,15.2us,"[0,",1,676.19,normal,0,valid,-14.9dB,-15.0dB,na,na,,,,
2025-07-30 13:41:22.875969,PHY,0x4601,1,0,na,"[0,",0,0,1,2171.7,+19.1dB,16.9us,"[0,",1,677.8,normal,0,valid,-15.0dB,-15.0dB,na,na,,,,
2025-07-30 13:41:22.876525,PHY,0x4601,1,0,na,"[0,",0,0,1,2333.7,+19.4dB,15.1us,"[0,",1,677.9,normal,0,valid,-15.0dB,-15.1dB,na,na,,,,
2025-07-30 13:41:22.881020,PHY,0x4601,1,0,na,"[0,",0,0,1,2270.6,+19.3dB,18.8us,"[0,",1,677.18,normal,0,valid,-14.9dB,-15.0dB,na,na,,,,
2025-07-30 13:41:22.881477,PHY,0x4601,1,0,na,"[0,",0,0,1,2179.0,+19.1dB,15.5us,"[0,",1,677.19,normal,0,valid,-14.9dB,-15.0dB,na,na,,,,
2025-07-30 13:41:22.885616,CSI,0x4601,2,,na,"[0,",,,1,,+27.9dB,15.2us,"[0,",1,678.8,normal,0,valid,-12.2dB,-12.2dB,0.15us,+53.5Hz,,"[6,",1111,1
2025-07-30 13:41:22.886475,PHY,0x4601,1,0,na,"[0,",0,0,1,1991.9,+18.7dB,17.0us,"[0,",1,678.9,normal,0,valid,-14.9dB,-15.0dB,na,na,,,,
2025-07-30 13:41:22.891060,PHY,0x4601,1,0,na,"[0,",0,0,1,2235.4,+19.2dB,15.9us,"[0,",1,678.18,normal,0,valid,-15.0dB,-15.0dB,na,na,,,,
2025-07-30 13:41:22.891520,PHY,0x4601,1,0,na,"[0,",0,0,1,2083.5,+18.9dB,18.2us,"[0,",1,678.19,normal,0,valid,-14.9dB,-15.0dB,na,na,,,,
2025-07-30 13:41:22.896007,PHY,0x4601,1,0,na,"[0,",0,0,1,2227.5,+19.2dB,19.3us,"[0,",1,679.8,normal,0,valid,-15.0dB,-15.0dB,na,na,,,,
2025-07-30 13:41:22.896489,PHY,0x4601,1,0,na,"[0,",0,0,1,1958.3,+18.6dB,26.3us,"[0,",1,679.9,normal,0,valid,-15.0dB,-15.0dB,na,na,,,,
2025-07-30 13:41:22.900966,PHY,0x4601,1,0,na,"[0,",0,0,1,2010.1,+18.8dB,19.1us,"[0,",1,679.18,normal,0,valid,-14.9dB,-14.9dB,na,na,,,,
2025-07-30 13:41:22.901469,PHY,0x4601,1,0,na,"[0,",0,0,1,2167.4,+19.1dB,15.2us,"[0,",1,679.19,normal,0,valid,-14.9dB,-15.0dB,na,na,,,,
2025-07-30 13:41:22.905576,CSI,0x4601,2,,na,"[0,",,,1,,+32.5dB,16.2us,"[0,",1,680.8,normal,0,valid,-12.1dB,-12.1dB,0.14us,-81.2Hz,,"[6,",1111,1
2025-07-30 13:41:22.906508,PHY,0x4601,1,0,na,"[0,",0,0,1,3190.0,+20.8dB,16.3us,"[0,",1,680.9,normal,0,valid,-15.0dB,-15.0dB,na,na,,,,
2025-07-30 13:41:22.910999,PHY,0x4601,1,0,na,"[0,",0,0,1,2274.4,+19.3dB,16.3us,"[0,",1,680.18,normal,0,valid,-14.9dB,-15.0dB,na,na,,,,
2025-07-30 13:41:22.911489,PHY,0x4601,1,0,na,"[0,",0,0,1,2156.0,+19.1dB,16.6us,"[0,",1,680.19,normal,0,valid,-14.9dB,-15.0dB,na,na,,,,
2025-07-30 13:41:22.915961,PHY,0x4601,1,0,na,"[0,",0,0,1,2163.9,+19.1dB,17.7us,"[0,",1,681.8,normal,0,valid,-15.0dB,-15.0dB,na,na,,,,
2025-07-30 13:41:22.916557,PHY,0x4601,1,0,na,"[0,",0,0,1,2153.9,+19.1dB,13.9us,"[0,",1,681.9,normal,0,valid,-15.0dB,-15.0dB,na,na,,,,
2025-07-30 13:41:22.921046,PHY,0x4601,1,0,na,"[0,",0,0,1,2333.8,+19.4dB,16.8us,"[0,",1,681.18,normal,0,valid,-14.9dB,-15.0dB,na,na,,,,
2025-07-30 13:41:22.921504,PHY,0x4601,1,0,na,"[0,",0,0,1,2030.0,+18.8dB,15.6us,"[0,",1,681.19,normal,0,valid,-14.9dB,-15.0dB,na,na,,,,
2025-07-30 13:41:22.925594,CSI,0x4601,2,,na,"[0,",,,1,,+30.9dB,16.7us,"[0,",1,682.8,normal,0,valid,-12.1dB,-12.1dB,0.15us,+61.5Hz,,"[6,",1111,1
2025-07-30 13:41:22.926470,PHY,0x4601,1,0,na,"[0,",0,0,1,2958.4,+20.5dB,18.7us,"[0,",1,682.9,normal,0,valid,-15.0dB,-15.0dB,na,na,,,,
2025-07-30 13:41:22.930955,PHY,0x4601,1,0,na,"[0,",0,0,1,2413.2,+19.6dB,16.8us,"[0,",1,682.18,normal,0,valid,-14.9dB,-15.0dB,na,na,,,,
2025-07-30 13:41:22.931553,PHY,0x4601,1,0,na,"[0,",0,0,1,2382.0,+19.5dB,15.3us,"[0,",1,682.19,normal,0,valid,-14.9dB,-15.0dB,na,na,,,,
2025-07-30 13:41:22.936043,PHY,0x4601,1,0,na,"[0,",0,0,1,2110.6,+19.0dB,17.2us,"[0,",1,683.8,normal,0,valid,-14.9dB,-14.9dB,na,na,,,,
2025-07-30 13:41:22.936541,PHY,0x4601,1,0,na,"[0,",0,0,1,2056.9,+18.9dB,16.4us,"[0,",1,683.9,normal,0,valid,-15.0dB,-15.0dB,na,na,,,,
2025-07-30 13:41:22.941001,PHY,0x4601,1,0,na,"[0,",0,0,1,2099.8,+19.0dB,17.7us,"[0,",1,683.18,normal,0,valid,-14.9dB,-14.9dB,na,na,,,,
2025-07-30 13:41:22.941472,PHY,0x4601,1,0,na,"[0,",0,0,1,2046.6,+18.8dB,14.8us,"[0,",1,683.19,normal,0,valid,-14.9dB,-15.0dB,na,na,,,,
2025-07-30 13:41:22.945664,CSI,0x4601,2,,na,"[0,",,,1,,+32.3dB,17.3us,"[0,",1,684.8,normal,0,valid,-12.2dB,-12.2dB,0.16us,-50.2Hz,,"[6,",1111,1
2025-07-30 13:41:22.946556,PHY,0x4601,1,0,na,"[0,",0,0,1,2091.7,+19.0dB,17.6us,"[0,",1,684.9,normal,0,valid,-14.9dB,-15.0dB,na,na,,,,
2025-07-30 13:41:22.951035,PHY,0x4601,1,0,na,"[0,",0,0,1,2078.4,+18.9dB,17.6us,"[0,",1,684.18,normal,0,valid,-14.9dB,-14.9dB,na,na,,,,
2025-07-30 13:41:22.951507,PHY,0x4601,1,0,na,"[0,",0,0,1,2174.5,+19.1dB,16.5us,"[0,",1,684.19,normal,0,valid,-14.9dB,-15.0dB,na,na,,,,
2025-07-30 13:41:22.955983,PHY,0x4601,1,0,na,"[0,",0,0,1,2276.5,+19.3dB,18.3us,"[0,",1,685.8,normal,0,valid,-15.0dB,-15.0dB,na,na,,,,
2025-07-30 13:41:22.956446,PHY,0x4601,1,0,na,"[0,",0,0,1,2355.9,+19.5dB,15.6us,"[0,",1,685.9,normal,0,valid,-15.0dB,-15.0dB,na,na,,,,
2025-07-30 13:41:22.960957,PHY,0x4601,1,0,na,"[0,",0,0,1,2042.3,+18.9dB,17.2us,"[0,",1,685.18,normal,0,valid,-14.9dB,-14.9dB,na,na,,,,
2025-07-30 13:41:22.961536,PHY,0x4601,1,0,na,"[0,",0,0,1,2050.2,+18.8dB,15.2us,"[0,",1,685.19,normal,0,valid,-14.9dB,-15.0dB,na,na,,,,
2025-07-30 13:41:22.965593,CSI,0x4601,2,,na,"[0,",,,1,,+30.6dB,15.0us,"[0,",1,686.8,normal,0,valid,-12.2dB,-12.3dB,0.17us,-46.5Hz,,"[6,",1111,1
2025-07-30 13:41:22.966488,PHY,0x4601,1,0,na,"[0,",0,0,1,2093.1,+18.9dB,19.6us,"[0,",1,686.9,normal,0,valid,-14.9dB,-15.0dB,na,na,,,,
2025-07-30 13:41:22.970978,PHY,0x4601,1,0,na,"[0,",0,0,1,2260.7,+19.3dB,18.7us,"[0,",1,686.18,normal,0,valid,-14.9dB,-15.0dB,na,na,,,,
2025-07-30 13:41:22.971447,PHY,0x4601,1,0,na,"[0,",0,0,1,2225.2,+19.2dB,16.2us,"[0,",1,686.19,normal,0,valid,-14.9dB,-15.0dB,na,na,,,,
2025-07-30 13:41:22.976052,PHY,0x4601,1,0,na,"[0,",0,0,1,1932.6,+18.6dB,21.7us,"[0,",1,687.8,normal,0,valid,-15.0dB,-15.1dB,na,na,,,,
2025-07-30 13:41:22.976544,PHY,0x4601,1,0,na,"[0,",0,0,1,2009.5,+18.8dB,14.2us,"[0,",1,687.9,normal,0,valid,-15.0dB,-15.0dB,na,na,,,,
2025-07-30 13:41:22.981026,PHY,0x4601,1,0,na,"[0,",0,0,1,2171.0,+19.1dB,18.3us,"[0,",1,687.18,normal,0,valid,-14.9dB,-14.9dB,na,na,,,,
2025-07-30 13:41:22.981488,PHY,0x4601,1,0,na,"[0,",0,0,1,2119.1,+19.0dB,14.9us,"[0,",1,687.19,normal,0,valid,-14.9dB,-15.0dB,na,na,,,,
2025-07-30 13:41:22.985610,CSI,0x4601,2,,na,"[0,",,,1,,+29.3dB,15.1us,"[0,",1,688.8,normal,0,valid,-12.1dB,-12.1dB,0.15us,-123.0Hz,,"[6,",1111,1
2025-07-30 13:41:22.986445,PHY,0x4601,1,0,na,"[0,",0,0,1,3187.5,+20.8dB,16.5us,"[0,",1,688.9,normal,0,valid,-15.0dB,-15.0dB,na,na,,,,
2025-07-30 13:41:22.991031,PHY,0x4601,1,0,na,"[0,",0,0,1,2033.0,+18.8dB,16.2us,"[0,",1,688.18,normal,0,valid,-14.9dB,-15.0dB,na,na,,,,
2025-07-30 13:41:22.991536,PHY,0x4601,1,0,na,"[0,",0,0,1,2138.8,+19.0dB,24.1us,"[0,",1,688.19,normal,0,valid,-14.9dB,-15.0dB,na,na,,,,
2025-07-30 13:41:22.996028,PHY,0x4601,1,0,na,"[0,",0,0,1,1993.1,+18.7dB,24.4us,"[0,",1,689.8,normal,0,valid,-15.0dB,-15.0dB,na,na,,,,
2025-07-30 13:41:22.996489,PHY,0x4601,1,0,na,"[0,",0,0,1,2154.8,+19.1dB,26.2us,"[0,",1,689.9,normal,0,valid,-15.0dB,-15.1dB,na,na,,,,
2025-07-30 13:41:23.000993,PHY,0x4601,1,0,na,"[0,",0,0,1,2289.5,+19.3dB,30.8us,"[0,",1,689.18,normal,0,valid,-14.9dB,-15.0dB,na,na,,,,
2025-07-30 13:41:23.001542,PHY,0x4601,1,0,na,"[0,",0,0,1,2129.8,+19.0dB,22.7us,"[0,",1,689.19,normal,0,valid,-14.9dB,-15.0dB,na,na,,,,
2025-07-30 13:41:23.005570,CSI,0x4601,2,,na,"[0,",,,1,,+34.2dB,16.1us,"[0,",1,690.8,normal,0,valid,-12.2dB,-12.2dB,0.16us,+3.7Hz,,"[6,",1111,1
2025-07-30 13:41:23.006540,PHY,0x4601,1,0,na,"[0,",0,0,1,3198.6,+20.8dB,28.8us,"[0,",1,690.9,normal,0,valid,-15.0dB,-15.0dB,na,na,,,,
2025-07-30 13:41:23.011022,PHY,0x4601,1,0,na,"[0,",0,0,1,2087.0,+18.9dB,28.4us,"[0,",1,690.18,normal,0,valid,-14.9dB,-14.9dB,na,na,,,,
2025-07-30 13:41:23.011481,PHY,0x4601,1,0,na,"[0,",0,0,1,2017.6,+18.8dB,16.8us,"[0,",1,690.19,normal,0,valid,-14.9dB,-14.9dB,na,na,,,,
2025-07-30 13:41:23.015948,PHY,0x4601,1,0,na,"[0,",0,0,1,2136.8,+19.1dB,18.4us,"[0,",1,691.8,normal,0,valid,-15.0dB,-15.0dB,na,na,,,,
2025-07-30 13:41:23.016540,PHY,0x4601,1,0,na,"[0,",0,0,1,1848.5,+18.4dB,17.1us,"[0,",1,691.9,normal,0,valid,-15.0dB,-15.0dB,na,na,,,,
2025-07-30 13:41:23.021032,PHY,0x4601,1,0,na,"[0,",0,0,1,2238.5,+19.2dB,27.6us,"[0,",1,691.18,normal,0,valid,-14.9dB,-15.0dB,na,na,,,,
2025-07-30 13:41:23.021528,PHY,0x4601,1,0,na,"[0,",0,0,1,2032.7,+18.8dB,25.7us,"[0,",1,691.19,normal,0,valid,-14.9dB,-15.0dB,na,na,,,,
2025-07-30 13:41:23.025585,CSI,0x4601,2,,na,"[0,",,,1,,+33.0dB,22.1us,"[0,",1,692.8,normal,0,valid,-12.1dB,-12.1dB,0.16us,-98.2Hz,,"[6,",1111,1
2025-07-30 13:41:23.026466,PHY,0x4601,1,0,na,"[0,",0,0,1,2960.1,+20.4dB,18.7us,"[0,",1,692.9,normal,0,valid,-15.0dB,-15.0dB,na,na,,,,
2025-07-30 13:41:23.030951,PHY,0x4601,1,0,na,"[0,",0,0,1,2004.5,+18.8dB,16.5us,"[0,",1,692.18,normal,0,valid,-14.9dB,-15.0dB,na,na,,,,
2025-07-30 13:41:23.031528,PHY,0x4601,1,0,na,"[0,",0,0,1,2295.4,+19.4dB,15.7us,"[0,",1,692.19,normal,0,valid,-14.9dB,-15.0dB,na,na,,,,
2025-07-30 13:41:23.036018,PHY,0x4601,1,0,na,"[0,",0,0,1,2196.9,+19.2dB,18.6us,"[0,",1,693.8,normal,0,valid,-15.0dB,-15.0dB,na,na,,,,
2025-07-30 13:41:23.036523,PHY,0x4601,1,0,na,"[0,",0,0,1,2140.4,+19.0dB,14.9us,"[0,",1,693.9,normal,0,valid,-15.0dB,-15.0dB,na,na,,,,
2025-07-30 13:41:23.041018,PHY,0x4601,1,0,na,"[0,",0,0,1,1987.9,+18.7dB,24.0us,"[0,",1,693.18,normal,0,valid,-14.9dB,-14.9dB,na,na,,,,
2025-07-30 13:41:23.041470,PHY,0x4601,1,0,na,"[0,",0,0,1,1960.0,+18.7dB,15.6us,"[0,",1,693.19,normal,0,valid,-14.9dB,-15.0dB,na,na,,,,
2025-07-30 13:41:23.045600,CSI,0x4601,2,,na,"[0,",,,1,,+31.9dB,17.4us,"[0,",1,694.8,normal,0,valid,-12.1dB,-12.1dB,0.14us,+6.0Hz,,"[6,",1111,1
2025-07-30 13:41:23.046532,PHY,0x4601,1,0,na,"[0,",0,0,1,3380.4,+21.0dB,24.0us,"[0,",1,694.9,normal,0,valid,-15.0dB,-15.0dB,na,na,,,,
2025-07-30 13:41:23.051016,PHY,0x4601,1,0,na,"[0,",0,0,1,2125.5,+19.0dB,24.7us,"[0,",1,694.18,normal,0,valid,-14.9dB,-15.0dB,na,na,,,,
2025-07-30 13:41:23.051514,PHY,0x4601,1,0,na,"[0,",0,0,1,2036.2,+18.8dB,22.9us,"[0,",1,694.19,normal,0,valid,-14.9dB,-15.0dB,na,na,,,,
2025-07-30 13:41:23.056015,PHY,0x4601,1,0,na,"[0,",0,0,1,2018.6,+18.8dB,17.7us,"[0,",1,695.8,normal,0,valid,-15.0dB,-15.0dB,na,na,,,,
2025-07-30 13:41:23.056455,PHY,0x4601,1,0,na,"[0,",0,0,1,2192.7,+19.2dB,18.2us,"[0,",1,695.9,normal,0,valid,-15.0dB,-15.0dB,na,na,,,,
2025-07-30 13:41:23.061043,PHY,0x4601,1,0,na,"[0,",0,0,1,2174.6,+19.1dB,15.9us,"[0,",1,695.18,normal,0,valid,-14.9dB,-14.9dB,na,na,,,,
2025-07-30 13:41:23.061517,PHY,0x4601,1,0,na,"[0,",0,0,1,2116.3,+19.0dB,16.1us,"[0,",1,695.19,normal,0,valid,-14.9dB,-15.0dB,na,na,,,,
2025-07-30 13:41:23.065599,CSI,0x4601,2,,na,"[0,",,,1,,+33.9dB,16.5us,"[0,",1,696.8,normal,0,valid,-12.1dB,-12.1dB,0.19us,-51.7Hz,,"[6,",1111,1
2025-07-30 13:41:23.066502,PHY,0x4601,1,0,na,"[0,",0,0,1,2984.6,+20.5dB,16.5us,"[0,",1,696.9,normal,0,valid,-15.0dB,-15.0dB,na,na,,,,
2025-07-30 13:41:23.070994,PHY,0x4601,1,0,na,"[0,",0,0,1,2099.1,+18.9dB,17.0us,"[0,",1,696.18,normal,0,valid,-14.9dB,-15.0dB,na,na,,,,
2025-07-30 13:41:23.071437,PHY,0x4601,1,0,na,"[0,",0,0,1,2059.2,+18.9dB,15.6us,"[0,",1,696.19,normal,0,valid,-15.0dB,-15.0dB,na,na,,,,
2025-07-30 13:41:23.076034,PHY,0x4601,1,0,na,"[0,",0,0,1,1924.7,+18.6dB,16.7us,"[0,",1,697.8,normal,0,valid,-15.0dB,-15.0dB,na,na,,,,
2025-07-30 13:41:23.076517,PHY,0x4601,1,0,na,"[0,",0,0,1,2213.8,+19.2dB,14.4us,"[0,",1,697.9,normal,0,valid,-15.0dB,-15.0dB,na,na,,,,
2025-07-30 13:41:23.081025,PHY,0x4601,1,0,na,"[0,",0,0,1,2062.7,+18.9dB,19.0us,"[0,",1,697.18,normal,0,valid,-14.9dB,-14.9dB,na,na,,,,
2025-07-30 13:41:23.081512,PHY,0x4601,1,0,na,"[0,",0,0,1,2030.2,+18.8dB,23.5us,"[0,",1,697.19,normal,0,valid,-14.9dB,-15.0dB,na,na,,,,
2025-07-30 13:41:23.085609,CSI,0x4601,2,,na,"[0,",,,1,,+31.7dB,14.7us,"[0,",1,698.8,normal,0,valid,-12.1dB,-12.1dB,0.15us,-11.1Hz,,"[6,",1111,1
2025-07-30 13:41:23.086545,PHY,0x4601,1,0,na,"[0,",0,0,1,3161.4,+20.7dB,15.7us,"[0,",1,698.9,normal,0,valid,-15.0dB,-15.0dB,na,na,,,,
2025-07-30 13:41:23.091028,PHY,0x4601,1,0,na,"[0,",0,0,1,1976.1,+18.7dB,15.9us,"[0,",1,698.18,normal,0,valid,-14.9dB,-15.0dB,na,na,,,,
2025-07-30 13:41:23.091499,PHY,0x4601,1,0,na,"[0,",0,0,1,2135.0,+19.0dB,16.1us,"[0,",1,698.19,normal,0,valid,-14.9dB,-15.0dB,na,na,,,,
2025-07-30 13:41:23.095991,PHY,0x4601,1,0,na,"[0,",0,0,1,2125.3,+19.0dB,18.0us,"[0,",1,699.8,normal,0,valid,-15.0dB,-15.0dB,na,na,,,,
2025-07-30 13:41:23.096509,PHY,0x4601,1,0,na,"[0,",0,0,1,2079.6,+18.9dB,18.5us,"[0,",1,699.9,normal,0,valid,-15.0dB,-15.0dB,na,na,,,,
2025-07-30 13:41:23.100981,PHY,0x4601,1,0,na,"[0,",0,0,1,2041.6,+18.8dB,17.0us,"[0,",1,699.18,normal,0,valid,-14.9dB,-14.9dB,na,na,,,,
2025-07-30 13:41:23.101533,PHY,0x4601,1,0,na,"[0,",0,0,1,1980.2,+18.7dB,14.5us,"[0,",1,699.19,normal,0,valid,-14.9dB,-15.0dB,na,na,,,,
2025-07-30 13:41:23.105571,CSI,0x4601,2,,na,"[0,",,,1,,+30.0dB,17.0us,"[0,",1,700.8,normal,0,valid,-12.1dB,-12.1dB,0.16us,-78.9Hz,,"[6,",1111,1
2025-07-30 13:41:23.106497,PHY,0x4601,1,0,na,"[0,",0,0,1,1889.0,+18.5dB,16.1us,"[0,",1,700.9,normal,0,valid,-15.0dB,-15.1dB,na,na,,,,
2025-07-30 13:41:23.110981,PHY,0x4601,1,0,na,"[0,",0,0,1,1976.4,+18.7dB,16.9us,"[0,",1,700.18,normal,0,valid,-14.9dB,-15.0dB,na,na,,,,
2025-07-30 13:41:23.111488,PHY,0x4601,1,0,na,"[0,",0,0,1,1981.8,+18.7dB,16.0us,"[0,",1,700.19,normal,0,valid,-14.9dB,-14.9dB,na,na,,,,
2025-07-30 13:41:23.115975,PHY,0x4601,1,0,na,"[0,",0,0,1,2166.7,+19.1dB,16.8us,"[0,",1,701.8,normal,0,valid,-15.0dB,-15.0dB,na,na,,,,
2025-07-30 13:41:23.116541,PHY,0x4601,1,0,na,"[0,",0,0,1,2244.7,+19.2dB,16.5us,"[0,",1,701.9,normal,0,valid,-15.0dB,-15.0dB,na,na,,,,
2025-07-30 13:41:23.121019,PHY,0x4601,1,0,na,"[0,",0,0,1,2126.9,+19.0dB,19.9us,"[0,",1,701.18,normal,0,valid,-14.9dB,-15.0dB,na,na,,,,
2025-07-30 13:41:23.121493,PHY,0x4601,1,0,na,"[0,",0,0,1,2069.3,+18.9dB,19.1us,"[0,",1,701.19,normal,0,valid,-14.9dB,-15.0dB,na,na,,,,
2025-07-30 13:41:23.125634,CSI,0x4601,2,,na,"[0,",,,1,,+32.4dB,14.3us,"[0,",1,702.8,normal,0,valid,-12.0dB,-12.1dB,0.16us,-31.8Hz,,"[6,",1111,1
2025-07-30 13:41:23.126479,PHY,0x4601,1,0,na,"[0,",0,0,1,3045.6,+20.6dB,16.3us,"[0,",1,702.9,normal,0,valid,-14.9dB,-15.0dB,na,na,,,,
2025-07-30 13:41:23.130988,PHY,0x4601,1,0,na,"[0,",0,0,1,2157.7,+19.1dB,29.1us,"[0,",1,702.18,normal,0,valid,-14.9dB,-15.0dB,na,na,,,,
2025-07-30 13:41:23.131518,PHY,0x4601,1,0,na,"[0,",0,0,1,2044.8,+18.8dB,14.1us,"[0,",1,702.19,normal,0,valid,-14.9dB,-15.0dB,na,na,,,,
2025-07-30 13:41:23.136033,PHY,0x4601,1,0,na,"[0,",0,0,1,2044.9,+18.8dB,16.5us,"[0,",1,703.8,normal,0,valid,-15.0dB,-15.0dB,na,na,,,,
2025-07-30 13:41:23.136503,PHY,0x4601,1,0,na,"[0,",0,0,1,2151.3,+19.1dB,17.7us,"[0,",1,703.9,normal,0,valid,-15.0dB,-15.0dB,na,na,,,,
2025-07-30 13:41:23.140973,PHY,0x4601,1,0,na,"[0,",0,0,1,2136.0,+19.0dB,18.8us,"[0,",1,703.18,normal,0,valid,-14.9dB,-14.9dB,na,na,,,,
2025-07-30 13:41:23.141477,PHY,0x4601,1,0,na,"[0,",0,0,1,2203.5,+19.2dB,15.4us,"[0,",1,703.19,normal,0,valid,-14.9dB,-15.0dB,na,na,,,,
2025-07-30 13:41:23.145590,CSI,0x4601,2,,na,"[0,",,,1,,+32.2dB,14.3us,"[0,",1,704.8,normal,0,valid,-12.2dB,-12.2dB,0.14us,-49.3Hz,,"[6,",1111,1
2025-07-30 13:41:23.146514,PHY,0x4601,1,0,na,"[0,",0,0,1,3255.9,+20.9dB,17.1us,"[0,",1,704.9,normal,0,valid,-15.0dB,-15.0dB,na,na,,,,
2025-07-30 13:41:23.151020,PHY,0x4601,1,0,na,"[0,",0,0,1,2074.6,+18.9dB,23.3us,"[0,",1,704.18,normal,0,valid,-14.9dB,-14.9dB,na,na,,,,
2025-07-30 13:41:23.151477,PHY,0x4601,1,0,na,"[0,",0,0,1,2095.6,+19.0dB,16.6us,"[0,",1,704.19,normal,0,valid,-14.9dB,-15.0dB,na,na,,,,
2025-07-30 13:41:23.155977,PHY,0x4601,1,0,na,"[0,",0,0,1,2137.9,+19.0dB,18.5us,"[0,",1,705.8,normal,0,valid,-15.0dB,-15.0dB,na,na,,,,
2025-07-30 13:41:23.156483,PHY,0x4601,1,0,na,"[0,",0,0,1,2077.0,+18.9dB,26.5us,"[0,",1,705.9,normal,0,valid,-15.0dB,-15.1dB,na,na,,,,
2025-07-30 13:41:23.161051,PHY,0x4601,1,0,na,"[0,",0,0,1,2431.6,+19.6dB,16.0us,"[0,",1,705.18,normal,0,valid,-14.9dB,-15.0dB,na,na,,,,
2025-07-30 13:41:23.161519,PHY,0x4601,1,0,na,"[0,",0,0,1,2107.4,+19.0dB,18.6us,"[0,",1,705.19,normal,0,valid,-14.9dB,-14.9dB,na,na,,,,
2025-07-30 13:41:23.165057,PHY,0x4601,2,,na,"[0,",,,11111,,+28.8dB,19.1us,"[0,",1,706.7,normal,0,valid,-11.4dB,-11.4dB,0.15us,-69.2Hz,1,"[6,",,1
2025-07-30 13:41:23.165545,CSI,0x4601,2,,na,"[0,",,,1,,+33.8dB,12.3us,"[0,",1,706.8,normal,0,valid,-12.0dB,-12.1dB,0.14us,+8.9Hz,,"[6,",1111,1
2025-07-30 13:41:23.166473,PHY,0x4601,1,0,na,"[0,",0,0,1,2932.8,+20.4dB,17.4us,"[0,",1,706.9,normal,0,valid,-14.9dB,-15.0dB,na,na,,,,
2025-07-30 13:41:23.170040,PHY,0x4601,2,,na,"[0,",,,11111,,+30.4dB,21.6us,"[0,",1,706.17,normal,0,valid,-12.1dB,-12.1dB,0.17us,+51.5Hz,,"[6,",,1
2025-07-30 13:41:23.170954,PHY,0x4601,1,0,na,"[0,",0,0,1,3333.6,+21.0dB,15.6us,"[0,",1,706.18,normal,0,valid,-15.0dB,-15.0dB,na,na,,,,
2025-07-30 13:41:23.171564,PHY,0x4601,1,0,na,"[0,",0,0,1,2978.3,+20.5dB,15.1us,"[0,",1,706.19,normal,0,valid,-15.0dB,-15.0dB,na,na,,,,
2025-07-30 13:41:23.176065,PHY,0x4601,1,0,na,"[0,",0,0,1,2177.4,+19.1dB,21.1us,"[0,",1,707.8,normal,0,valid,-14.9dB,-15.0dB,na,na,,,,
2025-07-30 13:41:23.176515,PHY,0x4601,1,0,na,"[0,",0,0,1,2235.9,+19.3dB,15.7us,"[0,",1,707.9,normal,0,valid,-14.9dB,-15.0dB,na,na,,,,
2025-07-30 13:41:23.180043,PHY,0x4601,2,,na,"[0,",,,11111,,+33.5dB,16.7us,"[0,",1,707.17,normal,0,valid,-12.3dB,-12.3dB,0.16us,-109.8Hz,,"[6,",,1
2025-07-30 13:41:23.180995,PHY,0x4601,1,0,na,"[0,",0,0,1,3112.7,+20.7dB,20.0us,"[0,",1,707.18,normal,0,valid,-14.9dB,-14.9dB,na,na,,,,
2025-07-30 13:41:23.181469,PHY,0x4601,1,0,na,"[0,",0,0,1,3289.8,+20.9dB,17.1us,"[0,",1,707.19,normal,0,valid,-14.9dB,-15.0dB,na,na,,,,
2025-07-30 13:41:23.185600,CSI,0x4601,2,,na,"[0,",,,1,,+29.9dB,16.6us,"[0,",1,708.8,normal,0,valid,-12.1dB,-12.1dB,0.15us,+75.9Hz,,"[6,",1111,1
2025-07-30 13:41:23.186550,PHY,0x4601,1,0,na,"[0,",0,0,1,2178.6,+19.1dB,15.8us,"[0,",1,708.9,normal,0,valid,-14.9dB,-15.0dB,na,na,,,,
2025-07-30 13:41:23.190094,PHY,0x4601,2,,na,"[0,",,,11111,,+28.5dB,14.4us,"[0,",1,708.17,normal,0,valid,-12.2dB,-12.2dB,0.16us,+22.9Hz,,"[6,",,1
2025-07-30 13:41:23.191037,PHY,0x4601,1,0,na,"[0,",0,0,1,2071.9,+18.9dB,15.4us,"[0,",1,708.18,normal,0,valid,-14.9dB,-15.0dB,na,na,,,,
2025-07-30 13:41:23.191495,PHY,0x4601,1,0,na,"[0,",0,0,1,2145.7,+19.1dB,13.6us,"[0,",1,708.19,normal,0,valid,-14.9dB,-15.0dB,na,na,,,,
2025-07-30 13:41:23.195993,PHY,0x4601,1,0,na,"[0,",0,0,1,2008.0,+18.8dB,18.9us,"[0,",1,709.8,normal,0,valid,-14.9dB,-15.0dB,na,na,,,,
2025-07-30 13:41:23.196457,PHY,0x4601,1,0,na,"[0,",0,0,1,2150.1,+19.0dB,15.0us,"[0,",1,709.9,normal,0,valid,-14.9dB,-15.0dB,na,na,,,,
2025-07-30 13:41:23.200117,PHY,0x4601,2,,na,"[0,",,,11111,,+30.0dB,16.8us,"[0,",1,709.17,normal,0,valid,-12.1dB,-12.2dB,0.16us,-21.8Hz,,"[6,",,1
2025-07-30 13:41:23.200954,PHY,0x4601,1,0,na,"[0,",0,0,1,2155.0,+19.1dB,20.4us,"[0,",1,709.18,normal,0,valid,-15.0dB,-15.0dB,na,na,,,,
2025-07-30 13:41:23.201555,PHY,0x4601,1,0,na,"[0,",0,0,1,2095.2,+19.0dB,14.4us,"[0,",1,709.19,normal,0,valid,-14.9dB,-15.0dB,na,na,,,,
2025-07-30 13:41:23.205615,CSI,0x4601,2,,na,"[0,",,,1,,+33.0dB,12.1us,"[0,",1,710.8,normal,0,valid,-12.1dB,-12.1dB,0.15us,+99.2Hz,,"[6,",1111,1
2025-07-30 13:41:23.206492,PHY,0x4601,1,0,na,"[0,",0,0,1,2198.2,+19.2dB,15.7us,"[0,",1,710.9,normal,0,valid,-14.9dB,-15.0dB,na,na,,,,
2025-07-30 13:41:23.210035,PHY,0x4601,2,,na,"[0,",,,11111,,+31.0dB,15.5us,"[0,",1,710.17,normal,0,valid,-12.2dB,-12.2dB,0.17us,-55.8Hz,,"[6,",,1
2025-07-30 13:41:23.210988,PHY,0x4601,1,0,na,"[0,",0,0,1,2067.2,+18.9dB,22.5us,"[0,",1,710.18,normal,0,valid,-14.9dB,-15.0dB,na,na,,,,
2025-07-30 13:41:23.211450,PHY,0x4601,1,0,na,"[0,",0,0,1,2127.9,+19.0dB,16.0us,"[0,",1,710.19,normal,0,valid,-14.9dB,-15.0dB,na,na,,,,
2025-07-30 13:41:23.215944,PHY,0x4601,1,0,na,"[0,",0,0,1,2066.8,+18.9dB,17.8us,"[0,",1,711.8,normal,0,valid,-14.9dB,-15.0dB,na,na,,,,
2025-07-30 13:41:23.216552,PHY,0x4601,1,0,na,"[0,",0,0,1,2005.5,+18.8dB,21.6us,"[0,",1,711.9,normal,0,valid,-14.9dB,-15.0dB,na,na,,,,
2025-07-30 13:41:23.220112,PHY,0x4601,2,,na,"[0,",,,11111,,+31.4dB,26.6us,"[0,",1,711.17,normal,0,valid,-12.2dB,-12.2dB,0.16us,+44.4Hz,,"[6,",,1
2025-07-30 13:41:23.221030,PHY,0x4601,1,0,na,"[0,",0,0,1,2123.6,+19.0dB,16.4us,"[0,",1,711.18,normal,0,valid,-15.0dB,-15.0dB,na,na,,,,
2025-07-30 13:41:23.221485,PHY,0x4601,1,0,na,"[0,",0,0,1,1914.9,+18.6dB,17.4us,"[0,",1,711.19,normal,0,valid,-14.9dB,-15.0dB,na,na,,,,
2025-07-30 13:41:23.225634,CSI,0x4601,2,,na,"[0,",,,1,,+31.9dB,18.6us,"[0,",1,712.8,normal,0,valid,-12.1dB,-12.1dB,0.16us,-17.2Hz,,"[6,",1111,1
2025-07-30 13:41:23.226448,PHY,0x4601,1,0,na,"[0,",0,0,1,2123.1,+19.0dB,17.4us,"[0,",1,712.9,normal,0,valid,-14.9dB,-15.0dB,na,na,,,,
2025-07-30 13:41:23.230100,PHY,0x4601,2,,na,"[0,",,,11111,,+31.7dB,16.9us,"[0,",1,712.17,normal,0,valid,-12.2dB,-12.2dB,0.16us,+81.0Hz,,"[6,",,1
2025-07-30 13:41:23.231043,PHY,0x4601,1,0,na,"[0,",0,0,1,2167.9,+19.1dB,17.9us,"[0,",1,712.18,normal,0,valid,-14.9dB,-15.0dB,na,na,,,,
2025-07-30 13:41:23.231537,PHY,0x4601,1,0,na,"[0,",0,0,1,2053.5,+18.9dB,13.9us,"[0,",1,712.19,normal,0,valid,-14.9dB,-15.0dB,na,na,,,,
2025-07-30 13:41:23.236028,PHY,0x4601,1,0,na,"[0,",0,0,1,2047.1,+18.9dB,18.6us,"[0,",1,713.8,normal,0,valid,-14.9dB,-15.0dB,na,na,,,,
2025-07-30 13:41:23.236491,PHY,0x4601,1,0,na,"[0,",0,0,1,1959.9,+18.7dB,25.2us,"[0,",1,713.9,normal,0,valid,-14.9dB,-15.0dB,na,na,,,,
2025-07-30 13:41:23.240033,PHY,0x4601,2,,na,"[0,",,,11111,,+28.9dB,16.7us,"[0,",1,713.17,normal,0,valid,-12.2dB,-12.3dB,0.16us,+17.7Hz,,"[6,",,1
2025-07-30 13:41:23.240974,PHY,0x4601,1,0,na,"[0,",0,0,1,2998.6,+20.5dB,20.4us,"[0,",1,713.18,normal,0,valid,-14.9dB,-15.0dB,na,na,,,,
2025-07-30 13:41:23.241439,PHY,0x4601,1,0,na,"[0,",0,0,1,3248.8,+20.8dB,14.2us,"[0,",1,713.19,normal,0,valid,-15.0dB,-15.0dB,na,na,,,,
2025-07-30 13:41:23.245582,CSI,0x4601,2,,na,"[0,",,,1,,+35.8dB,15.0us,"[0,",1,714.8,normal,0,valid,-12.1dB,-12.1dB,0.16us,+25.5Hz,,"[6,",1111,1
2025-07-30 13:41:23.246534,PHY,0x4601,1,0,na,"[0,",0,0,1,2874.1,+20.3dB,17.1us,"[0,",1,714.9,normal,0,valid,-15.0dB,-15.0dB,na,na,,,,
2025-07-30 13:41:23.250069,PHY,0x4601,2,,na,"[0,",,,11111,,+32.3dB,17.6us,"[0,",1,714.17,normal,0,valid,-12.1dB,-12.1dB,0.15us,+200.1Hz,,"[6,",,1
2025-07-30 13:41:23.251029,PHY,0x4601,1,0,na,"[0,",0,0,1,3362.6,+21.0dB,16.9us,"[0,",1,714.18,normal,0,valid,-14.9dB,-15.0dB,na,na,,,,
2025-07-30 13:41:23.251499,PHY,0x4601,1,0,na,"[0,",0,0,1,3352.9,+21.0dB,19.9us,"[0,",1,714.19,normal,0,valid,-14.9dB,-15.0dB,na,na,,,,
2025-07-30 13:41:23.255988,PHY,0x4601,1,0,na,"[0,",0,0,1,2215.1,+19.2dB,16.4us,"[0,",1,715.8,normal,0,valid,-14.9dB,-15.0dB,na,na,,,,
2025-07-30 13:41:23.256559,PHY,0x4601,1,0,na,"[0,",0,0,1,2206.3,+19.2dB,16.4us,"[0,",1,715.9,normal,0,valid,-14.9dB,-15.0dB,na,na,,,,
2025-07-30 13:41:23.260099,PHY,0x4601,2,,na,"[0,",,,11111,,+28.9dB,15.0us,"[0,",1,715.17,normal,0,valid,-12.1dB,-12.1dB,0.15us,+113.9Hz,,"[6,",,1
2025-07-30 13:41:23.261028,PHY,0x4601,1,0,na,"[0,",0,0,1,3111.0,+20.7dB,16.3us,"[0,",1,715.18,normal,0,valid,-14.9dB,-14.9dB,na,na,,,,
2025-07-30 13:41:23.261531,PHY,0x4601,1,0,na,"[0,",0,0,1,3030.2,+20.5dB,14.1us,"[0,",1,715.19,normal,0,valid,-14.9dB,-15.0dB,na,na,,,,
2025-07-30 13:41:23.265590,CSI,0x4601,2,,na,"[0,",,,1,,+32.1dB,12.2us,"[0,",1,716.8,normal,0,valid,-12.0dB,-12.0dB,0.14us,-62.2Hz,,"[6,",1111,1
2025-07-30 13:41:23.266473,PHY,0x4601,1,0,na,"[0,",0,0,1,2094.1,+18.9dB,17.2us,"[0,",1,716.9,normal,0,valid,-15.0dB,-15.1dB,na,na,,,,
2025-07-30 13:41:23.270120,PHY,0x4601,2,,na,"[0,",,,11111,,+31.8dB,15.2us,"[0,",1,716.17,normal,0,valid,-12.0dB,-12.0dB,0.16us,-49.7Hz,,"[6,",,1
2025-07-30 13:41:23.270950,PHY,0x4601,1,0,na,"[0,",0,0,1,3143.7,+20.7dB,16.3us,"[0,",1,716.18,normal,0,valid,-14.9dB,-15.0dB,na,na,,,,
2025-07-30 13:41:23.271531,PHY,0x4601,1,0,na,"[0,",0,0,1,3081.2,+20.6dB,16.9us,"[0,",1,716.19,normal,0,valid,-14.9dB,-15.0dB,na,na,,,,
2025-07-30 13:41:23.276025,PHY,0x4601,1,0,na,"[0,",0,0,1,1936.1,+18.6dB,19.9us,"[0,",1,717.8,normal,0,valid,-15.0dB,-15.0dB,na,na,,,,
2025-07-30 13:41:23.276527,PHY,0x4601,1,0,na,"[0,",0,0,1,2024.6,+18.8dB,15.7us,"[0,",1,717.9,normal,0,valid,-14.9dB,-15.0dB,na,na,,,,
2025-07-30 13:41:23.280046,PHY,0x4601,2,,na,"[0,",,,11111,,+32.7dB,14.8us,"[0,",1,717.17,normal,0,valid,-12.3dB,-12.3dB,0.16us,-99.5Hz,,"[6,",,1
2025-07-30 13:41:23.281013,PHY,0x4601,1,0,na,"[0,",0,0,1,3064.8,+20.6dB,17.4us,"[0,",1,717.18,normal,0,valid,-14.9dB,-15.0dB,na,na,,,,
2025-07-30 13:41:23.281463,PHY,0x4601,1,0,na,"[0,",0,0,1,2868.2,+20.3dB,15.1us,"[0,",1,717.19,normal,0,valid,-14.9dB,-15.0dB,na,na,,,,
2025-07-30 13:41:23.285600,CSI,0x4601,2,,na,"[0,",,,1,,+33.2dB,14.4us,"[0,",1,718.8,normal,0,valid,-12.1dB,-12.1dB,0.16us,-61.5Hz,,"[6,",1111,1
2025-07-30 13:41:23.286546,PHY,0x4601,1,0,na,"[0,",0,0,1,1992.4,+18.7dB,20.3us,"[0,",1,718.9,normal,0,valid,-14.9dB,-15.0dB,na,na,,,,
2025-07-30 13:41:23.290086,PHY,0x4601,2,,na,"[0,",,,11111,,+33.9dB,15.5us,"[0,",1,718.17,normal,0,valid,-12.2dB,-12.3dB,0.15us,+82.9Hz,,"[6,",,1
2025-07-30 13:41:23.291020,PHY,0x4601,1,0,na,"[0,",0,0,1,2072.5,+18.9dB,20.6us,"[0,",1,718.18,normal,0,valid,-15.0dB,-15.0dB,na,na,,,,
2025-07-30 13:41:23.291517,PHY,0x4601,1,0,na,"[0,",0,0,1,2201.5,+19.2dB,16.0us,"[0,",1,718.19,normal,0,valid,-14.9dB,-15.0dB,na,na,,,,
2025-07-30 13:41:23.296011,PHY,0x4601,1,0,na,"[0,",0,0,1,2238.9,+19.3dB,16.8us,"[0,",1,719.8,normal,0,valid,-14.9dB,-14.9dB,na,na,,,,
2025-07-30 13:41:23.296447,PHY,0x4601,1,0,na,"[0,",0,0,1,2222.0,+19.2dB,14.1us,"[0,",1,719.9,normal,0,valid,-14.9dB,-15.0dB,na,na,,,,
2025-07-30 13:41:23.300137,PHY,0x4601,2,,na,"[0,",,,11111,,+33.4dB,14.4us,"[0,",1,719.17,normal,0,valid,-12.0dB,-12.1dB,0.16us,-2.8Hz,,"[6,",,1
2025-07-30 13:41:23.300947,PHY,0x4601,1,0,na,"[0,",0,0,1,2033.1,+18.8dB,15.5us,"[0,",1,719.18,normal,0,valid,-14.9dB,-15.0dB,na,na,,,,
2025-07-30 13:41:23.301515,PHY,0x4601,1,0,na,"[0,",0,0,1,1979.1,+18.7dB,14.0us,"[0,",1,719.19,normal,0,valid,-15.0dB,-15.0dB,na,na,,,,
2025-07-30 13:41:23.305627,CSI,0x4601,2,,na,"[0,",,,1,,+30.7dB,12.5us,"[0,",1,720.8,normal,0,valid,-12.0dB,-12.0dB,0.17us,+13.6Hz,,"[6,",1111,1
2025-07-30 13:41:23.306523,PHY,0x4601,1,0,na,"[0,",0,0,1,2158.7,+19.1dB,17.1us,"[0,",1,720.9,normal,0,valid,-15.0dB,-15.0dB,na,na,,,,
2025-07-30 13:41:23.310030,PHY,0x4601,2,,na,"[0,",,,11111,,+30.0dB,14.6us,"[0,",1,720.17,normal,0,valid,-12.1dB,-12.2dB,0.15us,+49.0Hz,,"[6,",,1
2025-07-30 13:41:23.311002,PHY,0x4601,1,0,na,"[0,",0,0,1,2153.6,+19.1dB,18.0us,"[0,",1,720.18,normal,0,valid,-15.0dB,-15.0dB,na,na,,,,
2025-07-30 13:41:23.311446,PHY,0x4601,1,0,na,"[0,",0,0,1,1971.8,+18.7dB,15.8us,"[0,",1,720.19,normal,0,valid,-14.9dB,-15.0dB,na,na,,,,
2025-07-30 13:41:23.316043,PHY,0x4601,1,0,na,"[0,",0,0,1,2150.5,+19.1dB,16.2us,"[0,",1,721.8,normal,0,valid,-14.9dB,-15.0dB,na,na,,,,
2025-07-30 13:41:23.316529,PHY,0x4601,1,0,na,"[0,",0,0,1,2053.5,+18.9dB,16.2us,"[0,",1,721.9,normal,0,valid,-14.9dB,-15.0dB,na,na,,,,
2025-07-30 13:41:23.320077,PHY,0x4601,2,,na,"[0,",,,11111,,+31.8dB,14.6us,"[0,",1,721.17,normal,0,valid,-12.2dB,-12.2dB,0.13us,+0.5Hz,,"[6,",,1
2025-07-30 13:41:23.321004,PHY,0x4601,1,0,na,"[0,",0,0,1,3143.9,+20.7dB,15.9us,"[0,",1,721.18,normal,0,valid,-15.0dB,-15.0dB,na,na,,,,
2025-07-30 13:41:23.321506,PHY,0x4601,1,0,na,"[0,",0,0,1,3332.5,+21.0dB,14.4us,"[0,",1,721.19,normal,0,valid,-14.9dB,-15.0dB,na,na,,,,
2025-07-30 13:41:23.325671,CSI,0x4601,2,,na,"[0,",,,1,,+31.4dB,13.3us,"[0,",1,722.8,normal,0,valid,-12.0dB,-12.1dB,0.15us,-18.8Hz,,"[6,",1111,1
2025-07-30 13:41:23.326462,PHY,0x4601,1,0,na,"[0,",0,0,1,1962.9,+18.7dB,22.2us,"[0,",1,722.9,normal,0,valid,-15.0dB,-15.0dB,na,na,,,,
2025-07-30 13:41:23.330109,PHY,0x4601,2,,na,"[0,",,,11111,,+33.6dB,18.3us,"[0,",1,722.17,normal,0,valid,-12.1dB,-12.1dB,0.15us,+56.3Hz,,"[6,",,1
2025-07-30 13:41:23.331034,PHY,0x4601,1,0,na,"[0,",0,0,1,3015.6,+20.5dB,15.8us,"[0,",1,722.18,normal,0,valid,-14.9dB,-15.0dB,na,na,,,,
2025-07-30 13:41:23.331505,PHY,0x4601,1,0,na,"[0,",0,0,1,3046.4,+20.6dB,14.9us,"[0,",1,722.19,normal,0,valid,-14.9dB,-15.0dB,na,na,,,,
2025-07-30 13:41:23.336002,PHY,0x4601,1,0,na,"[0,",0,0,1,2185.4,+19.1dB,18.2us,"[0,",1,723.8,normal,0,valid,-14.9dB,-15.0dB,na,na,,,,
2025-07-30 13:41:23.336507,PHY,0x4601,1,0,na,"[0,",0,0,1,2074.9,+18.9dB,13.9us,"[0,",1,723.9,normal,0,valid,-14.9dB,-15.0dB,na,na,,,,
2025-07-30 13:41:23.340014,PHY,0x4601,2,,na,"[0,",,,11111,,+29.9dB,15.2us,"[0,",1,723.17,normal,0,valid,-12.1dB,-12.2dB,0.14us,-82.8Hz,,"[6,",,1
2025-07-30 13:41:23.340988,PHY,0x4601,1,0,na,"[0,",0,0,1,2768.2,+20.2dB,16.8us,"[0,",1,723.18,normal,0,valid,-14.9dB,-15.0dB,na,na,,,,
2025-07-30 13:41:23.341535,PHY,0x4601,1,0,na,"[0,",0,0,1,3011.1,+20.5dB,14.8us,"[0,",1,723.19,normal,0,valid,-14.9dB,-14.9dB,na,na,,,,
2025-07-30 13:41:23.345580,CSI,0x4601,2,,na,"[0,",,,1,,+33.8dB,17.0us,"[0,",1,724.8,normal,0,valid,-12.0dB,-12.0dB,0.16us,+77.0Hz,,"[6,",1111,1
2025-07-30 13:41:23.346509,PHY,0x4601,1,0,na,"[0,",0,0,1,1861.6,+18.4dB,19.1us,"[0,",1,724.9,normal,0,valid,-14.9dB,-15.0dB,na,na,,,,
2025-07-30 13:41:23.350067,PHY,0x4601,2,,na,"[0,",,,11111,,+31.9dB,15.5us,"[0,",1,724.17,normal,0,valid,-12.2dB,-12.2dB,0.16us,+85.7Hz,,"[6,",,1
2025-07-30 13:41:23.350989,PHY,0x4601,1,0,na,"[0,",0,0,1,2124.8,+19.0dB,15.9us,"[0,",1,724.18,normal,0,valid,-14.9dB,-15.0dB,na,na,,,,
2025-07-30 13:41:23.351496,PHY,0x4601,1,0,na,"[0,",0,0,1,2072.0,+18.9dB,14.4us,"[0,",1,724.19,normal,0,valid,-14.9dB,-15.0dB,na,na,,,,
2025-07-30 13:41:23.355985,PHY,0x4601,1,0,na,"[0,",0,0,1,2216.4,+19.2dB,16.0us,"[0,",1,725.8,normal,0,valid,-14.9dB,-14.9dB,na,na,,,,
2025-07-30 13:41:23.356541,PHY,0x4601,1,0,na,"[0,",0,0,1,2140.3,+19.0dB,14.0us,"[0,",1,725.9,normal,0,valid,-14.9dB,-15.0dB,na,na,,,,
2025-07-30 13:41:23.360087,PHY,0x4601,2,,na,"[0,",,,11111,,+29.2dB,15.4us,"[0,",1,725.17,normal,0,valid,-12.2dB,-12.2dB,0.16us,-56.5Hz,,"[6,",,1
2025-07-30 13:41:23.361022,PHY,0x4601,1,0,na,"[0,",0,0,1,2166.7,+19.1dB,16.5us,"[0,",1,725.18,normal,0,valid,-14.9dB,-15.0dB,na,na,,,,
2025-07-30 13:41:23.361498,PHY,0x4601,1,0,na,"[0,",0,0,1,2192.4,+19.2dB,14.7us,"[0,",1,725.19,normal,0,valid,-14.9dB,-15.0dB,na,na,,,,
2025-07-30 13:41:23.365614,CSI,0x4601,2,,na,"[0,",,,1,,+31.2dB,12.2us,"[0,",1,726.8,normal,0,valid,-12.0dB,-12.0dB,0.15us,-23.9Hz,,"[6,",1111,1
2025-07-30 13:41:23.366488,PHY,0x4601,1,0,na,"[0,",0,0,1,2043.0,+18.8dB,17.9us,"[0,",1,726.9,normal,0,valid,-14.9dB,-15.0dB,na,na,,,,
2025-07-30 13:41:23.370112,PHY,0x4601,2,,na,"[0,",,,11111,,+32.4dB,18.4us,"[0,",1,726.17,normal,0,valid,-12.0dB,-12.1dB,0.16us,+59.2Hz,,"[6,",,1
2025-07-30 13:41:23.370978,PHY,0x4601,1,0,na,"[0,",0,0,1,2162.8,+19.1dB,16.5us,"[0,",1,726.18,normal,0,valid,-14.9dB,-15.0dB,na,na,,,,
2025-07-30 13:41:23.371524,PHY,0x4601,1,0,na,"[0,",0,0,1,2086.7,+18.9dB,14.8us,"[0,",1,726.19,normal,0,valid,-14.9dB,-14.9dB,na,na,,,,
2025-07-30 13:41:23.376018,PHY,0x4601,1,0,na,"[0,",0,0,1,2165.8,+19.1dB,18.2us,"[0,",1,727.8,normal,0,valid,-14.9dB,-14.9dB,na,na,,,,
2025-07-30 13:41:23.376499,PHY,0x4601,1,0,na,"[0,",0,0,1,2192.8,+19.1dB,14.1us,"[0,",1,727.9,normal,0,valid,-14.9dB,-15.0dB,na,na,,,,
2025-07-30 13:41:23.380054,PHY,0x4601,2,,na,"[0,",,,11111,,+31.3dB,13.9us,"[0,",1,727.17,normal,0,valid,-12.1dB,-12.1dB,0.16us,+27.0Hz,,"[6,",,1
2025-07-30 13:41:23.380976,PHY,0x4601,1,0,na,"[0,",0,0,1,2969.4,+20.4dB,15.2us,"[0,",1,727.18,normal,0,valid,-14.9dB,-15.0dB,na,na,,,,
2025-07-30 13:41:23.381478,PHY,0x4601,1,0,na,"[0,",0,0,1,3028.4,+20.6dB,13.9us,"[0,",1,727.19,normal,0,valid,-14.9dB,-15.0dB,na,na,,,,
2025-07-30 13:41:23.385581,CSI,0x4601,2,,na,"[0,",,,1,,+29.1dB,11.9us,"[0,",1,728.8,normal,0,valid,-12.1dB,-12.1dB,0.14us,-45.8Hz,,"[6,",1111,1
2025-07-30 13:41:23.386528,PHY,0x4601,1,0,na,"[0,",0,0,1,1988.0,+18.7dB,15.7us,"[0,",1,728.9,normal,0,valid,-14.9dB,-15.0dB,na,na,,,,
2025-07-30 13:41:23.390086,PHY,0x4601,2,,na,"[0,",,,11111,,+30.4dB,25.0us,"[0,",1,728.17,normal,0,valid,-12.1dB,-12.2dB,0.17us,+7.8Hz,,"[6,",,1
2025-07-30 13:41:23.391013,PHY,0x4601,1,0,na,"[0,",0,0,1,3339.4,+21.0dB,19.4us,"[0,",1,728.18,normal,0,valid,-14.9dB,-15.0dB,na,na,,,,
2025-07-30 13:41:23.391488,PHY,0x4601,1,0,na,"[0,",0,0,1,2840.7,+20.3dB,21.0us,"[0,",1,728.19,normal,0,valid,-14.9dB,-15.0dB,na,na,,,,
2025-07-30 13:41:23.395971,PHY,0x4601,1,0,na,"[0,",0,0,1,2140.3,+19.0dB,16.4us,"[0,",1,729.8,normal,0,valid,-14.9dB,-15.0dB,na,na,,,,
2025-07-30 13:41:23.396485,PHY,0x4601,1,0,na,"[0,",0,0,1,2004.5,+18.8dB,25.5us,"[0,",1,729.9,normal,0,valid,-14.9dB,-15.0dB,na,na,,,,
2025-07-30 13:41:23.400105,PHY,0x4601,2,,na,"[0,",,,11111,,+31.9dB,14.2us,"[0,",1,729.17,normal,0,valid,-12.0dB,-12.0dB,0.15us,-34.1Hz,,"[6,",,1
2025-07-30 13:41:23.401051,PHY,0x4601,1,0,na,"[0,",0,0,1,2896.0,+20.3dB,16.4us,"[0,",1,729.18,normal,0,valid,-15.0dB,-15.0dB,na,na,,,,
2025-07-30 13:41:23.401510,PHY,0x4601,1,0,na,"[0,",0,0,1,3135.5,+20.7dB,13.3us,"[0,",1,729.19,normal,0,valid,-14.9dB,-14.9dB,na,na,,,,
2025-07-30 13:41:23.405623,CSI,0x4601,2,,na,"[0,",,,1,,+29.6dB,11.4us,"[0,",1,730.8,normal,0,valid,-12.0dB,-12.0dB,0.16us,-108.3Hz,,"[6,",1111,1
2025-07-30 13:41:23.406483,PHY,0x4601,1,0,na,"[0,",0,0,1,2897.3,+20.3dB,15.9us,"[0,",1,730.9,normal,0,valid,-14.9dB,-15.0dB,na,na,,,,
2025-07-30 13:41:23.410042,PHY,0x4601,2,,na,"[0,",,,11111,,+32.9dB,20.7us,"[0,",1,730.17,normal,0,valid,-12.1dB,-12.1dB,0.15us,-14.6Hz,,"[6,",,1
2025-07-30 13:41:23.410962,PHY,0x4601,1,0,na,"[0,",0,0,1,2120.7,+19.0dB,16.8us,"[0,",1,730.18,normal,0,valid,-15.0dB,-15.0dB,na,na,,,,
2025-07-30 13:41:23.411471,PHY,0x4601,1,0,na,"[0,",0,0,1,2035.5,+18.8dB,13.8us,"[0,",1,730.19,normal,0,valid,-14.9dB,-15.0dB,na,na,,,,
2025-07-30 13:41:23.416056,PHY,0x4601,1,0,na,"[0,",0,0,1,2109.9,+19.0dB,23.3us,"[0,",1,731.8,normal,0,valid,-14.9dB,-15.0dB,na,na,,,,
2025-07-30 13:41:23.416519,PHY,0x4601,1,0,na,"[0,",0,0,1,2196.8,+19.1dB,14.3us,"[0,",1,731.9,normal,0,valid,-14.9dB,-15.0dB,na,na,,,,
2025-07-30 13:41:23.420124,PHY,0x4601,2,,na,"[0,",,,11111,,+30.2dB,14.4us,"[0,",1,731.17,normal,0,valid,-12.3dB,-12.3dB,0.16us,+103.3Hz,,"[6,",,1
2025-07-30 13:41:23.420998,PHY,0x4601,1,0,na,"[0,",0,0,1,1820.3,+18.4dB,16.2us,"[0,",1,731.18,normal,0,valid,-14.9dB,-15.0dB,na,na,,,,
2025-07-30 13:41:23.421473,PHY,0x4601,1,0,na,"[0,",0,0,1,2118.1,+19.0dB,20.4us,"[0,",1,731.19,normal,0,valid,-15.0dB,-15.0dB,na,na,,,,
2025-07-30 13:41:23.425616,CSI,0x4601,2,,na,"[0,",,,1,,+29.9dB,16.0us,"[0,",1,732.8,normal,0,valid,-12.1dB,-12.1dB,0.17us,+52.8Hz,,"[6,",1111,1
2025-07-30 13:41:23.426558,PHY,0x4601,1,0,na,"[0,",0,0,1,1923.1,+18.6dB,15.9us,"[0,",1,732.9,normal,0,valid,-14.9dB,-15.0dB,na,na,,,,
2025-07-30 13:41:23.430108,PHY,0x4601,2,,na,"[0,",,,11111,,+32.7dB,22.9us,"[0,",1,732.17,normal,0,valid,-12.1dB,-12.1dB,0.15us,+52.0Hz,,"[6,",,1
2025-07-30 13:41:23.431047,PHY,0x4601,1,0,na,"[0,",0,0,1,3347.5,+21.0dB,16.6us,"[0,",1,732.18,normal,0,valid,-14.9dB,-14.9dB,na,na,,,,
2025-07-30 13:41:23.431505,PHY,0x4601,1,0,na,"[0,",0,0,1,2848.6,+20.3dB,14.5us,"[0,",1,732.19,normal,0,valid,-14.9dB,-14.9dB,na,na,,,,
2025-07-30 13:41:23.436014,PHY,0x4601,1,0,na,"[0,",0,0,1,2276.1,+19.3dB,19.0us,"[0,",1,733.8,normal,0,valid,-14.9dB,-15.0dB,na,na,,,,
2025-07-30 13:41:23.436463,PHY,0x4601,1,0,na,"[0,",0,0,1,2304.1,+19.3dB,16.4us,"[0,",1,733.9,normal,0,valid,-14.9dB,-15.0dB,na,na,,,,
2025-07-30 13:41:23.440121,PHY,0x4601,2,,na,"[0,",,,11111,,+31.7dB,16.0us,"[0,",1,733.17,normal,0,valid,-12.1dB,-12.1dB,0.17us,+49.5Hz,,"[6,",,1
2025-07-30 13:41:23.440950,PHY,0x4601,1,0,na,"[0,",0,0,1,2768.9,+20.2dB,17.0us,"[0,",1,733.18,normal,0,valid,-15.0dB,-15.0dB,na,na,,,,
2025-07-30 13:41:23.441563,PHY,0x4601,1,0,na,"[0,",0,0,1,3091.7,+20.6dB,18.5us,"[0,",1,733.19,normal,0,valid,-14.9dB,-15.0dB,na,na,,,,
2025-07-30 13:41:23.445558,CSI,0x4601,2,,na,"[0,",,,1,,+31.6dB,12.4us,"[0,",1,734.8,normal,0,valid,-12.0dB,-12.0dB,0.17us,-111.3Hz,,"[6,",1111,1
2025-07-30 13:41:23.446497,PHY,0x4601,1,0,na,"[0,",0,0,1,2763.6,+20.2dB,16.4us,"[0,",1,734.9,normal,0,valid,-15.0dB,-15.0dB,na,na,,,,
2025-07-30 13:41:23.450039,PHY,0x4601,2,,na,"[0,",,,11111,,+32.8dB,14.5us,"[0,",1,734.17,normal,0,valid,-12.1dB,-12.2dB,0.16us,-131.5Hz,,"[6,",,1
2025-07-30 13:41:23.450986,PHY,0x4601,1,0,na,"[0,",0,0,1,2108.0,+19.0dB,16.2us,"[0,",1,734.18,normal,0,valid,-14.9dB,-15.0dB,na,na,,,,
2025-07-30 13:41:23.451453,PHY,0x4601,1,0,na,"[0,",0,0,1,2085.6,+18.9dB,14.5us,"[0,",1,734.19,normal,0,valid,-14.9dB,-15.0dB,na,na,,,,
2025-07-30 13:41:23.455944,PHY,0x4601,1,0,na,"[0,",0,0,1,1969.0,+18.7dB,16.0us,"[0,",1,735.8,normal,0,valid,-14.9dB,-14.9dB,na,na,,,,
2025-07-30 13:41:23.456550,PHY,0x4601,1,0,na,"[0,",0,0,1,1910.4,+18.6dB,20.0us,"[0,",1,735.9,normal,0,valid,-14.9dB,-15.0dB,na,na,,,,
2025-07-30 13:41:23.460094,PHY,0x4601,2,,na,"[0,",,,11111,,+31.8dB,14.5us,"[0,",1,735.17,normal,0,valid,-12.1dB,-12.1dB,0.14us,-14.6Hz,,"[6,",,1
2025-07-30 13:41:23.461032,PHY,0x4601,1,0,na,"[0,",0,0,1,3126.3,+20.7dB,16.4us,"[0,",1,735.18,normal,0,valid,-15.0dB,-15.0dB,na,na,,,,
2025-07-30 13:41:23.461491,PHY,0x4601,1,0,na,"[0,",0,0,1,2979.6,+20.5dB,14.2us,"[0,",1,735.19,normal,0,valid,-15.0dB,-15.0dB,na,na,,,,
2025-07-30 13:41:23.465617,CSI,0x4601,2,,na,"[0,",,,1,,+31.8dB,13.6us,"[0,",1,736.8,normal,0,valid,-12.0dB,-12.0dB,0.16us,-11.1Hz,,"[6,",1111,1
2025-07-30 13:41:23.466459,PHY,0x4601,1,0,na,"[0,",0,0,1,3263.5,+20.9dB,23.3us,"[0,",1,736.9,normal,0,valid,-15.0dB,-15.0dB,na,na,,,,
2025-07-30 13:41:23.470105,PHY,0x4601,2,,na,"[0,",,,11111,,+29.5dB,15.3us,"[0,",1,736.17,normal,0,valid,-12.3dB,-12.3dB,0.15us,-45.5Hz,,"[6,",,1
2025-07-30 13:41:23.470934,PHY,0x4601,1,0,na,"[0,",0,0,1,2117.3,+19.0dB,16.9us,"[0,",1,736.18,normal,0,valid,-14.9dB,-15.0dB,na,na,,,,
2025-07-30 13:41:23.471536,PHY,0x4601,1,0,na,"[0,",0,0,1,2084.4,+18.9dB,14.1us,"[0,",1,736.19,normal,0,valid,-14.9dB,-14.9dB,na,na,,,,
2025-07-30 13:41:23.476026,PHY,0x4601,1,0,na,"[0,",0,0,1,2141.9,+19.0dB,15.8us,"[0,",1,737.8,normal,0,valid,-14.9dB,-15.0dB,na,na,,,,
2025-07-30 13:41:23.476497,PHY,0x4601,1,0,na,"[0,",0,0,1,2127.1,+19.0dB,29.6us,"[0,",1,737.9,normal,0,valid,-14.9dB,-15.0dB,na,na,,,,
2025-07-30 13:41:23.480026,PHY,0x4601,2,,na,"[0,",,,11111,,+31.4dB,17.7us,"[0,",1,737.17,normal,0,valid,-12.1dB,-12.1dB,0.14us,+2.1Hz,,"[6,",,1
2025-07-30 13:41:23.480975,PHY,0x4601,1,0,na,"[0,",0,0,1,2045.0,+18.9dB,16.0us,"[0,",1,737.18,normal,0,valid,-14.9dB,-15.0dB,na,na,,,,
2025-07-30 13:41:23.481448,PHY,0x4601,1,0,na,"[0,",0,0,1,1968.7,+18.7dB,14.4us,"[0,",1,737.19,normal,0,valid,-14.9dB,-15.0dB,na,na,,,,
2025-07-30 13:41:23.485649,CSI,0x4601,2,,na,"[0,",,,1,,+32.5dB,15.7us,"[0,",1,738.8,normal,0,valid,-12.0dB,-12.0dB,0.17us,-4.9Hz,,"[6,",1111,1
2025-07-30 13:41:23.486536,PHY,0x4601,1,0,na,"[0,",0,0,1,2140.8,+19.0dB,15.2us,"[0,",1,738.9,normal,0,valid,-15.0dB,-15.0dB,na,na,,,,
2025-07-30 13:41:23.490065,PHY,0x4601,2,,na,"[0,",,,11111,,+32.9dB,14.7us,"[0,",1,738.17,normal,0,valid,-12.2dB,-12.3dB,0.19us,-21.8Hz,,"[6,",,1
2025-07-30 13:41:23.491024,PHY,0x4601,1,0,na,"[0,",0,0,1,1941.8,+18.6dB,15.6us,"[0,",1,738.18,normal,0,valid,-14.9dB,-14.9dB,na,na,,,,
2025-07-30 13:41:23.491481,PHY,0x4601,1,0,na,"[0,",0,0,1,1955.2,+18.6dB,13.6us,"[0,",1,738.19,normal,0,valid,-14.9dB,-15.0dB,na,na,,,,
2025-07-30 13:41:23.495977,PHY,0x4601,1,0,na,"[0,",0,0,1,2104.1,+19.0dB,18.7us,"[0,",1,739.8,normal,0,valid,-14.9dB,-15.0dB,na,na,,,,
2025-07-30 13:41:23.496444,PHY,0x4601,1,0,na,"[0,",0,0,1,2163.7,+19.1dB,16.8us,"[0,",1,739.9,normal,0,valid,-14.9dB,-15.0dB,na,na,,,,
2025-07-30 13:41:23.500098,PHY,0x4601,2,,na,"[0,",,,11111,,+32.5dB,16.0us,"[0,",1,739.17,normal,0,valid,-12.3dB,-12.3dB,0.16us,+117.2Hz,,"[6,",,1
2025-07-30 13:41:23.501037,PHY,0x4601,1,0,na,"[0,",0,0,1,3017.3,+20.5dB,19.6us,"[0,",1,739.18,normal,0,valid,-14.9dB,-14.9dB,na,na,,,,
2025-07-30 13:41:23.501531,PHY,0x4601,1,0,na,"[0,",0,0,1,2924.9,+20.4dB,15.4us,"[0,",1,739.19,normal,0,valid,-14.9dB,-15.0dB,na,na,,,,
2025-07-30 13:41:23.505632,CSI,0x4601,2,,na,"[0,",,,1,,+32.4dB,16.6us,"[0,",1,740.8,normal,0,valid,-12.2dB,-12.2dB,0.16us,+64.8Hz,,"[6,",1111,1
2025-07-30 13:41:23.506479,PHY,0x4601,1,0,na,"[0,",0,0,1,2769.2,+20.2dB,18.2us,"[0,",1,740.9,normal,0,valid,-14.9dB,-15.0dB,na,na,,,,
2025-07-30 13:41:23.510013,PHY,0x4601,2,,na,"[0,",,,11111,,+35.4dB,14.6us,"[0,",1,740.17,normal,0,valid,-12.3dB,-12.3dB,0.14us,-20.8Hz,,"[6,",,1
2025-07-30 13:41:23.510964,PHY,0x4601,1,0,na,"[0,",0,0,1,2143.5,+19.1dB,17.5us,"[0,",1,740.18,normal,0,valid,-14.9dB,-15.0dB,na,na,,,,
2025-07-30 13:41:23.511545,PHY,0x4601,1,0,na,"[0,",0,0,1,2052.1,+18.9dB,14.4us,"[0,",1,740.19,normal,0,valid,-14.9dB,-15.0dB,na,na,,,,
2025-07-30 13:41:23.516035,PHY,0x4601,1,0,na,"[0,",0,0,1,2052.3,+18.9dB,18.9us,"[0,",1,741.8,normal,0,valid,-14.9dB,-15.0dB,na,na,,,,
2025-07-30 13:41:23.516546,PHY,0x4601,1,0,na,"[0,",0,0,1,2058.3,+18.9dB,25.8us,"[0,",1,741.9,normal,0,valid,-14.9dB,-15.0dB,na,na,,,,
2025-07-30 13:41:23.520044,PHY,0x4601,2,,na,"[0,",,,11111,,+35.6dB,16.6us,"[0,",1,741.17,normal,0,valid,-12.0dB,-12.0dB,0.15us,+137.2Hz,,"[6,",,1
2025-07-30 13:41:23.521025,PHY,0x4601,1,0,na,"[0,",0,0,1,2943.4,+20.4dB,20.1us,"[0,",1,741.18,normal,0,valid,-14.9dB,-14.9dB,na,na,,,,
2025-07-30 13:41:23.521468,PHY,0x4601,1,0,na,"[0,",0,0,1,2990.3,+20.5dB,14.3us,"[0,",1,741.19,normal,0,valid,-14.9dB,-15.0dB,na,na,,,,
2025-07-30 13:41:23.525606,CSI,0x4601,2,,na,"[0,",,,1,,+29.6dB,12.8us,"[0,",1,742.8,normal,0,valid,-12.1dB,-12.1dB,0.15us,-78.2Hz,,"[6,",1111,1
2025-07-30 13:41:23.526534,PHY,0x4601,1,0,na,"[0,",0,0,1,2002.5,+18.7dB,17.4us,"[0,",1,742.9,normal,0,valid,-14.9dB,-15.0dB,na,na,,,,
2025-07-30 13:41:23.530089,PHY,0x4601,2,,na,"[0,",,,11111,,+29.5dB,17.0us,"[0,",1,742.17,normal,0,valid,-12.2dB,-12.2dB,0.17us,+77.9Hz,,"[6,",,1
2025-07-30 13:41:23.531019,PHY,0x4601,1,0,na,"[0,",0,0,1,2787.0,+20.2dB,16.8us,"[0,",1,742.18,normal,0,valid,-14.9dB,-15.0dB,na,na,,,,
2025-07-30 13:41:23.531527,PHY,0x4601,1,0,na,"[0,",0,0,1,2903.8,+20.4dB,15.7us,"[0,",1,742.19,normal,0,valid,-14.9dB,-15.0dB,na,na,,,,
2025-07-30 13:41:23.536033,PHY,0x4601,1,0,na,"[0,",0,0,1,2110.8,+19.0dB,22.2us,"[0,",1,743.8,normal,0,valid,-14.9dB,-15.0dB,na,na,,,,
2025-07-30 13:41:23.536484,PHY,0x4601,1,0,na,"[0,",0,0,1,2109.9,+19.0dB,34.9us,"[0,",1,743.9,normal,0,valid,-14.9dB,-15.0dB,na,na,,,,
2025-07-30 13:41:23.540114,PHY,0x4601,2,,na,"[0,",,,11111,,+30.5dB,18.5us,"[0,",1,743.17,normal,0,valid,-12.2dB,-12.2dB,0.16us,-63.1Hz,,"[6,",,1
2025-07-30 13:41:23.540946,PHY,0x4601,1,0,na,"[0,",0,0,1,3052.9,+20.6dB,16.3us,"[0,",1,743.18,normal,0,valid,-14.9dB,-15.0dB,na,na,,,,
2025-07-30 13:41:23.541523,PHY,0x4601,1,0,na,"[0,",0,0,1,2883.5,+20.4dB,15.9us,"[0,",1,743.19,normal,0,valid,-15.0dB,-15.0dB,na,na,,,,
2025-07-30 13:41:23.545621,CSI,0x4601,2,,na,"[0,",,,1,,+30.2dB,18.4us,"[0,",1,744.8,normal,0,valid,-12.1dB,-12.1dB,0.15us,-50.2Hz,,"[6,",1111,1
2025-07-30 13:41:23.546511,PHY,0x4601,1,0,na,"[0,",0,0,1,2104.4,+19.0dB,15.9us,"[0,",1,744.9,normal,0,valid,-15.0dB,-15.0dB,na,na,,,,
2025-07-30 13:41:23.550051,PHY,0x4601,2,,na,"[0,",,,11111,,+31.9dB,25.6us,"[0,",1,744.17,normal,0,valid,-12.2dB,-12.2dB,0.18us,+54.3Hz,,"[6,",,1
2025-07-30 13:41:23.551005,PHY,0x4601,1,0,na,"[0,",0,0,1,2883.6,+20.3dB,16.4us,"[0,",1,744.18,normal,0,valid,-14.9dB,-15.0dB,na,na,,,,
2025-07-30 13:41:23.551460,PHY,0x4601,1,0,na,"[0,",0,0,1,2989.5,+20.5dB,21.1us,"[0,",1,744.19,normal,0,valid,-14.9dB,-15.0dB,na,na,,,,
2025-07-30 13:41:23.555958,PHY,0x4601,1,0,na,"[0,",0,0,1,2157.9,+19.1dB,16.7us,"[0,",1,745.8,normal,0,valid,-14.9dB,-15.0dB,na,na,,,,
2025-07-30 13:41:23.556547,PHY,0x4601,1,0,na,"[0,",0,0,1,2061.2,+18.9dB,14.8us,"[0,",1,745.9,normal,0,valid,-14.9dB,-15.0dB,na,na,,,,
2025-07-30 13:41:23.560100,PHY,0x4601,2,,na,"[0,",,,11111,,+32.6dB,15.3us,"[0,",1,745.17,normal,0,valid,-12.2dB,-12.2dB,0.15us,+139.9Hz,,"[6,",,1
2025-07-30 13:41:23.561007,PHY,0x4601,1,0,na,"[0,",0,0,1,1898.0,+18.5dB,16.2us,"[0,",1,745.18,normal,0,valid,-15.0dB,-15.0dB,na,na,,,,
2025-07-30 13:41:23.561506,PHY,0x4601,1,0,na,"[0,",0,0,1,1954.9,+18.6dB,16.3us,"[0,",1,745.19,normal,0,valid,-14.9dB,-15.0dB,na,na,,,,
2025-07-30 13:41:23.565629,CSI,0x4601,2,,na,"[0,",,,1,,+32.3dB,16.6us,"[0,",1,746.8,normal,0,valid,-12.1dB,-12.1dB,0.15us,-107.4Hz,,"[6,",1111,1
2025-07-30 13:41:23.566460,PHY,0x4601,1,0,na,"[0,",0,0,1,1964.2,+18.7dB,21.2us,"[0,",1,746.9,normal,0,valid,-15.0dB,-15.0dB,na,na,,,,
2025-07-30 13:41:23.570124,PHY,0x4601,2,,na,"[0,",,,11111,,+30.2dB,14.7us,"[0,",1,746.17,normal,0,valid,-12.1dB,-12.1dB,0.15us,+88.7Hz,,"[6,",,1
2025-07-30 13:41:23.571047,PHY,0x4601,1,0,na,"[0,",0,0,1,1998.2,+18.7dB,26.9us,"[0,",1,746.18,normal,0,valid,-15.0dB,-15.0dB,na,na,,,,
2025-07-30 13:41:23.571531,PHY,0x4601,1,0,na,"[0,",0,0,1,2092.4,+19.0dB,18.9us,"[0,",1,746.19,normal,0,valid,-14.9dB,-15.0dB,na,na,,,,
2025-07-30 13:41:23.576007,PHY,0x4601,1,0,na,"[0,",0,0,1,2098.1,+19.0dB,24.3us,"[0,",1,747.8,normal,0,valid,-14.9dB,-15.0dB,na,na,,,,
2025-07-30 13:41:23.576527,PHY,0x4601,1,0,na,"[0,",0,0,1,2100.7,+18.9dB,16.8us,"[0,",1,747.9,normal,0,valid,-14.9dB,-15.0dB,na,na,,,,
2025-07-30 13:41:23.580023,PHY,0x4601,2,,na,"[0,",,,11111,,+34.6dB,16.0us,"[0,",1,747.17,normal,0,valid,-12.1dB,-12.1dB,0.13us,-55.4Hz,,"[6,",,1
2025-07-30 13:41:23.581001,PHY,0x4601,1,0,na,"[0,",0,0,1,1998.8,+18.8dB,25.4us,"[0,",1,747.18,normal,0,valid,-15.0dB,-15.0dB,na,na,,,,
2025-07-30 13:41:23.581435,PHY,0x4601,1,0,na,"[0,",0,0,1,2105.1,+19.0dB,14.1us,"[0,",1,747.19,normal,0,valid,-14.9dB,-15.0dB,na,na,,,,
2025-07-30 13:41:23.585572,CSI,0x4601,2,,na,"[0,",,,1,,+31.2dB,15.0us,"[0,",1,748.8,normal,0,valid,-12.0dB,-12.0dB,0.16us,-44.2Hz,,"[6,",1111,1
2025-07-30 13:41:23.586512,PHY,0x4601,1,0,na,"[0,",0,0,1,2854.6,+20.3dB,16.8us,"[0,",1,748.9,normal,0,valid,-15.0dB,-15.0dB,na,na,,,,
2025-07-30 13:41:23.590075,PHY,0x4601,2,,na,"[0,",,,11111,,+34.3dB,15.0us,"[0,",1,748.17,normal,0,valid,-12.2dB,-12.2dB,0.14us,+60.3Hz,,"[6,",,1
2025-07-30 13:41:23.590995,PHY,0x4601,1,0,na,"[0,",0,0,1,1996.6,+18.8dB,15.8us,"[0,",1,748.18,normal,0,valid,-14.9dB,-14.9dB,na,na,,,,
2025-07-30 13:41:23.591496,PHY,0x4601,1,0,na,"[0,",0,0,1,1966.5,+18.7dB,14.1us,"[0,",1,748.19,normal,0,valid,-14.9dB,-15.0dB,na,na,,,,
2025-07-30 13:41:23.596002,PHY,0x4601,1,0,na,"[0,",0,0,1,1978.0,+18.7dB,20.1us,"[0,",1,749.8,normal,0,valid,-14.9dB,-15.0dB,na,na,,,,
2025-07-30 13:41:23.596546,PHY,0x4601,1,0,na,"[0,",0,0,1,2006.4,+18.8dB,15.6us,"[0,",1,749.9,normal,0,valid,-14.9dB,-15.0dB,na,na,,,,
2025-07-30 13:41:23.600148,PHY,0x4601,2,,na,"[0,",,,11111,,+28.5dB,17.6us,"[0,",1,749.17,normal,0,valid,-12.1dB,-12.1dB,0.15us,+67.8Hz,,"[6,",,1
2025-07-30 13:41:23.601032,PHY,0x4601,1,0,na,"[0,",0,0,1,3007.3,+20.5dB,19.0us,"[0,",1,749.18,normal,0,valid,-14.9dB,-15.0dB,na,na,,,,
2025-07-30 13:41:23.601501,PHY,0x4601,1,0,na,"[0,",0,0,1,2850.9,+20.3dB,14.5us,"[0,",1,749.19,normal,0,valid,-14.9dB,-15.0dB,na,na,,,,
2025-07-30 13:41:23.605593,CSI,0x4601,2,,na,"[0,",,,1,,+30.8dB,11.7us,"[0,",1,750.8,normal,0,valid,-12.0dB,-12.0dB,0.14us,-62.3Hz,,"[6,",1111,1
2025-07-30 13:41:23.606491,PHY,0x4601,1,0,na,"[0,",0,0,1,1993.7,+18.7dB,15.6us,"[0,",1,750.9,normal,0,valid,-14.9dB,-15.0dB,na,na,,,,
2025-07-30 13:41:23.610113,PHY,0x4601,2,,na,"[0,",,,11111,,+33.3dB,14.1us,"[0,",1,750.17,normal,0,valid,-12.1dB,-12.2dB,0.16us,+37.5Hz,,"[6,",,1
2025-07-30 13:41:23.610987,PHY,0x4601,1,0,na,"[0,",0,0,1,2958.9,+20.4dB,16.3us,"[0,",1,750.18,normal,0,valid,-14.9dB,-15.0dB,na,na,,,,
2025-07-30 13:41:23.611536,PHY,0x4601,1,0,na,"[0,",0,0,1,2775.5,+20.2dB,14.2us,"[0,",1,750.19,normal,0,valid,-14.9dB,-15.0dB,na,na,,,,
2025-07-30 13:41:23.616037,PHY,0x4601,1,0,na,"[0,",0,0,1,2018.2,+18.8dB,18.2us,"[0,",1,751.8,normal,0,valid,-14.9dB,-14.9dB,na,na,,,,
2025-07-30 13:41:23.616508,PHY,0x4601,1,0,na,"[0,",0,0,1,2023.9,+18.8dB,15.4us,"[0,",1,751.9,normal,0,valid,-14.9dB,-14.9dB,na,na,,,,
2025-07-30 13:41:23.620059,PHY,0x4601,2,,na,"[0,",,,11111,,+30.9dB,15.0us,"[0,",1,751.17,normal,0,valid,-12.1dB,-12.2dB,0.16us,+130.1Hz,,"[6,",,1
2025-07-30 13:41:23.620976,PHY,0x4601,1,0,na,"[0,",0,0,1,2072.0,+18.9dB,15.3us,"[0,",1,751.18,normal,0,valid,-14.9dB,-15.0dB,na,na,,,,
2025-07-30 13:41:23.621486,PHY,0x4601,1,0,na,"[0,",0,0,1,1896.8,+18.5dB,14.7us,"[0,",1,751.19,normal,0,valid,-15.0dB,-15.0dB,na,na,,,,
2025-07-30 13:41:23.625600,CSI,0x4601,2,,na,"[0,",,,1,,+32.8dB,15.1us,"[0,",1,752.8,normal,0,valid,-12.1dB,-12.1dB,0.17us,-49.9Hz,,"[6,",1111,1
2025-07-30 13:41:23.626541,PHY,0x4601,1,0,na,"[0,",0,0,1,2777.9,+20.1dB,16.5us,"[0,",1,752.9,normal,0,valid,-14.9dB,-15.0dB,na,na,,,,
2025-07-30 13:41:23.630091,PHY,0x4601,2,,na,"[0,",,,11111,,+34.2dB,15.2us,"[0,",1,752.17,normal,0,valid,-12.1dB,-12.1dB,0.14us,-43.3Hz,,"[6,",,1
2025-07-30 13:41:23.631022,PHY,0x4601,1,0,na,"[0,",0,0,1,3023.9,+20.5dB,16.5us,"[0,",1,752.18,normal,0,valid,-14.9dB,-15.0dB,na,na,,,,
2025-07-30 13:41:23.631491,PHY,0x4601,1,0,na,"[0,",0,0,1,3181.6,+20.8dB,16.2us,"[0,",1,752.19,normal,0,valid,-14.9dB,-15.0dB,na,na,,,,
2025-07-30 13:41:23.635975,PHY,0x4601,1,0,na,"[0,",0,0,1,1925.4,+18.6dB,16.4us,"[0,",1,753.8,normal,0,valid,-14.9dB,-15.0dB,na,na,,,,
2025-07-30 13:41:23.636493,PHY,0x4601,1,0,na,"[0,",0,0,1,2200.4,+19.1dB,26.8us,"[0,",1,753.9,normal,0,valid,-14.9dB,-15.0dB,na,na,,,,
2025-07-30 13:41:23.640114,PHY,0x4601,2,,na,"[0,",,,11111,,+31.9dB,15.6us,"[0,",1,753.17,normal,0,valid,-12.2dB,-12.2dB,0.15us,+0.1Hz,,"[6,",,1
2025-07-30 13:41:23.640976,PHY,0x4601,1,0,na,"[0,",0,0,1,2985.9,+20.5dB,16.1us,"[0,",1,753.18,normal,0,valid,-14.9dB,-15.0dB,na,na,,,,
2025-07-30 13:41:23.641522,PHY,0x4601,1,0,na,"[0,",0,0,1,3080.6,+20.6dB,13.7us,"[0,",1,753.19,normal,0,valid,-14.9dB,-14.9dB,na,na,,,,
2025-07-30 13:41:23.645637,CSI,0x4601,2,,na,"[0,",,,1,,+32.1dB,12.0us,"[0,",1,754.8,normal,0,valid,-12.0dB,-12.1dB,0.15us,+28.3Hz,,"[6,",1111,1
2025-07-30 13:41:23.646486,PHY,0x4601,1,0,na,"[0,",0,0,1,2929.3,+20.4dB,19.6us,"[0,",1,754.9,normal,0,valid,-14.9dB,-14.9dB,na,na,,,,
2025-07-30 13:41:23.650042,PHY,0x4601,2,,na,"[0,",,,11111,,+31.8dB,14.6us,"[0,",1,754.17,normal,0,valid,-12.0dB,-12.1dB,0.17us,+170.6Hz,,"[6,",,1
2025-07-30 13:41:23.650983,PHY,0x4601,1,0,na,"[0,",0,0,1,1872.7,+18.4dB,22.8us,"[0,",1,754.18,normal,0,valid,-14.9dB,-15.0dB,na,na,,,,
2025-07-30 13:41:23.651487,PHY,0x4601,1,0,na,"[0,",0,0,1,2052.4,+18.9dB,18.9us,"[0,",1,754.19,normal,0,valid,-14.9dB,-14.9dB,na,na,,,,
2025-07-30 13:41:23.656069,PHY,0x4601,1,0,na,"[0,",0,0,1,2073.5,+18.9dB,16.2us,"[0,",1,755.8,normal,0,valid,-14.9dB,-15.0dB,na,na,,,,
2025-07-30 13:41:23.656524,PHY,0x4601,1,0,na,"[0,",0,0,1,1977.5,+18.7dB,14.3us,"[0,",1,755.9,normal,0,valid,-14.9dB,-15.0dB,na,na,,,,
2025-07-30 13:41:23.660069,PHY,0x4601,2,,na,"[0,",,,11111,,+31.7dB,15.2us,"[0,",1,755.17,normal,0,valid,-12.1dB,-12.2dB,0.17us,+33.9Hz,,"[6,",,1
2025-07-30 13:41:23.661005,PHY,0x4601,1,0,na,"[0,",0,0,1,2836.4,+20.3dB,16.4us,"[0,",1,755.18,normal,0,valid,-14.9dB,-15.0dB,na,na,,,,
2025-07-30 13:41:23.661476,PHY,0x4601,1,0,na,"[0,",0,0,1,3039.8,+20.6dB,15.9us,"[0,",1,755.19,normal,0,valid,-15.0dB,-15.0dB,na,na,,,,
2025-07-30 13:41:23.665606,CSI,0x4601,2,,na,"[0,",,,1,,+31.5dB,12.3us,"[0,",1,756.8,normal,0,valid,-12.1dB,-12.1dB,0.17us,-88.2Hz,,"[6,",1111,1
2025-07-30 13:41:23.666491,PHY,0x4601,1,0,na,"[0,",0,0,1,2798.2,+20.2dB,21.6us,"[0,",1,756.9,normal,0,valid,-14.9dB,-15.0dB,na,na,,,,
2025-07-30 13:41:23.670108,PHY,0x4601,2,,na,"[0,",,,11111,,+30.5dB,23.8us,"[0,",1,756.17,normal,0,valid,-12.2dB,-12.2dB,0.15us,-3.5Hz,,"[6,",,1
2025-07-30 13:41:23.671050,PHY,0x4601,1,0,na,"[0,",0,0,1,1960.1,+18.6dB,15.7us,"[0,",1,756.18,normal,0,valid,-14.9dB,-15.0dB,na,na,,,,
2025-07-30 13:41:23.671513,PHY,0x4601,1,0,na,"[0,",0,0,1,2085.3,+19.0dB,14.3us,"[0,",1,756.19,normal,0,valid,-14.9dB,-14.9dB,na,na,,,,
2025-07-30 13:41:23.676003,PHY,0x4601,1,0,na,"[0,",0,0,1,2035.6,+18.8dB,18.0us,"[0,",1,757.8,normal,0,valid,-14.9dB,-15.0dB,na,na,,,,
2025-07-30 13:41:23.676463,PHY,0x4601,1,0,na,"[0,",0,0,1,1857.6,+18.4dB,14.0us,"[0,",1,757.9,normal,0,valid,-14.9dB,-15.0dB,na,na,,,,
2025-07-30 13:41:23.680040,PHY,0x4601,2,,na,"[0,",,,11111,,+31.6dB,14.5us,"[0,",1,757.17,normal,0,valid,-12.1dB,-12.1dB,0.15us,+127.4Hz,,"[6,",,1
2025-07-30 13:41:23.680957,PHY,0x4601,1,0,na,"[0,",0,0,1,1927.9,+18.6dB,16.4us,"[0,",1,757.18,normal,0,valid,-15.0dB,-15.0dB,na,na,,,,
2025-07-30 13:41:23.681558,PHY,0x4601,1,0,na,"[0,",0,0,1,1925.1,+18.6dB,21.7us,"[0,",1,757.19,normal,0,valid,-14.9dB,-15.0dB,na,na,,,,
2025-07-30 13:41:23.685558,CSI,0x4601,2,,na,"[0,",,,1,,+32.0dB,12.0us,"[0,",1,758.8,normal,0,valid,-12.1dB,-12.1dB,0.15us,-51.3Hz,,"[6,",1111,1
2025-07-30 13:41:23.686514,PHY,0x4601,1,0,na,"[0,",0,0,1,2794.1,+20.2dB,16.3us,"[0,",1,758.9,normal,0,valid,-14.9dB,-15.0dB,na,na,,,,
2025-07-30 13:41:23.690042,PHY,0x4601,2,,na,"[0,",,,11111,,+32.9dB,14.3us,"[0,",1,758.17,normal,0,valid,-12.1dB,-12.2dB,0.14us,-2.5Hz,,"[6,",,1
2025-07-30 13:41:23.690994,PHY,0x4601,1,0,na,"[0,",0,0,1,2749.2,+20.1dB,20.5us,"[0,",1,758.18,normal,0,valid,-14.9dB,-14.9dB,na,na,,,,
2025-07-30 13:41:23.691464,PHY,0x4601,1,0,na,"[0,",0,0,1,2852.4,+20.3dB,13.9us,"[0,",1,758.19,normal,0,valid,-14.9dB,-15.0dB,na,na,,,,
2025-07-30 13:41:23.695954,PHY,0x4601,1,0,na,"[0,",0,0,1,2136.5,+19.0dB,17.1us,"[0,",1,759.8,normal,0,valid,-14.9dB,-15.0dB,na,na,,,,
2025-07-30 13:41:23.696554,PHY,0x4601,1,0,na,"[0,",0,0,1,2047.4,+18.9dB,17.1us,"[0,",1,759.9,normal,0,valid,-14.9dB,-14.9dB,na,na,,,,
2025-07-30 13:41:23.700085,PHY,0x4601,2,,na,"[0,",,,11111,,+29.7dB,15.3us,"[0,",1,759.17,normal,0,valid,-12.1dB,-12.1dB,0.16us,+7.0Hz,,"[6,",,1
2025-07-30 13:41:23.701040,PHY,0x4601,1,0,na,"[0,",0,0,1,1914.7,+18.6dB,18.0us,"[0,",1,759.18,normal,0,valid,-15.0dB,-15.0dB,na,na,,,,
2025-07-30 13:41:23.701493,PHY,0x4601,1,0,na,"[0,",0,0,1,2182.1,+19.2dB,14.0us,"[0,",1,759.19,normal,0,valid,-14.9dB,-15.0dB,na,na,,,,
2025-07-30 13:41:23.705614,CSI,0x4601,2,,na,"[0,",,,1,,+28.6dB,14.7us,"[0,",1,760.8,normal,0,valid,-12.0dB,-12.0dB,0.15us,+46.2Hz,,"[6,",1111,1
2025-07-30 13:41:23.706461,PHY,0x4601,1,0,na,"[0,",0,0,1,2050.8,+18.9dB,16.4us,"[0,",1,760.9,normal,0,valid,-14.9dB,-15.0dB,na,na,,,,
2025-07-30 13:41:23.710121,PHY,0x4601,2,,na,"[0,",,,11111,,+28.8dB,18.7us,"[0,",1,760.17,normal,0,valid,-12.2dB,-12.3dB,0.15us,+2.4Hz,,"[6,",,1
2025-07-30 13:41:23.710949,PHY,0x4601,1,0,na,"[0,",0,0,1,2005.3,+18.8dB,21.8us,"[0,",1,760.18,normal,0,valid,-14.9dB,-15.0dB,na,na,,,,
2025-07-30 13:41:23.711544,PHY,0x4601,1,0,na,"[0,",0,0,1,1957.0,+18.7dB,14.6us,"[0,",1,760.19,normal,0,valid,-15.0dB,-15.0dB,na,na,,,,
2025-07-30 13:41:23.716036,PHY,0x4601,1,0,na,"[0,",0,0,1,1969.5,+18.7dB,18.9us,"[0,",1,761.8,normal,0,valid,-14.9dB,-15.0dB,na,na,,,,
2025-07-30 13:41:23.716520,PHY,0x4601,1,0,na,"[0,",0,0,1,2137.8,+19.0dB,15.8us,"[0,",1,761.9,normal,0,valid,-14.9dB,-15.0dB,na,na,,,,
2025-07-30 13:41:23.720033,PHY,0x4601,2,,na,"[0,",,,11111,,+34.3dB,17.5us,"[0,",1,761.17,normal,0,valid,-12.0dB,-12.1dB,0.16us,+106.2Hz,,"[6,",,1
2025-07-30 13:41:23.720988,PHY,0x4601,1,0,na,"[0,",0,0,1,1998.9,+18.7dB,21.5us,"[0,",1,761.18,normal,0,valid,-14.9dB,-15.0dB,na,na,,,,
2025-07-30 13:41:23.721454,PHY,0x4601,1,0,na,"[0,",0,0,1,2030.1,+18.8dB,19.7us,"[0,",1,761.19,normal,0,valid,-14.9dB,-15.0dB,na,na,,,,
2025-07-30 13:41:23.725587,CSI,0x4601,2,,na,"[0,",,,1,,+29.9dB,15.4us,"[0,",1,762.8,normal,0,valid,-12.0dB,-12.0dB,0.15us,-18.1Hz,,"[6,",1111,1
2025-07-30 13:41:23.726546,PHY,0x4601,1,0,na,"[0,",0,0,1,2867.7,+20.3dB,16.4us,"[0,",1,762.9,normal,0,valid,-15.0dB,-15.0dB,na,na,,,,
2025-07-30 13:41:23.730089,PHY,0x4601,2,,na,"[0,",,,11111,,+30.9dB,17.7us,"[0,",1,762.17,normal,0,valid,-12.2dB,-12.2dB,0.17us,+11.2Hz,,"[6,",,1
2025-07-30 13:41:23.731033,PHY,0x4601,1,0,na,"[0,",0,0,1,2747.5,+20.1dB,16.1us,"[0,",1,762.18,normal,0,valid,-14.9dB,-15.0dB,na,na,,,,
2025-07-30 13:41:23.731486,PHY,0x4601,1,0,na,"[0,",0,0,1,2987.8,+20.5dB,17.0us,"[0,",1,762.19,normal,0,valid,-14.9dB,-15.0dB,na,na,,,,
2025-07-30 13:41:23.735978,PHY,0x4601,1,0,na,"[0,",0,0,1,2030.7,+18.8dB,18.0us,"[0,",1,763.8,normal,0,valid,-14.9dB,-14.9dB,na,na,,,,
2025-07-30 13:41:23.736443,PHY,0x4601,1,0,na,"[0,",0,0,1,1957.2,+18.7dB,15.3us,"[0,",1,763.9,normal,0,valid,-14.9dB,-15.0dB,na,na,,,,
2025-07-30 13:41:23.740112,PHY,0x4601,2,,na,"[0,",,,11111,,+30.9dB,14.7us,"[0,",1,763.17,normal,0,valid,-12.1dB,-12.2dB,0.16us,-19.7Hz,,"[6,",,1
2025-07-30 13:41:23.741043,PHY,0x4601,1,0,na,"[0,",0,0,1,2901.9,+20.4dB,16.4us,"[0,",1,763.18,normal,0,valid,-14.9dB,-15.0dB,na,na,,,,
2025-07-30 13:41:23.741531,PHY,0x4601,1,0,na,"[0,",0,0,1,3013.7,+20.5dB,14.0us,"[0,",1,763.19,normal,0,valid,-14.9dB,-15.0dB,na,na,,,,
2025-07-30 13:41:23.745609,CSI,0x4601,2,,na,"[0,",,,1,,+32.0dB,13.3us,"[0,",1,764.8,normal,0,valid,-12.0dB,-12.1dB,0.18us,+67.2Hz,,"[6,",1111,1
2025-07-30 13:41:23.746487,PHY,0x4601,1,0,na,"[0,",0,0,1,2053.6,+18.9dB,22.8us,"[0,",1,764.9,normal,0,valid,-14.9dB,-15.0dB,na,na,,,,
2025-07-30 13:41:23.750023,PHY,0x4601,2,,na,"[0,",,,11111,,+29.1dB,14.7us,"[0,",1,764.17,normal,0,valid,-12.2dB,-12.2dB,0.16us,-32.1Hz,,"[6,",,1
2025-07-30 13:41:23.750973,PHY,0x4601,1,0,na,"[0,",0,0,1,2774.3,+20.2dB,16.3us,"[0,",1,764.18,normal,0,valid,-14.9dB,-15.0dB,na,na,,,,
2025-07-30 13:41:23.751481,PHY,0x4601,1,0,na,"[0,",0,0,1,2840.7,+20.3dB,16.7us,"[0,",1,764.19,normal,0,valid,-14.9dB,-15.0dB,na,na,,,,
2025-07-30 13:41:23.756035,PHY,0x4601,1,0,na,"[0,",0,0,1,2058.9,+18.9dB,16.0us,"[0,",1,765.8,normal,0,valid,-14.9dB,-15.0dB,na,na,,,,
2025-07-30 13:41:23.756536,PHY,0x4601,1,0,na,"[0,",0,0,1,2092.3,+18.9dB,14.7us,"[0,",1,765.9,normal,0,valid,-14.9dB,-15.0dB,na,na,,,,
2025-07-30 13:41:23.760062,PHY,0x4601,2,,na,"[0,",,,11111,,+31.1dB,14.1us,"[0,",1,765.17,normal,0,valid,-12.2dB,-12.2dB,0.13us,+110.7Hz,,"[6,",,1
2025-07-30 13:41:23.761026,PHY,0x4601,1,0,na,"[0,",0,0,1,1902.0,+18.6dB,22.2us,"[0,",1,765.18,normal,0,valid,-14.9dB,-15.0dB,na,na,,,,
2025-07-30 13:41:23.761477,PHY,0x4601,1,0,na,"[0,",0,0,1,2213.4,+19.2dB,14.7us,"[0,",1,765.19,normal,0,valid,-14.9dB,-15.0dB,na,na,,,,
2025-07-30 13:41:23.765617,CSI,0x4601,2,,na,"[0,",,,1,,+32.4dB,17.7us,"[0,",1,766.8,normal,0,valid,-12.0dB,-12.0dB,0.12us,+39.1Hz,,"[6,",1111,1
2025-07-30 13:41:23.766540,PHY,0x4601,1,0,na,"[0,",0,0,1,1915.7,+18.6dB,16.8us,"[0,",1,766.9,normal,0,valid,-15.0dB,-15.0dB,na,na,,,,
2025-07-30 13:41:23.770097,PHY,0x4601,2,,na,"[0,",,,11111,,+31.4dB,21.3us,"[0,",1,766.17,normal,0,valid,-12.1dB,-12.1dB,0.15us,+59.5Hz,,"[6,",,1
2025-07-30 13:41:23.771029,PHY,0x4601,1,0,na,"[0,",0,0,1,2019.4,+18.8dB,16.9us,"[0,",1,766.18,normal,0,valid,-15.0dB,-15.0dB,na,na,,,,
2025-07-30 13:41:23.771529,PHY,0x4601,1,0,na,"[0,",0,0,1,1947.1,+18.6dB,14.5us,"[0,",1,766.19,normal,0,valid,-14.9dB,-15.0dB,na,na,,,,
2025-07-30 13:41:23.776013,PHY,0x4601,1,0,na,"[0,",0,0,1,2010.9,+18.8dB,16.1us,"[0,",1,767.8,normal,0,valid,-14.9dB,-15.0dB,na,na,,,,
2025-07-30 13:41:23.776468,PHY,0x4601,1,0,na,"[0,",0,0,1,2062.4,+18.9dB,13.9us,"[0,",1,767.9,normal,0,valid,-14.9dB,-15.0dB,na,na,,,,
2025-07-30 13:41:23.780130,PHY,0x4601,2,,na,"[0,",,,11111,,+32.7dB,14.7us,"[0,",1,767.17,normal,0,valid,-12.2dB,-12.2dB,0.16us,+130.4Hz,,"[6,",,1
2025-07-30 13:41:23.780952,PHY,0x4601,1,0,na,"[0,",0,0,1,1908.7,+18.5dB,21.6us,"[0,",1,767.18,normal,0,valid,-14.9dB,-15.0dB,na,na,,,,
2025-07-30 13:41:23.781539,PHY,0x4601,1,0,na,"[0,",0,0,1,2078.2,+18.9dB,14.4us,"[0,",1,767.19,normal,0,valid,-14.9dB,-15.0dB,na,na,,,,
2025-07-30 13:41:23.785567,CSI,0x4601,2,,na,"[0,",,,1,,+30.6dB,18.0us,"[0,",1,768.8,normal,0,valid,-12.1dB,-12.1dB,0.18us,+29.6Hz,,"[6,",1111,1
2025-07-30 13:41:23.786539,PHY,0x4601,1,0,na,"[0,",0,0,1,2859.4,+20.3dB,18.6us,"[0,",1,768.9,normal,0,valid,-15.0dB,-15.0dB,na,na,,,,
2025-07-30 13:41:23.790040,PHY,0x4601,2,,na,"[0,",,,11111,,+32.9dB,15.9us,"[0,",1,768.17,normal,0,valid,-12.1dB,-12.2dB,0.14us,-55.3Hz,,"[6,",,1
2025-07-30 13:41:23.791007,PHY,0x4601,1,0,na,"[0,",0,0,1,1867.9,+18.4dB,16.1us,"[0,",1,768.18,normal,0,valid,-14.9dB,-15.0dB,na,na,,,,
2025-07-30 13:41:23.791457,PHY,0x4601,1,0,na,"[0,",0,0,1,1964.9,+18.7dB,16.1us,"[0,",1,768.19,normal,0,valid,-14.9dB,-15.0dB,na,na,,,,
2025-07-30 13:41:23.795980,PHY,0x4601,1,0,na,"[0,",0,0,1,2143.9,+19.0dB,17.6us,"[0,",1,769.8,normal,0,valid,-14.9dB,-15.0dB,na,na,,,,
2025-07-30 13:41:23.796529,PHY,0x4601,1,0,na,"[0,",0,0,1,2004.8,+18.8dB,15.7us,"[0,",1,769.9,normal,0,valid,-14.9dB,-14.9dB,na,na,,,,
2025-07-30 13:41:23.800080,PHY,0x4601,2,,na,"[0,",,,11111,,+30.5dB,15.2us,"[0,",1,769.17,normal,0,valid,-12.1dB,-12.2dB,0.16us,+88.9Hz,,"[6,",,1
2025-07-30 13:41:23.801013,PHY,0x4601,1,0,na,"[0,",0,0,1,3052.1,+20.6dB,18.2us,"[0,",1,769.18,normal,0,valid,-14.9dB,-15.0dB,na,na,,,,
2025-07-30 13:41:23.801519,PHY,0x4601,1,0,na,"[0,",0,0,1,2722.4,+20.1dB,15.9us,"[0,",1,769.19,normal,0,valid,-14.9dB,-14.9dB,na,na,,,,
2025-07-30 13:41:23.805627,CSI,0x4601,2,,na,"[0,",,,1,,+31.4dB,25.2us,"[0,",1,770.8,normal,0,valid,-12.0dB,-12.0dB,0.17us,-96.0Hz,,"[6,",1111,1
2025-07-30 13:41:23.806450,PHY,0x4601,1,0,na,"[0,",0,0,1,2008.5,+18.8dB,16.5us,"[0,",1,770.9,normal,0,valid,-14.9dB,-15.0dB,na,na,,,,
2025-07-30 13:41:23.810126,PHY,0x4601,2,,na,"[0,",,,11111,,+29.8dB,15.1us,"[0,",1,770.17,normal,0,valid,-12.1dB,-12.2dB,0.15us,-17.7Hz,,"[6,",,1
2025-07-30 13:41:23.810944,PHY,0x4601,1,0,na,"[0,",0,0,1,2040.8,+18.9dB,24.2us,"[0,",1,770.18,normal,0,valid,-14.9dB,-15.0dB,na,na,,,,
2025-07-30 13:41:23.811522,PHY,0x4601,1,0,na,"[0,",0,0,1,2087.8,+18.9dB,18.6us,"[0,",1,770.19,normal,0,valid,-14.9dB,-15.0dB,na,na,,,,
2025-07-30 13:41:23.816019,PHY,0x4601,1,0,na,"[0,",0,0,1,2059.3,+18.9dB,27.6us,"[0,",1,771.8,normal,0,valid,-14.9dB,-15.0dB,na,na,,,,
2025-07-30 13:41:23.816536,PHY,0x4601,1,0,na,"[0,",0,0,1,1985.7,+18.7dB,19.4us,"[0,",1,771.9,normal,0,valid,-14.9dB,-14.9dB,na,na,,,,
2025-07-30 13:41:23.820042,PHY,0x4601,2,,na,"[0,",,,11111,,+30.3dB,17.0us,"[0,",1,771.17,normal,0,valid,-12.0dB,-12.1dB,0.15us,+90.1Hz,,"[6,",,1
2025-07-30 13:41:23.821006,PHY,0x4601,1,0,na,"[0,",0,0,1,2011.7,+18.8dB,23.7us,"[0,",1,771.18,normal,0,valid,-14.9dB,-15.0dB,na,na,,,,
2025-07-30 13:41:23.821453,PHY,0x4601,1,0,na,"[0,",0,0,1,2111.9,+19.0dB,15.6us,"[0,",1,771.19,normal,0,valid,-14.9dB,-15.0dB,na,na,,,,
2025-07-30 13:41:23.825596,CSI,0x4601,2,,na,"[0,",,,1,,+32.5dB,16.5us,"[0,",1,772.8,normal,0,valid,-12.2dB,-12.2dB,0.16us,-18.1Hz,,"[6,",1111,1
2025-07-30 13:41:23.826514,PHY,0x4601,1,0,na,"[0,",0,0,1,2919.0,+20.4dB,17.9us,"[0,",1,772.9,normal,0,valid,-14.9dB,-15.0dB,na,na,,,,
2025-07-30 13:41:23.830085,PHY,0x4601,2,,na,"[0,",,,11111,,+31.9dB,14.1us,"[0,",1,772.17,normal,0,valid,-12.1dB,-12.1dB,0.17us,+67.3Hz,,"[6,",,1
2025-07-30 13:41:23.831004,PHY,0x4601,1,0,na,"[0,",0,0,1,3245.1,+20.8dB,19.9us,"[0,",1,772.18,normal,0,valid,-14.9dB,-15.0dB,na,na,,,,
2025-07-30 13:41:23.831526,PHY,0x4601,1,0,na,"[0,",0,0,1,2792.8,+20.2dB,29.9us,"[0,",1,772.19,normal,0,valid,-14.9dB,-15.0dB,na,na,,,,
2025-07-30 13:41:23.836001,PHY,0x4601,1,0,na,"[0,",0,0,1,1988.7,+18.8dB,17.0us,"[0,",1,773.8,normal,0,valid,-14.9dB,-14.9dB,na,na,,,,
2025-07-30 13:41:23.836521,PHY,0x4601,1,0,na,"[0,",0,0,1,1952.0,+18.6dB,15.5us,"[0,",1,773.9,normal,0,valid,-14.9dB,-15.0dB,na,na,,,,
2025-07-30 13:41:23.840088,PHY,0x4601,2,,na,"[0,",,,11111,,+31.7dB,17.1us,"[0,",1,773.17,normal,0,valid,-12.2dB,-12.2dB,0.16us,+54.3Hz,,"[6,",,1
2025-07-30 13:41:23.841034,PHY,0x4601,1,0,na,"[0,",0,0,1,1980.9,+18.7dB,15.8us,"[0,",1,773.18,normal,0,valid,-14.9dB,-15.0dB,na,na,,,,
2025-07-30 13:41:23.841507,PHY,0x4601,1,0,na,"[0,",0,0,1,2031.2,+18.8dB,14.4us,"[0,",1,773.19,normal,0,valid,-14.9dB,-15.0dB,na,na,,,,
2025-07-30 13:41:23.845618,CSI,0x4601,2,,na,"[0,",,,1,,+32.9dB,15.0us,"[0,",1,774.8,normal,0,valid,-12.0dB,-12.1dB,0.16us,-1.8Hz,,"[6,",1111,1
2025-07-30 13:41:23.846504,PHY,0x4601,1,0,na,"[0,",0,0,1,2627.5,+19.9dB,15.6us,"[0,",1,774.9,normal,0,valid,-14.9dB,-14.9dB,na,na,,,,
2025-07-30 13:41:23.850027,PHY,0x4601,2,,na,"[0,",,,11111,,+33.6dB,14.4us,"[0,",1,774.17,normal,0,valid,-12.2dB,-12.2dB,0.18us,-101.9Hz,,"[6,",,1
2025-07-30 13:41:23.850987,PHY,0x4601,1,0,na,"[0,",0,0,1,2006.2,+18.8dB,16.5us,"[0,",1,774.18,normal,0,valid,-14.9dB,-15.0dB,na,na,,,,
2025-07-30 13:41:23.851547,PHY,0x4601,1,0,na,"[0,",0,0,1,1947.2,+18.6dB,14.1us,"[0,",1,774.19,normal,0,valid,-14.9dB,-15.0dB,na,na,,,,
2025-07-30 13:41:23.856041,PHY,0x4601,1,0,na,"[0,",0,0,1,2009.2,+18.8dB,17.8us,"[0,",1,775.8,normal,0,valid,-15.0dB,-15.0dB,na,na,,,,
2025-07-30 13:41:23.856524,PHY,0x4601,1,0,na,"[0,",0,0,1,1981.8,+18.7dB,23.3us,"[0,",1,775.9,normal,0,valid,-14.9dB,-15.0dB,na,na,,,,
2025-07-30 13:41:23.860065,PHY,0x4601,2,,na,"[0,",,,11111,,+27.5dB,15.6us,"[0,",1,775.17,normal,0,valid,-12.0dB,-12.1dB,0.13us,+10.0Hz,,"[6,",,1
2025-07-30 13:41:23.860990,PHY,0x4601,1,0,na,"[0,",0,0,1,1913.6,+18.6dB,18.3us,"[0,",1,775.18,normal,0,valid,-14.9dB,-15.0dB,na,na,,,,
2025-07-30 13:41:23.861494,PHY,0x4601,1,0,na,"[0,",0,0,1,2067.0,+18.9dB,14.1us,"[0,",1,775.19,normal,0,valid,-15.0dB,-15.0dB,na,na,,,,
2025-07-30 13:41:23.865591,CSI,0x4601,2,,na,"[0,",,,1,,+29.1dB,16.0us,"[0,",1,776.8,normal,0,valid,-12.1dB,-12.1dB,0.17us,+14.5Hz,,"[6,",1111,1
2025-07-30 13:41:23.866535,PHY,0x4601,1,0,na,"[0,",0,0,1,1901.9,+18.5dB,16.6us,"[0,",1,776.9,normal,0,valid,-15.0dB,-15.0dB,na,na,,,,
2025-07-30 13:41:23.870095,PHY,0x4601,2,,na,"[0,",,,11111,,+35.8dB,18.1us,"[0,",1,776.17,normal,0,valid,-12.1dB,-12.1dB,0.14us,+36.2Hz,,"[6,",,1
2025-07-30 13:41:23.871024,PHY,0x4601,1,0,na,"[0,",0,0,1,1906.5,+18.6dB,19.0us,"[0,",1,776.18,normal,0,valid,-14.9dB,-15.0dB,na,na,,,,
2025-07-30 13:41:23.871491,PHY,0x4601,1,0,na,"[0,",0,0,1,1974.6,+18.7dB,15.7us,"[0,",1,776.19,normal,0,valid,-14.9dB,-15.0dB,na,na,,,,
2025-07-30 13:41:23.875993,PHY,0x4601,1,0,na,"[0,",0,0,1,1982.6,+18.7dB,19.8us,"[0,",1,777.8,normal,0,valid,-14.9dB,-15.0dB,na,na,,,,
2025-07-30 13:41:23.876512,PHY,0x4601,1,0,na,"[0,",0,0,1,2153.7,+19.1dB,25.0us,"[0,",1,777.9,normal,0,valid,-14.9dB,-15.0dB,na,na,,,,
2025-07-30 13:41:23.880105,PHY,0x4601,2,,na,"[0,",,,11111,,+33.3dB,15.6us,"[0,",1,777.17,normal,0,valid,-12.2dB,-12.2dB,0.14us,+79.9Hz,,"[6,",,1
2025-07-30 13:41:23.880990,PHY,0x4601,1,0,na,"[0,",0,0,1,3121.9,+20.7dB,20.3us,"[0,",1,777.18,normal,0,valid,-14.9dB,-15.0dB,na,na,,,,
2025-07-30 13:41:23.881534,PHY,0x4601,1,0,na,"[0,",0,0,1,2849.8,+20.3dB,18.5us,"[0,",1,777.19,normal,0,valid,-14.9dB,-15.0dB,na,na,,,,
2025-07-30 13:41:23.885670,CSI,0x4601,2,,na,"[0,",,,1,,+30.5dB,15.8us,"[0,",1,778.8,normal,0,valid,-12.1dB,-12.1dB,0.15us,+52.9Hz,,"[6,",1111,1
2025-07-30 13:41:23.886488,PHY,0x4601,1,0,na,"[0,",0,0,1,2737.7,+20.1dB,16.3us,"[0,",1,778.9,normal,0,valid,-14.9dB,-14.9dB,na,na,,,,
2025-07-30 13:41:23.890051,PHY,0x4601,2,,na,"[0,",,,11111,,+32.2dB,14.6us,"[0,",1,778.17,normal,0,valid,-12.2dB,-12.2dB,0.14us,+115.4Hz,,"[6,",,1
2025-07-30 13:41:23.890975,PHY,0x4601,1,0,na,"[0,",0,0,1,2089.6,+18.9dB,15.5us,"[0,",1,778.18,normal,0,valid,-14.9dB,-15.0dB,na,na,,,,
2025-07-30 13:41:23.891487,PHY,0x4601,1,0,na,"[0,",0,0,1,1844.1,+18.4dB,17.7us,"[0,",1,778.19,normal,0,valid,-14.9dB,-15.0dB,na,na,,,,
2025-07-30 13:41:23.895993,PHY,0x4601,1,0,na,"[0,",0,0,1,1982.1,+18.7dB,23.5us,"[0,",1,779.8,normal,0,valid,-14.9dB,-15.0dB,na,na,,,,
2025-07-30 13:41:23.896545,PHY,0x4601,1,0,na,"[0,",0,0,1,1879.5,+18.4dB,15.4us,"[0,",1,779.9,normal,0,valid,-14.9dB,-15.0dB,na,na,,,,
2025-07-30 13:41:23.900090,PHY,0x4601,2,,na,"[0,",,,11111,,+28.4dB,19.1us,"[0,",1,779.17,normal,0,valid,-12.2dB,-12.2dB,0.16us,+51.1Hz,,"[6,",,1
2025-07-30 13:41:23.901012,PHY,0x4601,1,0,na,"[0,",0,0,1,1925.7,+18.6dB,20.0us,"[0,",1,779.18,normal,0,valid,-14.9dB,-15.0dB,na,na,,,,
2025-07-30 13:41:23.901479,PHY,0x4601,1,0,na,"[0,",0,0,1,1890.8,+18.5dB,14.6us,"[0,",1,779.19,normal,0,valid,-14.9dB,-15.0dB,na,na,,,,
2025-07-30 13:41:23.905646,CSI,0x4601,2,,na,"[0,",,,1,,+30.0dB,14.5us,"[0,",1,780.8,normal,0,valid,-12.1dB,-12.1dB,0.15us,+10.4Hz,,"[6,",1111,1
2025-07-30 13:41:23.906477,PHY,0x4601,1,0,na,"[0,",0,0,1,3086.4,+20.6dB,15.9us,"[0,",1,780.9,normal,0,valid,-14.9dB,-15.0dB,na,na,,,,
2025-07-30 13:41:23.910104,PHY,0x4601,2,,na,"[0,",,,11111,,+37.2dB,14.0us,"[0,",1,780.17,normal,0,valid,-12.2dB,-12.2dB,0.15us,+70.7Hz,,"[6,",,1
2025-07-30 13:41:23.911057,PHY,0x4601,1,0,na,"[0,",0,0,1,2856.7,+20.3dB,18.0us,"[0,",1,780.18,normal,0,valid,-14.9dB,-15.0dB,na,na,,,,
2025-07-30 13:41:23.911511,PHY,0x4601,1,0,na,"[0,",0,0,1,2768.5,+20.2dB,13.6us,"[0,",1,780.19,normal,0,valid,-14.9dB,-14.9dB,na,na,,,,
2025-07-30 13:41:23.916007,PHY,0x4601,1,0,na,"[0,",0,0,1,1996.4,+18.8dB,17.6us,"[0,",1,781.8,normal,0,valid,-14.9dB,-15.0dB,na,na,,,,
2025-07-30 13:41:23.916491,PHY,0x4601,1,0,na,"[0,",0,0,1,1968.7,+18.7dB,25.4us,"[0,",1,781.9,normal,0,valid,-14.9dB,-14.9dB,na,na,,,,
2025-07-30 13:41:23.920041,PHY,0x4601,2,,na,"[0,",,,11111,,+30.7dB,16.2us,"[0,",1,781.17,normal,0,valid,-12.2dB,-12.2dB,0.17us,-44.4Hz,,"[6,",,1
2025-07-30 13:41:23.920958,PHY,0x4601,1,0,na,"[0,",0,0,1,2089.8,+18.9dB,15.9us,"[0,",1,781.18,normal,0,valid,-14.9dB,-15.0dB,na,na,,,,
2025-07-30 13:41:23.921475,PHY,0x4601,1,0,na,"[0,",0,0,1,1929.2,+18.6dB,13.7us,"[0,",1,781.19,normal,0,valid,-14.9dB,-15.0dB,na,na,,,,
2025-07-30 13:41:23.925565,CSI,0x4601,2,,na,"[0,",,,1,,+33.6dB,12.7us,"[0,",1,782.8,normal,0,valid,-12.1dB,-12.1dB,0.18us,-27.9Hz,,"[6,",1111,1
2025-07-30 13:41:23.926510,PHY,0x4601,1,0,na,"[0,",0,0,1,2666.3,+20.0dB,17.0us,"[0,",1,782.9,normal,0,valid,-15.0dB,-15.0dB,na,na,,,,
2025-07-30 13:41:23.930068,PHY,0x4601,2,,na,"[0,",,,11111,,+34.7dB,13.4us,"[0,",1,782.17,normal,0,valid,-12.1dB,-12.1dB,0.17us,-56.5Hz,,"[6,",,1
2025-07-30 13:41:23.930994,PHY,0x4601,1,0,na,"[0,",0,0,1,2890.7,+20.4dB,15.6us,"[0,",1,782.18,normal,0,valid,-14.9dB,-15.0dB,na,na,,,,
2025-07-30 13:41:23.931479,PHY,0x4601,1,0,na,"[0,",0,0,1,3048.6,+20.6dB,23.1us,"[0,",1,782.19,normal,0,valid,-14.9dB,-14.9dB,na,na,,,,
2025-07-30 13:41:23.935958,PHY,0x4601,1,0,na,"[0,",0,0,1,1918.4,+18.6dB,19.1us,"[0,",1,783.8,normal,0,valid,-14.9dB,-15.0dB,na,na,,,,
2025-07-30 13:41:23.936565,PHY,0x4601,1,0,na,"[0,",0,0,1,2039.2,+18.8dB,15.0us,"[0,",1,783.9,normal,0,valid,-14.9dB,-15.0dB,na,na,,,,
2025-07-30 13:41:23.940117,PHY,0x4601,2,,na,"[0,",,,11111,,+30.5dB,18.3us,"[0,",1,783.17,normal,0,valid,-12.1dB,-12.1dB,0.16us,+22.4Hz,,"[6,",,1
2025-07-30 13:41:23.941045,PHY,0x4601,1,0,na,"[0,",0,0,1,2105.8,+19.0dB,16.6us,"[0,",1,783.18,normal,0,valid,-14.9dB,-15.0dB,na,na,,,,
2025-07-30 13:41:23.941508,PHY,0x4601,1,0,na,"[0,",0,0,1,1872.8,+18.4dB,21.9us,"[0,",1,783.19,normal,0,valid,-14.9dB,-15.0dB,na,na,,,,
2025-07-30 13:41:23.945624,CSI,0x4601,2,,na,"[0,",,,1,,+32.6dB,12.5us,"[0,",1,784.8,normal,0,valid,-12.0dB,-12.1dB,0.17us,-35.8Hz,,"[6,",1111,1
2025-07-30 13:41:23.946476,PHY,0x4601,1,0,na,"[0,",0,0,1,2640.6,+20.0dB,16.9us,"[0,",1,784.9,normal,0,valid,-14.9dB,-15.0dB,na,na,,,,
2025-07-30 13:41:23.950131,PHY,0x4601,2,,na,"[0,",,,11111,,+30.3dB,29.2us,"[0,",1,784.17,normal,0,valid,-12.1dB,-12.1dB,0.14us,+40.7Hz,,"[6,",,1
2025-07-30 13:41:23.950959,PHY,0x4601,1,0,na,"[0,",0,0,1,1865.5,+18.4dB,22.8us,"[0,",1,784.18,normal,0,valid,-15.0dB,-15.0dB,na,na,,,,
2025-07-30 13:41:23.951570,PHY,0x4601,1,0,na,"[0,",0,0,1,2173.7,+19.1dB,28.9us,"[0,",1,784.19,normal,0,valid,-14.9dB,-15.0dB,na,na,,,,
2025-07-30 13:41:23.956055,PHY,0x4601,1,0,na,"[0,",0,0,1,1910.6,+18.6dB,23.9us,"[0,",1,785.8,normal,0,valid,-14.9dB,-15.0dB,na,na,,,,
2025-07-30 13:41:23.956511,PHY,0x4601,1,0,na,"[0,",0,0,1,1899.4,+18.5dB,17.2us,"[0,",1,785.9,normal,0,valid,-14.9dB,-15.0dB,na,na,,,,
2025-07-30 13:41:23.960049,PHY,0x4601,2,,na,"[0,",,,11111,,+34.5dB,16.0us,"[0,",1,785.17,normal,0,valid,-12.1dB,-12.1dB,0.16us,+115.1Hz,,"[6,",,1
2025-07-30 13:41:23.960996,PHY,0x4601,1,0,na,"[0,",0,0,1,3179.2,+20.8dB,22.2us,"[0,",1,785.18,normal,0,valid,-15.0dB,-15.0dB,na,na,,,,
2025-07-30 13:41:23.961463,PHY,0x4601,1,0,na,"[0,",0,0,1,2837.8,+20.3dB,18.4us,"[0,",1,785.19,normal,0,valid,-14.9dB,-15.0dB,na,na,,,,
2025-07-30 13:41:23.965598,CSI,0x4601,2,,na,"[0,",,,1,,+31.3dB,15.2us,"[0,",1,786.8,normal,0,valid,-12.0dB,-12.0dB,0.17us,+33.7Hz,,"[6,",1111,1
2025-07-30 13:41:23.966553,PHY,0x4601,1,0,na,"[0,",0,0,1,1896.1,+18.5dB,20.4us,"[0,",1,786.9,normal,0,valid,-15.0dB,-15.0dB,na,na,,,,
2025-07-30 13:41:23.970104,PHY,0x4601,2,,na,"[0,",,,11111,,+31.1dB,14.6us,"[0,",1,786.17,normal,0,valid,-12.2dB,-12.2dB,0.16us,+39.8Hz,,"[6,",,1
2025-07-30 13:41:23.971036,PHY,0x4601,1,0,na,"[0,",0,0,1,1998.6,+18.8dB,15.6us,"[0,",1,786.18,normal,0,valid,-14.9dB,-15.0dB,na,na,,,,
2025-07-30 13:41:23.971500,PHY,0x4601,1,0,na,"[0,",0,0,1,1897.8,+18.5dB,15.4us,"[0,",1,786.19,normal,0,valid,-15.0dB,-15.0dB,na,na,,,,
2025-07-30 13:41:23.975990,PHY,0x4601,1,0,na,"[0,",0,0,1,1992.2,+18.7dB,22.5us,"[0,",1,787.8,normal,0,valid,-15.0dB,-15.0dB,na,na,,,,
2025-07-30 13:41:23.976452,PHY,0x4601,1,0,na,"[0,",0,0,1,2035.3,+18.8dB,14.8us,"[0,",1,787.9,normal,0,valid,-15.0dB,-15.0dB,na,na,,,,
2025-07-30 13:41:23.980120,PHY,0x4601,2,,na,"[0,",,,11111,,+32.5dB,18.2us,"[0,",1,787.17,normal,0,valid,-12.3dB,-12.3dB,0.14us,+91.9Hz,,"[6,",,1
2025-07-30 13:41:23.980942,PHY,0x4601,1,0,na,"[0,",0,0,1,1921.8,+18.6dB,17.8us,"[0,",1,787.18,normal,0,valid,-15.0dB,-15.0dB,na,na,,,,
2025-07-30 13:41:23.981549,PHY,0x4601,1,0,na,"[0,",0,0,1,1928.0,+18.6dB,13.4us,"[0,",1,787.19,normal,0,valid,-14.9dB,-15.0dB,na,na,,,,
2025-07-30 13:41:23.985609,CSI,0x4601,2,,na,"[0,",,,1,,+30.5dB,12.2us,"[0,",1,788.8,normal,0,valid,-12.1dB,-12.1dB,0.15us,-85.7Hz,,"[6,",1111,1
2025-07-30 13:41:23.986488,PHY,0x4601,1,0,na,"[0,",0,0,1,2830.4,+20.3dB,15.7us,"[0,",1,788.9,normal,0,valid,-15.0dB,-15.0dB,na,na,,,,
2025-07-30 13:41:23.990024,PHY,0x4601,2,,na,"[0,",,,11111,,+27.3dB,14.8us,"[0,",1,788.17,normal,0,valid,-12.0dB,-12.1dB,0.15us,+39.7Hz,,"[6,",,1
2025-07-30 13:41:23.990982,PHY,0x4601,1,0,na,"[0,",0,0,1,2759.1,+20.1dB,16.4us,"[0,",1,788.18,normal,0,valid,-14.9dB,-15.0dB,na,na,,,,
2025-07-30 13:41:23.991446,PHY,0x4601,1,0,na,"[0,",0,0,1,2790.4,+20.2dB,14.1us,"[0,",1,788.19,normal,0,valid,-15.0dB,-15.0dB,na,na,,,,
2025-07-30 13:41:23.996045,PHY,0x4601,1,0,na,"[0,",0,0,1,2112.8,+19.0dB,16.8us,"[0,",1,789.8,normal,0,valid,-14.9dB,-15.0dB,na,na,,,,
2025-07-30 13:41:23.996554,PHY,0x4601,1,0,na,"[0,",0,0,1,1885.3,+18.5dB,19.9us,"[0,",1,789.9,normal,0,valid,-15.0dB,-15.0dB,na,na,,,,
2025-07-30 13:41:24.000075,PHY,0x4601,2,,na,"[0,",,,11111,,+27.4dB,16.6us,"[0,",1,789.17,normal,0,valid,-12.3dB,-12.3dB,0.15us,+9.5Hz,,"[6,",,1
2025-07-30 13:41:24.001032,PHY,0x4601,1,0,na,"[0,",0,0,1,2597.2,+19.9dB,16.8us,"[0,",1,789.18,normal,0,valid,-15.0dB,-15.0dB,na,na,,,,
2025-07-30 13:41:24.001487,PHY,0x4601,1,0,na,"[0,",0,0,1,2742.1,+20.1dB,16.6us,"[0,",1,789.19,normal,0,valid,-14.9dB,-15.0dB,na,na,,,,
2025-07-30 13:41:24.005617,CSI,0x4601,2,,na,"[0,",,,1,,+36.7dB,14.7us,"[0,",1,790.8,normal,0,valid,-12.0dB,-12.1dB,0.16us,+44.1Hz,,"[6,",1111,1
2025-07-30 13:41:24.006444,PHY,0x4601,1,0,na,"[0,",0,0,1,1906.1,+18.6dB,21.9us,"[0,",1,790.9,normal,0,valid,-14.9dB,-15.0dB,na,na,,,,
2025-07-30 13:41:24.010096,PHY,0x4601,2,,na,"[0,",,,11111,,+33.3dB,15.9us,"[0,",1,790.17,normal,0,valid,-12.1dB,-12.1dB,0.17us,-19.3Hz,,"[6,",,1
2025-07-30 13:41:24.011043,PHY,0x4601,1,0,na,"[0,",0,0,1,1974.0,+18.7dB,24.9us,"[0,",1,790.18,normal,0,valid,-14.9dB,-15.0dB,na,na,,,,
2025-07-30 13:41:24.011531,PHY,0x4601,1,0,na,"[0,",0,0,1,1987.4,+18.7dB,15.3us,"[0,",1,790.19,normal,0,valid,-15.0dB,-15.0dB,na,na,,,,
2025-07-30 13:41:24.016021,PHY,0x4601,1,0,na,"[0,",0,0,1,2041.9,+18.8dB,16.1us,"[0,",1,791.8,normal,0,valid,-14.9dB,-15.0dB,na,na,,,,
2025-07-30 13:41:24.016468,PHY,0x4601,1,0,na,"[0,",0,0,1,1971.2,+18.7dB,16.0us,"[0,",1,791.9,normal,0,valid,-14.9dB,-15.0dB,na,na,,,,
2025-07-30 13:41:24.020018,PHY,0x4601,2,,na,"[0,",,,11111,,+30.4dB,14.6us,"[0,",1,791.17,normal,0,valid,-12.1dB,-12.2dB,0.17us,+41.0Hz,,"[6,",,1
2025-07-30 13:41:24.020964,PHY,0x4601,1,0,na,"[0,",0,0,1,1962.5,+18.6dB,16.2us,"[0,",1,791.18,normal,0,valid,-14.9dB,-15.0dB,na,na,,,,
2025-07-30 13:41:24.021540,PHY,0x4601,1,0,na,"[0,",0,0,1,1929.7,+18.6dB,18.9us,"[0,",1,791.19,normal,0,valid,-14.9dB,-15.0dB,na,na,,,,
2025-07-30 13:41:24.025574,CSI,0x4601,2,,na,"[0,",,,1,,+30.9dB,14.3us,"[0,",1,792.8,normal,0,valid,-12.0dB,-12.0dB,0.15us,+18.1Hz,,"[6,",1111,1
2025-07-30 13:41:24.026547,PHY,0x4601,1,0,na,"[0,",0,0,1,2809.8,+20.2dB,22.8us,"[0,",1,792.9,normal,0,valid,-15.0dB,-15.0dB,na,na,,,,
2025-07-30 13:41:24.030048,PHY,0x4601,2,,na,"[0,",,,11111,,+30.1dB,21.5us,"[0,",1,792.17,normal,0,valid,-12.1dB,-12.1dB,0.15us,+68.8Hz,,"[6,",,1
2025-07-30 13:41:24.031023,PHY,0x4601,1,0,na,"[0,",0,0,1,2578.2,+19.9dB,26.3us,"[0,",1,792.18,normal,0,valid,-15.0dB,-15.0dB,na,na,,,,
2025-07-30 13:41:24.031467,PHY,0x4601,1,0,na,"[0,",0,0,1,2900.4,+20.4dB,14.2us,"[0,",1,792.19,normal,0,valid,-14.9dB,-15.0dB,na,na,,,,
2025-07-30 13:41:24.035953,PHY,0x4601,1,0,na,"[0,",0,0,1,1947.8,+18.6dB,17.8us,"[0,",1,793.8,normal,0,valid,-14.9dB,-15.0dB,na,na,,,,
2025-07-30 13:41:24.036535,PHY,0x4601,1,0,na,"[0,",0,0,1,1861.2,+18.4dB,15.6us,"[0,",1,793.9,normal,0,valid,-14.9dB,-15.0dB,na,na,,,,
2025-07-30 13:41:24.040088,PHY,0x4601,2,,na,"[0,",,,11111,,+29.5dB,18.1us,"[0,",1,793.17,normal,0,valid,-12.0dB,-12.1dB,0.15us,+59.8Hz,,"[6,",,1
2025-07-30 13:41:24.041017,PHY,0x4601,1,0,na,"[0,",0,0,1,1877.7,+18.5dB,15.7us,"[0,",1,793.18,normal,0,valid,-14.9dB,-15.0dB,na,na,,,,
2025-07-30 13:41:24.041529,PHY,0x4601,1,0,na,"[0,",0,0,1,1913.6,+18.6dB,20.9us,"[0,",1,793.19,normal,0,valid,-15.0dB,-15.0dB,na,na,,,,
2025-07-30 13:41:24.045591,CSI,0x4601,2,,na,"[0,",,,1,,+29.5dB,12.3us,"[0,",1,794.8,normal,0,valid,-12.1dB,-12.1dB,0.15us,+86.9Hz,,"[6,",1111,1
2025-07-30 13:41:24.046474,PHY,0x4601,1,0,na,"[0,",0,0,1,1948.1,+18.6dB,15.9us,"[0,",1,794.9,normal,0,valid,-15.0dB,-15.0dB,na,na,,,,
2025-07-30 13:41:24.050122,PHY,0x4601,2,,na,"[0,",,,11111,,+29.0dB,19.8us,"[0,",1,794.17,normal,0,valid,-12.2dB,-12.2dB,0.16us,+45.9Hz,,"[6,",,1
2025-07-30 13:41:24.050945,PHY,0x4601,1,0,na,"[0,",0,0,1,1927.8,+18.6dB,17.1us,"[0,",1,794.18,normal,0,valid,-15.0dB,-15.0dB,na,na,,,,
2025-07-30 13:41:24.051523,PHY,0x4601,1,0,na,"[0,",0,0,1,1871.5,+18.5dB,14.6us,"[0,",1,794.19,normal,0,valid,-15.0dB,-15.0dB,na,na,,,,
2025-07-30 13:41:24.056016,PHY,0x4601,1,0,na,"[0,",0,0,1,1930.7,+18.6dB,16.5us,"[0,",1,795.8,normal,0,valid,-14.9dB,-15.0dB,na,na,,,,
2025-07-30 13:41:24.056531,PHY,0x4601,1,0,na,"[0,",0,0,1,1950.7,+18.6dB,15.4us,"[0,",1,795.9,normal,0,valid,-15.0dB,-15.0dB,na,na,,,,
2025-07-30 13:41:24.060044,PHY,0x4601,2,,na,"[0,",,,11111,,+29.7dB,14.4us,"[0,",1,795.17,normal,0,valid,-12.2dB,-12.2dB,0.14us,-22.2Hz,,"[6,",,1
2025-07-30 13:41:24.061008,PHY,0x4601,1,0,na,"[0,",0,0,1,1947.4,+18.6dB,17.3us,"[0,",1,795.18,normal,0,valid,-14.9dB,-15.0dB,na,na,,,,
2025-07-30 13:41:24.061448,PHY,0x4601,1,0,na,"[0,",0,0,1,2063.8,+18.9dB,16.1us,"[0,",1,795.19,normal,0,valid,-14.9dB,-15.0dB,na,na,,,,
2025-07-30 13:41:24.065591,CSI,0x4601,2,,na,"[0,",,,1,,+30.3dB,13.0us,"[0,",1,796.8,normal,0,valid,-12.1dB,-12.1dB,0.16us,+32.0Hz,,"[6,",1111,1
2025-07-30 13:41:24.066525,PHY,0x4601,1,0,na,"[0,",0,0,1,2846.6,+20.3dB,22.1us,"[0,",1,796.9,normal,0,valid,-15.0dB,-15.0dB,na,na,,,,
2025-07-30 13:41:24.070104,PHY,0x4601,2,,na,"[0,",,,11111,,+32.1dB,18.4us,"[0,",1,796.17,normal,0,valid,-12.2dB,-12.2dB,0.17us,-74.2Hz,,"[6,",,1
2025-07-30 13:41:24.071010,PHY,0x4601,1,0,na,"[0,",0,0,1,2757.6,+20.1dB,17.2us,"[0,",1,796.18,normal,0,valid,-14.9dB,-15.0dB,na,na,,,,
2025-07-30 13:41:24.071511,PHY,0x4601,1,0,na,"[0,",0,0,1,2645.7,+20.0dB,13.7us,"[0,",1,796.19,normal,0,valid,-14.9dB,-15.0dB,na,na,,,,
2025-07-30 13:41:24.075997,PHY,0x4601,1,0,na,"[0,",0,0,1,2027.9,+18.8dB,18.4us,"[0,",1,797.8,normal,0,valid,-14.9dB,-14.9dB,na,na,,,,
2025-07-30 13:41:24.076437,PHY,0x4601,1,0,na,"[0,",0,0,1,2034.2,+18.8dB,14.4us,"[0,",1,797.9,normal,0,valid,-14.8dB,-14.9dB,na,na,,,,
2025-07-30 13:41:24.080104,PHY,0x4601,2,,na,"[0,",,,11111,,+30.9dB,16.8us,"[0,",1,797.17,normal,0,valid,-12.2dB,-12.2dB,0.14us,-12.0Hz,,"[6,",,1
2025-07-30 13:41:24.081040,PHY,0x4601,1,0,na,"[0,",0,0,1,1917.3,+18.6dB,16.4us,"[0,",1,797.18,normal,0,valid,-14.9dB,-15.0dB,na,na,,,,
2025-07-30 13:41:24.081512,PHY,0x4601,1,0,na,"[0,",0,0,1,1941.1,+18.6dB,14.2us,"[0,",1,797.19,normal,0,valid,-14.9dB,-15.0dB,na,na,,,,
2025-07-30 13:41:24.085662,CSI,0x4601,2,,na,"[0,",,,1,,+34.5dB,16.5us,"[0,",1,798.8,normal,0,valid,-11.8dB,-11.9dB,0.18us,-78.6Hz,,"[6,",1111,1
2025-07-30 13:41:24.086498,PHY,0x4601,1,0,na,"[0,",0,0,1,3001.2,+20.5dB,17.8us,"[0,",1,798.9,normal,0,valid,-14.9dB,-14.9dB,na,na,,,,
2025-07-30 13:41:24.090022,PHY,0x4601,2,,na,"[0,",,,11111,,+31.2dB,14.6us,"[0,",1,798.17,normal,0,valid,-12.0dB,-12.0dB,0.16us,-24.1Hz,,"[6,",,1
2025-07-30 13:41:24.090984,PHY,0x4601,1,0,na,"[0,",0,0,1,3107.5,+20.6dB,17.0us,"[0,",1,798.18,normal,0,valid,-14.9dB,-14.9dB,na,na,,,,
2025-07-30 13:41:24.091432,PHY,0x4601,1,0,na,"[0,",0,0,1,2895.4,+20.4dB,14.4us,"[0,",1,798.19,normal,0,valid,-14.8dB,-14.9dB,na,na,,,,
2025-07-30 13:41:24.096029,PHY,0x4601,1,0,na,"[0,",0,0,1,1983.4,+18.8dB,16.2us,"[0,",1,799.8,normal,0,valid,-14.7dB,-14.8dB,na,na,,,,
2025-07-30 13:41:24.096522,PHY,0x4601,1,0,na,"[0,",0,0,1,2132.0,+19.0dB,14.8us,"[0,",1,799.9,normal,0,valid,-14.8dB,-14.8dB,na,na,,,,
2025-07-30 13:41:24.100066,PHY,0x4601,2,,na,"[0,",,,11111,,+30.3dB,17.4us,"[0,",1,799.17,normal,0,valid,-12.1dB,-12.1dB,0.13us,+186.0Hz,,"[6,",,1
2025-07-30 13:41:24.100991,PHY,0x4601,1,0,na,"[0,",0,0,1,2019.9,+18.8dB,15.4us,"[0,",1,799.18,normal,0,valid,-14.9dB,-14.9dB,na,na,,,,
2025-07-30 13:41:24.101490,PHY,0x4601,1,0,na,"[0,",0,0,1,2117.2,+19.0dB,13.8us,"[0,",1,799.19,normal,0,valid,-14.8dB,-14.9dB,na,na,,,,
2025-07-30 13:41:24.105596,CSI,0x4601,2,,na,"[0,",,,1,,+33.5dB,12.1us,"[0,",1,800.8,normal,0,valid,-11.7dB,-11.8dB,0.15us,+34.4Hz,,"[6,",1111,1
2025-07-30 13:41:24.106535,PHY,0x4601,1,0,na,"[0,",0,0,1,1898.5,+18.5dB,15.0us,"[0,",1,800.9,normal,0,valid,-14.8dB,-14.8dB,na,na,,,,
2025-07-30 13:41:24.110101,PHY,0x4601,2,,na,"[0,",,,11111,,+32.4dB,16.3us,"[0,",1,800.17,normal,0,valid,-11.9dB,-12.0dB,0.14us,+113.7Hz,,"[6,",,1
2025-07-30 13:41:24.111025,PHY,0x4601,1,0,na,"[0,",0,0,1,1875.7,+18.5dB,17.7us,"[0,",1,800.18,normal,0,valid,-14.8dB,-14.8dB,na,na,,,,
2025-07-30 13:41:24.111495,PHY,0x4601,1,0,na,"[0,",0,0,1,2013.5,+18.8dB,14.2us,"[0,",1,800.19,normal,0,valid,-14.8dB,-14.8dB,na,na,,,,
2025-07-30 13:41:24.115984,PHY,0x4601,1,0,na,"[0,",0,0,1,2092.0,+19.0dB,16.0us,"[0,",1,801.8,normal,0,valid,-14.7dB,-14.7dB,na,na,,,,
2025-07-30 13:41:24.116490,PHY,0x4601,1,0,na,"[0,",0,0,1,1915.6,+18.5dB,24.5us,"[0,",1,801.9,normal,0,valid,-14.7dB,-14.8dB,na,na,,,,
2025-07-30 13:41:24.120150,PHY,0x4601,2,,na,"[0,",,,11111,,+30.2dB,16.6us,"[0,",1,801.17,normal,0,valid,-12.0dB,-12.0dB,0.15us,-27.9Hz,,"[6,",,1
2025-07-30 13:41:24.120975,PHY,0x4601,1,0,na,"[0,",0,0,1,1850.2,+18.4dB,17.0us,"[0,",1,801.18,normal,0,valid,-14.8dB,-14.8dB,na,na,,,,
2025-07-30 13:41:24.121530,PHY,0x4601,1,0,na,"[0,",0,0,1,1986.9,+18.8dB,15.5us,"[0,",1,801.19,normal,0,valid,-14.7dB,-14.8dB,na,na,,,,
2025-07-30 13:41:24.130051,PHY,0x4601,2,,na,"[0,",,,11111,,+33.0dB,13.6us,"[0,",1,802.17,normal,0,valid,-11.9dB,-11.9dB,0.10us,-25.0Hz,,"[6,",,1
2025-07-30 13:41:24.130976,PHY,0x4601,1,0,na,"[0,",0,0,1,4801.4,+22.6dB,15.8us,"[0,",1,802.18,normal,0,valid,-14.6dB,-14.7dB,na,na,,,,
2025-07-30 13:41:24.131476,PHY,0x4601,1,0,na,"[0,",0,0,1,4611.1,+22.4dB,14.4us,"[0,",1,802.19,normal,0,valid,-14.6dB,-14.7dB,na,na,,,,
2025-07-30 13:41:24.135969,PHY,0x4601,1,0,na,"[0,",0,0,1,4334.5,+22.1dB,15.9us,"[0,",1,803.8,normal,0,valid,-14.6dB,-14.6dB,na,na,,,,
2025-07-30 13:41:24.136525,PHY,0x4601,1,0,na,"[0,",0,0,1,4398.2,+22.2dB,15.2us,"[0,",1,803.9,normal,0,valid,-14.5dB,-14.6dB,na,na,,,,
2025-07-30 13:41:24.140091,PHY,0x4601,2,,na,"[0,",,,11111,,+31.0dB,15.8us,"[0,",1,803.17,normal,0,valid,-11.9dB,-11.9dB,0.09us,+101.9Hz,,"[6,",,1
2025-07-30 13:41:24.141014,PHY,0x4601,1,0,na,"[0,",0,0,1,4622.7,+22.4dB,17.9us,"[0,",1,803.18,normal,0,valid,-14.7dB,-14.7dB,na,na,,,,
2025-07-30 13:41:24.141488,PHY,0x4601,1,0,na,"[0,",0,0,1,4532.5,+22.3dB,13.5us,"[0,",1,803.19,normal,0,valid,-14.7dB,-14.7dB,na,na,,,,
2025-07-30 13:41:24.146479,PHY,0x4601,1,0,na,"[0,",0,0,1,4884.4,+22.6dB,17.1us,"[0,",1,804.9,normal,0,valid,-14.5dB,-14.5dB,na,na,,,,
2025-07-30 13:41:24.150110,PHY,0x4601,2,,na,"[0,",,,11111,,+31.8dB,16.0us,"[0,",1,804.17,normal,0,valid,-11.9dB,-11.9dB,0.08us,+72.0Hz,,"[6,",,1
2025-07-30 13:41:24.150976,PHY,0x4601,1,0,na,"[0,",0,0,1,3890.5,+21.6dB,17.0us,"[0,",1,804.18,normal,0,valid,-14.6dB,-14.6dB,na,na,,,,
2025-07-30 13:41:24.151523,PHY,0x4601,1,0,na,"[0,",0,0,1,4261.3,+22.1dB,13.7us,"[0,",1,804.19,normal,0,valid,-14.7dB,-14.6dB,na,na,,,,
2025-07-30 13:41:24.156019,PHY,0x4601,1,0,na,"[0,",0,0,1,4595.8,+22.4dB,17.9us,"[0,",1,805.8,normal,0,valid,-14.7dB,-14.7dB,na,na,,,,
2025-07-30 13:41:24.156483,PHY,0x4601,1,0,na,"[0,",0,0,1,4418.8,+22.2dB,22.7us,"[0,",1,805.9,normal,0,valid,-14.7dB,-14.8dB,na,na,,,,
2025-07-30 13:41:24.160047,PHY,0x4601,2,,na,"[0,",,,11111,,+30.1dB,14.7us,"[0,",1,805.17,normal,0,valid,-11.9dB,-11.9dB,0.08us,+69.1Hz,,"[6,",,1
2025-07-30 13:41:24.160974,PHY,0x4601,1,0,na,"[0,",0,0,1,4263.0,+22.0dB,17.8us,"[0,",1,805.18,normal,0,valid,-14.7dB,-14.8dB,na,na,,,,
2025-07-30 13:41:24.161488,PHY,0x4601,1,0,na,"[0,",0,0,1,4243.8,+22.0dB,17.0us,"[0,",1,805.19,normal,0,valid,-14.7dB,-14.8dB,na,na,,,,
2025-07-30 13:41:24.165575,CSI,0x4601,2,,na,"[0,",,,1,,+33.3dB,16.2us,"[0,",1,806.8,normal,0,valid,-11.8dB,-11.8dB,0.11us,+35.8Hz,,"[6,",1111,1
2025-07-30 13:41:24.166512,PHY,0x4601,1,0,na,"[0,",0,0,1,3864.8,+21.6dB,15.4us,"[0,",1,806.9,normal,0,valid,-14.7dB,-14.8dB,na,na,,,,
2025-07-30 13:41:24.170068,PHY,0x4601,2,,na,"[0,",,,11111,,+33.0dB,14.7us,"[0,",1,806.17,normal,0,valid,-11.9dB,-11.9dB,0.10us,+119.8Hz,,"[6,",,1
2025-07-30 13:41:24.171005,PHY,0x4601,1,0,na,"[0,",0,0,1,4759.0,+22.5dB,17.0us,"[0,",1,806.18,normal,0,valid,-14.7dB,-14.8dB,na,na,,,,
2025-07-30 13:41:24.171480,PHY,0x4601,1,0,na,"[0,",0,0,1,3937.5,+21.7dB,15.9us,"[0,",1,806.19,normal,0,valid,-14.8dB,-14.8dB,na,na,,,,
2025-07-30 13:41:24.175959,PHY,0x4601,1,0,na,"[0,",0,0,1,447.5,+12.3dB,15.6us,"[0,",1,807.8,normal,0,valid,-14.7dB,-14.9dB,na,na,,,,
2025-07-30 13:41:24.176487,PHY,0x4601,1,0,na,"[0,",0,0,1,442.9,+12.2dB,24.9us,"[0,",1,807.9,normal,0,valid,-14.7dB,-14.9dB,na,na,,,,
2025-07-30 13:41:24.180110,PHY,0x4601,2,,na,"[0,",,,11111,,+30.1dB,20.8us,"[0,",1,807.17,normal,0,valid,-11.8dB,-11.9dB,0.35us,-36.5Hz,,"[6,",,1
2025-07-30 13:41:24.181053,PHY,0x4601,1,0,na,"[0,",0,0,1,456.6,+12.3dB,14.8us,"[0,",1,807.18,normal,0,valid,-14.7dB,-15.0dB,na,na,,,,
2025-07-30 13:41:24.181507,PHY,0x4601,1,0,na,"[0,",0,0,1,443.9,+12.2dB,13.9us,"[0,",1,807.19,normal,0,valid,-14.7dB,-15.0dB,na,na,,,,
2025-07-30 13:41:24.185645,CSI,0x4601,2,,na,"[0,",,,1,,+31.6dB,15.2us,"[0,",1,808.8,normal,0,valid,-11.9dB,-12.0dB,0.35us,-1.1Hz,,"[6,",1111,1
2025-07-30 13:41:24.186469,PHY,0x4601,1,0,na,"[0,",0,0,1,388.2,+11.6dB,15.0us,"[0,",1,808.9,normal,0,valid,-14.7dB,-15.1dB,na,na,,,,
2025-07-30 13:41:24.190022,PHY,0x4601,2,,na,"[0,",,,11111,,+27.7dB,12.3us,"[0,",1,808.17,normal,0,valid,-11.9dB,-12.1dB,0.35us,-13.3Hz,,"[6,",,1
2025-07-30 13:41:24.190950,PHY,0x4601,1,0,na,"[0,",0,0,1,380.5,+11.5dB,15.6us,"[0,",1,808.18,normal,0,valid,-14.7dB,-15.0dB,na,na,,,,
2025-07-30 13:41:24.191547,PHY,0x4601,1,0,na,"[0,",0,0,1,377.7,+11.5dB,14.0us,"[0,",1,808.19,normal,0,valid,-14.7dB,-15.0dB,na,na,,,,
2025-07-30 13:41:24.196051,PHY,0x4601,1,0,na,"[0,",0,0,1,438.3,+12.1dB,20.3us,"[0,",1,809.8,normal,0,valid,-14.7dB,-14.9dB,na,na,,,,
2025-07-30 13:41:24.196520,PHY,0x4601,1,0,na,"[0,",0,0,1,440.8,+12.2dB,14.1us,"[0,",1,809.9,normal,0,valid,-14.7dB,-14.9dB,na,na,,,,
2025-07-30 13:41:24.200051,PHY,0x4601,2,,na,"[0,",,,11111,,+26.8dB,18.7us,"[0,",1,809.17,normal,0,valid,-11.9dB,-12.0dB,0.36us,+15.9Hz,,"[6,",,1
2025-07-30 13:41:24.200994,PHY,0x4601,1,0,na,"[0,",0,0,1,447.1,+12.3dB,18.1us,"[0,",1,809.18,normal,0,valid,-14.7dB,-15.0dB,na,na,,,,
2025-07-30 13:41:24.201462,PHY,0x4601,1,0,na,"[0,",0,0,1,448.1,+12.2dB,14.0us,"[0,",1,809.19,normal,0,valid,-14.7dB,-15.0dB,na,na,,,,
2025-07-30 13:41:24.205632,CSI,0x4601,2,,na,"[0,",,,1,,+27.9dB,13.6us,"[0,",1,810.8,normal,0,valid,-11.7dB,-11.9dB,0.39us,+40.4Hz,,"[6,",1111,1
2025-07-30 13:41:24.206550,PHY,0x4601,1,0,na,"[0,",0,0,1,362.7,+11.3dB,15.3us,"[0,",1,810.9,normal,0,valid,-14.8dB,-15.1dB,na,na,,,,
2025-07-30 13:41:24.210096,PHY,0x4601,2,,na,"[0,",,,11111,,+30.8dB,13.3us,"[0,",1,810.17,normal,0,valid,-11.9dB,-12.0dB,0.35us,+121.1Hz,,"[6,",,1
2025-07-30 13:41:24.211038,PHY,0x4601,1,0,na,"[0,",0,0,1,374.8,+11.5dB,15.5us,"[0,",1,810.18,normal,0,valid,-14.7dB,-15.0dB,na,na,,,,
2025-07-30 13:41:24.211495,PHY,0x4601,1,0,na,"[0,",0,0,1,368.0,+11.4dB,16.0us,"[0,",1,810.19,normal,0,valid,-14.7dB,-15.0dB,na,na,,,,
2025-07-30 13:41:24.226506,PHY,0x4601,1,0,na,"[0,",0,0,1,441.5,+12.2dB,23.2us,"[0,",1,812.9,normal,0,valid,-14.5dB,-14.8dB,na,na,,,,
2025-07-30 13:41:24.230993,PHY,0x4601,1,0,na,"[0,",0,0,1,445.5,+12.2dB,19.5us,"[0,",1,812.18,normal,0,valid,-14.6dB,-14.9dB,na,na,,,,
2025-07-30 13:41:24.231447,PHY,0x4601,1,0,na,"[0,",0,0,1,435.4,+12.1dB,17.0us,"[0,",1,812.19,normal,0,valid,-14.6dB,-14.8dB,na,na,,,,
2025-07-30 13:41:24.235939,PHY,0x4601,1,0,na,"[0,",0,0,1,441.0,+12.2dB,17.1us,"[0,",1,813.8,normal,0,valid,-14.5dB,-14.7dB,na,na,,,,
2025-07-30 13:41:24.236540,PHY,0x4601,1,0,na,"[0,",0,0,1,449.6,+12.3dB,15.2us,"[0,",1,813.9,normal,0,valid,-14.5dB,-14.7dB,na,na,,,,
2025-07-30 13:41:24.240077,PHY,0x4601,2,,na,"[0,",,,11111,,+31.2dB,18.2us,"[0,",1,813.17,normal,0,valid,-11.9dB,-12.0dB,0.36us,+152.1Hz,,"[6,",,1
2025-07-30 13:41:24.241032,PHY,0x4601,1,0,na,"[0,",0,0,1,377.1,+11.5dB,16.1us,"[0,",1,813.18,normal,0,valid,-14.6dB,-14.9dB,na,na,,,,
2025-07-30 13:41:24.241487,PHY,0x4601,1,0,na,"[0,",0,0,1,371.9,+11.5dB,15.2us,"[0,",1,813.19,normal,0,valid,-14.6dB,-14.9dB,na,na,,,,
2025-07-30 13:41:24.246461,PHY,0x4601,1,0,na,"[0,",0,0,1,434.3,+12.1dB,26.0us,"[0,",1,814.9,normal,0,valid,-14.5dB,-14.8dB,na,na,,,,
2025-07-30 13:41:24.250120,PHY,0x4601,2,,na,"[0,",,,11111,,+33.2dB,19.8us,"[0,",1,814.17,normal,0,valid,-12.0dB,-12.1dB,0.35us,+23.4Hz,,"[6,",,1
2025-07-30 13:41:24.251048,PHY,0x4601,1,0,na,"[0,",0,0,1,374.8,+11.4dB,25.2us,"[0,",1,814.18,normal,0,valid,-14.7dB,-15.0dB,na,na,,,,
2025-07-30 13:41:24.251533,PHY,0x4601,1,0,na,"[0,",0,0,1,357.8,+11.3dB,15.1us,"[0,",1,814.19,normal,0,valid,-14.6dB,-15.0dB,na,na,,,,
2025-07-30 13:41:24.256042,PHY,0x4601,1,0,na,"[0,",0,0,1,448.8,+12.3dB,23.0us,"[0,",1,815.8,normal,0,valid,-14.6dB,-14.9dB,na,na,,,,
2025-07-30 13:41:24.256501,PHY,0x4601,1,0,na,"[0,",0,0,1,439.4,+12.2dB,19.8us,"[0,",1,815.9,normal,0,valid,-14.6dB,-14.9dB,na,na,,,,
2025-07-30 13:41:24.260019,PHY,0x4601,2,,na,"[0,",,,11111,,+30.4dB,17.2us,"[0,",1,815.17,normal,0,valid,-11.8dB,-11.9dB,0.34us,+177.1Hz,,"[6,",,1
2025-07-30 13:41:24.260979,PHY,0x4601,1,0,na,"[0,",0,0,1,364.9,+11.4dB,18.3us,"[0,",1,815.18,normal,0,valid,-14.7dB,-14.9dB,na,na,,,,
2025-07-30 13:41:24.261441,PHY,0x4601,1,0,na,"[0,",0,0,1,374.5,+11.5dB,18.4us,"[0,",1,815.19,normal,0,valid,-14.7dB,-15.0dB,na,na,,,,
2025-07-30 13:41:24.265592,CSI,0x4601,2,,na,"[0,",,,1,,+32.7dB,14.0us,"[0,",1,816.8,normal,0,valid,-11.8dB,-11.9dB,0.37us,-0.4Hz,,"[6,",1111,1
2025-07-30 13:41:24.266537,PHY,0x4601,1,0,na,"[0,",0,0,1,453.3,+12.3dB,16.9us,"[0,",1,816.9,normal,0,valid,-14.6dB,-14.9dB,na,na,,,,
2025-07-30 13:41:24.270058,PHY,0x4601,2,,na,"[0,",,,11111,,+29.3dB,14.8us,"[0,",1,816.17,normal,0,valid,-11.7dB,-11.8dB,0.35us,+22.4Hz,,"[6,",,1
2025-07-30 13:41:24.271017,PHY,0x4601,1,0,na,"[0,",0,0,1,449.9,+12.3dB,15.7us,"[0,",1,816.18,normal,0,valid,-14.6dB,-14.9dB,na,na,,,,
2025-07-30 13:41:24.271486,PHY,0x4601,1,0,na,"[0,",0,0,1,457.0,+12.3dB,26.3us,"[0,",1,816.19,normal,0,valid,-14.6dB,-14.9dB,na,na,,,,
2025-07-30 13:41:24.276000,PHY,0x4601,1,0,na,"[0,",0,0,1,451.5,+12.3dB,21.4us,"[0,",1,817.8,normal,0,valid,-14.6dB,-14.9dB,na,na,,,,
2025-07-30 13:41:24.276552,PHY,0x4601,1,0,na,"[0,",0,0,1,450.6,+12.3dB,16.3us,"[0,",1,817.9,normal,0,valid,-14.6dB,-14.9dB,na,na,,,,
2025-07-30 13:41:24.280102,PHY,0x4601,2,,na,"[0,",,,11111,,+29.7dB,16.9us,"[0,",1,817.17,normal,0,valid,-11.9dB,-12.0dB,0.34us,+1.9Hz,,"[6,",,1
2025-07-30 13:41:24.281032,PHY,0x4601,1,0,na,"[0,",0,0,1,388.1,+11.6dB,24.1us,"[0,",1,817.18,normal,0,valid,-14.7dB,-15.0dB,na,na,,,,
2025-07-30 13:41:24.281542,PHY,0x4601,1,0,na,"[0,",0,0,1,387.6,+11.6dB,29.2us,"[0,",1,817.19,normal,0,valid,-14.6dB,-14.9dB,na,na,,,,
2025-07-30 13:41:24.285619,CSI,0x4601,2,,na,"[0,",,,1,,+29.8dB,20.8us,"[0,",1,818.8,normal,0,valid,-11.7dB,-11.8dB,0.36us,-39.9Hz,,"[6,",1111,1
2025-07-30 13:41:24.286471,PHY,0x4601,1,0,na,"[0,",0,0,1,381.7,+11.6dB,25.5us,"[0,",1,818.9,normal,0,valid,-14.7dB,-14.9dB,na,na,,,,
2025-07-30 13:41:24.290129,PHY,0x4601,2,,na,"[0,",,,11111,,+31.8dB,16.8us,"[0,",1,818.17,normal,0,valid,-11.8dB,-11.9dB,0.35us,+17.7Hz,,"[6,",,1
2025-07-30 13:41:24.290952,PHY,0x4601,1,0,na,"[0,",0,0,1,364.7,+11.4dB,24.0us,"[0,",1,818.18,normal,0,valid,-14.6dB,-14.9dB,na,na,,,,
2025-07-30 13:41:24.291536,PHY,0x4601,1,0,na,"[0,",0,0,1,372.5,+11.4dB,21.6us,"[0,",1,818.19,normal,0,valid,-14.6dB,-14.9dB,na,na,,,,
2025-07-30 13:41:24.296028,PHY,0x4601,1,0,na,"[0,",0,0,1,455.6,+12.3dB,25.5us,"[0,",1,819.8,normal,0,valid,-14.6dB,-14.9dB,na,na,,,,
2025-07-30 13:41:24.296544,PHY,0x4601,1,0,na,"[0,",0,0,1,442.1,+12.2dB,25.4us,"[0,",1,819.9,normal,0,valid,-14.7dB,-14.9dB,na,na,,,,
2025-07-30 13:41:24.300047,PHY,0x4601,2,,na,"[0,",,,11111,,+32.3dB,23.1us,"[0,",1,819.17,normal,0,valid,-11.9dB,-12.0dB,0.36us,-8.3Hz,,"[6,",,1
2025-07-30 13:41:24.301017,PHY,0x4601,1,0,na,"[0,",0,0,1,385.2,+11.6dB,23.8us,"[0,",1,819.18,normal,0,valid,-14.6dB,-14.9dB,na,na,,,,
2025-07-30 13:41:24.301459,PHY,0x4601,1,0,na,"[0,",0,0,1,370.1,+11.4dB,21.4us,"[0,",1,819.19,normal,0,valid,-14.6dB,-15.0dB,na,na,,,,
2025-07-30 13:41:24.305610,CSI,0x4601,2,,na,"[0,",,,1,,+31.8dB,14.7us,"[0,",1,820.8,normal,0,valid,-11.7dB,-11.8dB,0.36us,+36.2Hz,,"[6,",1111,1
2025-07-30 13:41:24.306531,PHY,0x4601,1,0,na,"[0,",0,0,1,437.2,+12.2dB,25.8us,"[0,",1,820.9,normal,0,valid,-14.6dB,-14.9dB,na,na,,,,
2025-07-30 13:41:24.310090,PHY,0x4601,2,,na,"[0,",,,11111,,+33.7dB,18.1us,"[0,",1,820.17,normal,0,valid,-11.8dB,-11.9dB,0.34us,+25.2Hz,,"[6,",,1
2025-07-30 13:41:24.311013,PHY,0x4601,1,0,na,"[0,",0,0,1,433.5,+12.1dB,16.6us,"[0,",1,820.18,normal,0,valid,-14.6dB,-14.9dB,na,na,,,,
2025-07-30 13:41:24.311519,PHY,0x4601,1,0,na,"[0,",0,0,1,444.5,+12.2dB,18.4us,"[0,",1,820.19,normal,0,valid,-14.6dB,-14.9dB,na,na,,,,
2025-07-30 13:41:24.316017,PHY,0x4601,1,0,na,"[0,",0,0,1,440.9,+12.2dB,26.6us,"[0,",1,821.8,normal,0,valid,-14.6dB,-14.8dB,na,na,,,,
2025-07-30 13:41:24.316459,PHY,0x4601,1,0,na,"[0,",0,0,1,446.1,+12.2dB,23.6us,"[0,",1,821.9,normal,0,valid,-14.7dB,-14.9dB,na,na,,,,
2025-07-30 13:41:24.320135,PHY,0x4601,2,,na,"[0,",,,11111,,+31.0dB,15.6us,"[0,",1,821.17,normal,0,valid,-11.8dB,-11.9dB,0.35us,+85.7Hz,,"[6,",,1
2025-07-30 13:41:24.320938,PHY,0x4601,1,0,na,"[0,",0,0,1,382.6,+11.6dB,16.9us,"[0,",1,821.18,normal,0,valid,-14.6dB,-14.9dB,na,na,,,,
2025-07-30 13:41:24.321524,PHY,0x4601,1,0,na,"[0,",0,0,1,378.8,+11.5dB,18.2us,"[0,",1,821.19,normal,0,valid,-14.6dB,-14.9dB,na,na,,,,
2025-07-30 13:41:24.325625,CSI,0x4601,2,,na,"[0,",,,1,,+31.6dB,11.6us,"[0,",1,822.8,normal,0,valid,-11.8dB,-11.9dB,0.35us,-22.5Hz,,"[6,",1111,1
2025-07-30 13:41:24.326516,PHY,0x4601,1,0,na,"[0,",0,0,1,430.0,+12.1dB,23.5us,"[0,",1,822.9,normal,0,valid,-14.7dB,-14.9dB,na,na,,,,
2025-07-30 13:41:24.330029,PHY,0x4601,2,,na,"[0,",,,11111,,+29.5dB,14.5us,"[0,",1,822.17,normal,0,valid,-11.8dB,-11.9dB,0.35us,+24.6Hz,,"[6,",,1
2025-07-30 13:41:24.331004,PHY,0x4601,1,0,na,"[0,",0,0,1,434.7,+12.2dB,17.8us,"[0,",1,822.18,normal,0,valid,-14.6dB,-14.9dB,na,na,,,,
2025-07-30 13:41:24.331463,PHY,0x4601,1,0,na,"[0,",0,0,1,443.3,+12.2dB,17.4us,"[0,",1,822.19,normal,0,valid,-14.6dB,-14.9dB,na,na,,,,
2025-07-30 13:41:24.336042,PHY,0x4601,1,0,na,"[0,",0,0,1,443.4,+12.2dB,16.7us,"[0,",1,823.8,normal,0,valid,-14.6dB,-14.9dB,na,na,,,,
2025-07-30 13:41:24.336530,PHY,0x4601,1,0,na,"[0,",0,0,1,432.7,+12.1dB,18.1us,"[0,",1,823.9,normal,0,valid,-14.6dB,-14.9dB,na,na,,,,
2025-07-30 13:41:24.340077,PHY,0x4601,2,,na,"[0,",,,11111,,+27.6dB,19.0us,"[0,",1,823.17,normal,0,valid,-12.0dB,-12.1dB,0.34us,-23.2Hz,,"[6,",,1
2025-07-30 13:41:24.341000,PHY,0x4601,1,0,na,"[0,",0,0,1,377.3,+11.5dB,15.9us,"[0,",1,823.18,normal,0,valid,-14.6dB,-14.9dB,na,na,,,,
2025-07-30 13:41:24.341511,PHY,0x4601,1,0,na,"[0,",0,0,1,373.1,+11.4dB,18.0us,"[0,",1,823.19,normal,0,valid,-14.6dB,-14.9dB,na,na,,,,
2025-07-30 13:41:24.345605,CSI,0x4601,2,,na,"[0,",,,1,,+29.2dB,12.4us,"[0,",1,824.8,normal,0,valid,-11.8dB,-11.9dB,0.36us,+30.4Hz,,"[6,",1111,1
2025-07-30 13:41:24.346450,PHY,0x4601,1,0,na,"[0,",0,0,1,464.6,+12.4dB,18.2us,"[0,",1,824.9,normal,0,valid,-14.6dB,-14.9dB,na,na,,,,
2025-07-30 13:41:24.350101,PHY,0x4601,2,,na,"[0,",,,11111,,+28.9dB,19.0us,"[0,",1,824.17,normal,0,valid,-11.9dB,-12.0dB,0.35us,+17.2Hz,,"[6,",,1
2025-07-30 13:41:24.351036,PHY,0x4601,1,0,na,"[0,",0,0,1,437.6,+12.1dB,18.7us,"[0,",1,824.18,normal,0,valid,-14.6dB,-14.9dB,na,na,,,,
2025-07-30 13:41:24.351512,PHY,0x4601,1,0,na,"[0,",0,0,1,451.6,+12.3dB,19.1us,"[0,",1,824.19,normal,0,valid,-14.6dB,-14.8dB,na,na,,,,
2025-07-30 13:41:24.355993,PHY,0x4601,1,0,na,"[0,",0,0,1,418.0,+12.0dB,16.4us,"[0,",1,825.8,normal,0,valid,-14.6dB,-14.9dB,na,na,,,,
2025-07-30 13:41:24.356510,PHY,0x4601,1,0,na,"[0,",0,0,1,430.2,+12.1dB,15.8us,"[0,",1,825.9,normal,0,valid,-14.6dB,-14.9dB,na,na,,,,
2025-07-30 13:41:24.360017,PHY,0x4601,2,,na,"[0,",,,11111,,+29.7dB,14.5us,"[0,",1,825.17,normal,0,valid,-11.9dB,-12.0dB,0.35us,+97.4Hz,,"[6,",,1
2025-07-30 13:41:24.360993,PHY,0x4601,1,0,na,"[0,",0,0,1,374.7,+11.5dB,16.6us,"[0,",1,825.18,normal,0,valid,-14.6dB,-15.0dB,na,na,,,,
2025-07-30 13:41:24.361541,PHY,0x4601,1,0,na,"[0,",0,0,1,386.2,+11.6dB,14.8us,"[0,",1,825.19,normal,0,valid,-14.7dB,-14.9dB,na,na,,,,
2025-07-30 13:41:24.365585,CSI,0x4601,2,,na,"[0,",,,1,,+29.8dB,14.3us,"[0,",1,826.8,normal,0,valid,-11.7dB,-11.9dB,0.35us,-59.3Hz,,"[6,",1111,1
2025-07-30 13:41:24.366499,PHY,0x4601,1,0,na,"[0,",0,0,1,375.2,+11.5dB,16.9us,"[0,",1,826.9,normal,0,valid,-14.6dB,-14.9dB,na,na,,,,
2025-07-30 13:41:24.370072,PHY,0x4601,2,,na,"[0,",,,11111,,+31.2dB,14.9us,"[0,",1,826.17,normal,0,valid,-11.8dB,-11.9dB,0.35us,+89.2Hz,,"[6,",,1
2025-07-30 13:41:24.370995,PHY,0x4601,1,0,na,"[0,",0,0,1,366.8,+11.4dB,16.9us,"[0,",1,826.18,normal,0,valid,-14.6dB,-14.9dB,na,na,,,,
2025-07-30 13:41:24.371492,PHY,0x4601,1,0,na,"[0,",0,0,1,373.8,+11.5dB,14.0us,"[0,",1,826.19,normal,0,valid,-14.6dB,-14.9dB,na,na,,,,
2025-07-30 13:41:24.375988,PHY,0x4601,1,0,na,"[0,",0,0,1,440.0,+12.2dB,20.3us,"[0,",1,827.8,normal,0,valid,-14.6dB,-14.9dB,na,na,,,,
2025-07-30 13:41:24.376548,PHY,0x4601,1,0,na,"[0,",0,0,1,439.6,+12.2dB,14.2us,"[0,",1,827.9,normal,0,valid,-14.6dB,-14.9dB,na,na,,,,
2025-07-30 13:41:24.380116,PHY,0x4601,2,,na,"[0,",,,11111,,+27.8dB,14.5us,"[0,",1,827.17,normal,0,valid,-11.8dB,-11.9dB,0.35us,+89.7Hz,,"[6,",,1
2025-07-30 13:41:24.381023,PHY,0x4601,1,0,na,"[0,",0,0,1,366.0,+11.3dB,17.7us,"[0,",1,827.18,normal,0,valid,-14.6dB,-15.0dB,na,na,,,,
2025-07-30 13:41:24.381497,PHY,0x4601,1,0,na,"[0,",0,0,1,371.0,+11.4dB,14.4us,"[0,",1,827.19,normal,0,valid,-14.6dB,-14.9dB,na,na,,,,
2025-07-30 13:41:24.385586,CSI,0x4601,2,,na,"[0,",,,1,,+32.0dB,14.3us,"[0,",1,828.8,normal,0,valid,-11.7dB,-11.8dB,0.36us,-48.3Hz,,"[6,",1111,1
2025-07-30 13:41:24.386507,PHY,0x4601,1,0,na,"[0,",0,0,1,431.9,+12.1dB,26.9us,"[0,",1,828.9,normal,0,valid,-14.6dB,-14.9dB,na,na,,,,
2025-07-30 13:41:24.390114,PHY,0x4601,2,,na,"[0,",,,11111,,+30.7dB,16.4us,"[0,",1,828.17,normal,0,valid,-11.9dB,-12.0dB,0.34us,+10.7Hz,,"[6,",,1
2025-07-30 13:41:24.390979,PHY,0x4601,1,0,na,"[0,",0,0,1,428.8,+12.1dB,16.1us,"[0,",1,828.18,normal,0,valid,-14.6dB,-14.9dB,na,na,,,,
2025-07-30 13:41:24.391544,PHY,0x4601,1,0,na,"[0,",0,0,1,437.9,+12.1dB,14.8us,"[0,",1,828.19,normal,0,valid,-14.6dB,-14.9dB,na,na,,,,
2025-07-30 13:41:24.396017,PHY,0x4601,1,0,na,"[0,",0,0,1,435.2,+12.1dB,16.7us,"[0,",1,829.8,normal,0,valid,-14.6dB,-14.9dB,na,na,,,,
2025-07-30 13:41:24.396502,PHY,0x4601,1,0,na,"[0,",0,0,1,436.0,+12.2dB,14.5us,"[0,",1,829.9,normal,0,valid,-14.7dB,-14.9dB,na,na,,,,
2025-07-30 13:41:24.400053,PHY,0x4601,2,,na,"[0,",,,11111,,+30.1dB,14.2us,"[0,",1,829.17,normal,0,valid,-11.9dB,-12.0dB,0.35us,-42.9Hz,,"[6,",,1
2025-07-30 13:41:24.400985,PHY,0x4601,1,0,na,"[0,",0,0,1,441.7,+12.2dB,19.8us,"[0,",1,829.18,normal,0,valid,-14.6dB,-14.9dB,na,na,,,,
2025-07-30 13:41:24.401486,PHY,0x4601,1,0,na,"[0,",0,0,1,445.7,+12.2dB,14.7us,"[0,",1,829.19,normal,0,valid,-14.6dB,-14.9dB,na,na,,,,
2025-07-30 13:41:24.405579,CSI,0x4601,2,,na,"[0,",,,1,,+28.0dB,12.5us,"[0,",1,830.8,normal,0,valid,-11.7dB,-11.8dB,0.37us,+23.7Hz,,"[6,",1111,1
2025-07-30 13:41:24.406522,PHY,0x4601,1,0,na,"[0,",0,0,1,364.3,+11.3dB,17.8us,"[0,",1,830.9,normal,0,valid,-14.7dB,-15.0dB,na,na,,,,
2025-07-30 13:41:24.410090,PHY,0x4601,2,,na,"[0,",,,11111,,+30.0dB,15.6us,"[0,",1,830.17,normal,0,valid,-11.8dB,-11.9dB,0.35us,+22.6Hz,,"[6,",,1
2025-07-30 13:41:24.411010,PHY,0x4601,1,0,na,"[0,",0,0,1,432.7,+12.1dB,16.0us,"[0,",1,830.18,normal,0,valid,-14.7dB,-14.9dB,na,na,,,,
2025-07-30 13:41:24.411484,PHY,0x4601,1,0,na,"[0,",0,0,1,427.1,+12.0dB,13.9us,"[0,",1,830.19,normal,0,valid,-14.6dB,-14.9dB,na,na,,,,
2025-07-30 13:41:24.415966,PHY,0x4601,1,0,na,"[0,",0,0,1,438.5,+12.1dB,16.5us,"[0,",1,831.8,normal,0,valid,-14.6dB,-14.9dB,na,na,,,,
2025-07-30 13:41:24.416484,PHY,0x4601,1,0,na,"[0,",0,0,1,438.5,+12.1dB,23.8us,"[0,",1,831.9,normal,0,valid,-14.6dB,-14.9dB,na,na,,,,
2025-07-30 13:41:24.420108,PHY,0x4601,2,,na,"[0,",,,11111,,+30.2dB,15.2us,"[0,",1,831.17,normal,0,valid,-11.8dB,-11.9dB,0.36us,+81.3Hz,,"[6,",,1
2025-07-30 13:41:24.421062,PHY,0x4601,1,0,na,"[0,",0,0,1,373.1,+11.4dB,21.9us,"[0,",1,831.18,normal,0,valid,-14.6dB,-14.9dB,na,na,,,,
2025-07-30 13:41:24.421521,PHY,0x4601,1,0,na,"[0,",0,0,1,383.7,+11.6dB,15.4us,"[0,",1,831.19,normal,0,valid,-14.6dB,-14.9dB,na,na,,,,
2025-07-30 13:41:24.425621,CSI,0x4601,2,,na,"[0,",,,1,,+31.6dB,11.6us,"[0,",1,832.8,normal,0,valid,-11.8dB,-11.9dB,0.38us,+65.2Hz,,"[6,",1111,1
2025-07-30 13:41:24.426489,PHY,0x4601,1,0,na,"[0,",0,0,1,436.0,+12.2dB,28.4us,"[0,",1,832.9,normal,0,valid,-14.6dB,-14.9dB,na,na,,,,
2025-07-30 13:41:24.430062,PHY,0x4601,2,,na,"[0,",,,11111,,+31.7dB,29.9us,"[0,",1,832.17,normal,0,valid,-11.8dB,-11.9dB,0.35us,+66.9Hz,,"[6,",,1
2025-07-30 13:41:24.430977,PHY,0x4601,1,0,na,"[0,",0,0,1,449.2,+12.3dB,27.2us,"[0,",1,832.18,normal,0,valid,-14.7dB,-14.9dB,na,na,,,,
2025-07-30 13:41:24.431494,PHY,0x4601,1,0,na,"[0,",0,0,1,447.0,+12.2dB,18.3us,"[0,",1,832.19,normal,0,valid,-14.6dB,-14.9dB,na,na,,,,
2025-07-30 13:41:24.436051,PHY,0x4601,1,0,na,"[0,",0,0,1,459.7,+12.4dB,16.3us,"[0,",1,833.8,normal,0,valid,-14.6dB,-14.8dB,na,na,,,,
2025-07-30 13:41:24.436532,PHY,0x4601,1,0,na,"[0,",0,0,1,431.2,+12.1dB,15.9us,"[0,",1,833.9,normal,0,valid,-14.6dB,-14.9dB,na,na,,,,
2025-07-30 13:41:24.440064,PHY,0x4601,2,,na,"[0,",,,11111,,+33.2dB,17.3us,"[0,",1,833.17,normal,0,valid,-11.8dB,-11.9dB,0.34us,+110.7Hz,,"[6,",,1
2025-07-30 13:41:24.441010,PHY,0x4601,1,0,na,"[0,",0,0,1,349.1,+11.2dB,20.6us,"[0,",1,833.18,normal,0,valid,-14.6dB,-14.9dB,na,na,,,,
2025-07-30 13:41:24.441469,PHY,0x4601,1,0,na,"[0,",0,0,1,372.0,+11.4dB,13.9us,"[0,",1,833.19,normal,0,valid,-14.7dB,-15.0dB,na,na,,,,
2025-07-30 13:41:24.445605,CSI,0x4601,2,,na,"[0,",,,1,,+27.2dB,13.1us,"[0,",1,834.8,normal,0,valid,-11.8dB,-12.0dB,0.37us,-105.5Hz,,"[6,",1111,1
2025-07-30 13:41:24.446557,PHY,0x4601,1,0,na,"[0,",0,0,1,438.5,+12.1dB,18.7us,"[0,",1,834.9,normal,0,valid,-14.7dB,-14.9dB,na,na,,,,
2025-07-30 13:41:24.450098,PHY,0x4601,2,,na,"[0,",,,11111,,+30.9dB,13.6us,"[0,",1,834.17,normal,0,valid,-11.9dB,-12.0dB,0.35us,+49.4Hz,,"[6,",,1
2025-07-30 13:41:24.451042,PHY,0x4601,1,0,na,"[0,",0,0,1,439.2,+12.2dB,15.5us,"[0,",1,834.18,normal,0,valid,-14.6dB,-14.9dB,na,na,,,,
2025-07-30 13:41:24.451507,PHY,0x4601,1,0,na,"[0,",0,0,1,424.9,+12.0dB,16.2us,"[0,",1,834.19,normal,0,valid,-14.6dB,-14.9dB,na,na,,,,
2025-07-30 13:41:24.455998,PHY,0x4601,1,0,na,"[0,",0,0,1,432.1,+12.1dB,18.3us,"[0,",1,835.8,normal,0,valid,-14.6dB,-14.9dB,na,na,,,,
2025-07-30 13:41:24.456464,PHY,0x4601,1,0,na,"[0,",0,0,1,434.0,+12.1dB,15.1us,"[0,",1,835.9,normal,0,valid,-14.6dB,-14.9dB,na,na,,,,
2025-07-30 13:41:24.460124,PHY,0x4601,2,,na,"[0,",,,11111,,+31.1dB,18.7us,"[0,",1,835.17,normal,0,valid,-11.9dB,-12.0dB,0.37us,+27.6Hz,,"[6,",,1
2025-07-30 13:41:24.460947,PHY,0x4601,1,0,na,"[0,",0,0,1,377.0,+11.5dB,16.9us,"[0,",1,835.18,normal,0,valid,-14.6dB,-14.9dB,na,na,,,,
2025-07-30 13:41:24.461562,PHY,0x4601,1,0,na,"[0,",0,0,1,383.4,+11.6dB,16.1us,"[0,",1,835.19,normal,0,valid,-14.6dB,-14.9dB,na,na,,,,
2025-07-30 13:41:24.465560,CSI,0x4601,2,,na,"[0,",,,1,,+34.6dB,16.7us,"[0,",1,836.8,normal,0,valid,-11.8dB,-11.9dB,0.36us,+14.4Hz,,"[6,",1111,1
2025-07-30 13:41:24.466508,PHY,0x4601,1,0,na,"[0,",0,0,1,438.8,+12.2dB,19.6us,"[0,",1,836.9,normal,0,valid,-14.7dB,-14.9dB,na,na,,,,
2025-07-30 13:41:24.470041,PHY,0x4601,2,,na,"[0,",,,11111,,+29.5dB,16.9us,"[0,",1,836.17,normal,0,valid,-11.8dB,-12.0dB,0.37us,+40.8Hz,,"[6,",,1
2025-07-30 13:41:24.470982,PHY,0x4601,1,0,na,"[0,",0,0,1,377.1,+11.5dB,18.8us,"[0,",1,836.18,normal,0,valid,-14.7dB,-14.9dB,na,na,,,,
2025-07-30 13:41:24.471455,PHY,0x4601,1,0,na,"[0,",0,0,1,366.8,+11.4dB,16.7us,"[0,",1,836.19,normal,0,valid,-14.6dB,-14.9dB,na,na,,,,
2025-07-30 13:41:24.475950,PHY,0x4601,1,0,na,"[0,",0,0,1,456.9,+12.3dB,17.9us,"[0,",1,837.8,normal,0,valid,-14.6dB,-14.9dB,na,na,,,,
2025-07-30 13:41:24.476574,PHY,0x4601,1,0,na,"[0,",0,0,1,432.3,+12.1dB,27.2us,"[0,",1,837.9,normal,0,valid,-14.6dB,-14.8dB,na,na,,,,
2025-07-30 13:41:24.480083,PHY,0x4601,2,,na,"[0,",,,11111,,+29.9dB,18.8us,"[0,",1,837.17,normal,0,valid,-11.8dB,-11.9dB,0.35us,+34.2Hz,,"[6,",,1
2025-07-30 13:41:24.481038,PHY,0x4601,1,0,na,"[0,",0,0,1,370.2,+11.4dB,19.3us,"[0,",1,837.18,normal,0,valid,-14.6dB,-14.9dB,na,na,,,,
2025-07-30 13:41:24.481494,PHY,0x4601,1,0,na,"[0,",0,0,1,361.8,+11.3dB,15.5us,"[0,",1,837.19,normal,0,valid,-14.6dB,-14.9dB,na,na,,,,
2025-07-30 13:41:24.485630,CSI,0x4601,2,,na,"[0,",,,1,,+29.5dB,16.4us,"[0,",1,838.8,normal,0,valid,-11.8dB,-11.9dB,0.37us,-11.1Hz,,"[6,",1111,1
2025-07-30 13:41:24.486449,PHY,0x4601,1,0,na,"[0,",0,0,1,377.5,+11.5dB,15.9us,"[0,",1,838.9,normal,0,valid,-14.6dB,-14.9dB,na,na,,,,
2025-07-30 13:41:24.490117,PHY,0x4601,2,,na,"[0,",,,11111,,+29.5dB,17.4us,"[0,",1,838.17,normal,0,valid,-11.8dB,-12.0dB,0.37us,+22.9Hz,,"[6,",,1
2025-07-30 13:41:24.490934,PHY,0x4601,1,0,na,"[0,",0,0,1,447.5,+12.2dB,16.3us,"[0,",1,838.18,normal,0,valid,-14.6dB,-14.9dB,na,na,,,,
2025-07-30 13:41:24.491546,PHY,0x4601,1,0,na,"[0,",0,0,1,448.5,+12.3dB,15.4us,"[0,",1,838.19,normal,0,valid,-14.6dB,-14.9dB,na,na,,,,
2025-07-30 13:41:24.496040,PHY,0x4601,1,0,na,"[0,",0,0,1,461.6,+12.4dB,19.7us,"[0,",1,839.8,normal,0,valid,-14.6dB,-14.9dB,na,na,,,,
2025-07-30 13:41:24.496501,PHY,0x4601,1,0,na,"[0,",0,0,1,440.9,+12.2dB,19.0us,"[0,",1,839.9,normal,0,valid,-14.6dB,-14.9dB,na,na,,,,
2025-07-30 13:41:24.500028,PHY,0x4601,2,,na,"[0,",,,11111,,+30.1dB,17.3us,"[0,",1,839.17,normal,0,valid,-11.8dB,-11.9dB,0.37us,+93.0Hz,,"[6,",,1
2025-07-30 13:41:24.500981,PHY,0x4601,1,0,na,"[0,",0,0,1,373.0,+11.5dB,17.1us,"[0,",1,839.18,normal,0,valid,-14.6dB,-14.9dB,na,na,,,,
2025-07-30 13:41:24.501448,PHY,0x4601,1,0,na,"[0,",0,0,1,358.8,+11.3dB,14.8us,"[0,",1,839.19,normal,0,valid,-14.6dB,-14.9dB,na,na,,,,
2025-07-30 13:41:24.505609,CSI,0x4601,2,,na,"[0,",,,1,,+29.9dB,13.4us,"[0,",1,840.8,normal,0,valid,-11.7dB,-11.8dB,0.36us,-140.9Hz,,"[6,",1111,1
2025-07-30 13:41:24.506537,PHY,0x4601,1,0,na,"[0,",0,0,1,361.9,+11.3dB,15.8us,"[0,",1,840.9,normal,0,valid,-14.7dB,-15.0dB,na,na,,,,
2025-07-30 13:41:24.510081,PHY,0x4601,2,,na,"[0,",,,11111,,+29.6dB,14.2us,"[0,",1,840.17,normal,0,valid,-11.8dB,-11.9dB,0.36us,+46.4Hz,,"[6,",,1
2025-07-30 13:41:24.511026,PHY,0x4601,1,0,na,"[0,",0,0,1,366.9,+11.4dB,16.6us,"[0,",1,840.18,normal,0,valid,-14.6dB,-15.0dB,na,na,,,,
2025-07-30 13:41:24.511482,PHY,0x4601,1,0,na,"[0,",0,0,1,370.1,+11.4dB,13.6us,"[0,",1,840.19,normal,0,valid,-14.6dB,-14.9dB,na,na,,,,
2025-07-30 13:41:24.515976,PHY,0x4601,1,0,na,"[0,",0,0,1,441.8,+12.2dB,17.9us,"[0,",1,841.8,normal,0,valid,-14.6dB,-14.9dB,na,na,,,,
2025-07-30 13:41:24.516438,PHY,0x4601,1,0,na,"[0,",0,0,1,451.1,+12.3dB,14.8us,"[0,",1,841.9,normal,0,valid,-14.6dB,-14.9dB,na,na,,,,
2025-07-30 13:41:24.520110,PHY,0x4601,2,,na,"[0,",,,11111,,+32.2dB,16.0us,"[0,",1,841.17,normal,0,valid,-11.9dB,-12.0dB,0.37us,+5.2Hz,,"[6,",,1
2025-07-30 13:41:24.521032,PHY,0x4601,1,0,na,"[0,",0,0,1,363.4,+11.3dB,16.1us,"[0,",1,841.18,normal,0,valid,-14.6dB,-14.9dB,na,na,,,,
2025-07-30 13:41:24.521530,PHY,0x4601,1,0,na,"[0,",0,0,1,370.6,+11.4dB,14.0us,"[0,",1,841.19,normal,0,valid,-14.6dB,-14.9dB,na,na,,,,
2025-07-30 13:41:24.525622,CSI,0x4601,2,,na,"[0,",,,1,,+31.7dB,12.6us,"[0,",1,842.8,normal,0,valid,-11.8dB,-11.9dB,0.36us,+49.8Hz,,"[6,",1111,1
2025-07-30 13:41:24.526476,PHY,0x4601,1,0,na,"[0,",0,0,1,360.3,+11.3dB,15.9us,"[0,",1,842.9,normal,0,valid,-14.7dB,-15.0dB,na,na,,,,
2025-07-30 13:41:24.530009,PHY,0x4601,2,,na,"[0,",,,11111,,+28.4dB,13.7us,"[0,",1,842.17,normal,0,valid,-11.8dB,-11.9dB,0.36us,-184.0Hz,,"[6,",,1
2025-07-30 13:41:24.530955,PHY,0x4601,1,0,na,"[0,",0,0,1,373.5,+11.5dB,15.9us,"[0,",1,842.18,normal,0,valid,-14.7dB,-14.9dB,na,na,,,,
2025-07-30 13:41:24.531539,PHY,0x4601,1,0,na,"[0,",0,0,1,366.9,+11.4dB,14.0us,"[0,",1,842.19,normal,0,valid,-14.6dB,-14.9dB,na,na,,,,
2025-07-30 13:41:24.536024,PHY,0x4601,1,0,na,"[0,",0,0,1,433.1,+12.1dB,15.8us,"[0,",1,843.8,normal,0,valid,-14.6dB,-14.9dB,na,na,,,,
2025-07-30 13:41:24.536532,PHY,0x4601,1,0,na,"[0,",0,0,1,431.7,+12.1dB,14.1us,"[0,",1,843.9,normal,0,valid,-14.6dB,-14.9dB,na,na,,,,
2025-07-30 13:41:24.540046,PHY,0x4601,2,,na,"[0,",,,11111,,+30.0dB,14.3us,"[0,",1,843.17,normal,0,valid,-11.9dB,-12.1dB,0.37us,-65.7Hz,,"[6,",,1
2025-07-30 13:41:24.541025,PHY,0x4601,1,0,na,"[0,",0,0,1,448.0,+12.2dB,24.5us,"[0,",1,843.18,normal,0,valid,-14.6dB,-14.9dB,na,na,,,,
2025-07-30 13:41:24.541470,PHY,0x4601,1,0,na,"[0,",0,0,1,452.1,+12.3dB,14.1us,"[0,",1,843.19,normal,0,valid,-14.6dB,-14.8dB,na,na,,,,
2025-07-30 13:41:24.545621,CSI,0x4601,2,,na,"[0,",,,1,,+30.7dB,13.8us,"[0,",1,844.8,normal,0,valid,-11.8dB,-12.0dB,0.38us,-99.5Hz,,"[6,",1111,1
2025-07-30 13:41:24.546540,PHY,0x4601,1,0,na,"[0,",0,0,1,369.0,+11.4dB,17.4us,"[0,",1,844.9,normal,0,valid,-14.6dB,-14.9dB,na,na,,,,
2025-07-30 13:41:24.550118,PHY,0x4601,2,,na,"[0,",,,11111,,+32.6dB,15.1us,"[0,",1,844.17,normal,0,valid,-11.7dB,-11.8dB,0.35us,-13.0Hz,,"[6,",,1
2025-07-30 13:41:24.551016,PHY,0x4601,1,0,na,"[0,",0,0,1,431.2,+12.1dB,15.9us,"[0,",1,844.18,normal,0,valid,-14.7dB,-14.9dB,na,na,,,,
2025-07-30 13:41:24.551524,PHY,0x4601,1,0,na,"[0,",0,0,1,454.6,+12.3dB,15.1us,"[0,",1,844.19,normal,0,valid,-14.6dB,-14.8dB,na,na,,,,
2025-07-30 13:41:24.556013,PHY,0x4601,1,0,na,"[0,",0,0,1,441.7,+12.2dB,17.4us,"[0,",1,845.8,normal,0,valid,-14.6dB,-14.8dB,na,na,,,,
2025-07-30 13:41:24.556451,PHY,0x4601,1,0,na,"[0,",0,0,1,454.5,+12.3dB,14.4us,"[0,",1,845.9,normal,0,valid,-14.6dB,-14.9dB,na,na,,,,
2025-07-30 13:41:24.560112,PHY,0x4601,2,,na,"[0,",,,11111,,+30.0dB,16.6us,"[0,",1,845.17,normal,0,valid,-11.9dB,-12.0dB,0.36us,+50.0Hz,,"[6,",,1
2025-07-30 13:41:24.560941,PHY,0x4601,1,0,na,"[0,",0,0,1,373.4,+11.5dB,15.7us,"[0,",1,845.18,normal,0,valid,-14.7dB,-15.0dB,na,na,,,,
2025-07-30 13:41:24.561528,PHY,0x4601,1,0,na,"[0,",0,0,1,365.4,+11.4dB,16.4us,"[0,",1,845.19,normal,0,valid,-14.6dB,-14.9dB,na,na,,,,
2025-07-30 13:41:24.565659,CSI,0x4601,2,,na,"[0,",,,1,,+30.2dB,16.3us,"[0,",1,846.8,normal,0,valid,-11.8dB,-11.9dB,0.36us,+3.2Hz,,"[6,",1111,1
2025-07-30 13:41:24.566570,PHY,0x4601,1,0,na,"[0,",0,0,1,444.6,+12.2dB,18.7us,"[0,",1,846.9,normal,0,valid,-14.6dB,-14.9dB,na,na,,,,
2025-07-30 13:41:24.570053,PHY,0x4601,2,,na,"[0,",,,11111,,+28.9dB,20.7us,"[0,",1,846.17,normal,0,valid,-11.9dB,-12.1dB,0.38us,-48.8Hz,,"[6,",,1
2025-07-30 13:41:24.571008,PHY,0x4601,1,0,na,"[0,",0,0,1,360.1,+11.3dB,19.0us,"[0,",1,846.18,normal,0,valid,-14.6dB,-14.9dB,na,na,,,,
2025-07-30 13:41:24.571449,PHY,0x4601,1,0,na,"[0,",0,0,1,356.1,+11.3dB,16.6us,"[0,",1,846.19,normal,0,valid,-14.7dB,-15.0dB,na,na,,,,
2025-07-30 13:41:24.575943,PHY,0x4601,1,0,na,"[0,",0,0,1,446.5,+12.2dB,17.8us,"[0,",1,847.8,normal,0,valid,-14.6dB,-14.9dB,na,na,,,,
2025-07-30 13:41:24.576537,PHY,0x4601,1,0,na,"[0,",0,0,1,435.4,+12.1dB,23.6us,"[0,",1,847.9,normal,0,valid,-14.6dB,-14.9dB,na,na,,,,
2025-07-30 13:41:24.580083,PHY,0x4601,2,,na,"[0,",,,11111,,+33.2dB,17.5us,"[0,",1,847.17,normal,0,valid,-11.8dB,-11.9dB,0.35us,+144.5Hz,,"[6,",,1
2025-07-30 13:41:24.581008,PHY,0x4601,1,0,na,"[0,",0,0,1,372.4,+11.5dB,19.1us,"[0,",1,847.18,normal,0,valid,-14.6dB,-14.9dB,na,na,,,,
2025-07-30 13:41:24.581509,PHY,0x4601,1,0,na,"[0,",0,0,1,362.2,+11.3dB,15.5us,"[0,",1,847.19,normal,0,valid,-14.6dB,-14.9dB,na,na,,,,
2025-07-30 13:41:24.585630,CSI,0x4601,2,,na,"[0,",,,1,,+32.6dB,20.3us,"[0,",1,848.8,normal,0,valid,-11.7dB,-11.8dB,0.35us,-54.7Hz,,"[6,",1111,1
2025-07-30 13:41:24.586456,PHY,0x4601,1,0,na,"[0,",0,0,1,432.0,+12.1dB,17.0us,"[0,",1,848.9,normal,0,valid,-14.6dB,-14.9dB,na,na,,,,
2025-07-30 13:41:24.590103,PHY,0x4601,2,,na,"[0,",,,11111,,+28.6dB,18.4us,"[0,",1,848.17,normal,0,valid,-11.9dB,-12.0dB,0.35us,+65.5Hz,,"[6,",,1
2025-07-30 13:41:24.591043,PHY,0x4601,1,0,na,"[0,",0,0,1,447.6,+12.2dB,18.5us,"[0,",1,848.18,normal,0,valid,-14.6dB,-14.9dB,na,na,,,,
2025-07-30 13:41:24.591519,PHY,0x4601,1,0,na,"[0,",0,0,1,434.6,+12.1dB,19.4us,"[0,",1,848.19,normal,0,valid,-14.6dB,-14.9dB,na,na,,,,
2025-07-30 13:41:24.596004,PHY,0x4601,1,0,na,"[0,",0,0,1,438.6,+12.2dB,19.0us,"[0,",1,849.8,normal,0,valid,-14.7dB,-14.9dB,na,na,,,,
2025-07-30 13:41:24.596527,PHY,0x4601,1,0,na,"[0,",0,0,1,442.7,+12.2dB,18.5us,"[0,",1,849.9,normal,0,valid,-14.7dB,-14.9dB,na,na,,,,
2025-07-30 13:41:24.600021,PHY,0x4601,2,,na,"[0,",,,11111,,+28.3dB,17.1us,"[0,",1,849.17,normal,0,valid,-11.9dB,-12.0dB,0.37us,+42.7Hz,,"[6,",,1
2025-07-30 13:41:24.600998,PHY,0x4601,1,0,na,"[0,",0,0,1,353.1,+11.2dB,18.3us,"[0,",1,849.18,normal,0,valid,-14.6dB,-14.9dB,na,na,,,,
2025-07-30 13:41:24.601447,PHY,0x4601,1,0,na,"[0,",0,0,1,365.2,+11.4dB,17.8us,"[0,",1,849.19,normal,0,valid,-14.6dB,-14.9dB,na,na,,,,
2025-07-30 13:41:24.605593,CSI,0x4601,2,,na,"[0,",,,1,,+32.4dB,16.7us,"[0,",1,850.8,normal,0,valid,-11.8dB,-11.9dB,0.37us,-83.2Hz,,"[6,",1111,1
2025-07-30 13:41:24.606517,PHY,0x4601,1,0,na,"[0,",0,0,1,434.4,+12.1dB,26.2us,"[0,",1,850.9,normal,0,valid,-14.7dB,-14.9dB,na,na,,,,
2025-07-30 13:41:24.610073,PHY,0x4601,2,,na,"[0,",,,11111,,+28.9dB,15.8us,"[0,",1,850.17,normal,0,valid,-11.9dB,-12.1dB,0.37us,+49.8Hz,,"[6,",,1
2025-07-30 13:41:24.611000,PHY,0x4601,1,0,na,"[0,",0,0,1,362.1,+11.3dB,19.5us,"[0,",1,850.18,normal,0,valid,-14.7dB,-15.0dB,na,na,,,,
2025-07-30 13:41:24.611505,PHY,0x4601,1,0,na,"[0,",0,0,1,363.0,+11.3dB,17.6us,"[0,",1,850.19,normal,0,valid,-14.6dB,-15.0dB,na,na,,,,
2025-07-30 13:41:24.615987,PHY,0x4601,1,0,na,"[0,",0,0,1,442.6,+12.2dB,16.9us,"[0,",1,851.8,normal,0,valid,-14.7dB,-14.9dB,na,na,,,,
2025-07-30 13:41:24.616556,PHY,0x4601,1,0,na,"[0,",0,0,1,444.0,+12.2dB,23.7us,"[0,",1,851.9,normal,0,valid,-14.7dB,-14.9dB,na,na,,,,
2025-07-30 13:41:24.620091,PHY,0x4601,2,,na,"[0,",,,11111,,+29.5dB,15.7us,"[0,",1,851.17,normal,0,valid,-11.8dB,-12.0dB,0.36us,-6.2Hz,,"[6,",,1
2025-07-30 13:41:24.621029,PHY,0x4601,1,0,na,"[0,",0,0,1,427.3,+12.1dB,17.3us,"[0,",1,851.18,normal,0,valid,-14.6dB,-14.9dB,na,na,,,,
2025-07-30 13:41:24.621505,PHY,0x4601,1,0,na,"[0,",0,0,1,459.5,+12.3dB,16.2us,"[0,",1,851.19,normal,0,valid,-14.6dB,-14.9dB,na,na,,,,
2025-07-30 13:41:24.625603,CSI,0x4601,2,,na,"[0,",,,1,,+30.9dB,15.9us,"[0,",1,852.8,normal,0,valid,-11.8dB,-12.0dB,0.38us,+13.6Hz,,"[6,",1111,1
2025-07-30 13:41:24.626505,PHY,0x4601,1,0,na,"[0,",0,0,1,419.1,+12.0dB,18.3us,"[0,",1,852.9,normal,0,valid,-14.6dB,-14.9dB,na,na,,,,
2025-07-30 13:41:24.630126,PHY,0x4601,2,,na,"[0,",,,11111,,+30.1dB,14.1us,"[0,",1,852.17,normal,0,valid,-11.8dB,-11.9dB,0.35us,-27.0Hz,,"[6,",,1
2025-07-30 13:41:24.630989,PHY,0x4601,1,0,na,"[0,",0,0,1,372.0,+11.4dB,18.0us,"[0,",1,852.18,normal,0,valid,-14.6dB,-15.0dB,na,na,,,,
2025-07-30 13:41:24.631541,PHY,0x4601,1,0,na,"[0,",0,0,1,359.4,+11.3dB,17.6us,"[0,",1,852.19,normal,0,valid,-14.6dB,-15.0dB,na,na,,,,
2025-07-30 13:41:24.636026,PHY,0x4601,1,0,na,"[0,",0,0,1,434.9,+12.1dB,16.8us,"[0,",1,853.8,normal,0,valid,-14.7dB,-14.9dB,na,na,,,,
2025-07-30 13:41:24.636512,PHY,0x4601,1,0,na,"[0,",0,0,1,437.4,+12.1dB,21.7us,"[0,",1,853.9,normal,0,valid,-14.6dB,-14.9dB,na,na,,,,
2025-07-30 13:41:24.640065,PHY,0x4601,2,,na,"[0,",,,11111,,+32.6dB,17.7us,"[0,",1,853.17,normal,0,valid,-11.8dB,-11.9dB,0.36us,+18.7Hz,,"[6,",,1
2025-07-30 13:41:24.640983,PHY,0x4601,1,0,na,"[0,",0,0,1,436.3,+12.1dB,16.1us,"[0,",1,853.18,normal,0,valid,-14.7dB,-14.9dB,na,na,,,,
2025-07-30 13:41:24.641492,PHY,0x4601,1,0,na,"[0,",0,0,1,419.3,+12.0dB,17.1us,"[0,",1,853.19,normal,0,valid,-14.6dB,-14.9dB,na,na,,,,
2025-07-30 13:41:24.645594,CSI,0x4601,2,,na,"[0,",,,1,,+32.2dB,14.8us,"[0,",1,854.8,normal,0,valid,-11.7dB,-11.9dB,0.39us,-27.0Hz,,"[6,",1111,1
2025-07-30 13:41:24.646541,PHY,0x4601,1,0,na,"[0,",0,0,1,442.4,+12.2dB,24.2us,"[0,",1,854.9,normal,0,valid,-14.7dB,-15.0dB,na,na,,,,
2025-07-30 13:41:24.650090,PHY,0x4601,2,,na,"[0,",,,11111,,+27.8dB,17.1us,"[0,",1,854.17,normal,0,valid,-11.8dB,-11.9dB,0.35us,-96.7Hz,,"[6,",,1
2025-07-30 13:41:24.651020,PHY,0x4601,1,0,na,"[0,",0,0,1,436.8,+12.1dB,22.6us,"[0,",1,854.18,normal,0,valid,-14.7dB,-14.9dB,na,na,,,,
2025-07-30 13:41:24.651485,PHY,0x4601,1,0,na,"[0,",0,0,1,420.1,+12.0dB,15.1us,"[0,",1,854.19,normal,0,valid,-14.7dB,-14.9dB,na,na,,,,
2025-07-30 13:41:24.655977,PHY,0x4601,1,0,na,"[0,",0,0,1,434.8,+12.1dB,16.8us,"[0,",1,855.8,normal,0,valid,-14.6dB,-14.9dB,na,na,,,,
2025-07-30 13:41:24.656501,PHY,0x4601,1,0,na,"[0,",0,0,1,439.3,+12.2dB,18.3us,"[0,",1,855.9,normal,0,valid,-14.6dB,-14.9dB,na,na,,,,
2025-07-30 13:41:24.660128,PHY,0x4601,2,,na,"[0,",,,11111,,+28.6dB,17.9us,"[0,",1,855.17,normal,0,valid,-11.9dB,-12.0dB,0.33us,+6.4Hz,,"[6,",,1
2025-07-30 13:41:24.660977,PHY,0x4601,1,0,na,"[0,",0,0,1,379.3,+11.5dB,17.6us,"[0,",1,855.18,normal,0,valid,-14.6dB,-15.0dB,na,na,,,,
2025-07-30 13:41:24.661517,PHY,0x4601,1,0,na,"[0,",0,0,1,369.3,+11.4dB,13.5us,"[0,",1,855.19,normal,0,valid,-14.6dB,-14.9dB,na,na,,,,
2025-07-30 13:41:24.665647,CSI,0x4601,2,,na,"[0,",,,1,,+32.5dB,25.5us,"[0,",1,856.8,normal,0,valid,-11.9dB,-12.0dB,0.36us,-138.6Hz,,"[6,",1111,1
2025-07-30 13:41:24.666499,PHY,0x4601,1,0,na,"[0,",0,0,1,372.4,+11.4dB,20.5us,"[0,",1,856.9,normal,0,valid,-14.7dB,-15.0dB,na,na,,,,
2025-07-30 13:41:24.670048,PHY,0x4601,2,,na,"[0,",,,11111,,+30.4dB,15.4us,"[0,",1,856.17,normal,0,valid,-11.9dB,-12.0dB,0.37us,-41.1Hz,,"[6,",,1
2025-07-30 13:41:24.670967,PHY,0x4601,1,0,na,"[0,",0,0,1,376.6,+11.5dB,16.2us,"[0,",1,856.18,normal,0,valid,-14.6dB,-14.9dB,na,na,,,,
2025-07-30 13:41:24.671480,PHY,0x4601,1,0,na,"[0,",0,0,1,364.0,+11.4dB,14.9us,"[0,",1,856.19,normal,0,valid,-14.6dB,-14.9dB,na,na,,,,
2025-07-30 13:41:24.676069,PHY,0x4601,1,0,na,"[0,",0,0,1,431.2,+12.1dB,16.5us,"[0,",1,857.8,normal,0,valid,-14.6dB,-14.9dB,na,na,,,,
2025-07-30 13:41:24.676531,PHY,0x4601,1,0,na,"[0,",0,0,1,457.6,+12.3dB,15.0us,"[0,",1,857.9,normal,0,valid,-14.6dB,-14.9dB,na,na,,,,
2025-07-30 13:41:24.680087,PHY,0x4601,2,,na,"[0,",,,11111,,+28.9dB,18.3us,"[0,",1,857.17,normal,0,valid,-11.9dB,-12.0dB,0.35us,+45.0Hz,,"[6,",,1
2025-07-30 13:41:24.681006,PHY,0x4601,1,0,na,"[0,",0,0,1,448.8,+12.3dB,18.6us,"[0,",1,857.18,normal,0,valid,-14.7dB,-14.9dB,na,na,,,,
2025-07-30 13:41:24.681482,PHY,0x4601,1,0,na,"[0,",0,0,1,447.0,+12.2dB,17.4us,"[0,",1,857.19,normal,0,valid,-14.6dB,-14.9dB,na,na,,,,
2025-07-30 13:41:24.685609,CSI,0x4601,2,,na,"[0,",,,1,,+29.4dB,16.3us,"[0,",1,858.8,normal,0,valid,-11.9dB,-12.0dB,0.37us,-52.8Hz,,"[6,",1111,1
2025-07-30 13:41:24.686489,PHY,0x4601,1,0,na,"[0,",0,0,1,421.4,+12.0dB,20.3us,"[0,",1,858.9,normal,0,valid,-14.7dB,-14.9dB,na,na,,,,
2025-07-30 13:41:24.690109,PHY,0x4601,2,,na,"[0,",,,11111,,+33.4dB,18.0us,"[0,",1,858.17,normal,0,valid,-11.8dB,-11.9dB,0.35us,-21.7Hz,,"[6,",,1
2025-07-30 13:41:24.691050,PHY,0x4601,1,0,na,"[0,",0,0,1,378.3,+11.5dB,15.9us,"[0,",1,858.18,normal,0,valid,-14.6dB,-14.9dB,na,na,,,,
2025-07-30 13:41:24.691509,PHY,0x4601,1,0,na,"[0,",0,0,1,361.2,+11.3dB,14.9us,"[0,",1,858.19,normal,0,valid,-14.6dB,-14.9dB,na,na,,,,
2025-07-30 13:41:24.696017,PHY,0x4601,1,0,na,"[0,",0,0,1,428.6,+12.0dB,17.1us,"[0,",1,859.8,normal,0,valid,-14.6dB,-14.9dB,na,na,,,,
2025-07-30 13:41:24.696468,PHY,0x4601,1,0,na,"[0,",0,0,1,433.1,+12.1dB,17.2us,"[0,",1,859.9,normal,0,valid,-14.6dB,-14.9dB,na,na,,,,
2025-07-30 13:41:24.700035,PHY,0x4601,2,,na,"[0,",,,11111,,+31.7dB,14.3us,"[0,",1,859.17,normal,0,valid,-11.9dB,-12.0dB,0.36us,+85.4Hz,,"[6,",,1
2025-07-30 13:41:24.700952,PHY,0x4601,1,0,na,"[0,",0,0,1,432.0,+12.1dB,15.6us,"[0,",1,859.18,normal,0,valid,-14.6dB,-14.9dB,na,na,,,,
2025-07-30 13:41:24.701556,PHY,0x4601,1,0,na,"[0,",0,0,1,447.9,+12.3dB,14.4us,"[0,",1,859.19,normal,0,valid,-14.6dB,-14.9dB,na,na,,,,
2025-07-30 13:41:24.705565,CSI,0x4601,2,,na,"[0,",,,1,,+30.9dB,13.9us,"[0,",1,860.8,normal,0,valid,-11.9dB,-12.0dB,0.37us,-43.1Hz,,"[6,",1111,1
2025-07-30 13:41:24.706506,PHY,0x4601,1,0,na,"[0,",0,0,1,363.7,+11.3dB,17.4us,"[0,",1,860.9,normal,0,valid,-14.7dB,-15.0dB,na,na,,,,
2025-07-30 13:41:24.710047,PHY,0x4601,2,,na,"[0,",,,11111,,+29.0dB,15.7us,"[0,",1,860.17,normal,0,valid,-11.8dB,-12.0dB,0.37us,+29.4Hz,,"[6,",,1
2025-07-30 13:41:24.711007,PHY,0x4601,1,0,na,"[0,",0,0,1,368.6,+11.4dB,18.3us,"[0,",1,860.18,normal,0,valid,-14.6dB,-14.9dB,na,na,,,,
2025-07-30 13:41:24.711485,PHY,0x4601,1,0,na,"[0,",0,0,1,359.1,+11.3dB,15.8us,"[0,",1,860.19,normal,0,valid,-14.6dB,-14.9dB,na,na,,,,
2025-07-30 13:41:24.715955,PHY,0x4601,1,0,na,"[0,",0,0,1,458.1,+12.3dB,16.4us,"[0,",1,861.8,normal,0,valid,-14.6dB,-14.9dB,na,na,,,,
2025-07-30 13:41:24.716560,PHY,0x4601,1,0,na,"[0,",0,0,1,443.0,+12.2dB,15.6us,"[0,",1,861.9,normal,0,valid,-14.6dB,-14.9dB,na,na,,,,
2025-07-30 13:41:24.720104,PHY,0x4601,2,,na,"[0,",,,11111,,+32.0dB,16.3us,"[0,",1,861.17,normal,0,valid,-11.8dB,-11.9dB,0.35us,+41.2Hz,,"[6,",,1
2025-07-30 13:41:24.721040,PHY,0x4601,1,0,na,"[0,",0,0,1,436.8,+12.1dB,15.2us,"[0,",1,861.18,normal,0,valid,-14.7dB,-14.9dB,na,na,,,,
2025-07-30 13:41:24.721506,PHY,0x4601,1,0,na,"[0,",0,0,1,434.1,+12.1dB,17.6us,"[0,",1,861.19,normal,0,valid,-14.7dB,-14.9dB,na,na,,,,
2025-07-30 13:41:24.725615,CSI,0x4601,2,,na,"[0,",,,1,,+34.2dB,13.4us,"[0,",1,862.8,normal,0,valid,-11.8dB,-11.9dB,0.38us,+30.9Hz,,"[6,",1111,1
2025-07-30 13:41:24.726456,PHY,0x4601,1,0,na,"[0,",0,0,1,370.2,+11.4dB,16.7us,"[0,",1,862.9,normal,0,valid,-14.7dB,-15.0dB,na,na,,,,
2025-07-30 13:41:24.730124,PHY,0x4601,2,,na,"[0,",,,11111,,+29.5dB,17.1us,"[0,",1,862.17,normal,0,valid,-12.0dB,-12.1dB,0.37us,-40.6Hz,,"[6,",,1
2025-07-30 13:41:24.730955,PHY,0x4601,1,0,na,"[0,",0,0,1,425.4,+12.1dB,22.5us,"[0,",1,862.18,normal,0,valid,-14.6dB,-14.9dB,na,na,,,,
2025-07-30 13:41:24.731549,PHY,0x4601,1,0,na,"[0,",0,0,1,422.6,+12.0dB,16.6us,"[0,",1,862.19,normal,0,valid,-14.6dB,-14.9dB,na,na,,,,
2025-07-30 13:41:24.736065,PHY,0x4601,1,0,na,"[0,",0,0,1,424.3,+12.0dB,16.6us,"[0,",1,863.8,normal,0,valid,-14.6dB,-14.9dB,na,na,,,,
2025-07-30 13:41:24.736525,PHY,0x4601,1,0,na,"[0,",0,0,1,438.5,+12.2dB,26.2us,"[0,",1,863.9,normal,0,valid,-14.6dB,-14.9dB,na,na,,,,
2025-07-30 13:41:24.740031,PHY,0x4601,2,,na,"[0,",,,11111,,+28.1dB,16.3us,"[0,",1,863.17,normal,0,valid,-11.9dB,-12.0dB,0.34us,+86.5Hz,,"[6,",,1
2025-07-30 13:41:24.740993,PHY,0x4601,1,0,na,"[0,",0,0,1,437.5,+12.1dB,23.7us,"[0,",1,863.18,normal,0,valid,-14.6dB,-14.9dB,na,na,,,,
2025-07-30 13:41:24.741451,PHY,0x4601,1,0,na,"[0,",0,0,1,422.9,+12.0dB,14.5us,"[0,",1,863.19,normal,0,valid,-14.6dB,-14.9dB,na,na,,,,
2025-07-30 13:41:24.745597,CSI,0x4601,2,,na,"[0,",,,1,,+28.8dB,23.3us,"[0,",1,864.8,normal,0,valid,-11.8dB,-11.9dB,0.35us,-94.6Hz,,"[6,",1111,1
2025-07-30 13:41:24.746546,PHY,0x4601,1,0,na,"[0,",0,0,1,357.2,+11.3dB,15.7us,"[0,",1,864.9,normal,0,valid,-14.7dB,-14.9dB,na,na,,,,
2025-07-30 13:41:24.750064,PHY,0x4601,2,,na,"[0,",,,11111,,+28.6dB,13.5us,"[0,",1,864.17,normal,0,valid,-11.9dB,-12.0dB,0.35us,-14.5Hz,,"[6,",,1
2025-07-30 13:41:24.751033,PHY,0x4601,1,0,na,"[0,",0,0,1,430.7,+12.1dB,15.6us,"[0,",1,864.18,normal,0,valid,-14.6dB,-14.9dB,na,na,,,,
2025-07-30 13:41:24.751488,PHY,0x4601,1,0,na,"[0,",0,0,1,440.8,+12.2dB,14.4us,"[0,",1,864.19,normal,0,valid,-14.6dB,-14.9dB,na,na,,,,
2025-07-30 13:41:24.756049,PHY,0x4601,1,0,na,"[0,",0,0,1,429.4,+12.1dB,18.6us,"[0,",1,865.8,normal,0,valid,-14.6dB,-14.9dB,na,na,,,,
2025-07-30 13:41:24.756459,PHY,0x4601,1,0,na,"[0,",0,0,1,433.9,+12.1dB,17.2us,"[0,",1,865.9,normal,0,valid,-14.6dB,-14.9dB,na,na,,,,
2025-07-30 13:41:24.760109,PHY,0x4601,2,,na,"[0,",,,11111,,+27.5dB,15.0us,"[0,",1,865.17,normal,0,valid,-11.9dB,-12.0dB,0.38us,+33.0Hz,,"[6,",,1
2025-07-30 13:41:24.761041,PHY,0x4601,1,0,na,"[0,",0,0,1,364.2,+11.4dB,16.5us,"[0,",1,865.18,normal,0,valid,-14.6dB,-14.9dB,na,na,,,,
2025-07-30 13:41:24.761533,PHY,0x4601,1,0,na,"[0,",0,0,1,375.0,+11.5dB,13.9us,"[0,",1,865.19,normal,0,valid,-14.7dB,-15.0dB,na,na,,,,
2025-07-30 13:41:24.765619,CSI,0x4601,2,,na,"[0,",,,1,,+30.3dB,12.4us,"[0,",1,866.8,normal,0,valid,-11.8dB,-11.9dB,0.36us,-27.5Hz,,"[6,",1111,1
2025-07-30 13:41:24.766482,PHY,0x4601,1,0,na,"[0,",0,0,1,429.3,+12.1dB,15.7us,"[0,",1,866.9,normal,0,valid,-14.7dB,-14.9dB,na,na,,,,
2025-07-30 13:41:24.770014,PHY,0x4601,2,,na,"[0,",,,11111,,+31.5dB,14.3us,"[0,",1,866.17,normal,0,valid,-11.9dB,-12.0dB,0.37us,+172.5Hz,,"[6,",,1
2025-07-30 13:41:24.770964,PHY,0x4601,1,0,na,"[0,",0,0,1,433.9,+12.1dB,16.2us,"[0,",1,866.18,normal,0,valid,-14.7dB,-14.9dB,na,na,,,,
2025-07-30 13:41:24.771432,PHY,0x4601,1,0,na,"[0,",0,0,1,422.5,+12.0dB,13.7us,"[0,",1,866.19,normal,0,valid,-14.6dB,-14.9dB,na,na,,,,
2025-07-30 13:41:24.776076,PHY,0x4601,1,0,na,"[0,",0,0,1,440.0,+12.2dB,20.9us,"[0,",1,867.8,normal,0,valid,-14.6dB,-14.9dB,na,na,,,,
2025-07-30 13:41:24.776552,PHY,0x4601,1,0,na,"[0,",0,0,1,426.3,+12.1dB,16.1us,"[0,",1,867.9,normal,0,valid,-14.6dB,-14.9dB,na,na,,,,
2025-07-30 13:41:24.780063,PHY,0x4601,2,,na,"[0,",,,11111,,+29.5dB,16.0us,"[0,",1,867.17,normal,0,valid,-11.9dB,-12.0dB,0.36us,-29.4Hz,,"[6,",,1
2025-07-30 13:41:24.781024,PHY,0x4601,1,0,na,"[0,",0,0,1,360.6,+11.3dB,18.3us,"[0,",1,867.18,normal,0,valid,-14.6dB,-14.9dB,na,na,,,,
2025-07-30 13:41:24.781480,PHY,0x4601,1,0,na,"[0,",0,0,1,372.9,+11.4dB,15.1us,"[0,",1,867.19,normal,0,valid,-14.6dB,-14.9dB,na,na,,,,
2025-07-30 13:41:24.785607,CSI,0x4601,2,,na,"[0,",,,1,,+29.9dB,13.8us,"[0,",1,868.8,normal,0,valid,-11.9dB,-12.0dB,0.36us,-50.2Hz,,"[6,",1111,1
2025-07-30 13:41:24.786541,PHY,0x4601,1,0,na,"[0,",0,0,1,431.9,+12.1dB,16.5us,"[0,",1,868.9,normal,0,valid,-14.6dB,-14.9dB,na,na,,,,
2025-07-30 13:41:24.790096,PHY,0x4601,2,,na,"[0,",,,11111,,+29.4dB,15.8us,"[0,",1,868.17,normal,0,valid,-11.8dB,-11.9dB,0.38us,+69.3Hz,,"[6,",,1
2025-07-30 13:41:24.791031,PHY,0x4601,1,0,na,"[0,",0,0,1,454.1,+12.3dB,18.5us,"[0,",1,868.18,normal,0,valid,-14.6dB,-14.9dB,na,na,,,,
2025-07-30 13:41:24.791523,PHY,0x4601,1,0,na,"[0,",0,0,1,434.5,+12.1dB,14.7us,"[0,",1,868.19,normal,0,valid,-14.6dB,-14.8dB,na,na,,,,
2025-07-30 13:41:24.796041,PHY,0x4601,1,0,na,"[0,",0,0,1,435.7,+12.1dB,23.3us,"[0,",1,869.8,normal,0,valid,-14.6dB,-14.9dB,na,na,,,,
2025-07-30 13:41:24.796488,PHY,0x4601,1,0,na,"[0,",0,0,1,436.8,+12.1dB,27.7us,"[0,",1,869.9,normal,0,valid,-14.6dB,-14.9dB,na,na,,,,
2025-07-30 13:41:24.800124,PHY,0x4601,2,,na,"[0,",,,11111,,+29.3dB,18.7us,"[0,",1,869.17,normal,0,valid,-11.8dB,-11.9dB,0.35us,+1.0Hz,,"[6,",,1
2025-07-30 13:41:24.800947,PHY,0x4601,1,0,na,"[0,",0,0,1,390.6,+11.6dB,16.0us,"[0,",1,869.18,normal,0,valid,-14.6dB,-15.0dB,na,na,,,,
2025-07-30 13:41:24.801533,PHY,0x4601,1,0,na,"[0,",0,0,1,385.5,+11.6dB,15.7us,"[0,",1,869.19,normal,0,valid,-14.7dB,-15.0dB,na,na,,,,
2025-07-30 13:41:24.805553,CSI,0x4601,2,,na,"[0,",,,1,,+30.0dB,15.1us,"[0,",1,870.8,normal,0,valid,-11.7dB,-11.8dB,0.36us,-11.7Hz,,"[6,",1111,1
2025-07-30 13:41:24.806524,PHY,0x4601,1,0,na,"[0,",0,0,1,440.7,+12.2dB,15.2us,"[0,",1,870.9,normal,0,valid,-14.6dB,-14.9dB,na,na,,,,
2025-07-30 13:41:24.810039,PHY,0x4601,2,,na,"[0,",,,11111,,+29.4dB,13.3us,"[0,",1,870.17,normal,0,valid,-11.8dB,-11.9dB,0.37us,-1.9Hz,,"[6,",,1
2025-07-30 13:41:24.811013,PHY,0x4601,1,0,na,"[0,",0,0,1,360.0,+11.3dB,16.7us,"[0,",1,870.18,normal,0,valid,-14.7dB,-14.9dB,na,na,,,,
2025-07-30 13:41:24.811455,PHY,0x4601,1,0,na,"[0,",0,0,1,359.2,+11.3dB,14.9us,"[0,",1,870.19,normal,0,valid,-14.7dB,-15.0dB,na,na,,,,
2025-07-30 13:41:24.815967,PHY,0x4601,1,0,na,"[0,",0,0,1,427.4,+12.1dB,21.1us,"[0,",1,871.8,normal,0,valid,-14.6dB,-14.9dB,na,na,,,,
2025-07-30 13:41:24.816541,PHY,0x4601,1,0,na,"[0,",0,0,1,432.9,+12.1dB,14.9us,"[0,",1,871.9,normal,0,valid,-14.6dB,-14.9dB,na,na,,,,
2025-07-30 13:41:24.820086,PHY,0x4601,2,,na,"[0,",,,11111,,+29.2dB,19.3us,"[0,",1,871.17,normal,0,valid,-11.8dB,-11.9dB,0.34us,-81.0Hz,,"[6,",,1
2025-07-30 13:41:24.821016,PHY,0x4601,1,0,na,"[0,",0,0,1,364.0,+11.4dB,17.7us,"[0,",1,871.18,normal,0,valid,-14.6dB,-14.9dB,na,na,,,,
2025-07-30 13:41:24.821520,PHY,0x4601,1,0,na,"[0,",0,0,1,370.8,+11.4dB,18.7us,"[0,",1,871.19,normal,0,valid,-14.6dB,-14.9dB,na,na,,,,
2025-07-30 13:41:24.825622,CSI,0x4601,2,,na,"[0,",,,1,,+30.5dB,12.7us,"[0,",1,872.8,normal,0,valid,-11.9dB,-12.0dB,0.38us,-29.7Hz,,"[6,",1111,1
2025-07-30 13:41:24.826445,PHY,0x4601,1,0,na,"[0,",0,0,1,429.9,+12.1dB,15.9us,"[0,",1,872.9,normal,0,valid,-14.7dB,-14.9dB,na,na,,,,
2025-07-30 13:41:24.830119,PHY,0x4601,2,,na,"[0,",,,11111,,+30.8dB,21.7us,"[0,",1,872.17,normal,0,valid,-11.9dB,-12.0dB,0.36us,+34.5Hz,,"[6,",,1
2025-07-30 13:41:24.830941,PHY,0x4601,1,0,na,"[0,",0,0,1,419.3,+12.0dB,16.1us,"[0,",1,872.18,normal,0,valid,-14.6dB,-14.9dB,na,na,,,,
2025-07-30 13:41:24.831523,PHY,0x4601,1,0,na,"[0,",0,0,1,432.3,+12.1dB,15.8us,"[0,",1,872.19,normal,0,valid,-14.6dB,-14.9dB,na,na,,,,
2025-07-30 13:41:24.836022,PHY,0x4601,1,0,na,"[0,",0,0,1,427.9,+12.1dB,20.8us,"[0,",1,873.8,normal,0,valid,-14.6dB,-14.9dB,na,na,,,,
2025-07-30 13:41:24.836522,PHY,0x4601,1,0,na,"[0,",0,0,1,436.1,+12.1dB,15.1us,"[0,",1,873.9,normal,0,valid,-14.6dB,-14.9dB,na,na,,,,
2025-07-30 13:41:24.840027,PHY,0x4601,2,,na,"[0,",,,11111,,+31.1dB,14.6us,"[0,",1,873.17,normal,0,valid,-11.9dB,-12.0dB,0.37us,+105.9Hz,,"[6,",,1
2025-07-30 13:41:24.841004,PHY,0x4601,1,0,na,"[0,",0,0,1,369.9,+11.4dB,19.2us,"[0,",1,873.18,normal,0,valid,-14.6dB,-15.0dB,na,na,,,,
2025-07-30 13:41:24.841455,PHY,0x4601,1,0,na,"[0,",0,0,1,378.8,+11.5dB,14.1us,"[0,",1,873.19,normal,0,valid,-14.7dB,-14.9dB,na,na,,,,
2025-07-30 13:41:24.845592,CSI,0x4601,2,,na,"[0,",,,1,,+28.7dB,15.9us,"[0,",1,874.8,normal,0,valid,-11.7dB,-11.8dB,0.37us,+120.3Hz,,"[6,",1111,1
2025-07-30 13:41:24.846520,PHY,0x4601,1,0,na,"[0,",0,0,1,365.6,+11.3dB,20.8us,"[0,",1,874.9,normal,0,valid,-14.6dB,-14.9dB,na,na,,,,
2025-07-30 13:41:24.850079,PHY,0x4601,2,,na,"[0,",,,11111,,+28.4dB,15.2us,"[0,",1,874.17,normal,0,valid,-11.8dB,-11.9dB,0.35us,-62.0Hz,,"[6,",,1
2025-07-30 13:41:24.851001,PHY,0x4601,1,0,na,"[0,",0,0,1,364.3,+11.4dB,16.0us,"[0,",1,874.18,normal,0,valid,-14.6dB,-14.9dB,na,na,,,,
2025-07-30 13:41:24.851504,PHY,0x4601,1,0,na,"[0,",0,0,1,359.8,+11.3dB,14.1us,"[0,",1,874.19,normal,0,valid,-14.6dB,-15.0dB,na,na,,,,
2025-07-30 13:41:24.856026,PHY,0x4601,1,0,na,"[0,",0,0,1,437.3,+12.2dB,20.1us,"[0,",1,875.8,normal,0,valid,-14.6dB,-14.8dB,na,na,,,,
2025-07-30 13:41:24.856437,PHY,0x4601,1,0,na,"[0,",0,0,1,423.5,+12.0dB,14.1us,"[0,",1,875.9,normal,0,valid,-14.7dB,-14.9dB,na,na,,,,
2025-07-30 13:41:24.860100,PHY,0x4601,2,,na,"[0,",,,11111,,+31.0dB,16.7us,"[0,",1,875.17,normal,0,valid,-11.9dB,-12.0dB,0.36us,+26.5Hz,,"[6,",,1
2025-07-30 13:41:24.861039,PHY,0x4601,1,0,na,"[0,",0,0,1,361.4,+11.3dB,17.0us,"[0,",1,875.18,normal,0,valid,-14.6dB,-14.9dB,na,na,,,,
2025-07-30 13:41:24.861514,PHY,0x4601,1,0,na,"[0,",0,0,1,362.3,+11.3dB,17.9us,"[0,",1,875.19,normal,0,valid,-14.6dB,-14.9dB,na,na,,,,
2025-07-30 13:41:24.865605,CSI,0x4601,2,,na,"[0,",,,1,,+32.9dB,15.4us,"[0,",1,876.8,normal,0,valid,-11.8dB,-11.9dB,0.37us,-207.7Hz,,"[6,",1111,1
2025-07-30 13:41:24.866507,PHY,0x4601,1,0,na,"[0,",0,0,1,442.6,+12.2dB,25.1us,"[0,",1,876.9,normal,0,valid,-14.6dB,-14.9dB,na,na,,,,
2025-07-30 13:41:24.870018,PHY,0x4601,2,,na,"[0,",,,11111,,+28.8dB,13.8us,"[0,",1,876.17,normal,0,valid,-11.8dB,-11.9dB,0.36us,+56.8Hz,,"[6,",,1
2025-07-30 13:41:24.870993,PHY,0x4601,1,0,na,"[0,",0,0,1,440.0,+12.2dB,16.1us,"[0,",1,876.18,normal,0,valid,-14.6dB,-14.9dB,na,na,,,,
2025-07-30 13:41:24.871549,PHY,0x4601,1,0,na,"[0,",0,0,1,433.4,+12.1dB,16.5us,"[0,",1,876.19,normal,0,valid,-14.7dB,-14.9dB,na,na,,,,
2025-07-30 13:41:24.876076,PHY,0x4601,1,0,na,"[0,",0,0,1,427.2,+12.1dB,18.5us,"[0,",1,877.8,normal,0,valid,-14.6dB,-14.9dB,na,na,,,,
2025-07-30 13:41:24.876524,PHY,0x4601,1,0,na,"[0,",0,0,1,437.6,+12.2dB,15.4us,"[0,",1,877.9,normal,0,valid,-14.7dB,-14.9dB,na,na,,,,
2025-07-30 13:41:24.880067,PHY,0x4601,2,,na,"[0,",,,11111,,+31.7dB,15.7us,"[0,",1,877.17,normal,0,valid,-11.9dB,-12.0dB,0.34us,+74.0Hz,,"[6,",,1
2025-07-30 13:41:24.880987,PHY,0x4601,1,0,na,"[0,",0,0,1,442.1,+12.2dB,16.7us,"[0,",1,877.18,normal,0,valid,-14.6dB,-14.9dB,na,na,,,,
2025-07-30 13:41:24.881494,PHY,0x4601,1,0,na,"[0,",0,0,1,444.6,+12.2dB,15.8us,"[0,",1,877.19,normal,0,valid,-14.7dB,-14.9dB,na,na,,,,
2025-07-30 13:41:24.885602,CSI,0x4601,2,,na,"[0,",,,1,,+29.8dB,17.0us,"[0,",1,878.8,normal,0,valid,-11.8dB,-11.9dB,0.35us,-32.8Hz,,"[6,",1111,1
2025-07-30 13:41:24.886547,PHY,0x4601,1,0,na,"[0,",0,0,1,366.5,+11.4dB,16.7us,"[0,",1,878.9,normal,0,valid,-14.6dB,-14.9dB,na,na,,,,
2025-07-30 13:41:24.890105,PHY,0x4601,2,,na,"[0,",,,11111,,+30.8dB,15.6us,"[0,",1,878.17,normal,0,valid,-12.0dB,-12.1dB,0.36us,-94.3Hz,,"[6,",,1
2025-07-30 13:41:24.891033,PHY,0x4601,1,0,na,"[0,",0,0,1,363.7,+11.3dB,16.3us,"[0,",1,878.18,normal,0,valid,-14.6dB,-15.0dB,na,na,,,,
2025-07-30 13:41:24.891511,PHY,0x4601,1,0,na,"[0,",0,0,1,370.6,+11.4dB,28.2us,"[0,",1,878.19,normal,0,valid,-14.6dB,-14.9dB,na,na,,,,
2025-07-30 13:41:24.896007,PHY,0x4601,1,0,na,"[0,",0,0,1,450.2,+12.3dB,17.2us,"[0,",1,879.8,normal,0,valid,-14.6dB,-14.9dB,na,na,,,,
2025-07-30 13:41:24.896518,PHY,0x4601,1,0,na,"[0,",0,0,1,430.3,+12.1dB,15.7us,"[0,",1,879.9,normal,0,valid,-14.6dB,-14.9dB,na,na,,,,
2025-07-30 13:41:24.900142,PHY,0x4601,2,,na,"[0,",,,11111,,+31.0dB,16.4us,"[0,",1,879.17,normal,0,valid,-11.9dB,-12.0dB,0.36us,+44.0Hz,,"[6,",,1
2025-07-30 13:41:24.900982,PHY,0x4601,1,0,na,"[0,",0,0,1,358.6,+11.3dB,16.1us,"[0,",1,879.18,normal,0,valid,-14.6dB,-14.9dB,na,na,,,,
2025-07-30 13:41:24.901535,PHY,0x4601,1,0,na,"[0,",0,0,1,366.7,+11.4dB,17.3us,"[0,",1,879.19,normal,0,valid,-14.6dB,-14.9dB,na,na,,,,
2025-07-30 13:41:24.905643,CSI,0x4601,2,,na,"[0,",,,1,,+31.5dB,12.3us,"[0,",1,880.8,normal,0,valid,-11.8dB,-11.9dB,0.35us,+42.2Hz,,"[6,",1111,1
2025-07-30 13:41:24.906490,PHY,0x4601,1,0,na,"[0,",0,0,1,432.8,+12.1dB,16.5us,"[0,",1,880.9,normal,0,valid,-14.7dB,-14.9dB,na,na,,,,
2025-07-30 13:41:24.910056,PHY,0x4601,2,,na,"[0,",,,11111,,+31.0dB,20.5us,"[0,",1,880.17,normal,0,valid,-11.8dB,-11.9dB,0.36us,+90.7Hz,,"[6,",,1
2025-07-30 13:41:24.910996,PHY,0x4601,1,0,na,"[0,",0,0,1,363.8,+11.3dB,30.2us,"[0,",1,880.18,normal,0,valid,-14.6dB,-14.9dB,na,na,,,,
2025-07-30 13:41:24.911489,PHY,0x4601,1,0,na,"[0,",0,0,1,366.6,+11.4dB,15.5us,"[0,",1,880.19,normal,0,valid,-14.6dB,-15.0dB,na,na,,,,
2025-07-30 13:41:24.915978,PHY,0x4601,1,0,na,"[0,",0,0,1,428.5,+12.1dB,16.2us,"[0,",1,881.8,normal,0,valid,-14.6dB,-14.9dB,na,na,,,,
2025-07-30 13:41:24.916533,PHY,0x4601,1,0,na,"[0,",0,0,1,437.8,+12.2dB,15.1us,"[0,",1,881.9,normal,0,valid,-14.7dB,-14.9dB,na,na,,,,
2025-07-30 13:41:24.920082,PHY,0x4601,2,,na,"[0,",,,11111,,+30.1dB,14.1us,"[0,",1,881.17,normal,0,valid,-11.9dB,-12.0dB,0.36us,+69.8Hz,,"[6,",,1
2025-07-30 13:41:24.921016,PHY,0x4601,1,0,na,"[0,",0,0,1,362.4,+11.3dB,16.1us,"[0,",1,881.18,normal,0,valid,-14.6dB,-14.9dB,na,na,,,,
2025-07-30 13:41:24.921479,PHY,0x4601,1,0,na,"[0,",0,0,1,365.1,+11.4dB,17.1us,"[0,",1,881.19,normal,0,valid,-14.6dB,-14.9dB,na,na,,,,
2025-07-30 13:41:24.925621,CSI,0x4601,2,,na,"[0,",,,1,,+29.5dB,15.0us,"[0,",1,882.8,normal,0,valid,-11.8dB,-11.9dB,0.36us,+114.9Hz,,"[6,",1111,1
2025-07-30 13:41:24.926479,PHY,0x4601,1,0,na,"[0,",0,0,1,429.0,+12.0dB,15.9us,"[0,",1,882.9,normal,0,valid,-14.6dB,-14.9dB,na,na,,,,
2025-07-30 13:41:24.930095,PHY,0x4601,2,,na,"[0,",,,11111,,+29.8dB,13.4us,"[0,",1,882.17,normal,0,valid,-12.0dB,-12.1dB,0.36us,-40.0Hz,,"[6,",,1
2025-07-30 13:41:24.931057,PHY,0x4601,1,0,na,"[0,",0,0,1,438.4,+12.1dB,16.4us,"[0,",1,882.18,normal,0,valid,-14.6dB,-14.9dB,na,na,,,,
2025-07-30 13:41:24.931519,PHY,0x4601,1,0,na,"[0,",0,0,1,426.9,+12.0dB,13.1us,"[0,",1,882.19,normal,0,valid,-14.6dB,-14.9dB,na,na,,,,
2025-07-30 13:41:24.936029,PHY,0x4601,1,0,na,"[0,",0,0,1,441.3,+12.2dB,19.2us,"[0,",1,883.8,normal,0,valid,-14.6dB,-14.8dB,na,na,,,,
2025-07-30 13:41:24.936489,PHY,0x4601,1,0,na,"[0,",0,0,1,440.2,+12.2dB,28.1us,"[0,",1,883.9,normal,0,valid,-14.6dB,-14.9dB,na,na,,,,
2025-07-30 13:41:24.940047,PHY,0x4601,2,,na,"[0,",,,11111,,+29.6dB,15.6us,"[0,",1,883.17,normal,0,valid,-11.9dB,-12.0dB,0.35us,-37.9Hz,,"[6,",,1
2025-07-30 13:41:24.940962,PHY,0x4601,1,0,na,"[0,",0,0,1,439.9,+12.2dB,17.4us,"[0,",1,883.18,normal,0,valid,-14.6dB,-14.9dB,na,na,,,,
2025-07-30 13:41:24.941476,PHY,0x4601,1,0,na,"[0,",0,0,1,424.7,+12.0dB,14.4us,"[0,",1,883.19,normal,0,valid,-14.6dB,-14.9dB,na,na,,,,
2025-07-30 13:41:24.945633,CSI,0x4601,2,,na,"[0,",,,1,,+30.6dB,15.7us,"[0,",1,884.8,normal,0,valid,-11.7dB,-11.9dB,0.38us,-10.6Hz,,"[6,",1111,1
2025-07-30 13:41:24.946516,PHY,0x4601,1,0,na,"[0,",0,0,1,437.6,+12.2dB,16.8us,"[0,",1,884.9,normal,0,valid,-14.6dB,-14.9dB,na,na,,,,
2025-07-30 13:41:24.950059,PHY,0x4601,2,,na,"[0,",,,11111,,+28.4dB,14.9us,"[0,",1,884.17,normal,0,valid,-12.0dB,-12.1dB,0.36us,+91.9Hz,,"[6,",,1
2025-07-30 13:41:24.950998,PHY,0x4601,1,0,na,"[0,",0,0,1,361.3,+11.3dB,17.5us,"[0,",1,884.18,normal,0,valid,-14.7dB,-15.0dB,na,na,,,,
2025-07-30 13:41:24.951471,PHY,0x4601,1,0,na,"[0,",0,0,1,360.7,+11.3dB,15.3us,"[0,",1,884.19,normal,0,valid,-14.6dB,-15.0dB,na,na,,,,
2025-07-30 13:41:24.955955,PHY,0x4601,1,0,na,"[0,",0,0,1,430.3,+12.1dB,16.1us,"[0,",1,885.8,normal,0,valid,-14.6dB,-14.9dB,na,na,,,,
2025-07-30 13:41:24.956562,PHY,0x4601,1,0,na,"[0,",0,0,1,417.8,+11.9dB,15.5us,"[0,",1,885.9,normal,0,valid,-14.6dB,-14.9dB,na,na,,,,
2025-07-30 13:41:24.960098,PHY,0x4601,2,,na,"[0,",,,11111,,+29.0dB,14.2us,"[0,",1,885.17,normal,0,valid,-11.9dB,-12.0dB,0.35us,-73.6Hz,,"[6,",,1
2025-07-30 13:41:24.961049,PHY,0x4601,1,0,na,"[0,",0,0,1,372.2,+11.5dB,16.9us,"[0,",1,885.18,normal,0,valid,-14.6dB,-14.9dB,na,na,,,,
2025-07-30 13:41:24.961511,PHY,0x4601,1,0,na,"[0,",0,0,1,362.5,+11.3dB,14.8us,"[0,",1,885.19,normal,0,valid,-14.6dB,-15.0dB,na,na,,,,
2025-07-30 13:41:24.965644,CSI,0x4601,2,,na,"[0,",,,1,,+31.7dB,15.9us,"[0,",1,886.8,normal,0,valid,-11.7dB,-11.8dB,0.36us,-18.7Hz,,"[6,",1111,1
2025-07-30 13:41:24.966465,PHY,0x4601,1,0,na,"[0,",0,0,1,428.0,+12.1dB,17.7us,"[0,",1,886.9,normal,0,valid,-14.7dB,-14.9dB,na,na,,,,
2025-07-30 13:41:24.970131,PHY,0x4601,2,,na,"[0,",,,11111,,+32.7dB,26.4us,"[0,",1,886.17,normal,0,valid,-11.8dB,-11.9dB,0.36us,+37.3Hz,,"[6,",,1
2025-07-30 13:41:24.970959,PHY,0x4601,1,0,na,"[0,",0,0,1,433.0,+12.1dB,23.8us,"[0,",1,886.18,normal,0,valid,-14.6dB,-14.9dB,na,na,,,,
2025-07-30 13:41:24.971560,PHY,0x4601,1,0,na,"[0,",0,0,1,445.2,+12.2dB,15.3us,"[0,",1,886.19,normal,0,valid,-14.7dB,-14.9dB,na,na,,,,
2025-07-30 13:41:24.976044,PHY,0x4601,1,0,na,"[0,",0,0,1,419.1,+12.0dB,17.0us,"[0,",1,887.8,normal,0,valid,-14.7dB,-14.9dB,na,na,,,,
2025-07-30 13:41:24.976508,PHY,0x4601,1,0,na,"[0,",0,0,1,433.1,+12.1dB,16.0us,"[0,",1,887.9,normal,0,valid,-14.6dB,-14.9dB,na,na,,,,
2025-07-30 13:41:24.980048,PHY,0x4601,2,,na,"[0,",,,11111,,+31.1dB,14.4us,"[0,",1,887.17,normal,0,valid,-11.9dB,-12.0dB,0.34us,-39.7Hz,,"[6,",,1
2025-07-30 13:41:24.980988,PHY,0x4601,1,0,na,"[0,",0,0,1,456.7,+12.3dB,18.9us,"[0,",1,887.18,normal,0,valid,-14.6dB,-14.9dB,na,na,,,,
2025-07-30 13:41:24.981452,PHY,0x4601,1,0,na,"[0,",0,0,1,433.9,+12.1dB,14.2us,"[0,",1,887.19,normal,0,valid,-14.6dB,-14.9dB,na,na,,,,
2025-07-30 13:41:24.985595,CSI,0x4601,2,,na,"[0,",,,1,,+30.4dB,12.9us,"[0,",1,888.8,normal,0,valid,-11.8dB,-11.9dB,0.36us,-44.4Hz,,"[6,",1111,1
2025-07-30 13:41:24.986549,PHY,0x4601,1,0,na,"[0,",0,0,1,434.6,+12.1dB,16.6us,"[0,",1,888.9,normal,0,valid,-14.6dB,-14.9dB,na,na,,,,
2025-07-30 13:41:24.990076,PHY,0x4601,2,,na,"[0,",,,11111,,+28.0dB,14.1us,"[0,",1,888.17,normal,0,valid,-11.9dB,-12.0dB,0.35us,+57.7Hz,,"[6,",,1
2025-07-30 13:41:24.991046,PHY,0x4601,1,0,na,"[0,",0,0,1,437.0,+12.2dB,22.9us,"[0,",1,888.18,normal,0,valid,-14.6dB,-14.8dB,na,na,,,,
2025-07-30 13:41:24.991501,PHY,0x4601,1,0,na,"[0,",0,0,1,428.3,+12.1dB,13.6us,"[0,",1,888.19,normal,0,valid,-14.6dB,-14.9dB,na,na,,,,
2025-07-30 13:41:24.995991,PHY,0x4601,1,0,na,"[0,",0,0,1,425.5,+12.0dB,15.8us,"[0,",1,889.8,normal,0,valid,-14.7dB,-14.9dB,na,na,,,,
2025-07-30 13:41:24.996453,PHY,0x4601,1,0,na,"[0,",0,0,1,424.6,+12.0dB,14.4us,"[0,",1,889.9,normal,0,valid,-14.6dB,-14.9dB,na,na,,,,
2025-07-30 13:41:25.000130,PHY,0x4601,2,,na,"[0,",,,11111,,+31.6dB,16.3us,"[0,",1,889.17,normal,0,valid,-11.9dB,-12.0dB,0.37us,-126.7Hz,,"[6,",,1
2025-07-30 13:41:25.000938,PHY,0x4601,1,0,na,"[0,",0,0,1,348.8,+11.2dB,16.4us,"[0,",1,889.18,normal,0,valid,-14.6dB,-15.0dB,na,na,,,,
2025-07-30 13:41:25.001542,PHY,0x4601,1,0,na,"[0,",0,0,1,354.8,+11.2dB,16.4us,"[0,",1,889.19,normal,0,valid,-14.6dB,-14.9dB,na,na,,,,
2025-07-30 13:41:25.005659,CSI,0x4601,2,,na,"[0,",,,1,,+32.3dB,27.6us,"[0,",1,890.8,normal,0,valid,-11.7dB,-11.8dB,0.37us,-77.2Hz,,"[6,",1111,1
2025-07-30 13:41:25.006500,PHY,0x4601,1,0,na,"[0,",0,0,1,371.8,+11.5dB,22.3us,"[0,",1,890.9,normal,0,valid,-14.6dB,-14.9dB,na,na,,,,
2025-07-30 13:41:25.010036,PHY,0x4601,2,,na,"[0,",,,11111,,+32.3dB,19.4us,"[0,",1,890.17,normal,0,valid,-11.7dB,-11.9dB,0.36us,+7.8Hz,,"[6,",,1
2025-07-30 13:41:25.010984,PHY,0x4601,1,0,na,"[0,",0,0,1,415.7,+12.0dB,16.5us,"[0,",1,890.18,normal,0,valid,-14.7dB,-14.9dB,na,na,,,,
2025-07-30 13:41:25.011459,PHY,0x4601,1,0,na,"[0,",0,0,1,410.7,+11.9dB,26.7us,"[0,",1,890.19,normal,0,valid,-14.6dB,-14.9dB,na,na,,,,
2025-07-30 13:41:25.016038,PHY,0x4601,1,0,na,"[0,",0,0,1,428.7,+12.1dB,16.8us,"[0,",1,891.8,normal,0,valid,-14.6dB,-14.9dB,na,na,,,,
2025-07-30 13:41:25.016538,PHY,0x4601,1,0,na,"[0,",0,0,1,434.5,+12.1dB,15.2us,"[0,",1,891.9,normal,0,valid,-14.6dB,-14.9dB,na,na,,,,
2025-07-30 13:41:25.020062,PHY,0x4601,2,,na,"[0,",,,11111,,+30.2dB,14.6us,"[0,",1,891.17,normal,0,valid,-11.9dB,-12.1dB,0.38us,-22.3Hz,,"[6,",,1
2025-07-30 13:41:25.021033,PHY,0x4601,1,0,na,"[0,",0,0,1,416.7,+11.9dB,16.2us,"[0,",1,891.18,normal,0,valid,-14.6dB,-14.9dB,na,na,,,,
2025-07-30 13:41:25.021483,PHY,0x4601,1,0,na,"[0,",0,0,1,431.6,+12.1dB,13.9us,"[0,",1,891.19,normal,0,valid,-14.6dB,-14.9dB,na,na,,,,
2025-07-30 13:41:25.025617,CSI,0x4601,2,,na,"[0,",,,1,,+31.9dB,12.4us,"[0,",1,892.8,normal,0,valid,-11.8dB,-11.9dB,0.38us,+26.9Hz,,"[6,",1111,1
2025-07-30 13:41:25.026437,PHY,0x4601,1,0,na,"[0,",0,0,1,446.4,+12.2dB,16.0us,"[0,",1,892.9,normal,0,valid,-14.7dB,-14.9dB,na,na,,,,
2025-07-30 13:41:25.030094,PHY,0x4601,2,,na,"[0,",,,11111,,+30.2dB,14.3us,"[0,",1,892.17,normal,0,valid,-11.9dB,-12.0dB,0.36us,-55.9Hz,,"[6,",,1
2025-07-30 13:41:25.031036,PHY,0x4601,1,0,na,"[0,",0,0,1,369.4,+11.4dB,15.5us,"[0,",1,892.18,normal,0,valid,-14.6dB,-14.9dB,na,na,,,,
2025-07-30 13:41:25.031537,PHY,0x4601,1,0,na,"[0,",0,0,1,360.9,+11.3dB,14.7us,"[0,",1,892.19,normal,0,valid,-14.7dB,-15.0dB,na,na,,,,
2025-07-30 13:41:25.036027,PHY,0x4601,1,0,na,"[0,",0,0,1,435.2,+12.1dB,22.1us,"[0,",1,893.8,normal,0,valid,-14.6dB,-14.9dB,na,na,,,,
2025-07-30 13:41:25.036491,PHY,0x4601,1,0,na,"[0,",0,0,1,424.8,+12.0dB,29.6us,"[0,",1,893.9,normal,0,valid,-14.6dB,-14.9dB,na,na,,,,
2025-07-30 13:41:25.040010,PHY,0x4601,2,,na,"[0,",,,11111,,+29.4dB,14.2us,"[0,",1,893.17,normal,0,valid,-11.9dB,-12.0dB,0.36us,+30.7Hz,,"[6,",,1
2025-07-30 13:41:25.040954,PHY,0x4601,1,0,na,"[0,",0,0,1,361.6,+11.3dB,15.9us,"[0,",1,893.18,normal,0,valid,-14.6dB,-15.0dB,na,na,,,,
2025-07-30 13:41:25.041538,PHY,0x4601,1,0,na,"[0,",0,0,1,363.5,+11.3dB,14.1us,"[0,",1,893.19,normal,0,valid,-14.6dB,-15.0dB,na,na,,,,
2025-07-30 13:41:25.045572,CSI,0x4601,2,,na,"[0,",,,1,,+29.1dB,19.6us,"[0,",1,894.8,normal,0,valid,-11.8dB,-11.9dB,0.36us,+60.6Hz,,"[6,",1111,1
2025-07-30 13:41:25.046543,PHY,0x4601,1,0,na,"[0,",0,0,1,358.1,+11.3dB,31.3us,"[0,",1,894.9,normal,0,valid,-14.7dB,-15.0dB,na,na,,,,
2025-07-30 13:41:25.050057,PHY,0x4601,2,,na,"[0,",,,11111,,+32.0dB,23.6us,"[0,",1,894.17,normal,0,valid,-11.9dB,-12.0dB,0.37us,-85.6Hz,,"[6,",,1
2025-07-30 13:41:25.051022,PHY,0x4601,1,0,na,"[0,",0,0,1,432.1,+12.1dB,23.6us,"[0,",1,894.18,normal,0,valid,-14.7dB,-14.9dB,na,na,,,,
2025-07-30 13:41:25.051471,PHY,0x4601,1,0,na,"[0,",0,0,1,428.3,+12.1dB,14.4us,"[0,",1,894.19,normal,0,valid,-14.6dB,-14.9dB,na,na,,,,
2025-07-30 13:41:25.055969,PHY,0x4601,1,0,na,"[0,",0,0,1,423.8,+12.0dB,23.6us,"[0,",1,895.8,normal,0,valid,-14.6dB,-14.9dB,na,na,,,,
2025-07-30 13:41:25.056565,PHY,0x4601,1,0,na,"[0,",0,0,1,424.2,+12.0dB,14.6us,"[0,",1,895.9,normal,0,valid,-14.6dB,-14.9dB,na,na,,,,
2025-07-30 13:41:25.060093,PHY,0x4601,2,,na,"[0,",,,11111,,+30.6dB,15.6us,"[0,",1,895.17,normal,0,valid,-11.9dB,-12.1dB,0.35us,-54.8Hz,,"[6,",,1
2025-07-30 13:41:25.061021,PHY,0x4601,1,0,na,"[0,",0,0,1,351.8,+11.2dB,16.3us,"[0,",1,895.18,normal,0,valid,-14.7dB,-15.0dB,na,na,,,,
2025-07-30 13:41:25.061523,PHY,0x4601,1,0,na,"[0,",0,0,1,354.1,+11.2dB,15.3us,"[0,",1,895.19,normal,0,valid,-14.6dB,-14.9dB,na,na,,,,
2025-07-30 13:41:25.065589,CSI,0x4601,2,,na,"[0,",,,1,,+33.0dB,12.8us,"[0,",1,896.8,normal,0,valid,-11.7dB,-11.8dB,0.38us,-73.5Hz,,"[6,",1111,1
2025-07-30 13:41:25.066467,PHY,0x4601,1,0,na,"[0,",0,0,1,418.9,+11.9dB,16.6us,"[0,",1,896.9,normal,0,valid,-14.6dB,-14.9dB,na,na,,,,
2025-07-30 13:41:25.070117,PHY,0x4601,2,,na,"[0,",,,11111,,+28.3dB,17.5us,"[0,",1,896.17,normal,0,valid,-11.8dB,-12.0dB,0.37us,+75.1Hz,,"[6,",,1
2025-07-30 13:41:25.070945,PHY,0x4601,1,0,na,"[0,",0,0,1,363.1,+11.3dB,16.2us,"[0,",1,896.18,normal,0,valid,-14.6dB,-14.9dB,na,na,,,,
2025-07-30 13:41:25.071522,PHY,0x4601,1,0,na,"[0,",0,0,1,360.2,+11.3dB,14.3us,"[0,",1,896.19,normal,0,valid,-14.6dB,-14.9dB,na,na,,,,
2025-07-30 13:41:25.076023,PHY,0x4601,1,0,na,"[0,",0,0,1,413.6,+11.9dB,25.4us,"[0,",1,897.8,normal,0,valid,-14.6dB,-14.9dB,na,na,,,,
2025-07-30 13:41:25.076587,PHY,0x4601,1,0,na,"[0,",0,0,1,423.3,+12.0dB,14.9us,"[0,",1,897.9,normal,0,valid,-14.7dB,-14.9dB,na,na,,,,
2025-07-30 13:41:25.080053,PHY,0x4601,2,,na,"[0,",,,11111,,+31.2dB,33.2us,"[0,",1,897.17,normal,0,valid,-11.9dB,-12.0dB,0.35us,+73.4Hz,,"[6,",,1
2025-07-30 13:41:25.081022,PHY,0x4601,1,0,na,"[0,",0,0,1,370.0,+11.4dB,26.7us,"[0,",1,897.18,normal,0,valid,-14.6dB,-14.9dB,na,na,,,,
2025-07-30 13:41:25.081468,PHY,0x4601,1,0,na,"[0,",0,0,1,358.0,+11.3dB,16.2us,"[0,",1,897.19,normal,0,valid,-14.6dB,-14.9dB,na,na,,,,
2025-07-30 13:41:25.085635,CSI,0x4601,2,,na,"[0,",,,1,,+31.3dB,26.5us,"[0,",1,898.8,normal,0,valid,-11.8dB,-11.9dB,0.37us,-78.9Hz,,"[6,",1111,1
2025-07-30 13:41:25.086534,PHY,0x4601,1,0,na,"[0,",0,0,1,423.7,+12.0dB,22.9us,"[0,",1,898.9,normal,0,valid,-14.6dB,-14.9dB,na,na,,,,
2025-07-30 13:41:25.090093,PHY,0x4601,2,,na,"[0,",,,11111,,+29.3dB,17.7us,"[0,",1,898.17,normal,0,valid,-11.8dB,-12.0dB,0.36us,-26.7Hz,,"[6,",,1
2025-07-30 13:41:25.091019,PHY,0x4601,1,0,na,"[0,",0,0,1,361.5,+11.3dB,18.5us,"[0,",1,898.18,normal,0,valid,-14.7dB,-14.9dB,na,na,,,,
2025-07-30 13:41:25.091509,PHY,0x4601,1,0,na,"[0,",0,0,1,349.0,+11.2dB,15.4us,"[0,",1,898.19,normal,0,valid,-14.6dB,-14.9dB,na,na,,,,
2025-07-30 13:41:25.096020,PHY,0x4601,1,0,na,"[0,",0,0,1,446.6,+12.3dB,21.3us,"[0,",1,899.8,normal,0,valid,-14.6dB,-14.9dB,na,na,,,,
2025-07-30 13:41:25.096470,PHY,0x4601,1,0,na,"[0,",0,0,1,434.0,+12.1dB,14.8us,"[0,",1,899.9,normal,0,valid,-14.7dB,-14.9dB,na,na,,,,
2025-07-30 13:41:25.100125,PHY,0x4601,2,,na,"[0,",,,11111,,+29.3dB,25.9us,"[0,",1,899.17,normal,0,valid,-11.8dB,-11.9dB,0.35us,-53.4Hz,,"[6,",,1
2025-07-30 13:41:25.101044,PHY,0x4601,1,0,na,"[0,",0,0,1,364.2,+11.4dB,16.2us,"[0,",1,899.18,normal,0,valid,-14.7dB,-15.0dB,na,na,,,,
2025-07-30 13:41:25.101514,PHY,0x4601,1,0,na,"[0,",0,0,1,351.7,+11.2dB,14.6us,"[0,",1,899.19,normal,0,valid,-14.6dB,-15.0dB,na,na,,,,
2025-07-30 13:41:25.105613,CSI,0x4601,2,,na,"[0,",,,1,,+29.1dB,14.7us,"[0,",1,900.8,normal,0,valid,-11.8dB,-11.9dB,0.38us,+28.1Hz,,"[6,",1111,1
2025-07-30 13:41:25.106515,PHY,0x4601,1,0,na,"[0,",0,0,1,386.2,+11.6dB,16.7us,"[0,",1,900.9,normal,0,valid,-14.7dB,-15.0dB,na,na,,,,
2025-07-30 13:41:25.110023,PHY,0x4601,2,,na,"[0,",,,11111,,+28.9dB,16.2us,"[0,",1,900.17,normal,0,valid,-11.8dB,-11.9dB,0.37us,-28.8Hz,,"[6,",,1
2025-07-30 13:41:25.110999,PHY,0x4601,1,0,na,"[0,",0,0,1,379.9,+11.5dB,17.1us,"[0,",1,900.18,normal,0,valid,-14.7dB,-15.0dB,na,na,,,,
2025-07-30 13:41:25.111432,PHY,0x4601,1,0,na,"[0,",0,0,1,350.3,+11.2dB,14.4us,"[0,",1,900.19,normal,0,valid,-14.7dB,-15.0dB,na,na,,,,
2025-07-30 13:41:25.116037,PHY,0x4601,1,0,na,"[0,",0,0,1,433.2,+12.1dB,16.9us,"[0,",1,901.8,normal,0,valid,-14.6dB,-14.9dB,na,na,,,,
2025-07-30 13:41:25.116526,PHY,0x4601,1,0,na,"[0,",0,0,1,400.8,+11.8dB,17.0us,"[0,",1,901.9,normal,0,valid,-14.6dB,-14.9dB,na,na,,,,
2025-07-30 13:41:25.120078,PHY,0x4601,2,,na,"[0,",,,11111,,+32.0dB,18.5us,"[0,",1,901.17,normal,0,valid,-11.7dB,-11.9dB,0.37us,-29.6Hz,,"[6,",,1
2025-07-30 13:41:25.120999,PHY,0x4601,1,0,na,"[0,",0,0,1,365.0,+11.3dB,16.5us,"[0,",1,901.18,normal,0,valid,-14.6dB,-15.0dB,na,na,,,,
2025-07-30 13:41:25.121509,PHY,0x4601,1,0,na,"[0,",0,0,1,363.8,+11.3dB,16.9us,"[0,",1,901.19,normal,0,valid,-14.7dB,-15.0dB,na,na,,,,
2025-07-30 13:41:25.125599,CSI,0x4601,2,,na,"[0,",,,1,,+29.3dB,13.9us,"[0,",1,902.8,normal,0,valid,-11.8dB,-11.9dB,0.37us,-3.1Hz,,"[6,",1111,1
2025-07-30 13:41:25.126540,PHY,0x4601,1,0,na,"[0,",0,0,1,429.3,+12.1dB,16.8us,"[0,",1,902.9,normal,0,valid,-14.7dB,-14.9dB,na,na,,,,
2025-07-30 13:41:25.130105,PHY,0x4601,2,,na,"[0,",,,11111,,+29.5dB,15.8us,"[0,",1,902.17,normal,0,valid,-12.0dB,-12.1dB,0.36us,-72.3Hz,,"[6,",,1
2025-07-30 13:41:25.131029,PHY,0x4601,1,0,na,"[0,",0,0,1,397.9,+11.7dB,18.3us,"[0,",1,902.18,normal,0,valid,-14.7dB,-14.9dB,na,na,,,,
2025-07-30 13:41:25.131511,PHY,0x4601,1,0,na,"[0,",0,0,1,422.9,+12.0dB,21.4us,"[0,",1,902.19,normal,0,valid,-14.6dB,-14.9dB,na,na,,,,
2025-07-30 13:41:25.135994,PHY,0x4601,1,0,na,"[0,",0,0,1,424.4,+12.0dB,16.9us,"[0,",1,903.8,normal,0,valid,-14.6dB,-14.9dB,na,na,,,,
2025-07-30 13:41:25.136512,PHY,0x4601,1,0,na,"[0,",0,0,1,421.2,+12.0dB,16.4us,"[0,",1,903.9,normal,0,valid,-14.6dB,-14.9dB,na,na,,,,
2025-07-30 13:41:25.140116,PHY,0x4601,2,,na,"[0,",,,11111,,+34.0dB,16.4us,"[0,",1,903.17,normal,0,valid,-11.8dB,-11.9dB,0.35us,+124.0Hz,,"[6,",,1
2025-07-30 13:41:25.140994,PHY,0x4601,1,0,na,"[0,",0,0,1,432.5,+12.1dB,16.1us,"[0,",1,903.18,normal,0,valid,-14.6dB,-14.9dB,na,na,,,,
2025-07-30 13:41:25.141538,PHY,0x4601,1,0,na,"[0,",0,0,1,428.3,+12.0dB,20.9us,"[0,",1,903.19,normal,0,valid,-14.6dB,-14.9dB,na,na,,,,
2025-07-30 13:41:25.145664,CSI,0x4601,2,,na,"[0,",,,1,,+30.0dB,23.8us,"[0,",1,904.8,normal,0,valid,-11.8dB,-11.9dB,0.37us,+79.6Hz,,"[6,",1111,1
2025-07-30 13:41:25.146495,PHY,0x4601,1,0,na,"[0,",0,0,1,432.9,+12.1dB,16.0us,"[0,",1,904.9,normal,0,valid,-14.7dB,-15.0dB,na,na,,,,
2025-07-30 13:41:25.150068,PHY,0x4601,2,,na,"[0,",,,11111,,+28.9dB,15.0us,"[0,",1,904.17,normal,0,valid,-11.9dB,-12.0dB,0.39us,+51.0Hz,,"[6,",,1
2025-07-30 13:41:25.150984,PHY,0x4601,1,0,na,"[0,",0,0,1,345.1,+11.1dB,17.7us,"[0,",1,904.18,normal,0,valid,-14.6dB,-14.9dB,na,na,,,,
2025-07-30 13:41:25.151490,PHY,0x4601,1,0,na,"[0,",0,0,1,359.2,+11.3dB,15.8us,"[0,",1,904.19,normal,0,valid,-14.6dB,-15.0dB,na,na,,,,
2025-07-30 13:41:25.156007,PHY,0x4601,1,0,na,"[0,",0,0,1,441.8,+12.2dB,28.6us,"[0,",1,905.8,normal,0,valid,-14.6dB,-14.9dB,na,na,,,,
2025-07-30 13:41:25.156551,PHY,0x4601,1,0,na,"[0,",0,0,1,411.2,+11.9dB,27.3us,"[0,",1,905.9,normal,0,valid,-14.6dB,-14.9dB,na,na,,,,
2025-07-30 13:41:25.160102,PHY,0x4601,2,,na,"[0,",,,11111,,+27.1dB,15.1us,"[0,",1,905.17,normal,0,valid,-11.9dB,-12.1dB,0.37us,+33.4Hz,,"[6,",,1
2025-07-30 13:41:25.161016,PHY,0x4601,1,0,na,"[0,",0,0,1,359.0,+11.3dB,15.9us,"[0,",1,905.18,normal,0,valid,-14.7dB,-15.0dB,na,na,,,,
2025-07-30 13:41:25.161484,PHY,0x4601,1,0,na,"[0,",0,0,1,371.8,+11.4dB,14.8us,"[0,",1,905.19,normal,0,valid,-14.6dB,-14.9dB,na,na,,,,
2025-07-30 13:41:25.165739,CSI,0x4601,2,,na,"[0,",,,1,,+30.7dB,13.9us,"[0,",1,906.8,normal,0,valid,-11.9dB,-12.0dB,0.36us,-52.4Hz,,"[6,",1111,1
2025-07-30 13:41:25.166490,PHY,0x4601,1,0,na,"[0,",0,0,1,425.8,+12.1dB,16.0us,"[0,",1,906.9,normal,0,valid,-14.7dB,-14.9dB,na,na,,,,
2025-07-30 13:41:25.170111,PHY,0x4601,2,,na,"[0,",,,11111,,+30.6dB,16.2us,"[0,",1,906.17,normal,0,valid,-11.8dB,-11.9dB,0.37us,-21.8Hz,,"[6,",,1
2025-07-30 13:41:25.170979,PHY,0x4601,1,0,na,"[0,",0,0,1,370.0,+11.4dB,15.9us,"[0,",1,906.18,normal,0,valid,-14.6dB,-14.9dB,na,na,,,,
2025-07-30 13:41:25.171522,PHY,0x4601,1,0,na,"[0,",0,0,1,356.5,+11.2dB,13.8us,"[0,",1,906.19,normal,0,valid,-14.6dB,-15.0dB,na,na,,,,
2025-07-30 13:41:25.176018,PHY,0x4601,1,0,na,"[0,",0,0,1,431.9,+12.1dB,16.8us,"[0,",1,907.8,normal,0,valid,-14.6dB,-14.9dB,na,na,,,,
2025-07-30 13:41:25.176494,PHY,0x4601,1,0,na,"[0,",0,0,1,420.4,+11.9dB,23.2us,"[0,",1,907.9,normal,0,valid,-14.6dB,-14.9dB,na,na,,,,
2025-07-30 13:41:25.180046,PHY,0x4601,2,,na,"[0,",,,11111,,+29.7dB,15.5us,"[0,",1,907.17,normal,0,valid,-11.9dB,-12.0dB,0.35us,+82.5Hz,,"[6,",,1
2025-07-30 13:41:25.180967,PHY,0x4601,1,0,na,"[0,",0,0,1,427.4,+12.0dB,17.7us,"[0,",1,907.18,normal,0,valid,-14.6dB,-14.9dB,na,na,,,,
2025-07-30 13:41:25.181491,PHY,0x4601,1,0,na,"[0,",0,0,1,439.6,+12.2dB,15.3us,"[0,",1,907.19,normal,0,valid,-14.6dB,-14.8dB,na,na,,,,
2025-07-30 13:41:25.185591,CSI,0x4601,2,,na,"[0,",,,1,,+32.3dB,24.2us,"[0,",1,908.8,normal,0,valid,-11.7dB,-11.8dB,0.35us,+2.2Hz,,"[6,",1111,1
2025-07-30 13:41:25.186515,PHY,0x4601,1,0,na,"[0,",0,0,1,361.2,+11.3dB,15.9us,"[0,",1,908.9,normal,0,valid,-14.6dB,-14.9dB,na,na,,,,
2025-07-30 13:41:25.190062,PHY,0x4601,2,,na,"[0,",,,11111,,+29.4dB,14.8us,"[0,",1,908.17,normal,0,valid,-12.0dB,-12.1dB,0.36us,+36.9Hz,,"[6,",,1
2025-07-30 13:41:25.191006,PHY,0x4601,1,0,na,"[0,",0,0,1,440.4,+12.2dB,17.5us,"[0,",1,908.18,normal,0,valid,-14.6dB,-14.9dB,na,na,,,,
2025-07-30 13:41:25.191473,PHY,0x4601,1,0,na,"[0,",0,0,1,442.9,+12.2dB,14.0us,"[0,",1,908.19,normal,0,valid,-14.6dB,-14.9dB,na,na,,,,
2025-07-30 13:41:25.195966,PHY,0x4601,1,0,na,"[0,",0,0,1,430.7,+12.1dB,16.6us,"[0,",1,909.8,normal,0,valid,-14.6dB,-14.9dB,na,na,,,,
2025-07-30 13:41:25.196486,PHY,0x4601,1,0,na,"[0,",0,0,1,428.9,+12.1dB,28.0us,"[0,",1,909.9,normal,0,valid,-14.7dB,-14.9dB,na,na,,,,
2025-07-30 13:41:25.200109,PHY,0x4601,2,,na,"[0,",,,11111,,+31.6dB,18.9us,"[0,",1,909.17,normal,0,valid,-11.7dB,-11.8dB,0.35us,+47.0Hz,,"[6,",,1
2025-07-30 13:41:25.201058,PHY,0x4601,1,0,na,"[0,",0,0,1,370.4,+11.5dB,16.1us,"[0,",1,909.18,normal,0,valid,-14.6dB,-14.9dB,na,na,,,,
2025-07-30 13:41:25.201513,PHY,0x4601,1,0,na,"[0,",0,0,1,364.4,+11.4dB,13.9us,"[0,",1,909.19,normal,0,valid,-14.6dB,-14.9dB,na,na,,,,
2025-07-30 13:41:25.205628,CSI,0x4601,2,,na,"[0,",,,1,,+31.5dB,12.0us,"[0,",1,910.8,normal,0,valid,-11.8dB,-11.9dB,0.38us,-30.7Hz,,"[6,",1111,1
2025-07-30 13:41:25.206474,PHY,0x4601,1,0,na,"[0,",0,0,1,344.1,+11.1dB,16.4us,"[0,",1,910.9,normal,0,valid,-14.6dB,-14.9dB,na,na,,,,
2025-07-30 13:41:25.210046,PHY,0x4601,2,,na,"[0,",,,11111,,+31.8dB,13.7us,"[0,",1,910.17,normal,0,valid,-11.9dB,-12.0dB,0.35us,+89.4Hz,,"[6,",,1
2025-07-30 13:41:25.210956,PHY,0x4601,1,0,na,"[0,",0,0,1,354.0,+11.2dB,16.3us,"[0,",1,910.18,normal,0,valid,-14.6dB,-14.9dB,na,na,,,,
2025-07-30 13:41:25.211567,PHY,0x4601,1,0,na,"[0,",0,0,1,364.3,+11.3dB,20.7us,"[0,",1,910.19,normal,0,valid,-14.6dB,-15.0dB,na,na,,,,
2025-07-30 13:41:25.216054,PHY,0x4601,1,0,na,"[0,",0,0,1,425.6,+12.0dB,18.9us,"[0,",1,911.8,normal,0,valid,-14.6dB,-14.9dB,na,na,,,,
2025-07-30 13:41:25.216520,PHY,0x4601,1,0,na,"[0,",0,0,1,419.6,+12.0dB,16.3us,"[0,",1,911.9,normal,0,valid,-14.6dB,-14.9dB,na,na,,,,
2025-07-30 13:41:25.220049,PHY,0x4601,2,,na,"[0,",,,11111,,+29.8dB,15.8us,"[0,",1,911.17,normal,0,valid,-11.9dB,-12.0dB,0.34us,-110.3Hz,,"[6,",,1
2025-07-30 13:41:25.221001,PHY,0x4601,1,0,na,"[0,",0,0,1,358.5,+11.3dB,17.6us,"[0,",1,911.18,normal,0,valid,-14.7dB,-15.0dB,na,na,,,,
2025-07-30 13:41:25.221463,PHY,0x4601,1,0,na,"[0,",0,0,1,344.2,+11.1dB,14.4us,"[0,",1,911.19,normal,0,valid,-14.6dB,-14.9dB,na,na,,,,
2025-07-30 13:41:25.225589,CSI,0x4601,2,,na,"[0,",,,1,,+32.3dB,13.0us,"[0,",1,912.8,normal,0,valid,-11.8dB,-11.9dB,0.36us,+27.7Hz,,"[6,",1111,1
2025-07-30 13:41:25.226562,PHY,0x4601,1,0,na,"[0,",0,0,1,366.3,+11.4dB,15.6us,"[0,",1,912.9,normal,0,valid,-14.6dB,-15.0dB,na,na,,,,
2025-07-30 13:41:25.230080,PHY,0x4601,2,,na,"[0,",,,11111,,+30.1dB,13.6us,"[0,",1,912.17,normal,0,valid,-11.8dB,-11.9dB,0.34us,+37.2Hz,,"[6,",,1
2025-07-30 13:41:25.231043,PHY,0x4601,1,0,na,"[0,",0,0,1,376.2,+11.5dB,16.3us,"[0,",1,912.18,normal,0,valid,-14.6dB,-15.0dB,na,na,,,,
2025-07-30 13:41:25.231497,PHY,0x4601,1,0,na,"[0,",0,0,1,348.8,+11.2dB,15.2us,"[0,",1,912.19,normal,0,valid,-14.6dB,-14.9dB,na,na,,,,
2025-07-30 13:41:25.235995,PHY,0x4601,1,0,na,"[0,",0,0,1,438.3,+12.2dB,20.2us,"[0,",1,913.8,normal,0,valid,-14.6dB,-14.8dB,na,na,,,,
2025-07-30 13:41:25.236465,PHY,0x4601,1,0,na,"[0,",0,0,1,423.6,+12.0dB,18.9us,"[0,",1,913.9,normal,0,valid,-14.7dB,-14.9dB,na,na,,,,
2025-07-30 13:41:25.240116,PHY,0x4601,2,,na,"[0,",,,11111,,+29.7dB,15.0us,"[0,",1,913.17,normal,0,valid,-11.8dB,-11.9dB,0.36us,+53.0Hz,,"[6,",,1
2025-07-30 13:41:25.240952,PHY,0x4601,1,0,na,"[0,",0,0,1,409.3,+11.9dB,15.3us,"[0,",1,913.18,normal,0,valid,-14.6dB,-14.9dB,na,na,,,,
2025-07-30 13:41:25.241575,PHY,0x4601,1,0,na,"[0,",0,0,1,449.2,+12.2dB,31.7us,"[0,",1,913.19,normal,0,valid,-14.6dB,-14.9dB,na,na,,,,
2025-07-30 13:41:25.245678,CSI,0x4601,2,,na,"[0,",,,1,,+30.0dB,16.7us,"[0,",1,914.8,normal,0,valid,-11.7dB,-11.9dB,0.38us,+6.9Hz,,"[6,",1111,1
2025-07-30 13:41:25.246501,PHY,0x4601,1,0,na,"[0,",0,0,1,430.6,+12.1dB,16.6us,"[0,",1,914.9,normal,0,valid,-14.7dB,-14.9dB,na,na,,,,
2025-07-30 13:41:25.250050,PHY,0x4601,2,,na,"[0,",,,11111,,+30.8dB,25.1us,"[0,",1,914.17,normal,0,valid,-11.8dB,-12.0dB,0.38us,+56.2Hz,,"[6,",,1
2025-07-30 13:41:25.250986,PHY,0x4601,1,0,na,"[0,",0,0,1,415.0,+11.9dB,16.9us,"[0,",1,914.18,normal,0,valid,-14.6dB,-14.9dB,na,na,,,,
2025-07-30 13:41:25.251469,PHY,0x4601,1,0,na,"[0,",0,0,1,430.5,+12.1dB,36.0us,"[0,",1,914.19,normal,0,valid,-14.7dB,-15.0dB,na,na,,,,
2025-07-30 13:41:25.255963,PHY,0x4601,1,0,na,"[0,",0,0,1,417.2,+11.9dB,30.4us,"[0,",1,915.8,normal,0,valid,-14.7dB,-14.9dB,na,na,,,,
2025-07-30 13:41:25.256559,PHY,0x4601,1,0,na,"[0,",0,0,1,431.8,+12.1dB,25.2us,"[0,",1,915.9,normal,0,valid,-14.7dB,-14.9dB,na,na,,,,
2025-07-30 13:41:25.260073,PHY,0x4601,2,,na,"[0,",,,11111,,+28.8dB,17.7us,"[0,",1,915.17,normal,0,valid,-11.9dB,-12.0dB,0.35us,+248.5Hz,,"[6,",,1
2025-07-30 13:41:25.261038,PHY,0x4601,1,0,na,"[0,",0,0,1,362.5,+11.3dB,16.1us,"[0,",1,915.18,normal,0,valid,-14.7dB,-15.0dB,na,na,,,,
2025-07-30 13:41:25.261484,PHY,0x4601,1,0,na,"[0,",0,0,1,364.0,+11.3dB,14.4us,"[0,",1,915.19,normal,0,valid,-14.7dB,-15.0dB,na,na,,,,
2025-07-30 13:41:25.265622,CSI,0x4601,2,,na,"[0,",,,1,,+29.6dB,15.1us,"[0,",1,916.8,normal,0,valid,-11.7dB,-11.9dB,0.36us,+48.3Hz,,"[6,",1111,1
2025-07-30 13:41:25.266458,PHY,0x4601,1,0,na,"[0,",0,0,1,423.7,+12.0dB,23.1us,"[0,",1,916.9,normal,0,valid,-14.7dB,-14.9dB,na,na,,,,
2025-07-30 13:41:25.270109,PHY,0x4601,2,,na,"[0,",,,11111,,+29.6dB,15.4us,"[0,",1,916.17,normal,0,valid,-11.9dB,-12.0dB,0.37us,+26.7Hz,,"[6,",,1
2025-07-30 13:41:25.271041,PHY,0x4601,1,0,na,"[0,",0,0,1,360.3,+11.3dB,15.4us,"[0,",1,916.18,normal,0,valid,-14.6dB,-15.0dB,na,na,,,,
2025-07-30 13:41:25.271536,PHY,0x4601,1,0,na,"[0,",0,0,1,362.5,+11.3dB,14.5us,"[0,",1,916.19,normal,0,valid,-14.7dB,-15.0dB,na,na,,,,
2025-07-30 13:41:25.276031,PHY,0x4601,1,0,na,"[0,",0,0,1,424.0,+12.1dB,17.5us,"[0,",1,917.8,normal,0,valid,-14.7dB,-14.9dB,na,na,,,,
2025-07-30 13:41:25.276484,PHY,0x4601,1,0,na,"[0,",0,0,1,416.9,+12.0dB,23.8us,"[0,",1,917.9,normal,0,valid,-14.6dB,-14.9dB,na,na,,,,
2025-07-30 13:41:25.280023,PHY,0x4601,2,,na,"[0,",,,11111,,+30.3dB,19.5us,"[0,",1,917.17,normal,0,valid,-11.8dB,-11.9dB,0.36us,-52.6Hz,,"[6,",,1
2025-07-30 13:41:25.280975,PHY,0x4601,1,0,na,"[0,",0,0,1,354.0,+11.2dB,17.1us,"[0,",1,917.18,normal,0,valid,-14.6dB,-15.0dB,na,na,,,,
2025-07-30 13:41:25.281441,PHY,0x4601,1,0,na,"[0,",0,0,1,366.0,+11.4dB,14.3us,"[0,",1,917.19,normal,0,valid,-14.6dB,-15.0dB,na,na,,,,
2025-07-30 13:41:25.285571,CSI,0x4601,2,,na,"[0,",,,1,,+27.2dB,12.7us,"[0,",1,918.8,normal,0,valid,-11.7dB,-11.9dB,0.37us,+125.0Hz,,"[6,",1111,1
2025-07-30 13:41:25.286548,PHY,0x4601,1,0,na,"[0,",0,0,1,436.3,+12.1dB,25.2us,"[0,",1,918.9,normal,0,valid,-14.6dB,-14.9dB,na,na,,,,
2025-07-30 13:41:25.290078,PHY,0x4601,2,,na,"[0,",,,11111,,+32.3dB,15.8us,"[0,",1,918.17,normal,0,valid,-11.8dB,-11.9dB,0.36us,+31.7Hz,,"[6,",,1
2025-07-30 13:41:25.291032,PHY,0x4601,1,0,na,"[0,",0,0,1,423.7,+12.0dB,24.5us,"[0,",1,918.18,normal,0,valid,-14.6dB,-14.9dB,na,na,,,,
2025-07-30 13:41:25.291481,PHY,0x4601,1,0,na,"[0,",0,0,1,426.6,+12.0dB,28.6us,"[0,",1,918.19,normal,0,valid,-14.7dB,-14.9dB,na,na,,,,
2025-07-30 13:41:25.295964,PHY,0x4601,1,0,na,"[0,",0,0,1,418.5,+12.0dB,25.8us,"[0,",1,919.8,normal,0,valid,-14.6dB,-14.9dB,na,na,,,,
2025-07-30 13:41:25.296549,PHY,0x4601,1,0,na,"[0,",0,0,1,432.8,+12.1dB,21.3us,"[0,",1,919.9,normal,0,valid,-14.6dB,-14.9dB,na,na,,,,
2025-07-30 13:41:25.300097,PHY,0x4601,2,,na,"[0,",,,11111,,+29.5dB,14.3us,"[0,",1,919.17,normal,0,valid,-11.9dB,-12.0dB,0.37us,+89.2Hz,,"[6,",,1
2025-07-30 13:41:25.301028,PHY,0x4601,1,0,na,"[0,",0,0,1,358.7,+11.3dB,16.0us,"[0,",1,919.18,normal,0,valid,-14.6dB,-15.0dB,na,na,,,,
2025-07-30 13:41:25.301526,PHY,0x4601,1,0,na,"[0,",0,0,1,358.5,+11.3dB,14.0us,"[0,",1,919.19,normal,0,valid,-14.6dB,-14.9dB,na,na,,,,
2025-07-30 13:41:25.305602,CSI,0x4601,2,,na,"[0,",,,1,,+27.2dB,12.5us,"[0,",1,920.8,normal,0,valid,-11.8dB,-11.9dB,0.38us,-98.8Hz,,"[6,",1111,1
2025-07-30 13:41:25.306466,PHY,0x4601,1,0,na,"[0,",0,0,1,410.0,+11.9dB,16.8us,"[0,",1,920.9,normal,0,valid,-14.7dB,-14.9dB,na,na,,,,
2025-07-30 13:41:25.310130,PHY,0x4601,2,,na,"[0,",,,11111,,+28.1dB,15.8us,"[0,",1,920.17,normal,0,valid,-11.7dB,-11.9dB,0.37us,+12.1Hz,,"[6,",,1
2025-07-30 13:41:25.310945,PHY,0x4601,1,0,na,"[0,",0,0,1,423.3,+12.0dB,16.6us,"[0,",1,920.18,normal,0,valid,-14.7dB,-14.9dB,na,na,,,,
2025-07-30 13:41:25.311530,PHY,0x4601,1,0,na,"[0,",0,0,1,415.2,+11.9dB,13.9us,"[0,",1,920.19,normal,0,valid,-14.7dB,-14.9dB,na,na,,,,
2025-07-30 13:41:25.316016,PHY,0x4601,1,0,na,"[0,",0,0,1,419.2,+12.0dB,17.5us,"[0,",1,921.8,normal,0,valid,-14.6dB,-14.9dB,na,na,,,,
2025-07-30 13:41:25.316543,PHY,0x4601,1,0,na,"[0,",0,0,1,418.3,+11.9dB,14.5us,"[0,",1,921.9,normal,0,valid,-14.6dB,-14.9dB,na,na,,,,
2025-07-30 13:41:25.320051,PHY,0x4601,2,,na,"[0,",,,11111,,+29.4dB,23.6us,"[0,",1,921.17,normal,0,valid,-12.0dB,-12.2dB,0.35us,-26.1Hz,,"[6,",,1
2025-07-30 13:41:25.321017,PHY,0x4601,1,0,na,"[0,",0,0,1,440.7,+12.2dB,16.8us,"[0,",1,921.18,normal,0,valid,-14.6dB,-14.9dB,na,na,,,,
2025-07-30 13:41:25.321460,PHY,0x4601,1,0,na,"[0,",0,0,1,433.6,+12.1dB,19.4us,"[0,",1,921.19,normal,0,valid,-14.7dB,-14.9dB,na,na,,,,
2025-07-30 13:41:25.325605,CSI,0x4601,2,,na,"[0,",,,1,,+33.1dB,13.5us,"[0,",1,922.8,normal,0,valid,-11.7dB,-11.8dB,0.37us,+62.3Hz,,"[6,",1111,1
2025-07-30 13:41:25.326530,PHY,0x4601,1,0,na,"[0,",0,0,1,351.0,+11.2dB,16.6us,"[0,",1,922.9,normal,0,valid,-14.7dB,-15.0dB,na,na,,,,
2025-07-30 13:41:25.330084,PHY,0x4601,2,,na,"[0,",,,11111,,+30.8dB,14.2us,"[0,",1,922.17,normal,0,valid,-11.8dB,-11.9dB,0.37us,-35.2Hz,,"[6,",,1
2025-07-30 13:41:25.331018,PHY,0x4601,1,0,na,"[0,",0,0,1,416.3,+11.9dB,16.5us,"[0,",1,922.18,normal,0,valid,-14.6dB,-14.9dB,na,na,,,,
2025-07-30 13:41:25.331522,PHY,0x4601,1,0,na,"[0,",0,0,1,412.7,+11.9dB,13.8us,"[0,",1,922.19,normal,0,valid,-14.6dB,-14.9dB,na,na,,,,
2025-07-30 13:41:25.336008,PHY,0x4601,1,0,na,"[0,",0,0,1,428.9,+12.0dB,16.4us,"[0,",1,923.8,normal,0,valid,-14.6dB,-14.9dB,na,na,,,,
2025-07-30 13:41:25.336444,PHY,0x4601,1,0,na,"[0,",0,0,1,426.4,+12.0dB,14.4us,"[0,",1,923.9,normal,0,valid,-14.6dB,-14.9dB,na,na,,,,
2025-07-30 13:41:25.340102,PHY,0x4601,2,,na,"[0,",,,11111,,+30.2dB,16.4us,"[0,",1,923.17,normal,0,valid,-11.9dB,-12.0dB,0.35us,+186.4Hz,,"[6,",,1
2025-07-30 13:41:25.340943,PHY,0x4601,1,0,na,"[0,",0,0,1,439.0,+12.2dB,24.6us,"[0,",1,923.18,normal,0,valid,-14.7dB,-14.9dB,na,na,,,,
2025-07-30 13:41:25.341519,PHY,0x4601,1,0,na,"[0,",0,0,1,421.2,+12.0dB,15.5us,"[0,",1,923.19,normal,0,valid,-14.6dB,-14.9dB,na,na,,,,
2025-07-30 13:41:25.345625,CSI,0x4601,2,,na,"[0,",,,1,,+32.4dB,12.4us,"[0,",1,924.8,normal,0,valid,-11.8dB,-11.9dB,0.33us,-24.6Hz,,"[6,",1111,1
2025-07-30 13:41:25.346517,PHY,0x4601,1,0,na,"[0,",0,0,1,435.9,+12.1dB,18.4us,"[0,",1,924.9,normal,0,valid,-14.6dB,-14.9dB,na,na,,,,
2025-07-30 13:41:25.350028,PHY,0x4601,2,,na,"[0,",,,11111,,+33.4dB,16.6us,"[0,",1,924.17,normal,0,valid,-11.7dB,-11.8dB,0.35us,+51.4Hz,,"[6,",,1
2025-07-30 13:41:25.351012,PHY,0x4601,1,0,na,"[0,",0,0,1,362.6,+11.3dB,18.3us,"[0,",1,924.18,normal,0,valid,-14.7dB,-15.0dB,na,na,,,,
2025-07-30 13:41:25.351443,PHY,0x4601,1,0,na,"[0,",0,0,1,353.1,+11.2dB,14.6us,"[0,",1,924.19,normal,0,valid,-14.6dB,-14.9dB,na,na,,,,
2025-07-30 13:41:25.356049,PHY,0x4601,1,0,na,"[0,",0,0,1,423.2,+12.0dB,16.3us,"[0,",1,925.8,normal,0,valid,-14.6dB,-14.9dB,na,na,,,,
2025-07-30 13:41:25.356516,PHY,0x4601,1,0,na,"[0,",0,0,1,420.3,+12.0dB,16.0us,"[0,",1,925.9,normal,0,valid,-14.6dB,-14.9dB,na,na,,,,
2025-07-30 13:41:25.360088,PHY,0x4601,2,,na,"[0,",,,11111,,+30.4dB,23.6us,"[0,",1,925.17,normal,0,valid,-11.9dB,-12.0dB,0.36us,+125.6Hz,,"[6,",,1
2025-07-30 13:41:25.361007,PHY,0x4601,1,0,na,"[0,",0,0,1,441.1,+12.1dB,20.7us,"[0,",1,925.18,normal,0,valid,-14.6dB,-14.9dB,na,na,,,,
2025-07-30 13:41:25.361511,PHY,0x4601,1,0,na,"[0,",0,0,1,421.6,+12.0dB,20.3us,"[0,",1,925.19,normal,0,valid,-14.6dB,-14.9dB,na,na,,,,
2025-07-30 13:41:25.365615,CSI,0x4601,2,,na,"[0,",,,1,,+29.2dB,17.9us,"[0,",1,926.8,normal,0,valid,-11.9dB,-12.0dB,0.37us,+26.9Hz,,"[6,",1111,1
2025-07-30 13:41:25.366436,PHY,0x4601,1,0,na,"[0,",0,0,1,364.8,+11.4dB,15.8us,"[0,",1,926.9,normal,0,valid,-14.7dB,-14.9dB,na,na,,,,
2025-07-30 13:41:25.370103,PHY,0x4601,2,,na,"[0,",,,11111,,+29.9dB,16.1us,"[0,",1,926.17,normal,0,valid,-11.9dB,-12.1dB,0.39us,+143.4Hz,,"[6,",,1
2025-07-30 13:41:25.371034,PHY,0x4601,1,0,na,"[0,",0,0,1,352.9,+11.2dB,16.1us,"[0,",1,926.18,normal,0,valid,-14.6dB,-15.0dB,na,na,,,,
2025-07-30 13:41:25.371506,PHY,0x4601,1,0,na,"[0,",0,0,1,362.1,+11.3dB,14.4us,"[0,",1,926.19,normal,0,valid,-14.7dB,-14.9dB,na,na,,,,
2025-07-30 13:41:25.375997,PHY,0x4601,1,0,na,"[0,",0,0,1,424.5,+12.0dB,16.1us,"[0,",1,927.8,normal,0,valid,-14.6dB,-14.9dB,na,na,,,,
2025-07-30 13:41:25.376509,PHY,0x4601,1,0,na,"[0,",0,0,1,431.0,+12.1dB,14.2us,"[0,",1,927.9,normal,0,valid,-14.7dB,-14.9dB,na,na,,,,
2025-07-30 13:41:25.380019,PHY,0x4601,2,,na,"[0,",,,11111,,+33.9dB,14.2us,"[0,",1,927.17,normal,0,valid,-11.9dB,-12.0dB,0.35us,-35.1Hz,,"[6,",,1
2025-07-30 13:41:25.380995,PHY,0x4601,1,0,na,"[0,",0,0,1,442.9,+12.2dB,15.6us,"[0,",1,927.18,normal,0,valid,-14.6dB,-14.9dB,na,na,,,,
2025-07-30 13:41:25.381539,PHY,0x4601,1,0,na,"[0,",0,0,1,412.8,+11.9dB,14.1us,"[0,",1,927.19,normal,0,valid,-14.6dB,-14.9dB,na,na,,,,
2025-07-30 13:41:25.385574,CSI,0x4601,2,,na,"[0,",,,1,,+29.3dB,13.0us,"[0,",1,928.8,normal,0,valid,-11.8dB,-11.9dB,0.38us,-92.8Hz,,"[6,",1111,1
2025-07-30 13:41:25.386501,PHY,0x4601,1,0,na,"[0,",0,0,1,429.2,+12.1dB,18.0us,"[0,",1,928.9,normal,0,valid,-14.6dB,-14.9dB,na,na,,,,
2025-07-30 13:41:25.390065,PHY,0x4601,2,,na,"[0,",,,11111,,+28.5dB,14.5us,"[0,",1,928.17,normal,0,valid,-11.8dB,-11.9dB,0.36us,+67.6Hz,,"[6,",,1
2025-07-30 13:41:25.390984,PHY,0x4601,1,0,na,"[0,",0,0,1,430.0,+12.1dB,16.1us,"[0,",1,928.18,normal,0,valid,-14.6dB,-14.9dB,na,na,,,,
2025-07-30 13:41:25.391497,PHY,0x4601,1,0,na,"[0,",0,0,1,432.3,+12.1dB,14.2us,"[0,",1,928.19,normal,0,valid,-14.6dB,-14.9dB,na,na,,,,
2025-07-30 13:41:25.395988,PHY,0x4601,1,0,na,"[0,",0,0,1,424.6,+12.0dB,16.5us,"[0,",1,929.8,normal,0,valid,-14.6dB,-14.9dB,na,na,,,,
2025-07-30 13:41:25.396561,PHY,0x4601,1,0,na,"[0,",0,0,1,418.2,+12.0dB,16.5us,"[0,",1,929.9,normal,0,valid,-14.6dB,-14.9dB,na,na,,,,
2025-07-30 13:41:25.400097,PHY,0x4601,2,,na,"[0,",,,11111,,+28.9dB,16.8us,"[0,",1,929.17,normal,0,valid,-11.9dB,-12.0dB,0.37us,+46.2Hz,,"[6,",,1
2025-07-30 13:41:25.401024,PHY,0x4601,1,0,na,"[0,",0,0,1,360.0,+11.3dB,19.5us,"[0,",1,929.18,normal,0,valid,-14.6dB,-14.9dB,na,na,,,,
2025-07-30 13:41:25.401503,PHY,0x4601,1,0,na,"[0,",0,0,1,353.1,+11.2dB,21.6us,"[0,",1,929.19,normal,0,valid,-14.7dB,-15.0dB,na,na,,,,
2025-07-30 13:41:25.405597,CSI,0x4601,2,,na,"[0,",,,1,,+28.6dB,14.2us,"[0,",1,930.8,normal,0,valid,-11.8dB,-11.9dB,0.36us,+43.4Hz,,"[6,",1111,1
2025-07-30 13:41:25.406506,PHY,0x4601,1,0,na,"[0,",0,0,1,428.3,+12.1dB,18.2us,"[0,",1,930.9,normal,0,valid,-14.7dB,-14.9dB,na,na,,,,
2025-07-30 13:41:25.410123,PHY,0x4601,2,,na,"[0,",,,11111,,+31.1dB,15.3us,"[0,",1,930.17,normal,0,valid,-11.9dB,-12.0dB,0.38us,+27.8Hz,,"[6,",,1
2025-07-30 13:41:25.410988,PHY,0x4601,1,0,na,"[0,",0,0,1,430.1,+12.1dB,15.8us,"[0,",1,930.18,normal,0,valid,-14.6dB,-14.9dB,na,na,,,,
2025-07-30 13:41:25.411524,PHY,0x4601,1,0,na,"[0,",0,0,1,419.7,+12.0dB,14.1us,"[0,",1,930.19,normal,0,valid,-14.7dB,-14.9dB,na,na,,,,
2025-07-30 13:41:25.416018,PHY,0x4601,1,0,na,"[0,",0,0,1,427.7,+12.1dB,18.1us,"[0,",1,931.8,normal,0,valid,-14.6dB,-14.9dB,na,na,,,,
2025-07-30 13:41:25.416494,PHY,0x4601,1,0,na,"[0,",0,0,1,426.8,+12.0dB,25.8us,"[0,",1,931.9,normal,0,valid,-14.6dB,-14.9dB,na,na,,,,
2025-07-30 13:41:25.420053,PHY,0x4601,2,,na,"[0,",,,11111,,+31.1dB,14.1us,"[0,",1,931.17,normal,0,valid,-12.0dB,-12.1dB,0.36us,+81.0Hz,,"[6,",,1
2025-07-30 13:41:25.420982,PHY,0x4601,1,0,na,"[0,",0,0,1,368.1,+11.4dB,20.8us,"[0,",1,931.18,normal,0,valid,-14.6dB,-14.9dB,na,na,,,,
2025-07-30 13:41:25.421489,PHY,0x4601,1,0,na,"[0,",0,0,1,362.7,+11.3dB,14.3us,"[0,",1,931.19,normal,0,valid,-14.7dB,-15.0dB,na,na,,,,
2025-07-30 13:41:25.425585,CSI,0x4601,2,,na,"[0,",,,1,,+31.5dB,16.4us,"[0,",1,932.8,normal,0,valid,-11.7dB,-11.8dB,0.36us,-165.8Hz,,"[6,",1111,1
2025-07-30 13:41:25.426522,PHY,0x4601,1,0,na,"[0,",0,0,1,358.9,+11.3dB,16.6us,"[0,",1,932.9,normal,0,valid,-14.7dB,-15.0dB,na,na,,,,
2025-07-30 13:41:25.430071,PHY,0x4601,2,,na,"[0,",,,11111,,+32.0dB,14.2us,"[0,",1,932.17,normal,0,valid,-11.9dB,-12.0dB,0.37us,+105.6Hz,,"[6,",,1
2025-07-30 13:41:25.431018,PHY,0x4601,1,0,na,"[0,",0,0,1,424.1,+12.0dB,15.9us,"[0,",1,932.18,normal,0,valid,-14.6dB,-14.9dB,na,na,,,,
2025-07-30 13:41:25.431483,PHY,0x4601,1,0,na,"[0,",0,0,1,423.0,+12.0dB,14.2us,"[0,",1,932.19,normal,0,valid,-14.6dB,-14.9dB,na,na,,,,
2025-07-30 13:41:25.435979,PHY,0x4601,1,0,na,"[0,",0,0,1,411.7,+11.9dB,19.0us,"[0,",1,933.8,normal,0,valid,-14.6dB,-14.9dB,na,na,,,,
2025-07-30 13:41:25.436499,PHY,0x4601,1,0,na,"[0,",0,0,1,421.5,+12.0dB,28.3us,"[0,",1,933.9,normal,0,valid,-14.6dB,-14.9dB,na,na,,,,
2025-07-30 13:41:25.440109,PHY,0x4601,2,,na,"[0,",,,11111,,+28.9dB,21.3us,"[0,",1,933.17,normal,0,valid,-11.7dB,-11.9dB,0.37us,+134.5Hz,,"[6,",,1
2025-07-30 13:41:25.441063,PHY,0x4601,1,0,na,"[0,",0,0,1,344.0,+11.1dB,16.0us,"[0,",1,933.18,normal,0,valid,-14.6dB,-14.9dB,na,na,,,,
2025-07-30 13:41:25.441511,PHY,0x4601,1,0,na,"[0,",0,0,1,364.2,+11.3dB,14.2us,"[0,",1,933.19,normal,0,valid,-14.6dB,-15.0dB,na,na,,,,
2025-07-30 13:41:25.445657,CSI,0x4601,2,,na,"[0,",,,1,,+31.0dB,15.5us,"[0,",1,934.8,normal,0,valid,-11.8dB,-11.9dB,0.37us,-42.8Hz,,"[6,",1111,1
2025-07-30 13:41:25.446475,PHY,0x4601,1,0,na,"[0,",0,0,1,347.2,+11.1dB,15.9us,"[0,",1,934.9,normal,0,valid,-14.7dB,-15.0dB,na,na,,,,
2025-07-30 13:41:25.450045,PHY,0x4601,2,,na,"[0,",,,11111,,+34.6dB,14.0us,"[0,",1,934.17,normal,0,valid,-11.8dB,-11.9dB,0.35us,-0.1Hz,,"[6,",,1
2025-07-30 13:41:25.450964,PHY,0x4601,1,0,na,"[0,",0,0,1,422.9,+12.0dB,16.2us,"[0,",1,934.18,normal,0,valid,-14.7dB,-14.9dB,na,na,,,,
2025-07-30 13:41:25.451475,PHY,0x4601,1,0,na,"[0,",0,0,1,418.8,+12.0dB,13.8us,"[0,",1,934.19,normal,0,valid,-14.6dB,-14.9dB,na,na,,,,
2025-07-30 13:41:25.456060,PHY,0x4601,1,0,na,"[0,",0,0,1,420.3,+12.0dB,17.0us,"[0,",1,935.8,normal,0,valid,-14.6dB,-14.9dB,na,na,,,,
2025-07-30 13:41:25.456532,PHY,0x4601,1,0,na,"[0,",0,0,1,419.0,+12.0dB,14.9us,"[0,",1,935.9,normal,0,valid,-14.6dB,-14.9dB,na,na,,,,
2025-07-30 13:41:25.460056,PHY,0x4601,2,,na,"[0,",,,11111,,+28.7dB,15.4us,"[0,",1,935.17,normal,0,valid,-11.9dB,-12.1dB,0.34us,-54.4Hz,,"[6,",,1
2025-07-30 13:41:25.461001,PHY,0x4601,1,0,na,"[0,",0,0,1,441.8,+12.2dB,17.0us,"[0,",1,935.18,normal,0,valid,-14.6dB,-14.9dB,na,na,,,,
2025-07-30 13:41:25.461477,PHY,0x4601,1,0,na,"[0,",0,0,1,401.8,+11.8dB,17.8us,"[0,",1,935.19,normal,0,valid,-14.6dB,-14.9dB,na,na,,,,
2025-07-30 13:41:25.465600,CSI,0x4601,2,,na,"[0,",,,1,,+29.8dB,14.4us,"[0,",1,936.8,normal,0,valid,-11.7dB,-11.9dB,0.36us,-22.0Hz,,"[6,",1111,1
2025-07-30 13:41:25.466573,PHY,0x4601,1,0,na,"[0,",0,0,1,420.9,+12.0dB,23.8us,"[0,",1,936.9,normal,0,valid,-14.6dB,-14.9dB,na,na,,,,
2025-07-30 13:41:25.470097,PHY,0x4601,2,,na,"[0,",,,11111,,+30.9dB,13.2us,"[0,",1,936.17,normal,0,valid,-11.8dB,-11.9dB,0.36us,+107.0Hz,,"[6,",,1
2025-07-30 13:41:25.471051,PHY,0x4601,1,0,na,"[0,",0,0,1,439.9,+12.2dB,16.1us,"[0,",1,936.18,normal,0,valid,-14.7dB,-14.9dB,na,na,,,,
2025-07-30 13:41:25.471509,PHY,0x4601,1,0,na,"[0,",0,0,1,399.6,+11.8dB,14.4us,"[0,",1,936.19,normal,0,valid,-14.6dB,-14.9dB,na,na,,,,
2025-07-30 13:41:25.475999,PHY,0x4601,1,0,na,"[0,",0,0,1,409.7,+11.9dB,18.8us,"[0,",1,937.8,normal,0,valid,-14.6dB,-14.9dB,na,na,,,,
2025-07-30 13:41:25.476470,PHY,0x4601,1,0,na,"[0,",0,0,1,443.1,+12.2dB,19.2us,"[0,",1,937.9,normal,0,valid,-14.6dB,-14.9dB,na,na,,,,
2025-07-30 13:41:25.480121,PHY,0x4601,2,,na,"[0,",,,11111,,+29.5dB,17.2us,"[0,",1,937.17,normal,0,valid,-11.8dB,-11.9dB,0.36us,+3.3Hz,,"[6,",,1
2025-07-30 13:41:25.480958,PHY,0x4601,1,0,na,"[0,",0,0,1,418.1,+12.0dB,16.0us,"[0,",1,937.18,normal,0,valid,-14.6dB,-14.9dB,na,na,,,,
2025-07-30 13:41:25.481561,PHY,0x4601,1,0,na,"[0,",0,0,1,418.2,+12.0dB,21.2us,"[0,",1,937.19,normal,0,valid,-14.6dB,-14.9dB,na,na,,,,
2025-07-30 13:41:25.485572,CSI,0x4601,2,,na,"[0,",,,1,,+31.7dB,21.7us,"[0,",1,938.8,normal,0,valid,-11.7dB,-11.8dB,0.37us,+3.6Hz,,"[6,",1111,1
2025-07-30 13:41:25.486501,PHY,0x4601,1,0,na,"[0,",0,0,1,355.6,+11.3dB,17.6us,"[0,",1,938.9,normal,0,valid,-14.7dB,-15.0dB,na,na,,,,
2025-07-30 13:41:25.490045,PHY,0x4601,2,,na,"[0,",,,11111,,+29.7dB,13.8us,"[0,",1,938.17,normal,0,valid,-11.8dB,-12.0dB,0.36us,-1.2Hz,,"[6,",,1
2025-07-30 13:41:25.490991,PHY,0x4601,1,0,na,"[0,",0,0,1,428.4,+12.1dB,18.8us,"[0,",1,938.18,normal,0,valid,-14.6dB,-14.9dB,na,na,,,,
2025-07-30 13:41:25.491452,PHY,0x4601,1,0,na,"[0,",0,0,1,437.3,+12.2dB,14.2us,"[0,",1,938.19,normal,0,valid,-14.6dB,-14.9dB,na,na,,,,
2025-07-30 13:41:25.495983,PHY,0x4601,1,0,na,"[0,",0,0,1,427.6,+12.0dB,21.0us,"[0,",1,939.8,normal,0,valid,-14.6dB,-14.9dB,na,na,,,,
2025-07-30 13:41:25.496560,PHY,0x4601,1,0,na,"[0,",0,0,1,421.8,+12.0dB,17.6us,"[0,",1,939.9,normal,0,valid,-14.6dB,-14.9dB,na,na,,,,
2025-07-30 13:41:25.500084,PHY,0x4601,2,,na,"[0,",,,11111,,+31.0dB,18.6us,"[0,",1,939.17,normal,0,valid,-11.9dB,-12.1dB,0.36us,+149.1Hz,,"[6,",,1
2025-07-30 13:41:25.501036,PHY,0x4601,1,0,na,"[0,",0,0,1,437.2,+12.2dB,15.5us,"[0,",1,939.18,normal,0,valid,-14.7dB,-14.9dB,na,na,,,,
2025-07-30 13:41:25.501501,PHY,0x4601,1,0,na,"[0,",0,0,1,420.6,+12.0dB,16.2us,"[0,",1,939.19,normal,0,valid,-14.6dB,-14.9dB,na,na,,,,
2025-07-30 13:41:25.505616,CSI,0x4601,2,,na,"[0,",,,1,,+31.1dB,13.1us,"[0,",1,940.8,normal,0,valid,-11.7dB,-11.9dB,0.36us,+127.3Hz,,"[6,",1111,1
2025-07-30 13:41:25.506452,PHY,0x4601,1,0,na,"[0,",0,0,1,357.5,+11.3dB,16.8us,"[0,",1,940.9,normal,0,valid,-14.7dB,-14.9dB,na,na,,,,
2025-07-30 13:41:25.510125,PHY,0x4601,2,,na,"[0,",,,11111,,+31.1dB,13.9us,"[0,",1,940.17,normal,0,valid,-11.8dB,-11.9dB,0.36us,-38.5Hz,,"[6,",,1
2025-07-30 13:41:25.510935,PHY,0x4601,1,0,na,"[0,",0,0,1,435.4,+12.1dB,15.9us,"[0,",1,940.18,normal,0,valid,-14.7dB,-14.9dB,na,na,,,,
2025-07-30 13:41:25.511549,PHY,0x4601,1,0,na,"[0,",0,0,1,423.3,+12.0dB,14.2us,"[0,",1,940.19,normal,0,valid,-14.6dB,-14.9dB,na,na,,,,
2025-07-30 13:41:25.516032,PHY,0x4601,1,0,na,"[0,",0,0,1,426.1,+12.1dB,16.6us,"[0,",1,941.8,normal,0,valid,-14.6dB,-14.9dB,na,na,,,,
2025-07-30 13:41:25.516494,PHY,0x4601,1,0,na,"[0,",0,0,1,421.0,+12.0dB,24.3us,"[0,",1,941.9,normal,0,valid,-14.6dB,-14.9dB,na,na,,,,
2025-07-30 13:41:25.520039,PHY,0x4601,2,,na,"[0,",,,11111,,+31.0dB,20.6us,"[0,",1,941.17,normal,0,valid,-11.8dB,-12.0dB,0.36us,-9.5Hz,,"[6,",,1
2025-07-30 13:41:25.520977,PHY,0x4601,1,0,na,"[0,",0,0,1,411.0,+11.9dB,15.0us,"[0,",1,941.18,normal,0,valid,-14.7dB,-14.9dB,na,na,,,,
2025-07-30 13:41:25.521449,PHY,0x4601,1,0,na,"[0,",0,0,1,432.4,+12.1dB,15.4us,"[0,",1,941.19,normal,0,valid,-14.6dB,-14.9dB,na,na,,,,
2025-07-30 13:41:25.525584,CSI,0x4601,2,,na,"[0,",,,1,,+31.5dB,14.2us,"[0,",1,942.8,normal,0,valid,-11.9dB,-12.0dB,0.37us,-31.2Hz,,"[6,",1111,1
2025-07-30 13:41:25.526539,PHY,0x4601,1,0,na,"[0,",0,0,1,364.7,+11.4dB,15.5us,"[0,",1,942.9,normal,0,valid,-14.6dB,-14.9dB,na,na,,,,
2025-07-30 13:41:25.530077,PHY,0x4601,2,,na,"[0,",,,11111,,+28.7dB,18.6us,"[0,",1,942.17,normal,0,valid,-11.9dB,-12.0dB,0.36us,+115.5Hz,,"[6,",,1
2025-07-30 13:41:25.531032,PHY,0x4601,1,0,na,"[0,",0,0,1,363.3,+11.4dB,16.1us,"[0,",1,942.18,normal,0,valid,-14.6dB,-14.9dB,na,na,,,,
2025-07-30 13:41:25.531490,PHY,0x4601,1,0,na,"[0,",0,0,1,373.7,+11.5dB,16.3us,"[0,",1,942.19,normal,0,valid,-14.6dB,-14.9dB,na,na,,,,
2025-07-30 13:41:25.535976,PHY,0x4601,1,0,na,"[0,",0,0,1,426.8,+12.0dB,17.4us,"[0,",1,943.8,normal,0,valid,-14.6dB,-14.9dB,na,na,,,,
2025-07-30 13:41:25.536449,PHY,0x4601,1,0,na,"[0,",0,0,1,424.2,+12.0dB,18.6us,"[0,",1,943.9,normal,0,valid,-14.6dB,-14.9dB,na,na,,,,
2025-07-30 13:41:25.540104,PHY,0x4601,2,,na,"[0,",,,11111,,+30.3dB,15.7us,"[0,",1,943.17,normal,0,valid,-12.0dB,-12.1dB,0.37us,+161.6Hz,,"[6,",,1
2025-07-30 13:41:25.541041,PHY,0x4601,1,0,na,"[0,",0,0,1,354.8,+11.2dB,16.5us,"[0,",1,943.18,normal,0,valid,-14.7dB,-15.0dB,na,na,,,,
2025-07-30 13:41:25.541544,PHY,0x4601,1,0,na,"[0,",0,0,1,362.4,+11.3dB,21.4us,"[0,",1,943.19,normal,0,valid,-14.6dB,-14.9dB,na,na,,,,
2025-07-30 13:41:25.545598,CSI,0x4601,2,,na,"[0,",,,1,,+29.5dB,12.8us,"[0,",1,944.8,normal,0,valid,-11.8dB,-11.9dB,0.38us,-21.9Hz,,"[6,",1111,1
2025-07-30 13:41:25.546470,PHY,0x4601,1,0,na,"[0,",0,0,1,435.4,+12.2dB,15.6us,"[0,",1,944.9,normal,0,valid,-14.7dB,-14.9dB,na,na,,,,
2025-07-30 13:41:25.550010,PHY,0x4601,2,,na,"[0,",,,11111,,+31.4dB,13.4us,"[0,",1,944.17,normal,0,valid,-11.7dB,-11.8dB,0.34us,+3.5Hz,,"[6,",,1
2025-07-30 13:41:25.550955,PHY,0x4601,1,0,na,"[0,",0,0,1,427.4,+12.0dB,15.9us,"[0,",1,944.18,normal,0,valid,-14.6dB,-14.9dB,na,na,,,,
2025-07-30 13:41:25.551538,PHY,0x4601,1,0,na,"[0,",0,0,1,423.1,+12.0dB,14.5us,"[0,",1,944.19,normal,0,valid,-14.6dB,-14.9dB,na,na,,,,
2025-07-30 13:41:25.556038,PHY,0x4601,1,0,na,"[0,",0,0,1,424.5,+12.0dB,18.2us,"[0,",1,945.8,normal,0,valid,-14.6dB,-14.9dB,na,na,,,,
2025-07-30 13:41:25.556543,PHY,0x4601,1,0,na,"[0,",0,0,1,420.4,+12.0dB,18.4us,"[0,",1,945.9,normal,0,valid,-14.6dB,-14.9dB,na,na,,,,
2025-07-30 13:41:25.560053,PHY,0x4601,2,,na,"[0,",,,11111,,+31.4dB,17.7us,"[0,",1,945.17,normal,0,valid,-11.9dB,-12.0dB,0.38us,-68.1Hz,,"[6,",,1
2025-07-30 13:41:25.561020,PHY,0x4601,1,0,na,"[0,",0,0,1,429.2,+12.1dB,15.9us,"[0,",1,945.18,normal,0,valid,-14.6dB,-14.9dB,na,na,,,,
2025-07-30 13:41:25.561475,PHY,0x4601,1,0,na,"[0,",0,0,1,427.7,+12.1dB,16.2us,"[0,",1,945.19,normal,0,valid,-14.7dB,-14.9dB,na,na,,,,
2025-07-30 13:41:25.565589,CSI,0x4601,2,,na,"[0,",,,1,,+27.9dB,12.8us,"[0,",1,946.8,normal,0,valid,-11.8dB,-11.9dB,0.36us,-30.5Hz,,"[6,",1111,1
2025-07-30 13:41:25.566534,PHY,0x4601,1,0,na,"[0,",0,0,1,357.2,+11.3dB,17.2us,"[0,",1,946.9,normal,0,valid,-14.6dB,-14.9dB,na,na,,,,
2025-07-30 13:41:25.570097,PHY,0x4601,2,,na,"[0,",,,11111,,+30.0dB,15.7us,"[0,",1,946.17,normal,0,valid,-11.8dB,-11.9dB,0.36us,-52.0Hz,,"[6,",,1
2025-07-30 13:41:25.571021,PHY,0x4601,1,0,na,"[0,",0,0,1,342.6,+11.1dB,18.4us,"[0,",1,946.18,normal,0,valid,-14.6dB,-15.0dB,na,na,,,,
2025-07-30 13:41:25.571521,PHY,0x4601,1,0,na,"[0,",0,0,1,357.2,+11.2dB,14.3us,"[0,",1,946.19,normal,0,valid,-14.6dB,-15.0dB,na,na,,,,
2025-07-30 13:41:25.576028,PHY,0x4601,1,0,na,"[0,",0,0,1,423.6,+12.0dB,24.3us,"[0,",1,947.8,normal,0,valid,-14.6dB,-14.9dB,na,na,,,,
2025-07-30 13:41:25.576487,PHY,0x4601,1,0,na,"[0,",0,0,1,430.8,+12.1dB,34.8us,"[0,",1,947.9,normal,0,valid,-14.7dB,-15.0dB,na,na,,,,
2025-07-30 13:41:25.580122,PHY,0x4601,2,,na,"[0,",,,11111,,+29.7dB,19.7us,"[0,",1,947.17,normal,0,valid,-11.8dB,-11.9dB,0.34us,+78.2Hz,,"[6,",,1
2025-07-30 13:41:25.580953,PHY,0x4601,1,0,na,"[0,",0,0,1,429.3,+12.1dB,25.1us,"[0,",1,947.18,normal,0,valid,-14.6dB,-14.9dB,na,na,,,,
2025-07-30 13:41:25.581522,PHY,0x4601,1,0,na,"[0,",0,0,1,436.2,+12.2dB,15.3us,"[0,",1,947.19,normal,0,valid,-14.6dB,-14.9dB,na,na,,,,
2025-07-30 13:41:25.585640,CSI,0x4601,2,,na,"[0,",,,1,,+29.5dB,16.2us,"[0,",1,948.8,normal,0,valid,-11.9dB,-12.0dB,0.37us,+36.8Hz,,"[6,",1111,1
2025-07-30 13:41:25.586517,PHY,0x4601,1,0,na,"[0,",0,0,1,354.7,+11.3dB,16.8us,"[0,",1,948.9,normal,0,valid,-14.7dB,-15.0dB,na,na,,,,
2025-07-30 13:41:25.590036,PHY,0x4601,2,,na,"[0,",,,11111,,+30.8dB,15.3us,"[0,",1,948.17,normal,0,valid,-11.8dB,-12.0dB,0.36us,-39.5Hz,,"[6,",,1
2025-07-30 13:41:25.591007,PHY,0x4601,1,0,na,"[0,",0,0,1,353.7,+11.2dB,15.9us,"[0,",1,948.18,normal,0,valid,-14.6dB,-14.9dB,na,na,,,,
2025-07-30 13:41:25.591452,PHY,0x4601,1,0,na,"[0,",0,0,1,357.8,+11.3dB,17.2us,"[0,",1,948.19,normal,0,valid,-14.6dB,-15.0dB,na,na,,,,
2025-07-30 13:41:25.595945,PHY,0x4601,1,0,na,"[0,",0,0,1,435.6,+12.1dB,20.1us,"[0,",1,949.8,normal,0,valid,-14.7dB,-14.9dB,na,na,,,,
2025-07-30 13:41:25.596529,PHY,0x4601,1,0,na,"[0,",0,0,1,409.7,+11.9dB,15.4us,"[0,",1,949.9,normal,0,valid,-14.6dB,-14.9dB,na,na,,,,
2025-07-30 13:41:25.600086,PHY,0x4601,2,,na,"[0,",,,11111,,+29.8dB,22.2us,"[0,",1,949.17,normal,0,valid,-12.0dB,-12.1dB,0.36us,+97.6Hz,,"[6,",,1
2025-07-30 13:41:25.601008,PHY,0x4601,1,0,na,"[0,",0,0,1,362.2,+11.3dB,17.1us,"[0,",1,949.18,normal,0,valid,-14.7dB,-15.0dB,na,na,,,,
2025-07-30 13:41:25.601511,PHY,0x4601,1,0,na,"[0,",0,0,1,353.9,+11.2dB,15.5us,"[0,",1,949.19,normal,0,valid,-14.7dB,-15.0dB,na,na,,,,
2025-07-30 13:41:25.605619,CSI,0x4601,2,,na,"[0,",,,1,,+31.4dB,16.2us,"[0,",1,950.8,normal,0,valid,-11.7dB,-11.8dB,0.37us,-35.5Hz,,"[6,",1111,1
2025-07-30 13:41:25.606450,PHY,0x4601,1,0,na,"[0,",0,0,1,359.6,+11.3dB,19.6us,"[0,",1,950.9,normal,0,valid,-14.6dB,-14.9dB,na,na,,,,
2025-07-30 13:41:25.610104,PHY,0x4601,2,,na,"[0,",,,11111,,+28.5dB,17.7us,"[0,",1,950.17,normal,0,valid,-11.8dB,-11.9dB,0.38us,+26.2Hz,,"[6,",,1
2025-07-30 13:41:25.611042,PHY,0x4601,1,0,na,"[0,",0,0,1,356.3,+11.3dB,16.1us,"[0,",1,950.18,normal,0,valid,-14.6dB,-15.0dB,na,na,,,,
2025-07-30 13:41:25.611511,PHY,0x4601,1,0,na,"[0,",0,0,1,352.5,+11.2dB,16.5us,"[0,",1,950.19,normal,0,valid,-14.6dB,-14.9dB,na,na,,,,
2025-07-30 13:41:25.616005,PHY,0x4601,1,0,na,"[0,",0,0,1,417.4,+12.0dB,18.4us,"[0,",1,951.8,normal,0,valid,-14.6dB,-14.9dB,na,na,,,,
2025-07-30 13:41:25.616526,PHY,0x4601,1,0,na,"[0,",0,0,1,414.2,+11.9dB,14.3us,"[0,",1,951.9,normal,0,valid,-14.6dB,-14.9dB,na,na,,,,
2025-07-30 13:41:25.620019,PHY,0x4601,2,,na,"[0,",,,11111,,+31.1dB,14.1us,"[0,",1,951.17,normal,0,valid,-11.9dB,-12.0dB,0.36us,+36.3Hz,,"[6,",,1
2025-07-30 13:41:25.621003,PHY,0x4601,1,0,na,"[0,",0,0,1,343.3,+11.1dB,15.8us,"[0,",1,951.18,normal,0,valid,-14.6dB,-15.0dB,na,na,,,,
2025-07-30 13:41:25.621432,PHY,0x4601,1,0,na,"[0,",0,0,1,356.4,+11.3dB,15.4us,"[0,",1,951.19,normal,0,valid,-14.6dB,-14.9dB,na,na,,,,
2025-07-30 13:41:25.625583,CSI,0x4601,2,,na,"[0,",,,1,,+29.4dB,13.9us,"[0,",1,952.8,normal,0,valid,-11.8dB,-11.9dB,0.36us,-70.4Hz,,"[6,",1111,1
2025-07-30 13:41:25.626509,PHY,0x4601,1,0,na,"[0,",0,0,1,424.6,+12.0dB,16.0us,"[0,",1,952.9,normal,0,valid,-14.7dB,-14.9dB,na,na,,,,
2025-07-30 13:41:25.630080,PHY,0x4601,2,,na,"[0,",,,11111,,+31.7dB,14.5us,"[0,",1,952.17,normal,0,valid,-11.8dB,-12.0dB,0.37us,+55.7Hz,,"[6,",,1
2025-07-30 13:41:25.630996,PHY,0x4601,1,0,na,"[0,",0,0,1,362.6,+11.3dB,19.0us,"[0,",1,952.18,normal,0,valid,-14.6dB,-14.9dB,na,na,,,,
2025-07-30 13:41:25.631502,PHY,0x4601,1,0,na,"[0,",0,0,1,360.0,+11.3dB,14.5us,"[0,",1,952.19,normal,0,valid,-14.6dB,-14.9dB,na,na,,,,
2025-07-30 13:41:25.635998,PHY,0x4601,1,0,na,"[0,",0,0,1,410.6,+11.9dB,16.3us,"[0,",1,953.8,normal,0,valid,-14.6dB,-14.9dB,na,na,,,,
2025-07-30 13:41:25.636546,PHY,0x4601,1,0,na,"[0,",0,0,1,419.2,+12.0dB,20.5us,"[0,",1,953.9,normal,0,valid,-14.7dB,-14.9dB,na,na,,,,
2025-07-30 13:41:25.640095,PHY,0x4601,2,,na,"[0,",,,11111,,+30.8dB,16.3us,"[0,",1,953.17,normal,0,valid,-12.0dB,-12.1dB,0.37us,-30.5Hz,,"[6,",,1
2025-07-30 13:41:25.641031,PHY,0x4601,1,0,na,"[0,",0,0,1,348.0,+11.2dB,17.0us,"[0,",1,953.18,normal,0,valid,-14.6dB,-14.9dB,na,na,,,,
2025-07-30 13:41:25.641509,PHY,0x4601,1,0,na,"[0,",0,0,1,364.3,+11.3dB,20.0us,"[0,",1,953.19,normal,0,valid,-14.7dB,-15.0dB,na,na,,,,
2025-07-30 13:41:25.645597,CSI,0x4601,2,,na,"[0,",,,1,,+30.0dB,13.4us,"[0,",1,954.8,normal,0,valid,-11.8dB,-11.9dB,0.38us,-107.9Hz,,"[6,",1111,1
2025-07-30 13:41:25.646498,PHY,0x4601,1,0,na,"[0,",0,0,1,404.2,+11.8dB,16.1us,"[0,",1,954.9,normal,0,valid,-14.6dB,-14.9dB,na,na,,,,
2025-07-30 13:41:25.650120,PHY,0x4601,2,,na,"[0,",,,11111,,+27.5dB,15.3us,"[0,",1,954.17,normal,0,valid,-11.9dB,-12.0dB,0.38us,-49.5Hz,,"[6,",,1
2025-07-30 13:41:25.650987,PHY,0x4601,1,0,na,"[0,",0,0,1,415.3,+11.9dB,16.1us,"[0,",1,954.18,normal,0,valid,-14.6dB,-14.9dB,na,na,,,,
2025-07-30 13:41:25.651538,PHY,0x4601,1,0,na,"[0,",0,0,1,435.4,+12.1dB,14.5us,"[0,",1,954.19,normal,0,valid,-14.6dB,-14.9dB,na,na,,,,
2025-07-30 13:41:25.656034,PHY,0x4601,1,0,na,"[0,",0,0,1,439.8,+12.2dB,17.3us,"[0,",1,955.8,normal,0,valid,-14.6dB,-14.9dB,na,na,,,,
2025-07-30 13:41:25.656506,PHY,0x4601,1,0,na,"[0,",0,0,1,426.3,+12.0dB,16.3us,"[0,",1,955.9,normal,0,valid,-14.6dB,-14.9dB,na,na,,,,
2025-07-30 13:41:25.660064,PHY,0x4601,2,,na,"[0,",,,11111,,+28.1dB,15.7us,"[0,",1,955.17,normal,0,valid,-11.9dB,-12.0dB,0.35us,-30.5Hz,,"[6,",,1
2025-07-30 13:41:25.660978,PHY,0x4601,1,0,na,"[0,",0,0,1,423.9,+12.0dB,15.8us,"[0,",1,955.18,normal,0,valid,-14.6dB,-14.9dB,na,na,,,,
2025-07-30 13:41:25.661495,PHY,0x4601,1,0,na,"[0,",0,0,1,409.2,+11.9dB,15.5us,"[0,",1,955.19,normal,0,valid,-14.6dB,-14.9dB,na,na,,,,
2025-07-30 13:41:25.665585,CSI,0x4601,2,,na,"[0,",,,1,,+29.3dB,13.1us,"[0,",1,956.8,normal,0,valid,-11.8dB,-11.9dB,0.39us,-158.6Hz,,"[6,",1111,1
2025-07-30 13:41:25.666534,PHY,0x4601,1,0,na,"[0,",0,0,1,421.1,+12.0dB,16.7us,"[0,",1,956.9,normal,0,valid,-14.6dB,-14.9dB,na,na,,,,
2025-07-30 13:41:25.670088,PHY,0x4601,2,,na,"[0,",,,11111,,+28.9dB,16.4us,"[0,",1,956.17,normal,0,valid,-11.9dB,-12.0dB,0.37us,+93.0Hz,,"[6,",,1
2025-07-30 13:41:25.671023,PHY,0x4601,1,0,na,"[0,",0,0,1,355.8,+11.2dB,21.7us,"[0,",1,956.18,normal,0,valid,-14.6dB,-15.0dB,na,na,,,,
2025-07-30 13:41:25.671490,PHY,0x4601,1,0,na,"[0,",0,0,1,351.7,+11.2dB,17.2us,"[0,",1,956.19,normal,0,valid,-14.6dB,-14.9dB,na,na,,,,
2025-07-30 13:41:25.675984,PHY,0x4601,1,0,na,"[0,",0,0,1,425.8,+12.1dB,18.0us,"[0,",1,957.8,normal,0,valid,-14.6dB,-14.9dB,na,na,,,,
2025-07-30 13:41:25.676497,PHY,0x4601,1,0,na,"[0,",0,0,1,412.9,+11.9dB,28.3us,"[0,",1,957.9,normal,0,valid,-14.6dB,-14.9dB,na,na,,,,
2025-07-30 13:41:25.680110,PHY,0x4601,2,,na,"[0,",,,11111,,+29.8dB,17.8us,"[0,",1,957.17,normal,0,valid,-11.9dB,-12.1dB,0.35us,+23.9Hz,,"[6,",,1
2025-07-30 13:41:25.680938,PHY,0x4601,1,0,na,"[0,",0,0,1,414.4,+11.9dB,20.6us,"[0,",1,957.18,normal,0,valid,-14.7dB,-14.9dB,na,na,,,,
2025-07-30 13:41:25.681523,PHY,0x4601,1,0,na,"[0,",0,0,1,411.2,+11.9dB,18.4us,"[0,",1,957.19,normal,0,valid,-14.6dB,-14.9dB,na,na,,,,
2025-07-30 13:41:25.685644,CSI,0x4601,2,,na,"[0,",,,1,,+31.3dB,12.8us,"[0,",1,958.8,normal,0,valid,-11.8dB,-11.9dB,0.37us,+24.7Hz,,"[6,",1111,1
2025-07-30 13:41:25.686489,PHY,0x4601,1,0,na,"[0,",0,0,1,418.1,+12.0dB,16.3us,"[0,",1,958.9,normal,0,valid,-14.6dB,-14.9dB,na,na,,,,
2025-07-30 13:41:25.690054,PHY,0x4601,2,,na,"[0,",,,11111,,+31.9dB,14.9us,"[0,",1,958.17,normal,0,valid,-11.8dB,-11.9dB,0.36us,+214.1Hz,,"[6,",,1
2025-07-30 13:41:25.690974,PHY,0x4601,1,0,na,"[0,",0,0,1,419.7,+12.0dB,16.7us,"[0,",1,958.18,normal,0,valid,-14.6dB,-14.9dB,na,na,,,,
2025-07-30 13:41:25.691510,PHY,0x4601,1,0,na,"[0,",0,0,1,439.9,+12.2dB,14.7us,"[0,",1,958.19,normal,0,valid,-14.6dB,-14.9dB,na,na,,,,
2025-07-30 13:41:25.696062,PHY,0x4601,1,0,na,"[0,",0,0,1,422.3,+12.0dB,16.5us,"[0,",1,959.8,normal,0,valid,-14.6dB,-14.9dB,na,na,,,,
2025-07-30 13:41:25.696534,PHY,0x4601,1,0,na,"[0,",0,0,1,410.0,+11.9dB,15.9us,"[0,",1,959.9,normal,0,valid,-14.6dB,-14.9dB,na,na,,,,
2025-07-30 13:41:25.700076,PHY,0x4601,2,,na,"[0,",,,11111,,+29.5dB,18.2us,"[0,",1,959.17,normal,0,valid,-11.9dB,-12.0dB,0.37us,+104.1Hz,,"[6,",,1
2025-07-30 13:41:25.701009,PHY,0x4601,1,0,na,"[0,",0,0,1,427.4,+12.0dB,16.4us,"[0,",1,959.18,normal,0,valid,-14.6dB,-14.9dB,na,na,,,,
2025-07-30 13:41:25.701481,PHY,0x4601,1,0,na,"[0,",0,0,1,423.5,+12.0dB,13.9us,"[0,",1,959.19,normal,0,valid,-14.6dB,-14.9dB,na,na,,,,
2025-07-30 13:41:25.705613,CSI,0x4601,2,,na,"[0,",,,1,,+27.5dB,13.1us,"[0,",1,960.8,normal,0,valid,-11.9dB,-12.0dB,0.36us,+33.8Hz,,"[6,",1111,1
2025-07-30 13:41:25.706440,PHY,0x4601,1,0,na,"[0,",0,0,1,406.3,+11.8dB,17.7us,"[0,",1,960.9,normal,0,valid,-14.6dB,-14.9dB,na,na,,,,
2025-07-30 13:41:25.710104,PHY,0x4601,2,,na,"[0,",,,11111,,+29.7dB,22.8us,"[0,",1,960.17,normal,0,valid,-11.9dB,-12.0dB,0.36us,+13.7Hz,,"[6,",,1
2025-07-30 13:41:25.711052,PHY,0x4601,1,0,na,"[0,",0,0,1,438.1,+12.1dB,15.8us,"[0,",1,960.18,normal,0,valid,-14.7dB,-14.9dB,na,na,,,,
2025-07-30 13:41:25.711513,PHY,0x4601,1,0,na,"[0,",0,0,1,417.5,+12.0dB,18.3us,"[0,",1,960.19,normal,0,valid,-14.6dB,-14.9dB,na,na,,,,
2025-07-30 13:41:25.716000,PHY,0x4601,1,0,na,"[0,",0,0,1,425.3,+12.0dB,16.7us,"[0,",1,961.8,normal,0,valid,-14.6dB,-14.9dB,na,na,,,,
2025-07-30 13:41:25.716481,PHY,0x4601,1,0,na,"[0,",0,0,1,410.2,+11.9dB,29.6us,"[0,",1,961.9,normal,0,valid,-14.6dB,-14.9dB,na,na,,,,
2025-07-30 13:41:25.720047,PHY,0x4601,2,,na,"[0,",,,11111,,+32.0dB,14.7us,"[0,",1,961.17,normal,0,valid,-11.9dB,-12.0dB,0.35us,+31.1Hz,,"[6,",,1
2025-07-30 13:41:25.720960,PHY,0x4601,1,0,na,"[0,",0,0,1,420.0,+12.0dB,15.7us,"[0,",1,961.18,normal,0,valid,-14.6dB,-14.9dB,na,na,,,,
2025-07-30 13:41:25.721562,PHY,0x4601,1,0,na,"[0,",0,0,1,418.3,+12.0dB,18.1us,"[0,",1,961.19,normal,0,valid,-14.6dB,-14.9dB,na,na,,,,
2025-07-30 13:41:25.725559,CSI,0x4601,2,,na,"[0,",,,1,,+28.5dB,16.2us,"[0,",1,962.8,normal,0,valid,-11.8dB,-11.9dB,0.39us,-79.0Hz,,"[6,",1111,1
2025-07-30 13:41:25.726510,PHY,0x4601,1,0,na,"[0,",0,0,1,420.7,+12.0dB,16.1us,"[0,",1,962.9,normal,0,valid,-14.6dB,-14.9dB,na,na,,,,
2025-07-30 13:41:25.730046,PHY,0x4601,2,,na,"[0,",,,11111,,+30.1dB,14.9us,"[0,",1,962.17,normal,0,valid,-11.8dB,-11.9dB,0.36us,-138.9Hz,,"[6,",,1
2025-07-30 13:41:25.731001,PHY,0x4601,1,0,na,"[0,",0,0,1,412.1,+11.9dB,21.9us,"[0,",1,962.18,normal,0,valid,-14.6dB,-14.8dB,na,na,,,,
2025-07-30 13:41:25.731465,PHY,0x4601,1,0,na,"[0,",0,0,1,403.4,+11.8dB,18.7us,"[0,",1,962.19,normal,0,valid,-14.6dB,-14.9dB,na,na,,,,
2025-07-30 13:41:25.735952,PHY,0x4601,1,0,na,"[0,",0,0,1,425.0,+12.1dB,22.2us,"[0,",1,963.8,normal,0,valid,-14.6dB,-14.8dB,na,na,,,,
2025-07-30 13:41:25.736552,PHY,0x4601,1,0,na,"[0,",0,0,1,424.1,+12.0dB,15.8us,"[0,",1,963.9,normal,0,valid,-14.6dB,-14.9dB,na,na,,,,
2025-07-30 13:41:25.740085,PHY,0x4601,2,,na,"[0,",,,11111,,+29.1dB,16.3us,"[0,",1,963.17,normal,0,valid,-11.9dB,-12.1dB,0.35us,+17.1Hz,,"[6,",,1
2025-07-30 13:41:25.741046,PHY,0x4601,1,0,na,"[0,",0,0,1,427.7,+12.1dB,16.3us,"[0,",1,963.18,normal,0,valid,-14.6dB,-14.9dB,na,na,,,,
2025-07-30 13:41:25.741499,PHY,0x4601,1,0,na,"[0,",0,0,1,402.9,+11.8dB,15.8us,"[0,",1,963.19,normal,0,valid,-14.6dB,-14.9dB,na,na,,,,
2025-07-30 13:41:25.745645,CSI,0x4601,2,,na,"[0,",,,1,,+31.9dB,15.9us,"[0,",1,964.8,normal,0,valid,-11.8dB,-11.9dB,0.37us,-37.5Hz,,"[6,",1111,1
2025-07-30 13:41:25.746462,PHY,0x4601,1,0,na,"[0,",0,0,1,345.5,+11.1dB,16.8us,"[0,",1,964.9,normal,0,valid,-14.6dB,-15.0dB,na,na,,,,
2025-07-30 13:41:25.750113,PHY,0x4601,2,,na,"[0,",,,11111,,+30.7dB,15.8us,"[0,",1,964.17,normal,0,valid,-11.8dB,-11.9dB,0.36us,-80.6Hz,,"[6,",,1
2025-07-30 13:41:25.750949,PHY,0x4601,1,0,na,"[0,",0,0,1,400.1,+11.8dB,22.9us,"[0,",1,964.18,normal,0,valid,-14.6dB,-14.9dB,na,na,,,,
2025-07-30 13:41:25.751555,PHY,0x4601,1,0,na,"[0,",0,0,1,421.5,+12.0dB,15.7us,"[0,",1,964.19,normal,0,valid,-14.6dB,-14.9dB,na,na,,,,
2025-07-30 13:41:25.756044,PHY,0x4601,1,0,na,"[0,",0,0,1,428.9,+12.1dB,18.6us,"[0,",1,965.8,normal,0,valid,-14.6dB,-14.9dB,na,na,,,,
2025-07-30 13:41:25.756505,PHY,0x4601,1,0,na,"[0,",0,0,1,408.3,+11.9dB,17.0us,"[0,",1,965.9,normal,0,valid,-14.6dB,-14.9dB,na,na,,,,
2025-07-30 13:41:25.760034,PHY,0x4601,2,,na,"[0,",,,11111,,+31.6dB,18.5us,"[0,",1,965.17,normal,0,valid,-11.8dB,-12.0dB,0.36us,-88.9Hz,,"[6,",,1
2025-07-30 13:41:25.760986,PHY,0x4601,1,0,na,"[0,",0,0,1,356.5,+11.3dB,16.9us,"[0,",1,965.18,normal,0,valid,-14.6dB,-14.9dB,na,na,,,,
2025-07-30 13:41:25.761448,PHY,0x4601,1,0,na,"[0,",0,0,1,353.2,+11.2dB,15.3us,"[0,",1,965.19,normal,0,valid,-14.6dB,-14.9dB,na,na,,,,
2025-07-30 13:41:25.765583,CSI,0x4601,2,,na,"[0,",,,1,,+31.7dB,13.1us,"[0,",1,966.8,normal,0,valid,-11.8dB,-11.9dB,0.37us,+18.6Hz,,"[6,",1111,1
2025-07-30 13:41:25.766557,PHY,0x4601,1,0,na,"[0,",0,0,1,346.1,+11.1dB,16.7us,"[0,",1,966.9,normal,0,valid,-14.6dB,-15.0dB,na,na,,,,
2025-07-30 13:41:25.770079,PHY,0x4601,2,,na,"[0,",,,11111,,+30.9dB,18.0us,"[0,",1,966.17,normal,0,valid,-11.9dB,-12.1dB,0.36us,+28.5Hz,,"[6,",,1
2025-07-30 13:41:25.771037,PHY,0x4601,1,0,na,"[0,",0,0,1,347.8,+11.2dB,16.2us,"[0,",1,966.18,normal,0,valid,-14.6dB,-14.9dB,na,na,,,,
2025-07-30 13:41:25.771486,PHY,0x4601,1,0,na,"[0,",0,0,1,346.1,+11.1dB,14.6us,"[0,",1,966.19,normal,0,valid,-14.6dB,-15.0dB,na,na,,,,
2025-07-30 13:41:25.775994,PHY,0x4601,1,0,na,"[0,",0,0,1,436.9,+12.2dB,28.0us,"[0,",1,967.8,normal,0,valid,-14.6dB,-14.9dB,na,na,,,,
2025-07-30 13:41:25.776448,PHY,0x4601,1,0,na,"[0,",0,0,1,413.5,+11.9dB,15.4us,"[0,",1,967.9,normal,0,valid,-14.6dB,-14.9dB,na,na,,,,
2025-07-30 13:41:25.780103,PHY,0x4601,2,,na,"[0,",,,11111,,+28.6dB,16.8us,"[0,",1,967.17,normal,0,valid,-11.9dB,-12.1dB,0.34us,-4.5Hz,,"[6,",,1
2025-07-30 13:41:25.781045,PHY,0x4601,1,0,na,"[0,",0,0,1,362.4,+11.3dB,22.6us,"[0,",1,967.18,normal,0,valid,-14.6dB,-15.0dB,na,na,,,,
2025-07-30 13:41:25.781537,PHY,0x4601,1,0,na,"[0,",0,0,1,343.4,+11.1dB,15.1us,"[0,",1,967.19,normal,0,valid,-14.6dB,-15.0dB,na,na,,,,
2025-07-30 13:41:25.785600,CSI,0x4601,2,,na,"[0,",,,1,,+30.7dB,12.0us,"[0,",1,968.8,normal,0,valid,-11.8dB,-11.9dB,0.37us,+36.1Hz,,"[6,",1111,1
2025-07-30 13:41:25.786488,PHY,0x4601,1,0,na,"[0,",0,0,1,446.8,+12.2dB,17.7us,"[0,",1,968.9,normal,0,valid,-14.6dB,-14.9dB,na,na,,,,
2025-07-30 13:41:25.790018,PHY,0x4601,2,,na,"[0,",,,11111,,+30.7dB,15.5us,"[0,",1,968.17,normal,0,valid,-11.9dB,-12.0dB,0.39us,-5.9Hz,,"[6,",,1
2025-07-30 13:41:25.790963,PHY,0x4601,1,0,na,"[0,",0,0,1,360.3,+11.3dB,15.9us,"[0,",1,968.18,normal,0,valid,-14.6dB,-15.0dB,na,na,,,,
2025-07-30 13:41:25.791436,PHY,0x4601,1,0,na,"[0,",0,0,1,354.3,+11.2dB,14.5us,"[0,",1,968.19,normal,0,valid,-14.6dB,-15.0dB,na,na,,,,
2025-07-30 13:41:25.796041,PHY,0x4601,1,0,na,"[0,",0,0,1,415.8,+11.9dB,19.2us,"[0,",1,969.8,normal,0,valid,-14.7dB,-14.9dB,na,na,,,,
2025-07-30 13:41:25.796543,PHY,0x4601,1,0,na,"[0,",0,0,1,415.6,+11.9dB,14.4us,"[0,",1,969.9,normal,0,valid,-14.7dB,-15.0dB,na,na,,,,
2025-07-30 13:41:25.800055,PHY,0x4601,2,,na,"[0,",,,11111,,+29.7dB,15.7us,"[0,",1,969.17,normal,0,valid,-11.9dB,-12.1dB,0.36us,+89.3Hz,,"[6,",,1
2025-07-30 13:41:25.801022,PHY,0x4601,1,0,na,"[0,",0,0,1,364.1,+11.4dB,15.5us,"[0,",1,969.18,normal,0,valid,-14.7dB,-15.0dB,na,na,,,,
2025-07-30 13:41:25.801477,PHY,0x4601,1,0,na,"[0,",0,0,1,356.4,+11.3dB,13.9us,"[0,",1,969.19,normal,0,valid,-14.6dB,-14.9dB,na,na,,,,
2025-07-30 13:41:25.805608,CSI,0x4601,2,,na,"[0,",,,1,,+27.8dB,15.6us,"[0,",1,970.8,normal,0,valid,-11.8dB,-11.9dB,0.36us,-23.2Hz,,"[6,",1111,1
2025-07-30 13:41:25.806546,PHY,0x4601,1,0,na,"[0,",0,0,1,356.7,+11.3dB,19.8us,"[0,",1,970.9,normal,0,valid,-14.7dB,-15.0dB,na,na,,,,
2025-07-30 13:41:25.810108,PHY,0x4601,2,,na,"[0,",,,11111,,+30.2dB,16.5us,"[0,",1,970.17,normal,0,valid,-11.8dB,-11.9dB,0.34us,+5.2Hz,,"[6,",,1
2025-07-30 13:41:25.811029,PHY,0x4601,1,0,na,"[0,",0,0,1,351.4,+11.2dB,18.7us,"[0,",1,970.18,normal,0,valid,-14.6dB,-15.0dB,na,na,,,,
2025-07-30 13:41:25.811527,PHY,0x4601,1,0,na,"[0,",0,0,1,355.7,+11.2dB,14.3us,"[0,",1,970.19,normal,0,valid,-14.6dB,-15.0dB,na,na,,,,
2025-07-30 13:41:25.816022,PHY,0x4601,1,0,na,"[0,",0,0,1,419.5,+12.0dB,16.7us,"[0,",1,971.8,normal,0,valid,-14.6dB,-14.9dB,na,na,,,,
2025-07-30 13:41:25.816490,PHY,0x4601,1,0,na,"[0,",0,0,1,412.5,+11.9dB,30.6us,"[0,",1,971.9,normal,0,valid,-14.6dB,-14.9dB,na,na,,,,
2025-07-30 13:41:25.820125,PHY,0x4601,2,,na,"[0,",,,11111,,+32.0dB,18.1us,"[0,",1,971.17,normal,0,valid,-11.8dB,-12.0dB,0.36us,-22.8Hz,,"[6,",,1
2025-07-30 13:41:25.820955,PHY,0x4601,1,0,na,"[0,",0,0,1,376.6,+11.5dB,24.8us,"[0,",1,971.18,normal,0,valid,-14.6dB,-14.9dB,na,na,,,,
2025-07-30 13:41:25.821539,PHY,0x4601,1,0,na,"[0,",0,0,1,341.3,+11.1dB,14.5us,"[0,",1,971.19,normal,0,valid,-14.6dB,-14.9dB,na,na,,,,
2025-07-30 13:41:25.825580,CSI,0x4601,2,,na,"[0,",,,1,,+30.9dB,13.3us,"[0,",1,972.8,normal,0,valid,-11.7dB,-11.8dB,0.36us,-72.1Hz,,"[6,",1111,1
2025-07-30 13:41:25.826529,PHY,0x4601,1,0,na,"[0,",0,0,1,413.8,+11.9dB,17.4us,"[0,",1,972.9,normal,0,valid,-14.7dB,-14.9dB,na,na,,,,
2025-07-30 13:41:25.830040,PHY,0x4601,2,,na,"[0,",,,11111,,+29.5dB,13.9us,"[0,",1,972.17,normal,0,valid,-11.9dB,-12.0dB,0.36us,-16.1Hz,,"[6,",,1
2025-07-30 13:41:25.831011,PHY,0x4601,1,0,na,"[0,",0,0,1,426.4,+12.0dB,17.5us,"[0,",1,972.18,normal,0,valid,-14.6dB,-14.9dB,na,na,,,,
2025-07-30 13:41:25.831451,PHY,0x4601,1,0,na,"[0,",0,0,1,406.8,+11.8dB,14.0us,"[0,",1,972.19,normal,0,valid,-14.6dB,-14.9dB,na,na,,,,
2025-07-30 13:41:25.835953,PHY,0x4601,1,0,na,"[0,",0,0,1,426.8,+12.0dB,20.2us,"[0,",1,973.8,normal,0,valid,-14.6dB,-14.9dB,na,na,,,,
2025-07-30 13:41:25.836540,PHY,0x4601,1,0,na,"[0,",0,0,1,421.6,+12.0dB,19.4us,"[0,",1,973.9,normal,0,valid,-14.6dB,-14.9dB,na,na,,,,
2025-07-30 13:41:25.840121,PHY,0x4601,2,,na,"[0,",,,11111,,+29.6dB,20.4us,"[0,",1,973.17,normal,0,valid,-11.9dB,-12.0dB,0.37us,-32.7Hz,,"[6,",,1
2025-07-30 13:41:25.841027,PHY,0x4601,1,0,na,"[0,",0,0,1,358.2,+11.3dB,30.1us,"[0,",1,973.18,normal,0,valid,-14.7dB,-15.0dB,na,na,,,,
2025-07-30 13:41:25.841536,PHY,0x4601,1,0,na,"[0,",0,0,1,354.1,+11.2dB,15.8us,"[0,",1,973.19,normal,0,valid,-14.6dB,-15.0dB,na,na,,,,
2025-07-30 13:41:25.845621,CSI,0x4601,2,,na,"[0,",,,1,,+30.8dB,16.2us,"[0,",1,974.8,normal,0,valid,-11.8dB,-11.9dB,0.38us,-15.7Hz,,"[6,",1111,1
2025-07-30 13:41:25.846463,PHY,0x4601,1,0,na,"[0,",0,0,1,396.7,+11.7dB,17.9us,"[0,",1,974.9,normal,0,valid,-14.7dB,-15.0dB,na,na,,,,
2025-07-30 13:41:25.850129,PHY,0x4601,2,,na,"[0,",,,11111,,+29.6dB,16.7us,"[0,",1,974.17,normal,0,valid,-11.8dB,-11.9dB,0.36us,+20.4Hz,,"[6,",,1
2025-07-30 13:41:25.850937,PHY,0x4601,1,0,na,"[0,",0,0,1,432.5,+12.1dB,18.6us,"[0,",1,974.18,normal,0,valid,-14.7dB,-14.9dB,na,na,,,,
2025-07-30 13:41:25.851517,PHY,0x4601,1,0,na,"[0,",0,0,1,412.6,+11.9dB,14.5us,"[0,",1,974.19,normal,0,valid,-14.6dB,-14.9dB,na,na,,,,
2025-07-30 13:41:25.856023,PHY,0x4601,1,0,na,"[0,",0,0,1,411.8,+11.9dB,20.0us,"[0,",1,975.8,normal,0,valid,-14.6dB,-14.9dB,na,na,,,,
2025-07-30 13:41:25.856525,PHY,0x4601,1,0,na,"[0,",0,0,1,415.7,+11.9dB,15.0us,"[0,",1,975.9,normal,0,valid,-14.6dB,-14.9dB,na,na,,,,
2025-07-30 13:41:25.860029,PHY,0x4601,2,,na,"[0,",,,11111,,+32.9dB,15.6us,"[0,",1,975.17,normal,0,valid,-11.9dB,-12.0dB,0.37us,+53.5Hz,,"[6,",,1
2025-07-30 13:41:25.861003,PHY,0x4601,1,0,na,"[0,",0,0,1,338.9,+11.0dB,16.4us,"[0,",1,975.18,normal,0,valid,-14.6dB,-15.0dB,na,na,,,,
2025-07-30 13:41:25.861443,PHY,0x4601,1,0,na,"[0,",0,0,1,354.5,+11.2dB,15.2us,"[0,",1,975.19,normal,0,valid,-14.6dB,-14.9dB,na,na,,,,
2025-07-30 13:41:25.865597,CSI,0x4601,2,,na,"[0,",,,1,,+29.6dB,13.4us,"[0,",1,976.8,normal,0,valid,-11.8dB,-11.9dB,0.37us,+20.1Hz,,"[6,",1111,1
2025-07-30 13:41:25.866510,PHY,0x4601,1,0,na,"[0,",0,0,1,354.9,+11.2dB,16.7us,"[0,",1,976.9,normal,0,valid,-14.7dB,-15.0dB,na,na,,,,
2025-07-30 13:41:25.870080,PHY,0x4601,2,,na,"[0,",,,11111,,+30.5dB,14.9us,"[0,",1,976.17,normal,0,valid,-11.9dB,-12.0dB,0.37us,+19.7Hz,,"[6,",,1
2025-07-30 13:41:25.871004,PHY,0x4601,1,0,na,"[0,",0,0,1,415.9,+11.9dB,16.0us,"[0,",1,976.18,normal,0,valid,-14.6dB,-14.9dB,na,na,,,,
2025-07-30 13:41:25.871506,PHY,0x4601,1,0,na,"[0,",0,0,1,427.8,+12.1dB,14.6us,"[0,",1,976.19,normal,0,valid,-14.6dB,-14.9dB,na,na,,,,
2025-07-30 13:41:25.876010,PHY,0x4601,1,0,na,"[0,",0,0,1,423.3,+12.0dB,17.4us,"[0,",1,977.8,normal,0,valid,-14.7dB,-14.9dB,na,na,,,,
2025-07-30 13:41:25.876453,PHY,0x4601,1,0,na,"[0,",0,0,1,414.7,+11.9dB,15.3us,"[0,",1,977.9,normal,0,valid,-14.6dB,-14.9dB,na,na,,,,
2025-07-30 13:41:25.880132,PHY,0x4601,2,,na,"[0,",,,11111,,+29.4dB,19.6us,"[0,",1,977.17,normal,0,valid,-11.8dB,-11.9dB,0.36us,-7.0Hz,,"[6,",,1
2025-07-30 13:41:25.881038,PHY,0x4601,1,0,na,"[0,",0,0,1,428.2,+12.0dB,16.0us,"[0,",1,977.18,normal,0,valid,-14.6dB,-14.9dB,na,na,,,,
2025-07-30 13:41:25.881506,PHY,0x4601,1,0,na,"[0,",0,0,1,414.8,+11.9dB,16.7us,"[0,",1,977.19,normal,0,valid,-14.6dB,-14.9dB,na,na,,,,
2025-07-30 13:41:25.885618,CSI,0x4601,2,,na,"[0,",,,1,,+30.1dB,15.0us,"[0,",1,978.8,normal,0,valid,-11.8dB,-11.9dB,0.36us,-71.9Hz,,"[6,",1111,1
2025-07-30 13:41:25.886508,PHY,0x4601,1,0,na,"[0,",0,0,1,340.0,+11.0dB,18.1us,"[0,",1,978.9,normal,0,valid,-14.7dB,-15.0dB,na,na,,,,
2025-07-30 13:41:25.890020,PHY,0x4601,2,,na,"[0,",,,11111,,+31.4dB,13.8us,"[0,",1,978.17,normal,0,valid,-11.9dB,-12.0dB,0.37us,-78.3Hz,,"[6,",,1
2025-07-30 13:41:25.890997,PHY,0x4601,1,0,na,"[0,",0,0,1,428.9,+12.0dB,15.9us,"[0,",1,978.18,normal,0,valid,-14.6dB,-14.9dB,na,na,,,,
2025-07-30 13:41:25.891539,PHY,0x4601,1,0,na,"[0,",0,0,1,421.2,+12.0dB,14.3us,"[0,",1,978.19,normal,0,valid,-14.6dB,-14.9dB,na,na,,,,
2025-07-30 13:41:25.896047,PHY,0x4601,1,0,na,"[0,",0,0,1,405.2,+11.8dB,20.1us,"[0,",1,979.8,normal,0,valid,-14.6dB,-14.9dB,na,na,,,,
2025-07-30 13:41:25.896519,PHY,0x4601,1,0,na,"[0,",0,0,1,412.8,+11.9dB,14.7us,"[0,",1,979.9,normal,0,valid,-14.6dB,-14.9dB,na,na,,,,
2025-07-30 13:41:25.900074,PHY,0x4601,2,,na,"[0,",,,11111,,+30.9dB,23.2us,"[0,",1,979.17,normal,0,valid,-11.9dB,-12.0dB,0.36us,-113.6Hz,,"[6,",,1
2025-07-30 13:41:25.900991,PHY,0x4601,1,0,na,"[0,",0,0,1,418.2,+12.0dB,23.6us,"[0,",1,979.18,normal,0,valid,-14.6dB,-14.9dB,na,na,,,,
2025-07-30 13:41:25.901503,PHY,0x4601,1,0,na,"[0,",0,0,1,426.8,+12.1dB,15.9us,"[0,",1,979.19,normal,0,valid,-14.7dB,-14.9dB,na,na,,,,
2025-07-30 13:41:25.905603,CSI,0x4601,2,,na,"[0,",,,1,,+32.6dB,15.4us,"[0,",1,980.8,normal,0,valid,-11.9dB,-12.0dB,0.36us,-57.4Hz,,"[6,",1111,1
2025-07-30 13:41:25.906536,PHY,0x4601,1,0,na,"[0,",0,0,1,356.3,+11.3dB,16.9us,"[0,",1,980.9,normal,0,valid,-14.6dB,-15.0dB,na,na,,,,
2025-07-30 13:41:25.910107,PHY,0x4601,2,,na,"[0,",,,11111,,+30.1dB,13.8us,"[0,",1,980.17,normal,0,valid,-11.9dB,-12.0dB,0.38us,+27.6Hz,,"[6,",,1
2025-07-30 13:41:25.911024,PHY,0x4601,1,0,na,"[0,",0,0,1,362.5,+11.3dB,15.3us,"[0,",1,980.18,normal,0,valid,-14.6dB,-14.9dB,na,na,,,,
2025-07-30 13:41:25.911497,PHY,0x4601,1,0,na,"[0,",0,0,1,357.1,+11.3dB,15.5us,"[0,",1,980.19,normal,0,valid,-14.6dB,-15.0dB,na,na,,,,
2025-07-30 13:41:25.915987,PHY,0x4601,1,0,na,"[0,",0,0,1,423.5,+12.0dB,20.5us,"[0,",1,981.8,normal,0,valid,-14.6dB,-14.9dB,na,na,,,,
2025-07-30 13:41:25.916505,PHY,0x4601,1,0,na,"[0,",0,0,1,419.7,+12.0dB,15.3us,"[0,",1,981.9,normal,0,valid,-14.6dB,-14.9dB,na,na,,,,
2025-07-30 13:41:25.920147,PHY,0x4601,2,,na,"[0,",,,11111,,+28.8dB,16.0us,"[0,",1,981.17,normal,0,valid,-11.9dB,-12.0dB,0.36us,+54.1Hz,,"[6,",,1
2025-07-30 13:41:25.920984,PHY,0x4601,1,0,na,"[0,",0,0,1,356.6,+11.3dB,15.4us,"[0,",1,981.18,normal,0,valid,-14.6dB,-15.0dB,na,na,,,,
2025-07-30 13:41:25.921527,PHY,0x4601,1,0,na,"[0,",0,0,1,350.0,+11.2dB,16.3us,"[0,",1,981.19,normal,0,valid,-14.6dB,-15.0dB,na,na,,,,
2025-07-30 13:41:25.925655,CSI,0x4601,2,,na,"[0,",,,1,,+30.6dB,15.0us,"[0,",1,982.8,normal,0,valid,-11.8dB,-11.9dB,0.37us,+16.9Hz,,"[6,",1111,1
2025-07-30 13:41:25.926489,PHY,0x4601,1,0,na,"[0,",0,0,1,422.4,+12.0dB,15.7us,"[0,",1,982.9,normal,0,valid,-14.6dB,-14.9dB,na,na,,,,
2025-07-30 13:41:25.930059,PHY,0x4601,2,,na,"[0,",,,11111,,+30.5dB,19.2us,"[0,",1,982.17,normal,0,valid,-11.8dB,-11.9dB,0.36us,-36.9Hz,,"[6,",,1
2025-07-30 13:41:25.930973,PHY,0x4601,1,0,na,"[0,",0,0,1,342.6,+11.1dB,16.0us,"[0,",1,982.18,normal,0,valid,-14.7dB,-15.0dB,na,na,,,,
2025-07-30 13:41:25.931491,PHY,0x4601,1,0,na,"[0,",0,0,1,342.9,+11.1dB,13.6us,"[0,",1,982.19,normal,0,valid,-14.6dB,-14.9dB,na,na,,,,
2025-07-30 13:41:25.935958,PHY,0x4601,1,0,na,"[0,",0,0,1,408.3,+11.9dB,20.3us,"[0,",1,983.8,normal,0,valid,-14.6dB,-14.9dB,na,na,,,,
2025-07-30 13:41:25.936536,PHY,0x4601,1,0,na,"[0,",0,0,1,416.1,+11.9dB,15.4us,"[0,",1,983.9,normal,0,valid,-14.6dB,-14.9dB,na,na,,,,
2025-07-30 13:41:25.940090,PHY,0x4601,2,,na,"[0,",,,11111,,+32.3dB,16.5us,"[0,",1,983.17,normal,0,valid,-11.9dB,-12.0dB,0.36us,+22.9Hz,,"[6,",,1
2025-07-30 13:41:25.941013,PHY,0x4601,1,0,na,"[0,",0,0,1,351.4,+11.2dB,18.4us,"[0,",1,983.18,normal,0,valid,-14.7dB,-15.0dB,na,na,,,,
2025-07-30 13:41:25.941482,PHY,0x4601,1,0,na,"[0,",0,0,1,348.8,+11.2dB,15.0us,"[0,",1,983.19,normal,0,valid,-14.6dB,-15.0dB,na,na,,,,
2025-07-30 13:41:25.945616,CSI,0x4601,2,,na,"[0,",,,1,,+28.7dB,13.0us,"[0,",1,984.8,normal,0,valid,-11.8dB,-11.9dB,0.38us,+102.3Hz,,"[6,",1111,1
2025-07-30 13:41:25.946496,PHY,0x4601,1,0,na,"[0,",0,0,1,342.2,+11.1dB,18.7us,"[0,",1,984.9,normal,0,valid,-14.6dB,-15.0dB,na,na,,,,
2025-07-30 13:41:25.950111,PHY,0x4601,2,,na,"[0,",,,11111,,+30.2dB,17.0us,"[0,",1,984.17,normal,0,valid,-11.9dB,-12.0dB,0.40us,-23.8Hz,,"[6,",,1
2025-07-30 13:41:25.951065,PHY,0x4601,1,0,na,"[0,",0,0,1,359.7,+11.3dB,21.7us,"[0,",1,984.18,normal,0,valid,-14.6dB,-15.0dB,na,na,,,,
2025-07-30 13:41:25.951521,PHY,0x4601,1,0,na,"[0,",0,0,1,339.1,+11.0dB,14.2us,"[0,",1,984.19,normal,0,valid,-14.6dB,-15.0dB,na,na,,,,
2025-07-30 13:41:25.956022,PHY,0x4601,1,0,na,"[0,",0,0,1,431.9,+12.1dB,29.2us,"[0,",1,985.8,normal,0,valid,-14.6dB,-14.9dB,na,na,,,,
2025-07-30 13:41:25.956492,PHY,0x4601,1,0,na,"[0,",0,0,1,410.3,+11.9dB,33.1us,"[0,",1,985.9,normal,0,valid,-14.6dB,-14.9dB,na,na,,,,
2025-07-30 13:41:25.960046,PHY,0x4601,2,,na,"[0,",,,11111,,+29.2dB,16.3us,"[0,",1,985.17,normal,0,valid,-12.0dB,-12.2dB,0.37us,-41.2Hz,,"[6,",,1
2025-07-30 13:41:25.960967,PHY,0x4601,1,0,na,"[0,",0,0,1,348.6,+11.1dB,22.9us,"[0,",1,985.18,normal,0,valid,-14.6dB,-15.0dB,na,na,,,,
2025-07-30 13:41:25.961480,PHY,0x4601,1,0,na,"[0,",0,0,1,342.9,+11.1dB,15.4us,"[0,",1,985.19,normal,0,valid,-14.7dB,-15.0dB,na,na,,,,
2025-07-30 13:41:25.965567,CSI,0x4601,2,,na,"[0,",,,1,,+31.6dB,13.2us,"[0,",1,986.8,normal,0,valid,-11.8dB,-11.9dB,0.36us,+62.5Hz,,"[6,",1111,1
2025-07-30 13:41:25.966512,PHY,0x4601,1,0,na,"[0,",0,0,1,424.3,+12.0dB,19.4us,"[0,",1,986.9,normal,0,valid,-14.7dB,-14.9dB,na,na,,,,
2025-07-30 13:41:25.970064,PHY,0x4601,2,,na,"[0,",,,11111,,+29.1dB,21.8us,"[0,",1,986.17,normal,0,valid,-11.9dB,-12.1dB,0.36us,-47.3Hz,,"[6,",,1
2025-07-30 13:41:25.971005,PHY,0x4601,1,0,na,"[0,",0,0,1,423.3,+12.0dB,18.4us,"[0,",1,986.18,normal,0,valid,-14.7dB,-14.9dB,na,na,,,,
2025-07-30 13:41:25.971473,PHY,0x4601,1,0,na,"[0,",0,0,1,422.7,+12.0dB,18.5us,"[0,",1,986.19,normal,0,valid,-14.7dB,-14.9dB,na,na,,,,
2025-07-30 13:41:25.975966,PHY,0x4601,1,0,na,"[0,",0,0,1,410.1,+11.9dB,18.1us,"[0,",1,987.8,normal,0,valid,-14.6dB,-14.9dB,na,na,,,,
2025-07-30 13:41:25.976566,PHY,0x4601,1,0,na,"[0,",0,0,1,409.6,+11.9dB,14.3us,"[0,",1,987.9,normal,0,valid,-14.6dB,-14.9dB,na,na,,,,
2025-07-30 13:41:25.980131,PHY,0x4601,2,,na,"[0,",,,11111,,+29.7dB,25.2us,"[0,",1,987.17,normal,0,valid,-11.9dB,-12.0dB,0.38us,+10.7Hz,,"[6,",,1
2025-07-30 13:41:25.981055,PHY,0x4601,1,0,na,"[0,",0,0,1,420.4,+12.0dB,18.5us,"[0,",1,987.18,normal,0,valid,-14.7dB,-14.9dB,na,na,,,,
2025-07-30 13:41:25.981520,PHY,0x4601,1,0,na,"[0,",0,0,1,417.4,+11.9dB,28.5us,"[0,",1,987.19,normal,0,valid,-14.7dB,-14.9dB,na,na,,,,
2025-07-30 13:41:25.985635,CSI,0x4601,2,,na,"[0,",,,1,,+29.4dB,13.0us,"[0,",1,988.8,normal,0,valid,-11.7dB,-11.8dB,0.37us,-11.3Hz,,"[6,",1111,1
2025-07-30 13:41:25.986478,PHY,0x4601,1,0,na,"[0,",0,0,1,412.3,+11.9dB,21.3us,"[0,",1,988.9,normal,0,valid,-14.7dB,-14.9dB,na,na,,,,
2025-07-30 13:41:25.990138,PHY,0x4601,2,,na,"[0,",,,11111,,+29.8dB,20.3us,"[0,",1,988.17,normal,0,valid,-11.9dB,-12.0dB,0.37us,-54.7Hz,,"[6,",,1
2025-07-30 13:41:25.990968,PHY,0x4601,1,0,na,"[0,",0,0,1,367.8,+11.4dB,18.4us,"[0,",1,988.18,normal,0,valid,-14.7dB,-15.0dB,na,na,,,,
2025-07-30 13:41:25.991555,PHY,0x4601,1,0,na,"[0,",0,0,1,349.5,+11.2dB,14.7us,"[0,",1,988.19,normal,0,valid,-14.6dB,-15.0dB,na,na,,,,
2025-07-30 13:41:25.996043,PHY,0x4601,1,0,na,"[0,",0,0,1,416.3,+11.9dB,17.0us,"[0,",1,989.8,normal,0,valid,-14.6dB,-14.9dB,na,na,,,,
2025-07-30 13:41:25.996516,PHY,0x4601,1,0,na,"[0,",0,0,1,409.8,+11.9dB,14.9us,"[0,",1,989.9,normal,0,valid,-14.6dB,-14.9dB,na,na,,,,
2025-07-30 13:41:26.000048,PHY,0x4601,2,,na,"[0,",,,11111,,+30.5dB,20.4us,"[0,",1,989.17,normal,0,valid,-11.9dB,-12.0dB,0.35us,+43.2Hz,,"[6,",,1
2025-07-30 13:41:26.000993,PHY,0x4601,1,0,na,"[0,",0,0,1,346.2,+11.1dB,17.4us,"[0,",1,989.18,normal,0,valid,-14.6dB,-14.9dB,na,na,,,,
2025-07-30 13:41:26.001468,PHY,0x4601,1,0,na,"[0,",0,0,1,354.3,+11.2dB,18.7us,"[0,",1,989.19,normal,0,valid,-14.6dB,-15.0dB,na,na,,,,
2025-07-30 13:41:26.005608,CSI,0x4601,2,,na,"[0,",,,1,,+32.4dB,17.1us,"[0,",1,990.8,normal,0,valid,-11.8dB,-12.0dB,0.38us,+21.3Hz,,"[6,",1111,1
2025-07-30 13:41:26.006555,PHY,0x4601,1,0,na,"[0,",0,0,1,361.6,+11.3dB,16.7us,"[0,",1,990.9,normal,0,valid,-14.7dB,-15.0dB,na,na,,,,
2025-07-30 13:41:26.010087,PHY,0x4601,2,,na,"[0,",,,11111,,+29.7dB,18.1us,"[0,",1,990.17,normal,0,valid,-11.8dB,-12.0dB,0.36us,+28.3Hz,,"[6,",,1
2025-07-30 13:41:26.011053,PHY,0x4601,1,0,na,"[0,",0,0,1,338.1,+11.0dB,20.7us,"[0,",1,990.18,normal,0,valid,-14.6dB,-15.0dB,na,na,,,,
2025-07-30 13:41:26.011501,PHY,0x4601,1,0,na,"[0,",0,0,1,343.7,+11.1dB,15.8us,"[0,",1,990.19,normal,0,valid,-14.6dB,-14.9dB,na,na,,,,
2025-07-30 13:41:26.015993,PHY,0x4601,1,0,na,"[0,",0,0,1,415.6,+12.0dB,23.1us,"[0,",1,991.8,normal,0,valid,-14.6dB,-14.9dB,na,na,,,,
2025-07-30 13:41:26.016450,PHY,0x4601,1,0,na,"[0,",0,0,1,411.1,+11.9dB,17.1us,"[0,",1,991.9,normal,0,valid,-14.6dB,-14.9dB,na,na,,,,
2025-07-30 13:41:26.020142,PHY,0x4601,2,,na,"[0,",,,11111,,+31.0dB,16.0us,"[0,",1,991.17,normal,0,valid,-12.0dB,-12.1dB,0.39us,-54.5Hz,,"[6,",,1
2025-07-30 13:41:26.020941,PHY,0x4601,1,0,na,"[0,",0,0,1,364.6,+11.3dB,16.5us,"[0,",1,991.18,normal,0,valid,-14.6dB,-15.0dB,na,na,,,,
2025-07-30 13:41:26.021544,PHY,0x4601,1,0,na,"[0,",0,0,1,346.8,+11.1dB,14.3us,"[0,",1,991.19,normal,0,valid,-14.6dB,-15.0dB,na,na,,,,
2025-07-30 13:41:26.025606,CSI,0x4601,2,,na,"[0,",,,1,,+32.0dB,12.4us,"[0,",1,992.8,normal,0,valid,-11.7dB,-11.9dB,0.37us,-5.7Hz,,"[6,",1111,1
2025-07-30 13:41:26.026487,PHY,0x4601,1,0,na,"[0,",0,0,1,357.8,+11.3dB,17.1us,"[0,",1,992.9,normal,0,valid,-14.6dB,-15.0dB,na,na,,,,
2025-07-30 13:41:26.030028,PHY,0x4601,2,,na,"[0,",,,11111,,+32.0dB,15.3us,"[0,",1,992.17,normal,0,valid,-11.9dB,-12.0dB,0.37us,+96.6Hz,,"[6,",,1
2025-07-30 13:41:26.030977,PHY,0x4601,1,0,na,"[0,",0,0,1,342.3,+11.1dB,22.1us,"[0,",1,992.18,normal,0,valid,-14.6dB,-15.0dB,na,na,,,,
2025-07-30 13:41:26.031445,PHY,0x4601,1,0,na,"[0,",0,0,1,350.2,+11.2dB,14.0us,"[0,",1,992.19,normal,0,valid,-14.6dB,-14.9dB,na,na,,,,
2025-07-30 13:41:26.036043,PHY,0x4601,1,0,na,"[0,",0,0,1,414.8,+11.9dB,20.3us,"[0,",1,993.8,normal,0,valid,-14.6dB,-14.9dB,na,na,,,,
2025-07-30 13:41:26.036540,PHY,0x4601,1,0,na,"[0,",0,0,1,401.8,+11.7dB,15.0us,"[0,",1,993.9,normal,0,valid,-14.7dB,-15.0dB,na,na,,,,
2025-07-30 13:41:26.040084,PHY,0x4601,2,,na,"[0,",,,11111,,+31.6dB,14.5us,"[0,",1,993.17,normal,0,valid,-11.9dB,-12.0dB,0.38us,-28.8Hz,,"[6,",,1
2025-07-30 13:41:26.041031,PHY,0x4601,1,0,na,"[0,",0,0,1,420.7,+12.0dB,16.5us,"[0,",1,993.18,normal,0,valid,-14.7dB,-14.9dB,na,na,,,,
2025-07-30 13:41:26.041478,PHY,0x4601,1,0,na,"[0,",0,0,1,411.7,+11.9dB,20.9us,"[0,",1,993.19,normal,0,valid,-14.7dB,-14.9dB,na,na,,,,
2025-07-30 13:41:26.045625,CSI,0x4601,2,,na,"[0,",,,1,,+30.1dB,15.9us,"[0,",1,994.8,normal,0,valid,-11.7dB,-11.8dB,0.37us,+64.4Hz,,"[6,",1111,1
2025-07-30 13:41:26.046448,PHY,0x4601,1,0,na,"[0,",0,0,1,356.0,+11.2dB,18.3us,"[0,",1,994.9,normal,0,valid,-14.6dB,-15.0dB,na,na,,,,
2025-07-30 13:41:26.050110,PHY,0x4601,2,,na,"[0,",,,11111,,+30.6dB,17.4us,"[0,",1,994.17,normal,0,valid,-11.9dB,-12.0dB,0.36us,+70.6Hz,,"[6,",,1
2025-07-30 13:41:26.051036,PHY,0x4601,1,0,na,"[0,",0,0,1,342.4,+11.1dB,18.7us,"[0,",1,994.18,normal,0,valid,-14.6dB,-14.9dB,na,na,,,,
2025-07-30 13:41:26.051537,PHY,0x4601,1,0,na,"[0,",0,0,1,346.7,+11.2dB,16.3us,"[0,",1,994.19,normal,0,valid,-14.6dB,-14.9dB,na,na,,,,
2025-07-30 13:41:26.056030,PHY,0x4601,1,0,na,"[0,",0,0,1,410.5,+11.9dB,18.2us,"[0,",1,995.8,normal,0,valid,-14.7dB,-14.9dB,na,na,,,,
2025-07-30 13:41:26.056469,PHY,0x4601,1,0,na,"[0,",0,0,1,426.0,+12.1dB,16.5us,"[0,",1,995.9,normal,0,valid,-14.6dB,-14.9dB,na,na,,,,
2025-07-30 13:41:26.060011,PHY,0x4601,2,,na,"[0,",,,11111,,+28.7dB,17.4us,"[0,",1,995.17,normal,0,valid,-11.9dB,-12.1dB,0.37us,-13.3Hz,,"[6,",,1
2025-07-30 13:41:26.060970,PHY,0x4601,1,0,na,"[0,",0,0,1,341.6,+11.1dB,27.9us,"[0,",1,995.18,normal,0,valid,-14.6dB,-15.0dB,na,na,,,,
2025-07-30 13:41:26.061538,PHY,0x4601,1,0,na,"[0,",0,0,1,355.6,+11.3dB,16.3us,"[0,",1,995.19,normal,0,valid,-14.6dB,-14.9dB,na,na,,,,
2025-07-30 13:41:26.065561,CSI,0x4601,2,,na,"[0,",,,1,,+29.4dB,15.7us,"[0,",1,996.8,normal,0,valid,-11.8dB,-11.9dB,0.38us,+3.3Hz,,"[6,",1111,1
2025-07-30 13:41:26.066540,PHY,0x4601,1,0,na,"[0,",0,0,1,410.3,+11.9dB,16.9us,"[0,",1,996.9,normal,0,valid,-14.7dB,-14.9dB,na,na,,,,
2025-07-30 13:41:26.070048,PHY,0x4601,2,,na,"[0,",,,11111,,+29.2dB,17.0us,"[0,",1,996.17,normal,0,valid,-11.8dB,-12.0dB,0.38us,+109.9Hz,,"[6,",,1
2025-07-30 13:41:26.071022,PHY,0x4601,1,0,na,"[0,",0,0,1,369.5,+11.4dB,16.0us,"[0,",1,996.18,normal,0,valid,-14.6dB,-14.9dB,na,na,,,,
2025-07-30 13:41:26.071461,PHY,0x4601,1,0,na,"[0,",0,0,1,358.2,+11.3dB,15.7us,"[0,",1,996.19,normal,0,valid,-14.6dB,-14.9dB,na,na,,,,
2025-07-30 13:41:26.075953,PHY,0x4601,1,0,na,"[0,",0,0,1,409.6,+11.9dB,16.9us,"[0,",1,997.8,normal,0,valid,-14.6dB,-14.9dB,na,na,,,,
2025-07-30 13:41:26.076538,PHY,0x4601,1,0,na,"[0,",0,0,1,425.5,+12.0dB,14.4us,"[0,",1,997.9,normal,0,valid,-14.6dB,-14.9dB,na,na,,,,
2025-07-30 13:41:26.080097,PHY,0x4601,2,,na,"[0,",,,11111,,+29.2dB,17.2us,"[0,",1,997.17,normal,0,valid,-11.9dB,-12.1dB,0.36us,-159.2Hz,,"[6,",,1
2025-07-30 13:41:26.081020,PHY,0x4601,1,0,na,"[0,",0,0,1,418.0,+12.0dB,19.7us,"[0,",1,997.18,normal,0,valid,-14.7dB,-14.9dB,na,na,,,,
2025-07-30 13:41:26.081524,PHY,0x4601,1,0,na,"[0,",0,0,1,407.6,+11.9dB,15.0us,"[0,",1,997.19,normal,0,valid,-14.6dB,-14.9dB,na,na,,,,
2025-07-30 13:41:26.085584,CSI,0x4601,2,,na,"[0,",,,1,,+31.7dB,11.4us,"[0,",1,998.8,normal,0,valid,-11.8dB,-11.9dB,0.34us,-6.4Hz,,"[6,",1111,1
2025-07-30 13:41:26.086468,PHY,0x4601,1,0,na,"[0,",0,0,1,397.7,+11.7dB,24.0us,"[0,",1,998.9,normal,0,valid,-14.6dB,-14.9dB,na,na,,,,
2025-07-30 13:41:26.090122,PHY,0x4601,2,,na,"[0,",,,11111,,+30.3dB,21.1us,"[0,",1,998.17,normal,0,valid,-12.0dB,-12.1dB,0.39us,-9.7Hz,,"[6,",,1
2025-07-30 13:41:26.090945,PHY,0x4601,1,0,na,"[0,",0,0,1,416.6,+11.9dB,16.1us,"[0,",1,998.18,normal,0,valid,-14.7dB,-14.9dB,na,na,,,,
2025-07-30 13:41:26.091534,PHY,0x4601,1,0,na,"[0,",0,0,1,424.7,+12.0dB,14.8us,"[0,",1,998.19,normal,0,valid,-14.7dB,-15.0dB,na,na,,,,
2025-07-30 13:41:26.096018,PHY,0x4601,1,0,na,"[0,",0,0,1,414.2,+11.9dB,22.8us,"[0,",1,999.8,normal,0,valid,-14.6dB,-14.9dB,na,na,,,,
2025-07-30 13:41:26.096533,PHY,0x4601,1,0,na,"[0,",0,0,1,417.8,+11.9dB,14.9us,"[0,",1,999.9,normal,0,valid,-14.6dB,-14.9dB,na,na,,,,
2025-07-30 13:41:26.100035,PHY,0x4601,2,,na,"[0,",,,11111,,+28.4dB,15.5us,"[0,",1,999.17,normal,0,valid,-12.0dB,-12.1dB,0.38us,-82.4Hz,,"[6,",,1
2025-07-30 13:41:26.101009,PHY,0x4601,1,0,na,"[0,",0,0,1,401.6,+11.8dB,16.6us,"[0,",1,999.18,normal,0,valid,-14.6dB,-14.9dB,na,na,,,,
2025-07-30 13:41:26.101456,PHY,0x4601,1,0,na,"[0,",0,0,1,417.3,+12.0dB,14.0us,"[0,",1,999.19,normal,0,valid,-14.6dB,-14.9dB,na,na,,,,
2025-07-30 13:41:26.105602,CSI,0x4601,2,,na,"[0,",,,1,,+28.7dB,13.2us,"[0,",1,1000.8,normal,0,valid,-11.8dB,-12.0dB,0.40us,+20.0Hz,,"[6,",1111,1
2025-07-30 13:41:26.106520,PHY,0x4601,1,0,na,"[0,",0,0,1,407.2,+11.8dB,15.9us,"[0,",1,1000.9,normal,0,valid,-14.7dB,-14.9dB,na,na,,,,
2025-07-30 13:41:26.110077,PHY,0x4601,2,,na,"[0,",,,11111,,+30.9dB,14.2us,"[0,",1,1000.17,normal,0,valid,-12.0dB,-12.1dB,0.35us,+62.4Hz,,"[6,",,1
2025-07-30 13:41:26.111009,PHY,0x4601,1,0,na,"[0,",0,0,1,417.8,+12.0dB,16.0us,"[0,",1,1000.18,normal,0,valid,-14.6dB,-14.9dB,na,na,,,,
2025-07-30 13:41:26.111508,PHY,0x4601,1,0,na,"[0,",0,0,1,411.4,+11.9dB,14.3us,"[0,",1,1000.19,normal,0,valid,-14.6dB,-14.9dB,na,na,,,,
2025-07-30 13:41:26.116020,PHY,0x4601,1,0,na,"[0,",0,0,1,414.6,+11.9dB,20.0us,"[0,",1,1001.8,normal,0,valid,-14.6dB,-14.9dB,na,na,,,,
2025-07-30 13:41:26.116455,PHY,0x4601,1,0,na,"[0,",0,0,1,400.9,+11.8dB,20.3us,"[0,",1,1001.9,normal,0,valid,-14.6dB,-14.9dB,na,na,,,,
2025-07-30 13:41:26.120111,PHY,0x4601,2,,na,"[0,",,,11111,,+29.5dB,16.2us,"[0,",1,1001.17,normal,0,valid,-12.0dB,-12.1dB,0.34us,+31.3Hz,,"[6,",,1
2025-07-30 13:41:26.121041,PHY,0x4601,1,0,na,"[0,",0,0,1,417.3,+12.0dB,15.9us,"[0,",1,1001.18,normal,0,valid,-14.6dB,-14.9dB,na,na,,,,
2025-07-30 13:41:26.121518,PHY,0x4601,1,0,na,"[0,",0,0,1,415.2,+11.9dB,14.2us,"[0,",1,1001.19,normal,0,valid,-14.6dB,-14.9dB,na,na,,,,
2025-07-30 13:41:26.125597,CSI,0x4601,2,,na,"[0,",,,1,,+29.2dB,11.3us,"[0,",1,1002.8,normal,0,valid,-11.8dB,-11.9dB,0.35us,-83.3Hz,,"[6,",1111,1
2025-07-30 13:41:26.126513,PHY,0x4601,1,0,na,"[0,",0,0,1,444.4,+12.2dB,16.7us,"[0,",1,1002.9,normal,0,valid,-14.7dB,-14.9dB,na,na,,,,
2025-07-30 13:41:26.130022,PHY,0x4601,2,,na,"[0,",,,11111,,+32.4dB,15.3us,"[0,",1,1002.17,normal,0,valid,-11.7dB,-11.9dB,0.37us,+27.7Hz,,"[6,",,1
2025-07-30 13:41:26.131007,PHY,0x4601,1,0,na,"[0,",0,0,1,413.9,+11.9dB,15.8us,"[0,",1,1002.18,normal,0,valid,-14.7dB,-14.9dB,na,na,,,,
2025-07-30 13:41:26.131435,PHY,0x4601,1,0,na,"[0,",0,0,1,407.6,+11.9dB,14.2us,"[0,",1,1002.19,normal,0,valid,-14.6dB,-14.9dB,na,na,,,,
2025-07-30 13:41:26.136038,PHY,0x4601,1,0,na,"[0,",0,0,1,421.4,+12.0dB,17.4us,"[0,",1,1003.8,normal,0,valid,-14.6dB,-14.9dB,na,na,,,,
2025-07-30 13:41:26.136522,PHY,0x4601,1,0,na,"[0,",0,0,1,405.8,+11.8dB,17.4us,"[0,",1,1003.9,normal,0,valid,-14.7dB,-15.0dB,na,na,,,,
2025-07-30 13:41:26.140073,PHY,0x4601,2,,na,"[0,",,,11111,,+29.2dB,15.4us,"[0,",1,1003.17,normal,0,valid,-11.9dB,-12.1dB,0.37us,-129.4Hz,,"[6,",,1
2025-07-30 13:41:26.140996,PHY,0x4601,1,0,na,"[0,",0,0,1,345.8,+11.1dB,17.4us,"[0,",1,1003.18,normal,0,valid,-14.6dB,-14.9dB,na,na,,,,
2025-07-30 13:41:26.141505,PHY,0x4601,1,0,na,"[0,",0,0,1,348.5,+11.2dB,17.6us,"[0,",1,1003.19,normal,0,valid,-14.6dB,-14.9dB,na,na,,,,
2025-07-30 13:41:26.145598,CSI,0x4601,2,,na,"[0,",,,1,,+31.6dB,13.0us,"[0,",1,1004.8,normal,0,valid,-11.8dB,-11.9dB,0.38us,-121.7Hz,,"[6,",1111,1
2025-07-30 13:41:26.146542,PHY,0x4601,1,0,na,"[0,",0,0,1,344.9,+11.1dB,16.0us,"[0,",1,1004.9,normal,0,valid,-14.7dB,-15.0dB,na,na,,,,
2025-07-30 13:41:26.150117,PHY,0x4601,2,,na,"[0,",,,11111,,+28.9dB,17.3us,"[0,",1,1004.17,normal,0,valid,-11.8dB,-12.0dB,0.38us,+148.3Hz,,"[6,",,1
2025-07-30 13:41:26.151036,PHY,0x4601,1,0,na,"[0,",0,0,1,403.5,+11.8dB,20.5us,"[0,",1,1004.18,normal,0,valid,-14.7dB,-14.9dB,na,na,,,,
2025-07-30 13:41:26.151503,PHY,0x4601,1,0,na,"[0,",0,0,1,420.1,+12.0dB,14.2us,"[0,",1,1004.19,normal,0,valid,-14.6dB,-14.9dB,na,na,,,,
2025-07-30 13:41:26.155995,PHY,0x4601,1,0,na,"[0,",0,0,1,410.8,+11.9dB,18.6us,"[0,",1,1005.8,normal,0,valid,-14.6dB,-14.9dB,na,na,,,,
2025-07-30 13:41:26.156520,PHY,0x4601,1,0,na,"[0,",0,0,1,425.2,+12.0dB,21.8us,"[0,",1,1005.9,normal,0,valid,-14.6dB,-14.9dB,na,na,,,,
2025-07-30 13:41:26.160134,PHY,0x4601,2,,na,"[0,",,,11111,,+30.3dB,14.9us,"[0,",1,1005.17,normal,0,valid,-11.7dB,-11.9dB,0.38us,+115.7Hz,,"[6,",,1
2025-07-30 13:41:26.160989,PHY,0x4601,1,0,na,"[0,",0,0,1,425.1,+12.0dB,16.5us,"[0,",1,1005.18,normal,0,valid,-14.6dB,-14.9dB,na,na,,,,
2025-07-30 13:41:26.161582,PHY,0x4601,1,0,na,"[0,",0,0,1,414.0,+11.9dB,14.3us,"[0,",1,1005.19,normal,0,valid,-14.6dB,-14.9dB,na,na,,,,
2025-07-30 13:41:26.165568,CSI,0x4601,2,,na,"[0,",,,1,,+33.2dB,14.8us,"[0,",1,1006.8,normal,0,valid,-11.8dB,-11.9dB,0.38us,-51.0Hz,,"[6,",1111,1
2025-07-30 13:41:26.166492,PHY,0x4601,1,0,na,"[0,",0,0,1,416.9,+11.9dB,16.4us,"[0,",1,1006.9,normal,0,valid,-14.7dB,-14.9dB,na,na,,,,
2025-07-30 13:41:26.170062,PHY,0x4601,2,,na,"[0,",,,11111,,+29.8dB,14.6us,"[0,",1,1006.17,normal,0,valid,-11.8dB,-12.0dB,0.38us,-82.4Hz,,"[6,",,1
2025-07-30 13:41:26.170983,PHY,0x4601,1,0,na,"[0,",0,0,1,414.1,+11.9dB,21.3us,"[0,",1,1006.18,normal,0,valid,-14.7dB,-14.9dB,na,na,,,,
2025-07-30 13:41:26.171493,PHY,0x4601,1,0,na,"[0,",0,0,1,407.4,+11.9dB,14.1us,"[0,",1,1006.19,normal,0,valid,-14.6dB,-14.9dB,na,na,,,,
2025-07-30 13:41:26.175990,PHY,0x4601,1,0,na,"[0,",0,0,1,411.7,+11.9dB,21.1us,"[0,",1,1007.8,normal,0,valid,-14.6dB,-14.9dB,na,na,,,,
2025-07-30 13:41:26.176537,PHY,0x4601,1,0,na,"[0,",0,0,1,413.4,+11.9dB,14.6us,"[0,",1,1007.9,normal,0,valid,-14.7dB,-14.9dB,na,na,,,,
2025-07-30 13:41:26.180106,PHY,0x4601,2,,na,"[0,",,,11111,,+31.6dB,17.4us,"[0,",1,1007.17,normal,0,valid,-12.0dB,-12.1dB,0.38us,+71.3Hz,,"[6,",,1
2025-07-30 13:41:26.181015,PHY,0x4601,1,0,na,"[0,",0,0,1,354.0,+11.2dB,16.5us,"[0,",1,1007.18,normal,0,valid,-14.7dB,-15.0dB,na,na,,,,
2025-07-30 13:41:26.181490,PHY,0x4601,1,0,na,"[0,",0,0,1,343.1,+11.1dB,14.9us,"[0,",1,1007.19,normal,0,valid,-14.7dB,-15.0dB,na,na,,,,
2025-07-30 13:41:26.185629,CSI,0x4601,2,,na,"[0,",,,1,,+30.6dB,13.7us,"[0,",1,1008.8,normal,0,valid,-11.7dB,-11.8dB,0.37us,+31.0Hz,,"[6,",1111,1
2025-07-30 13:41:26.186484,PHY,0x4601,1,0,na,"[0,",0,0,1,418.7,+11.9dB,16.1us,"[0,",1,1008.9,normal,0,valid,-14.6dB,-14.9dB,na,na,,,,
2025-07-30 13:41:26.190112,PHY,0x4601,2,,na,"[0,",,,11111,,+30.4dB,16.9us,"[0,",1,1008.17,normal,0,valid,-11.9dB,-12.0dB,0.34us,+51.5Hz,,"[6,",,1
2025-07-30 13:41:26.190976,PHY,0x4601,1,0,na,"[0,",0,0,1,365.7,+11.4dB,15.3us,"[0,",1,1008.18,normal,0,valid,-14.6dB,-14.9dB,na,na,,,,
2025-07-30 13:41:26.191524,PHY,0x4601,1,0,na,"[0,",0,0,1,339.4,+11.1dB,13.5us,"[0,",1,1008.19,normal,0,valid,-14.6dB,-14.9dB,na,na,,,,
2025-07-30 13:41:26.196026,PHY,0x4601,1,0,na,"[0,",0,0,1,396.3,+11.7dB,20.5us,"[0,",1,1009.8,normal,0,valid,-14.6dB,-14.9dB,na,na,,,,
2025-07-30 13:41:26.196508,PHY,0x4601,1,0,na,"[0,",0,0,1,425.9,+12.0dB,40.6us,"[0,",1,1009.9,normal,0,valid,-14.6dB,-14.9dB,na,na,,,,
2025-07-30 13:41:26.200050,PHY,0x4601,2,,na,"[0,",,,11111,,+29.2dB,14.6us,"[0,",1,1009.17,normal,0,valid,-11.8dB,-12.0dB,0.38us,+36.0Hz,,"[6,",,1
2025-07-30 13:41:26.200969,PHY,0x4601,1,0,na,"[0,",0,0,1,352.3,+11.2dB,16.9us,"[0,",1,1009.18,normal,0,valid,-14.6dB,-15.0dB,na,na,,,,
2025-07-30 13:41:26.201494,PHY,0x4601,1,0,na,"[0,",0,0,1,346.5,+11.1dB,24.4us,"[0,",1,1009.19,normal,0,valid,-14.7dB,-15.0dB,na,na,,,,
2025-07-30 13:41:26.205575,CSI,0x4601,2,,na,"[0,",,,1,,+31.4dB,16.8us,"[0,",1,1010.8,normal,0,valid,-11.7dB,-11.8dB,0.39us,+3.2Hz,,"[6,",1111,1
2025-07-30 13:41:26.206524,PHY,0x4601,1,0,na,"[0,",0,0,1,400.9,+11.8dB,16.2us,"[0,",1,1010.9,normal,0,valid,-14.6dB,-14.9dB,na,na,,,,
2025-07-30 13:41:26.210074,PHY,0x4601,2,,na,"[0,",,,11111,,+30.2dB,14.0us,"[0,",1,1010.17,normal,0,valid,-11.9dB,-12.0dB,0.37us,-45.4Hz,,"[6,",,1
2025-07-30 13:41:26.211014,PHY,0x4601,1,0,na,"[0,",0,0,1,413.8,+11.9dB,15.4us,"[0,",1,1010.18,normal,0,valid,-14.7dB,-15.0dB,na,na,,,,
2025-07-30 13:41:26.211479,PHY,0x4601,1,0,na,"[0,",0,0,1,410.2,+11.9dB,14.6us,"[0,",1,1010.19,normal,0,valid,-14.6dB,-14.9dB,na,na,,,,
2025-07-30 13:41:26.215984,PHY,0x4601,1,0,na,"[0,",0,0,1,400.9,+11.7dB,17.2us,"[0,",1,1011.8,normal,0,valid,-14.6dB,-14.9dB,na,na,,,,
2025-07-30 13:41:26.216451,PHY,0x4601,1,0,na,"[0,",0,0,1,421.4,+12.0dB,18.4us,"[0,",1,1011.9,normal,0,valid,-14.6dB,-14.9dB,na,na,,,,
2025-07-30 13:41:26.220096,PHY,0x4601,2,,na,"[0,",,,11111,,+31.4dB,15.5us,"[0,",1,1011.17,normal,0,valid,-11.9dB,-12.0dB,0.37us,+7.8Hz,,"[6,",,1
2025-07-30 13:41:26.221056,PHY,0x4601,1,0,na,"[0,",0,0,1,345.7,+11.2dB,16.2us,"[0,",1,1011.18,normal,0,valid,-14.6dB,-14.9dB,na,na,,,,
2025-07-30 13:41:26.221513,PHY,0x4601,1,0,na,"[0,",0,0,1,348.3,+11.2dB,13.4us,"[0,",1,1011.19,normal,0,valid,-14.7dB,-15.0dB,na,na,,,,
2025-07-30 13:41:26.225634,CSI,0x4601,2,,na,"[0,",,,1,,+30.8dB,18.0us,"[0,",1,1012.8,normal,0,valid,-11.8dB,-11.9dB,0.38us,-22.3Hz,,"[6,",1111,1
2025-07-30 13:41:26.226470,PHY,0x4601,1,0,na,"[0,",0,0,1,428.5,+12.1dB,15.6us,"[0,",1,1012.9,normal,0,valid,-14.6dB,-14.9dB,na,na,,,,
2025-07-30 13:41:26.230041,PHY,0x4601,2,,na,"[0,",,,11111,,+30.3dB,12.9us,"[0,",1,1012.17,normal,0,valid,-11.9dB,-12.0dB,0.37us,-82.6Hz,,"[6,",,1
2025-07-30 13:41:26.230954,PHY,0x4601,1,0,na,"[0,",0,0,1,413.5,+11.9dB,15.4us,"[0,",1,1012.18,normal,0,valid,-14.6dB,-14.9dB,na,na,,,,
2025-07-30 13:41:26.231569,PHY,0x4601,1,0,na,"[0,",0,0,1,417.7,+11.9dB,14.8us,"[0,",1,1012.19,normal,0,valid,-14.6dB,-14.9dB,na,na,,,,
2025-07-30 13:41:26.236059,PHY,0x4601,1,0,na,"[0,",0,0,1,420.1,+12.0dB,17.3us,"[0,",1,1013.8,normal,0,valid,-14.6dB,-14.9dB,na,na,,,,
2025-07-30 13:41:26.236517,PHY,0x4601,1,0,na,"[0,",0,0,1,416.8,+11.9dB,15.0us,"[0,",1,1013.9,normal,0,valid,-14.7dB,-14.9dB,na,na,,,,
2025-07-30 13:41:26.240045,PHY,0x4601,2,,na,"[0,",,,11111,,+30.2dB,15.4us,"[0,",1,1013.17,normal,0,valid,-11.8dB,-11.9dB,0.37us,+10.0Hz,,"[6,",,1
2025-07-30 13:41:26.240996,PHY,0x4601,1,0,na,"[0,",0,0,1,340.9,+11.1dB,16.3us,"[0,",1,1013.18,normal,0,valid,-14.6dB,-14.9dB,na,na,,,,
2025-07-30 13:41:26.241463,PHY,0x4601,1,0,na,"[0,",0,0,1,353.7,+11.2dB,14.4us,"[0,",1,1013.19,normal,0,valid,-14.6dB,-15.0dB,na,na,,,,
2025-07-30 13:41:26.245595,CSI,0x4601,2,,na,"[0,",,,1,,+30.9dB,13.2us,"[0,",1,1014.8,normal,0,valid,-11.8dB,-12.0dB,0.38us,-138.0Hz,,"[6,",1111,1
2025-07-30 13:41:26.246556,PHY,0x4601,1,0,na,"[0,",0,0,1,399.5,+11.8dB,17.1us,"[0,",1,1014.9,normal,0,valid,-14.7dB,-14.9dB,na,na,,,,
2025-07-30 13:41:26.250101,PHY,0x4601,2,,na,"[0,",,,11111,,+28.3dB,20.1us,"[0,",1,1014.17,normal,0,valid,-11.9dB,-12.0dB,0.39us,-72.7Hz,,"[6,",,1
2025-07-30 13:41:26.251046,PHY,0x4601,1,0,na,"[0,",0,0,1,412.5,+11.9dB,15.6us,"[0,",1,1014.18,normal,0,valid,-14.6dB,-14.9dB,na,na,,,,
2025-07-30 13:41:26.251499,PHY,0x4601,1,0,na,"[0,",0,0,1,397.2,+11.7dB,15.3us,"[0,",1,1014.19,normal,0,valid,-14.6dB,-14.9dB,na,na,,,,
2025-07-30 13:41:26.256001,PHY,0x4601,1,0,na,"[0,",0,0,1,416.1,+11.9dB,16.6us,"[0,",1,1015.8,normal,0,valid,-14.6dB,-14.9dB,na,na,,,,
2025-07-30 13:41:26.256487,PHY,0x4601,1,0,na,"[0,",0,0,1,403.9,+11.8dB,31.9us,"[0,",1,1015.9,normal,0,valid,-14.6dB,-14.9dB,na,na,,,,
2025-07-30 13:41:26.260117,PHY,0x4601,2,,na,"[0,",,,11111,,+29.8dB,15.0us,"[0,",1,1015.17,normal,0,valid,-11.9dB,-12.0dB,0.35us,+122.9Hz,,"[6,",,1
2025-07-30 13:41:26.260939,PHY,0x4601,1,0,na,"[0,",0,0,1,404.1,+11.8dB,16.0us,"[0,",1,1015.18,normal,0,valid,-14.6dB,-14.9dB,na,na,,,,
2025-07-30 13:41:26.261557,PHY,0x4601,1,0,na,"[0,",0,0,1,394.6,+11.7dB,14.0us,"[0,",1,1015.19,normal,0,valid,-14.6dB,-14.9dB,na,na,,,,
2025-07-30 13:41:26.265620,CSI,0x4601,2,,na,"[0,",,,1,,+31.6dB,12.5us,"[0,",1,1016.8,normal,0,valid,-11.8dB,-11.9dB,0.39us,+64.2Hz,,"[6,",1111,1
2025-07-30 13:41:26.266487,PHY,0x4601,1,0,na,"[0,",0,0,1,423.7,+12.0dB,15.8us,"[0,",1,1016.9,normal,0,valid,-14.7dB,-15.0dB,na,na,,,,
2025-07-30 13:41:26.270036,PHY,0x4601,2,,na,"[0,",,,11111,,+31.6dB,13.6us,"[0,",1,1016.17,normal,0,valid,-11.9dB,-12.0dB,0.35us,-62.7Hz,,"[6,",,1
2025-07-30 13:41:26.270988,PHY,0x4601,1,0,na,"[0,",0,0,1,404.4,+11.8dB,15.2us,"[0,",1,1016.18,normal,0,valid,-14.7dB,-15.0dB,na,na,,,,
2025-07-30 13:41:26.271445,PHY,0x4601,1,0,na,"[0,",0,0,1,407.4,+11.9dB,13.8us,"[0,",1,1016.19,normal,0,valid,-14.6dB,-14.9dB,na,na,,,,
2025-07-30 13:41:26.275969,PHY,0x4601,1,0,na,"[0,",0,0,1,431.3,+12.1dB,24.6us,"[0,",1,1017.8,normal,0,valid,-14.6dB,-14.8dB,na,na,,,,
2025-07-30 13:41:26.276552,PHY,0x4601,1,0,na,"[0,",0,0,1,405.4,+11.8dB,15.7us,"[0,",1,1017.9,normal,0,valid,-14.7dB,-14.9dB,na,na,,,,
2025-07-30 13:41:26.280094,PHY,0x4601,2,,na,"[0,",,,11111,,+29.0dB,17.0us,"[0,",1,1017.17,normal,0,valid,-11.8dB,-11.9dB,0.36us,+7.6Hz,,"[6,",,1
2025-07-30 13:41:26.281039,PHY,0x4601,1,0,na,"[0,",0,0,1,410.6,+11.9dB,17.8us,"[0,",1,1017.18,normal,0,valid,-14.7dB,-14.9dB,na,na,,,,
2025-07-30 13:41:26.281497,PHY,0x4601,1,0,na,"[0,",0,0,1,403.1,+11.8dB,15.8us,"[0,",1,1017.19,normal,0,valid,-14.6dB,-14.9dB,na,na,,,,
2025-07-30 13:41:26.285632,CSI,0x4601,2,,na,"[0,",,,1,,+29.3dB,16.9us,"[0,",1,1018.8,normal,0,valid,-11.8dB,-11.9dB,0.37us,+42.3Hz,,"[6,",1111,1
2025-07-30 13:41:26.286458,PHY,0x4601,1,0,na,"[0,",0,0,1,351.3,+11.2dB,16.9us,"[0,",1,1018.9,normal,0,valid,-14.6dB,-14.9dB,na,na,,,,
2025-07-30 13:41:26.290105,PHY,0x4601,2,,na,"[0,",,,11111,,+29.6dB,14.3us,"[0,",1,1018.17,normal,0,valid,-11.9dB,-12.0dB,0.37us,+69.0Hz,,"[6,",,1
2025-07-30 13:41:26.291039,PHY,0x4601,1,0,na,"[0,",0,0,1,344.7,+11.1dB,16.9us,"[0,",1,1018.18,normal,0,valid,-14.6dB,-15.0dB,na,na,,,,
2025-07-30 13:41:26.291542,PHY,0x4601,1,0,na,"[0,",0,0,1,362.2,+11.4dB,13.8us,"[0,",1,1018.19,normal,0,valid,-14.6dB,-14.9dB,na,na,,,,
2025-07-30 13:41:26.296039,PHY,0x4601,1,0,na,"[0,",0,0,1,406.5,+11.8dB,18.3us,"[0,",1,1019.8,normal,0,valid,-14.6dB,-14.9dB,na,na,,,,
2025-07-30 13:41:26.296486,PHY,0x4601,1,0,na,"[0,",0,0,1,408.8,+11.9dB,26.2us,"[0,",1,1019.9,normal,0,valid,-14.6dB,-14.9dB,na,na,,,,
2025-07-30 13:41:26.300019,PHY,0x4601,2,,na,"[0,",,,11111,,+30.4dB,14.3us,"[0,",1,1019.17,normal,0,valid,-11.9dB,-12.0dB,0.37us,+72.2Hz,,"[6,",,1
2025-07-30 13:41:26.300961,PHY,0x4601,1,0,na,"[0,",0,0,1,400.9,+11.8dB,16.7us,"[0,",1,1019.18,normal,0,valid,-14.6dB,-14.9dB,na,na,,,,
2025-07-30 13:41:26.301459,PHY,0x4601,1,0,na,"[0,",0,0,1,411.5,+11.9dB,31.1us,"[0,",1,1019.19,normal,0,valid,-14.6dB,-14.9dB,na,na,,,,
2025-07-30 13:41:26.305585,CSI,0x4601,2,,na,"[0,",,,1,,+29.8dB,14.1us,"[0,",1,1020.8,normal,0,valid,-11.8dB,-11.9dB,0.38us,-60.0Hz,,"[6,",1111,1
2025-07-30 13:41:26.306550,PHY,0x4601,1,0,na,"[0,",0,0,1,341.1,+11.1dB,29.8us,"[0,",1,1020.9,normal,0,valid,-14.6dB,-15.0dB,na,na,,,,
2025-07-30 13:41:26.310103,PHY,0x4601,2,,na,"[0,",,,11111,,+27.8dB,15.1us,"[0,",1,1020.17,normal,0,valid,-11.9dB,-12.0dB,0.35us,+101.8Hz,,"[6,",,1
2025-07-30 13:41:26.311033,PHY,0x4601,1,0,na,"[0,",0,0,1,404.7,+11.8dB,25.5us,"[0,",1,1020.18,normal,0,valid,-14.6dB,-14.9dB,na,na,,,,
2025-07-30 13:41:26.311481,PHY,0x4601,1,0,na,"[0,",0,0,1,414.5,+11.9dB,28.0us,"[0,",1,1020.19,normal,0,valid,-14.6dB,-14.9dB,na,na,,,,
2025-07-30 13:41:26.315970,PHY,0x4601,1,0,na,"[0,",0,0,1,417.7,+12.0dB,23.9us,"[0,",1,1021.8,normal,0,valid,-14.6dB,-14.9dB,na,na,,,,
2025-07-30 13:41:26.316547,PHY,0x4601,1,0,na,"[0,",0,0,1,409.3,+11.9dB,15.4us,"[0,",1,1021.9,normal,0,valid,-14.6dB,-14.9dB,na,na,,,,
2025-07-30 13:41:26.320099,PHY,0x4601,2,,na,"[0,",,,11111,,+29.2dB,14.1us,"[0,",1,1021.17,normal,0,valid,-12.0dB,-12.1dB,0.37us,-102.1Hz,,"[6,",,1
2025-07-30 13:41:26.321030,PHY,0x4601,1,0,na,"[0,",0,0,1,343.2,+11.1dB,23.7us,"[0,",1,1021.18,normal,0,valid,-14.6dB,-15.0dB,na,na,,,,
2025-07-30 13:41:26.321546,PHY,0x4601,1,0,na,"[0,",0,0,1,355.8,+11.3dB,28.0us,"[0,",1,1021.19,normal,0,valid,-14.6dB,-14.9dB,na,na,,,,
2025-07-30 13:41:26.325646,CSI,0x4601,2,,na,"[0,",,,1,,+32.0dB,13.2us,"[0,",1,1022.8,normal,0,valid,-11.9dB,-12.0dB,0.37us,-58.1Hz,,"[6,",1111,1
2025-07-30 13:41:26.326479,PHY,0x4601,1,0,na,"[0,",0,0,1,388.6,+11.6dB,17.6us,"[0,",1,1022.9,normal,0,valid,-14.7dB,-14.9dB,na,na,,,,
2025-07-30 13:41:26.330124,PHY,0x4601,2,,na,"[0,",,,11111,,+30.5dB,20.6us,"[0,",1,1022.17,normal,0,valid,-12.0dB,-12.1dB,0.35us,+49.9Hz,,"[6,",,1
2025-07-30 13:41:26.330950,PHY,0x4601,1,0,na,"[0,",0,0,1,403.2,+11.8dB,17.0us,"[0,",1,1022.18,normal,0,valid,-14.6dB,-14.9dB,na,na,,,,
2025-07-30 13:41:26.331531,PHY,0x4601,1,0,na,"[0,",0,0,1,426.3,+12.1dB,14.9us,"[0,",1,1022.19,normal,0,valid,-14.6dB,-14.9dB,na,na,,,,
2025-07-30 13:41:26.336024,PHY,0x4601,1,0,na,"[0,",0,0,1,422.8,+12.0dB,18.5us,"[0,",1,1023.8,normal,0,valid,-14.6dB,-14.9dB,na,na,,,,
2025-07-30 13:41:26.336535,PHY,0x4601,1,0,na,"[0,",0,0,1,411.4,+11.9dB,14.9us,"[0,",1,1023.9,normal,0,valid,-14.6dB,-14.9dB,na,na,,,,
2025-07-30 13:41:26.340040,PHY,0x4601,2,,na,"[0,",,,11111,,+31.4dB,14.9us,"[0,",1,1023.17,normal,0,valid,-11.9dB,-12.0dB,0.38us,+6.3Hz,,"[6,",,1
2025-07-30 13:41:26.341013,PHY,0x4601,1,0,na,"[0,",0,0,1,341.6,+11.1dB,17.5us,"[0,",1,1023.18,normal,0,valid,-14.6dB,-15.0dB,na,na,,,,
2025-07-30 13:41:26.341454,PHY,0x4601,1,0,na,"[0,",0,0,1,345.0,+11.1dB,15.1us,"[0,",1,1023.19,normal,0,valid,-14.6dB,-15.0dB,na,na,,,,
2025-07-30 13:41:26.345598,CSI,0x4601,2,,na,"[0,",,,1,,+31.3dB,13.9us,"[0,",1,0.8,normal,0,valid,-11.8dB,-11.9dB,0.37us,+62.2Hz,,"[6,",1111,1
2025-07-30 13:41:26.346526,PHY,0x4601,1,0,na,"[0,",0,0,1,410.9,+11.9dB,18.3us,"[0,",1,0.9,normal,0,valid,-14.6dB,-14.9dB,na,na,,,,
2025-07-30 13:41:26.350099,PHY,0x4601,2,,na,"[0,",,,11111,,+32.5dB,15.9us,"[0,",1,0.17,normal,0,valid,-11.9dB,-12.0dB,0.39us,+8.6Hz,,"[6,",,1
2025-07-30 13:41:26.351013,PHY,0x4601,1,0,na,"[0,",0,0,1,400.5,+11.8dB,16.9us,"[0,",1,0.18,normal,0,valid,-14.6dB,-14.9dB,na,na,,,,
2025-07-30 13:41:26.351517,PHY,0x4601,1,0,na,"[0,",0,0,1,403.6,+11.8dB,14.2us,"[0,",1,0.19,normal,0,valid,-14.6dB,-14.9dB,na,na,,,,
2025-07-30 13:41:26.356021,PHY,0x4601,1,0,na,"[0,",0,0,1,427.6,+12.0dB,26.3us,"[0,",1,1.8,normal,0,valid,-14.6dB,-14.9dB,na,na,,,,
2025-07-30 13:41:26.356456,PHY,0x4601,1,0,na,"[0,",0,0,1,412.8,+11.9dB,15.4us,"[0,",1,1.9,normal,0,valid,-14.6dB,-14.9dB,na,na,,,,
2025-07-30 13:41:26.360112,PHY,0x4601,2,,na,"[0,",,,11111,,+31.9dB,15.2us,"[0,",1,1.17,normal,0,valid,-11.9dB,-12.1dB,0.35us,-76.0Hz,,"[6,",,1
2025-07-30 13:41:26.360937,PHY,0x4601,1,0,na,"[0,",0,0,1,425.7,+12.0dB,16.0us,"[0,",1,1.18,normal,0,valid,-14.6dB,-14.9dB,na,na,,,,
2025-07-30 13:41:26.361514,PHY,0x4601,1,0,na,"[0,",0,0,1,400.5,+11.8dB,13.9us,"[0,",1,1.19,normal,0,valid,-14.6dB,-14.9dB,na,na,,,,
2025-07-30 13:41:26.365609,CSI,0x4601,2,,na,"[0,",,,1,,+32.7dB,12.1us,"[0,",1,2.8,normal,0,valid,-11.8dB,-11.9dB,0.37us,-15.2Hz,,"[6,",1111,1
2025-07-30 13:41:26.366555,PHY,0x4601,1,0,na,"[0,",0,0,1,410.8,+11.9dB,17.3us,"[0,",1,2.9,normal,0,valid,-14.7dB,-14.9dB,na,na,,,,
2025-07-30 13:41:26.370036,PHY,0x4601,2,,na,"[0,",,,11111,,+30.2dB,23.3us,"[0,",1,2.17,normal,0,valid,-11.8dB,-11.9dB,0.38us,+70.5Hz,,"[6,",,1
2025-07-30 13:41:26.371004,PHY,0x4601,1,0,na,"[0,",0,0,1,335.2,+11.0dB,16.3us,"[0,",1,2.18,normal,0,valid,-14.7dB,-15.0dB,na,na,,,,
2025-07-30 13:41:26.371437,PHY,0x4601,1,0,na,"[0,",0,0,1,359.5,+11.3dB,15.4us,"[0,",1,2.19,normal,0,valid,-14.7dB,-15.0dB,na,na,,,,
2025-07-30 13:41:26.376047,PHY,0x4601,1,0,na,"[0,",0,0,1,412.4,+11.9dB,22.0us,"[0,",1,3.8,normal,0,valid,-14.6dB,-14.9dB,na,na,,,,
2025-07-30 13:41:26.376515,PHY,0x4601,1,0,na,"[0,",0,0,1,408.1,+11.8dB,14.1us,"[0,",1,3.9,normal,0,valid,-14.6dB,-14.9dB,na,na,,,,
2025-07-30 13:41:26.380080,PHY,0x4601,2,,na,"[0,",,,11111,,+32.4dB,14.6us,"[0,",1,3.17,normal,0,valid,-11.8dB,-11.9dB,0.35us,+56.4Hz,,"[6,",,1
2025-07-30 13:41:26.381007,PHY,0x4601,1,0,na,"[0,",0,0,1,421.8,+12.0dB,15.6us,"[0,",1,3.18,normal,0,valid,-14.6dB,-14.9dB,na,na,,,,
2025-07-30 13:41:26.381517,PHY,0x4601,1,0,na,"[0,",0,0,1,399.7,+11.8dB,22.3us,"[0,",1,3.19,normal,0,valid,-14.6dB,-14.9dB,na,na,,,,
2025-07-30 13:41:26.385623,CSI,0x4601,2,,na,"[0,",,,1,,+30.7dB,17.4us,"[0,",1,4.8,normal,0,valid,-11.8dB,-11.9dB,0.38us,-38.2Hz,,"[6,",1111,1
2025-07-30 13:41:26.386443,PHY,0x4601,1,0,na,"[0,",0,0,1,412.1,+11.9dB,16.7us,"[0,",1,4.9,normal,0,valid,-14.6dB,-14.9dB,na,na,,,,
2025-07-30 13:41:26.390101,PHY,0x4601,2,,na,"[0,",,,11111,,+31.1dB,16.0us,"[0,",1,4.17,normal,0,valid,-11.8dB,-11.9dB,0.36us,+61.4Hz,,"[6,",,1
2025-07-30 13:41:26.391052,PHY,0x4601,1,0,na,"[0,",0,0,1,357.5,+11.3dB,16.4us,"[0,",1,4.18,normal,0,valid,-14.6dB,-14.9dB,na,na,,,,
2025-07-30 13:41:26.391516,PHY,0x4601,1,0,na,"[0,",0,0,1,346.9,+11.1dB,22.3us,"[0,",1,4.19,normal,0,valid,-14.7dB,-15.0dB,na,na,,,,
2025-07-30 13:41:26.396001,PHY,0x4601,1,0,na,"[0,",0,0,1,407.6,+11.8dB,23.9us,"[0,",1,5.8,normal,0,valid,-14.6dB,-14.9dB,na,na,,,,
2025-07-30 13:41:26.396523,PHY,0x4601,1,0,na,"[0,",0,0,1,415.0,+11.9dB,14.7us,"[0,",1,5.9,normal,0,valid,-14.6dB,-14.9dB,na,na,,,,
2025-07-30 13:41:26.400026,PHY,0x4601,2,,na,"[0,",,,11111,,+30.6dB,17.9us,"[0,",1,5.17,normal,0,valid,-11.9dB,-12.1dB,0.38us,+64.3Hz,,"[6,",,1
2025-07-30 13:41:26.401002,PHY,0x4601,1,0,na,"[0,",0,0,1,432.5,+12.1dB,23.0us,"[0,",1,5.18,normal,0,valid,-14.6dB,-14.9dB,na,na,,,,
2025-07-30 13:41:26.401549,PHY,0x4601,1,0,na,"[0,",0,0,1,409.1,+11.9dB,21.2us,"[0,",1,5.19,normal,0,valid,-14.6dB,-14.9dB,na,na,,,,
2025-07-30 13:41:26.405611,CSI,0x4601,2,,na,"[0,",,,1,,+29.8dB,16.1us,"[0,",1,6.8,normal,0,valid,-11.7dB,-11.8dB,0.36us,-5.7Hz,,"[6,",1111,1
2025-07-30 13:41:26.406516,PHY,0x4601,1,0,na,"[0,",0,0,1,343.1,+11.1dB,25.5us,"[0,",1,6.9,normal,0,valid,-14.6dB,-15.0dB,na,na,,,,
2025-07-30 13:41:26.410076,PHY,0x4601,2,,na,"[0,",,,11111,,+27.1dB,23.5us,"[0,",1,6.17,normal,0,valid,-12.0dB,-12.1dB,0.35us,+51.3Hz,,"[6,",,1
2025-07-30 13:41:26.410993,PHY,0x4601,1,0,na,"[0,",0,0,1,340.5,+11.0dB,25.4us,"[0,",1,6.18,normal,0,valid,-14.6dB,-15.0dB,na,na,,,,
2025-07-30 13:41:26.411515,PHY,0x4601,1,0,na,"[0,",0,0,1,347.0,+11.2dB,27.6us,"[0,",1,6.19,normal,0,valid,-14.6dB,-14.9dB,na,na,,,,
2025-07-30 13:41:26.416002,PHY,0x4601,1,0,na,"[0,",0,0,1,423.1,+12.0dB,26.6us,"[0,",1,7.8,normal,0,valid,-14.6dB,-14.9dB,na,na,,,,
2025-07-30 13:41:26.416547,PHY,0x4601,1,0,na,"[0,",0,0,1,409.5,+11.9dB,25.3us,"[0,",1,7.9,normal,0,valid,-14.6dB,-14.9dB,na,na,,,,
2025-07-30 13:41:26.420114,PHY,0x4601,2,,na,"[0,",,,11111,,+33.5dB,16.7us,"[0,",1,7.17,normal,0,valid,-11.8dB,-12.0dB,0.37us,+22.4Hz,,"[6,",,1
2025-07-30 13:41:26.421034,PHY,0x4601,1,0,na,"[0,",0,0,1,394.6,+11.7dB,26.7us,"[0,",1,7.18,normal,0,valid,-14.6dB,-14.9dB,na,na,,,,
2025-07-30 13:41:26.421509,PHY,0x4601,1,0,na,"[0,",0,0,1,400.0,+11.8dB,26.8us,"[0,",1,7.19,normal,0,valid,-14.6dB,-14.9dB,na,na,,,,
2025-07-30 13:41:26.425598,CSI,0x4601,2,,na,"[0,",,,1,,+32.4dB,12.5us,"[0,",1,8.8,normal,0,valid,-11.8dB,-11.9dB,0.38us,+9.6Hz,,"[6,",1111,1
2025-07-30 13:41:26.426502,PHY,0x4601,1,0,na,"[0,",0,0,1,358.7,+11.3dB,17.1us,"[0,",1,8.9,normal,0,valid,-14.6dB,-14.9dB,na,na,,,,
2025-07-30 13:41:26.430133,PHY,0x4601,2,,na,"[0,",,,11111,,+31.4dB,15.1us,"[0,",1,8.17,normal,0,valid,-11.9dB,-12.0dB,0.37us,-78.1Hz,,"[6,",,1
2025-07-30 13:41:26.430983,PHY,0x4601,1,0,na,"[0,",0,0,1,346.2,+11.1dB,16.1us,"[0,",1,8.18,normal,0,valid,-14.7dB,-15.0dB,na,na,,,,
2025-07-30 13:41:26.431526,PHY,0x4601,1,0,na,"[0,",0,0,1,330.6,+11.0dB,14.4us,"[0,",1,8.19,normal,0,valid,-14.7dB,-15.0dB,na,na,,,,
2025-07-30 13:41:26.436018,PHY,0x4601,1,0,na,"[0,",0,0,1,398.7,+11.7dB,16.5us,"[0,",1,9.8,normal,0,valid,-14.6dB,-14.9dB,na,na,,,,
2025-07-30 13:41:26.436506,PHY,0x4601,1,0,na,"[0,",0,0,1,420.9,+12.0dB,16.2us,"[0,",1,9.9,normal,0,valid,-14.7dB,-14.9dB,na,na,,,,
2025-07-30 13:41:26.440066,PHY,0x4601,2,,na,"[0,",,,11111,,+29.4dB,20.5us,"[0,",1,9.17,normal,0,valid,-12.0dB,-12.1dB,0.36us,-4.2Hz,,"[6,",,1
2025-07-30 13:41:26.440983,PHY,0x4601,1,0,na,"[0,",0,0,1,418.0,+11.9dB,15.6us,"[0,",1,9.18,normal,0,valid,-14.6dB,-14.9dB,na,na,,,,
2025-07-30 13:41:26.441494,PHY,0x4601,1,0,na,"[0,",0,0,1,415.5,+11.9dB,20.4us,"[0,",1,9.19,normal,0,valid,-14.6dB,-14.9dB,na,na,,,,
2025-07-30 13:41:26.445593,CSI,0x4601,2,,na,"[0,",,,1,,+30.2dB,19.6us,"[0,",1,10.8,normal,0,valid,-11.8dB,-11.9dB,0.36us,-127.4Hz,,"[6,",1111,1
2025-07-30 13:41:26.446531,PHY,0x4601,1,0,na,"[0,",0,0,1,414.9,+11.9dB,16.5us,"[0,",1,10.9,normal,0,valid,-14.6dB,-14.9dB,na,na,,,,
2025-07-30 13:41:26.450074,PHY,0x4601,2,,na,"[0,",,,11111,,+29.4dB,16.7us,"[0,",1,10.17,normal,0,valid,-11.9dB,-12.0dB,0.36us,+131.5Hz,,"[6,",,1
2025-07-30 13:41:26.451013,PHY,0x4601,1,0,na,"[0,",0,0,1,410.3,+11.9dB,15.5us,"[0,",1,10.18,normal,0,valid,-14.7dB,-14.9dB,na,na,,,,
2025-07-30 13:41:26.451477,PHY,0x4601,1,0,na,"[0,",0,0,1,412.8,+11.9dB,14.7us,"[0,",1,10.19,normal,0,valid,-14.6dB,-14.8dB,na,na,,,,
2025-07-30 13:41:26.455978,PHY,0x4601,1,0,na,"[0,",0,0,1,394.7,+11.7dB,16.8us,"[0,",1,11.8,normal,0,valid,-14.6dB,-15.0dB,na,na,,,,
2025-07-30 13:41:26.456512,PHY,0x4601,1,0,na,"[0,",0,0,1,412.2,+11.9dB,19.2us,"[0,",1,11.9,normal,0,valid,-14.6dB,-14.9dB,na,na,,,,
2025-07-30 13:41:26.460108,PHY,0x4601,2,,na,"[0,",,,11111,,+28.4dB,15.4us,"[0,",1,11.17,normal,0,valid,-11.9dB,-12.1dB,0.37us,-88.8Hz,,"[6,",,1
2025-07-30 13:41:26.461067,PHY,0x4601,1,0,na,"[0,",0,0,1,353.4,+11.2dB,16.5us,"[0,",1,11.18,normal,0,valid,-14.6dB,-15.0dB,na,na,,,,
2025-07-30 13:41:26.461520,PHY,0x4601,1,0,na,"[0,",0,0,1,343.4,+11.1dB,15.2us,"[0,",1,11.19,normal,0,valid,-14.7dB,-15.0dB,na,na,,,,
2025-07-30 13:41:26.465644,CSI,0x4601,2,,na,"[0,",,,1,,+32.2dB,14.7us,"[0,",1,12.8,normal,0,valid,-11.7dB,-11.8dB,0.36us,-2.1Hz,,"[6,",1111,1
2025-07-30 13:41:26.466488,PHY,0x4601,1,0,na,"[0,",0,0,1,338.5,+11.0dB,21.9us,"[0,",1,12.9,normal,0,valid,-14.6dB,-15.0dB,na,na,,,,
2025-07-30 13:41:26.470042,PHY,0x4601,2,,na,"[0,",,,11111,,+30.0dB,13.7us,"[0,",1,12.17,normal,0,valid,-11.8dB,-11.9dB,0.38us,+73.8Hz,,"[6,",,1
2025-07-30 13:41:26.470965,PHY,0x4601,1,0,na,"[0,",0,0,1,335.7,+11.0dB,22.7us,"[0,",1,12.18,normal,0,valid,-14.6dB,-15.0dB,na,na,,,,
2025-07-30 13:41:26.471483,PHY,0x4601,1,0,na,"[0,",0,0,1,347.1,+11.2dB,14.1us,"[0,",1,12.19,normal,0,valid,-14.6dB,-14.9dB,na,na,,,,
2025-07-30 13:41:26.476061,PHY,0x4601,1,0,na,"[0,",0,0,1,418.7,+12.0dB,16.4us,"[0,",1,13.8,normal,0,valid,-14.6dB,-14.9dB,na,na,,,,
2025-07-30 13:41:26.476534,PHY,0x4601,1,0,na,"[0,",0,0,1,410.4,+11.9dB,21.9us,"[0,",1,13.9,normal,0,valid,-14.7dB,-14.9dB,na,na,,,,
2025-07-30 13:41:26.480085,PHY,0x4601,2,,na,"[0,",,,11111,,+32.0dB,19.5us,"[0,",1,13.17,normal,0,valid,-11.9dB,-12.0dB,0.35us,+8.7Hz,,"[6,",,1
2025-07-30 13:41:26.480993,PHY,0x4601,1,0,na,"[0,",0,0,1,356.3,+11.3dB,16.0us,"[0,",1,13.18,normal,0,valid,-14.6dB,-14.9dB,na,na,,,,
2025-07-30 13:41:26.481467,PHY,0x4601,1,0,na,"[0,",0,0,1,343.2,+11.1dB,13.9us,"[0,",1,13.19,normal,0,valid,-14.6dB,-15.0dB,na,na,,,,
2025-07-30 13:41:26.485600,CSI,0x4601,2,,na,"[0,",,,1,,+30.6dB,14.4us,"[0,",1,14.8,normal,0,valid,-11.8dB,-11.9dB,0.36us,-67.9Hz,,"[6,",1111,1
2025-07-30 13:41:26.486564,PHY,0x4601,1,0,na,"[0,",0,0,1,430.5,+12.1dB,16.3us,"[0,",1,14.9,normal,0,valid,-14.6dB,-14.9dB,na,na,,,,
2025-07-30 13:41:26.490118,PHY,0x4601,2,,na,"[0,",,,11111,,+29.5dB,13.4us,"[0,",1,14.17,normal,0,valid,-11.9dB,-12.0dB,0.36us,-14.6Hz,,"[6,",,1
2025-07-30 13:41:26.491053,PHY,0x4601,1,0,na,"[0,",0,0,1,417.8,+12.0dB,17.4us,"[0,",1,14.18,normal,0,valid,-14.6dB,-14.9dB,na,na,,,,
2025-07-30 13:41:26.491508,PHY,0x4601,1,0,na,"[0,",0,0,1,413.7,+11.9dB,14.9us,"[0,",1,14.19,normal,0,valid,-14.6dB,-14.9dB,na,na,,,,
2025-07-30 13:41:26.495992,PHY,0x4601,1,0,na,"[0,",0,0,1,382.8,+11.6dB,18.0us,"[0,",1,15.8,normal,0,valid,-14.6dB,-14.9dB,na,na,,,,
2025-07-30 13:41:26.496466,PHY,0x4601,1,0,na,"[0,",0,0,1,400.3,+11.8dB,14.7us,"[0,",1,15.9,normal,0,valid,-14.6dB,-14.9dB,na,na,,,,
2025-07-30 13:41:26.500129,PHY,0x4601,2,,na,"[0,",,,11111,,+30.6dB,15.5us,"[0,",1,15.17,normal,0,valid,-11.9dB,-12.0dB,0.38us,+26.0Hz,,"[6,",,1
2025-07-30 13:41:26.500946,PHY,0x4601,1,0,na,"[0,",0,0,1,418.7,+12.0dB,16.1us,"[0,",1,15.18,normal,0,valid,-14.6dB,-14.9dB,na,na,,,,
2025-07-30 13:41:26.501554,PHY,0x4601,1,0,na,"[0,",0,0,1,408.2,+11.9dB,14.0us,"[0,",1,15.19,normal,0,valid,-14.6dB,-14.9dB,na,na,,,,
2025-07-30 13:41:26.505551,CSI,0x4601,2,,na,"[0,",,,1,,+31.8dB,13.0us,"[0,",1,16.8,normal,0,valid,-11.9dB,-12.0dB,0.38us,-45.2Hz,,"[6,",1111,1
2025-07-30 13:41:26.506502,PHY,0x4601,1,0,na,"[0,",0,0,1,402.3,+11.8dB,20.6us,"[0,",1,16.9,normal,0,valid,-14.7dB,-15.0dB,na,na,,,,
2025-07-30 13:41:26.510034,PHY,0x4601,2,,na,"[0,",,,11111,,+31.1dB,15.6us,"[0,",1,16.17,normal,0,valid,-11.8dB,-12.0dB,0.38us,+0.1Hz,,"[6,",,1
2025-07-30 13:41:26.510978,PHY,0x4601,1,0,na,"[0,",0,0,1,355.8,+11.3dB,18.2us,"[0,",1,16.18,normal,0,valid,-14.6dB,-14.9dB,na,na,,,,
2025-07-30 13:41:26.511455,PHY,0x4601,1,0,na,"[0,",0,0,1,354.3,+11.2dB,14.2us,"[0,",1,16.19,normal,0,valid,-14.6dB,-14.9dB,na,na,,,,
2025-07-30 13:41:26.515956,PHY,0x4601,1,0,na,"[0,",0,0,1,409.4,+11.8dB,16.6us,"[0,",1,17.8,normal,0,valid,-14.6dB,-14.9dB,na,na,,,,
2025-07-30 13:41:26.516554,PHY,0x4601,1,0,na,"[0,",0,0,1,408.2,+11.8dB,16.8us,"[0,",1,17.9,normal,0,valid,-14.7dB,-14.9dB,na,na,,,,
2025-07-30 13:41:26.520103,PHY,0x4601,2,,na,"[0,",,,11111,,+31.7dB,15.5us,"[0,",1,17.17,normal,0,valid,-11.9dB,-12.0dB,0.36us,-64.6Hz,,"[6,",,1
2025-07-30 13:41:26.521042,PHY,0x4601,1,0,na,"[0,",0,0,1,415.1,+11.9dB,15.6us,"[0,",1,17.18,normal,0,valid,-14.6dB,-14.9dB,na,na,,,,
2025-07-30 13:41:26.521493,PHY,0x4601,1,0,na,"[0,",0,0,1,400.6,+11.8dB,13.9us,"[0,",1,17.19,normal,0,valid,-14.7dB,-14.9dB,na,na,,,,
2025-07-30 13:41:26.525634,CSI,0x4601,2,,na,"[0,",,,1,,+30.1dB,15.8us,"[0,",1,18.8,normal,0,valid,-11.7dB,-11.9dB,0.38us,-65.8Hz,,"[6,",1111,1
2025-07-30 13:41:26.526449,PHY,0x4601,1,0,na,"[0,",0,0,1,402.1,+11.8dB,15.8us,"[0,",1,18.9,normal,0,valid,-14.7dB,-14.9dB,na,na,,,,
2025-07-30 13:41:26.530112,PHY,0x4601,2,,na,"[0,",,,11111,,+29.8dB,17.3us,"[0,",1,18.17,normal,0,valid,-11.9dB,-12.0dB,0.38us,-63.9Hz,,"[6,",,1
2025-07-30 13:41:26.530943,PHY,0x4601,1,0,na,"[0,",0,0,1,393.4,+11.7dB,15.9us,"[0,",1,18.18,normal,0,valid,-14.7dB,-14.9dB,na,na,,,,
2025-07-30 13:41:26.531547,PHY,0x4601,1,0,na,"[0,",0,0,1,402.6,+11.8dB,15.0us,"[0,",1,18.19,normal,0,valid,-14.6dB,-14.9dB,na,na,,,,
2025-07-30 13:41:26.536052,PHY,0x4601,1,0,na,"[0,",0,0,1,406.4,+11.8dB,22.6us,"[0,",1,19.8,normal,0,valid,-14.6dB,-14.9dB,na,na,,,,
2025-07-30 13:41:26.536503,PHY,0x4601,1,0,na,"[0,",0,0,1,421.7,+12.0dB,15.4us,"[0,",1,19.9,normal,0,valid,-14.7dB,-14.9dB,na,na,,,,
2025-07-30 13:41:26.540033,PHY,0x4601,2,,na,"[0,",,,11111,,+28.6dB,15.1us,"[0,",1,19.17,normal,0,valid,-11.9dB,-12.0dB,0.37us,+25.5Hz,,"[6,",,1
2025-07-30 13:41:26.540974,PHY,0x4601,1,0,na,"[0,",0,0,1,413.9,+11.9dB,23.5us,"[0,",1,19.18,normal,0,valid,-14.6dB,-14.9dB,na,na,,,,
2025-07-30 13:41:26.541446,PHY,0x4601,1,0,na,"[0,",0,0,1,417.4,+12.0dB,14.0us,"[0,",1,19.19,normal,0,valid,-14.6dB,-14.9dB,na,na,,,,
2025-07-30 13:41:26.545588,CSI,0x4601,2,,na,"[0,",,,1,,+32.6dB,13.6us,"[0,",1,20.8,normal,0,valid,-11.7dB,-11.8dB,0.38us,+110.4Hz,,"[6,",1111,1
2025-07-30 13:41:26.546546,PHY,0x4601,1,0,na,"[0,",0,0,1,423.3,+12.0dB,17.2us,"[0,",1,20.9,normal,0,valid,-14.6dB,-14.9dB,na,na,,,,
2025-07-30 13:41:26.550070,PHY,0x4601,2,,na,"[0,",,,11111,,+31.7dB,14.6us,"[0,",1,20.17,normal,0,valid,-11.9dB,-12.0dB,0.38us,+77.1Hz,,"[6,",,1
2025-07-30 13:41:26.551037,PHY,0x4601,1,0,na,"[0,",0,0,1,413.5,+11.9dB,16.6us,"[0,",1,20.18,normal,0,valid,-14.6dB,-14.9dB,na,na,,,,
2025-07-30 13:41:26.551472,PHY,0x4601,1,0,na,"[0,",0,0,1,393.1,+11.7dB,14.0us,"[0,",1,20.19,normal,0,valid,-14.6dB,-14.9dB,na,na,,,,
2025-07-30 13:41:26.555984,PHY,0x4601,1,0,na,"[0,",0,0,1,392.1,+11.7dB,16.9us,"[0,",1,21.8,normal,0,valid,-14.6dB,-14.9dB,na,na,,,,
2025-07-30 13:41:26.556445,PHY,0x4601,1,0,na,"[0,",0,0,1,411.1,+11.9dB,15.8us,"[0,",1,21.9,normal,0,valid,-14.6dB,-14.9dB,na,na,,,,
2025-07-30 13:41:26.560110,PHY,0x4601,2,,na,"[0,",,,11111,,+28.4dB,15.4us,"[0,",1,21.17,normal,0,valid,-11.7dB,-11.9dB,0.38us,+57.0Hz,,"[6,",,1
2025-07-30 13:41:26.561033,PHY,0x4601,1,0,na,"[0,",0,0,1,406.9,+11.8dB,16.6us,"[0,",1,21.18,normal,0,valid,-14.7dB,-15.0dB,na,na,,,,
2025-07-30 13:41:26.561543,PHY,0x4601,1,0,na,"[0,",0,0,1,426.1,+12.0dB,14.0us,"[0,",1,21.19,normal,0,valid,-14.7dB,-15.0dB,na,na,,,,
2025-07-30 13:41:26.565608,CSI,0x4601,2,,na,"[0,",,,1,,+30.5dB,15.8us,"[0,",1,22.8,normal,0,valid,-11.8dB,-11.9dB,0.36us,+5.4Hz,,"[6,",1111,1
2025-07-30 13:41:26.566468,PHY,0x4601,1,0,na,"[0,",0,0,1,340.6,+11.1dB,16.0us,"[0,",1,22.9,normal,0,valid,-14.6dB,-15.0dB,na,na,,,,
2025-07-30 13:41:26.570012,PHY,0x4601,2,,na,"[0,",,,11111,,+30.2dB,14.7us,"[0,",1,22.17,normal,0,valid,-11.9dB,-12.0dB,0.38us,+58.8Hz,,"[6,",,1
2025-07-30 13:41:26.570955,PHY,0x4601,1,0,na,"[0,",0,0,1,336.3,+11.0dB,16.2us,"[0,",1,22.18,normal,0,valid,-14.6dB,-15.0dB,na,na,,,,
2025-07-30 13:41:26.571539,PHY,0x4601,1,0,na,"[0,",0,0,1,347.5,+11.1dB,14.2us,"[0,",1,22.19,normal,0,valid,-14.6dB,-15.0dB,na,na,,,,
2025-07-30 13:41:26.576026,PHY,0x4601,1,0,na,"[0,",0,0,1,404.5,+11.8dB,16.3us,"[0,",1,23.8,normal,0,valid,-14.6dB,-14.9dB,na,na,,,,
2025-07-30 13:41:26.576540,PHY,0x4601,1,0,na,"[0,",0,0,1,407.3,+11.8dB,15.8us,"[0,",1,23.9,normal,0,valid,-14.6dB,-14.9dB,na,na,,,,
2025-07-30 13:41:26.580054,PHY,0x4601,2,,na,"[0,",,,11111,,+30.0dB,16.4us,"[0,",1,23.17,normal,0,valid,-11.8dB,-12.0dB,0.36us,+80.9Hz,,"[6,",,1
2025-07-30 13:41:26.581027,PHY,0x4601,1,0,na,"[0,",0,0,1,397.3,+11.7dB,18.7us,"[0,",1,23.18,normal,0,valid,-14.6dB,-14.9dB,na,na,,,,
2025-07-30 13:41:26.581465,PHY,0x4601,1,0,na,"[0,",0,0,1,403.7,+11.8dB,16.9us,"[0,",1,23.19,normal,0,valid,-14.7dB,-14.9dB,na,na,,,,
2025-07-30 13:41:26.585613,CSI,0x4601,2,,na,"[0,",,,1,,+29.8dB,14.6us,"[0,",1,24.8,normal,0,valid,-11.8dB,-11.9dB,0.38us,-124.1Hz,,"[6,",1111,1
2025-07-30 13:41:26.586534,PHY,0x4601,1,0,na,"[0,",0,0,1,342.1,+11.1dB,17.8us,"[0,",1,24.9,normal,0,valid,-14.7dB,-15.0dB,na,na,,,,
2025-07-30 13:41:26.590089,PHY,0x4601,2,,na,"[0,",,,11111,,+28.6dB,17.2us,"[0,",1,24.17,normal,0,valid,-11.9dB,-12.1dB,0.38us,-19.0Hz,,"[6,",,1
2025-07-30 13:41:26.591026,PHY,0x4601,1,0,na,"[0,",0,0,1,408.3,+11.9dB,22.7us,"[0,",1,24.18,normal,0,valid,-14.6dB,-14.9dB,na,na,,,,
2025-07-30 13:41:26.591533,PHY,0x4601,1,0,na,"[0,",0,0,1,400.2,+11.8dB,19.2us,"[0,",1,24.19,normal,0,valid,-14.7dB,-15.0dB,na,na,,,,
2025-07-30 13:41:26.596014,PHY,0x4601,1,0,na,"[0,",0,0,1,401.2,+11.8dB,16.9us,"[0,",1,25.8,normal,0,valid,-14.6dB,-14.9dB,na,na,,,,
2025-07-30 13:41:26.596463,PHY,0x4601,1,0,na,"[0,",0,0,1,409.1,+11.9dB,15.8us,"[0,",1,25.9,normal,0,valid,-14.6dB,-14.9dB,na,na,,,,
2025-07-30 13:41:26.600110,PHY,0x4601,2,,na,"[0,",,,11111,,+28.8dB,15.8us,"[0,",1,25.17,normal,0,valid,-11.9dB,-12.0dB,0.37us,-26.4Hz,,"[6,",,1
2025-07-30 13:41:26.600943,PHY,0x4601,1,0,na,"[0,",0,0,1,404.1,+11.8dB,15.9us,"[0,",1,25.18,normal,0,valid,-14.6dB,-14.9dB,na,na,,,,
2025-07-30 13:41:26.601523,PHY,0x4601,1,0,na,"[0,",0,0,1,392.7,+11.7dB,14.3us,"[0,",1,25.19,normal,0,valid,-14.7dB,-14.9dB,na,na,,,,
2025-07-30 13:41:26.605622,CSI,0x4601,2,,na,"[0,",,,1,,+29.5dB,15.5us,"[0,",1,26.8,normal,0,valid,-11.8dB,-11.9dB,0.36us,+9.1Hz,,"[6,",1111,1
2025-07-30 13:41:26.606524,PHY,0x4601,1,0,na,"[0,",0,0,1,338.2,+11.0dB,15.9us,"[0,",1,26.9,normal,0,valid,-14.7dB,-15.0dB,na,na,,,,
2025-07-30 13:41:26.610033,PHY,0x4601,2,,na,"[0,",,,11111,,+32.8dB,13.9us,"[0,",1,26.17,normal,0,valid,-12.0dB,-12.2dB,0.37us,-67.4Hz,,"[6,",,1
2025-07-30 13:41:26.611010,PHY,0x4601,1,0,na,"[0,",0,0,1,341.4,+11.1dB,16.8us,"[0,",1,26.18,normal,0,valid,-14.7dB,-15.0dB,na,na,,,,
2025-07-30 13:41:26.611445,PHY,0x4601,1,0,na,"[0,",0,0,1,343.0,+11.1dB,14.7us,"[0,",1,26.19,normal,0,valid,-14.6dB,-15.0dB,na,na,,,,
2025-07-30 13:41:26.615956,PHY,0x4601,1,0,na,"[0,",0,0,1,410.2,+11.9dB,18.4us,"[0,",1,27.8,normal,0,valid,-14.6dB,-14.9dB,na,na,,,,
2025-07-30 13:41:26.616523,PHY,0x4601,1,0,na,"[0,",0,0,1,413.9,+11.9dB,14.8us,"[0,",1,27.9,normal,0,valid,-14.6dB,-14.9dB,na,na,,,,
2025-07-30 13:41:26.620087,PHY,0x4601,2,,na,"[0,",,,11111,,+30.7dB,16.2us,"[0,",1,27.17,normal,0,valid,-11.8dB,-11.9dB,0.36us,-53.9Hz,,"[6,",,1
2025-07-30 13:41:26.621008,PHY,0x4601,1,0,na,"[0,",0,0,1,345.4,+11.1dB,16.5us,"[0,",1,27.18,normal,0,valid,-14.6dB,-15.0dB,na,na,,,,
2025-07-30 13:41:26.621517,PHY,0x4601,1,0,na,"[0,",0,0,1,340.7,+11.1dB,14.8us,"[0,",1,27.19,normal,0,valid,-14.6dB,-14.9dB,na,na,,,,
2025-07-30 13:41:26.625618,CSI,0x4601,2,,na,"[0,",,,1,,+32.3dB,11.9us,"[0,",1,28.8,normal,0,valid,-11.8dB,-11.9dB,0.38us,-21.0Hz,,"[6,",1111,1
2025-07-30 13:41:26.626441,PHY,0x4601,1,0,na,"[0,",0,0,1,342.4,+11.1dB,15.9us,"[0,",1,28.9,normal,0,valid,-14.6dB,-15.0dB,na,na,,,,
2025-07-30 13:41:26.630107,PHY,0x4601,2,,na,"[0,",,,11111,,+32.2dB,17.4us,"[0,",1,28.17,normal,0,valid,-11.9dB,-12.0dB,0.36us,-71.5Hz,,"[6,",,1
2025-07-30 13:41:26.631051,PHY,0x4601,1,0,na,"[0,",0,0,1,413.3,+11.9dB,17.5us,"[0,",1,28.18,normal,0,valid,-14.7dB,-14.9dB,na,na,,,,
2025-07-30 13:41:26.631513,PHY,0x4601,1,0,na,"[0,",0,0,1,406.9,+11.9dB,14.0us,"[0,",1,28.19,normal,0,valid,-14.7dB,-14.9dB,na,na,,,,
2025-07-30 13:41:26.636011,PHY,0x4601,1,0,na,"[0,",0,0,1,412.4,+11.9dB,16.4us,"[0,",1,29.8,normal,0,valid,-14.6dB,-14.9dB,na,na,,,,
2025-07-30 13:41:26.636527,PHY,0x4601,1,0,na,"[0,",0,0,1,408.2,+11.9dB,14.6us,"[0,",1,29.9,normal,0,valid,-14.6dB,-14.9dB,na,na,,,,
2025-07-30 13:41:26.640026,PHY,0x4601,2,,na,"[0,",,,11111,,+29.7dB,17.1us,"[0,",1,29.17,normal,0,valid,-11.7dB,-11.8dB,0.37us,+30.4Hz,,"[6,",,1
2025-07-30 13:41:26.641014,PHY,0x4601,1,0,na,"[0,",0,0,1,347.8,+11.2dB,15.7us,"[0,",1,29.18,normal,0,valid,-14.6dB,-14.9dB,na,na,,,,
2025-07-30 13:41:26.641435,PHY,0x4601,1,0,na,"[0,",0,0,1,342.9,+11.1dB,14.3us,"[0,",1,29.19,normal,0,valid,-14.6dB,-14.9dB,na,na,,,,
2025-07-30 13:41:26.645608,CSI,0x4601,2,,na,"[0,",,,1,,+28.9dB,13.6us,"[0,",1,30.8,normal,0,valid,-11.9dB,-12.0dB,0.38us,-29.7Hz,,"[6,",1111,1
2025-07-30 13:41:26.646507,PHY,0x4601,1,0,na,"[0,",0,0,1,343.3,+11.1dB,16.7us,"[0,",1,30.9,normal,0,valid,-14.7dB,-14.9dB,na,na,,,,
2025-07-30 13:41:26.650084,PHY,0x4601,2,,na,"[0,",,,11111,,+32.3dB,13.6us,"[0,",1,30.17,normal,0,valid,-11.9dB,-12.0dB,0.39us,-94.8Hz,,"[6,",,1
2025-07-30 13:41:26.650994,PHY,0x4601,1,0,na,"[0,",0,0,1,342.6,+11.1dB,15.3us,"[0,",1,30.18,normal,0,valid,-14.6dB,-15.0dB,na,na,,,,
2025-07-30 13:41:26.651509,PHY,0x4601,1,0,na,"[0,",0,0,1,326.6,+10.9dB,15.2us,"[0,",1,30.19,normal,0,valid,-14.7dB,-15.0dB,na,na,,,,
2025-07-30 13:41:26.656006,PHY,0x4601,1,0,na,"[0,",0,0,1,403.5,+11.8dB,16.8us,"[0,",1,31.8,normal,0,valid,-14.6dB,-14.9dB,na,na,,,,
2025-07-30 13:41:26.656547,PHY,0x4601,1,0,na,"[0,",0,0,1,417.0,+11.9dB,18.0us,"[0,",1,31.9,normal,0,valid,-14.7dB,-14.9dB,na,na,,,,
2025-07-30 13:41:26.660093,PHY,0x4601,2,,na,"[0,",,,11111,,+31.2dB,16.9us,"[0,",1,31.17,normal,0,valid,-12.0dB,-12.1dB,0.35us,-46.8Hz,,"[6,",,1
2025-07-30 13:41:26.661029,PHY,0x4601,1,0,na,"[0,",0,0,1,394.2,+11.7dB,15.9us,"[0,",1,31.18,normal,0,valid,-14.6dB,-14.9dB,na,na,,,,
2025-07-30 13:41:26.661497,PHY,0x4601,1,0,na,"[0,",0,0,1,397.5,+11.8dB,13.7us,"[0,",1,31.19,normal,0,valid,-14.7dB,-14.9dB,na,na,,,,
2025-07-30 13:41:26.665614,CSI,0x4601,2,,na,"[0,",,,1,,+28.8dB,15.8us,"[0,",1,32.8,normal,0,valid,-11.7dB,-11.8dB,0.36us,-33.8Hz,,"[6,",1111,1
2025-07-30 13:41:26.666518,PHY,0x4601,1,0,na,"[0,",0,0,1,398.7,+11.8dB,16.5us,"[0,",1,32.9,normal,0,valid,-14.7dB,-14.9dB,na,na,,,,
2025-07-30 13:41:26.670126,PHY,0x4601,2,,na,"[0,",,,11111,,+32.6dB,18.1us,"[0,",1,32.17,normal,0,valid,-11.9dB,-12.1dB,0.38us,+84.1Hz,,"[6,",,1
2025-07-30 13:41:26.670991,PHY,0x4601,1,0,na,"[0,",0,0,1,393.4,+11.7dB,16.3us,"[0,",1,32.18,normal,0,valid,-14.6dB,-14.9dB,na,na,,,,
2025-07-30 13:41:26.671542,PHY,0x4601,1,0,na,"[0,",0,0,1,408.1,+11.9dB,16.1us,"[0,",1,32.19,normal,0,valid,-14.6dB,-14.9dB,na,na,,,,
2025-07-30 13:41:26.676025,PHY,0x4601,1,0,na,"[0,",0,0,1,417.3,+12.0dB,16.9us,"[0,",1,33.8,normal,0,valid,-14.6dB,-14.9dB,na,na,,,,
2025-07-30 13:41:26.676501,PHY,0x4601,1,0,na,"[0,",0,0,1,416.7,+11.9dB,15.2us,"[0,",1,33.9,normal,0,valid,-14.6dB,-14.9dB,na,na,,,,
2025-07-30 13:41:26.680064,PHY,0x4601,2,,na,"[0,",,,11111,,+30.4dB,15.0us,"[0,",1,33.17,normal,0,valid,-11.9dB,-12.0dB,0.37us,-20.8Hz,,"[6,",,1
2025-07-30 13:41:26.680980,PHY,0x4601,1,0,na,"[0,",0,0,1,415.0,+11.9dB,16.6us,"[0,",1,33.18,normal,0,valid,-14.6dB,-14.9dB,na,na,,,,
2025-07-30 13:41:26.681494,PHY,0x4601,1,0,na,"[0,",0,0,1,393.6,+11.7dB,13.8us,"[0,",1,33.19,normal,0,valid,-14.7dB,-14.9dB,na,na,,,,
2025-07-30 13:41:26.685671,CSI,0x4601,2,,na,"[0,",,,1,,+29.9dB,13.6us,"[0,",1,34.8,normal,0,valid,-11.8dB,-12.0dB,0.35us,-85.2Hz,,"[6,",1111,1
2025-07-30 13:41:26.686540,PHY,0x4601,1,0,na,"[0,",0,0,1,408.7,+11.8dB,21.2us,"[0,",1,34.9,normal,0,valid,-14.7dB,-15.0dB,na,na,,,,
2025-07-30 13:41:26.690099,PHY,0x4601,2,,na,"[0,",,,11111,,+29.2dB,14.6us,"[0,",1,34.17,normal,0,valid,-11.7dB,-11.9dB,0.39us,-49.4Hz,,"[6,",,1
2025-07-30 13:41:26.691019,PHY,0x4601,1,0,na,"[0,",0,0,1,335.6,+11.0dB,18.2us,"[0,",1,34.18,normal,0,valid,-14.7dB,-15.0dB,na,na,,,,
2025-07-30 13:41:26.691491,PHY,0x4601,1,0,na,"[0,",0,0,1,346.1,+11.2dB,15.3us,"[0,",1,34.19,normal,0,valid,-14.6dB,-14.9dB,na,na,,,,
2025-07-30 13:41:26.695984,PHY,0x4601,1,0,na,"[0,",0,0,1,396.7,+11.7dB,16.5us,"[0,",1,35.8,normal,0,valid,-14.6dB,-14.9dB,na,na,,,,
2025-07-30 13:41:26.696497,PHY,0x4601,1,0,na,"[0,",0,0,1,387.6,+11.6dB,28.3us,"[0,",1,35.9,normal,0,valid,-14.6dB,-14.9dB,na,na,,,,
2025-07-30 13:41:26.700127,PHY,0x4601,2,,na,"[0,",,,11111,,+30.6dB,21.9us,"[0,",1,35.17,normal,0,valid,-11.9dB,-12.0dB,0.38us,+132.0Hz,,"[6,",,1
2025-07-30 13:41:26.700983,PHY,0x4601,1,0,na,"[0,",0,0,1,337.8,+11.0dB,17.8us,"[0,",1,35.18,normal,0,valid,-14.6dB,-15.0dB,na,na,,,,
2025-07-30 13:41:26.701538,PHY,0x4601,1,0,na,"[0,",0,0,1,357.8,+11.3dB,22.0us,"[0,",1,35.19,normal,0,valid,-14.6dB,-15.0dB,na,na,,,,
2025-07-30 13:41:26.705654,CSI,0x4601,2,,na,"[0,",,,1,,+30.6dB,14.3us,"[0,",1,36.8,normal,0,valid,-11.8dB,-11.9dB,0.38us,-3.2Hz,,"[6,",1111,1
2025-07-30 13:41:26.706486,PHY,0x4601,1,0,na,"[0,",0,0,1,336.7,+11.0dB,17.5us,"[0,",1,36.9,normal,0,valid,-14.7dB,-15.0dB,na,na,,,,
2025-07-30 13:41:26.710058,PHY,0x4601,2,,na,"[0,",,,11111,,+29.7dB,19.3us,"[0,",1,36.17,normal,0,valid,-11.8dB,-12.0dB,0.38us,+52.8Hz,,"[6,",,1
2025-07-30 13:41:26.710965,PHY,0x4601,1,0,na,"[0,",0,0,1,388.3,+11.6dB,16.1us,"[0,",1,36.18,normal,0,valid,-14.6dB,-14.9dB,na,na,,,,
2025-07-30 13:41:26.711487,PHY,0x4601,1,0,na,"[0,",0,0,1,405.3,+11.8dB,15.9us,"[0,",1,36.19,normal,0,valid,-14.6dB,-14.9dB,na,na,,,,
2025-07-30 13:41:26.716064,PHY,0x4601,1,0,na,"[0,",0,0,1,421.8,+12.0dB,17.4us,"[0,",1,37.8,normal,0,valid,-14.6dB,-14.9dB,na,na,,,,
2025-07-30 13:41:26.716535,PHY,0x4601,1,0,na,"[0,",0,0,1,404.0,+11.8dB,15.6us,"[0,",1,37.9,normal,0,valid,-14.6dB,-14.9dB,na,na,,,,
2025-07-30 13:41:26.720088,PHY,0x4601,2,,na,"[0,",,,11111,,+29.7dB,16.8us,"[0,",1,37.17,normal,0,valid,-12.0dB,-12.1dB,0.38us,-24.7Hz,,"[6,",,1
2025-07-30 13:41:26.721014,PHY,0x4601,1,0,na,"[0,",0,0,1,395.2,+11.7dB,23.7us,"[0,",1,37.18,normal,0,valid,-14.7dB,-14.9dB,na,na,,,,
2025-07-30 13:41:26.721481,PHY,0x4601,1,0,na,"[0,",0,0,1,390.7,+11.7dB,14.0us,"[0,",1,37.19,normal,0,valid,-14.6dB,-14.9dB,na,na,,,,
2025-07-30 13:41:26.725607,CSI,0x4601,2,,na,"[0,",,,1,,+31.8dB,15.4us,"[0,",1,38.8,normal,0,valid,-11.7dB,-11.8dB,0.38us,+45.0Hz,,"[6,",1111,1
2025-07-30 13:41:26.726438,PHY,0x4601,1,0,na,"[0,",0,0,1,354.1,+11.2dB,17.2us,"[0,",1,38.9,normal,0,valid,-14.7dB,-15.0dB,na,na,,,,
2025-07-30 13:41:26.730093,PHY,0x4601,2,,na,"[0,",,,11111,,+28.5dB,14.8us,"[0,",1,38.17,normal,0,valid,-11.9dB,-12.1dB,0.36us,-51.1Hz,,"[6,",,1
2025-07-30 13:41:26.731057,PHY,0x4601,1,0,na,"[0,",0,0,1,345.8,+11.1dB,16.3us,"[0,",1,38.18,normal,0,valid,-14.6dB,-15.0dB,na,na,,,,
2025-07-30 13:41:26.731513,PHY,0x4601,1,0,na,"[0,",0,0,1,354.9,+11.2dB,14.5us,"[0,",1,38.19,normal,0,valid,-14.7dB,-15.0dB,na,na,,,,
2025-07-30 13:41:26.736004,PHY,0x4601,1,0,na,"[0,",0,0,1,408.3,+11.9dB,16.2us,"[0,",1,39.8,normal,0,valid,-14.6dB,-14.9dB,na,na,,,,
2025-07-30 13:41:26.736464,PHY,0x4601,1,0,na,"[0,",0,0,1,404.7,+11.8dB,14.7us,"[0,",1,39.9,normal,0,valid,-14.6dB,-14.9dB,na,na,,,,
2025-07-30 13:41:26.740039,PHY,0x4601,2,,na,"[0,",,,11111,,+30.3dB,14.7us,"[0,",1,39.17,normal,0,valid,-11.9dB,-12.0dB,0.38us,-89.3Hz,,"[6,",,1
2025-07-30 13:41:26.740955,PHY,0x4601,1,0,na,"[0,",0,0,1,400.4,+11.7dB,17.1us,"[0,",1,39.18,normal,0,valid,-14.7dB,-15.0dB,na,na,,,,
2025-07-30 13:41:26.741561,PHY,0x4601,1,0,na,"[0,",0,0,1,389.5,+11.6dB,14.2us,"[0,",1,39.19,normal,0,valid,-14.7dB,-14.9dB,na,na,,,,
2025-07-30 13:41:26.745584,CSI,0x4601,2,,na,"[0,",,,1,,+28.4dB,15.4us,"[0,",1,40.8,normal,0,valid,-11.8dB,-11.9dB,0.37us,+14.0Hz,,"[6,",1111,1
2025-07-30 13:41:26.746511,PHY,0x4601,1,0,na,"[0,",0,0,1,400.6,+11.7dB,16.5us,"[0,",1,40.9,normal,0,valid,-14.7dB,-15.0dB,na,na,,,,
2025-07-30 13:41:26.750046,PHY,0x4601,2,,na,"[0,",,,11111,,+30.8dB,16.6us,"[0,",1,40.17,normal,0,valid,-11.9dB,-12.0dB,0.39us,+61.2Hz,,"[6,",,1
2025-07-30 13:41:26.750996,PHY,0x4601,1,0,na,"[0,",0,0,1,348.6,+11.2dB,16.8us,"[0,",1,40.18,normal,0,valid,-14.7dB,-15.0dB,na,na,,,,
2025-07-30 13:41:26.751462,PHY,0x4601,1,0,na,"[0,",0,0,1,333.6,+10.9dB,15.4us,"[0,",1,40.19,normal,0,valid,-14.6dB,-15.0dB,na,na,,,,
2025-07-30 13:41:26.755958,PHY,0x4601,1,0,na,"[0,",0,0,1,414.4,+11.9dB,18.0us,"[0,",1,41.8,normal,0,valid,-14.6dB,-14.9dB,na,na,,,,
2025-07-30 13:41:26.756566,PHY,0x4601,1,0,na,"[0,",0,0,1,409.8,+11.8dB,14.7us,"[0,",1,41.9,normal,0,valid,-14.6dB,-14.9dB,na,na,,,,
2025-07-30 13:41:26.760084,PHY,0x4601,2,,na,"[0,",,,11111,,+32.2dB,22.3us,"[0,",1,41.17,normal,0,valid,-11.9dB,-12.0dB,0.36us,+23.8Hz,,"[6,",,1
2025-07-30 13:41:26.761052,PHY,0x4601,1,0,na,"[0,",0,0,1,344.8,+11.1dB,21.6us,"[0,",1,41.18,normal,0,valid,-14.6dB,-15.0dB,na,na,,,,
2025-07-30 13:41:26.761493,PHY,0x4601,1,0,na,"[0,",0,0,1,333.5,+11.0dB,14.6us,"[0,",1,41.19,normal,0,valid,-14.6dB,-15.0dB,na,na,,,,
2025-07-30 13:41:26.765619,CSI,0x4601,2,,na,"[0,",,,1,,+31.7dB,15.3us,"[0,",1,42.8,normal,0,valid,-11.8dB,-11.9dB,0.36us,+19.9Hz,,"[6,",1111,1
2025-07-30 13:41:26.766469,PHY,0x4601,1,0,na,"[0,",0,0,1,419.2,+12.0dB,20.3us,"[0,",1,42.9,normal,0,valid,-14.7dB,-14.9dB,na,na,,,,
2025-07-30 13:41:26.770125,PHY,0x4601,2,,na,"[0,",,,11111,,+27.3dB,14.4us,"[0,",1,42.17,normal,0,valid,-11.9dB,-12.0dB,0.38us,+3.5Hz,,"[6,",,1
2025-07-30 13:41:26.770945,PHY,0x4601,1,0,na,"[0,",0,0,1,395.7,+11.7dB,16.0us,"[0,",1,42.18,normal,0,valid,-14.6dB,-14.9dB,na,na,,,,
2025-07-30 13:41:26.771555,PHY,0x4601,1,0,na,"[0,",0,0,1,407.2,+11.8dB,19.9us,"[0,",1,42.19,normal,0,valid,-14.6dB,-14.9dB,na,na,,,,
2025-07-30 13:41:26.776038,PHY,0x4601,1,0,na,"[0,",0,0,1,383.6,+11.6dB,16.1us,"[0,",1,43.8,normal,0,valid,-14.6dB,-14.9dB,na,na,,,,
2025-07-30 13:41:26.776509,PHY,0x4601,1,0,na,"[0,",0,0,1,396.5,+11.7dB,19.8us,"[0,",1,43.9,normal,0,valid,-14.6dB,-14.9dB,na,na,,,,
2025-07-30 13:41:26.780030,PHY,0x4601,2,,na,"[0,",,,11111,,+30.6dB,15.1us,"[0,",1,43.17,normal,0,valid,-11.8dB,-11.9dB,0.37us,-26.8Hz,,"[6,",,1
2025-07-30 13:41:26.780977,PHY,0x4601,1,0,na,"[0,",0,0,1,412.7,+11.9dB,16.3us,"[0,",1,43.18,normal,0,valid,-14.6dB,-14.9dB,na,na,,,,
2025-07-30 13:41:26.781445,PHY,0x4601,1,0,na,"[0,",0,0,1,393.2,+11.7dB,15.3us,"[0,",1,43.19,normal,0,valid,-14.6dB,-14.9dB,na,na,,,,
2025-07-30 13:41:26.785584,CSI,0x4601,2,,na,"[0,",,,1,,+32.5dB,15.2us,"[0,",1,44.8,normal,0,valid,-11.6dB,-11.8dB,0.38us,+19.6Hz,,"[6,",1111,1
2025-07-30 13:41:26.786546,PHY,0x4601,1,0,na,"[0,",0,0,1,397.5,+11.8dB,16.3us,"[0,",1,44.9,normal,0,valid,-14.7dB,-14.9dB,na,na,,,,
2025-07-30 13:41:26.790082,PHY,0x4601,2,,na,"[0,",,,11111,,+32.4dB,15.5us,"[0,",1,44.17,normal,0,valid,-11.8dB,-12.0dB,0.38us,-37.2Hz,,"[6,",,1
2025-07-30 13:41:26.791037,PHY,0x4601,1,0,na,"[0,",0,0,1,406.5,+11.8dB,17.4us,"[0,",1,44.18,normal,0,valid,-14.7dB,-14.9dB,na,na,,,,
2025-07-30 13:41:26.791511,PHY,0x4601,1,0,na,"[0,",0,0,1,393.1,+11.7dB,28.4us,"[0,",1,44.19,normal,0,valid,-14.6dB,-14.9dB,na,na,,,,
2025-07-30 13:41:26.795982,PHY,0x4601,1,0,na,"[0,",0,0,1,414.8,+11.9dB,20.1us,"[0,",1,45.8,normal,0,valid,-14.6dB,-14.9dB,na,na,,,,
2025-07-30 13:41:26.796460,PHY,0x4601,1,0,na,"[0,",0,0,1,395.4,+11.7dB,14.9us,"[0,",1,45.9,normal,0,valid,-14.6dB,-14.9dB,na,na,,,,
2025-07-30 13:41:26.800127,PHY,0x4601,2,,na,"[0,",,,11111,,+27.2dB,27.0us,"[0,",1,45.17,normal,0,valid,-11.7dB,-11.8dB,0.36us,+112.7Hz,,"[6,",,1
2025-07-30 13:41:26.801045,PHY,0x4601,1,0,na,"[0,",0,0,1,394.5,+11.7dB,17.7us,"[0,",1,45.18,normal,0,valid,-14.6dB,-14.9dB,na,na,,,,
2025-07-30 13:41:26.801551,PHY,0x4601,1,0,na,"[0,",0,0,1,403.1,+11.8dB,15.9us,"[0,",1,45.19,normal,0,valid,-14.7dB,-14.9dB,na,na,,,,
2025-07-30 13:41:26.805644,CSI,0x4601,2,,na,"[0,",,,1,,+31.3dB,16.3us,"[0,",1,46.8,normal,0,valid,-11.8dB,-11.9dB,0.38us,-78.8Hz,,"[6,",1111,1
2025-07-30 13:41:26.806497,PHY,0x4601,1,0,na,"[0,",0,0,1,339.0,+11.0dB,22.8us,"[0,",1,46.9,normal,0,valid,-14.7dB,-15.0dB,na,na,,,,
2025-07-30 13:41:26.810025,PHY,0x4601,2,,na,"[0,",,,11111,,+29.5dB,18.7us,"[0,",1,46.17,normal,0,valid,-11.9dB,-12.0dB,0.35us,-47.6Hz,,"[6,",,1
2025-07-30 13:41:26.810970,PHY,0x4601,1,0,na,"[0,",0,0,1,407.1,+11.8dB,23.2us,"[0,",1,46.18,normal,0,valid,-14.6dB,-14.9dB,na,na,,,,
2025-07-30 13:41:26.811442,PHY,0x4601,1,0,na,"[0,",0,0,1,417.9,+11.9dB,15.1us,"[0,",1,46.19,normal,0,valid,-14.6dB,-14.9dB,na,na,,,,
2025-07-30 13:41:26.816044,PHY,0x4601,1,0,na,"[0,",0,0,1,406.4,+11.9dB,21.2us,"[0,",1,47.8,normal,0,valid,-14.6dB,-14.9dB,na,na,,,,
2025-07-30 13:41:26.816550,PHY,0x4601,1,0,na,"[0,",0,0,1,403.5,+11.8dB,15.4us,"[0,",1,47.9,normal,0,valid,-14.6dB,-14.9dB,na,na,,,,
2025-07-30 13:41:26.820059,PHY,0x4601,2,,na,"[0,",,,11111,,+30.7dB,19.3us,"[0,",1,47.17,normal,0,valid,-11.9dB,-12.0dB,0.39us,+36.0Hz,,"[6,",,1
2025-07-30 13:41:26.821036,PHY,0x4601,1,0,na,"[0,",0,0,1,348.1,+11.2dB,16.9us,"[0,",1,47.18,normal,0,valid,-14.7dB,-15.0dB,na,na,,,,
2025-07-30 13:41:26.821473,PHY,0x4601,1,0,na,"[0,",0,0,1,344.7,+11.1dB,15.0us,"[0,",1,47.19,normal,0,valid,-14.7dB,-15.0dB,na,na,,,,
2025-07-30 13:41:26.825606,CSI,0x4601,2,,na,"[0,",,,1,,+31.3dB,16.1us,"[0,",1,48.8,normal,0,valid,-11.8dB,-11.9dB,0.38us,-24.5Hz,,"[6,",1111,1
2025-07-30 13:41:26.826540,PHY,0x4601,1,0,na,"[0,",0,0,1,332.4,+10.9dB,16.7us,"[0,",1,48.9,normal,0,valid,-14.7dB,-15.0dB,na,na,,,,
2025-07-30 13:41:26.830104,PHY,0x4601,2,,na,"[0,",,,11111,,+28.2dB,14.9us,"[0,",1,48.17,normal,0,valid,-11.9dB,-12.0dB,0.38us,+57.7Hz,,"[6,",,1
2025-07-30 13:41:26.831025,PHY,0x4601,1,0,na,"[0,",0,0,1,352.8,+11.2dB,15.8us,"[0,",1,48.18,normal,0,valid,-14.6dB,-14.9dB,na,na,,,,
2025-07-30 13:41:26.831533,PHY,0x4601,1,0,na,"[0,",0,0,1,339.4,+11.1dB,16.3us,"[0,",1,48.19,normal,0,valid,-14.6dB,-15.0dB,na,na,,,,
2025-07-30 13:41:26.836020,PHY,0x4601,1,0,na,"[0,",0,0,1,399.1,+11.8dB,18.8us,"[0,",1,49.8,normal,0,valid,-14.7dB,-14.9dB,na,na,,,,
2025-07-30 13:41:26.836459,PHY,0x4601,1,0,na,"[0,",0,0,1,401.7,+11.8dB,15.0us,"[0,",1,49.9,normal,0,valid,-14.6dB,-14.9dB,na,na,,,,
2025-07-30 13:41:26.840132,PHY,0x4601,2,,na,"[0,",,,11111,,+29.4dB,23.8us,"[0,",1,49.17,normal,0,valid,-11.9dB,-12.1dB,0.37us,-77.5Hz,,"[6,",,1
2025-07-30 13:41:26.840951,PHY,0x4601,1,0,na,"[0,",0,0,1,400.2,+11.8dB,16.5us,"[0,",1,49.18,normal,0,valid,-14.6dB,-14.9dB,na,na,,,,
2025-07-30 13:41:26.841529,PHY,0x4601,1,0,na,"[0,",0,0,1,393.8,+11.7dB,13.8us,"[0,",1,49.19,normal,0,valid,-14.6dB,-14.9dB,na,na,,,,
2025-07-30 13:41:26.845557,CSI,0x4601,2,,na,"[0,",,,1,,+30.7dB,15.5us,"[0,",1,50.8,normal,0,valid,-11.8dB,-11.9dB,0.38us,-130.6Hz,,"[6,",1111,1
2025-07-30 13:41:26.846522,PHY,0x4601,1,0,na,"[0,",0,0,1,343.5,+11.1dB,16.3us,"[0,",1,50.9,normal,0,valid,-14.7dB,-15.0dB,na,na,,,,
2025-07-30 13:41:26.850039,PHY,0x4601,2,,na,"[0,",,,11111,,+29.8dB,14.4us,"[0,",1,50.17,normal,0,valid,-11.8dB,-11.9dB,0.36us,+30.3Hz,,"[6,",,1
2025-07-30 13:41:26.851014,PHY,0x4601,1,0,na,"[0,",0,0,1,341.6,+11.1dB,17.2us,"[0,",1,50.18,normal,0,valid,-14.6dB,-14.9dB,na,na,,,,
2025-07-30 13:41:26.851457,PHY,0x4601,1,0,na,"[0,",0,0,1,349.2,+11.2dB,13.9us,"[0,",1,50.19,normal,0,valid,-14.6dB,-15.0dB,na,na,,,,
2025-07-30 13:41:26.855954,PHY,0x4601,1,0,na,"[0,",0,0,1,402.5,+11.8dB,19.7us,"[0,",1,51.8,normal,0,valid,-14.7dB,-14.9dB,na,na,,,,
2025-07-30 13:41:26.856544,PHY,0x4601,1,0,na,"[0,",0,0,1,424.3,+12.0dB,15.2us,"[0,",1,51.9,normal,0,valid,-14.6dB,-14.9dB,na,na,,,,
2025-07-30 13:41:26.860100,PHY,0x4601,2,,na,"[0,",,,11111,,+30.2dB,15.9us,"[0,",1,51.17,normal,0,valid,-11.8dB,-12.0dB,0.37us,-40.6Hz,,"[6,",,1
2025-07-30 13:41:26.861015,PHY,0x4601,1,0,na,"[0,",0,0,1,338.1,+11.0dB,16.9us,"[0,",1,51.18,normal,0,valid,-14.7dB,-15.0dB,na,na,,,,
2025-07-30 13:41:26.861521,PHY,0x4601,1,0,na,"[0,",0,0,1,340.1,+11.1dB,14.8us,"[0,",1,51.19,normal,0,valid,-14.7dB,-15.0dB,na,na,,,,
2025-07-30 13:41:26.865620,CSI,0x4601,2,,na,"[0,",,,1,,+31.3dB,13.9us,"[0,",1,52.8,normal,0,valid,-11.8dB,-11.9dB,0.39us,+6.2Hz,,"[6,",1111,1
2025-07-30 13:41:26.866449,PHY,0x4601,1,0,na,"[0,",0,0,1,335.0,+11.0dB,18.6us,"[0,",1,52.9,normal,0,valid,-14.6dB,-15.0dB,na,na,,,,
2025-07-30 13:41:26.870128,PHY,0x4601,2,,na,"[0,",,,11111,,+29.1dB,17.7us,"[0,",1,52.17,normal,0,valid,-11.9dB,-12.0dB,0.37us,+51.3Hz,,"[6,",,1
2025-07-30 13:41:26.870944,PHY,0x4601,1,0,na,"[0,",0,0,1,348.5,+11.1dB,17.1us,"[0,",1,52.18,normal,0,valid,-14.6dB,-15.0dB,na,na,,,,
2025-07-30 13:41:26.871518,PHY,0x4601,1,0,na,"[0,",0,0,1,329.6,+10.9dB,19.0us,"[0,",1,52.19,normal,0,valid,-14.7dB,-15.0dB,na,na,,,,
2025-07-30 13:41:26.876017,PHY,0x4601,1,0,na,"[0,",0,0,1,404.6,+11.8dB,17.0us,"[0,",1,53.8,normal,0,valid,-14.6dB,-14.9dB,na,na,,,,
2025-07-30 13:41:26.876526,PHY,0x4601,1,0,na,"[0,",0,0,1,408.6,+11.8dB,15.8us,"[0,",1,53.9,normal,0,valid,-14.6dB,-14.9dB,na,na,,,,
2025-07-30 13:41:26.880041,PHY,0x4601,2,,na,"[0,",,,11111,,+29.9dB,29.6us,"[0,",1,53.17,normal,0,valid,-11.9dB,-12.1dB,0.38us,+55.0Hz,,"[6,",,1
2025-07-30 13:41:26.881015,PHY,0x4601,1,0,na,"[0,",0,0,1,350.8,+11.2dB,16.4us,"[0,",1,53.18,normal,0,valid,-14.6dB,-15.0dB,na,na,,,,
2025-07-30 13:41:26.881452,PHY,0x4601,1,0,na,"[0,",0,0,1,344.8,+11.1dB,18.1us,"[0,",1,53.19,normal,0,valid,-14.6dB,-15.0dB,na,na,,,,
2025-07-30 13:41:26.885600,CSI,0x4601,2,,na,"[0,",,,1,,+31.8dB,16.2us,"[0,",1,54.8,normal,0,valid,-11.8dB,-11.9dB,0.37us,-42.3Hz,,"[6,",1111,1
2025-07-30 13:41:26.886518,PHY,0x4601,1,0,na,"[0,",0,0,1,337.7,+11.0dB,16.5us,"[0,",1,54.9,normal,0,valid,-14.7dB,-15.0dB,na,na,,,,
2025-07-30 13:41:26.890074,PHY,0x4601,2,,na,"[0,",,,11111,,+31.2dB,14.2us,"[0,",1,54.17,normal,0,valid,-11.8dB,-11.9dB,0.36us,-69.9Hz,,"[6,",,1
2025-07-30 13:41:26.890999,PHY,0x4601,1,0,na,"[0,",0,0,1,404.6,+11.8dB,15.8us,"[0,",1,54.18,normal,0,valid,-14.6dB,-14.9dB,na,na,,,,
2025-07-30 13:41:26.891515,PHY,0x4601,1,0,na,"[0,",0,0,1,411.4,+11.9dB,17.4us,"[0,",1,54.19,normal,0,valid,-14.6dB,-14.9dB,na,na,,,,
2025-07-30 13:41:26.895992,PHY,0x4601,1,0,na,"[0,",0,0,1,397.3,+11.7dB,17.2us,"[0,",1,55.8,normal,0,valid,-14.6dB,-14.9dB,na,na,,,,
2025-07-30 13:41:26.896446,PHY,0x4601,1,0,na,"[0,",0,0,1,404.7,+11.8dB,16.9us,"[0,",1,55.9,normal,0,valid,-14.6dB,-14.9dB,na,na,,,,
2025-07-30 13:41:26.900107,PHY,0x4601,2,,na,"[0,",,,11111,,+30.1dB,23.2us,"[0,",1,55.17,normal,0,valid,-11.9dB,-12.0dB,0.38us,+102.7Hz,,"[6,",,1
2025-07-30 13:41:26.901042,PHY,0x4601,1,0,na,"[0,",0,0,1,410.1,+11.9dB,17.2us,"[0,",1,55.18,normal,0,valid,-14.6dB,-14.9dB,na,na,,,,
2025-07-30 13:41:26.901509,PHY,0x4601,1,0,na,"[0,",0,0,1,397.5,+11.8dB,14.0us,"[0,",1,55.19,normal,0,valid,-14.6dB,-14.9dB,na,na,,,,
2025-07-30 13:41:26.905617,CSI,0x4601,2,,na,"[0,",,,1,,+30.7dB,13.6us,"[0,",1,56.8,normal,0,valid,-11.8dB,-11.9dB,0.39us,-44.2Hz,,"[6,",1111,1
2025-07-30 13:41:26.906517,PHY,0x4601,1,0,na,"[0,",0,0,1,341.1,+11.1dB,16.8us,"[0,",1,56.9,normal,0,valid,-14.7dB,-15.0dB,na,na,,,,
2025-07-30 13:41:26.910026,PHY,0x4601,2,,na,"[0,",,,11111,,+30.6dB,24.2us,"[0,",1,56.17,normal,0,valid,-11.8dB,-12.0dB,0.37us,+57.3Hz,,"[6,",,1
2025-07-30 13:41:26.910999,PHY,0x4601,1,0,na,"[0,",0,0,1,346.1,+11.2dB,16.2us,"[0,",1,56.18,normal,0,valid,-14.6dB,-15.0dB,na,na,,,,
2025-07-30 13:41:26.911546,PHY,0x4601,1,0,na,"[0,",0,0,1,338.2,+11.0dB,13.4us,"[0,",1,56.19,normal,0,valid,-14.7dB,-15.0dB,na,na,,,,
2025-07-30 13:41:26.916044,PHY,0x4601,1,0,na,"[0,",0,0,1,393.4,+11.7dB,17.8us,"[0,",1,57.8,normal,0,valid,-14.6dB,-14.9dB,na,na,,,,
2025-07-30 13:41:26.916520,PHY,0x4601,1,0,na,"[0,",0,0,1,399.3,+11.8dB,15.2us,"[0,",1,57.9,normal,0,valid,-14.7dB,-14.9dB,na,na,,,,
2025-07-30 13:41:26.920077,PHY,0x4601,2,,na,"[0,",,,11111,,+26.2dB,23.6us,"[0,",1,57.17,normal,0,valid,-11.9dB,-12.0dB,0.38us,-75.5Hz,,"[6,",,1
2025-07-30 13:41:26.920995,PHY,0x4601,1,0,na,"[0,",0,0,1,333.8,+11.0dB,24.0us,"[0,",1,57.18,normal,0,valid,-14.7dB,-15.0dB,na,na,,,,
2025-07-30 13:41:26.921526,PHY,0x4601,1,0,na,"[0,",0,0,1,338.0,+11.0dB,15.7us,"[0,",1,57.19,normal,0,valid,-14.6dB,-14.9dB,na,na,,,,
2025-07-30 13:41:26.925603,CSI,0x4601,2,,na,"[0,",,,1,,+32.0dB,15.7us,"[0,",1,58.8,normal,0,valid,-11.8dB,-11.9dB,0.39us,+130.7Hz,,"[6,",1111,1
2025-07-30 13:41:26.926532,PHY,0x4601,1,0,na,"[0,",0,0,1,405.0,+11.8dB,15.8us,"[0,",1,58.9,normal,0,valid,-14.7dB,-14.9dB,na,na,,,,
2025-07-30 13:41:26.930096,PHY,0x4601,2,,na,"[0,",,,11111,,+31.3dB,13.8us,"[0,",1,58.17,normal,0,valid,-11.9dB,-12.1dB,0.39us,+34.8Hz,,"[6,",,1
2025-07-30 13:41:26.931027,PHY,0x4601,1,0,na,"[0,",0,0,1,399.6,+11.8dB,19.9us,"[0,",1,58.18,normal,0,valid,-14.6dB,-14.9dB,na,na,,,,
2025-07-30 13:41:26.931498,PHY,0x4601,1,0,na,"[0,",0,0,1,420.7,+12.0dB,14.2us,"[0,",1,58.19,normal,0,valid,-14.7dB,-14.9dB,na,na,,,,
2025-07-30 13:41:26.935997,PHY,0x4601,1,0,na,"[0,",0,0,1,407.7,+11.8dB,25.8us,"[0,",1,59.8,normal,0,valid,-14.6dB,-14.9dB,na,na,,,,
2025-07-30 13:41:26.936511,PHY,0x4601,1,0,na,"[0,",0,0,1,396.6,+11.8dB,15.2us,"[0,",1,59.9,normal,0,valid,-14.6dB,-14.9dB,na,na,,,,
2025-07-30 13:41:26.940139,PHY,0x4601,2,,na,"[0,",,,11111,,+31.2dB,19.2us,"[0,",1,59.17,normal,0,valid,-11.9dB,-12.0dB,0.37us,+105.8Hz,,"[6,",,1
2025-07-30 13:41:26.940996,PHY,0x4601,1,0,na,"[0,",0,0,1,341.2,+11.1dB,24.1us,"[0,",1,59.18,normal,0,valid,-14.6dB,-14.9dB,na,na,,,,
2025-07-30 13:41:26.941537,PHY,0x4601,1,0,na,"[0,",0,0,1,348.3,+11.2dB,22.7us,"[0,",1,59.19,normal,0,valid,-14.6dB,-15.0dB,na,na,,,,
2025-07-30 13:41:26.945705,CSI,0x4601,2,,na,"[0,",,,1,,+30.0dB,23.2us,"[0,",1,60.8,normal,0,valid,-11.8dB,-12.0dB,0.37us,-30.6Hz,,"[6,",1111,1
2025-07-30 13:41:26.946499,PHY,0x4601,1,0,na,"[0,",0,0,1,333.5,+11.0dB,26.2us,"[0,",1,60.9,normal,0,valid,-14.6dB,-14.9dB,na,na,,,,
2025-07-30 13:41:26.950066,PHY,0x4601,2,,na,"[0,",,,11111,,+32.6dB,23.1us,"[0,",1,60.17,normal,0,valid,-12.0dB,-12.1dB,0.37us,+14.3Hz,,"[6,",,1
2025-07-30 13:41:26.950982,PHY,0x4601,1,0,na,"[0,",0,0,1,399.2,+11.7dB,24.6us,"[0,",1,60.18,normal,0,valid,-14.6dB,-14.9dB,na,na,,,,
2025-07-30 13:41:26.951500,PHY,0x4601,1,0,na,"[0,",0,0,1,415.6,+11.9dB,24.1us,"[0,",1,60.19,normal,0,valid,-14.6dB,-14.9dB,na,na,,,,
2025-07-30 13:41:26.955944,PHY,0x4601,1,0,na,"[0,",0,0,1,405.6,+11.8dB,17.1us,"[0,",1,61.8,normal,0,valid,-14.6dB,-14.9dB,na,na,,,,
2025-07-30 13:41:26.956552,PHY,0x4601,1,0,na,"[0,",0,0,1,414.8,+11.9dB,27.9us,"[0,",1,61.9,normal,0,valid,-14.6dB,-14.9dB,na,na,,,,
2025-07-30 13:41:26.960093,PHY,0x4601,2,,na,"[0,",,,11111,,+28.6dB,17.6us,"[0,",1,61.17,normal,0,valid,-12.0dB,-12.1dB,0.37us,-23.7Hz,,"[6,",,1
2025-07-30 13:41:26.961016,PHY,0x4601,1,0,na,"[0,",0,0,1,339.8,+11.0dB,19.0us,"[0,",1,61.18,normal,0,valid,-14.6dB,-15.0dB,na,na,,,,
2025-07-30 13:41:26.961489,PHY,0x4601,1,0,na,"[0,",0,0,1,331.2,+11.0dB,18.4us,"[0,",1,61.19,normal,0,valid,-14.7dB,-15.0dB,na,na,,,,
2025-07-30 13:41:26.965635,CSI,0x4601,2,,na,"[0,",,,1,,+30.0dB,15.3us,"[0,",1,62.8,normal,0,valid,-11.8dB,-11.9dB,0.37us,-59.0Hz,,"[6,",1111,1
2025-07-30 13:41:26.966451,PHY,0x4601,1,0,na,"[0,",0,0,1,328.6,+10.9dB,16.0us,"[0,",1,62.9,normal,0,valid,-14.7dB,-15.0dB,na,na,,,,
2025-07-30 13:41:26.970106,PHY,0x4601,2,,na,"[0,",,,11111,,+30.7dB,17.8us,"[0,",1,62.17,normal,0,valid,-11.9dB,-12.0dB,0.38us,-35.6Hz,,"[6,",,1
2025-07-30 13:41:26.971066,PHY,0x4601,1,0,na,"[0,",0,0,1,343.2,+11.1dB,15.9us,"[0,",1,62.18,normal,0,valid,-14.7dB,-15.0dB,na,na,,,,
2025-07-30 13:41:26.971516,PHY,0x4601,1,0,na,"[0,",0,0,1,340.9,+11.1dB,13.7us,"[0,",1,62.19,normal,0,valid,-14.6dB,-15.0dB,na,na,,,,
2025-07-30 13:41:26.976015,PHY,0x4601,1,0,na,"[0,",0,0,1,397.1,+11.7dB,17.0us,"[0,",1,63.8,normal,0,valid,-14.6dB,-14.9dB,na,na,,,,
2025-07-30 13:41:26.976491,PHY,0x4601,1,0,na,"[0,",0,0,1,391.9,+11.7dB,27.1us,"[0,",1,63.9,normal,0,valid,-14.7dB,-14.9dB,na,na,,,,
2025-07-30 13:41:26.980052,PHY,0x4601,2,,na,"[0,",,,11111,,+28.1dB,17.5us,"[0,",1,63.17,normal,0,valid,-12.0dB,-12.1dB,0.38us,-43.2Hz,,"[6,",,1
2025-07-30 13:41:26.980962,PHY,0x4601,1,0,na,"[0,",0,0,1,337.8,+11.0dB,17.9us,"[0,",1,63.18,normal,0,valid,-14.6dB,-14.9dB,na,na,,,,
2025-07-30 13:41:26.981437,PHY,0x4601,1,0,na,"[0,",0,0,1,327.3,+10.9dB,16.8us,"[0,",1,63.19,normal,0,valid,-14.6dB,-15.0dB,na,na,,,,
2025-07-30 13:41:26.985580,CSI,0x4601,2,,na,"[0,",,,1,,+29.3dB,14.7us,"[0,",1,64.8,normal,0,valid,-11.8dB,-11.9dB,0.37us,-30.4Hz,,"[6,",1111,1
2025-07-30 13:41:26.986515,PHY,0x4601,1,0,na,"[0,",0,0,1,322.8,+10.8dB,16.7us,"[0,",1,64.9,normal,0,valid,-14.7dB,-15.0dB,na,na,,,,
2025-07-30 13:41:26.990071,PHY,0x4601,2,,na,"[0,",,,11111,,+28.4dB,13.5us,"[0,",1,64.17,normal,0,valid,-11.9dB,-12.0dB,0.35us,-20.1Hz,,"[6,",,1
2025-07-30 13:41:26.991017,PHY,0x4601,1,0,na,"[0,",0,0,1,396.4,+11.7dB,20.4us,"[0,",1,64.18,normal,0,valid,-14.6dB,-14.9dB,na,na,,,,
2025-07-30 13:41:26.991467,PHY,0x4601,1,0,na,"[0,",0,0,1,393.0,+11.7dB,14.2us,"[0,",1,64.19,normal,0,valid,-14.6dB,-14.9dB,na,na,,,,
2025-07-30 13:41:26.995964,PHY,0x4601,1,0,na,"[0,",0,0,1,398.8,+11.7dB,16.5us,"[0,",1,65.8,normal,0,valid,-14.7dB,-14.9dB,na,na,,,,
2025-07-30 13:41:26.996559,PHY,0x4601,1,0,na,"[0,",0,0,1,398.9,+11.8dB,15.1us,"[0,",1,65.9,normal,0,valid,-14.7dB,-14.9dB,na,na,,,,
2025-07-30 13:41:27.000113,PHY,0x4601,2,,na,"[0,",,,11111,,+29.0dB,25.7us,"[0,",1,65.17,normal,0,valid,-11.7dB,-11.9dB,0.37us,-47.5Hz,,"[6,",,1
2025-07-30 13:41:27.001054,PHY,0x4601,1,0,na,"[0,",0,0,1,386.6,+11.6dB,19.1us,"[0,",1,65.18,normal,0,valid,-14.6dB,-14.9dB,na,na,,,,
2025-07-30 13:41:27.001509,PHY,0x4601,1,0,na,"[0,",0,0,1,408.2,+11.8dB,17.4us,"[0,",1,65.19,normal,0,valid,-14.7dB,-14.9dB,na,na,,,,
2025-07-30 13:41:27.005655,CSI,0x4601,2,,na,"[0,",,,1,,+30.4dB,24.4us,"[0,",1,66.8,normal,0,valid,-11.8dB,-11.9dB,0.39us,+88.7Hz,,"[6,",1111,1
2025-07-30 13:41:27.006470,PHY,0x4601,1,0,na,"[0,",0,0,1,412.2,+11.9dB,23.2us,"[0,",1,66.9,normal,0,valid,-14.7dB,-15.0dB,na,na,,,,
2025-07-30 13:41:27.010139,PHY,0x4601,2,,na,"[0,",,,11111,,+30.3dB,17.0us,"[0,",1,66.17,normal,0,valid,-11.9dB,-12.0dB,0.38us,+4.8Hz,,"[6,",,1
2025-07-30 13:41:27.010945,PHY,0x4601,1,0,na,"[0,",0,0,1,342.4,+11.1dB,16.3us,"[0,",1,66.18,normal,0,valid,-14.6dB,-15.0dB,na,na,,,,
2025-07-30 13:41:27.011572,PHY,0x4601,1,0,na,"[0,",0,0,1,327.9,+10.9dB,24.3us,"[0,",1,66.19,normal,0,valid,-14.7dB,-15.0dB,na,na,,,,
2025-07-30 13:41:27.016047,PHY,0x4601,1,0,na,"[0,",0,0,1,384.4,+11.6dB,17.4us,"[0,",1,67.8,normal,0,valid,-14.6dB,-14.9dB,na,na,,,,
2025-07-30 13:41:27.016522,PHY,0x4601,1,0,na,"[0,",0,0,1,401.4,+11.8dB,14.6us,"[0,",1,67.9,normal,0,valid,-14.6dB,-14.9dB,na,na,,,,
2025-07-30 13:41:27.020045,PHY,0x4601,2,,na,"[0,",,,11111,,+29.0dB,15.5us,"[0,",1,67.17,normal,0,valid,-12.0dB,-12.1dB,0.38us,-54.9Hz,,"[6,",,1
2025-07-30 13:41:27.020983,PHY,0x4601,1,0,na,"[0,",0,0,1,344.2,+11.1dB,17.3us,"[0,",1,67.18,normal,0,valid,-14.7dB,-15.0dB,na,na,,,,
2025-07-30 13:41:27.021458,PHY,0x4601,1,0,na,"[0,",0,0,1,332.0,+11.0dB,15.4us,"[0,",1,67.19,normal,0,valid,-14.6dB,-14.9dB,na,na,,,,
2025-07-30 13:41:27.025593,CSI,0x4601,2,,na,"[0,",,,1,,+31.4dB,13.4us,"[0,",1,68.8,normal,0,valid,-11.8dB,-11.9dB,0.39us,+16.9Hz,,"[6,",1111,1
2025-07-30 13:41:27.026555,PHY,0x4601,1,0,na,"[0,",0,0,1,401.5,+11.8dB,17.6us,"[0,",1,68.9,normal,0,valid,-14.6dB,-14.9dB,na,na,,,,
2025-07-30 13:41:27.030089,PHY,0x4601,2,,na,"[0,",,,11111,,+29.8dB,18.3us,"[0,",1,68.17,normal,0,valid,-11.8dB,-11.9dB,0.37us,-12.4Hz,,"[6,",,1
2025-07-30 13:41:27.031046,PHY,0x4601,1,0,na,"[0,",0,0,1,329.8,+10.9dB,16.4us,"[0,",1,68.18,normal,0,valid,-14.7dB,-15.0dB,na,na,,,,
2025-07-30 13:41:27.031483,PHY,0x4601,1,0,na,"[0,",0,0,1,348.0,+11.2dB,15.9us,"[0,",1,68.19,normal,0,valid,-14.7dB,-15.0dB,na,na,,,,
2025-07-30 13:41:27.035983,PHY,0x4601,1,0,na,"[0,",0,0,1,399.3,+11.8dB,21.2us,"[0,",1,69.8,normal,0,valid,-14.6dB,-14.9dB,na,na,,,,
2025-07-30 13:41:27.036450,PHY,0x4601,1,0,na,"[0,",0,0,1,401.6,+11.8dB,15.6us,"[0,",1,69.9,normal,0,valid,-14.7dB,-14.9dB,na,na,,,,
2025-07-30 13:41:27.040129,PHY,0x4601,2,,na,"[0,",,,11111,,+30.3dB,24.8us,"[0,",1,69.17,normal,0,valid,-11.8dB,-12.0dB,0.36us,-30.0Hz,,"[6,",,1
2025-07-30 13:41:27.040947,PHY,0x4601,1,0,na,"[0,",0,0,1,341.3,+11.1dB,15.6us,"[0,",1,69.18,normal,0,valid,-14.6dB,-15.0dB,na,na,,,,
2025-07-30 13:41:27.041552,PHY,0x4601,1,0,na,"[0,",0,0,1,349.5,+11.2dB,13.8us,"[0,",1,69.19,normal,0,valid,-14.6dB,-14.9dB,na,na,,,,
2025-07-30 13:41:27.045616,CSI,0x4601,2,,na,"[0,",,,1,,+32.1dB,12.5us,"[0,",1,70.8,normal,0,valid,-11.8dB,-11.9dB,0.40us,-56.1Hz,,"[6,",1111,1
2025-07-30 13:41:27.046489,PHY,0x4601,1,0,na,"[0,",0,0,1,338.1,+11.0dB,19.1us,"[0,",1,70.9,normal,0,valid,-14.7dB,-15.0dB,na,na,,,,
2025-07-30 13:41:27.050036,PHY,0x4601,2,,na,"[0,",,,11111,,+30.2dB,15.8us,"[0,",1,70.17,normal,0,valid,-11.9dB,-12.0dB,0.38us,-48.8Hz,,"[6,",,1
2025-07-30 13:41:27.050975,PHY,0x4601,1,0,na,"[0,",0,0,1,334.9,+11.0dB,16.4us,"[0,",1,70.18,normal,0,valid,-14.6dB,-15.0dB,na,na,,,,
2025-07-30 13:41:27.051446,PHY,0x4601,1,0,na,"[0,",0,0,1,336.2,+11.0dB,14.6us,"[0,",1,70.19,normal,0,valid,-14.6dB,-15.0dB,na,na,,,,
2025-07-30 13:41:27.056042,PHY,0x4601,1,0,na,"[0,",0,0,1,376.7,+11.5dB,18.3us,"[0,",1,71.8,normal,0,valid,-14.6dB,-14.9dB,na,na,,,,
2025-07-30 13:41:27.056544,PHY,0x4601,1,0,na,"[0,",0,0,1,389.2,+11.6dB,15.7us,"[0,",1,71.9,normal,0,valid,-14.6dB,-14.9dB,na,na,,,,
2025-07-30 13:41:27.060072,PHY,0x4601,2,,na,"[0,",,,11111,,+31.1dB,15.8us,"[0,",1,71.17,normal,0,valid,-11.9dB,-12.1dB,0.37us,-88.6Hz,,"[6,",,1
2025-07-30 13:41:27.061031,PHY,0x4601,1,0,na,"[0,",0,0,1,341.8,+11.1dB,17.0us,"[0,",1,71.18,normal,0,valid,-14.6dB,-15.0dB,na,na,,,,
2025-07-30 13:41:27.061478,PHY,0x4601,1,0,na,"[0,",0,0,1,337.9,+11.0dB,17.2us,"[0,",1,71.19,normal,0,valid,-14.6dB,-14.9dB,na,na,,,,
2025-07-30 13:41:27.065644,CSI,0x4601,2,,na,"[0,",,,1,,+30.1dB,16.1us,"[0,",1,72.8,normal,0,valid,-11.8dB,-11.9dB,0.38us,-51.8Hz,,"[6,",1111,1
2025-07-30 13:41:27.066454,PHY,0x4601,1,0,na,"[0,",0,0,1,337.3,+11.0dB,18.6us,"[0,",1,72.9,normal,0,valid,-14.7dB,-15.0dB,na,na,,,,
2025-07-30 13:41:27.070102,PHY,0x4601,2,,na,"[0,",,,11111,,+33.2dB,18.3us,"[0,",1,72.17,normal,0,valid,-11.9dB,-12.0dB,0.37us,+101.5Hz,,"[6,",,1
2025-07-30 13:41:27.071039,PHY,0x4601,1,0,na,"[0,",0,0,1,391.5,+11.7dB,17.1us,"[0,",1,72.18,normal,0,valid,-14.6dB,-14.9dB,na,na,,,,
2025-07-30 13:41:27.071543,PHY,0x4601,1,0,na,"[0,",0,0,1,401.6,+11.8dB,14.1us,"[0,",1,72.19,normal,0,valid,-14.6dB,-14.9dB,na,na,,,,
2025-07-30 13:41:27.076033,PHY,0x4601,1,0,na,"[0,",0,0,1,393.8,+11.7dB,21.8us,"[0,",1,73.8,normal,0,valid,-14.6dB,-14.9dB,na,na,,,,
2025-07-30 13:41:27.076483,PHY,0x4601,1,0,na,"[0,",0,0,1,405.6,+11.8dB,16.0us,"[0,",1,73.9,normal,0,valid,-14.7dB,-14.9dB,na,na,,,,
2025-07-30 13:41:27.080017,PHY,0x4601,2,,na,"[0,",,,11111,,+29.3dB,14.9us,"[0,",1,73.17,normal,0,valid,-11.9dB,-12.1dB,0.40us,-22.2Hz,,"[6,",,1
2025-07-30 13:41:27.080960,PHY,0x4601,1,0,na,"[0,",0,0,1,406.7,+11.8dB,16.7us,"[0,",1,73.18,normal,0,valid,-14.6dB,-14.9dB,na,na,,,,
2025-07-30 13:41:27.081545,PHY,0x4601,1,0,na,"[0,",0,0,1,388.4,+11.6dB,17.8us,"[0,",1,73.19,normal,0,valid,-14.6dB,-14.9dB,na,na,,,,
2025-07-30 13:41:27.085577,CSI,0x4601,2,,na,"[0,",,,1,,+30.7dB,17.9us,"[0,",1,74.8,normal,0,valid,-11.8dB,-11.9dB,0.37us,-2.8Hz,,"[6,",1111,1
2025-07-30 13:41:27.086538,PHY,0x4601,1,0,na,"[0,",0,0,1,399.3,+11.7dB,17.0us,"[0,",1,74.9,normal,0,valid,-14.6dB,-14.9dB,na,na,,,,
2025-07-30 13:41:27.090047,PHY,0x4601,2,,na,"[0,",,,11111,,+29.5dB,14.8us,"[0,",1,74.17,normal,0,valid,-11.9dB,-12.1dB,0.38us,+76.5Hz,,"[6,",,1
2025-07-30 13:41:27.091020,PHY,0x4601,1,0,na,"[0,",0,0,1,337.4,+11.0dB,17.3us,"[0,",1,74.18,normal,0,valid,-14.6dB,-15.0dB,na,na,,,,
2025-07-30 13:41:27.091459,PHY,0x4601,1,0,na,"[0,",0,0,1,334.0,+11.0dB,14.5us,"[0,",1,74.19,normal,0,valid,-14.6dB,-14.9dB,na,na,,,,
2025-07-30 13:41:27.095951,PHY,0x4601,1,0,na,"[0,",0,0,1,399.5,+11.7dB,18.7us,"[0,",1,75.8,normal,0,valid,-14.6dB,-14.9dB,na,na,,,,
2025-07-30 13:41:27.096548,PHY,0x4601,1,0,na,"[0,",0,0,1,392.2,+11.7dB,14.7us,"[0,",1,75.9,normal,0,valid,-14.7dB,-14.9dB,na,na,,,,
2025-07-30 13:41:27.100103,PHY,0x4601,2,,na,"[0,",,,11111,,+29.1dB,15.1us,"[0,",1,75.17,normal,0,valid,-11.8dB,-11.9dB,0.40us,-84.5Hz,,"[6,",,1
2025-07-30 13:41:27.101020,PHY,0x4601,1,0,na,"[0,",0,0,1,404.9,+11.8dB,16.5us,"[0,",1,75.18,normal,0,valid,-14.6dB,-14.9dB,na,na,,,,
2025-07-30 13:41:27.101523,PHY,0x4601,1,0,na,"[0,",0,0,1,383.6,+11.6dB,13.9us,"[0,",1,75.19,normal,0,valid,-14.6dB,-14.9dB,na,na,,,,
2025-07-30 13:41:27.105586,CSI,0x4601,2,,na,"[0,",,,1,,+32.4dB,11.4us,"[0,",1,76.8,normal,0,valid,-11.8dB,-11.9dB,0.40us,+49.3Hz,,"[6,",1111,1
2025-07-30 13:41:27.106451,PHY,0x4601,1,0,na,"[0,",0,0,1,331.1,+11.0dB,17.2us,"[0,",1,76.9,normal,0,valid,-14.7dB,-15.0dB,na,na,,,,
2025-07-30 13:41:27.110123,PHY,0x4601,2,,na,"[0,",,,11111,,+30.2dB,14.5us,"[0,",1,76.17,normal,0,valid,-11.8dB,-11.9dB,0.39us,+36.5Hz,,"[6,",,1
2025-07-30 13:41:27.110948,PHY,0x4601,1,0,na,"[0,",0,0,1,403.6,+11.8dB,19.0us,"[0,",1,76.18,normal,0,valid,-14.6dB,-14.9dB,na,na,,,,
2025-07-30 13:41:27.111525,PHY,0x4601,1,0,na,"[0,",0,0,1,399.2,+11.8dB,14.7us,"[0,",1,76.19,normal,0,valid,-14.6dB,-14.9dB,na,na,,,,
2025-07-30 13:41:27.116012,PHY,0x4601,1,0,na,"[0,",0,0,1,383.1,+11.6dB,17.2us,"[0,",1,77.8,normal,0,valid,-14.7dB,-15.0dB,na,na,,,,
2025-07-30 13:41:27.116529,PHY,0x4601,1,0,na,"[0,",0,0,1,391.8,+11.7dB,14.8us,"[0,",1,77.9,normal,0,valid,-14.6dB,-14.9dB,na,na,,,,
2025-07-30 13:41:27.120037,PHY,0x4601,2,,na,"[0,",,,11111,,+29.4dB,16.5us,"[0,",1,77.17,normal,0,valid,-11.8dB,-12.0dB,0.39us,-119.3Hz,,"[6,",,1
2025-07-30 13:41:27.121017,PHY,0x4601,1,0,na,"[0,",0,0,1,389.5,+11.6dB,17.5us,"[0,",1,77.18,normal,0,valid,-14.7dB,-15.0dB,na,na,,,,
2025-07-30 13:41:27.121449,PHY,0x4601,1,0,na,"[0,",0,0,1,388.7,+11.6dB,23.5us,"[0,",1,77.19,normal,0,valid,-14.6dB,-14.9dB,na,na,,,,
2025-07-30 13:41:27.125597,CSI,0x4601,2,,na,"[0,",,,1,,+30.1dB,12.2us,"[0,",1,78.8,normal,0,valid,-11.8dB,-11.9dB,0.41us,-45.4Hz,,"[6,",1111,1
2025-07-30 13:41:27.126528,PHY,0x4601,1,0,na,"[0,",0,0,1,405.9,+11.8dB,19.6us,"[0,",1,78.9,normal,0,valid,-14.6dB,-14.9dB,na,na,,,,
2025-07-30 13:41:27.130088,PHY,0x4601,2,,na,"[0,",,,11111,,+28.4dB,21.8us,"[0,",1,78.17,normal,0,valid,-11.8dB,-11.9dB,0.37us,+67.8Hz,,"[6,",,1
2025-07-30 13:41:27.131014,PHY,0x4601,1,0,na,"[0,",0,0,1,338.5,+11.0dB,22.3us,"[0,",1,78.18,normal,0,valid,-14.6dB,-15.0dB,na,na,,,,
2025-07-30 13:41:27.131517,PHY,0x4601,1,0,na,"[0,",0,0,1,335.7,+11.0dB,14.5us,"[0,",1,78.19,normal,0,valid,-14.6dB,-14.9dB,na,na,,,,
2025-07-30 13:41:27.136026,PHY,0x4601,1,0,na,"[0,",0,0,1,403.6,+11.8dB,25.3us,"[0,",1,79.8,normal,0,valid,-14.6dB,-14.9dB,na,na,,,,
2025-07-30 13:41:27.136456,PHY,0x4601,1,0,na,"[0,",0,0,1,383.8,+11.6dB,22.7us,"[0,",1,79.9,normal,0,valid,-14.6dB,-14.9dB,na,na,,,,
2025-07-30 13:41:27.140101,PHY,0x4601,2,,na,"[0,",,,11111,,+29.2dB,14.4us,"[0,",1,79.17,normal,0,valid,-11.8dB,-11.9dB,0.37us,+3.3Hz,,"[6,",,1
2025-07-30 13:41:27.141045,PHY,0x4601,1,0,na,"[0,",0,0,1,334.1,+11.0dB,15.9us,"[0,",1,79.18,normal,0,valid,-14.6dB,-15.0dB,na,na,,,,
2025-07-30 13:41:27.141514,PHY,0x4601,1,0,na,"[0,",0,0,1,348.6,+11.2dB,21.2us,"[0,",1,79.19,normal,0,valid,-14.6dB,-14.9dB,na,na,,,,
2025-07-30 13:41:27.145634,CSI,0x4601,2,,na,"[0,",,,1,,+28.8dB,15.1us,"[0,",1,80.8,normal,0,valid,-11.9dB,-12.0dB,0.39us,-62.9Hz,,"[6,",1111,1
2025-07-30 13:41:27.146476,PHY,0x4601,1,0,na,"[0,",0,0,1,343.8,+11.1dB,16.8us,"[0,",1,80.9,normal,0,valid,-14.7dB,-15.0dB,na,na,,,,
2025-07-30 13:41:27.150029,PHY,0x4601,2,,na,"[0,",,,11111,,+28.3dB,19.4us,"[0,",1,80.17,normal,0,valid,-11.9dB,-12.0dB,0.37us,-17.2Hz,,"[6,",,1
2025-07-30 13:41:27.151001,PHY,0x4601,1,0,na,"[0,",0,0,1,344.0,+11.1dB,15.8us,"[0,",1,80.18,normal,0,valid,-14.6dB,-14.9dB,na,na,,,,
2025-07-30 13:41:27.151450,PHY,0x4601,1,0,na,"[0,",0,0,1,336.1,+11.0dB,25.5us,"[0,",1,80.19,normal,0,valid,-14.6dB,-15.0dB,na,na,,,,
2025-07-30 13:41:27.156045,PHY,0x4601,1,0,na,"[0,",0,0,1,408.3,+11.8dB,16.5us,"[0,",1,81.8,normal,0,valid,-14.6dB,-14.9dB,na,na,,,,
2025-07-30 13:41:27.156526,PHY,0x4601,1,0,na,"[0,",0,0,1,375.1,+11.5dB,16.7us,"[0,",1,81.9,normal,0,valid,-14.6dB,-14.9dB,na,na,,,,
2025-07-30 13:41:27.160081,PHY,0x4601,2,,na,"[0,",,,11111,,+28.9dB,15.6us,"[0,",1,81.17,normal,0,valid,-11.8dB,-12.0dB,0.37us,-3.6Hz,,"[6,",,1
2025-07-30 13:41:27.160992,PHY,0x4601,1,0,na,"[0,",0,0,1,335.2,+11.0dB,15.9us,"[0,",1,81.18,normal,0,valid,-14.6dB,-15.0dB,na,na,,,,
2025-07-30 13:41:27.161512,PHY,0x4601,1,0,na,"[0,",0,0,1,340.2,+11.1dB,14.7us,"[0,",1,81.19,normal,0,valid,-14.7dB,-15.0dB,na,na,,,,
2025-07-30 13:41:27.165594,CSI,0x4601,2,,na,"[0,",,,1,,+30.9dB,15.7us,"[0,",1,82.8,normal,0,valid,-11.7dB,-11.8dB,0.38us,-112.5Hz,,"[6,",1111,1
2025-07-30 13:41:27.166543,PHY,0x4601,1,0,na,"[0,",0,0,1,398.3,+11.7dB,17.8us,"[0,",1,82.9,normal,0,valid,-14.6dB,-14.9dB,na,na,,,,
2025-07-30 13:41:27.170091,PHY,0x4601,2,,na,"[0,",,,11111,,+26.8dB,14.0us,"[0,",1,82.17,normal,0,valid,-12.0dB,-12.1dB,0.38us,+5.1Hz,,"[6,",,1
2025-07-30 13:41:27.171030,PHY,0x4601,1,0,na,"[0,",0,0,1,393.8,+11.7dB,16.1us,"[0,",1,82.18,normal,0,valid,-14.6dB,-14.9dB,na,na,,,,
2025-07-30 13:41:27.171501,PHY,0x4601,1,0,na,"[0,",0,0,1,399.2,+11.8dB,16.9us,"[0,",1,82.19,normal,0,valid,-14.6dB,-14.9dB,na,na,,,,
2025-07-30 13:41:27.175998,PHY,0x4601,1,0,na,"[0,",0,0,1,401.4,+11.8dB,18.1us,"[0,",1,83.8,normal,0,valid,-14.6dB,-14.9dB,na,na,,,,
2025-07-30 13:41:27.176519,PHY,0x4601,1,0,na,"[0,",0,0,1,388.9,+11.6dB,18.9us,"[0,",1,83.9,normal,0,valid,-14.6dB,-14.9dB,na,na,,,,
2025-07-30 13:41:27.180127,PHY,0x4601,2,,na,"[0,",,,11111,,+29.2dB,16.3us,"[0,",1,83.17,normal,0,valid,-12.0dB,-12.1dB,0.38us,+30.6Hz,,"[6,",,1
2025-07-30 13:41:27.180997,PHY,0x4601,1,0,na,"[0,",0,0,1,404.2,+11.8dB,18.3us,"[0,",1,83.18,normal,0,valid,-14.6dB,-14.9dB,na,na,,,,
2025-07-30 13:41:27.181536,PHY,0x4601,1,0,na,"[0,",0,0,1,396.5,+11.7dB,15.8us,"[0,",1,83.19,normal,0,valid,-14.6dB,-14.9dB,na,na,,,,
2025-07-30 13:41:27.185567,CSI,0x4601,2,,na,"[0,",,,1,,+30.1dB,12.6us,"[0,",1,84.8,normal,0,valid,-11.8dB,-11.9dB,0.39us,-13.7Hz,,"[6,",1111,1
2025-07-30 13:41:27.186494,PHY,0x4601,1,0,na,"[0,",0,0,1,348.3,+11.2dB,17.3us,"[0,",1,84.9,normal,0,valid,-14.7dB,-15.0dB,na,na,,,,
2025-07-30 13:41:27.190066,PHY,0x4601,2,,na,"[0,",,,11111,,+27.9dB,15.2us,"[0,",1,84.17,normal,0,valid,-11.8dB,-11.9dB,0.37us,+29.7Hz,,"[6,",,1
2025-07-30 13:41:27.190979,PHY,0x4601,1,0,na,"[0,",0,0,1,343.9,+11.1dB,16.8us,"[0,",1,84.18,normal,0,valid,-14.6dB,-14.9dB,na,na,,,,
2025-07-30 13:41:27.191494,PHY,0x4601,1,0,na,"[0,",0,0,1,329.6,+10.9dB,14.2us,"[0,",1,84.19,normal,0,valid,-14.6dB,-15.0dB,na,na,,,,
2025-07-30 13:41:27.195949,PHY,0x4601,1,0,na,"[0,",0,0,1,396.5,+11.7dB,16.7us,"[0,",1,85.8,normal,0,valid,-14.6dB,-14.9dB,na,na,,,,
2025-07-30 13:41:27.196541,PHY,0x4601,1,0,na,"[0,",0,0,1,395.0,+11.7dB,21.2us,"[0,",1,85.9,normal,0,valid,-14.6dB,-14.9dB,na,na,,,,
2025-07-30 13:41:27.200073,PHY,0x4601,2,,na,"[0,",,,11111,,+27.5dB,15.8us,"[0,",1,85.17,normal,0,valid,-12.0dB,-12.1dB,0.38us,+96.3Hz,,"[6,",,1
2025-07-30 13:41:27.201021,PHY,0x4601,1,0,na,"[0,",0,0,1,410.1,+11.9dB,18.0us,"[0,",1,85.18,normal,0,valid,-14.6dB,-14.9dB,na,na,,,,
2025-07-30 13:41:27.201485,PHY,0x4601,1,0,na,"[0,",0,0,1,398.4,+11.7dB,16.3us,"[0,",1,85.19,normal,0,valid,-14.6dB,-15.0dB,na,na,,,,
2025-07-30 13:41:27.205640,CSI,0x4601,2,,na,"[0,",,,1,,+32.0dB,15.9us,"[0,",1,86.8,normal,0,valid,-11.7dB,-11.8dB,0.38us,+73.2Hz,,"[6,",1111,1
2025-07-30 13:41:27.206488,PHY,0x4601,1,0,na,"[0,",0,0,1,406.7,+11.8dB,16.6us,"[0,",1,86.9,normal,0,valid,-14.6dB,-14.9dB,na,na,,,,
2025-07-30 13:41:27.210111,PHY,0x4601,2,,na,"[0,",,,11111,,+30.0dB,15.3us,"[0,",1,86.17,normal,0,valid,-11.9dB,-12.0dB,0.37us,-67.6Hz,,"[6,",,1
2025-07-30 13:41:27.210932,PHY,0x4601,1,0,na,"[0,",0,0,1,344.6,+11.1dB,16.1us,"[0,",1,86.18,normal,0,valid,-14.6dB,-15.0dB,na,na,,,,
2025-07-30 13:41:27.211535,PHY,0x4601,1,0,na,"[0,",0,0,1,328.8,+10.9dB,15.4us,"[0,",1,86.19,normal,0,valid,-14.6dB,-14.9dB,na,na,,,,
2025-07-30 13:41:27.216017,PHY,0x4601,1,0,na,"[0,",0,0,1,400.9,+11.8dB,16.2us,"[0,",1,87.8,normal,0,valid,-14.6dB,-14.9dB,na,na,,,,
2025-07-30 13:41:27.216500,PHY,0x4601,1,0,na,"[0,",0,0,1,393.4,+11.7dB,30.3us,"[0,",1,87.9,normal,0,valid,-14.6dB,-14.9dB,na,na,,,,
2025-07-30 13:41:27.220053,PHY,0x4601,2,,na,"[0,",,,11111,,+30.9dB,14.7us,"[0,",1,87.17,normal,0,valid,-11.8dB,-12.0dB,0.39us,+169.0Hz,,"[6,",,1
2025-07-30 13:41:27.220975,PHY,0x4601,1,0,na,"[0,",0,0,1,333.7,+11.0dB,21.2us,"[0,",1,87.18,normal,0,valid,-14.6dB,-15.0dB,na,na,,,,
2025-07-30 13:41:27.221491,PHY,0x4601,1,0,na,"[0,",0,0,1,338.8,+11.0dB,13.6us,"[0,",1,87.19,normal,0,valid,-14.7dB,-15.0dB,na,na,,,,
2025-07-30 13:41:27.225572,CSI,0x4601,2,,na,"[0,",,,1,,+31.1dB,13.0us,"[0,",1,88.8,normal,0,valid,-11.7dB,-11.9dB,0.39us,+21.9Hz,,"[6,",1111,1
2025-07-30 13:41:27.226522,PHY,0x4601,1,0,na,"[0,",0,0,1,337.3,+11.0dB,18.4us,"[0,",1,88.9,normal,0,valid,-14.7dB,-15.0dB,na,na,,,,
2025-07-30 13:41:27.230063,PHY,0x4601,2,,na,"[0,",,,11111,,+27.1dB,17.3us,"[0,",1,88.17,normal,0,valid,-11.9dB,-12.0dB,0.38us,+70.9Hz,,"[6,",,1
2025-07-30 13:41:27.231011,PHY,0x4601,1,0,na,"[0,",0,0,1,352.1,+11.2dB,25.4us,"[0,",1,88.18,normal,0,valid,-14.6dB,-14.9dB,na,na,,,,
2025-07-30 13:41:27.231474,PHY,0x4601,1,0,na,"[0,",0,0,1,337.5,+11.1dB,14.4us,"[0,",1,88.19,normal,0,valid,-14.7dB,-15.0dB,na,na,,,,
2025-07-30 13:41:27.235974,PHY,0x4601,1,0,na,"[0,",0,0,1,397.4,+11.7dB,18.2us,"[0,",1,89.8,normal,0,valid,-14.6dB,-14.9dB,na,na,,,,
2025-07-30 13:41:27.236447,PHY,0x4601,1,0,na,"[0,",0,0,1,392.2,+11.7dB,18.8us,"[0,",1,89.9,normal,0,valid,-14.7dB,-14.9dB,na,na,,,,
2025-07-30 13:41:27.240105,PHY,0x4601,2,,na,"[0,",,,11111,,+31.7dB,18.1us,"[0,",1,89.17,normal,0,valid,-11.9dB,-12.0dB,0.37us,+29.9Hz,,"[6,",,1
2025-07-30 13:41:27.241069,PHY,0x4601,1,0,na,"[0,",0,0,1,393.3,+11.7dB,23.6us,"[0,",1,89.18,normal,0,valid,-14.6dB,-14.9dB,na,na,,,,
2025-07-30 13:41:27.241514,PHY,0x4601,1,0,na,"[0,",0,0,1,395.6,+11.7dB,14.1us,"[0,",1,89.19,normal,0,valid,-14.7dB,-14.9dB,na,na,,,,
2025-07-30 13:41:27.245624,CSI,0x4601,2,,na,"[0,",,,1,,+32.1dB,11.9us,"[0,",1,90.8,normal,0,valid,-11.8dB,-11.9dB,0.39us,+26.7Hz,,"[6,",1111,1
2025-07-30 13:41:27.246467,PHY,0x4601,1,0,na,"[0,",0,0,1,333.4,+11.0dB,17.3us,"[0,",1,90.9,normal,0,valid,-14.7dB,-15.0dB,na,na,,,,
2025-07-30 13:41:27.250040,PHY,0x4601,2,,na,"[0,",,,11111,,+31.1dB,14.4us,"[0,",1,90.17,normal,0,valid,-11.9dB,-12.1dB,0.37us,-35.0Hz,,"[6,",,1
2025-07-30 13:41:27.250953,PHY,0x4601,1,0,na,"[0,",0,0,1,335.8,+11.0dB,16.1us,"[0,",1,90.18,normal,0,valid,-14.6dB,-15.0dB,na,na,,,,
2025-07-30 13:41:27.251570,PHY,0x4601,1,0,na,"[0,",0,0,1,334.4,+11.0dB,21.1us,"[0,",1,90.19,normal,0,valid,-14.6dB,-15.0dB,na,na,,,,
2025-07-30 13:41:27.256062,PHY,0x4601,1,0,na,"[0,",0,0,1,389.1,+11.6dB,17.1us,"[0,",1,91.8,normal,0,valid,-14.6dB,-14.9dB,na,na,,,,
2025-07-30 13:41:27.256523,PHY,0x4601,1,0,na,"[0,",0,0,1,382.8,+11.5dB,14.9us,"[0,",1,91.9,normal,0,valid,-14.6dB,-15.0dB,na,na,,,,
2025-07-30 13:41:27.260047,PHY,0x4601,2,,na,"[0,",,,11111,,+29.8dB,16.3us,"[0,",1,91.17,normal,0,valid,-11.9dB,-12.1dB,0.38us,+142.5Hz,,"[6,",,1
2025-07-30 13:41:27.261000,PHY,0x4601,1,0,na,"[0,",0,0,1,320.5,+10.8dB,25.9us,"[0,",1,91.18,normal,0,valid,-14.6dB,-15.0dB,na,na,,,,
2025-07-30 13:41:27.261464,PHY,0x4601,1,0,na,"[0,",0,0,1,331.3,+10.9dB,16.2us,"[0,",1,91.19,normal,0,valid,-14.6dB,-15.0dB,na,na,,,,
2025-07-30 13:41:27.265598,CSI,0x4601,2,,na,"[0,",,,1,,+29.7dB,15.0us,"[0,",1,92.8,normal,0,valid,-11.7dB,-11.8dB,0.36us,+45.7Hz,,"[6,",1111,1
2025-07-30 13:41:27.266564,PHY,0x4601,1,0,na,"[0,",0,0,1,426.7,+12.0dB,15.4us,"[0,",1,92.9,normal,0,valid,-14.6dB,-14.9dB,na,na,,,,
2025-07-30 13:41:27.270094,PHY,0x4601,2,,na,"[0,",,,11111,,+28.8dB,18.1us,"[0,",1,92.17,normal,0,valid,-11.9dB,-12.0dB,0.38us,-18.8Hz,,"[6,",,1
2025-07-30 13:41:27.271047,PHY,0x4601,1,0,na,"[0,",0,0,1,332.1,+10.9dB,16.9us,"[0,",1,92.18,normal,0,valid,-14.6dB,-15.0dB,na,na,,,,
2025-07-30 13:41:27.271505,PHY,0x4601,1,0,na,"[0,",0,0,1,332.8,+11.0dB,16.4us,"[0,",1,92.19,normal,0,valid,-14.6dB,-14.9dB,na,na,,,,
2025-07-30 13:41:27.275986,PHY,0x4601,1,0,na,"[0,",0,0,1,392.2,+11.7dB,16.4us,"[0,",1,93.8,normal,0,valid,-14.6dB,-14.9dB,na,na,,,,
2025-07-30 13:41:27.276462,PHY,0x4601,1,0,na,"[0,",0,0,1,391.6,+11.7dB,15.2us,"[0,",1,93.9,normal,0,valid,-14.6dB,-14.9dB,na,na,,,,
2025-07-30 13:41:27.280119,PHY,0x4601,2,,na,"[0,",,,11111,,+31.7dB,17.9us,"[0,",1,93.17,normal,0,valid,-11.9dB,-12.0dB,0.39us,+61.5Hz,,"[6,",,1
2025-07-30 13:41:27.280947,PHY,0x4601,1,0,na,"[0,",0,0,1,398.9,+11.8dB,15.4us,"[0,",1,93.18,normal,0,valid,-14.7dB,-14.9dB,na,na,,,,
2025-07-30 13:41:27.281553,PHY,0x4601,1,0,na,"[0,",0,0,1,411.0,+11.9dB,14.1us,"[0,",1,93.19,normal,0,valid,-14.6dB,-14.9dB,na,na,,,,
2025-07-30 13:41:27.285625,CSI,0x4601,2,,na,"[0,",,,1,,+29.4dB,14.8us,"[0,",1,94.8,normal,0,valid,-11.8dB,-11.9dB,0.39us,-54.2Hz,,"[6,",1111,1
2025-07-30 13:41:27.286490,PHY,0x4601,1,0,na,"[0,",0,0,1,401.7,+11.8dB,16.1us,"[0,",1,94.9,normal,0,valid,-14.6dB,-14.9dB,na,na,,,,
2025-07-30 13:41:27.290033,PHY,0x4601,2,,na,"[0,",,,11111,,+30.4dB,15.4us,"[0,",1,94.17,normal,0,valid,-11.9dB,-12.0dB,0.38us,+7.0Hz,,"[6,",,1
2025-07-30 13:41:27.290977,PHY,0x4601,1,0,na,"[0,",0,0,1,335.5,+11.0dB,17.3us,"[0,",1,94.18,normal,0,valid,-14.7dB,-15.0dB,na,na,,,,
2025-07-30 13:41:27.291448,PHY,0x4601,1,0,na,"[0,",0,0,1,323.8,+10.8dB,15.2us,"[0,",1,94.19,normal,0,valid,-14.6dB,-15.0dB,na,na,,,,
2025-07-30 13:41:27.295951,PHY,0x4601,1,0,na,"[0,",0,0,1,400.1,+11.8dB,16.2us,"[0,",1,95.8,normal,0,valid,-14.6dB,-14.9dB,na,na,,,,
2025-07-30 13:41:27.296549,PHY,0x4601,1,0,na,"[0,",0,0,1,391.4,+11.7dB,14.5us,"[0,",1,95.9,normal,0,valid,-14.6dB,-14.9dB,na,na,,,,
2025-07-30 13:41:27.300084,PHY,0x4601,2,,na,"[0,",,,11111,,+29.7dB,15.1us,"[0,",1,95.17,normal,0,valid,-11.9dB,-12.0dB,0.36us,-10.5Hz,,"[6,",,1
2025-07-30 13:41:27.301044,PHY,0x4601,1,0,na,"[0,",0,0,1,344.2,+11.1dB,21.8us,"[0,",1,95.18,normal,0,valid,-14.6dB,-15.0dB,na,na,,,,
2025-07-30 13:41:27.301490,PHY,0x4601,1,0,na,"[0,",0,0,1,329.2,+10.9dB,16.6us,"[0,",1,95.19,normal,0,valid,-14.6dB,-15.0dB,na,na,,,,
2025-07-30 13:41:27.305625,CSI,0x4601,2,,na,"[0,",,,1,,+32.5dB,16.0us,"[0,",1,96.8,normal,0,valid,-11.8dB,-11.9dB,0.37us,+21.1Hz,,"[6,",1111,1
2025-07-30 13:41:27.306446,PHY,0x4601,1,0,na,"[0,",0,0,1,329.7,+10.9dB,16.7us,"[0,",1,96.9,normal,0,valid,-14.7dB,-15.0dB,na,na,,,,
2025-07-30 13:41:27.310109,PHY,0x4601,2,,na,"[0,",,,11111,,+28.8dB,17.0us,"[0,",1,96.17,normal,0,valid,-11.7dB,-11.9dB,0.39us,+92.9Hz,,"[6,",,1
2025-07-30 13:41:27.311040,PHY,0x4601,1,0,na,"[0,",0,0,1,341.8,+11.1dB,16.4us,"[0,",1,96.18,normal,0,valid,-14.6dB,-15.0dB,na,na,,,,
2025-07-30 13:41:27.311548,PHY,0x4601,1,0,na,"[0,",0,0,1,333.1,+11.0dB,16.5us,"[0,",1,96.19,normal,0,valid,-14.6dB,-15.0dB,na,na,,,,
2025-07-30 13:41:27.316030,PHY,0x4601,1,0,na,"[0,",0,0,1,408.2,+11.9dB,16.4us,"[0,",1,97.8,normal,0,valid,-14.6dB,-14.9dB,na,na,,,,
2025-07-30 13:41:27.316499,PHY,0x4601,1,0,na,"[0,",0,0,1,395.8,+11.7dB,41.6us,"[0,",1,97.9,normal,0,valid,-14.6dB,-14.9dB,na,na,,,,
2025-07-30 13:41:27.320023,PHY,0x4601,2,,na,"[0,",,,11111,,+30.7dB,16.2us,"[0,",1,97.17,normal,0,valid,-11.9dB,-12.0dB,0.39us,-36.0Hz,,"[6,",,1
2025-07-30 13:41:27.320962,PHY,0x4601,1,0,na,"[0,",0,0,1,335.9,+11.0dB,16.0us,"[0,",1,97.18,normal,0,valid,-14.6dB,-15.0dB,na,na,,,,
2025-07-30 13:41:27.321438,PHY,0x4601,1,0,na,"[0,",0,0,1,336.7,+11.0dB,14.7us,"[0,",1,97.19,normal,0,valid,-14.6dB,-15.0dB,na,na,,,,
2025-07-30 13:41:27.325568,CSI,0x4601,2,,na,"[0,",,,1,,+28.3dB,16.1us,"[0,",1,98.8,normal,0,valid,-11.7dB,-11.9dB,0.39us,+13.3Hz,,"[6,",1111,1
2025-07-30 13:41:27.326548,PHY,0x4601,1,0,na,"[0,",0,0,1,338.7,+11.0dB,16.3us,"[0,",1,98.9,normal,0,valid,-14.6dB,-15.0dB,na,na,,,,
2025-07-30 13:41:27.330065,PHY,0x4601,2,,na,"[0,",,,11111,,+32.0dB,18.1us,"[0,",1,98.17,normal,0,valid,-11.9dB,-12.0dB,0.38us,-63.3Hz,,"[6,",,1
2025-07-30 13:41:27.331017,PHY,0x4601,1,0,na,"[0,",0,0,1,328.0,+10.9dB,17.7us,"[0,",1,98.18,normal,0,valid,-14.6dB,-15.0dB,na,na,,,,
2025-07-30 13:41:27.331465,PHY,0x4601,1,0,na,"[0,",0,0,1,338.4,+11.1dB,15.1us,"[0,",1,98.19,normal,0,valid,-14.6dB,-14.9dB,na,na,,,,
2025-07-30 13:41:27.335963,PHY,0x4601,1,0,na,"[0,",0,0,1,401.3,+11.8dB,25.4us,"[0,",1,99.8,normal,0,valid,-14.6dB,-14.9dB,na,na,,,,
2025-07-30 13:41:27.336536,PHY,0x4601,1,0,na,"[0,",0,0,1,393.7,+11.7dB,14.4us,"[0,",1,99.9,normal,0,valid,-14.6dB,-14.9dB,na,na,,,,
2025-07-30 13:41:27.340116,PHY,0x4601,2,,na,"[0,",,,11111,,+31.5dB,15.1us,"[0,",1,99.17,normal,0,valid,-11.9dB,-12.0dB,0.36us,-82.5Hz,,"[6,",,1
2025-07-30 13:41:27.341020,PHY,0x4601,1,0,na,"[0,",0,0,1,326.4,+10.9dB,16.3us,"[0,",1,99.18,normal,0,valid,-14.7dB,-15.0dB,na,na,,,,
2025-07-30 13:41:27.341527,PHY,0x4601,1,0,na,"[0,",0,0,1,336.9,+11.0dB,14.3us,"[0,",1,99.19,normal,0,valid,-14.6dB,-15.0dB,na,na,,,,
2025-07-30 13:41:27.345587,CSI,0x4601,2,,na,"[0,",,,1,,+30.1dB,11.7us,"[0,",1,100.8,normal,0,valid,-11.8dB,-11.9dB,0.39us,-2.2Hz,,"[6,",1111,1
2025-07-30 13:41:27.346459,PHY,0x4601,1,0,na,"[0,",0,0,1,335.0,+11.0dB,16.1us,"[0,",1,100.9,normal,0,valid,-14.6dB,-15.0dB,na,na,,,,
2025-07-30 13:41:27.350115,PHY,0x4601,2,,na,"[0,",,,11111,,+30.3dB,16.5us,"[0,",1,100.17,normal,0,valid,-11.9dB,-12.0dB,0.37us,+38.3Hz,,"[6,",,1
2025-07-30 13:41:27.350944,PHY,0x4601,1,0,na,"[0,",0,0,1,336.8,+11.0dB,15.9us,"[0,",1,100.18,normal,0,valid,-14.7dB,-15.0dB,na,na,,,,
2025-07-30 13:41:27.351531,PHY,0x4601,1,0,na,"[0,",0,0,1,325.4,+10.9dB,15.6us,"[0,",1,100.19,normal,0,valid,-14.7dB,-15.0dB,na,na,,,,
2025-07-30 13:41:27.356019,PHY,0x4601,1,0,na,"[0,",0,0,1,391.7,+11.7dB,23.6us,"[0,",1,101.8,normal,0,valid,-14.6dB,-14.9dB,na,na,,,,
2025-07-30 13:41:27.356519,PHY,0x4601,1,0,na,"[0,",0,0,1,380.1,+11.5dB,14.1us,"[0,",1,101.9,normal,0,valid,-14.6dB,-14.9dB,na,na,,,,
2025-07-30 13:41:27.360039,PHY,0x4601,2,,na,"[0,",,,11111,,+30.5dB,15.2us,"[0,",1,101.17,normal,0,valid,-12.0dB,-12.1dB,0.37us,-38.3Hz,,"[6,",,1
2025-07-30 13:41:27.361006,PHY,0x4601,1,0,na,"[0,",0,0,1,323.1,+10.8dB,15.8us,"[0,",1,101.18,normal,0,valid,-14.6dB,-15.0dB,na,na,,,,
2025-07-30 13:41:27.361454,PHY,0x4601,1,0,na,"[0,",0,0,1,338.6,+11.0dB,14.7us,"[0,",1,101.19,normal,0,valid,-14.6dB,-15.0dB,na,na,,,,
2025-07-30 13:41:27.365604,CSI,0x4601,2,,na,"[0,",,,1,,+29.1dB,16.1us,"[0,",1,102.8,normal,0,valid,-11.7dB,-11.9dB,0.41us,-70.0Hz,,"[6,",1111,1
2025-07-30 13:41:27.366524,PHY,0x4601,1,0,na,"[0,",0,0,1,330.5,+11.0dB,16.4us,"[0,",1,102.9,normal,0,valid,-14.7dB,-15.0dB,na,na,,,,
2025-07-30 13:41:27.370095,PHY,0x4601,2,,na,"[0,",,,11111,,+27.3dB,15.1us,"[0,",1,102.17,normal,0,valid,-11.8dB,-12.0dB,0.38us,+15.8Hz,,"[6,",,1
2025-07-30 13:41:27.371006,PHY,0x4601,1,0,na,"[0,",0,0,1,414.9,+11.9dB,15.9us,"[0,",1,102.18,normal,0,valid,-14.7dB,-14.9dB,na,na,,,,
2025-07-30 13:41:27.371515,PHY,0x4601,1,0,na,"[0,",0,0,1,397.2,+11.7dB,16.9us,"[0,",1,102.19,normal,0,valid,-14.6dB,-14.9dB,na,na,,,,
2025-07-30 13:41:27.376004,PHY,0x4601,1,0,na,"[0,",0,0,1,399.7,+11.8dB,16.7us,"[0,",1,103.8,normal,0,valid,-14.6dB,-14.9dB,na,na,,,,
2025-07-30 13:41:27.376438,PHY,0x4601,1,0,na,"[0,",0,0,1,390.0,+11.7dB,13.9us,"[0,",1,103.9,normal,0,valid,-14.6dB,-14.9dB,na,na,,,,
2025-07-30 13:41:27.380122,PHY,0x4601,2,,na,"[0,",,,11111,,+30.7dB,15.5us,"[0,",1,103.17,normal,0,valid,-11.9dB,-12.0dB,0.39us,+147.5Hz,,"[6,",,1
2025-07-30 13:41:27.380935,PHY,0x4601,1,0,na,"[0,",0,0,1,333.2,+11.0dB,17.8us,"[0,",1,103.18,normal,0,valid,-14.6dB,-15.0dB,na,na,,,,
2025-07-30 13:41:27.381513,PHY,0x4601,1,0,na,"[0,",0,0,1,324.4,+10.8dB,13.6us,"[0,",1,103.19,normal,0,valid,-14.7dB,-15.0dB,na,na,,,,
2025-07-30 13:41:27.385609,CSI,0x4601,2,,na,"[0,",,,1,,+30.1dB,12.2us,"[0,",1,104.8,normal,0,valid,-11.8dB,-11.9dB,0.40us,+33.5Hz,,"[6,",1111,1
2025-07-30 13:41:27.386514,PHY,0x4601,1,0,na,"[0,",0,0,1,406.1,+11.8dB,23.4us,"[0,",1,104.9,normal,0,valid,-14.6dB,-14.9dB,na,na,,,,
2025-07-30 13:41:27.390035,PHY,0x4601,2,,na,"[0,",,,11111,,+28.9dB,27.6us,"[0,",1,104.17,normal,0,valid,-11.8dB,-12.0dB,0.37us,+95.2Hz,,"[6,",,1
2025-07-30 13:41:27.390996,PHY,0x4601,1,0,na,"[0,",0,0,1,334.2,+11.0dB,16.2us,"[0,",1,104.18,normal,0,valid,-14.6dB,-15.0dB,na,na,,,,
2025-07-30 13:41:27.391449,PHY,0x4601,1,0,na,"[0,",0,0,1,338.0,+11.0dB,21.5us,"[0,",1,104.19,normal,0,valid,-14.6dB,-15.0dB,na,na,,,,
2025-07-30 13:41:27.396034,PHY,0x4601,1,0,na,"[0,",0,0,1,399.3,+11.7dB,16.7us,"[0,",1,105.8,normal,0,valid,-14.6dB,-14.9dB,na,na,,,,
2025-07-30 13:41:27.396516,PHY,0x4601,1,0,na,"[0,",0,0,1,383.0,+11.5dB,14.4us,"[0,",1,105.9,normal,0,valid,-14.7dB,-15.0dB,na,na,,,,
2025-07-30 13:41:27.400086,PHY,0x4601,2,,na,"[0,",,,11111,,+30.4dB,15.5us,"[0,",1,105.17,normal,0,valid,-11.8dB,-11.9dB,0.37us,+0.4Hz,,"[6,",,1
2025-07-30 13:41:27.401008,PHY,0x4601,1,0,na,"[0,",0,0,1,390.6,+11.7dB,19.6us,"[0,",1,105.18,normal,0,valid,-14.6dB,-14.9dB,na,na,,,,
2025-07-30 13:41:27.401504,PHY,0x4601,1,0,na,"[0,",0,0,1,379.4,+11.5dB,16.0us,"[0,",1,105.19,normal,0,valid,-14.6dB,-15.0dB,na,na,,,,
2025-07-30 13:41:27.405607,CSI,0x4601,2,,na,"[0,",,,1,,+33.9dB,15.5us,"[0,",1,106.8,normal,0,valid,-11.8dB,-12.0dB,0.35us,+81.9Hz,,"[6,",1111,1
2025-07-30 13:41:27.406447,PHY,0x4601,1,0,na,"[0,",0,0,1,325.0,+10.9dB,17.9us,"[0,",1,106.9,normal,0,valid,-14.7dB,-15.0dB,na,na,,,,
2025-07-30 13:41:27.410114,PHY,0x4601,2,,na,"[0,",,,11111,,+30.5dB,15.5us,"[0,",1,106.17,normal,0,valid,-11.8dB,-12.0dB,0.39us,+30.7Hz,,"[6,",,1
2025-07-30 13:41:27.411026,PHY,0x4601,1,0,na,"[0,",0,0,1,401.0,+11.8dB,16.0us,"[0,",1,106.18,normal,0,valid,-14.6dB,-14.9dB,na,na,,,,
2025-07-30 13:41:27.411508,PHY,0x4601,1,0,na,"[0,",0,0,1,389.0,+11.6dB,14.3us,"[0,",1,106.19,normal,0,valid,-14.6dB,-15.0dB,na,na,,,,
2025-07-30 13:41:27.415992,PHY,0x4601,1,0,na,"[0,",0,0,1,383.1,+11.6dB,16.4us,"[0,",1,107.8,normal,0,valid,-14.6dB,-14.9dB,na,na,,,,
2025-07-30 13:41:27.416504,PHY,0x4601,1,0,na,"[0,",0,0,1,393.2,+11.7dB,14.4us,"[0,",1,107.9,normal,0,valid,-14.7dB,-15.0dB,na,na,,,,
2025-07-30 13:41:27.420013,PHY,0x4601,2,,na,"[0,",,,11111,,+29.8dB,14.8us,"[0,",1,107.17,normal,0,valid,-11.9dB,-12.0dB,0.36us,+116.5Hz,,"[6,",,1
2025-07-30 13:41:27.420985,PHY,0x4601,1,0,na,"[0,",0,0,1,397.9,+11.7dB,15.2us,"[0,",1,107.18,normal,0,valid,-14.6dB,-14.9dB,na,na,,,,
2025-07-30 13:41:27.421536,PHY,0x4601,1,0,na,"[0,",0,0,1,394.5,+11.7dB,14.2us,"[0,",1,107.19,normal,0,valid,-14.6dB,-14.9dB,na,na,,,,
2025-07-30 13:41:27.425586,CSI,0x4601,2,,na,"[0,",,,1,,+31.6dB,16.2us,"[0,",1,108.8,normal,0,valid,-11.8dB,-11.9dB,0.38us,-69.6Hz,,"[6,",1111,1
2025-07-30 13:41:27.426498,PHY,0x4601,1,0,na,"[0,",0,0,1,331.6,+11.0dB,17.2us,"[0,",1,108.9,normal,0,valid,-14.7dB,-15.0dB,na,na,,,,
2025-07-30 13:41:27.430061,PHY,0x4601,2,,na,"[0,",,,11111,,+29.8dB,15.5us,"[0,",1,108.17,normal,0,valid,-11.8dB,-11.9dB,0.39us,+20.8Hz,,"[6,",,1
2025-07-30 13:41:27.430982,PHY,0x4601,1,0,na,"[0,",0,0,1,402.2,+11.8dB,16.4us,"[0,",1,108.18,normal,0,valid,-14.7dB,-14.9dB,na,na,,,,
2025-07-30 13:41:27.431493,PHY,0x4601,1,0,na,"[0,",0,0,1,398.7,+11.8dB,15.6us,"[0,",1,108.19,normal,0,valid,-14.6dB,-14.9dB,na,na,,,,
2025-07-30 13:41:27.435984,PHY,0x4601,1,0,na,"[0,",0,0,1,394.1,+11.7dB,16.8us,"[0,",1,109.8,normal,0,valid,-14.6dB,-14.9dB,na,na,,,,
2025-07-30 13:41:27.436535,PHY,0x4601,1,0,na,"[0,",0,0,1,400.9,+11.8dB,15.0us,"[0,",1,109.9,normal,0,valid,-14.6dB,-14.9dB,na,na,,,,
2025-07-30 13:41:27.440104,PHY,0x4601,2,,na,"[0,",,,11111,,+29.6dB,16.3us,"[0,",1,109.17,normal,0,valid,-11.7dB,-11.9dB,0.37us,+38.5Hz,,"[6,",,1
2025-07-30 13:41:27.441019,PHY,0x4601,1,0,na,"[0,",0,0,1,326.6,+10.9dB,20.3us,"[0,",1,109.18,normal,0,valid,-14.6dB,-15.0dB,na,na,,,,
2025-07-30 13:41:27.441487,PHY,0x4601,1,0,na,"[0,",0,0,1,326.9,+10.9dB,14.2us,"[0,",1,109.19,normal,0,valid,-14.7dB,-15.0dB,na,na,,,,
2025-07-30 13:41:27.445596,CSI,0x4601,2,,na,"[0,",,,1,,+31.5dB,15.0us,"[0,",1,110.8,normal,0,valid,-11.8dB,-11.9dB,0.41us,-29.7Hz,,"[6,",1111,1
2025-07-30 13:41:27.446507,PHY,0x4601,1,0,na,"[0,",0,0,1,386.8,+11.6dB,31.6us,"[0,",1,110.9,normal,0,valid,-14.6dB,-14.9dB,na,na,,,,
2025-07-30 13:41:27.450114,PHY,0x4601,2,,na,"[0,",,,11111,,+30.7dB,16.8us,"[0,",1,110.17,normal,0,valid,-11.9dB,-12.0dB,0.38us,-22.7Hz,,"[6,",,1
2025-07-30 13:41:27.450975,PHY,0x4601,1,0,na,"[0,",0,0,1,334.5,+11.0dB,15.9us,"[0,",1,110.18,normal,0,valid,-14.6dB,-14.9dB,na,na,,,,
2025-07-30 13:41:27.451525,PHY,0x4601,1,0,na,"[0,",0,0,1,326.3,+10.9dB,13.5us,"[0,",1,110.19,normal,0,valid,-14.6dB,-14.9dB,na,na,,,,
2025-07-30 13:41:27.456008,PHY,0x4601,1,0,na,"[0,",0,0,1,390.5,+11.7dB,17.6us,"[0,",1,111.8,normal,0,valid,-14.7dB,-14.9dB,na,na,,,,
2025-07-30 13:41:27.456490,PHY,0x4601,1,0,na,"[0,",0,0,1,393.1,+11.7dB,25.1us,"[0,",1,111.9,normal,0,valid,-14.6dB,-14.9dB,na,na,,,,
2025-07-30 13:41:27.460050,PHY,0x4601,2,,na,"[0,",,,11111,,+29.0dB,16.6us,"[0,",1,111.17,normal,0,valid,-11.9dB,-12.0dB,0.37us,+41.5Hz,,"[6,",,1
2025-07-30 13:41:27.460972,PHY,0x4601,1,0,na,"[0,",0,0,1,390.0,+11.7dB,16.4us,"[0,",1,111.18,normal,0,valid,-14.7dB,-14.9dB,na,na,,,,
2025-07-30 13:41:27.461482,PHY,0x4601,1,0,na,"[0,",0,0,1,394.1,+11.7dB,14.9us,"[0,",1,111.19,normal,0,valid,-14.6dB,-14.9dB,na,na,,,,
2025-07-30 13:41:27.465594,CSI,0x4601,2,,na,"[0,",,,1,,+30.9dB,15.3us,"[0,",1,112.8,normal,0,valid,-11.8dB,-11.9dB,0.38us,-3.3Hz,,"[6,",1111,1
2025-07-30 13:41:27.466527,PHY,0x4601,1,0,na,"[0,",0,0,1,338.0,+11.0dB,18.7us,"[0,",1,112.9,normal,0,valid,-14.6dB,-15.0dB,na,na,,,,
2025-07-30 13:41:27.470100,PHY,0x4601,2,,na,"[0,",,,11111,,+30.5dB,17.2us,"[0,",1,112.17,normal,0,valid,-12.0dB,-12.1dB,0.38us,-37.5Hz,,"[6,",,1
2025-07-30 13:41:27.471010,PHY,0x4601,1,0,na,"[0,",0,0,1,326.7,+10.9dB,17.8us,"[0,",1,112.18,normal,0,valid,-14.6dB,-15.0dB,na,na,,,,
2025-07-30 13:41:27.471486,PHY,0x4601,1,0,na,"[0,",0,0,1,334.2,+11.0dB,17.4us,"[0,",1,112.19,normal,0,valid,-14.6dB,-14.9dB,na,na,,,,
2025-07-30 13:41:27.475970,PHY,0x4601,1,0,na,"[0,",0,0,1,399.5,+11.7dB,16.8us,"[0,",1,113.8,normal,0,valid,-14.6dB,-14.9dB,na,na,,,,
2025-07-30 13:41:27.476442,PHY,0x4601,1,0,na,"[0,",0,0,1,389.8,+11.6dB,16.2us,"[0,",1,113.9,normal,0,valid,-14.6dB,-14.9dB,na,na,,,,
2025-07-30 13:41:27.480116,PHY,0x4601,2,,na,"[0,",,,11111,,+31.2dB,16.2us,"[0,",1,113.17,normal,0,valid,-11.9dB,-12.0dB,0.39us,-67.1Hz,,"[6,",,1
2025-07-30 13:41:27.481064,PHY,0x4601,1,0,na,"[0,",0,0,1,334.9,+11.0dB,15.3us,"[0,",1,113.18,normal,0,valid,-14.7dB,-15.0dB,na,na,,,,
2025-07-30 13:41:27.481510,PHY,0x4601,1,0,na,"[0,",0,0,1,337.2,+11.0dB,15.7us,"[0,",1,113.19,normal,0,valid,-14.6dB,-15.0dB,na,na,,,,
2025-07-30 13:41:27.485640,CSI,0x4601,2,,na,"[0,",,,1,,+29.2dB,15.1us,"[0,",1,114.8,normal,0,valid,-11.7dB,-11.9dB,0.39us,+1.6Hz,,"[6,",1111,1
2025-07-30 13:41:27.486481,PHY,0x4601,1,0,na,"[0,",0,0,1,339.4,+11.0dB,17.0us,"[0,",1,114.9,normal,0,valid,-14.7dB,-15.0dB,na,na,,,,
2025-07-30 13:41:27.490053,PHY,0x4601,2,,na,"[0,",,,11111,,+29.9dB,20.1us,"[0,",1,114.17,normal,0,valid,-11.8dB,-11.9dB,0.37us,-32.8Hz,,"[6,",,1
2025-07-30 13:41:27.490960,PHY,0x4601,1,0,na,"[0,",0,0,1,331.7,+11.0dB,15.2us,"[0,",1,114.18,normal,0,valid,-14.7dB,-15.0dB,na,na,,,,
2025-07-30 13:41:27.491435,PHY,0x4601,1,0,na,"[0,",0,0,1,337.6,+11.0dB,13.6us,"[0,",1,114.19,normal,0,valid,-14.6dB,-15.0dB,na,na,,,,
2025-07-30 13:41:27.496059,PHY,0x4601,1,0,na,"[0,",0,0,1,391.2,+11.7dB,15.5us,"[0,",1,115.8,normal,0,valid,-14.6dB,-14.9dB,na,na,,,,
2025-07-30 13:41:27.496533,PHY,0x4601,1,0,na,"[0,",0,0,1,389.6,+11.6dB,15.3us,"[0,",1,115.9,normal,0,valid,-14.6dB,-14.9dB,na,na,,,,
2025-07-30 13:41:27.500070,PHY,0x4601,2,,na,"[0,",,,11111,,+29.5dB,17.2us,"[0,",1,115.17,normal,0,valid,-11.8dB,-11.9dB,0.36us,-72.2Hz,,"[6,",,1
2025-07-30 13:41:27.500994,PHY,0x4601,1,0,na,"[0,",0,0,1,379.6,+11.5dB,15.9us,"[0,",1,115.18,normal,0,valid,-14.7dB,-14.9dB,na,na,,,,
2025-07-30 13:41:27.501467,PHY,0x4601,1,0,na,"[0,",0,0,1,382.9,+11.5dB,13.9us,"[0,",1,115.19,normal,0,valid,-14.6dB,-14.9dB,na,na,,,,
2025-07-30 13:41:27.505604,CSI,0x4601,2,,na,"[0,",,,1,,+29.2dB,13.1us,"[0,",1,116.8,normal,0,valid,-11.8dB,-11.9dB,0.39us,-87.4Hz,,"[6,",1111,1
2025-07-30 13:41:27.506570,PHY,0x4601,1,0,na,"[0,",0,0,1,387.1,+11.6dB,17.0us,"[0,",1,116.9,normal,0,valid,-14.6dB,-14.9dB,na,na,,,,
2025-07-30 13:41:27.510140,PHY,0x4601,2,,na,"[0,",,,11111,,+30.0dB,17.5us,"[0,",1,116.17,normal,0,valid,-11.9dB,-12.1dB,0.37us,-0.2Hz,,"[6,",,1
2025-07-30 13:41:27.511060,PHY,0x4601,1,0,na,"[0,",0,0,1,378.4,+11.5dB,17.5us,"[0,",1,116.18,normal,0,valid,-14.6dB,-14.9dB,na,na,,,,
2025-07-30 13:41:27.511517,PHY,0x4601,1,0,na,"[0,",0,0,1,394.4,+11.7dB,23.4us,"[0,",1,116.19,normal,0,valid,-14.6dB,-14.9dB,na,na,,,,
2025-07-30 13:41:27.515995,PHY,0x4601,1,0,na,"[0,",0,0,1,396.6,+11.7dB,20.0us,"[0,",1,117.8,normal,0,valid,-14.6dB,-14.9dB,na,na,,,,
2025-07-30 13:41:27.516481,PHY,0x4601,1,0,na,"[0,",0,0,1,392.9,+11.7dB,18.8us,"[0,",1,117.9,normal,0,valid,-14.7dB,-14.9dB,na,na,,,,
2025-07-30 13:41:27.520154,PHY,0x4601,2,,na,"[0,",,,11111,,+31.0dB,21.7us,"[0,",1,117.17,normal,0,valid,-11.9dB,-12.0dB,0.36us,+17.6Hz,,"[6,",,1
2025-07-30 13:41:27.520972,PHY,0x4601,1,0,na,"[0,",0,0,1,396.6,+11.7dB,22.7us,"[0,",1,117.18,normal,0,valid,-14.6dB,-14.9dB,na,na,,,,
2025-07-30 13:41:27.521564,PHY,0x4601,1,0,na,"[0,",0,0,1,395.7,+11.7dB,15.9us,"[0,",1,117.19,normal,0,valid,-14.7dB,-15.0dB,na,na,,,,
2025-07-30 13:41:27.525636,CSI,0x4601,2,,na,"[0,",,,1,,+29.2dB,14.8us,"[0,",1,118.8,normal,0,valid,-11.9dB,-12.0dB,0.38us,-17.8Hz,,"[6,",1111,1
2025-07-30 13:41:27.526506,PHY,0x4601,1,0,na,"[0,",0,0,1,390.3,+11.6dB,17.0us,"[0,",1,118.9,normal,0,valid,-14.7dB,-15.0dB,na,na,,,,
2025-07-30 13:41:27.530039,PHY,0x4601,2,,na,"[0,",,,11111,,+29.6dB,17.6us,"[0,",1,118.17,normal,0,valid,-11.9dB,-12.0dB,0.38us,+52.2Hz,,"[6,",,1
2025-07-30 13:41:27.530984,PHY,0x4601,1,0,na,"[0,",0,0,1,398.6,+11.8dB,17.0us,"[0,",1,118.18,normal,0,valid,-14.6dB,-14.9dB,na,na,,,,
2025-07-30 13:41:27.531451,PHY,0x4601,1,0,na,"[0,",0,0,1,380.3,+11.5dB,14.7us,"[0,",1,118.19,normal,0,valid,-14.7dB,-15.0dB,na,na,,,,
2025-07-30 13:41:27.535972,PHY,0x4601,1,0,na,"[0,",0,0,1,393.8,+11.7dB,21.2us,"[0,",1,119.8,normal,0,valid,-14.6dB,-14.9dB,na,na,,,,
2025-07-30 13:41:27.536562,PHY,0x4601,1,0,na,"[0,",0,0,1,383.1,+11.6dB,23.2us,"[0,",1,119.9,normal,0,valid,-14.7dB,-14.9dB,na,na,,,,
2025-07-30 13:41:27.540096,PHY,0x4601,2,,na,"[0,",,,11111,,+30.8dB,15.6us,"[0,",1,119.17,normal,0,valid,-11.9dB,-12.0dB,0.37us,-65.4Hz,,"[6,",,1
2025-07-30 13:41:27.541040,PHY,0x4601,1,0,na,"[0,",0,0,1,393.1,+11.7dB,16.0us,"[0,",1,119.18,normal,0,valid,-14.6dB,-15.0dB,na,na,,,,
2025-07-30 13:41:27.541487,PHY,0x4601,1,0,na,"[0,",0,0,1,397.1,+11.7dB,14.2us,"[0,",1,119.19,normal,0,valid,-14.7dB,-15.0dB,na,na,,,,
2025-07-30 13:41:27.545647,CSI,0x4601,2,,na,"[0,",,,1,,+28.0dB,17.1us,"[0,",1,120.8,normal,0,valid,-11.8dB,-11.9dB,0.39us,+51.3Hz,,"[6,",1111,1
2025-07-30 13:41:27.546451,PHY,0x4601,1,0,na,"[0,",0,0,1,332.5,+11.0dB,16.5us,"[0,",1,120.9,normal,0,valid,-14.6dB,-15.0dB,na,na,,,,
2025-07-30 13:41:27.550110,PHY,0x4601,2,,na,"[0,",,,11111,,+31.4dB,14.4us,"[0,",1,120.17,normal,0,valid,-11.9dB,-12.0dB,0.36us,+31.6Hz,,"[6,",,1
2025-07-30 13:41:27.550943,PHY,0x4601,1,0,na,"[0,",0,0,1,373.9,+11.5dB,16.0us,"[0,",1,120.18,normal,0,valid,-14.7dB,-14.9dB,na,na,,,,
2025-07-30 13:41:27.551542,PHY,0x4601,1,0,na,"[0,",0,0,1,388.6,+11.6dB,14.3us,"[0,",1,120.19,normal,0,valid,-14.6dB,-14.9dB,na,na,,,,
2025-07-30 13:41:27.556019,PHY,0x4601,1,0,na,"[0,",0,0,1,385.7,+11.6dB,20.3us,"[0,",1,121.8,normal,0,valid,-14.6dB,-14.9dB,na,na,,,,
2025-07-30 13:41:27.556494,PHY,0x4601,1,0,na,"[0,",0,0,1,378.4,+11.5dB,29.0us,"[0,",1,121.9,normal,0,valid,-14.6dB,-14.9dB,na,na,,,,
2025-07-30 13:41:27.560030,PHY,0x4601,2,,na,"[0,",,,11111,,+28.7dB,16.6us,"[0,",1,121.17,normal,0,valid,-11.8dB,-12.0dB,0.38us,-52.2Hz,,"[6,",,1
2025-07-30 13:41:27.560968,PHY,0x4601,1,0,na,"[0,",0,0,1,384.7,+11.6dB,16.6us,"[0,",1,121.18,normal,0,valid,-14.7dB,-15.0dB,na,na,,,,
2025-07-30 13:41:27.561449,PHY,0x4601,1,0,na,"[0,",0,0,1,391.1,+11.6dB,14.7us,"[0,",1,121.19,normal,0,valid,-14.7dB,-15.0dB,na,na,,,,
2025-07-30 13:41:27.565589,CSI,0x4601,2,,na,"[0,",,,1,,+29.8dB,17.5us,"[0,",1,122.8,normal,0,valid,-11.8dB,-11.9dB,0.36us,-23.2Hz,,"[6,",1111,1
2025-07-30 13:41:27.566545,PHY,0x4601,1,0,na,"[0,",0,0,1,393.1,+11.7dB,16.0us,"[0,",1,122.9,normal,0,valid,-14.6dB,-14.9dB,na,na,,,,
2025-07-30 13:41:27.570069,PHY,0x4601,2,,na,"[0,",,,11111,,+29.2dB,18.4us,"[0,",1,122.17,normal,0,valid,-11.9dB,-12.0dB,0.39us,-75.5Hz,,"[6,",,1
2025-07-30 13:41:27.571030,PHY,0x4601,1,0,na,"[0,",0,0,1,338.6,+11.1dB,16.1us,"[0,",1,122.18,normal,0,valid,-14.6dB,-15.0dB,na,na,,,,
2025-07-30 13:41:27.571483,PHY,0x4601,1,0,na,"[0,",0,0,1,320.5,+10.8dB,16.9us,"[0,",1,122.19,normal,0,valid,-14.6dB,-15.0dB,na,na,,,,
2025-07-30 13:41:27.575985,PHY,0x4601,1,0,na,"[0,",0,0,1,391.0,+11.7dB,20.4us,"[0,",1,123.8,normal,0,valid,-14.6dB,-14.9dB,na,na,,,,
2025-07-30 13:41:27.576445,PHY,0x4601,1,0,na,"[0,",0,0,1,395.7,+11.7dB,17.0us,"[0,",1,123.9,normal,0,valid,-14.6dB,-14.9dB,na,na,,,,
2025-07-30 13:41:27.580099,PHY,0x4601,2,,na,"[0,",,,11111,,+28.6dB,15.7us,"[0,",1,123.17,normal,0,valid,-12.0dB,-12.1dB,0.38us,+3.7Hz,,"[6,",,1
2025-07-30 13:41:27.581032,PHY,0x4601,1,0,na,"[0,",0,0,1,341.3,+11.1dB,16.3us,"[0,",1,123.18,normal,0,valid,-14.6dB,-15.0dB,na,na,,,,
2025-07-30 13:41:27.581536,PHY,0x4601,1,0,na,"[0,",0,0,1,327.2,+10.9dB,14.8us,"[0,",1,123.19,normal,0,valid,-14.6dB,-15.0dB,na,na,,,,
2025-07-30 13:41:27.585601,CSI,0x4601,2,,na,"[0,",,,1,,+29.9dB,12.6us,"[0,",1,124.8,normal,0,valid,-11.8dB,-11.9dB,0.38us,-182.0Hz,,"[6,",1111,1
2025-07-30 13:41:27.586472,PHY,0x4601,1,0,na,"[0,",0,0,1,314.0,+10.7dB,17.4us,"[0,",1,124.9,normal,0,valid,-14.7dB,-15.0dB,na,na,,,,
2025-07-30 13:41:27.590016,PHY,0x4601,2,,na,"[0,",,,11111,,+29.5dB,19.9us,"[0,",1,124.17,normal,0,valid,-11.8dB,-12.0dB,0.38us,-63.4Hz,,"[6,",,1
2025-07-30 13:41:27.590953,PHY,0x4601,1,0,na,"[0,",0,0,1,336.0,+11.0dB,16.2us,"[0,",1,124.18,normal,0,valid,-14.6dB,-14.9dB,na,na,,,,
2025-07-30 13:41:27.591537,PHY,0x4601,1,0,na,"[0,",0,0,1,316.8,+10.7dB,14.7us,"[0,",1,124.19,normal,0,valid,-14.6dB,-15.0dB,na,na,,,,
2025-07-30 13:41:27.596039,PHY,0x4601,1,0,na,"[0,",0,0,1,380.9,+11.5dB,20.7us,"[0,",1,125.8,normal,0,valid,-14.6dB,-14.9dB,na,na,,,,
2025-07-30 13:41:27.596546,PHY,0x4601,1,0,na,"[0,",0,0,1,386.5,+11.6dB,14.8us,"[0,",1,125.9,normal,0,valid,-14.7dB,-14.9dB,na,na,,,,
2025-07-30 13:41:27.600050,PHY,0x4601,2,,na,"[0,",,,11111,,+34.3dB,15.3us,"[0,",1,125.17,normal,0,valid,-11.9dB,-12.1dB,0.36us,-18.0Hz,,"[6,",,1
2025-07-30 13:41:27.601027,PHY,0x4601,1,0,na,"[0,",0,0,1,342.5,+11.1dB,22.3us,"[0,",1,125.18,normal,0,valid,-14.7dB,-15.0dB,na,na,,,,
2025-07-30 13:41:27.601462,PHY,0x4601,1,0,na,"[0,",0,0,1,330.5,+10.9dB,14.3us,"[0,",1,125.19,normal,0,valid,-14.6dB,-15.0dB,na,na,,,,
2025-07-30 13:41:27.605601,CSI,0x4601,2,,na,"[0,",,,1,,+31.9dB,11.7us,"[0,",1,126.8,normal,0,valid,-11.7dB,-11.9dB,0.37us,+105.2Hz,,"[6,",1111,1
2025-07-30 13:41:27.606530,PHY,0x4601,1,0,na,"[0,",0,0,1,396.2,+11.7dB,16.3us,"[0,",1,126.9,normal,0,valid,-14.6dB,-14.9dB,na,na,,,,
2025-07-30 13:41:27.610089,PHY,0x4601,2,,na,"[0,",,,11111,,+28.9dB,14.2us,"[0,",1,126.17,normal,0,valid,-11.9dB,-12.0dB,0.38us,-40.2Hz,,"[6,",,1
2025-07-30 13:41:27.611024,PHY,0x4601,1,0,na,"[0,",0,0,1,329.5,+10.9dB,16.1us,"[0,",1,126.18,normal,0,valid,-14.6dB,-14.9dB,na,na,,,,
2025-07-30 13:41:27.611525,PHY,0x4601,1,0,na,"[0,",0,0,1,324.2,+10.9dB,15.0us,"[0,",1,126.19,normal,0,valid,-14.6dB,-15.0dB,na,na,,,,
2025-07-30 13:41:27.616026,PHY,0x4601,1,0,na,"[0,",0,0,1,383.8,+11.6dB,18.5us,"[0,",1,127.8,normal,0,valid,-14.6dB,-14.9dB,na,na,,,,
2025-07-30 13:41:27.616458,PHY,0x4601,1,0,na,"[0,",0,0,1,382.0,+11.5dB,14.4us,"[0,",1,127.9,normal,0,valid,-14.7dB,-15.0dB,na,na,,,,
2025-07-30 13:41:27.620137,PHY,0x4601,2,,na,"[0,",,,11111,,+28.8dB,16.1us,"[0,",1,127.17,normal,0,valid,-11.9dB,-12.0dB,0.37us,-8.1Hz,,"[6,",,1
2025-07-30 13:41:27.620963,PHY,0x4601,1,0,na,"[0,",0,0,1,383.8,+11.6dB,32.3us,"[0,",1,127.18,normal,0,valid,-14.7dB,-15.0dB,na,na,,,,
2025-07-30 13:41:27.621524,PHY,0x4601,1,0,na,"[0,",0,0,1,386.5,+11.6dB,14.7us,"[0,",1,127.19,normal,0,valid,-14.7dB,-14.9dB,na,na,,,,
2025-07-30 13:41:27.625635,CSI,0x4601,2,,na,"[0,",,,1,,+30.5dB,15.4us,"[0,",1,128.8,normal,0,valid,-11.8dB,-11.9dB,0.38us,-39.0Hz,,"[6,",1111,1
2025-07-30 13:41:27.626521,PHY,0x4601,1,0,na,"[0,",0,0,1,405.2,+11.8dB,16.4us,"[0,",1,128.9,normal,0,valid,-14.7dB,-14.9dB,na,na,,,,
2025-07-30 13:41:27.630039,PHY,0x4601,2,,na,"[0,",,,11111,,+30.2dB,14.2us,"[0,",1,128.17,normal,0,valid,-12.0dB,-12.1dB,0.40us,-79.7Hz,,"[6,",,1
2025-07-30 13:41:27.631020,PHY,0x4601,1,0,na,"[0,",0,0,1,401.1,+11.8dB,17.1us,"[0,",1,128.18,normal,0,valid,-14.6dB,-14.9dB,na,na,,,,
2025-07-30 13:41:27.631447,PHY,0x4601,1,0,na,"[0,",0,0,1,382.0,+11.5dB,15.1us,"[0,",1,128.19,normal,0,valid,-14.6dB,-14.9dB,na,na,,,,
2025-07-30 13:41:27.635959,PHY,0x4601,1,0,na,"[0,",0,0,1,391.8,+11.6dB,16.4us,"[0,",1,129.8,normal,0,valid,-14.6dB,-15.0dB,na,na,,,,
2025-07-30 13:41:27.636534,PHY,0x4601,1,0,na,"[0,",0,0,1,381.2,+11.6dB,15.5us,"[0,",1,129.9,normal,0,valid,-14.6dB,-14.9dB,na,na,,,,
2025-07-30 13:41:27.640093,PHY,0x4601,2,,na,"[0,",,,11111,,+30.3dB,19.3us,"[0,",1,129.17,normal,0,valid,-11.9dB,-12.0dB,0.39us,-14.6Hz,,"[6,",,1
2025-07-30 13:41:27.641010,PHY,0x4601,1,0,na,"[0,",0,0,1,403.3,+11.8dB,17.9us,"[0,",1,129.18,normal,0,valid,-14.6dB,-14.9dB,na,na,,,,
2025-07-30 13:41:27.641522,PHY,0x4601,1,0,na,"[0,",0,0,1,379.3,+11.5dB,18.7us,"[0,",1,129.19,normal,0,valid,-14.6dB,-14.9dB,na,na,,,,
2025-07-30 13:41:27.645621,CSI,0x4601,2,,na,"[0,",,,1,,+30.6dB,16.9us,"[0,",1,130.8,normal,0,valid,-11.8dB,-11.9dB,0.37us,-33.8Hz,,"[6,",1111,1
2025-07-30 13:41:27.646445,PHY,0x4601,1,0,na,"[0,",0,0,1,316.2,+10.8dB,17.2us,"[0,",1,130.9,normal,0,valid,-14.7dB,-15.0dB,na,na,,,,
2025-07-30 13:41:27.650120,PHY,0x4601,2,,na,"[0,",,,11111,,+28.6dB,15.9us,"[0,",1,130.17,normal,0,valid,-11.9dB,-12.0dB,0.37us,-2.5Hz,,"[6,",,1
2025-07-30 13:41:27.651042,PHY,0x4601,1,0,na,"[0,",0,0,1,335.0,+11.0dB,16.0us,"[0,",1,130.18,normal,0,valid,-14.6dB,-15.0dB,na,na,,,,
2025-07-30 13:41:27.651523,PHY,0x4601,1,0,na,"[0,",0,0,1,333.5,+11.0dB,16.7us,"[0,",1,130.19,normal,0,valid,-14.6dB,-15.0dB,na,na,,,,
2025-07-30 13:41:27.656004,PHY,0x4601,1,0,na,"[0,",0,0,1,395.2,+11.7dB,17.7us,"[0,",1,131.8,normal,0,valid,-14.6dB,-14.9dB,na,na,,,,
2025-07-30 13:41:27.656530,PHY,0x4601,1,0,na,"[0,",0,0,1,390.1,+11.7dB,18.2us,"[0,",1,131.9,normal,0,valid,-14.6dB,-14.9dB,na,na,,,,
2025-07-30 13:41:27.660026,PHY,0x4601,2,,na,"[0,",,,11111,,+27.6dB,16.4us,"[0,",1,131.17,normal,0,valid,-11.9dB,-12.1dB,0.39us,-132.4Hz,,"[6,",,1
2025-07-30 13:41:27.661006,PHY,0x4601,1,0,na,"[0,",0,0,1,328.7,+10.9dB,18.5us,"[0,",1,131.18,normal,0,valid,-14.7dB,-15.0dB,na,na,,,,
2025-07-30 13:41:27.661437,PHY,0x4601,1,0,na,"[0,",0,0,1,321.4,+10.8dB,15.5us,"[0,",1,131.19,normal,0,valid,-14.6dB,-15.0dB,na,na,,,,
2025-07-30 13:41:27.665584,CSI,0x4601,2,,na,"[0,",,,1,,+28.1dB,13.5us,"[0,",1,132.8,normal,0,valid,-11.8dB,-11.9dB,0.38us,+52.0Hz,,"[6,",1111,1
2025-07-30 13:41:27.666518,PHY,0x4601,1,0,na,"[0,",0,0,1,418.5,+12.0dB,17.1us,"[0,",1,132.9,normal,0,valid,-14.6dB,-14.9dB,na,na,,,,
2025-07-30 13:41:27.670072,PHY,0x4601,2,,na,"[0,",,,11111,,+27.2dB,15.9us,"[0,",1,132.17,normal,0,valid,-11.9dB,-12.0dB,0.40us,+49.6Hz,,"[6,",,1
2025-07-30 13:41:27.671001,PHY,0x4601,1,0,na,"[0,",0,0,1,396.2,+11.8dB,20.6us,"[0,",1,132.18,normal,0,valid,-14.6dB,-14.9dB,na,na,,,,
2025-07-30 13:41:27.671512,PHY,0x4601,1,0,na,"[0,",0,0,1,396.8,+11.7dB,18.6us,"[0,",1,132.19,normal,0,valid,-14.6dB,-14.9dB,na,na,,,,
2025-07-30 13:41:27.675998,PHY,0x4601,1,0,na,"[0,",0,0,1,396.4,+11.7dB,17.8us,"[0,",1,133.8,normal,0,valid,-14.7dB,-14.9dB,na,na,,,,
2025-07-30 13:41:27.676552,PHY,0x4601,1,0,na,"[0,",0,0,1,379.4,+11.5dB,23.3us,"[0,",1,133.9,normal,0,valid,-14.7dB,-15.0dB,na,na,,,,
2025-07-30 13:41:27.680122,PHY,0x4601,2,,na,"[0,",,,11111,,+30.8dB,14.9us,"[0,",1,133.17,normal,0,valid,-11.9dB,-12.0dB,0.36us,-64.7Hz,,"[6,",,1
2025-07-30 13:41:27.681032,PHY,0x4601,1,0,na,"[0,",0,0,1,336.1,+11.0dB,18.2us,"[0,",1,133.18,normal,0,valid,-14.6dB,-15.0dB,na,na,,,,
2025-07-30 13:41:27.681496,PHY,0x4601,1,0,na,"[0,",0,0,1,334.1,+11.0dB,14.5us,"[0,",1,133.19,normal,0,valid,-14.6dB,-15.0dB,na,na,,,,
2025-07-30 13:41:27.685609,CSI,0x4601,2,,na,"[0,",,,1,,+28.5dB,13.0us,"[0,",1,134.8,normal,0,valid,-11.9dB,-12.0dB,0.38us,+29.5Hz,,"[6,",1111,1
2025-07-30 13:41:27.686505,PHY,0x4601,1,0,na,"[0,",0,0,1,338.8,+11.1dB,18.4us,"[0,",1,134.9,normal,0,valid,-14.7dB,-15.0dB,na,na,,,,
2025-07-30 13:41:27.690127,PHY,0x4601,2,,na,"[0,",,,11111,,+30.4dB,16.9us,"[0,",1,134.17,normal,0,valid,-11.9dB,-12.1dB,0.38us,+65.0Hz,,"[6,",,1
2025-07-30 13:41:27.690951,PHY,0x4601,1,0,na,"[0,",0,0,1,378.9,+11.5dB,20.8us,"[0,",1,134.18,normal,0,valid,-14.6dB,-14.9dB,na,na,,,,
2025-07-30 13:41:27.691539,PHY,0x4601,1,0,na,"[0,",0,0,1,415.4,+11.9dB,17.6us,"[0,",1,134.19,normal,0,valid,-14.6dB,-14.9dB,na,na,,,,
2025-07-30 13:41:27.696030,PHY,0x4601,1,0,na,"[0,",0,0,1,399.4,+11.8dB,16.9us,"[0,",1,135.8,normal,0,valid,-14.6dB,-14.9dB,na,na,,,,
2025-07-30 13:41:27.696498,PHY,0x4601,1,0,na,"[0,",0,0,1,381.6,+11.6dB,16.1us,"[0,",1,135.9,normal,0,valid,-14.7dB,-15.0dB,na,na,,,,
2025-07-30 13:41:27.700075,PHY,0x4601,2,,na,"[0,",,,11111,,+30.7dB,24.8us,"[0,",1,135.17,normal,0,valid,-12.0dB,-12.1dB,0.36us,+51.1Hz,,"[6,",,1
2025-07-30 13:41:27.700991,PHY,0x4601,1,0,na,"[0,",0,0,1,384.4,+11.6dB,16.4us,"[0,",1,135.18,normal,0,valid,-14.6dB,-14.9dB,na,na,,,,
2025-07-30 13:41:27.701501,PHY,0x4601,1,0,na,"[0,",0,0,1,394.9,+11.7dB,19.6us,"[0,",1,135.19,normal,0,valid,-14.6dB,-14.9dB,na,na,,,,
2025-07-30 13:41:27.705588,CSI,0x4601,2,,na,"[0,",,,1,,+32.4dB,16.2us,"[0,",1,136.8,normal,0,valid,-11.8dB,-11.9dB,0.39us,+44.6Hz,,"[6,",1111,1
2025-07-30 13:41:27.706536,PHY,0x4601,1,0,na,"[0,",0,0,1,331.1,+11.0dB,18.0us,"[0,",1,136.9,normal,0,valid,-14.6dB,-14.9dB,na,na,,,,
2025-07-30 13:41:27.710084,PHY,0x4601,2,,na,"[0,",,,11111,,+29.3dB,15.2us,"[0,",1,136.17,normal,0,valid,-11.8dB,-11.9dB,0.37us,+104.1Hz,,"[6,",,1
2025-07-30 13:41:27.711018,PHY,0x4601,1,0,na,"[0,",0,0,1,376.8,+11.5dB,22.9us,"[0,",1,136.18,normal,0,valid,-14.6dB,-15.0dB,na,na,,,,
2025-07-30 13:41:27.711485,PHY,0x4601,1,0,na,"[0,",0,0,1,380.0,+11.5dB,14.3us,"[0,",1,136.19,normal,0,valid,-14.6dB,-15.0dB,na,na,,,,
2025-07-30 13:41:27.715993,PHY,0x4601,1,0,na,"[0,",0,0,1,394.6,+11.7dB,17.8us,"[0,",1,137.8,normal,0,valid,-14.6dB,-14.9dB,na,na,,,,
2025-07-30 13:41:27.716453,PHY,0x4601,1,0,na,"[0,",0,0,1,384.1,+11.6dB,20.2us,"[0,",1,137.9,normal,0,valid,-14.6dB,-14.9dB,na,na,,,,
2025-07-30 13:41:27.720113,PHY,0x4601,2,,na,"[0,",,,11111,,+31.5dB,15.9us,"[0,",1,137.17,normal,0,valid,-11.9dB,-12.0dB,0.36us,-87.0Hz,,"[6,",,1
2025-07-30 13:41:27.720934,PHY,0x4601,1,0,na,"[0,",0,0,1,321.3,+10.8dB,16.6us,"[0,",1,137.18,normal,0,valid,-14.7dB,-15.0dB,na,na,,,,
2025-07-30 13:41:27.721527,PHY,0x4601,1,0,na,"[0,",0,0,1,316.9,+10.8dB,16.8us,"[0,",1,137.19,normal,0,valid,-14.6dB,-15.0dB,na,na,,,,
2025-07-30 13:41:27.725638,CSI,0x4601,2,,na,"[0,",,,1,,+32.0dB,11.7us,"[0,",1,138.8,normal,0,valid,-11.8dB,-11.9dB,0.39us,+124.1Hz,,"[6,",1111,1
2025-07-30 13:41:27.726484,PHY,0x4601,1,0,na,"[0,",0,0,1,396.7,+11.7dB,16.7us,"[0,",1,138.9,normal,0,valid,-14.6dB,-14.9dB,na,na,,,,
2025-07-30 13:41:27.730058,PHY,0x4601,2,,na,"[0,",,,11111,,+29.3dB,14.5us,"[0,",1,138.17,normal,0,valid,-11.9dB,-12.0dB,0.39us,-44.8Hz,,"[6,",,1
2025-07-30 13:41:27.730967,PHY,0x4601,1,0,na,"[0,",0,0,1,395.5,+11.7dB,16.0us,"[0,",1,138.18,normal,0,valid,-14.6dB,-14.9dB,na,na,,,,
2025-07-30 13:41:27.731448,PHY,0x4601,1,0,na,"[0,",0,0,1,386.1,+11.6dB,15.1us,"[0,",1,138.19,normal,0,valid,-14.6dB,-14.9dB,na,na,,,,
2025-07-30 13:41:27.736080,PHY,0x4601,1,0,na,"[0,",0,0,1,392.5,+11.7dB,19.1us,"[0,",1,139.8,normal,0,valid,-14.6dB,-14.9dB,na,na,,,,
2025-07-30 13:41:27.736529,PHY,0x4601,1,0,na,"[0,",0,0,1,378.4,+11.5dB,15.0us,"[0,",1,139.9,normal,0,valid,-14.6dB,-14.9dB,na,na,,,,
2025-07-30 13:41:27.740062,PHY,0x4601,2,,na,"[0,",,,11111,,+28.5dB,15.4us,"[0,",1,139.17,normal,0,valid,-11.9dB,-12.0dB,0.37us,+31.8Hz,,"[6,",,1
2025-07-30 13:41:27.741002,PHY,0x4601,1,0,na,"[0,",0,0,1,385.2,+11.6dB,15.6us,"[0,",1,139.18,normal,0,valid,-14.6dB,-14.9dB,na,na,,,,
2025-07-30 13:41:27.741477,PHY,0x4601,1,0,na,"[0,",0,0,1,392.2,+11.7dB,16.2us,"[0,",1,139.19,normal,0,valid,-14.6dB,-14.9dB,na,na,,,,
2025-07-30 13:41:27.745634,CSI,0x4601,2,,na,"[0,",,,1,,+30.5dB,16.2us,"[0,",1,140.8,normal,0,valid,-11.8dB,-11.9dB,0.37us,+22.3Hz,,"[6,",1111,1
2025-07-30 13:41:27.746442,PHY,0x4601,1,0,na,"[0,",0,0,1,329.3,+10.9dB,16.8us,"[0,",1,140.9,normal,0,valid,-14.6dB,-15.0dB,na,na,,,,
2025-07-30 13:41:27.750102,PHY,0x4601,2,,na,"[0,",,,11111,,+31.6dB,17.3us,"[0,",1,140.17,normal,0,valid,-11.9dB,-12.0dB,0.39us,-54.4Hz,,"[6,",,1
2025-07-30 13:41:27.751058,PHY,0x4601,1,0,na,"[0,",0,0,1,328.2,+10.9dB,15.8us,"[0,",1,140.18,normal,0,valid,-14.6dB,-15.0dB,na,na,,,,
2025-07-30 13:41:27.751516,PHY,0x4601,1,0,na,"[0,",0,0,1,342.0,+11.1dB,15.7us,"[0,",1,140.19,normal,0,valid,-14.6dB,-15.0dB,na,na,,,,
2025-07-30 13:41:27.756007,PHY,0x4601,1,0,na,"[0,",0,0,1,396.9,+11.7dB,16.9us,"[0,",1,141.8,normal,0,valid,-14.6dB,-14.9dB,na,na,,,,
2025-07-30 13:41:27.756466,PHY,0x4601,1,0,na,"[0,",0,0,1,394.6,+11.7dB,14.8us,"[0,",1,141.9,normal,0,valid,-14.6dB,-14.9dB,na,na,,,,
2025-07-30 13:41:27.760041,PHY,0x4601,2,,na,"[0,",,,11111,,+29.3dB,14.8us,"[0,",1,141.17,normal,0,valid,-11.8dB,-11.9dB,0.38us,+115.8Hz,,"[6,",,1
2025-07-30 13:41:27.760954,PHY,0x4601,1,0,na,"[0,",0,0,1,338.0,+11.1dB,16.1us,"[0,",1,141.18,normal,0,valid,-14.6dB,-14.9dB,na,na,,,,
2025-07-30 13:41:27.761568,PHY,0x4601,1,0,na,"[0,",0,0,1,329.7,+10.9dB,14.2us,"[0,",1,141.19,normal,0,valid,-14.6dB,-15.0dB,na,na,,,,
2025-07-30 13:41:27.765570,CSI,0x4601,2,,na,"[0,",,,1,,+30.9dB,15.6us,"[0,",1,142.8,normal,0,valid,-12.0dB,-12.1dB,0.39us,-22.7Hz,,"[6,",1111,1
2025-07-30 13:41:27.766513,PHY,0x4601,1,0,na,"[0,",0,0,1,326.2,+10.9dB,16.0us,"[0,",1,142.9,normal,0,valid,-14.7dB,-15.0dB,na,na,,,,
2025-07-30 13:41:27.770049,PHY,0x4601,2,,na,"[0,",,,11111,,+31.0dB,18.3us,"[0,",1,142.17,normal,0,valid,-11.8dB,-12.0dB,0.38us,+117.6Hz,,"[6,",,1
2025-07-30 13:41:27.770985,PHY,0x4601,1,0,na,"[0,",0,0,1,332.5,+11.0dB,16.1us,"[0,",1,142.18,normal,0,valid,-14.6dB,-15.0dB,na,na,,,,
2025-07-30 13:41:27.771472,PHY,0x4601,1,0,na,"[0,",0,0,1,336.6,+11.0dB,19.6us,"[0,",1,142.19,normal,0,valid,-14.6dB,-14.9dB,na,na,,,,
2025-07-30 13:41:27.775949,PHY,0x4601,1,0,na,"[0,",0,0,1,384.2,+11.6dB,16.8us,"[0,",1,143.8,normal,0,valid,-14.6dB,-14.9dB,na,na,,,,
2025-07-30 13:41:27.776558,PHY,0x4601,1,0,na,"[0,",0,0,1,390.2,+11.6dB,14.5us,"[0,",1,143.9,normal,0,valid,-14.7dB,-15.0dB,na,na,,,,
2025-07-30 13:41:27.780098,PHY,0x4601,2,,na,"[0,",,,11111,,+30.6dB,16.2us,"[0,",1,143.17,normal,0,valid,-11.8dB,-11.9dB,0.36us,+10.7Hz,,"[6,",,1
2025-07-30 13:41:27.781049,PHY,0x4601,1,0,na,"[0,",0,0,1,330.4,+10.9dB,15.7us,"[0,",1,143.18,normal,0,valid,-14.6dB,-15.0dB,na,na,,,,
2025-07-30 13:41:27.781505,PHY,0x4601,1,0,na,"[0,",0,0,1,326.6,+10.9dB,13.9us,"[0,",1,143.19,normal,0,valid,-14.6dB,-14.9dB,na,na,,,,
2025-07-30 13:41:27.785638,CSI,0x4601,2,,na,"[0,",,,1,,+29.8dB,13.0us,"[0,",1,144.8,normal,0,valid,-11.8dB,-11.9dB,0.38us,-57.8Hz,,"[6,",1111,1
2025-07-30 13:41:27.786459,PHY,0x4601,1,0,na,"[0,",0,0,1,328.2,+10.9dB,16.7us,"[0,",1,144.9,normal,0,valid,-14.7dB,-15.0dB,na,na,,,,
2025-07-30 13:41:27.790131,PHY,0x4601,2,,na,"[0,",,,11111,,+28.0dB,17.1us,"[0,",1,144.17,normal,0,valid,-11.9dB,-12.0dB,0.39us,+4.1Hz,,"[6,",,1
2025-07-30 13:41:27.790953,PHY,0x4601,1,0,na,"[0,",0,0,1,333.5,+11.0dB,17.2us,"[0,",1,144.18,normal,0,valid,-14.6dB,-15.0dB,na,na,,,,
2025-07-30 13:41:27.791549,PHY,0x4601,1,0,na,"[0,",0,0,1,333.9,+11.0dB,13.9us,"[0,",1,144.19,normal,0,valid,-14.6dB,-15.0dB,na,na,,,,
2025-07-30 13:41:27.796044,PHY,0x4601,1,0,na,"[0,",0,0,1,390.5,+11.7dB,19.3us,"[0,",1,145.8,normal,0,valid,-14.6dB,-14.9dB,na,na,,,,
2025-07-30 13:41:27.796492,PHY,0x4601,1,0,na,"[0,",0,0,1,395.0,+11.7dB,24.3us,"[0,",1,145.9,normal,0,valid,-14.6dB,-14.9dB,na,na,,,,
2025-07-30 13:41:27.800029,PHY,0x4601,2,,na,"[0,",,,11111,,+29.3dB,14.8us,"[0,",1,145.17,normal,0,valid,-11.9dB,-12.0dB,0.38us,-22.8Hz,,"[6,",,1
2025-07-30 13:41:27.800977,PHY,0x4601,1,0,na,"[0,",0,0,1,384.6,+11.6dB,16.4us,"[0,",1,145.18,normal,0,valid,-14.7dB,-14.9dB,na,na,,,,
2025-07-30 13:41:27.801452,PHY,0x4601,1,0,na,"[0,",0,0,1,388.4,+11.6dB,13.5us,"[0,",1,145.19,normal,0,valid,-14.7dB,-14.9dB,na,na,,,,
2025-07-30 13:41:27.805592,CSI,0x4601,2,,na,"[0,",,,1,,+30.7dB,14.2us,"[0,",1,146.8,normal,0,valid,-11.7dB,-11.8dB,0.38us,+3.2Hz,,"[6,",1111,1
2025-07-30 13:41:27.806551,PHY,0x4601,1,0,na,"[0,",0,0,1,337.7,+11.0dB,18.2us,"[0,",1,146.9,normal,0,valid,-14.6dB,-15.0dB,na,na,,,,
2025-07-30 13:41:27.810076,PHY,0x4601,2,,na,"[0,",,,11111,,+30.4dB,21.5us,"[0,",1,146.17,normal,0,valid,-11.9dB,-12.1dB,0.39us,+105.1Hz,,"[6,",,1
2025-07-30 13:41:27.811047,PHY,0x4601,1,0,na,"[0,",0,0,1,333.3,+11.0dB,18.0us,"[0,",1,146.18,normal,0,valid,-14.7dB,-15.0dB,na,na,,,,
2025-07-30 13:41:27.811489,PHY,0x4601,1,0,na,"[0,",0,0,1,325.8,+10.9dB,17.0us,"[0,",1,146.19,normal,0,valid,-14.6dB,-15.0dB,na,na,,,,
2025-07-30 13:41:27.815978,PHY,0x4601,1,0,na,"[0,",0,0,1,391.0,+11.7dB,17.9us,"[0,",1,147.8,normal,0,valid,-14.7dB,-14.9dB,na,na,,,,
2025-07-30 13:41:27.816446,PHY,0x4601,1,0,na,"[0,",0,0,1,381.4,+11.6dB,14.1us,"[0,",1,147.9,normal,0,valid,-14.7dB,-14.9dB,na,na,,,,
2025-07-30 13:41:27.820133,PHY,0x4601,2,,na,"[0,",,,11111,,+29.2dB,18.7us,"[0,",1,147.17,normal,0,valid,-11.9dB,-12.0dB,0.39us,-62.7Hz,,"[6,",,1
2025-07-30 13:41:27.821047,PHY,0x4601,1,0,na,"[0,",0,0,1,323.3,+10.8dB,23.4us,"[0,",1,147.18,normal,0,valid,-14.7dB,-15.0dB,na,na,,,,
2025-07-30 13:41:27.821546,PHY,0x4601,1,0,na,"[0,",0,0,1,328.0,+10.9dB,14.8us,"[0,",1,147.19,normal,0,valid,-14.7dB,-15.0dB,na,na,,,,
2025-07-30 13:41:27.825609,CSI,0x4601,2,,na,"[0,",,,1,,+30.3dB,12.6us,"[0,",1,148.8,normal,0,valid,-11.8dB,-11.9dB,0.40us,-14.2Hz,,"[6,",1111,1
2025-07-30 13:41:27.826498,PHY,0x4601,1,0,na,"[0,",0,0,1,385.3,+11.6dB,22.0us,"[0,",1,148.9,normal,0,valid,-14.7dB,-15.0dB,na,na,,,,
2025-07-30 13:41:27.830029,PHY,0x4601,2,,na,"[0,",,,11111,,+29.4dB,28.1us,"[0,",1,148.17,normal,0,valid,-11.9dB,-12.0dB,0.36us,+67.6Hz,,"[6,",,1
2025-07-30 13:41:27.830971,PHY,0x4601,1,0,na,"[0,",0,0,1,388.5,+11.6dB,16.3us,"[0,",1,148.18,normal,0,valid,-14.7dB,-15.0dB,na,na,,,,
2025-07-30 13:41:27.831464,PHY,0x4601,1,0,na,"[0,",0,0,1,402.7,+11.8dB,29.6us,"[0,",1,148.19,normal,0,valid,-14.6dB,-14.9dB,na,na,,,,
2025-07-30 13:41:27.836038,PHY,0x4601,1,0,na,"[0,",0,0,1,396.7,+11.7dB,24.3us,"[0,",1,149.8,normal,0,valid,-14.6dB,-14.9dB,na,na,,,,
2025-07-30 13:41:27.836561,PHY,0x4601,1,0,na,"[0,",0,0,1,396.1,+11.7dB,25.5us,"[0,",1,149.9,normal,0,valid,-14.6dB,-14.9dB,na,na,,,,
2025-07-30 13:41:27.840064,PHY,0x4601,2,,na,"[0,",,,11111,,+30.1dB,17.8us,"[0,",1,149.17,normal,0,valid,-11.9dB,-12.0dB,0.40us,+41.7Hz,,"[6,",,1
2025-07-30 13:41:27.841044,PHY,0x4601,1,0,na,"[0,",0,0,1,325.3,+10.9dB,24.6us,"[0,",1,149.18,normal,0,valid,-14.7dB,-15.0dB,na,na,,,,
2025-07-30 13:41:27.841483,PHY,0x4601,1,0,na,"[0,",0,0,1,325.0,+10.9dB,19.0us,"[0,",1,149.19,normal,0,valid,-14.6dB,-14.9dB,na,na,,,,
2025-07-30 13:41:27.845611,CSI,0x4601,2,,na,"[0,",,,1,,+31.3dB,12.8us,"[0,",1,150.8,normal,0,valid,-11.8dB,-12.0dB,0.39us,-138.0Hz,,"[6,",1111,1
2025-07-30 13:41:27.846542,PHY,0x4601,1,0,na,"[0,",0,0,1,317.7,+10.7dB,17.5us,"[0,",1,150.9,normal,0,valid,-14.7dB,-15.0dB,na,na,,,,
2025-07-30 13:41:27.850107,PHY,0x4601,2,,na,"[0,",,,11111,,+28.6dB,23.2us,"[0,",1,150.17,normal,0,valid,-11.9dB,-12.0dB,0.38us,-14.5Hz,,"[6,",,1
2025-07-30 13:41:27.851029,PHY,0x4601,1,0,na,"[0,",0,0,1,332.9,+11.0dB,17.1us,"[0,",1,150.18,normal,0,valid,-14.7dB,-15.0dB,na,na,,,,
2025-07-30 13:41:27.851529,PHY,0x4601,1,0,na,"[0,",0,0,1,331.5,+11.0dB,14.2us,"[0,",1,150.19,normal,0,valid,-14.6dB,-14.9dB,na,na,,,,
2025-07-30 13:41:27.856035,PHY,0x4601,1,0,na,"[0,",0,0,1,388.6,+11.6dB,17.4us,"[0,",1,151.8,normal,0,valid,-14.6dB,-14.9dB,na,na,,,,
2025-07-30 13:41:27.856464,PHY,0x4601,1,0,na,"[0,",0,0,1,379.4,+11.5dB,14.0us,"[0,",1,151.9,normal,0,valid,-14.7dB,-14.9dB,na,na,,,,
2025-07-30 13:41:27.860137,PHY,0x4601,2,,na,"[0,",,,11111,,+30.5dB,18.0us,"[0,",1,151.17,normal,0,valid,-11.9dB,-12.1dB,0.37us,-41.8Hz,,"[6,",,1
2025-07-30 13:41:27.860951,PHY,0x4601,1,0,na,"[0,",0,0,1,332.3,+11.0dB,16.4us,"[0,",1,151.18,normal,0,valid,-14.6dB,-14.9dB,na,na,,,,
2025-07-30 13:41:27.861534,PHY,0x4601,1,0,na,"[0,",0,0,1,323.4,+10.9dB,13.9us,"[0,",1,151.19,normal,0,valid,-14.6dB,-15.0dB,na,na,,,,
2025-07-30 13:41:27.865568,CSI,0x4601,2,,na,"[0,",,,1,,+28.5dB,16.5us,"[0,",1,152.8,normal,0,valid,-11.8dB,-11.9dB,0.39us,-61.5Hz,,"[6,",1111,1
2025-07-30 13:41:27.866534,PHY,0x4601,1,0,na,"[0,",0,0,1,380.3,+11.6dB,16.8us,"[0,",1,152.9,normal,0,valid,-14.6dB,-14.9dB,na,na,,,,
2025-07-30 13:41:27.870049,PHY,0x4601,2,,na,"[0,",,,11111,,+28.5dB,15.3us,"[0,",1,152.17,normal,0,valid,-11.9dB,-12.0dB,0.38us,-13.6Hz,,"[6,",,1
2025-07-30 13:41:27.871021,PHY,0x4601,1,0,na,"[0,",0,0,1,338.3,+11.1dB,26.1us,"[0,",1,152.18,normal,0,valid,-14.6dB,-14.9dB,na,na,,,,
2025-07-30 13:41:27.871458,PHY,0x4601,1,0,na,"[0,",0,0,1,327.2,+10.9dB,16.4us,"[0,",1,152.19,normal,0,valid,-14.6dB,-15.0dB,na,na,,,,
2025-07-30 13:41:27.875965,PHY,0x4601,1,0,na,"[0,",0,0,1,395.2,+11.7dB,17.4us,"[0,",1,153.8,normal,0,valid,-14.6dB,-14.9dB,na,na,,,,
2025-07-30 13:41:27.876554,PHY,0x4601,1,0,na,"[0,",0,0,1,384.7,+11.6dB,17.0us,"[0,",1,153.9,normal,0,valid,-14.6dB,-14.9dB,na,na,,,,
2025-07-30 13:41:27.880099,PHY,0x4601,2,,na,"[0,",,,11111,,+28.9dB,20.0us,"[0,",1,153.17,normal,0,valid,-11.9dB,-12.0dB,0.39us,+33.7Hz,,"[6,",,1
2025-07-30 13:41:27.881023,PHY,0x4601,1,0,na,"[0,",0,0,1,339.0,+11.1dB,25.0us,"[0,",1,153.18,normal,0,valid,-14.7dB,-15.0dB,na,na,,,,
2025-07-30 13:41:27.881532,PHY,0x4601,1,0,na,"[0,",0,0,1,320.6,+10.8dB,27.6us,"[0,",1,153.19,normal,0,valid,-14.6dB,-15.0dB,na,na,,,,
2025-07-30 13:41:27.885628,CSI,0x4601,2,,na,"[0,",,,1,,+31.0dB,14.9us,"[0,",1,154.8,normal,0,valid,-11.7dB,-11.8dB,0.37us,+59.4Hz,,"[6,",1111,1
2025-07-30 13:41:27.886463,PHY,0x4601,1,0,na,"[0,",0,0,1,327.0,+10.9dB,30.0us,"[0,",1,154.9,normal,0,valid,-14.7dB,-15.0dB,na,na,,,,
2025-07-30 13:41:27.890114,PHY,0x4601,2,,na,"[0,",,,11111,,+28.3dB,25.0us,"[0,",1,154.17,normal,0,valid,-11.9dB,-12.0dB,0.38us,-148.8Hz,,"[6,",,1
2025-07-30 13:41:27.890942,PHY,0x4601,1,0,na,"[0,",0,0,1,385.8,+11.6dB,20.0us,"[0,",1,154.18,normal,0,valid,-14.6dB,-14.9dB,na,na,,,,
2025-07-30 13:41:27.891532,PHY,0x4601,1,0,na,"[0,",0,0,1,378.2,+11.5dB,27.8us,"[0,",1,154.19,normal,0,valid,-14.6dB,-14.9dB,na,na,,,,
2025-07-30 13:41:27.896018,PHY,0x4601,1,0,na,"[0,",0,0,1,398.6,+11.7dB,27.0us,"[0,",1,155.8,normal,0,valid,-14.7dB,-15.0dB,na,na,,,,
2025-07-30 13:41:27.896531,PHY,0x4601,1,0,na,"[0,",0,0,1,377.8,+11.5dB,23.0us,"[0,",1,155.9,normal,0,valid,-14.6dB,-14.9dB,na,na,,,,
2025-07-30 13:41:27.900036,PHY,0x4601,2,,na,"[0,",,,11111,,+32.1dB,15.4us,"[0,",1,155.17,normal,0,valid,-11.8dB,-12.0dB,0.37us,-25.2Hz,,"[6,",,1
2025-07-30 13:41:27.901012,PHY,0x4601,1,0,na,"[0,",0,0,1,388.5,+11.6dB,16.3us,"[0,",1,155.18,normal,0,valid,-14.6dB,-14.9dB,na,na,,,,
2025-07-30 13:41:27.901452,PHY,0x4601,1,0,na,"[0,",0,0,1,383.2,+11.6dB,16.6us,"[0,",1,155.19,normal,0,valid,-14.6dB,-14.9dB,na,na,,,,
2025-07-30 13:41:27.905600,CSI,0x4601,2,,na,"[0,",,,1,,+30.7dB,13.7us,"[0,",1,156.8,normal,0,valid,-11.7dB,-11.8dB,0.39us,+2.3Hz,,"[6,",1111,1
2025-07-30 13:41:27.906516,PHY,0x4601,1,0,na,"[0,",0,0,1,389.7,+11.6dB,16.1us,"[0,",1,156.9,normal,0,valid,-14.7dB,-15.0dB,na,na,,,,
2025-07-30 13:41:27.910074,PHY,0x4601,2,,na,"[0,",,,11111,,+29.8dB,14.5us,"[0,",1,156.17,normal,0,valid,-11.8dB,-11.9dB,0.39us,-59.8Hz,,"[6,",,1
2025-07-30 13:41:27.911000,PHY,0x4601,1,0,na,"[0,",0,0,1,393.2,+11.7dB,17.4us,"[0,",1,156.18,normal,0,valid,-14.7dB,-15.0dB,na,na,,,,
2025-07-30 13:41:27.911517,PHY,0x4601,1,0,na,"[0,",0,0,1,392.8,+11.7dB,16.9us,"[0,",1,156.19,normal,0,valid,-14.7dB,-15.0dB,na,na,,,,
2025-07-30 13:41:27.916016,PHY,0x4601,1,0,na,"[0,",0,0,1,383.3,+11.5dB,16.8us,"[0,",1,157.8,normal,0,valid,-14.7dB,-15.0dB,na,na,,,,
2025-07-30 13:41:27.916449,PHY,0x4601,1,0,na,"[0,",0,0,1,384.4,+11.6dB,26.4us,"[0,",1,157.9,normal,0,valid,-14.6dB,-14.9dB,na,na,,,,
2025-07-30 13:41:27.920103,PHY,0x4601,2,,na,"[0,",,,11111,,+31.7dB,19.6us,"[0,",1,157.17,normal,0,valid,-12.0dB,-12.1dB,0.38us,+7.5Hz,,"[6,",,1
2025-07-30 13:41:27.921035,PHY,0x4601,1,0,na,"[0,",0,0,1,332.6,+10.9dB,16.4us,"[0,",1,157.18,normal,0,valid,-14.6dB,-15.0dB,na,na,,,,
2025-07-30 13:41:27.921507,PHY,0x4601,1,0,na,"[0,",0,0,1,330.4,+11.0dB,14.5us,"[0,",1,157.19,normal,0,valid,-14.6dB,-15.0dB,na,na,,,,
2025-07-30 13:41:27.925601,CSI,0x4601,2,,na,"[0,",,,1,,+30.0dB,12.3us,"[0,",1,158.8,normal,0,valid,-11.7dB,-11.9dB,0.40us,-102.4Hz,,"[6,",1111,1
2025-07-30 13:41:27.926509,PHY,0x4601,1,0,na,"[0,",0,0,1,391.5,+11.7dB,16.8us,"[0,",1,158.9,normal,0,valid,-14.6dB,-14.9dB,na,na,,,,
2025-07-30 13:41:27.930018,PHY,0x4601,2,,na,"[0,",,,11111,,+29.9dB,14.0us,"[0,",1,158.17,normal,0,valid,-11.9dB,-12.0dB,0.39us,+22.5Hz,,"[6,",,1
2025-07-30 13:41:27.930998,PHY,0x4601,1,0,na,"[0,",0,0,1,386.6,+11.6dB,15.9us,"[0,",1,158.18,normal,0,valid,-14.6dB,-14.9dB,na,na,,,,
2025-07-30 13:41:27.931542,PHY,0x4601,1,0,na,"[0,",0,0,1,376.1,+11.5dB,14.1us,"[0,",1,158.19,normal,0,valid,-14.7dB,-14.9dB,na,na,,,,
2025-07-30 13:41:27.936033,PHY,0x4601,1,0,na,"[0,",0,0,1,394.6,+11.7dB,16.8us,"[0,",1,159.8,normal,0,valid,-14.6dB,-14.9dB,na,na,,,,
2025-07-30 13:41:27.936517,PHY,0x4601,1,0,na,"[0,",0,0,1,367.1,+11.4dB,14.2us,"[0,",1,159.9,normal,0,valid,-14.6dB,-14.9dB,na,na,,,,
2025-07-30 13:41:27.940071,PHY,0x4601,2,,na,"[0,",,,11111,,+31.2dB,15.0us,"[0,",1,159.17,normal,0,valid,-12.0dB,-12.1dB,0.39us,+39.2Hz,,"[6,",,1
2025-07-30 13:41:27.940986,PHY,0x4601,1,0,na,"[0,",0,0,1,370.2,+11.4dB,16.0us,"[0,",1,159.18,normal,0,valid,-14.7dB,-14.9dB,na,na,,,,
2025-07-30 13:41:27.941511,PHY,0x4601,1,0,na,"[0,",0,0,1,385.2,+11.6dB,19.5us,"[0,",1,159.19,normal,0,valid,-14.7dB,-15.0dB,na,na,,,,
2025-07-30 13:41:27.945599,CSI,0x4601,2,,na,"[0,",,,1,,+31.6dB,14.2us,"[0,",1,160.8,normal,0,valid,-11.7dB,-11.9dB,0.37us,+1.3Hz,,"[6,",1111,1
2025-07-30 13:41:27.946537,PHY,0x4601,1,0,na,"[0,",0,0,1,329.0,+10.9dB,16.2us,"[0,",1,160.9,normal,0,valid,-14.7dB,-15.0dB,na,na,,,,
2025-07-30 13:41:27.950101,PHY,0x4601,2,,na,"[0,",,,11111,,+30.7dB,14.8us,"[0,",1,160.17,normal,0,valid,-11.9dB,-12.0dB,0.37us,+35.6Hz,,"[6,",,1
2025-07-30 13:41:27.951024,PHY,0x4601,1,0,na,"[0,",0,0,1,335.6,+11.0dB,16.1us,"[0,",1,160.18,normal,0,valid,-14.6dB,-15.0dB,na,na,,,,
2025-07-30 13:41:27.951501,PHY,0x4601,1,0,na,"[0,",0,0,1,319.6,+10.8dB,14.4us,"[0,",1,160.19,normal,0,valid,-14.6dB,-15.0dB,na,na,,,,
2025-07-30 13:41:27.955990,PHY,0x4601,1,0,na,"[0,",0,0,1,372.7,+11.4dB,16.3us,"[0,",1,161.8,normal,0,valid,-14.7dB,-15.0dB,na,na,,,,
2025-07-30 13:41:27.956512,PHY,0x4601,1,0,na,"[0,",0,0,1,376.4,+11.5dB,15.0us,"[0,",1,161.9,normal,0,valid,-14.6dB,-14.9dB,na,na,,,,
2025-07-30 13:41:27.960150,PHY,0x4601,2,,na,"[0,",,,11111,,+29.6dB,15.6us,"[0,",1,161.17,normal,0,valid,-12.0dB,-12.1dB,0.38us,+134.5Hz,,"[6,",,1
2025-07-30 13:41:27.960943,PHY,0x4601,1,0,na,"[0,",0,0,1,323.9,+10.9dB,16.4us,"[0,",1,161.18,normal,0,valid,-14.7dB,-15.0dB,na,na,,,,
2025-07-30 13:41:27.961537,PHY,0x4601,1,0,na,"[0,",0,0,1,310.9,+10.6dB,22.6us,"[0,",1,161.19,normal,0,valid,-14.7dB,-15.0dB,na,na,,,,
2025-07-30 13:41:27.965641,CSI,0x4601,2,,na,"[0,",,,1,,+31.0dB,12.7us,"[0,",1,162.8,normal,0,valid,-11.8dB,-11.9dB,0.40us,-13.0Hz,,"[6,",1111,1
2025-07-30 13:41:27.966495,PHY,0x4601,1,0,na,"[0,",0,0,1,331.5,+10.9dB,24.5us,"[0,",1,162.9,normal,0,valid,-14.7dB,-15.0dB,na,na,,,,
2025-07-30 13:41:27.970070,PHY,0x4601,2,,na,"[0,",,,11111,,+28.9dB,28.5us,"[0,",1,162.17,normal,0,valid,-11.9dB,-12.0dB,0.40us,-15.5Hz,,"[6,",,1
2025-07-30 13:41:27.970981,PHY,0x4601,1,0,na,"[0,",0,0,1,382.3,+11.6dB,23.2us,"[0,",1,162.18,normal,0,valid,-14.7dB,-14.9dB,na,na,,,,
2025-07-30 13:41:27.971448,PHY,0x4601,1,0,na,"[0,",0,0,1,368.8,+11.4dB,14.4us,"[0,",1,162.19,normal,0,valid,-14.7dB,-14.9dB,na,na,,,,
2025-07-30 13:41:27.975949,PHY,0x4601,1,0,na,"[0,",0,0,1,379.5,+11.5dB,17.0us,"[0,",1,163.8,normal,0,valid,-14.6dB,-14.9dB,na,na,,,,
2025-07-30 13:41:27.976566,PHY,0x4601,1,0,na,"[0,",0,0,1,389.9,+11.7dB,15.7us,"[0,",1,163.9,normal,0,valid,-14.6dB,-14.9dB,na,na,,,,
2025-07-30 13:41:27.980102,PHY,0x4601,2,,na,"[0,",,,11111,,+29.9dB,15.9us,"[0,",1,163.17,normal,0,valid,-11.8dB,-12.0dB,0.38us,+28.3Hz,,"[6,",,1
2025-07-30 13:41:27.981026,PHY,0x4601,1,0,na,"[0,",0,0,1,328.6,+10.9dB,19.6us,"[0,",1,163.18,normal,0,valid,-14.7dB,-15.0dB,na,na,,,,
2025-07-30 13:41:27.981493,PHY,0x4601,1,0,na,"[0,",0,0,1,337.6,+11.0dB,22.9us,"[0,",1,163.19,normal,0,valid,-14.7dB,-15.0dB,na,na,,,,
2025-07-30 13:41:27.985627,CSI,0x4601,2,,na,"[0,",,,1,,+30.8dB,25.7us,"[0,",1,164.8,normal,0,valid,-11.8dB,-12.0dB,0.40us,-51.2Hz,,"[6,",1111,1
2025-07-30 13:41:27.986441,PHY,0x4601,1,0,na,"[0,",0,0,1,309.4,+10.6dB,15.3us,"[0,",1,164.9,normal,0,valid,-14.7dB,-15.0dB,na,na,,,,
2025-07-30 13:41:27.990116,PHY,0x4601,2,,na,"[0,",,,11111,,+29.2dB,15.2us,"[0,",1,164.17,normal,0,valid,-11.8dB,-11.9dB,0.39us,-20.6Hz,,"[6,",,1
2025-07-30 13:41:27.991080,PHY,0x4601,1,0,na,"[0,",0,0,1,312.6,+10.7dB,29.4us,"[0,",1,164.18,normal,0,valid,-14.7dB,-15.0dB,na,na,,,,
2025-07-30 13:41:27.991526,PHY,0x4601,1,0,na,"[0,",0,0,1,328.8,+10.9dB,28.8us,"[0,",1,164.19,normal,0,valid,-14.6dB,-15.0dB,na,na,,,,
2025-07-30 13:41:27.996088,PHY,0x4601,1,0,na,"[0,",0,0,1,394.4,+11.7dB,34.9us,"[0,",1,165.8,normal,0,valid,-14.6dB,-14.9dB,na,na,,,,
2025-07-30 13:41:27.996504,PHY,0x4601,1,0,na,"[0,",0,0,1,382.8,+11.6dB,16.8us,"[0,",1,165.9,normal,0,valid,-14.7dB,-14.9dB,na,na,,,,
2025-07-30 13:41:28.000061,PHY,0x4601,2,,na,"[0,",,,11111,,+31.6dB,26.7us,"[0,",1,165.17,normal,0,valid,-12.0dB,-12.2dB,0.39us,-74.5Hz,,"[6,",,1
2025-07-30 13:41:28.000992,PHY,0x4601,1,0,na,"[0,",0,0,1,326.7,+10.9dB,22.2us,"[0,",1,165.18,normal,0,valid,-14.7dB,-15.0dB,na,na,,,,
2025-07-30 13:41:28.001466,PHY,0x4601,1,0,na,"[0,",0,0,1,323.7,+10.8dB,19.2us,"[0,",1,165.19,normal,0,valid,-14.4dB,-14.7dB,na,na,,,,
2025-07-30 13:41:28.005573,CSI,0x4601,2,,na,"[0,",,,1,,+29.5dB,21.8us,"[0,",1,166.8,normal,0,valid,-11.8dB,-11.9dB,0.38us,-117.9Hz,,"[6,",1111,1
2025-07-30 13:41:28.006523,PHY,0x4601,1,0,na,"[0,",0,0,1,389.2,+11.6dB,17.2us,"[0,",1,166.9,normal,0,valid,-14.6dB,-14.9dB,na,na,,,,
2025-07-30 13:41:28.010091,PHY,0x4601,2,,na,"[0,",,,11111,,+31.0dB,25.3us,"[0,",1,166.17,normal,0,valid,-11.9dB,-12.0dB,0.37us,-49.6Hz,,"[6,",,1
2025-07-30 13:41:28.011000,PHY,0x4601,1,0,na,"[0,",0,0,1,327.2,+10.9dB,24.1us,"[0,",1,166.18,normal,0,valid,-14.7dB,-15.0dB,na,na,,,,
2025-07-30 13:41:28.011486,PHY,0x4601,1,0,na,"[0,",0,0,1,329.9,+10.9dB,28.6us,"[0,",1,166.19,normal,0,valid,-14.7dB,-15.0dB,na,na,,,,
2025-07-30 13:41:28.015955,PHY,0x4601,1,0,na,"[0,",0,0,1,385.1,+11.6dB,17.3us,"[0,",1,167.8,normal,0,valid,-14.6dB,-14.9dB,na,na,,,,
2025-07-30 13:41:28.016562,PHY,0x4601,1,0,na,"[0,",0,0,1,368.9,+11.4dB,16.2us,"[0,",1,167.9,normal,0,valid,-14.7dB,-14.9dB,na,na,,,,
2025-07-30 13:41:28.020122,PHY,0x4601,2,,na,"[0,",,,11111,,+32.4dB,15.5us,"[0,",1,167.17,normal,0,valid,-11.8dB,-11.9dB,0.39us,-87.1Hz,,"[6,",,1
2025-07-30 13:41:28.021057,PHY,0x4601,1,0,na,"[0,",0,0,1,391.2,+11.7dB,18.1us,"[0,",1,167.18,normal,0,valid,-14.6dB,-14.9dB,na,na,,,,
2025-07-30 13:41:28.021504,PHY,0x4601,1,0,na,"[0,",0,0,1,399.2,+11.8dB,20.2us,"[0,",1,167.19,normal,0,valid,-14.6dB,-14.9dB,na,na,,,,
2025-07-30 13:41:28.025634,CSI,0x4601,2,,na,"[0,",,,1,,+29.4dB,15.3us,"[0,",1,168.8,normal,0,valid,-11.8dB,-11.9dB,0.37us,+93.1Hz,,"[6,",1111,1
2025-07-30 13:41:28.026471,PHY,0x4601,1,0,na,"[0,",0,0,1,390.7,+11.7dB,15.5us,"[0,",1,168.9,normal,0,valid,-14.7dB,-14.9dB,na,na,,,,
2025-07-30 13:41:28.030141,PHY,0x4601,2,,na,"[0,",,,11111,,+29.8dB,17.9us,"[0,",1,168.17,normal,0,valid,-11.9dB,-12.1dB,0.39us,-46.4Hz,,"[6,",,1
2025-07-30 13:41:28.030948,PHY,0x4601,1,0,na,"[0,",0,0,1,324.4,+10.9dB,16.5us,"[0,",1,168.18,normal,0,valid,-14.6dB,-15.0dB,na,na,,,,
2025-07-30 13:41:28.031558,PHY,0x4601,1,0,na,"[0,",0,0,1,317.2,+10.8dB,13.9us,"[0,",1,168.19,normal,0,valid,-14.6dB,-15.0dB,na,na,,,,
2025-07-30 13:41:28.036078,PHY,0x4601,1,0,na,"[0,",0,0,1,376.9,+11.5dB,25.9us,"[0,",1,169.8,normal,0,valid,-14.6dB,-14.9dB,na,na,,,,
2025-07-30 13:41:28.036518,PHY,0x4601,1,0,na,"[0,",0,0,1,384.9,+11.6dB,16.1us,"[0,",1,169.9,normal,0,valid,-14.7dB,-15.0dB,na,na,,,,
2025-07-30 13:41:28.040046,PHY,0x4601,2,,na,"[0,",,,11111,,+29.1dB,26.2us,"[0,",1,169.17,normal,0,valid,-11.8dB,-12.0dB,0.38us,-55.9Hz,,"[6,",,1
2025-07-30 13:41:28.041000,PHY,0x4601,1,0,na,"[0,",0,0,1,391.4,+11.7dB,21.1us,"[0,",1,169.18,normal,0,valid,-14.7dB,-15.0dB,na,na,,,,
2025-07-30 13:41:28.041474,PHY,0x4601,1,0,na,"[0,",0,0,1,375.5,+11.5dB,28.1us,"[0,",1,169.19,normal,0,valid,-14.6dB,-15.0dB,na,na,,,,
2025-07-30 13:41:28.045597,CSI,0x4601,2,,na,"[0,",,,1,,+31.6dB,13.7us,"[0,",1,170.8,normal,0,valid,-11.7dB,-11.8dB,0.39us,-104.7Hz,,"[6,",1111,1
2025-07-30 13:41:28.046566,PHY,0x4601,1,0,na,"[0,",0,0,1,377.2,+11.5dB,26.6us,"[0,",1,170.9,normal,0,valid,-14.6dB,-14.9dB,na,na,,,,
2025-07-30 13:41:28.050108,PHY,0x4601,2,,na,"[0,",,,11111,,+29.6dB,15.5us,"[0,",1,170.17,normal,0,valid,-11.9dB,-12.0dB,0.38us,-79.2Hz,,"[6,",,1
2025-07-30 13:41:28.051042,PHY,0x4601,1,0,na,"[0,",0,0,1,327.7,+10.9dB,16.1us,"[0,",1,170.18,normal,0,valid,-14.6dB,-14.9dB,na,na,,,,
2025-07-30 13:41:28.051502,PHY,0x4601,1,0,na,"[0,",0,0,1,320.8,+10.8dB,18.5us,"[0,",1,170.19,normal,0,valid,-14.6dB,-15.0dB,na,na,,,,
2025-07-30 13:41:28.055982,PHY,0x4601,1,0,na,"[0,",0,0,1,386.3,+11.6dB,17.7us,"[0,",1,171.8,normal,0,valid,-14.7dB,-14.9dB,na,na,,,,
2025-07-30 13:41:28.056458,PHY,0x4601,1,0,na,"[0,",0,0,1,395.9,+11.7dB,14.6us,"[0,",1,171.9,normal,0,valid,-14.7dB,-15.0dB,na,na,,,,
2025-07-30 13:41:28.060109,PHY,0x4601,2,,na,"[0,",,,11111,,+28.9dB,15.9us,"[0,",1,171.17,normal,0,valid,-12.0dB,-12.1dB,0.37us,-18.5Hz,,"[6,",,1
2025-07-30 13:41:28.060948,PHY,0x4601,1,0,na,"[0,",0,0,1,329.6,+10.9dB,16.2us,"[0,",1,171.18,normal,0,valid,-14.7dB,-15.0dB,na,na,,,,
2025-07-30 13:41:28.061552,PHY,0x4601,1,0,na,"[0,",0,0,1,320.7,+10.8dB,15.2us,"[0,",1,171.19,normal,0,valid,-14.6dB,-15.0dB,na,na,,,,
2025-07-30 13:41:28.065626,CSI,0x4601,2,,na,"[0,",,,1,,+32.1dB,15.4us,"[0,",1,172.8,normal,0,valid,-11.7dB,-11.9dB,0.38us,-105.1Hz,,"[6,",1111,1
2025-07-30 13:41:28.066479,PHY,0x4601,1,0,na,"[0,",0,0,1,324.9,+10.9dB,16.9us,"[0,",1,172.9,normal,0,valid,-14.7dB,-15.0dB,na,na,,,,
2025-07-30 13:41:28.070027,PHY,0x4601,2,,na,"[0,",,,11111,,+29.7dB,15.3us,"[0,",1,172.17,normal,0,valid,-11.9dB,-12.0dB,0.39us,-8.4Hz,,"[6,",,1
2025-07-30 13:41:28.071016,PHY,0x4601,1,0,na,"[0,",0,0,1,381.7,+11.5dB,16.4us,"[0,",1,172.18,normal,0,valid,-14.6dB,-15.0dB,na,na,,,,
2025-07-30 13:41:28.071466,PHY,0x4601,1,0,na,"[0,",0,0,1,384.6,+11.6dB,29.8us,"[0,",1,172.19,normal,0,valid,-14.7dB,-14.9dB,na,na,,,,
2025-07-30 13:41:28.076055,PHY,0x4601,1,0,na,"[0,",0,0,1,393.7,+11.7dB,30.1us,"[0,",1,173.8,normal,0,valid,-14.6dB,-14.9dB,na,na,,,,
2025-07-30 13:41:28.076552,PHY,0x4601,1,0,na,"[0,",0,0,1,378.7,+11.5dB,23.1us,"[0,",1,173.9,normal,0,valid,-14.6dB,-14.9dB,na,na,,,,
2025-07-30 13:41:28.080068,PHY,0x4601,2,,na,"[0,",,,11111,,+31.3dB,15.9us,"[0,",1,173.17,normal,0,valid,-12.0dB,-12.1dB,0.36us,+63.3Hz,,"[6,",,1
2025-07-30 13:41:28.081038,PHY,0x4601,1,0,na,"[0,",0,0,1,330.1,+10.9dB,16.2us,"[0,",1,173.18,normal,0,valid,-14.6dB,-15.0dB,na,na,,,,
2025-07-30 13:41:28.081480,PHY,0x4601,1,0,na,"[0,",0,0,1,327.1,+10.9dB,14.3us,"[0,",1,173.19,normal,0,valid,-14.6dB,-15.0dB,na,na,,,,
2025-07-30 13:41:28.085621,CSI,0x4601,2,,na,"[0,",,,1,,+31.2dB,12.8us,"[0,",1,174.8,normal,0,valid,-11.8dB,-11.9dB,0.40us,+34.9Hz,,"[6,",1111,1
2025-07-30 13:41:28.086451,PHY,0x4601,1,0,na,"[0,",0,0,1,326.8,+10.9dB,17.1us,"[0,",1,174.9,normal,0,valid,-14.7dB,-15.0dB,na,na,,,,
2025-07-30 13:41:28.090123,PHY,0x4601,2,,na,"[0,",,,11111,,+30.9dB,28.2us,"[0,",1,174.17,normal,0,valid,-11.9dB,-12.0dB,0.38us,+40.7Hz,,"[6,",,1
2025-07-30 13:41:28.091030,PHY,0x4601,1,0,na,"[0,",0,0,1,387.9,+11.6dB,16.3us,"[0,",1,174.18,normal,0,valid,-14.6dB,-14.9dB,na,na,,,,
2025-07-30 13:41:28.091539,PHY,0x4601,1,0,na,"[0,",0,0,1,363.7,+11.3dB,16.6us,"[0,",1,174.19,normal,0,valid,-14.6dB,-15.0dB,na,na,,,,
2025-07-30 13:41:28.096026,PHY,0x4601,1,0,na,"[0,",0,0,1,381.1,+11.5dB,16.1us,"[0,",1,175.8,normal,0,valid,-14.7dB,-15.0dB,na,na,,,,
2025-07-30 13:41:28.096465,PHY,0x4601,1,0,na,"[0,",0,0,1,382.6,+11.6dB,19.8us,"[0,",1,175.9,normal,0,valid,-14.7dB,-15.0dB,na,na,,,,
2025-07-30 13:41:28.100011,PHY,0x4601,2,,na,"[0,",,,11111,,+29.8dB,15.7us,"[0,",1,175.17,normal,0,valid,-12.1dB,-12.2dB,0.38us,-6.0Hz,,"[6,",,1
2025-07-30 13:41:28.100954,PHY,0x4601,1,0,na,"[0,",0,0,1,368.8,+11.4dB,16.2us,"[0,",1,175.18,normal,0,valid,-14.7dB,-15.0dB,na,na,,,,
2025-07-30 13:41:28.101545,PHY,0x4601,1,0,na,"[0,",0,0,1,387.4,+11.6dB,19.0us,"[0,",1,175.19,normal,0,valid,-14.7dB,-15.0dB,na,na,,,,
2025-07-30 13:41:28.105564,CSI,0x4601,2,,na,"[0,",,,1,,+31.6dB,13.1us,"[0,",1,176.8,normal,0,valid,-11.7dB,-11.8dB,0.38us,-83.6Hz,,"[6,",1111,1
2025-07-30 13:41:28.106534,PHY,0x4601,1,0,na,"[0,",0,0,1,322.4,+10.8dB,16.4us,"[0,",1,176.9,normal,0,valid,-14.7dB,-15.0dB,na,na,,,,
2025-07-30 13:41:28.110062,PHY,0x4601,2,,na,"[0,",,,11111,,+31.4dB,23.5us,"[0,",1,176.17,normal,0,valid,-11.7dB,-11.9dB,0.38us,+35.2Hz,,"[6,",,1
2025-07-30 13:41:28.111032,PHY,0x4601,1,0,na,"[0,",0,0,1,329.4,+10.9dB,26.9us,"[0,",1,176.18,normal,0,valid,-14.6dB,-14.9dB,na,na,,,,
2025-07-30 13:41:28.111474,PHY,0x4601,1,0,na,"[0,",0,0,1,318.1,+10.8dB,27.8us,"[0,",1,176.19,normal,0,valid,-14.6dB,-15.0dB,na,na,,,,
2025-07-30 13:41:28.115954,PHY,0x4601,1,0,na,"[0,",0,0,1,389.0,+11.6dB,16.6us,"[0,",1,177.8,normal,0,valid,-14.7dB,-15.0dB,na,na,,,,
2025-07-30 13:41:28.116534,PHY,0x4601,1,0,na,"[0,",0,0,1,382.7,+11.5dB,16.0us,"[0,",1,177.9,normal,0,valid,-14.6dB,-14.9dB,na,na,,,,
2025-07-30 13:41:28.120095,PHY,0x4601,2,,na,"[0,",,,11111,,+28.0dB,16.0us,"[0,",1,177.17,normal,0,valid,-11.9dB,-12.1dB,0.40us,-24.8Hz,,"[6,",,1
2025-07-30 13:41:28.121020,PHY,0x4601,1,0,na,"[0,",0,0,1,381.6,+11.5dB,15.5us,"[0,",1,177.18,normal,0,valid,-14.7dB,-15.0dB,na,na,,,,
2025-07-30 13:41:28.121527,PHY,0x4601,1,0,na,"[0,",0,0,1,369.5,+11.4dB,13.3us,"[0,",1,177.19,normal,0,valid,-14.6dB,-14.9dB,na,na,,,,
2025-07-30 13:41:28.125580,CSI,0x4601,2,,na,"[0,",,,1,,+29.9dB,12.9us,"[0,",1,178.8,normal,0,valid,-11.8dB,-11.9dB,0.40us,-49.7Hz,,"[6,",1111,1
2025-07-30 13:41:28.126459,PHY,0x4601,1,0,na,"[0,",0,0,1,383.7,+11.6dB,20.0us,"[0,",1,178.9,normal,0,valid,-14.6dB,-14.9dB,na,na,,,,
2025-07-30 13:41:28.130121,PHY,0x4601,2,,na,"[0,",,,11111,,+31.9dB,19.1us,"[0,",1,178.17,normal,0,valid,-11.8dB,-12.0dB,0.38us,-17.1Hz,,"[6,",,1
2025-07-30 13:41:28.130949,PHY,0x4601,1,0,na,"[0,",0,0,1,385.6,+11.6dB,18.3us,"[0,",1,178.18,normal,0,valid,-14.7dB,-14.9dB,na,na,,,,
2025-07-30 13:41:28.131527,PHY,0x4601,1,0,na,"[0,",0,0,1,390.6,+11.6dB,15.3us,"[0,",1,178.19,normal,0,valid,-14.6dB,-14.9dB,na,na,,,,
2025-07-30 13:41:28.136013,PHY,0x4601,1,0,na,"[0,",0,0,1,384.7,+11.6dB,17.3us,"[0,",1,179.8,normal,0,valid,-14.6dB,-14.9dB,na,na,,,,
2025-07-30 13:41:28.136528,PHY,0x4601,1,0,na,"[0,",0,0,1,368.7,+11.4dB,14.1us,"[0,",1,179.9,normal,0,valid,-14.6dB,-14.9dB,na,na,,,,
2025-07-30 13:41:28.140035,PHY,0x4601,2,,na,"[0,",,,11111,,+30.4dB,13.9us,"[0,",1,179.17,normal,0,valid,-11.9dB,-12.0dB,0.38us,-22.1Hz,,"[6,",,1
2025-07-30 13:41:28.141013,PHY,0x4601,1,0,na,"[0,",0,0,1,380.2,+11.5dB,14.9us,"[0,",1,179.18,normal,0,valid,-14.6dB,-15.0dB,na,na,,,,
2025-07-30 13:41:28.141448,PHY,0x4601,1,0,na,"[0,",0,0,1,390.5,+11.7dB,15.4us,"[0,",1,179.19,normal,0,valid,-14.6dB,-14.9dB,na,na,,,,
2025-07-30 13:41:28.145602,CSI,0x4601,2,,na,"[0,",,,1,,+30.2dB,16.5us,"[0,",1,180.8,normal,0,valid,-11.8dB,-11.9dB,0.40us,-70.0Hz,,"[6,",1111,1
2025-07-30 13:41:28.146528,PHY,0x4601,1,0,na,"[0,",0,0,1,380.6,+11.5dB,24.5us,"[0,",1,180.9,normal,0,valid,-14.7dB,-15.0dB,na,na,,,,
2025-07-30 13:41:28.150091,PHY,0x4601,2,,na,"[0,",,,11111,,+30.5dB,17.9us,"[0,",1,180.17,normal,0,valid,-11.8dB,-12.0dB,0.37us,-22.1Hz,,"[6,",,1
2025-07-30 13:41:28.151024,PHY,0x4601,1,0,na,"[0,",0,0,1,389.9,+11.6dB,30.8us,"[0,",1,180.18,normal,0,valid,-14.7dB,-15.0dB,na,na,,,,
2025-07-30 13:41:28.151536,PHY,0x4601,1,0,na,"[0,",0,0,1,380.5,+11.5dB,28.2us,"[0,",1,180.19,normal,0,valid,-14.6dB,-14.9dB,na,na,,,,
2025-07-30 13:41:28.156025,PHY,0x4601,1,0,na,"[0,",0,0,1,389.2,+11.6dB,17.5us,"[0,",1,181.8,normal,0,valid,-14.6dB,-14.9dB,na,na,,,,
2025-07-30 13:41:28.156485,PHY,0x4601,1,0,na,"[0,",0,0,1,399.2,+11.8dB,29.7us,"[0,",1,181.9,normal,0,valid,-14.6dB,-14.9dB,na,na,,,,
2025-07-30 13:41:28.160114,PHY,0x4601,2,,na,"[0,",,,11111,,+32.4dB,17.8us,"[0,",1,181.17,normal,0,valid,-11.9dB,-12.1dB,0.37us,+100.0Hz,,"[6,",,1
2025-07-30 13:41:28.161049,PHY,0x4601,1,0,na,"[0,",0,0,1,383.2,+11.6dB,23.3us,"[0,",1,181.18,normal,0,valid,-14.7dB,-15.0dB,na,na,,,,
2025-07-30 13:41:28.161534,PHY,0x4601,1,0,na,"[0,",0,0,1,383.5,+11.6dB,29.4us,"[0,",1,181.19,normal,0,valid,-14.6dB,-14.9dB,na,na,,,,
2025-07-30 13:41:28.165619,CSI,0x4601,2,,na,"[0,",,,1,,+29.4dB,13.0us,"[0,",1,182.8,normal,0,valid,-11.8dB,-12.0dB,0.38us,-15.1Hz,,"[6,",1111,1
2025-07-30 13:41:28.166511,PHY,0x4601,1,0,na,"[0,",0,0,1,392.5,+11.7dB,16.2us,"[0,",1,182.9,normal,0,valid,-14.7dB,-14.9dB,na,na,,,,
2025-07-30 13:41:28.170015,PHY,0x4601,2,,na,"[0,",,,11111,,+31.2dB,13.9us,"[0,",1,182.17,normal,0,valid,-11.8dB,-11.9dB,0.36us,-61.4Hz,,"[6,",,1
2025-07-30 13:41:28.171001,PHY,0x4601,1,0,na,"[0,",0,0,1,322.3,+10.8dB,16.0us,"[0,",1,182.18,normal,0,valid,-14.6dB,-15.0dB,na,na,,,,
2025-07-30 13:41:28.171436,PHY,0x4601,1,0,na,"[0,",0,0,1,325.9,+10.9dB,13.5us,"[0,",1,182.19,normal,0,valid,-14.6dB,-15.0dB,na,na,,,,
2025-07-30 13:41:28.176037,PHY,0x4601,1,0,na,"[0,",0,0,1,366.7,+11.3dB,16.5us,"[0,",1,183.8,normal,0,valid,-14.6dB,-15.0dB,na,na,,,,
2025-07-30 13:41:28.176520,PHY,0x4601,1,0,na,"[0,",0,0,1,389.9,+11.6dB,15.6us,"[0,",1,183.9,normal,0,valid,-14.6dB,-14.9dB,na,na,,,,
2025-07-30 13:41:28.180074,PHY,0x4601,2,,na,"[0,",,,11111,,+28.2dB,14.6us,"[0,",1,183.17,normal,0,valid,-11.9dB,-12.0dB,0.36us,-66.6Hz,,"[6,",,1
2025-07-30 13:41:28.180998,PHY,0x4601,1,0,na,"[0,",0,0,1,396.0,+11.7dB,17.3us,"[0,",1,183.18,normal,0,valid,-14.6dB,-14.9dB,na,na,,,,
2025-07-30 13:41:28.181511,PHY,0x4601,1,0,na,"[0,",0,0,1,378.0,+11.5dB,15.6us,"[0,",1,183.19,normal,0,valid,-14.6dB,-14.9dB,na,na,,,,
2025-07-30 13:41:28.185615,CSI,0x4601,2,,na,"[0,",,,1,,+31.1dB,16.6us,"[0,",1,184.8,normal,0,valid,-11.8dB,-11.9dB,0.39us,-15.5Hz,,"[6,",1111,1
2025-07-30 13:41:28.186541,PHY,0x4601,1,0,na,"[0,",0,0,1,379.5,+11.5dB,15.8us,"[0,",1,184.9,normal,0,valid,-14.6dB,-14.9dB,na,na,,,,
2025-07-30 13:41:28.190121,PHY,0x4601,2,,na,"[0,",,,11111,,+27.8dB,17.2us,"[0,",1,184.17,normal,0,valid,-12.0dB,-12.1dB,0.37us,-87.7Hz,,"[6,",,1
2025-07-30 13:41:28.191035,PHY,0x4601,1,0,na,"[0,",0,0,1,383.7,+11.6dB,19.1us,"[0,",1,184.18,normal,0,valid,-14.7dB,-14.9dB,na,na,,,,
2025-07-30 13:41:28.191504,PHY,0x4601,1,0,na,"[0,",0,0,1,367.4,+11.4dB,16.1us,"[0,",1,184.19,normal,0,valid,-14.6dB,-14.9dB,na,na,,,,
2025-07-30 13:41:28.195988,PHY,0x4601,1,0,na,"[0,",0,0,1,385.0,+11.6dB,17.4us,"[0,",1,185.8,normal,0,valid,-14.6dB,-14.9dB,na,na,,,,
2025-07-30 13:41:28.196517,PHY,0x4601,1,0,na,"[0,",0,0,1,380.9,+11.6dB,15.7us,"[0,",1,185.9,normal,0,valid,-14.6dB,-14.9dB,na,na,,,,
2025-07-30 13:41:28.200150,PHY,0x4601,2,,na,"[0,",,,11111,,+31.3dB,17.3us,"[0,",1,185.17,normal,0,valid,-11.9dB,-12.0dB,0.37us,-70.9Hz,,"[6,",,1
2025-07-30 13:41:28.200945,PHY,0x4601,1,0,na,"[0,",0,0,1,393.6,+11.7dB,16.1us,"[0,",1,185.18,normal,0,valid,-14.7dB,-15.0dB,na,na,,,,
2025-07-30 13:41:28.201540,PHY,0x4601,1,0,na,"[0,",0,0,1,385.6,+11.6dB,14.7us,"[0,",1,185.19,normal,0,valid,-14.7dB,-14.9dB,na,na,,,,
2025-07-30 13:41:28.205577,CSI,0x4601,2,,na,"[0,",,,1,,+28.5dB,16.3us,"[0,",1,186.8,normal,0,valid,-11.9dB,-12.1dB,0.41us,-57.3Hz,,"[6,",1111,1
2025-07-30 13:41:28.206497,PHY,0x4601,1,0,na,"[0,",0,0,1,392.4,+11.7dB,16.3us,"[0,",1,186.9,normal,0,valid,-14.7dB,-14.9dB,na,na,,,,
2025-07-30 13:41:28.210069,PHY,0x4601,2,,na,"[0,",,,11111,,+27.8dB,16.4us,"[0,",1,186.17,normal,0,valid,-11.9dB,-12.0dB,0.38us,+73.0Hz,,"[6,",,1
2025-07-30 13:41:28.210980,PHY,0x4601,1,0,na,"[0,",0,0,1,388.0,+11.6dB,17.3us,"[0,",1,186.18,normal,0,valid,-14.6dB,-14.9dB,na,na,,,,
2025-07-30 13:41:28.211457,PHY,0x4601,1,0,na,"[0,",0,0,1,381.3,+11.6dB,15.1us,"[0,",1,186.19,normal,0,valid,-14.6dB,-14.9dB,na,na,,,,
2025-07-30 13:41:28.215986,PHY,0x4601,1,0,na,"[0,",0,0,1,374.4,+11.5dB,16.9us,"[0,",1,187.8,normal,0,valid,-14.6dB,-14.9dB,na,na,,,,
2025-07-30 13:41:28.216532,PHY,0x4601,1,0,na,"[0,",0,0,1,374.9,+11.5dB,15.1us,"[0,",1,187.9,normal,0,valid,-14.6dB,-14.9dB,na,na,,,,
2025-07-30 13:41:28.220101,PHY,0x4601,2,,na,"[0,",,,11111,,+31.0dB,16.1us,"[0,",1,187.17,normal,0,valid,-11.8dB,-11.9dB,0.38us,+33.3Hz,,"[6,",,1
2025-07-30 13:41:28.221024,PHY,0x4601,1,0,na,"[0,",0,0,1,374.0,+11.5dB,18.2us,"[0,",1,187.18,normal,0,valid,-14.6dB,-14.9dB,na,na,,,,
2025-07-30 13:41:28.221493,PHY,0x4601,1,0,na,"[0,",0,0,1,374.8,+11.5dB,14.9us,"[0,",1,187.19,normal,0,valid,-14.6dB,-14.9dB,na,na,,,,
2025-07-30 13:41:28.225627,CSI,0x4601,2,,na,"[0,",,,1,,+29.9dB,13.6us,"[0,",1,188.8,normal,0,valid,-11.7dB,-11.8dB,0.38us,+10.6Hz,,"[6,",1111,1
2025-07-30 13:41:28.226458,PHY,0x4601,1,0,na,"[0,",0,0,1,376.9,+11.5dB,18.1us,"[0,",1,188.9,normal,0,valid,-14.7dB,-14.9dB,na,na,,,,
2025-07-30 13:41:28.230113,PHY,0x4601,2,,na,"[0,",,,11111,,+30.8dB,14.9us,"[0,",1,188.17,normal,0,valid,-11.8dB,-11.9dB,0.38us,-50.8Hz,,"[6,",,1
2025-07-30 13:41:28.230947,PHY,0x4601,1,0,na,"[0,",0,0,1,335.9,+11.0dB,23.4us,"[0,",1,188.18,normal,0,valid,-14.6dB,-15.0dB,na,na,,,,
2025-07-30 13:41:28.231527,PHY,0x4601,1,0,na,"[0,",0,0,1,319.2,+10.8dB,15.2us,"[0,",1,188.19,normal,0,valid,-14.6dB,-14.9dB,na,na,,,,
2025-07-30 13:41:28.236012,PHY,0x4601,1,0,na,"[0,",0,0,1,391.6,+11.6dB,18.2us,"[0,",1,189.8,normal,0,valid,-14.6dB,-15.0dB,na,na,,,,
2025-07-30 13:41:28.236490,PHY,0x4601,1,0,na,"[0,",0,0,1,390.7,+11.7dB,28.4us,"[0,",1,189.9,normal,0,valid,-14.6dB,-14.9dB,na,na,,,,
2025-07-30 13:41:28.240061,PHY,0x4601,2,,na,"[0,",,,11111,,+27.4dB,15.3us,"[0,",1,189.17,normal,0,valid,-11.8dB,-11.9dB,0.41us,-216.7Hz,,"[6,",,1
2025-07-30 13:41:28.240968,PHY,0x4601,1,0,na,"[0,",0,0,1,377.8,+11.5dB,15.7us,"[0,",1,189.18,normal,0,valid,-14.6dB,-14.9dB,na,na,,,,
2025-07-30 13:41:28.241440,PHY,0x4601,1,0,na,"[0,",0,0,1,377.3,+11.5dB,14.3us,"[0,",1,189.19,normal,0,valid,-14.7dB,-15.0dB,na,na,,,,
2025-07-30 13:41:28.245573,CSI,0x4601,2,,na,"[0,",,,1,,+30.4dB,13.6us,"[0,",1,190.8,normal,0,valid,-11.8dB,-11.9dB,0.37us,-36.3Hz,,"[6,",1111,1
2025-07-30 13:41:28.246529,PHY,0x4601,1,0,na,"[0,",0,0,1,382.7,+11.6dB,16.7us,"[0,",1,190.9,normal,0,valid,-14.6dB,-14.9dB,na,na,,,,
2025-07-30 13:41:28.250095,PHY,0x4601,2,,na,"[0,",,,11111,,+31.0dB,17.7us,"[0,",1,190.17,normal,0,valid,-11.8dB,-11.9dB,0.37us,-32.4Hz,,"[6,",,1
2025-07-30 13:41:28.251017,PHY,0x4601,1,0,na,"[0,",0,0,1,374.9,+11.5dB,23.6us,"[0,",1,190.18,normal,0,valid,-14.6dB,-14.9dB,na,na,,,,
2025-07-30 13:41:28.251476,PHY,0x4601,1,0,na,"[0,",0,0,1,391.8,+11.7dB,14.4us,"[0,",1,190.19,normal,0,valid,-14.6dB,-14.9dB,na,na,,,,
2025-07-30 13:41:28.255971,PHY,0x4601,1,0,na,"[0,",0,0,1,370.0,+11.4dB,18.1us,"[0,",1,191.8,normal,0,valid,-14.6dB,-14.9dB,na,na,,,,
2025-07-30 13:41:28.256432,PHY,0x4601,1,0,na,"[0,",0,0,1,368.5,+11.4dB,14.2us,"[0,",1,191.9,normal,0,valid,-14.6dB,-14.9dB,na,na,,,,
2025-07-30 13:41:28.260107,PHY,0x4601,2,,na,"[0,",,,11111,,+29.4dB,18.9us,"[0,",1,191.17,normal,0,valid,-11.8dB,-12.0dB,0.37us,+40.6Hz,,"[6,",,1
2025-07-30 13:41:28.261062,PHY,0x4601,1,0,na,"[0,",0,0,1,322.4,+10.8dB,15.8us,"[0,",1,191.18,normal,0,valid,-14.7dB,-15.0dB,na,na,,,,
2025-07-30 13:41:28.261514,PHY,0x4601,1,0,na,"[0,",0,0,1,327.9,+10.9dB,15.7us,"[0,",1,191.19,normal,0,valid,-14.6dB,-14.9dB,na,na,,,,
2025-07-30 13:41:28.265642,CSI,0x4601,2,,na,"[0,",,,1,,+29.8dB,12.1us,"[0,",1,192.8,normal,0,valid,-11.9dB,-12.0dB,0.39us,+70.2Hz,,"[6,",1111,1
2025-07-30 13:41:28.266473,PHY,0x4601,1,0,na,"[0,",0,0,1,374.8,+11.5dB,17.4us,"[0,",1,192.9,normal,0,valid,-14.6dB,-14.9dB,na,na,,,,
2025-07-30 13:41:28.270040,PHY,0x4601,2,,na,"[0,",,,11111,,+31.7dB,15.1us,"[0,",1,192.17,normal,0,valid,-11.9dB,-12.0dB,0.39us,-2.0Hz,,"[6,",,1
2025-07-30 13:41:28.270950,PHY,0x4601,1,0,na,"[0,",0,0,1,389.0,+11.6dB,16.1us,"[0,",1,192.18,normal,0,valid,-14.6dB,-15.0dB,na,na,,,,
2025-07-30 13:41:28.271574,PHY,0x4601,1,0,na,"[0,",0,0,1,358.6,+11.3dB,19.5us,"[0,",1,192.19,normal,0,valid,-14.7dB,-15.0dB,na,na,,,,
2025-07-30 13:41:28.276056,PHY,0x4601,1,0,na,"[0,",0,0,1,385.5,+11.6dB,18.5us,"[0,",1,193.8,normal,0,valid,-14.6dB,-14.9dB,na,na,,,,
2025-07-30 13:41:28.276529,PHY,0x4601,1,0,na,"[0,",0,0,1,392.5,+11.7dB,13.7us,"[0,",1,193.9,normal,0,valid,-14.7dB,-15.0dB,na,na,,,,
2025-07-30 13:41:28.280048,PHY,0x4601,2,,na,"[0,",,,11111,,+27.4dB,17.2us,"[0,",1,193.17,normal,0,valid,-12.0dB,-12.2dB,0.38us,+9.0Hz,,"[6,",,1
2025-07-30 13:41:28.280985,PHY,0x4601,1,0,na,"[0,",0,0,1,383.7,+11.6dB,17.0us,"[0,",1,193.18,normal,0,valid,-14.6dB,-14.9dB,na,na,,,,
2025-07-30 13:41:28.281470,PHY,0x4601,1,0,na,"[0,",0,0,1,362.7,+11.3dB,14.4us,"[0,",1,193.19,normal,0,valid,-14.7dB,-15.0dB,na,na,,,,
2025-07-30 13:41:28.285615,CSI,0x4601,2,,na,"[0,",,,1,,+29.4dB,15.4us,"[0,",1,194.8,normal,0,valid,-11.8dB,-11.9dB,0.39us,-55.8Hz,,"[6,",1111,1
2025-07-30 13:41:28.286562,PHY,0x4601,1,0,na,"[0,",0,0,1,320.0,+10.8dB,16.9us,"[0,",1,194.9,normal,0,valid,-14.6dB,-15.0dB,na,na,,,,
2025-07-30 13:41:28.290083,PHY,0x4601,2,,na,"[0,",,,11111,,+27.7dB,17.2us,"[0,",1,194.17,normal,0,valid,-11.9dB,-12.1dB,0.42us,-106.2Hz,,"[6,",,1
2025-07-30 13:41:28.291050,PHY,0x4601,1,0,na,"[0,",0,0,1,390.4,+11.6dB,16.3us,"[0,",1,194.18,normal,0,valid,-14.6dB,-14.9dB,na,na,,,,
2025-07-30 13:41:28.291502,PHY,0x4601,1,0,na,"[0,",0,0,1,361.9,+11.3dB,14.6us,"[0,",1,194.19,normal,0,valid,-14.7dB,-15.0dB,na,na,,,,
2025-07-30 13:41:28.295980,PHY,0x4601,1,0,na,"[0,",0,0,1,379.1,+11.5dB,16.9us,"[0,",1,195.8,normal,0,valid,-14.6dB,-15.0dB,na,na,,,,
2025-07-30 13:41:28.296462,PHY,0x4601,1,0,na,"[0,",0,0,1,381.1,+11.5dB,21.2us,"[0,",1,195.9,normal,0,valid,-14.6dB,-15.0dB,na,na,,,,
2025-07-30 13:41:28.300177,PHY,0x4601,2,,na,"[0,",,,11111,,+29.8dB,18.0us,"[0,",1,195.17,normal,0,valid,-11.8dB,-11.9dB,0.38us,+39.4Hz,,"[6,",,1
2025-07-30 13:41:28.300947,PHY,0x4601,1,0,na,"[0,",0,0,1,380.1,+11.5dB,15.8us,"[0,",1,195.18,normal,0,valid,-14.6dB,-15.0dB,na,na,,,,
2025-07-30 13:41:28.301553,PHY,0x4601,1,0,na,"[0,",0,0,1,362.9,+11.3dB,13.9us,"[0,",1,195.19,normal,0,valid,-14.7dB,-15.0dB,na,na,,,,
2025-07-30 13:41:28.305619,CSI,0x4601,2,,na,"[0,",,,1,,+33.2dB,13.9us,"[0,",1,196.8,normal,0,valid,-11.8dB,-11.9dB,0.39us,-23.3Hz,,"[6,",1111,1
2025-07-30 13:41:28.306496,PHY,0x4601,1,0,na,"[0,",0,0,1,385.2,+11.6dB,16.7us,"[0,",1,196.9,normal,0,valid,-14.7dB,-14.9dB,na,na,,,,
2025-07-30 13:41:28.310031,PHY,0x4601,2,,na,"[0,",,,11111,,+30.0dB,15.5us,"[0,",1,196.17,normal,0,valid,-11.8dB,-12.0dB,0.39us,-17.0Hz,,"[6,",,1
2025-07-30 13:41:28.310977,PHY,0x4601,1,0,na,"[0,",0,0,1,323.9,+10.8dB,15.7us,"[0,",1,196.18,normal,0,valid,-14.6dB,-15.0dB,na,na,,,,
2025-07-30 13:41:28.311455,PHY,0x4601,1,0,na,"[0,",0,0,1,328.3,+10.9dB,15.5us,"[0,",1,196.19,normal,0,valid,-14.7dB,-15.0dB,na,na,,,,
2025-07-30 13:41:28.315951,PHY,0x4601,1,0,na,"[0,",0,0,1,387.4,+11.7dB,23.1us,"[0,",1,197.8,normal,0,valid,-14.6dB,-14.9dB,na,na,,,,
2025-07-30 13:41:28.316556,PHY,0x4601,1,0,na,"[0,",0,0,1,378.3,+11.5dB,14.7us,"[0,",1,197.9,normal,0,valid,-14.7dB,-15.0dB,na,na,,,,
2025-07-30 13:41:28.320068,PHY,0x4601,2,,na,"[0,",,,11111,,+29.5dB,14.4us,"[0,",1,197.17,normal,0,valid,-12.0dB,-12.1dB,0.39us,-42.4Hz,,"[6,",,1
2025-07-30 13:41:28.321038,PHY,0x4601,1,0,na,"[0,",0,0,1,321.2,+10.8dB,15.7us,"[0,",1,197.18,normal,0,valid,-14.7dB,-15.0dB,na,na,,,,
2025-07-30 13:41:28.321481,PHY,0x4601,1,0,na,"[0,",0,0,1,315.6,+10.7dB,20.8us,"[0,",1,197.19,normal,0,valid,-14.6dB,-15.0dB,na,na,,,,
2025-07-30 13:41:28.325629,CSI,0x4601,2,,na,"[0,",,,1,,+29.7dB,15.1us,"[0,",1,198.8,normal,0,valid,-11.9dB,-12.0dB,0.40us,-105.3Hz,,"[6,",1111,1
2025-07-30 13:41:28.326472,PHY,0x4601,1,0,na,"[0,",0,0,1,368.4,+11.4dB,17.7us,"[0,",1,198.9,normal,0,valid,-14.7dB,-15.0dB,na,na,,,,
2025-07-30 13:41:28.330124,PHY,0x4601,2,,na,"[0,",,,11111,,+30.9dB,15.5us,"[0,",1,198.17,normal,0,valid,-12.0dB,-12.1dB,0.38us,+28.6Hz,,"[6,",,1
2025-07-30 13:41:28.331036,PHY,0x4601,1,0,na,"[0,",0,0,1,330.6,+10.9dB,15.6us,"[0,",1,198.18,normal,0,valid,-14.6dB,-15.0dB,na,na,,,,
2025-07-30 13:41:28.331539,PHY,0x4601,1,0,na,"[0,",0,0,1,314.6,+10.7dB,14.7us,"[0,",1,198.19,normal,0,valid,-14.7dB,-15.0dB,na,na,,,,
2025-07-30 13:41:28.336042,PHY,0x4601,1,0,na,"[0,",0,0,1,371.6,+11.4dB,15.5us,"[0,",1,199.8,normal,0,valid,-14.6dB,-15.0dB,na,na,,,,
2025-07-30 13:41:28.336484,PHY,0x4601,1,0,na,"[0,",0,0,1,378.1,+11.5dB,24.3us,"[0,",1,199.9,normal,0,valid,-14.7dB,-14.9dB,na,na,,,,
2025-07-30 13:41:28.340016,PHY,0x4601,2,,na,"[0,",,,11111,,+30.4dB,13.6us,"[0,",1,199.17,normal,0,valid,-11.9dB,-12.0dB,0.38us,+26.1Hz,,"[6,",,1
2025-07-30 13:41:28.340958,PHY,0x4601,1,0,na,"[0,",0,0,1,385.5,+11.6dB,15.0us,"[0,",1,199.18,normal,0,valid,-14.7dB,-15.0dB,na,na,,,,
2025-07-30 13:41:28.341436,PHY,0x4601,1,0,na,"[0,",0,0,1,367.1,+11.4dB,13.8us,"[0,",1,199.19,normal,0,valid,-14.6dB,-14.9dB,na,na,,,,
2025-07-30 13:41:28.345571,CSI,0x4601,2,,na,"[0,",,,1,,+30.3dB,13.2us,"[0,",1,200.8,normal,0,valid,-11.7dB,-11.8dB,0.40us,-107.6Hz,,"[6,",1111,1
2025-07-30 13:41:28.346537,PHY,0x4601,1,0,na,"[0,",0,0,1,378.5,+11.5dB,15.9us,"[0,",1,200.9,normal,0,valid,-14.6dB,-15.0dB,na,na,,,,
2025-07-30 13:41:28.350061,PHY,0x4601,2,,na,"[0,",,,11111,,+28.7dB,16.5us,"[0,",1,200.17,normal,0,valid,-11.9dB,-12.1dB,0.40us,+67.2Hz,,"[6,",,1
2025-07-30 13:41:28.351029,PHY,0x4601,1,0,na,"[0,",0,0,1,393.5,+11.7dB,15.2us,"[0,",1,200.18,normal,0,valid,-14.6dB,-14.9dB,na,na,,,,
2025-07-30 13:41:28.351474,PHY,0x4601,1,0,na,"[0,",0,0,1,374.8,+11.5dB,15.4us,"[0,",1,200.19,normal,0,valid,-14.7dB,-15.0dB,na,na,,,,
2025-07-30 13:41:28.355960,PHY,0x4601,1,0,na,"[0,",0,0,1,380.4,+11.5dB,16.0us,"[0,",1,201.8,normal,0,valid,-14.7dB,-15.0dB,na,na,,,,
2025-07-30 13:41:28.356538,PHY,0x4601,1,0,na,"[0,",0,0,1,379.9,+11.5dB,13.7us,"[0,",1,201.9,normal,0,valid,-14.6dB,-14.9dB,na,na,,,,
2025-07-30 13:41:28.360110,PHY,0x4601,2,,na,"[0,",,,11111,,+29.7dB,17.3us,"[0,",1,201.17,normal,0,valid,-11.9dB,-12.0dB,0.39us,+11.9Hz,,"[6,",,1
2025-07-30 13:41:28.361024,PHY,0x4601,1,0,na,"[0,",0,0,1,376.7,+11.5dB,15.9us,"[0,",1,201.18,normal,0,valid,-14.7dB,-15.0dB,na,na,,,,
2025-07-30 13:41:28.361532,PHY,0x4601,1,0,na,"[0,",0,0,1,370.5,+11.4dB,15.5us,"[0,",1,201.19,normal,0,valid,-14.6dB,-14.9dB,na,na,,,,
2025-07-30 13:41:28.365595,CSI,0x4601,2,,na,"[0,",,,1,,+30.5dB,13.3us,"[0,",1,202.8,normal,0,valid,-11.8dB,-11.9dB,0.39us,+58.1Hz,,"[6,",1111,1
2025-07-30 13:41:28.366469,PHY,0x4601,1,0,na,"[0,",0,0,1,374.9,+11.5dB,16.5us,"[0,",1,202.9,normal,0,valid,-14.7dB,-15.0dB,na,na,,,,
2025-07-30 13:41:28.370126,PHY,0x4601,2,,na,"[0,",,,11111,,+30.7dB,16.2us,"[0,",1,202.17,normal,0,valid,-11.8dB,-12.0dB,0.40us,-116.7Hz,,"[6,",,1
2025-07-30 13:41:28.370947,PHY,0x4601,1,0,na,"[0,",0,0,1,323.8,+10.9dB,16.3us,"[0,",1,202.18,normal,0,valid,-14.6dB,-15.0dB,na,na,,,,
2025-07-30 13:41:28.371532,PHY,0x4601,1,0,na,"[0,",0,0,1,315.5,+10.7dB,14.3us,"[0,",1,202.19,normal,0,valid,-14.6dB,-15.0dB,na,na,,,,
2025-07-30 13:41:28.376028,PHY,0x4601,1,0,na,"[0,",0,0,1,377.3,+11.5dB,19.4us,"[0,",1,203.8,normal,0,valid,-14.6dB,-14.9dB,na,na,,,,
2025-07-30 13:41:28.376538,PHY,0x4601,1,0,na,"[0,",0,0,1,375.9,+11.5dB,15.4us,"[0,",1,203.9,normal,0,valid,-14.7dB,-15.0dB,na,na,,,,
2025-07-30 13:41:28.380046,PHY,0x4601,2,,na,"[0,",,,11111,,+33.6dB,16.5us,"[0,",1,203.17,normal,0,valid,-11.8dB,-11.9dB,0.37us,+108.7Hz,,"[6,",,1
2025-07-30 13:41:28.381020,PHY,0x4601,1,0,na,"[0,",0,0,1,328.3,+10.9dB,15.8us,"[0,",1,203.18,normal,0,valid,-14.6dB,-15.0dB,na,na,,,,
2025-07-30 13:41:28.381451,PHY,0x4601,1,0,na,"[0,",0,0,1,321.3,+10.8dB,15.0us,"[0,",1,203.19,normal,0,valid,-14.7dB,-15.0dB,na,na,,,,
2025-07-30 13:41:28.385689,CSI,0x4601,2,,na,"[0,",,,1,,+29.7dB,13.3us,"[0,",1,204.8,normal,0,valid,-11.9dB,-12.0dB,0.39us,-47.0Hz,,"[6,",1111,1
2025-07-30 13:41:28.386532,PHY,0x4601,1,0,na,"[0,",0,0,1,362.4,+11.3dB,18.6us,"[0,",1,204.9,normal,0,valid,-14.6dB,-14.9dB,na,na,,,,
2025-07-30 13:41:28.390090,PHY,0x4601,2,,na,"[0,",,,11111,,+29.0dB,16.2us,"[0,",1,204.17,normal,0,valid,-11.9dB,-12.1dB,0.37us,+104.9Hz,,"[6,",,1
2025-07-30 13:41:28.391013,PHY,0x4601,1,0,na,"[0,",0,0,1,389.2,+11.7dB,15.7us,"[0,",1,204.18,normal,0,valid,-14.6dB,-14.9dB,na,na,,,,
2025-07-30 13:41:28.391527,PHY,0x4601,1,0,na,"[0,",0,0,1,373.4,+11.5dB,14.6us,"[0,",1,204.19,normal,0,valid,-14.7dB,-15.0dB,na,na,,,,
2025-07-30 13:41:28.396015,PHY,0x4601,1,0,na,"[0,",0,0,1,382.8,+11.6dB,16.8us,"[0,",1,205.8,normal,0,valid,-14.6dB,-14.9dB,na,na,,,,
2025-07-30 13:41:28.396444,PHY,0x4601,1,0,na,"[0,",0,0,1,385.5,+11.6dB,13.7us,"[0,",1,205.9,normal,0,valid,-14.6dB,-14.9dB,na,na,,,,
2025-07-30 13:41:28.400135,PHY,0x4601,2,,na,"[0,",,,11111,,+26.6dB,15.9us,"[0,",1,205.17,normal,0,valid,-11.9dB,-12.0dB,0.37us,-52.9Hz,,"[6,",,1
2025-07-30 13:41:28.400935,PHY,0x4601,1,0,na,"[0,",0,0,1,327.6,+10.9dB,16.5us,"[0,",1,205.18,normal,0,valid,-14.7dB,-15.0dB,na,na,,,,
2025-07-30 13:41:28.401520,PHY,0x4601,1,0,na,"[0,",0,0,1,315.9,+10.7dB,13.8us,"[0,",1,205.19,normal,0,valid,-14.7dB,-15.0dB,na,na,,,,
2025-07-30 13:41:28.405620,CSI,0x4601,2,,na,"[0,",,,1,,+29.6dB,14.0us,"[0,",1,206.8,normal,0,valid,-11.7dB,-11.8dB,0.38us,-38.1Hz,,"[6,",1111,1
2025-07-30 13:41:28.406525,PHY,0x4601,1,0,na,"[0,",0,0,1,315.7,+10.7dB,16.5us,"[0,",1,206.9,normal,0,valid,-14.6dB,-15.0dB,na,na,,,,
2025-07-30 13:41:28.410035,PHY,0x4601,2,,na,"[0,",,,11111,,+26.4dB,20.6us,"[0,",1,206.17,normal,0,valid,-11.8dB,-12.0dB,0.40us,+38.1Hz,,"[6,",,1
2025-07-30 13:41:28.411016,PHY,0x4601,1,0,na,"[0,",0,0,1,325.8,+10.9dB,16.2us,"[0,",1,206.18,normal,0,valid,-14.6dB,-15.0dB,na,na,,,,
2025-07-30 13:41:28.411449,PHY,0x4601,1,0,na,"[0,",0,0,1,314.9,+10.7dB,14.7us,"[0,",1,206.19,normal,0,valid,-14.6dB,-15.0dB,na,na,,,,
2025-07-30 13:41:28.416042,PHY,0x4601,1,0,na,"[0,",0,0,1,365.3,+11.4dB,15.7us,"[0,",1,207.8,normal,0,valid,-14.6dB,-15.0dB,na,na,,,,
2025-07-30 13:41:28.416517,PHY,0x4601,1,0,na,"[0,",0,0,1,386.9,+11.6dB,13.8us,"[0,",1,207.9,normal,0,valid,-14.6dB,-14.9dB,na,na,,,,
2025-07-30 13:41:28.420082,PHY,0x4601,2,,na,"[0,",,,11111,,+32.4dB,20.4us,"[0,",1,207.17,normal,0,valid,-11.8dB,-12.0dB,0.38us,-26.4Hz,,"[6,",,1
2025-07-30 13:41:28.421012,PHY,0x4601,1,0,na,"[0,",0,0,1,385.6,+11.6dB,16.8us,"[0,",1,207.18,normal,0,valid,-14.6dB,-14.9dB,na,na,,,,
2025-07-30 13:41:28.421519,PHY,0x4601,1,0,na,"[0,",0,0,1,372.1,+11.4dB,14.1us,"[0,",1,207.19,normal,0,valid,-14.7dB,-14.9dB,na,na,,,,
2025-07-30 13:41:28.425631,CSI,0x4601,2,,na,"[0,",,,1,,+28.8dB,13.3us,"[0,",1,208.8,normal,0,valid,-11.8dB,-12.0dB,0.40us,+42.4Hz,,"[6,",1111,1
2025-07-30 13:41:28.426458,PHY,0x4601,1,0,na,"[0,",0,0,1,372.2,+11.4dB,31.1us,"[0,",1,208.9,normal,0,valid,-14.7dB,-15.0dB,na,na,,,,
2025-07-30 13:41:28.430117,PHY,0x4601,2,,na,"[0,",,,11111,,+32.6dB,14.6us,"[0,",1,208.17,normal,0,valid,-11.9dB,-12.0dB,0.38us,+45.3Hz,,"[6,",,1
2025-07-30 13:41:28.431039,PHY,0x4601,1,0,na,"[0,",0,0,1,374.1,+11.5dB,18.0us,"[0,",1,208.18,normal,0,valid,-14.7dB,-15.0dB,na,na,,,,
2025-07-30 13:41:28.431509,PHY,0x4601,1,0,na,"[0,",0,0,1,383.9,+11.6dB,18.2us,"[0,",1,208.19,normal,0,valid,-14.6dB,-14.9dB,na,na,,,,
2025-07-30 13:41:28.435997,PHY,0x4601,1,0,na,"[0,",0,0,1,367.5,+11.4dB,16.5us,"[0,",1,209.8,normal,0,valid,-14.7dB,-14.9dB,na,na,,,,
2025-07-30 13:41:28.436521,PHY,0x4601,1,0,na,"[0,",0,0,1,375.5,+11.5dB,14.1us,"[0,",1,209.9,normal,0,valid,-14.7dB,-15.0dB,na,na,,,,
2025-07-30 13:41:28.440009,PHY,0x4601,2,,na,"[0,",,,11111,,+31.4dB,14.0us,"[0,",1,209.17,normal,0,valid,-12.0dB,-12.1dB,0.39us,-11.1Hz,,"[6,",,1
2025-07-30 13:41:28.440955,PHY,0x4601,1,0,na,"[0,",0,0,1,385.8,+11.6dB,16.7us,"[0,",1,209.18,normal,0,valid,-14.7dB,-14.9dB,na,na,,,,
2025-07-30 13:41:28.441544,PHY,0x4601,1,0,na,"[0,",0,0,1,379.7,+11.6dB,14.5us,"[0,",1,209.19,normal,0,valid,-14.6dB,-14.9dB,na,na,,,,
2025-07-30 13:41:28.445581,CSI,0x4601,2,,na,"[0,",,,1,,+30.9dB,12.8us,"[0,",1,210.8,normal,0,valid,-11.7dB,-11.8dB,0.38us,+88.4Hz,,"[6,",1111,1
2025-07-30 13:41:28.446512,PHY,0x4601,1,0,na,"[0,",0,0,1,379.6,+11.5dB,16.1us,"[0,",1,210.9,normal,0,valid,-14.7dB,-15.0dB,na,na,,,,
2025-07-30 13:41:28.450074,PHY,0x4601,2,,na,"[0,",,,11111,,+30.6dB,15.1us,"[0,",1,210.17,normal,0,valid,-11.9dB,-12.0dB,0.40us,+47.2Hz,,"[6,",,1
2025-07-30 13:41:28.450987,PHY,0x4601,1,0,na,"[0,",0,0,1,335.0,+11.0dB,16.8us,"[0,",1,210.18,normal,0,valid,-14.7dB,-15.0dB,na,na,,,,
2025-07-30 13:41:28.451468,PHY,0x4601,1,0,na,"[0,",0,0,1,322.6,+10.8dB,16.2us,"[0,",1,210.19,normal,0,valid,-14.7dB,-15.0dB,na,na,,,,
2025-07-30 13:41:28.455952,PHY,0x4601,1,0,na,"[0,",0,0,1,372.9,+11.5dB,23.9us,"[0,",1,211.8,normal,0,valid,-14.6dB,-14.9dB,na,na,,,,
2025-07-30 13:41:28.456546,PHY,0x4601,1,0,na,"[0,",0,0,1,374.1,+11.5dB,15.6us,"[0,",1,211.9,normal,0,valid,-14.7dB,-15.0dB,na,na,,,,
2025-07-30 13:41:28.460099,PHY,0x4601,2,,na,"[0,",,,11111,,+28.6dB,14.0us,"[0,",1,211.17,normal,0,valid,-11.8dB,-12.0dB,0.37us,-89.5Hz,,"[6,",,1
2025-07-30 13:41:28.461031,PHY,0x4601,1,0,na,"[0,",0,0,1,328.7,+10.9dB,20.4us,"[0,",1,211.18,normal,0,valid,-14.7dB,-15.0dB,na,na,,,,
2025-07-30 13:41:28.461502,PHY,0x4601,1,0,na,"[0,",0,0,1,320.7,+10.8dB,15.3us,"[0,",1,211.19,normal,0,valid,-14.7dB,-15.0dB,na,na,,,,
2025-07-30 13:41:28.465594,CSI,0x4601,2,,na,"[0,",,,1,,+31.6dB,11.5us,"[0,",1,212.8,normal,0,valid,-11.8dB,-11.9dB,0.39us,+83.5Hz,,"[6,",1111,1
2025-07-30 13:41:28.466468,PHY,0x4601,1,0,na,"[0,",0,0,1,374.0,+11.5dB,16.8us,"[0,",1,212.9,normal,0,valid,-14.7dB,-15.0dB,na,na,,,,
2025-07-30 13:41:28.470116,PHY,0x4601,2,,na,"[0,",,,11111,,+29.1dB,14.4us,"[0,",1,212.17,normal,0,valid,-11.8dB,-11.9dB,0.38us,-51.9Hz,,"[6,",,1
2025-07-30 13:41:28.470941,PHY,0x4601,1,0,na,"[0,",0,0,1,330.2,+10.9dB,16.2us,"[0,",1,212.18,normal,0,valid,-14.7dB,-15.0dB,na,na,,,,
2025-07-30 13:41:28.471532,PHY,0x4601,1,0,na,"[0,",0,0,1,322.5,+10.9dB,14.9us,"[0,",1,212.19,normal,0,valid,-14.7dB,-15.0dB,na,na,,,,
2025-07-30 13:41:28.476044,PHY,0x4601,1,0,na,"[0,",0,0,1,388.0,+11.6dB,23.8us,"[0,",1,213.8,normal,0,valid,-14.6dB,-14.9dB,na,na,,,,
2025-07-30 13:41:28.476503,PHY,0x4601,1,0,na,"[0,",0,0,1,376.3,+11.5dB,17.3us,"[0,",1,213.9,normal,0,valid,-14.6dB,-15.0dB,na,na,,,,
2025-07-30 13:41:28.480059,PHY,0x4601,2,,na,"[0,",,,11111,,+31.2dB,15.3us,"[0,",1,213.17,normal,0,valid,-11.9dB,-12.0dB,0.39us,-37.3Hz,,"[6,",,1
2025-07-30 13:41:28.480979,PHY,0x4601,1,0,na,"[0,",0,0,1,369.4,+11.4dB,20.1us,"[0,",1,213.18,normal,0,valid,-14.7dB,-15.0dB,na,na,,,,
2025-07-30 13:41:28.481452,PHY,0x4601,1,0,na,"[0,",0,0,1,388.8,+11.7dB,14.5us,"[0,",1,213.19,normal,0,valid,-14.7dB,-14.9dB,na,na,,,,
2025-07-30 13:41:28.485592,CSI,0x4601,2,,na,"[0,",,,1,,+28.6dB,13.4us,"[0,",1,214.8,normal,0,valid,-11.8dB,-12.0dB,0.39us,-92.4Hz,,"[6,",1111,1
2025-07-30 13:41:28.486525,PHY,0x4601,1,0,na,"[0,",0,0,1,310.2,+10.6dB,16.1us,"[0,",1,214.9,normal,0,valid,-14.6dB,-15.0dB,na,na,,,,
2025-07-30 13:41:28.490091,PHY,0x4601,2,,na,"[0,",,,11111,,+32.4dB,14.4us,"[0,",1,214.17,normal,0,valid,-11.9dB,-12.0dB,0.38us,-20.2Hz,,"[6,",,1
2025-07-30 13:41:28.491012,PHY,0x4601,1,0,na,"[0,",0,0,1,319.7,+10.8dB,16.2us,"[0,",1,214.18,normal,0,valid,-14.6dB,-15.0dB,na,na,,,,
2025-07-30 13:41:28.491480,PHY,0x4601,1,0,na,"[0,",0,0,1,326.6,+10.9dB,15.7us,"[0,",1,214.19,normal,0,valid,-14.6dB,-15.0dB,na,na,,,,
2025-07-30 13:41:28.495993,PHY,0x4601,1,0,na,"[0,",0,0,1,387.9,+11.6dB,20.4us,"[0,",1,215.8,normal,0,valid,-14.7dB,-15.0dB,na,na,,,,
2025-07-30 13:41:28.496454,PHY,0x4601,1,0,na,"[0,",0,0,1,372.0,+11.4dB,15.1us,"[0,",1,215.9,normal,0,valid,-14.7dB,-15.0dB,na,na,,,,
2025-07-30 13:41:28.500110,PHY,0x4601,2,,na,"[0,",,,11111,,+30.7dB,16.0us,"[0,",1,215.17,normal,0,valid,-11.9dB,-12.0dB,0.38us,+0.1Hz,,"[6,",,1
2025-07-30 13:41:28.501068,PHY,0x4601,1,0,na,"[0,",0,0,1,374.9,+11.5dB,16.6us,"[0,",1,215.18,normal,0,valid,-14.7dB,-15.0dB,na,na,,,,
2025-07-30 13:41:28.501516,PHY,0x4601,1,0,na,"[0,",0,0,1,367.2,+11.4dB,14.0us,"[0,",1,215.19,normal,0,valid,-14.6dB,-14.9dB,na,na,,,,
2025-07-30 13:41:28.505640,CSI,0x4601,2,,na,"[0,",,,1,,+29.1dB,12.1us,"[0,",1,216.8,normal,0,valid,-11.7dB,-11.8dB,0.38us,+14.7Hz,,"[6,",1111,1
2025-07-30 13:41:28.506480,PHY,0x4601,1,0,na,"[0,",0,0,1,386.6,+11.6dB,20.5us,"[0,",1,216.9,normal,0,valid,-14.7dB,-15.0dB,na,na,,,,
2025-07-30 13:41:28.510050,PHY,0x4601,2,,na,"[0,",,,11111,,+29.7dB,15.4us,"[0,",1,216.17,normal,0,valid,-11.9dB,-12.1dB,0.37us,-26.6Hz,,"[6,",,1
2025-07-30 13:41:28.510965,PHY,0x4601,1,0,na,"[0,",0,0,1,373.8,+11.5dB,16.0us,"[0,",1,216.18,normal,0,valid,-14.6dB,-15.0dB,na,na,,,,
2025-07-30 13:41:28.511436,PHY,0x4601,1,0,na,"[0,",0,0,1,375.0,+11.5dB,14.0us,"[0,",1,216.19,normal,0,valid,-14.6dB,-14.9dB,na,na,,,,
2025-07-30 13:41:28.516061,PHY,0x4601,1,0,na,"[0,",0,0,1,359.9,+11.3dB,16.7us,"[0,",1,217.8,normal,0,valid,-14.7dB,-15.0dB,na,na,,,,
2025-07-30 13:41:28.516520,PHY,0x4601,1,0,na,"[0,",0,0,1,379.4,+11.5dB,15.1us,"[0,",1,217.9,normal,0,valid,-14.7dB,-15.0dB,na,na,,,,
2025-07-30 13:41:28.520081,PHY,0x4601,2,,na,"[0,",,,11111,,+31.1dB,14.9us,"[0,",1,217.17,normal,0,valid,-12.0dB,-12.1dB,0.38us,+109.7Hz,,"[6,",,1
2025-07-30 13:41:28.520989,PHY,0x4601,1,0,na,"[0,",0,0,1,387.6,+11.6dB,14.8us,"[0,",1,217.18,normal,0,valid,-14.6dB,-14.9dB,na,na,,,,
2025-07-30 13:41:28.521469,PHY,0x4601,1,0,na,"[0,",0,0,1,371.0,+11.4dB,13.9us,"[0,",1,217.19,normal,0,valid,-14.6dB,-14.9dB,na,na,,,,
2025-07-30 13:41:28.525598,CSI,0x4601,2,,na,"[0,",,,1,,+30.3dB,14.9us,"[0,",1,218.8,normal,0,valid,-11.8dB,-12.0dB,0.41us,+5.6Hz,,"[6,",1111,1
2025-07-30 13:41:28.526565,PHY,0x4601,1,0,na,"[0,",0,0,1,308.6,+10.6dB,15.9us,"[0,",1,218.9,normal,0,valid,-14.6dB,-15.0dB,na,na,,,,
2025-07-30 13:41:28.530093,PHY,0x4601,2,,na,"[0,",,,11111,,+30.6dB,23.6us,"[0,",1,218.17,normal,0,valid,-11.9dB,-12.1dB,0.38us,-82.7Hz,,"[6,",,1
2025-07-30 13:41:28.531054,PHY,0x4601,1,0,na,"[0,",0,0,1,320.2,+10.8dB,16.5us,"[0,",1,218.18,normal,0,valid,-14.7dB,-15.0dB,na,na,,,,
2025-07-30 13:41:28.531509,PHY,0x4601,1,0,na,"[0,",0,0,1,310.6,+10.7dB,14.0us,"[0,",1,218.19,normal,0,valid,-14.7dB,-15.0dB,na,na,,,,
2025-07-30 13:41:28.536001,PHY,0x4601,1,0,na,"[0,",0,0,1,370.5,+11.4dB,16.6us,"[0,",1,219.8,normal,0,valid,-14.6dB,-14.9dB,na,na,,,,
2025-07-30 13:41:28.536464,PHY,0x4601,1,0,na,"[0,",0,0,1,381.9,+11.6dB,14.2us,"[0,",1,219.9,normal,0,valid,-14.7dB,-14.9dB,na,na,,,,
2025-07-30 13:41:28.540132,PHY,0x4601,2,,na,"[0,",,,11111,,+30.8dB,18.3us,"[0,",1,219.17,normal,0,valid,-11.8dB,-11.9dB,0.37us,+138.2Hz,,"[6,",,1
2025-07-30 13:41:28.540954,PHY,0x4601,1,0,na,"[0,",0,0,1,374.1,+11.5dB,16.4us,"[0,",1,219.18,normal,0,valid,-14.6dB,-14.9dB,na,na,,,,
2025-07-30 13:41:28.541561,PHY,0x4601,1,0,na,"[0,",0,0,1,376.4,+11.5dB,13.8us,"[0,",1,219.19,normal,0,valid,-14.6dB,-14.9dB,na,na,,,,
2025-07-30 13:41:28.545556,CSI,0x4601,2,,na,"[0,",,,1,,+31.8dB,15.8us,"[0,",1,220.8,normal,0,valid,-11.8dB,-11.9dB,0.39us,+3.2Hz,,"[6,",1111,1
2025-07-30 13:41:28.546509,PHY,0x4601,1,0,na,"[0,",0,0,1,374.2,+11.5dB,19.6us,"[0,",1,220.9,normal,0,valid,-14.7dB,-15.0dB,na,na,,,,
2025-07-30 13:41:28.550041,PHY,0x4601,2,,na,"[0,",,,11111,,+30.8dB,14.4us,"[0,",1,220.17,normal,0,valid,-11.8dB,-12.0dB,0.38us,+29.3Hz,,"[6,",,1
2025-07-30 13:41:28.550981,PHY,0x4601,1,0,na,"[0,",0,0,1,365.0,+11.3dB,17.4us,"[0,",1,220.18,normal,0,valid,-14.7dB,-15.0dB,na,na,,,,
2025-07-30 13:41:28.551469,PHY,0x4601,1,0,na,"[0,",0,0,1,371.8,+11.4dB,21.1us,"[0,",1,220.19,normal,0,valid,-14.7dB,-15.0dB,na,na,,,,
2025-07-30 13:41:28.555960,PHY,0x4601,1,0,na,"[0,",0,0,1,368.3,+11.4dB,17.7us,"[0,",1,221.8,normal,0,valid,-14.7dB,-14.9dB,na,na,,,,
2025-07-30 13:41:28.556554,PHY,0x4601,1,0,na,"[0,",0,0,1,370.1,+11.4dB,15.0us,"[0,",1,221.9,normal,0,valid,-14.7dB,-15.0dB,na,na,,,,
2025-07-30 13:41:28.560078,PHY,0x4601,2,,na,"[0,",,,11111,,+29.6dB,17.7us,"[0,",1,221.17,normal,0,valid,-11.9dB,-12.1dB,0.39us,+64.4Hz,,"[6,",,1
2025-07-30 13:41:28.561042,PHY,0x4601,1,0,na,"[0,",0,0,1,380.3,+11.5dB,17.6us,"[0,",1,221.18,normal,0,valid,-14.7dB,-15.0dB,na,na,,,,
2025-07-30 13:41:28.561484,PHY,0x4601,1,0,na,"[0,",0,0,1,379.6,+11.5dB,14.2us,"[0,",1,221.19,normal,0,valid,-14.7dB,-15.0dB,na,na,,,,
2025-07-30 13:41:28.565631,CSI,0x4601,2,,na,"[0,",,,1,,+31.4dB,20.8us,"[0,",1,222.8,normal,0,valid,-11.8dB,-11.9dB,0.40us,+47.8Hz,,"[6,",1111,1
2025-07-30 13:41:28.566455,PHY,0x4601,1,0,na,"[0,",0,0,1,324.2,+10.9dB,18.2us,"[0,",1,222.9,normal,0,valid,-14.7dB,-15.0dB,na,na,,,,
2025-07-30 13:41:28.570119,PHY,0x4601,2,,na,"[0,",,,11111,,+29.1dB,14.6us,"[0,",1,222.17,normal,0,valid,-11.9dB,-12.1dB,0.38us,+0.1Hz,,"[6,",,1
2025-07-30 13:41:28.570949,PHY,0x4601,1,0,na,"[0,",0,0,1,317.1,+10.8dB,15.8us,"[0,",1,222.18,normal,0,valid,-14.7dB,-15.0dB,na,na,,,,
2025-07-30 13:41:28.571551,PHY,0x4601,1,0,na,"[0,",0,0,1,314.5,+10.7dB,20.9us,"[0,",1,222.19,normal,0,valid,-14.7dB,-15.0dB,na,na,,,,
2025-07-30 13:41:28.576040,PHY,0x4601,1,0,na,"[0,",0,0,1,383.2,+11.6dB,15.9us,"[0,",1,223.8,normal,0,valid,-14.6dB,-14.9dB,na,na,,,,
2025-07-30 13:41:28.576493,PHY,0x4601,1,0,na,"[0,",0,0,1,372.2,+11.5dB,23.3us,"[0,",1,223.9,normal,0,valid,-14.7dB,-15.0dB,na,na,,,,
2025-07-30 13:41:28.580023,PHY,0x4601,2,,na,"[0,",,,11111,,+29.9dB,13.7us,"[0,",1,223.17,normal,0,valid,-11.9dB,-12.0dB,0.40us,+43.3Hz,,"[6,",,1
2025-07-30 13:41:28.580968,PHY,0x4601,1,0,na,"[0,",0,0,1,380.4,+11.6dB,16.9us,"[0,",1,223.18,normal,0,valid,-14.7dB,-14.9dB,na,na,,,,
2025-07-30 13:41:28.581457,PHY,0x4601,1,0,na,"[0,",0,0,1,375.2,+11.5dB,14.5us,"[0,",1,223.19,normal,0,valid,-14.7dB,-15.0dB,na,na,,,,
2025-07-30 13:41:28.585578,CSI,0x4601,2,,na,"[0,",,,1,,+29.0dB,14.6us,"[0,",1,224.8,normal,0,valid,-11.8dB,-12.0dB,0.39us,-71.0Hz,,"[6,",1111,1
2025-07-30 13:41:28.586544,PHY,0x4601,1,0,na,"[0,",0,0,1,309.9,+10.7dB,16.5us,"[0,",1,224.9,normal,0,valid,-14.7dB,-15.0dB,na,na,,,,
2025-07-30 13:41:28.590087,PHY,0x4601,2,,na,"[0,",,,11111,,+32.1dB,16.5us,"[0,",1,224.17,normal,0,valid,-11.9dB,-12.0dB,0.40us,-163.9Hz,,"[6,",,1
2025-07-30 13:41:28.591041,PHY,0x4601,1,0,na,"[0,",0,0,1,369.3,+11.4dB,16.9us,"[0,",1,224.18,normal,0,valid,-14.6dB,-14.9dB,na,na,,,,
2025-07-30 13:41:28.591476,PHY,0x4601,1,0,na,"[0,",0,0,1,382.9,+11.6dB,18.7us,"[0,",1,224.19,normal,0,valid,-14.7dB,-15.0dB,na,na,,,,
2025-07-30 13:41:28.595968,PHY,0x4601,1,0,na,"[0,",0,0,1,382.3,+11.6dB,16.9us,"[0,",1,225.8,normal,0,valid,-14.7dB,-15.0dB,na,na,,,,
2025-07-30 13:41:28.596450,PHY,0x4601,1,0,na,"[0,",0,0,1,357.4,+11.3dB,19.4us,"[0,",1,225.9,normal,0,valid,-14.7dB,-15.0dB,na,na,,,,
2025-07-30 13:41:28.600098,PHY,0x4601,2,,na,"[0,",,,11111,,+30.8dB,15.7us,"[0,",1,225.17,normal,0,valid,-11.9dB,-12.1dB,0.38us,-4.6Hz,,"[6,",,1
2025-07-30 13:41:28.601035,PHY,0x4601,1,0,na,"[0,",0,0,1,322.2,+10.8dB,16.5us,"[0,",1,225.18,normal,0,valid,-14.6dB,-15.0dB,na,na,,,,
2025-07-30 13:41:28.601549,PHY,0x4601,1,0,na,"[0,",0,0,1,319.7,+10.8dB,14.1us,"[0,",1,225.19,normal,0,valid,-14.7dB,-15.0dB,na,na,,,,
2025-07-30 13:41:28.605605,CSI,0x4601,2,,na,"[0,",,,1,,+31.2dB,12.5us,"[0,",1,226.8,normal,0,valid,-11.7dB,-11.8dB,0.40us,+79.4Hz,,"[6,",1111,1
2025-07-30 13:41:28.606469,PHY,0x4601,1,0,na,"[0,",0,0,1,319.8,+10.8dB,16.8us,"[0,",1,226.9,normal,0,valid,-14.7dB,-15.0dB,na,na,,,,
2025-07-30 13:41:28.610015,PHY,0x4601,2,,na,"[0,",,,11111,,+29.6dB,14.6us,"[0,",1,226.17,normal,0,valid,-11.9dB,-12.1dB,0.40us,+73.4Hz,,"[6,",,1
2025-07-30 13:41:28.610963,PHY,0x4601,1,0,na,"[0,",0,0,1,379.3,+11.5dB,17.8us,"[0,",1,226.18,normal,0,valid,-14.6dB,-15.0dB,na,na,,,,
2025-07-30 13:41:28.611540,PHY,0x4601,1,0,na,"[0,",0,0,1,378.5,+11.5dB,16.1us,"[0,",1,226.19,normal,0,valid,-14.7dB,-15.0dB,na,na,,,,
2025-07-30 13:41:28.616037,PHY,0x4601,1,0,na,"[0,",0,0,1,370.6,+11.4dB,18.2us,"[0,",1,227.8,normal,0,valid,-14.6dB,-14.9dB,na,na,,,,
2025-07-30 13:41:28.616551,PHY,0x4601,1,0,na,"[0,",0,0,1,373.6,+11.5dB,16.5us,"[0,",1,227.9,normal,0,valid,-14.7dB,-15.0dB,na,na,,,,
2025-07-30 13:41:28.620062,PHY,0x4601,2,,na,"[0,",,,11111,,+27.7dB,22.1us,"[0,",1,227.17,normal,0,valid,-11.9dB,-12.1dB,0.39us,-73.7Hz,,"[6,",,1
2025-07-30 13:41:28.621021,PHY,0x4601,1,0,na,"[0,",0,0,1,326.8,+10.9dB,17.4us,"[0,",1,227.18,normal,0,valid,-14.7dB,-15.0dB,na,na,,,,
2025-07-30 13:41:28.621467,PHY,0x4601,1,0,na,"[0,",0,0,1,311.8,+10.7dB,14.4us,"[0,",1,227.19,normal,0,valid,-14.6dB,-15.0dB,na,na,,,,
2025-07-30 13:41:28.625611,CSI,0x4601,2,,na,"[0,",,,1,,+30.2dB,12.2us,"[0,",1,228.8,normal,0,valid,-11.9dB,-12.0dB,0.40us,-55.3Hz,,"[6,",1111,1
2025-07-30 13:41:28.626535,PHY,0x4601,1,0,na,"[0,",0,0,1,380.1,+11.5dB,17.8us,"[0,",1,228.9,normal,0,valid,-14.7dB,-15.0dB,na,na,,,,
2025-07-30 13:41:28.630101,PHY,0x4601,2,,na,"[0,",,,11111,,+35.1dB,15.7us,"[0,",1,228.17,normal,0,valid,-11.8dB,-11.8dB,0.12us,+21.4Hz,,"[6,",,1
2025-07-30 13:41:28.631033,PHY,0x4601,1,0,na,"[0,",0,0,1,1867.3,+18.5dB,29.6us,"[0,",1,228.18,normal,0,valid,-14.6dB,-14.7dB,na,na,,,,
2025-07-30 13:41:28.631544,PHY,0x4601,1,0,na,"[0,",0,0,1,2001.8,+18.7dB,25.1us,"[0,",1,228.19,normal,0,valid,-14.6dB,-14.7dB,na,na,,,,
2025-07-30 13:41:28.636027,PHY,0x4601,1,0,na,"[0,",0,0,1,2769.4,+20.1dB,25.9us,"[0,",1,229.8,normal,0,valid,-14.6dB,-14.7dB,na,na,,,,
2025-07-30 13:41:28.636455,PHY,0x4601,1,0,na,"[0,",0,0,1,2736.2,+20.1dB,23.7us,"[0,",1,229.9,normal,0,valid,-14.7dB,-14.7dB,na,na,,,,
2025-07-30 13:41:28.640126,PHY,0x4601,2,,na,"[0,",,,11111,,+30.0dB,24.1us,"[0,",1,229.17,normal,0,valid,-11.9dB,-12.0dB,0.13us,+68.6Hz,,"[6,",,1
2025-07-30 13:41:28.640947,PHY,0x4601,1,0,na,"[0,",0,0,1,3060.6,+20.6dB,23.6us,"[0,",1,229.18,normal,0,valid,-14.7dB,-14.7dB,na,na,,,,
2025-07-30 13:41:28.641518,PHY,0x4601,1,0,na,"[0,",0,0,1,3187.3,+20.8dB,13.8us,"[0,",1,229.19,normal,0,valid,-14.7dB,-14.7dB,na,na,,,,
2025-07-30 13:41:28.645664,CSI,0x4601,2,,na,"[0,",,,1,,+30.9dB,26.9us,"[0,",1,230.8,normal,0,valid,-11.8dB,-11.9dB,0.14us,+36.4Hz,,"[6,",1111,1
2025-07-30 13:41:28.646542,PHY,0x4601,1,0,na,"[0,",0,0,1,1920.4,+18.6dB,18.0us,"[0,",1,230.9,normal,0,valid,-14.7dB,-14.7dB,na,na,,,,
2025-07-30 13:41:28.650041,PHY,0x4601,2,,na,"[0,",,,11111,,+31.9dB,15.4us,"[0,",1,230.17,normal,0,valid,-12.0dB,-12.0dB,0.13us,-6.7Hz,,"[6,",,1
2025-07-30 13:41:28.650969,PHY,0x4601,1,0,na,"[0,",0,0,1,2703.1,+20.1dB,15.8us,"[0,",1,230.18,normal,0,valid,-14.7dB,-14.7dB,na,na,,,,
2025-07-30 13:41:28.651448,PHY,0x4601,1,0,na,"[0,",0,0,1,2747.9,+20.1dB,15.3us,"[0,",1,230.19,normal,0,valid,-14.6dB,-14.7dB,na,na,,,,
2025-07-30 13:41:28.655941,PHY,0x4601,1,0,na,"[0,",0,0,1,3028.0,+20.6dB,16.8us,"[0,",1,231.8,normal,0,valid,-14.6dB,-14.7dB,na,na,,,,
2025-07-30 13:41:28.656526,PHY,0x4601,1,0,na,"[0,",0,0,1,2672.5,+20.0dB,14.1us,"[0,",1,231.9,normal,0,valid,-14.7dB,-14.7dB,na,na,,,,
2025-07-30 13:41:28.660080,PHY,0x4601,2,,na,"[0,",,,11111,,+29.8dB,14.9us,"[0,",1,231.17,normal,0,valid,-11.9dB,-11.9dB,0.11us,+49.8Hz,,"[6,",,1
2025-07-30 13:41:28.661006,PHY,0x4601,1,0,na,"[0,",0,0,1,2909.8,+20.4dB,15.7us,"[0,",1,231.18,normal,0,valid,-14.6dB,-14.7dB,na,na,,,,
2025-07-30 13:41:28.661518,PHY,0x4601,1,0,na,"[0,",0,0,1,2711.5,+20.1dB,13.8us,"[0,",1,231.19,normal,0,valid,-14.7dB,-14.7dB,na,na,,,,
2025-07-30 13:41:28.665634,CSI,0x4601,2,,na,"[0,",,,1,,+34.0dB,17.0us,"[0,",1,232.8,normal,0,valid,-11.8dB,-11.8dB,0.14us,-2.7Hz,,"[6,",1111,1
2025-07-30 13:41:28.666450,PHY,0x4601,1,0,na,"[0,",0,0,1,1808.1,+18.3dB,16.1us,"[0,",1,232.9,normal,0,valid,-14.7dB,-14.7dB,na,na,,,,
2025-07-30 13:41:28.670099,PHY,0x4601,2,,na,"[0,",,,11111,,+28.9dB,14.7us,"[0,",1,232.17,normal,0,valid,-11.8dB,-11.9dB,0.37us,+8.8Hz,,"[6,",,1
2025-07-30 13:41:28.671043,PHY,0x4601,1,0,na,"[0,",0,0,1,370.5,+11.5dB,16.4us,"[0,",1,232.18,normal,0,valid,-14.6dB,-14.9dB,na,na,,,,
2025-07-30 13:41:28.671509,PHY,0x4601,1,0,na,"[0,",0,0,1,373.4,+11.5dB,13.8us,"[0,",1,232.19,normal,0,valid,-14.7dB,-15.0dB,na,na,,,,
2025-07-30 13:41:28.676004,PHY,0x4601,1,0,na,"[0,",0,0,1,378.8,+11.5dB,16.1us,"[0,",1,233.8,normal,0,valid,-14.6dB,-14.9dB,na,na,,,,
2025-07-30 13:41:28.676483,PHY,0x4601,1,0,na,"[0,",0,0,1,379.0,+11.5dB,26.1us,"[0,",1,233.9,normal,0,valid,-14.6dB,-15.0dB,na,na,,,,
2025-07-30 13:41:28.680025,PHY,0x4601,2,,na,"[0,",,,11111,,+28.6dB,14.3us,"[0,",1,233.17,normal,0,valid,-11.7dB,-11.8dB,0.40us,-2.3Hz,,"[6,",,1
2025-07-30 13:41:28.681001,PHY,0x4601,1,0,na,"[0,",0,0,1,318.1,+10.8dB,15.8us,"[0,",1,233.18,normal,0,valid,-14.7dB,-15.0dB,na,na,,,,
2025-07-30 13:41:28.681446,PHY,0x4601,1,0,na,"[0,",0,0,1,326.7,+10.9dB,16.2us,"[0,",1,233.19,normal,0,valid,-14.7dB,-15.0dB,na,na,,,,
2025-07-30 13:41:28.685588,CSI,0x4601,2,,na,"[0,",,,1,,+28.3dB,12.2us,"[0,",1,234.8,normal,0,valid,-11.8dB,-12.0dB,0.40us,+5.3Hz,,"[6,",1111,1
2025-07-30 13:41:28.686509,PHY,0x4601,1,0,na,"[0,",0,0,1,314.4,+10.7dB,16.1us,"[0,",1,234.9,normal,0,valid,-14.7dB,-15.0dB,na,na,,,,
2025-07-30 13:41:28.690085,PHY,0x4601,2,,na,"[0,",,,11111,,+30.7dB,18.8us,"[0,",1,234.17,normal,0,valid,-11.9dB,-12.0dB,0.38us,+65.8Hz,,"[6,",,1
2025-07-30 13:41:28.691001,PHY,0x4601,1,0,na,"[0,",0,0,1,373.7,+11.4dB,24.1us,"[0,",1,234.18,normal,0,valid,-14.6dB,-14.9dB,na,na,,,,
2025-07-30 13:41:28.691522,PHY,0x4601,1,0,na,"[0,",0,0,1,373.6,+11.5dB,15.9us,"[0,",1,234.19,normal,0,valid,-14.6dB,-14.9dB,na,na,,,,
2025-07-30 13:41:28.695952,PHY,0x4601,1,0,na,"[0,",0,0,1,374.8,+11.5dB,16.7us,"[0,",1,235.8,normal,0,valid,-14.6dB,-14.9dB,na,na,,,,
2025-07-30 13:41:28.696553,PHY,0x4601,1,0,na,"[0,",0,0,1,380.6,+11.5dB,15.4us,"[0,",1,235.9,normal,0,valid,-14.6dB,-14.9dB,na,na,,,,
2025-07-30 13:41:28.700119,PHY,0x4601,2,,na,"[0,",,,11111,,+33.1dB,16.8us,"[0,",1,235.17,normal,0,valid,-11.9dB,-12.0dB,0.39us,-5.6Hz,,"[6,",,1
2025-07-30 13:41:28.701026,PHY,0x4601,1,0,na,"[0,",0,0,1,308.2,+10.7dB,17.8us,"[0,",1,235.18,normal,0,valid,-14.7dB,-15.0dB,na,na,,,,
2025-07-30 13:41:28.701501,PHY,0x4601,1,0,na,"[0,",0,0,1,312.4,+10.7dB,16.2us,"[0,",1,235.19,normal,0,valid,-14.7dB,-15.0dB,na,na,,,,
2025-07-30 13:41:28.705627,CSI,0x4601,2,,na,"[0,",,,1,,+30.2dB,17.5us,"[0,",1,236.8,normal,0,valid,-11.9dB,-12.0dB,0.38us,+112.2Hz,,"[6,",1111,1
2025-07-30 13:41:28.706515,PHY,0x4601,1,0,na,"[0,",0,0,1,362.5,+11.4dB,21.0us,"[0,",1,236.9,normal,0,valid,-14.7dB,-15.0dB,na,na,,,,
2025-07-30 13:41:28.710126,PHY,0x4601,2,,na,"[0,",,,11111,,+29.3dB,15.3us,"[0,",1,236.17,normal,0,valid,-11.8dB,-12.0dB,0.40us,-79.1Hz,,"[6,",,1
2025-07-30 13:41:28.710952,PHY,0x4601,1,0,na,"[0,",0,0,1,316.2,+10.8dB,16.7us,"[0,",1,236.18,normal,0,valid,-14.7dB,-15.0dB,na,na,,,,
2025-07-30 13:41:28.711539,PHY,0x4601,1,0,na,"[0,",0,0,1,311.2,+10.6dB,15.2us,"[0,",1,236.19,normal,0,valid,-14.6dB,-15.0dB,na,na,,,,
2025-07-30 13:41:28.716028,PHY,0x4601,1,0,na,"[0,",0,0,1,373.5,+11.5dB,16.9us,"[0,",1,237.8,normal,0,valid,-14.6dB,-14.9dB,na,na,,,,
2025-07-30 13:41:28.716522,PHY,0x4601,1,0,na,"[0,",0,0,1,359.5,+11.3dB,22.1us,"[0,",1,237.9,normal,0,valid,-14.7dB,-15.0dB,na,na,,,,
2025-07-30 13:41:28.720066,PHY,0x4601,2,,na,"[0,",,,11111,,+29.2dB,15.3us,"[0,",1,237.17,normal,0,valid,-11.9dB,-12.0dB,0.38us,-76.1Hz,,"[6,",,1
2025-07-30 13:41:28.720978,PHY,0x4601,1,0,na,"[0,",0,0,1,314.3,+10.7dB,16.0us,"[0,",1,237.18,normal,0,valid,-14.7dB,-15.0dB,na,na,,,,
2025-07-30 13:41:28.721497,PHY,0x4601,1,0,na,"[0,",0,0,1,319.7,+10.8dB,13.7us,"[0,",1,237.19,normal,0,valid,-14.7dB,-15.0dB,na,na,,,,
2025-07-30 13:41:28.725599,CSI,0x4601,2,,na,"[0,",,,1,,+30.2dB,16.8us,"[0,",1,238.8,normal,0,valid,-11.8dB,-11.9dB,0.40us,-134.5Hz,,"[6,",1111,1
2025-07-30 13:41:28.726538,PHY,0x4601,1,0,na,"[0,",0,0,1,376.2,+11.5dB,16.6us,"[0,",1,238.9,normal,0,valid,-14.7dB,-15.0dB,na,na,,,,
2025-07-30 13:41:28.730100,PHY,0x4601,2,,na,"[0,",,,11111,,+29.1dB,16.3us,"[0,",1,238.17,normal,0,valid,-11.9dB,-12.0dB,0.37us,-45.6Hz,,"[6,",,1
2025-07-30 13:41:28.731021,PHY,0x4601,1,0,na,"[0,",0,0,1,365.7,+11.4dB,16.3us,"[0,",1,238.18,normal,0,valid,-14.7dB,-15.0dB,na,na,,,,
2025-07-30 13:41:28.731504,PHY,0x4601,1,0,na,"[0,",0,0,1,365.3,+11.4dB,26.2us,"[0,",1,238.19,normal,0,valid,-14.7dB,-15.0dB,na,na,,,,
2025-07-30 13:41:28.735993,PHY,0x4601,1,0,na,"[0,",0,0,1,372.6,+11.5dB,16.9us,"[0,",1,239.8,normal,0,valid,-14.6dB,-14.9dB,na,na,,,,
2025-07-30 13:41:28.736444,PHY,0x4601,1,0,na,"[0,",0,0,1,369.5,+11.4dB,14.4us,"[0,",1,239.9,normal,0,valid,-14.7dB,-15.0dB,na,na,,,,
2025-07-30 13:41:28.740103,PHY,0x4601,2,,na,"[0,",,,11111,,+30.3dB,14.9us,"[0,",1,239.17,normal,0,valid,-11.9dB,-12.1dB,0.38us,-60.5Hz,,"[6,",,1
2025-07-30 13:41:28.740937,PHY,0x4601,1,0,na,"[0,",0,0,1,314.7,+10.7dB,18.5us,"[0,",1,239.18,normal,0,valid,-14.7dB,-15.0dB,na,na,,,,
2025-07-30 13:41:28.741526,PHY,0x4601,1,0,na,"[0,",0,0,1,322.1,+10.8dB,13.6us,"[0,",1,239.19,normal,0,valid,-14.6dB,-15.0dB,na,na,,,,
2025-07-30 13:41:28.745647,CSI,0x4601,2,,na,"[0,",,,1,,+30.5dB,13.9us,"[0,",1,240.8,normal,0,valid,-11.8dB,-11.9dB,0.39us,-7.8Hz,,"[6,",1111,1
2025-07-30 13:41:28.746486,PHY,0x4601,1,0,na,"[0,",0,0,1,323.5,+10.8dB,16.4us,"[0,",1,240.9,normal,0,valid,-14.7dB,-15.0dB,na,na,,,,
2025-07-30 13:41:28.750057,PHY,0x4601,2,,na,"[0,",,,11111,,+31.4dB,16.7us,"[0,",1,240.17,normal,0,valid,-11.8dB,-11.9dB,0.38us,+2.6Hz,,"[6,",,1
2025-07-30 13:41:28.750970,PHY,0x4601,1,0,na,"[0,",0,0,1,378.5,+11.5dB,18.2us,"[0,",1,240.18,normal,0,valid,-14.7dB,-14.9dB,na,na,,,,
2025-07-30 13:41:28.751446,PHY,0x4601,1,0,na,"[0,",0,0,1,359.8,+11.3dB,15.4us,"[0,",1,240.19,normal,0,valid,-14.6dB,-15.0dB,na,na,,,,
2025-07-30 13:41:28.756070,PHY,0x4601,1,0,na,"[0,",0,0,1,372.4,+11.4dB,16.7us,"[0,",1,241.8,normal,0,valid,-14.6dB,-15.0dB,na,na,,,,
2025-07-30 13:41:28.756522,PHY,0x4601,1,0,na,"[0,",0,0,1,374.7,+11.5dB,14.5us,"[0,",1,241.9,normal,0,valid,-14.6dB,-14.9dB,na,na,,,,
2025-07-30 13:41:28.760084,PHY,0x4601,2,,na,"[0,",,,11111,,+30.8dB,17.6us,"[0,",1,241.17,normal,0,valid,-12.0dB,-12.1dB,0.39us,+116.6Hz,,"[6,",,1
2025-07-30 13:41:28.760999,PHY,0x4601,1,0,na,"[0,",0,0,1,374.6,+11.5dB,16.0us,"[0,",1,241.18,normal,0,valid,-14.7dB,-15.0dB,na,na,,,,
2025-07-30 13:41:28.761486,PHY,0x4601,1,0,na,"[0,",0,0,1,378.1,+11.5dB,13.8us,"[0,",1,241.19,normal,0,valid,-14.7dB,-15.0dB,na,na,,,,
2025-07-30 13:41:28.765601,CSI,0x4601,2,,na,"[0,",,,1,,+31.5dB,14.0us,"[0,",1,242.8,normal,0,valid,-11.7dB,-11.8dB,0.39us,-85.8Hz,,"[6,",1111,1
2025-07-30 13:41:28.766445,PHY,0x4601,1,0,na,"[0,",0,0,1,313.1,+10.7dB,16.2us,"[0,",1,242.9,normal,0,valid,-14.7dB,-15.0dB,na,na,,,,
2025-07-30 13:41:28.770097,PHY,0x4601,2,,na,"[0,",,,11111,,+31.2dB,14.3us,"[0,",1,242.17,normal,0,valid,-11.9dB,-12.0dB,0.40us,+61.0Hz,,"[6,",,1
2025-07-30 13:41:28.771061,PHY,0x4601,1,0,na,"[0,",0,0,1,321.9,+10.8dB,17.1us,"[0,",1,242.18,normal,0,valid,-14.7dB,-15.0dB,na,na,,,,
2025-07-30 13:41:28.771513,PHY,0x4601,1,0,na,"[0,",0,0,1,316.7,+10.8dB,13.9us,"[0,",1,242.19,normal,0,valid,-14.7dB,-15.0dB,na,na,,,,
2025-07-30 13:41:28.775999,PHY,0x4601,1,0,na,"[0,",0,0,1,376.3,+11.5dB,22.6us,"[0,",1,243.8,normal,0,valid,-14.6dB,-14.9dB,na,na,,,,
2025-07-30 13:41:28.776469,PHY,0x4601,1,0,na,"[0,",0,0,1,351.9,+11.2dB,14.2us,"[0,",1,243.9,normal,0,valid,-14.7dB,-14.9dB,na,na,,,,
2025-07-30 13:41:28.780041,PHY,0x4601,2,,na,"[0,",,,11111,,+30.2dB,14.5us,"[0,",1,243.17,normal,0,valid,-11.8dB,-11.9dB,0.37us,+40.8Hz,,"[6,",,1
2025-07-30 13:41:28.780959,PHY,0x4601,1,0,na,"[0,",0,0,1,321.7,+10.8dB,16.6us,"[0,",1,243.18,normal,0,valid,-14.7dB,-15.0dB,na,na,,,,
2025-07-30 13:41:28.781566,PHY,0x4601,1,0,na,"[0,",0,0,1,312.3,+10.7dB,14.5us,"[0,",1,243.19,normal,0,valid,-14.6dB,-15.0dB,na,na,,,,
2025-07-30 13:41:28.785562,CSI,0x4601,2,,na,"[0,",,,1,,+31.4dB,16.5us,"[0,",1,244.8,normal,0,valid,-11.8dB,-11.9dB,0.40us,-31.5Hz,,"[6,",1111,1
2025-07-30 13:41:28.786515,PHY,0x4601,1,0,na,"[0,",0,0,1,381.8,+11.5dB,16.0us,"[0,",1,244.9,normal,0,valid,-14.6dB,-15.0dB,na,na,,,,
2025-07-30 13:41:28.790054,PHY,0x4601,2,,na,"[0,",,,11111,,+29.2dB,15.7us,"[0,",1,244.17,normal,0,valid,-11.8dB,-11.9dB,0.38us,+52.0Hz,,"[6,",,1
2025-07-30 13:41:28.791000,PHY,0x4601,1,0,na,"[0,",0,0,1,382.1,+11.6dB,16.2us,"[0,",1,244.18,normal,0,valid,-14.6dB,-14.9dB,na,na,,,,
2025-07-30 13:41:28.791461,PHY,0x4601,1,0,na,"[0,",0,0,1,370.2,+11.4dB,14.3us,"[0,",1,244.19,normal,0,valid,-14.6dB,-14.9dB,na,na,,,,
2025-07-30 13:41:28.795953,PHY,0x4601,1,0,na,"[0,",0,0,1,375.1,+11.4dB,17.0us,"[0,",1,245.8,normal,0,valid,-14.6dB,-15.0dB,na,na,,,,
2025-07-30 13:41:28.796561,PHY,0x4601,1,0,na,"[0,",0,0,1,373.0,+11.5dB,15.4us,"[0,",1,245.9,normal,0,valid,-14.6dB,-14.9dB,na,na,,,,
2025-07-30 13:41:28.800088,PHY,0x4601,2,,na,"[0,",,,11111,,+27.1dB,21.2us,"[0,",1,245.17,normal,0,valid,-11.8dB,-12.0dB,0.38us,+36.1Hz,,"[6,",,1
2025-07-30 13:41:28.801045,PHY,0x4601,1,0,na,"[0,",0,0,1,315.0,+10.7dB,15.8us,"[0,",1,245.18,normal,0,valid,-14.6dB,-15.0dB,na,na,,,,
2025-07-30 13:41:28.801493,PHY,0x4601,1,0,na,"[0,",0,0,1,317.1,+10.8dB,15.4us,"[0,",1,245.19,normal,0,valid,-14.6dB,-15.0dB,na,na,,,,
2025-07-30 13:41:28.805626,CSI,0x4601,2,,na,"[0,",,,1,,+30.9dB,15.3us,"[0,",1,246.8,normal,0,valid,-11.8dB,-11.9dB,0.40us,+53.1Hz,,"[6,",1111,1
2025-07-30 13:41:28.806473,PHY,0x4601,1,0,na,"[0,",0,0,1,373.9,+11.5dB,20.2us,"[0,",1,246.9,normal,0,valid,-14.7dB,-14.9dB,na,na,,,,
2025-07-30 13:41:28.810126,PHY,0x4601,2,,na,"[0,",,,11111,,+26.9dB,15.0us,"[0,",1,246.17,normal,0,valid,-11.8dB,-12.0dB,0.40us,-4.2Hz,,"[6,",,1
2025-07-30 13:41:28.810947,PHY,0x4601,1,0,na,"[0,",0,0,1,377.2,+11.5dB,15.9us,"[0,",1,246.18,normal,0,valid,-14.7dB,-15.0dB,na,na,,,,
2025-07-30 13:41:28.811566,PHY,0x4601,1,0,na,"[0,",0,0,1,374.8,+11.4dB,23.4us,"[0,",1,246.19,normal,0,valid,-14.7dB,-15.0dB,na,na,,,,
2025-07-30 13:41:28.816048,PHY,0x4601,1,0,na,"[0,",0,0,1,374.7,+11.5dB,19.1us,"[0,",1,247.8,normal,0,valid,-14.6dB,-15.0dB,na,na,,,,
2025-07-30 13:41:28.816524,PHY,0x4601,1,0,na,"[0,",0,0,1,372.5,+11.5dB,16.5us,"[0,",1,247.9,normal,0,valid,-14.7dB,-14.9dB,na,na,,,,
2025-07-30 13:41:28.820046,PHY,0x4601,2,,na,"[0,",,,11111,,+32.4dB,21.0us,"[0,",1,247.17,normal,0,valid,-11.8dB,-12.0dB,0.37us,+160.5Hz,,"[6,",,1
2025-07-30 13:41:28.820981,PHY,0x4601,1,0,na,"[0,",0,0,1,322.0,+10.8dB,21.1us,"[0,",1,247.18,normal,0,valid,-14.6dB,-15.0dB,na,na,,,,
2025-07-30 13:41:28.821454,PHY,0x4601,1,0,na,"[0,",0,0,1,316.1,+10.8dB,15.6us,"[0,",1,247.19,normal,0,valid,-14.6dB,-14.9dB,na,na,,,,
2025-07-30 13:41:28.825587,CSI,0x4601,2,,na,"[0,",,,1,,+26.2dB,17.5us,"[0,",1,248.8,normal,0,valid,-11.8dB,-11.9dB,0.39us,+125.4Hz,,"[6,",1111,1
2025-07-30 13:41:28.826559,PHY,0x4601,1,0,na,"[0,",0,0,1,317.6,+10.8dB,18.3us,"[0,",1,248.9,normal,0,valid,-14.6dB,-15.0dB,na,na,,,,
2025-07-30 13:41:28.830083,PHY,0x4601,2,,na,"[0,",,,11111,,+29.2dB,21.2us,"[0,",1,248.17,normal,0,valid,-11.8dB,-12.0dB,0.39us,-113.5Hz,,"[6,",,1
2025-07-30 13:41:28.831043,PHY,0x4601,1,0,na,"[0,",0,0,1,1758.5,+18.2dB,17.4us,"[0,",1,248.18,normal,0,valid,-14.7dB,-14.7dB,na,na,,,,
2025-07-30 13:41:28.831503,PHY,0x4601,1,0,na,"[0,",0,0,1,1810.1,+18.3dB,15.3us,"[0,",1,248.19,normal,0,valid,-14.6dB,-14.7dB,na,na,,,,
2025-07-30 13:41:28.835976,PHY,0x4601,1,0,na,"[0,",0,0,1,2702.5,+20.1dB,17.5us,"[0,",1,249.8,normal,0,valid,-14.6dB,-14.7dB,na,na,,,,
2025-07-30 13:41:28.836449,PHY,0x4601,1,0,na,"[0,",0,0,1,2916.1,+20.4dB,15.5us,"[0,",1,249.9,normal,0,valid,-14.6dB,-14.7dB,na,na,,,,
2025-07-30 13:41:28.840120,PHY,0x4601,2,,na,"[0,",,,11111,,+28.4dB,14.7us,"[0,",1,249.17,normal,0,valid,-11.8dB,-11.8dB,0.12us,-20.1Hz,,"[6,",,1
2025-07-30 13:41:28.841043,PHY,0x4601,1,0,na,"[0,",0,0,1,1914.8,+18.6dB,17.4us,"[0,",1,249.18,normal,0,valid,-14.7dB,-14.7dB,na,na,,,,
2025-07-30 13:41:28.841542,PHY,0x4601,1,0,na,"[0,",0,0,1,1929.1,+18.6dB,15.2us,"[0,",1,249.19,normal,0,valid,-14.6dB,-14.7dB,na,na,,,,
2025-07-30 13:41:28.845611,CSI,0x4601,2,,na,"[0,",,,1,,+27.7dB,15.5us,"[0,",1,250.8,normal,0,valid,-11.8dB,-11.8dB,0.16us,+21.9Hz,,"[6,",1111,1
2025-07-30 13:41:28.846481,PHY,0x4601,1,0,na,"[0,",0,0,1,2643.3,+20.0dB,20.2us,"[0,",1,250.9,normal,0,valid,-14.7dB,-14.7dB,na,na,,,,
2025-07-30 13:41:28.850020,PHY,0x4601,2,,na,"[0,",,,11111,,+32.0dB,14.6us,"[0,",1,250.17,normal,0,valid,-11.8dB,-11.9dB,0.14us,-66.6Hz,,"[6,",,1
2025-07-30 13:41:28.850967,PHY,0x4601,1,0,na,"[0,",0,0,1,2799.4,+20.2dB,16.4us,"[0,",1,250.18,normal,0,valid,-14.7dB,-14.7dB,na,na,,,,
2025-07-30 13:41:28.851449,PHY,0x4601,1,0,na,"[0,",0,0,1,2824.1,+20.3dB,15.6us,"[0,",1,250.19,normal,0,valid,-14.7dB,-14.7dB,na,na,,,,
2025-07-30 13:41:28.856038,PHY,0x4601,1,0,na,"[0,",0,0,1,2854.5,+20.3dB,16.4us,"[0,",1,251.8,normal,0,valid,-14.6dB,-14.7dB,na,na,,,,
2025-07-30 13:41:28.856549,PHY,0x4601,1,0,na,"[0,",0,0,1,3207.4,+20.8dB,21.1us,"[0,",1,251.9,normal,0,valid,-14.7dB,-14.7dB,na,na,,,,
2025-07-30 13:41:28.860065,PHY,0x4601,2,,na,"[0,",,,11111,,+33.5dB,14.4us,"[0,",1,251.17,normal,0,valid,-11.8dB,-11.8dB,0.14us,+37.4Hz,,"[6,",,1
2025-07-30 13:41:28.861035,PHY,0x4601,1,0,na,"[0,",0,0,1,2944.0,+20.4dB,15.9us,"[0,",1,251.18,normal,0,valid,-14.7dB,-14.7dB,na,na,,,,
2025-07-30 13:41:28.861483,PHY,0x4601,1,0,na,"[0,",0,0,1,2682.2,+20.0dB,14.7us,"[0,",1,251.19,normal,0,valid,-14.7dB,-14.7dB,na,na,,,,
2025-07-30 13:41:28.865619,CSI,0x4601,2,,na,"[0,",,,1,,+30.2dB,13.3us,"[0,",1,252.8,normal,0,valid,-11.8dB,-11.8dB,0.14us,-2.0Hz,,"[6,",1111,1
2025-07-30 13:41:28.866547,PHY,0x4601,1,0,na,"[0,",0,0,1,1912.7,+18.6dB,16.5us,"[0,",1,252.9,normal,0,valid,-14.6dB,-14.7dB,na,na,,,,
2025-07-30 13:41:28.870118,PHY,0x4601,2,,na,"[0,",,,11111,,+31.2dB,15.7us,"[0,",1,252.17,normal,0,valid,-11.9dB,-11.9dB,0.13us,-31.2Hz,,"[6,",,1
2025-07-30 13:41:28.871023,PHY,0x4601,1,0,na,"[0,",0,0,1,1967.8,+18.7dB,16.6us,"[0,",1,252.18,normal,0,valid,-14.6dB,-14.7dB,na,na,,,,
2025-07-30 13:41:28.871533,PHY,0x4601,1,0,na,"[0,",0,0,1,1783.5,+18.2dB,14.3us,"[0,",1,252.19,normal,0,valid,-14.6dB,-14.7dB,na,na,,,,
2025-07-30 13:41:28.876024,PHY,0x4601,1,0,na,"[0,",0,0,1,2977.0,+20.5dB,16.7us,"[0,",1,253.8,normal,0,valid,-14.6dB,-14.7dB,na,na,,,,
2025-07-30 13:41:28.876459,PHY,0x4601,1,0,na,"[0,",0,0,1,2976.8,+20.5dB,15.2us,"[0,",1,253.9,normal,0,valid,-14.6dB,-14.7dB,na,na,,,,
2025-07-30 13:41:28.880155,PHY,0x4601,2,,na,"[0,",,,11111,,+34.5dB,17.5us,"[0,",1,253.17,normal,0,valid,-11.8dB,-11.8dB,0.12us,+163.1Hz,,"[6,",,1
2025-07-30 13:41:28.880952,PHY,0x4601,1,0,na,"[0,",0,0,1,3613.7,+21.3dB,15.5us,"[0,",1,253.18,normal,0,valid,-14.6dB,-14.6dB,na,na,,,,
2025-07-30 13:41:28.881533,PHY,0x4601,1,0,na,"[0,",0,0,1,2855.4,+20.3dB,15.6us,"[0,",1,253.19,normal,0,valid,-14.6dB,-14.7dB,na,na,,,,
2025-07-30 13:41:28.885556,CSI,0x4601,2,,na,"[0,",,,1,,+32.6dB,14.7us,"[0,",1,254.8,normal,0,valid,-11.8dB,-11.8dB,0.13us,-68.6Hz,,"[6,",1111,1
2025-07-30 13:41:28.886546,PHY,0x4601,1,0,na,"[0,",0,0,1,1777.5,+18.3dB,20.5us,"[0,",1,254.9,normal,0,valid,-14.7dB,-14.7dB,na,na,,,,
2025-07-30 13:41:28.890044,PHY,0x4601,2,,na,"[0,",,,11111,,+31.2dB,15.4us,"[0,",1,254.17,normal,0,valid,-11.8dB,-11.8dB,0.13us,-11.3Hz,,"[6,",,1
2025-07-30 13:41:28.891022,PHY,0x4601,1,0,na,"[0,",0,0,1,1918.2,+18.6dB,16.3us,"[0,",1,254.18,normal,0,valid,-14.6dB,-14.7dB,na,na,,,,
2025-07-30 13:41:28.891448,PHY,0x4601,1,0,na,"[0,",0,0,1,1971.1,+18.7dB,14.8us,"[0,",1,254.19,normal,0,valid,-14.6dB,-14.7dB,na,na,,,,
2025-07-30 13:41:28.895942,PHY,0x4601,1,0,na,"[0,",0,0,1,2828.1,+20.3dB,16.6us,"[0,",1,255.8,normal,0,valid,-14.6dB,-14.7dB,na,na,,,,
2025-07-30 13:41:28.896538,PHY,0x4601,1,0,na,"[0,",0,0,1,2960.0,+20.4dB,19.6us,"[0,",1,255.9,normal,0,valid,-14.6dB,-14.7dB,na,na,,,,
2025-07-30 13:41:28.900097,PHY,0x4601,2,,na,"[0,",,,11111,,+32.3dB,14.9us,"[0,",1,255.17,normal,0,valid,-11.9dB,-11.9dB,0.11us,+40.6Hz,,"[6,",,1
2025-07-30 13:41:28.901007,PHY,0x4601,1,0,na,"[0,",0,0,1,2618.0,+19.9dB,15.5us,"[0,",1,255.18,normal,0,valid,-14.6dB,-14.7dB,na,na,,,,
2025-07-30 13:41:28.901531,PHY,0x4601,1,0,na,"[0,",0,0,1,2766.8,+20.2dB,14.4us,"[0,",1,255.19,normal,0,valid,-14.6dB,-14.7dB,na,na,,,,
2025-07-30 13:41:28.905625,CSI,0x4601,2,,na,"[0,",,,1,,+35.5dB,13.5us,"[0,",1,256.8,normal,0,valid,-11.7dB,-11.7dB,0.13us,-6.6Hz,,"[6,",1111,1
2025-07-30 13:41:28.906454,PHY,0x4601,1,0,na,"[0,",0,0,1,2121.8,+19.0dB,19.7us,"[0,",1,256.9,normal,0,valid,-14.6dB,-14.7dB,na,na,,,,
2025-07-30 13:41:28.910128,PHY,0x4601,2,,na,"[0,",,,11111,,+34.1dB,18.0us,"[0,",1,256.17,normal,0,valid,-11.9dB,-11.9dB,0.14us,-4.4Hz,,"[6,",,1
2025-07-30 13:41:28.910942,PHY,0x4601,1,0,na,"[0,",0,0,1,1909.0,+18.6dB,16.0us,"[0,",1,256.18,normal,0,valid,-14.6dB,-14.7dB,na,na,,,,
2025-07-30 13:41:28.911517,PHY,0x4601,1,0,na,"[0,",0,0,1,1898.0,+18.5dB,14.4us,"[0,",1,256.19,normal,0,valid,-14.6dB,-14.7dB,na,na,,,,
2025-07-30 13:41:28.916011,PHY,0x4601,1,0,na,"[0,",0,0,1,376.7,+11.5dB,22.9us,"[0,",1,257.8,normal,0,valid,-14.7dB,-14.9dB,na,na,,,,
2025-07-30 13:41:28.916540,PHY,0x4601,1,0,na,"[0,",0,0,1,367.1,+11.4dB,16.0us,"[0,",1,257.9,normal,0,valid,-14.6dB,-14.9dB,na,na,,,,
2025-07-30 13:41:28.920030,PHY,0x4601,2,,na,"[0,",,,11111,,+27.4dB,17.5us,"[0,",1,257.17,normal,0,valid,-11.9dB,-12.1dB,0.40us,+136.4Hz,,"[6,",,1
2025-07-30 13:41:28.921007,PHY,0x4601,1,0,na,"[0,",0,0,1,379.0,+11.5dB,15.6us,"[0,",1,257.18,normal,0,valid,-14.6dB,-14.9dB,na,na,,,,
2025-07-30 13:41:28.921441,PHY,0x4601,1,0,na,"[0,",0,0,1,382.3,+11.6dB,15.6us,"[0,",1,257.19,normal,0,valid,-14.6dB,-14.9dB,na,na,,,,
2025-07-30 13:41:28.925602,CSI,0x4601,2,,na,"[0,",,,1,,+31.4dB,16.1us,"[0,",1,258.8,normal,0,valid,-11.7dB,-11.8dB,0.40us,-66.7Hz,,"[6,",1111,1
2025-07-30 13:41:28.926520,PHY,0x4601,1,0,na,"[0,",0,0,1,372.7,+11.5dB,24.2us,"[0,",1,258.9,normal,0,valid,-14.6dB,-14.9dB,na,na,,,,
2025-07-30 13:41:28.930083,PHY,0x4601,2,,na,"[0,",,,11111,,+30.6dB,16.4us,"[0,",1,258.17,normal,0,valid,-11.8dB,-12.0dB,0.40us,+8.0Hz,,"[6,",,1
2025-07-30 13:41:28.930999,PHY,0x4601,1,0,na,"[0,",0,0,1,365.2,+11.4dB,16.0us,"[0,",1,258.18,normal,0,valid,-14.6dB,-14.9dB,na,na,,,,
2025-07-30 13:41:28.931518,PHY,0x4601,1,0,na,"[0,",0,0,1,373.1,+11.5dB,15.3us,"[0,",1,258.19,normal,0,valid,-14.6dB,-14.9dB,na,na,,,,
2025-07-30 13:41:28.935962,PHY,0x4601,1,0,na,"[0,",0,0,1,367.9,+11.4dB,16.5us,"[0,",1,259.8,normal,0,valid,-14.7dB,-15.0dB,na,na,,,,
2025-07-30 13:41:28.936444,PHY,0x4601,1,0,na,"[0,",0,0,1,360.2,+11.3dB,23.8us,"[0,",1,259.9,normal,0,valid,-14.6dB,-14.9dB,na,na,,,,
2025-07-30 13:41:28.940102,PHY,0x4601,2,,na,"[0,",,,11111,,+28.8dB,18.7us,"[0,",1,259.17,normal,0,valid,-11.9dB,-12.1dB,0.38us,+1.6Hz,,"[6,",,1
2025-07-30 13:41:28.941048,PHY,0x4601,1,0,na,"[0,",0,0,1,369.2,+11.4dB,16.5us,"[0,",1,259.18,normal,0,valid,-14.7dB,-15.0dB,na,na,,,,
2025-07-30 13:41:28.941521,PHY,0x4601,1,0,na,"[0,",0,0,1,367.6,+11.4dB,27.8us,"[0,",1,259.19,normal,0,valid,-14.7dB,-14.9dB,na,na,,,,
2025-07-30 13:41:28.945661,CSI,0x4601,2,,na,"[0,",,,1,,+30.0dB,16.2us,"[0,",1,260.8,normal,0,valid,-11.7dB,-11.9dB,0.38us,-6.2Hz,,"[6,",1111,1
2025-07-30 13:41:28.946523,PHY,0x4601,1,0,na,"[0,",0,0,1,380.7,+11.6dB,16.5us,"[0,",1,260.9,normal,0,valid,-14.7dB,-14.9dB,na,na,,,,
2025-07-30 13:41:28.950016,PHY,0x4601,2,,na,"[0,",,,11111,,+32.7dB,17.3us,"[0,",1,260.17,normal,0,valid,-11.8dB,-11.9dB,0.38us,+60.7Hz,,"[6,",,1
2025-07-30 13:41:28.950950,PHY,0x4601,1,0,na,"[0,",0,0,1,370.0,+11.4dB,16.1us,"[0,",1,260.18,normal,0,valid,-14.6dB,-14.9dB,na,na,,,,
2025-07-30 13:41:28.951543,PHY,0x4601,1,0,na,"[0,",0,0,1,364.7,+11.4dB,14.2us,"[0,",1,260.19,normal,0,valid,-14.6dB,-14.9dB,na,na,,,,
2025-07-30 13:41:28.956041,PHY,0x4601,1,0,na,"[0,",0,0,1,369.7,+11.4dB,18.9us,"[0,",1,261.8,normal,0,valid,-14.6dB,-14.9dB,na,na,,,,
2025-07-30 13:41:28.956531,PHY,0x4601,1,0,na,"[0,",0,0,1,372.7,+11.5dB,16.5us,"[0,",1,261.9,normal,0,valid,-14.7dB,-15.0dB,na,na,,,,
2025-07-30 13:41:28.960075,PHY,0x4601,2,,na,"[0,",,,11111,,+29.3dB,15.6us,"[0,",1,261.17,normal,0,valid,-11.8dB,-12.0dB,0.37us,+105.4Hz,,"[6,",,1
2025-07-30 13:41:28.960986,PHY,0x4601,1,0,na,"[0,",0,0,1,374.1,+11.5dB,16.6us,"[0,",1,261.18,normal,0,valid,-14.6dB,-14.9dB,na,na,,,,
2025-07-30 13:41:28.961459,PHY,0x4601,1,0,na,"[0,",0,0,1,351.5,+11.2dB,14.0us,"[0,",1,261.19,normal,0,valid,-14.6dB,-14.9dB,na,na,,,,
2025-07-30 13:41:28.965592,CSI,0x4601,2,,na,"[0,",,,1,,+31.4dB,15.5us,"[0,",1,262.8,normal,0,valid,-11.8dB,-12.0dB,0.41us,-26.9Hz,,"[6,",1111,1
2025-07-30 13:41:28.966547,PHY,0x4601,1,0,na,"[0,",0,0,1,366.2,+11.4dB,17.9us,"[0,",1,262.9,normal,0,valid,-14.7dB,-15.0dB,na,na,,,,
2025-07-30 13:41:28.970092,PHY,0x4601,2,,na,"[0,",,,11111,,+30.0dB,13.4us,"[0,",1,262.17,normal,0,valid,-11.9dB,-12.0dB,0.40us,+8.5Hz,,"[6,",,1
2025-07-30 13:41:28.971021,PHY,0x4601,1,0,na,"[0,",0,0,1,329.0,+10.9dB,16.9us,"[0,",1,262.18,normal,0,valid,-14.6dB,-15.0dB,na,na,,,,
2025-07-30 13:41:28.971501,PHY,0x4601,1,0,na,"[0,",0,0,1,311.6,+10.7dB,14.7us,"[0,",1,262.19,normal,0,valid,-14.6dB,-15.0dB,na,na,,,,
2025-07-30 13:41:28.975999,PHY,0x4601,1,0,na,"[0,",0,0,1,387.4,+11.6dB,26.0us,"[0,",1,263.8,normal,0,valid,-14.6dB,-14.9dB,na,na,,,,
2025-07-30 13:41:28.976457,PHY,0x4601,1,0,na,"[0,",0,0,1,376.1,+11.5dB,16.5us,"[0,",1,263.9,normal,0,valid,-14.6dB,-14.9dB,na,na,,,,
2025-07-30 13:41:28.980130,PHY,0x4601,2,,na,"[0,",,,11111,,+29.2dB,17.5us,"[0,",1,263.17,normal,0,valid,-11.8dB,-12.0dB,0.38us,+33.2Hz,,"[6,",,1
2025-07-30 13:41:28.980949,PHY,0x4601,1,0,na,"[0,",0,0,1,310.3,+10.7dB,17.5us,"[0,",1,263.18,normal,0,valid,-14.7dB,-15.0dB,na,na,,,,
2025-07-30 13:41:28.981548,PHY,0x4601,1,0,na,"[0,",0,0,1,306.5,+10.6dB,18.3us,"[0,",1,263.19,normal,0,valid,-14.7dB,-15.0dB,na,na,,,,
2025-07-30 13:41:28.985648,CSI,0x4601,2,,na,"[0,",,,1,,+28.9dB,11.8us,"[0,",1,264.8,normal,0,valid,-11.8dB,-11.9dB,0.43us,-21.2Hz,,"[6,",1111,1
2025-07-30 13:41:28.986487,PHY,0x4601,1,0,na,"[0,",0,0,1,372.1,+11.4dB,16.0us,"[0,",1,264.9,normal,0,valid,-14.6dB,-14.9dB,na,na,,,,
2025-07-30 13:41:28.990059,PHY,0x4601,2,,na,"[0,",,,11111,,+29.9dB,14.1us,"[0,",1,264.17,normal,0,valid,-11.9dB,-12.1dB,0.40us,-91.0Hz,,"[6,",,1
2025-07-30 13:41:28.990978,PHY,0x4601,1,0,na,"[0,",0,0,1,323.4,+10.8dB,15.9us,"[0,",1,264.18,normal,0,valid,-14.6dB,-15.0dB,na,na,,,,
2025-07-30 13:41:28.991453,PHY,0x4601,1,0,na,"[0,",0,0,1,313.0,+10.7dB,13.8us,"[0,",1,264.19,normal,0,valid,-14.7dB,-15.0dB,na,na,,,,
2025-07-30 13:41:28.995940,PHY,0x4601,1,0,na,"[0,",0,0,1,386.1,+11.6dB,17.0us,"[0,",1,265.8,normal,0,valid,-14.6dB,-15.0dB,na,na,,,,
2025-07-30 13:41:28.996538,PHY,0x4601,1,0,na,"[0,",0,0,1,391.0,+11.6dB,16.3us,"[0,",1,265.9,normal,0,valid,-14.6dB,-14.9dB,na,na,,,,
2025-07-30 13:41:29.000100,PHY,0x4601,2,,na,"[0,",,,11111,,+30.0dB,15.3us,"[0,",1,265.17,normal,0,valid,-11.8dB,-12.0dB,0.38us,+113.7Hz,,"[6,",,1
2025-07-30 13:41:29.001019,PHY,0x4601,1,0,na,"[0,",0,0,1,354.1,+11.2dB,16.6us,"[0,",1,265.18,normal,0,valid,-14.7dB,-15.0dB,na,na,,,,
2025-07-30 13:41:29.001484,PHY,0x4601,1,0,na,"[0,",0,0,1,363.3,+11.3dB,16.0us,"[0,",1,265.19,normal,0,valid,-14.6dB,-15.0dB,na,na,,,,
2025-07-30 13:41:29.005620,CSI,0x4601,2,,na,"[0,",,,1,,+30.0dB,19.3us,"[0,",1,266.8,normal,0,valid,-11.7dB,-11.9dB,0.39us,-40.9Hz,,"[6,",1111,1
2025-07-30 13:41:29.006446,PHY,0x4601,1,0,na,"[0,",0,0,1,376.0,+11.5dB,17.2us,"[0,",1,266.9,normal,0,valid,-14.7dB,-14.9dB,na,na,,,,
2025-07-30 13:41:29.010123,PHY,0x4601,2,,na,"[0,",,,11111,,+29.9dB,18.0us,"[0,",1,266.17,normal,0,valid,-11.9dB,-12.0dB,0.38us,-159.0Hz,,"[6,",,1
2025-07-30 13:41:29.011060,PHY,0x4601,1,0,na,"[0,",0,0,1,355.7,+11.2dB,18.8us,"[0,",1,266.18,normal,0,valid,-14.6dB,-15.0dB,na,na,,,,
2025-07-30 13:41:29.011510,PHY,0x4601,1,0,na,"[0,",0,0,1,359.0,+11.3dB,16.1us,"[0,",1,266.19,normal,0,valid,-14.6dB,-14.9dB,na,na,,,,
2025-07-30 13:41:29.016012,PHY,0x4601,1,0,na,"[0,",0,0,1,362.1,+11.4dB,18.8us,"[0,",1,267.8,normal,0,valid,-14.6dB,-14.9dB,na,na,,,,
2025-07-30 13:41:29.016483,PHY,0x4601,1,0,na,"[0,",0,0,1,369.8,+11.4dB,27.2us,"[0,",1,267.9,normal,0,valid,-14.6dB,-14.9dB,na,na,,,,
2025-07-30 13:41:29.020039,PHY,0x4601,2,,na,"[0,",,,11111,,+29.5dB,15.1us,"[0,",1,267.17,normal,0,valid,-12.0dB,-12.1dB,0.39us,+149.0Hz,,"[6,",,1
2025-07-30 13:41:29.020956,PHY,0x4601,1,0,na,"[0,",0,0,1,322.0,+10.9dB,17.9us,"[0,",1,267.18,normal,0,valid,-14.7dB,-15.0dB,na,na,,,,
2025-07-30 13:41:29.021438,PHY,0x4601,1,0,na,"[0,",0,0,1,316.0,+10.8dB,16.6us,"[0,",1,267.19,normal,0,valid,-14.6dB,-15.0dB,na,na,,,,
2025-07-30 13:41:29.025595,CSI,0x4601,2,,na,"[0,",,,1,,+28.5dB,14.7us,"[0,",1,268.8,normal,0,valid,-11.7dB,-11.8dB,0.38us,-84.2Hz,,"[6,",1111,1
2025-07-30 13:41:29.026504,PHY,0x4601,1,0,na,"[0,",0,0,1,313.6,+10.7dB,17.2us,"[0,",1,268.9,normal,0,valid,-14.7dB,-15.0dB,na,na,,,,
2025-07-30 13:41:29.030071,PHY,0x4601,2,,na,"[0,",,,11111,,+33.0dB,17.0us,"[0,",1,268.17,normal,0,valid,-11.9dB,-12.0dB,0.37us,+76.0Hz,,"[6,",,1
2025-07-30 13:41:29.030997,PHY,0x4601,1,0,na,"[0,",0,0,1,365.7,+11.4dB,22.0us,"[0,",1,268.18,normal,0,valid,-14.6dB,-14.9dB,na,na,,,,
2025-07-30 13:41:29.031469,PHY,0x4601,1,0,na,"[0,",0,0,1,371.1,+11.4dB,15.9us,"[0,",1,268.19,normal,0,valid,-14.6dB,-14.9dB,na,na,,,,
2025-07-30 13:41:29.035965,PHY,0x4601,1,0,na,"[0,",0,0,1,364.0,+11.3dB,19.2us,"[0,",1,269.8,normal,0,valid,-14.7dB,-15.0dB,na,na,,,,
2025-07-30 13:41:29.036564,PHY,0x4601,1,0,na,"[0,",0,0,1,357.9,+11.3dB,16.5us,"[0,",1,269.9,normal,0,valid,-14.6dB,-14.9dB,na,na,,,,
2025-07-30 13:41:29.040129,PHY,0x4601,2,,na,"[0,",,,11111,,+28.7dB,19.4us,"[0,",1,269.17,normal,0,valid,-11.9dB,-12.0dB,0.39us,-87.9Hz,,"[6,",,1
2025-07-30 13:41:29.041052,PHY,0x4601,1,0,na,"[0,",0,0,1,361.8,+11.3dB,18.1us,"[0,",1,269.18,normal,0,valid,-14.6dB,-14.9dB,na,na,,,,
2025-07-30 13:41:29.041503,PHY,0x4601,1,0,na,"[0,",0,0,1,377.4,+11.5dB,16.9us,"[0,",1,269.19,normal,0,valid,-14.6dB,-14.9dB,na,na,,,,
2025-07-30 13:41:29.045649,CSI,0x4601,2,,na,"[0,",,,1,,+30.2dB,16.7us,"[0,",1,270.8,normal,0,valid,-11.8dB,-11.9dB,0.39us,-66.5Hz,,"[6,",1111,1
2025-07-30 13:41:29.046466,PHY,0x4601,1,0,na,"[0,",0,0,1,314.4,+10.7dB,23.2us,"[0,",1,270.9,normal,0,valid,-14.6dB,-15.0dB,na,na,,,,
2025-07-30 13:41:29.050130,PHY,0x4601,2,,na,"[0,",,,11111,,+29.0dB,18.2us,"[0,",1,270.17,normal,0,valid,-11.8dB,-12.0dB,0.41us,-14.8Hz,,"[6,",,1
2025-07-30 13:41:29.050956,PHY,0x4601,1,0,na,"[0,",0,0,1,365.3,+11.4dB,17.1us,"[0,",1,270.18,normal,0,valid,-14.6dB,-14.9dB,na,na,,,,
2025-07-30 13:41:29.051554,PHY,0x4601,1,0,na,"[0,",0,0,1,364.5,+11.4dB,16.9us,"[0,",1,270.19,normal,0,valid,-14.7dB,-15.0dB,na,na,,,,
2025-07-30 13:41:29.056047,PHY,0x4601,1,0,na,"[0,",0,0,1,370.7,+11.4dB,20.0us,"[0,",1,271.8,normal,0,valid,-14.6dB,-14.9dB,na,na,,,,
2025-07-30 13:41:29.056514,PHY,0x4601,1,0,na,"[0,",0,0,1,362.9,+11.3dB,16.7us,"[0,",1,271.9,normal,0,valid,-14.6dB,-15.0dB,na,na,,,,
2025-07-30 13:41:29.060037,PHY,0x4601,2,,na,"[0,",,,11111,,+29.7dB,18.2us,"[0,",1,271.17,normal,0,valid,-11.8dB,-12.0dB,0.36us,-5.1Hz,,"[6,",,1
2025-07-30 13:41:29.060982,PHY,0x4601,1,0,na,"[0,",0,0,1,370.6,+11.4dB,17.0us,"[0,",1,271.18,normal,0,valid,-14.6dB,-15.0dB,na,na,,,,
2025-07-30 13:41:29.061459,PHY,0x4601,1,0,na,"[0,",0,0,1,368.0,+11.4dB,20.4us,"[0,",1,271.19,normal,0,valid,-14.7dB,-15.0dB,na,na,,,,
2025-07-30 13:41:29.065592,CSI,0x4601,2,,na,"[0,",,,1,,+32.3dB,18.1us,"[0,",1,272.8,normal,0,valid,-11.8dB,-11.9dB,0.39us,+53.4Hz,,"[6,",1111,1
2025-07-30 13:41:29.066546,PHY,0x4601,1,0,na,"[0,",0,0,1,366.6,+11.4dB,16.4us,"[0,",1,272.9,normal,0,valid,-14.6dB,-14.9dB,na,na,,,,
2025-07-30 13:41:29.070082,PHY,0x4601,2,,na,"[0,",,,11111,,+30.6dB,15.2us,"[0,",1,272.17,normal,0,valid,-11.9dB,-12.0dB,0.41us,+4.4Hz,,"[6,",,1
2025-07-30 13:41:29.071038,PHY,0x4601,1,0,na,"[0,",0,0,1,381.5,+11.5dB,17.1us,"[0,",1,272.18,normal,0,valid,-14.7dB,-15.0dB,na,na,,,,
2025-07-30 13:41:29.071480,PHY,0x4601,1,0,na,"[0,",0,0,1,364.8,+11.4dB,14.6us,"[0,",1,272.19,normal,0,valid,-14.6dB,-14.9dB,na,na,,,,
2025-07-30 13:41:29.075979,PHY,0x4601,1,0,na,"[0,",0,0,1,379.1,+11.5dB,22.4us,"[0,",1,273.8,normal,0,valid,-14.6dB,-14.9dB,na,na,,,,
2025-07-30 13:41:29.076444,PHY,0x4601,1,0,na,"[0,",0,0,1,365.7,+11.4dB,14.0us,"[0,",1,273.9,normal,0,valid,-14.7dB,-15.0dB,na,na,,,,
2025-07-30 13:41:29.080119,PHY,0x4601,2,,na,"[0,",,,11111,,+27.5dB,15.3us,"[0,",1,273.17,normal,0,valid,-12.0dB,-12.1dB,0.40us,-25.1Hz,,"[6,",,1
2025-07-30 13:41:29.080954,PHY,0x4601,1,0,na,"[0,",0,0,1,375.1,+11.5dB,16.9us,"[0,",1,273.18,normal,0,valid,-14.6dB,-14.9dB,na,na,,,,
2025-07-30 13:41:29.081569,PHY,0x4601,1,0,na,"[0,",0,0,1,370.5,+11.4dB,22.8us,"[0,",1,273.19,normal,0,valid,-14.7dB,-15.0dB,na,na,,,,
2025-07-30 13:41:29.085611,CSI,0x4601,2,,na,"[0,",,,1,,+30.9dB,11.8us,"[0,",1,274.8,normal,0,valid,-11.8dB,-12.0dB,0.40us,+2.6Hz,,"[6,",1111,1
2025-07-30 13:41:29.086492,PHY,0x4601,1,0,na,"[0,",0,0,1,356.9,+11.3dB,16.5us,"[0,",1,274.9,normal,0,valid,-14.6dB,-14.9dB,na,na,,,,
2025-07-30 13:41:29.090026,PHY,0x4601,2,,na,"[0,",,,11111,,+31.0dB,16.1us,"[0,",1,274.17,normal,0,valid,-11.8dB,-11.9dB,0.41us,-1.1Hz,,"[6,",,1
2025-07-30 13:41:29.090968,PHY,0x4601,1,0,na,"[0,",0,0,1,351.9,+11.2dB,18.4us,"[0,",1,274.18,normal,0,valid,-14.6dB,-15.0dB,na,na,,,,
2025-07-30 13:41:29.091450,PHY,0x4601,1,0,na,"[0,",0,0,1,366.2,+11.4dB,14.8us,"[0,",1,274.19,normal,0,valid,-14.6dB,-14.9dB,na,na,,,,
2025-07-30 13:41:29.096043,PHY,0x4601,1,0,na,"[0,",0,0,1,374.7,+11.5dB,17.0us,"[0,",1,275.8,normal,0,valid,-14.6dB,-14.9dB,na,na,,,,
2025-07-30 13:41:29.096553,PHY,0x4601,1,0,na,"[0,",0,0,1,368.7,+11.4dB,15.5us,"[0,",1,275.9,normal,0,valid,-14.6dB,-14.9dB,na,na,,,,
2025-07-30 13:41:29.100092,PHY,0x4601,2,,na,"[0,",,,11111,,+29.3dB,16.8us,"[0,",1,275.17,normal,0,valid,-11.9dB,-12.1dB,0.39us,+49.1Hz,,"[6,",,1
2025-07-30 13:41:29.101033,PHY,0x4601,1,0,na,"[0,",0,0,1,368.0,+11.4dB,15.7us,"[0,",1,275.18,normal,0,valid,-14.7dB,-14.9dB,na,na,,,,
2025-07-30 13:41:29.101476,PHY,0x4601,1,0,na,"[0,",0,0,1,354.2,+11.2dB,14.0us,"[0,",1,275.19,normal,0,valid,-14.6dB,-14.9dB,na,na,,,,
2025-07-30 13:41:29.105625,CSI,0x4601,2,,na,"[0,",,,1,,+31.2dB,12.5us,"[0,",1,276.8,normal,0,valid,-11.9dB,-12.0dB,0.40us,-3.5Hz,,"[6,",1111,1
2025-07-30 13:41:29.106449,PHY,0x4601,1,0,na,"[0,",0,0,1,379.2,+11.5dB,18.6us,"[0,",1,276.9,normal,0,valid,-14.7dB,-15.0dB,na,na,,,,
2025-07-30 13:41:29.110101,PHY,0x4601,2,,na,"[0,",,,11111,,+30.4dB,15.1us,"[0,",1,276.17,normal,0,valid,-11.8dB,-11.9dB,0.37us,+0.9Hz,,"[6,",,1
2025-07-30 13:41:29.111037,PHY,0x4601,1,0,na,"[0,",0,0,1,360.3,+11.3dB,21.9us,"[0,",1,276.18,normal,0,valid,-14.6dB,-15.0dB,na,na,,,,
2025-07-30 13:41:29.111544,PHY,0x4601,1,0,na,"[0,",0,0,1,372.1,+11.4dB,14.1us,"[0,",1,276.19,normal,0,valid,-14.7dB,-15.0dB,na,na,,,,
2025-07-30 13:41:29.116030,PHY,0x4601,1,0,na,"[0,",0,0,1,2916.7,+20.4dB,16.2us,"[0,",1,277.8,normal,0,valid,-14.6dB,-14.7dB,na,na,,,,
2025-07-30 13:41:29.116486,PHY,0x4601,1,0,na,"[0,",0,0,1,2958.6,+20.5dB,28.8us,"[0,",1,277.9,normal,0,valid,-14.6dB,-14.7dB,na,na,,,,
2025-07-30 13:41:29.120011,PHY,0x4601,2,,na,"[0,",,,11111,,+28.9dB,14.9us,"[0,",1,277.17,normal,0,valid,-11.9dB,-11.9dB,0.13us,+18.7Hz,,"[6,",,1
2025-07-30 13:41:29.120953,PHY,0x4601,1,0,na,"[0,",0,0,1,2806.2,+20.2dB,19.3us,"[0,",1,277.18,normal,0,valid,-14.6dB,-14.7dB,na,na,,,,
2025-07-30 13:41:29.121535,PHY,0x4601,1,0,na,"[0,",0,0,1,2793.2,+20.2dB,20.1us,"[0,",1,277.19,normal,0,valid,-14.7dB,-14.7dB,na,na,,,,
2025-07-30 13:41:29.125570,CSI,0x4601,2,,na,"[0,",,,1,,+32.4dB,16.8us,"[0,",1,278.8,normal,0,valid,-11.7dB,-11.8dB,0.12us,-14.8Hz,,"[6,",1111,1
2025-07-30 13:41:29.126546,PHY,0x4601,1,0,na,"[0,",0,0,1,2839.6,+20.2dB,21.9us,"[0,",1,278.9,normal,0,valid,-14.6dB,-14.7dB,na,na,,,,
2025-07-30 13:41:29.130049,PHY,0x4601,2,,na,"[0,",,,11111,,+34.3dB,14.2us,"[0,",1,278.17,normal,0,valid,-11.8dB,-11.8dB,0.14us,+119.9Hz,,"[6,",,1
2025-07-30 13:41:29.131035,PHY,0x4601,1,0,na,"[0,",0,0,1,1837.3,+18.4dB,17.0us,"[0,",1,278.18,normal,0,valid,-14.6dB,-14.7dB,na,na,,,,
2025-07-30 13:41:29.131457,PHY,0x4601,1,0,na,"[0,",0,0,1,2004.3,+18.8dB,15.9us,"[0,",1,278.19,normal,0,valid,-14.6dB,-14.7dB,na,na,,,,
2025-07-30 13:41:29.135949,PHY,0x4601,1,0,na,"[0,",0,0,1,2780.9,+20.2dB,17.3us,"[0,",1,279.8,normal,0,valid,-14.6dB,-14.7dB,na,na,,,,
2025-07-30 13:41:29.136535,PHY,0x4601,1,0,na,"[0,",0,0,1,2769.5,+20.1dB,17.5us,"[0,",1,279.9,normal,0,valid,-14.6dB,-14.7dB,na,na,,,,
2025-07-30 13:41:29.140087,PHY,0x4601,2,,na,"[0,",,,11111,,+33.6dB,17.4us,"[0,",1,279.17,normal,0,valid,-11.9dB,-11.9dB,0.13us,+5.7Hz,,"[6,",,1
2025-07-30 13:41:29.141021,PHY,0x4601,1,0,na,"[0,",0,0,1,2824.7,+20.2dB,20.1us,"[0,",1,279.18,normal,0,valid,-14.6dB,-14.7dB,na,na,,,,
2025-07-30 13:41:29.141530,PHY,0x4601,1,0,na,"[0,",0,0,1,2716.5,+20.1dB,15.1us,"[0,",1,279.19,normal,0,valid,-14.6dB,-14.7dB,na,na,,,,
2025-07-30 13:41:29.145586,CSI,0x4601,2,,na,"[0,",,,1,,+31.5dB,12.2us,"[0,",1,280.8,normal,0,valid,-11.8dB,-11.8dB,0.13us,-35.9Hz,,"[6,",1111,1
2025-07-30 13:41:29.146460,PHY,0x4601,1,0,na,"[0,",0,0,1,2574.3,+19.9dB,18.9us,"[0,",1,280.9,normal,0,valid,-14.7dB,-14.7dB,na,na,,,,
2025-07-30 13:41:29.150149,PHY,0x4601,2,,na,"[0,",,,11111,,+33.6dB,16.7us,"[0,",1,280.17,normal,0,valid,-11.9dB,-11.9dB,0.14us,+202.1Hz,,"[6,",,1
2025-07-30 13:41:29.150944,PHY,0x4601,1,0,na,"[0,",0,0,1,2536.5,+19.8dB,16.5us,"[0,",1,280.18,normal,0,valid,-14.7dB,-14.7dB,na,na,,,,
2025-07-30 13:41:29.151526,PHY,0x4601,1,0,na,"[0,",0,0,1,2907.3,+20.4dB,15.0us,"[0,",1,280.19,normal,0,valid,-14.6dB,-14.7dB,na,na,,,,
2025-07-30 13:41:29.156014,PHY,0x4601,1,0,na,"[0,",0,0,1,371.2,+11.4dB,16.5us,"[0,",1,281.8,normal,0,valid,-14.7dB,-15.0dB,na,na,,,,
2025-07-30 13:41:29.156541,PHY,0x4601,1,0,na,"[0,",0,0,1,373.7,+11.5dB,14.7us,"[0,",1,281.9,normal,0,valid,-14.6dB,-14.9dB,na,na,,,,
2025-07-30 13:41:29.160038,PHY,0x4601,2,,na,"[0,",,,11111,,+28.6dB,14.9us,"[0,",1,281.17,normal,0,valid,-11.9dB,-12.1dB,0.38us,-20.6Hz,,"[6,",,1
2025-07-30 13:41:29.161025,PHY,0x4601,1,0,na,"[0,",0,0,1,311.8,+10.7dB,18.0us,"[0,",1,281.18,normal,0,valid,-14.6dB,-15.0dB,na,na,,,,
2025-07-30 13:41:29.161446,PHY,0x4601,1,0,na,"[0,",0,0,1,325.0,+10.9dB,14.1us,"[0,",1,281.19,normal,0,valid,-14.7dB,-15.0dB,na,na,,,,
2025-07-30 13:41:29.165597,CSI,0x4601,2,,na,"[0,",,,1,,+31.9dB,12.9us,"[0,",1,282.8,normal,0,valid,-11.8dB,-11.9dB,0.37us,-18.6Hz,,"[6,",1111,1
2025-07-30 13:41:29.166514,PHY,0x4601,1,0,na,"[0,",0,0,1,431.4,+12.1dB,15.8us,"[0,",1,282.9,normal,0,valid,-14.7dB,-14.9dB,na,na,,,,
2025-07-30 13:41:29.170088,PHY,0x4601,2,,na,"[0,",,,11111,,+31.9dB,16.7us,"[0,",1,282.17,normal,0,valid,-11.8dB,-11.9dB,0.40us,+79.9Hz,,"[6,",,1
2025-07-30 13:41:29.171021,PHY,0x4601,1,0,na,"[0,",0,0,1,354.8,+11.2dB,17.7us,"[0,",1,282.18,normal,0,valid,-14.6dB,-15.0dB,na,na,,,,
2025-07-30 13:41:29.171525,PHY,0x4601,1,0,na,"[0,",0,0,1,370.3,+11.4dB,22.4us,"[0,",1,282.19,normal,0,valid,-14.6dB,-14.9dB,na,na,,,,
2025-07-30 13:41:29.175984,PHY,0x4601,1,0,na,"[0,",0,0,1,369.5,+11.4dB,18.3us,"[0,",1,283.8,normal,0,valid,-14.6dB,-15.0dB,na,na,,,,
2025-07-30 13:41:29.176453,PHY,0x4601,1,0,na,"[0,",0,0,1,368.0,+11.4dB,16.3us,"[0,",1,283.9,normal,0,valid,-14.6dB,-14.9dB,na,na,,,,
2025-07-30 13:41:29.180111,PHY,0x4601,2,,na,"[0,",,,11111,,+29.5dB,15.7us,"[0,",1,283.17,normal,0,valid,-11.8dB,-11.9dB,0.40us,+50.6Hz,,"[6,",,1
2025-07-30 13:41:29.181051,PHY,0x4601,1,0,na,"[0,",0,0,1,428.2,+12.1dB,22.4us,"[0,",1,283.18,normal,0,valid,-14.6dB,-14.9dB,na,na,,,,
2025-07-30 13:41:29.181512,PHY,0x4601,1,0,na,"[0,",0,0,1,453.1,+12.3dB,15.8us,"[0,",1,283.19,normal,0,valid,-14.6dB,-14.9dB,na,na,,,,
2025-07-30 13:41:29.185627,CSI,0x4601,2,,na,"[0,",,,1,,+31.8dB,11.9us,"[0,",1,284.8,normal,0,valid,-11.8dB,-11.9dB,0.39us,+9.1Hz,,"[6,",1111,1
2025-07-30 13:41:29.186526,PHY,0x4601,1,0,na,"[0,",0,0,1,431.3,+12.1dB,18.0us,"[0,",1,284.9,normal,0,valid,-14.6dB,-14.9dB,na,na,,,,
2025-07-30 13:41:29.190018,PHY,0x4601,2,,na,"[0,",,,11111,,+28.7dB,18.0us,"[0,",1,284.17,normal,0,valid,-11.8dB,-11.9dB,0.41us,+25.7Hz,,"[6,",,1
2025-07-30 13:41:29.190965,PHY,0x4601,1,0,na,"[0,",0,0,1,449.9,+12.3dB,16.1us,"[0,",1,284.18,normal,0,valid,-14.6dB,-14.9dB,na,na,,,,
2025-07-30 13:41:29.191454,PHY,0x4601,1,0,na,"[0,",0,0,1,433.4,+12.1dB,16.4us,"[0,",1,284.19,normal,0,valid,-14.6dB,-14.9dB,na,na,,,,
2025-07-30 13:41:29.196045,PHY,0x4601,1,0,na,"[0,",0,0,1,369.0,+11.4dB,21.2us,"[0,",1,285.8,normal,0,valid,-14.7dB,-15.0dB,na,na,,,,
2025-07-30 13:41:29.196525,PHY,0x4601,1,0,na,"[0,",0,0,1,352.0,+11.2dB,22.0us,"[0,",1,285.9,normal,0,valid,-14.7dB,-15.0dB,na,na,,,,
2025-07-30 13:41:29.200077,PHY,0x4601,2,,na,"[0,",,,11111,,+29.1dB,16.7us,"[0,",1,285.17,normal,0,valid,-11.8dB,-12.0dB,0.38us,+75.3Hz,,"[6,",,1
2025-07-30 13:41:29.200997,PHY,0x4601,1,0,na,"[0,",0,0,1,428.2,+12.0dB,16.1us,"[0,",1,285.18,normal,0,valid,-14.6dB,-14.9dB,na,na,,,,
2025-07-30 13:41:29.201512,PHY,0x4601,1,0,na,"[0,",0,0,1,416.7,+11.9dB,14.6us,"[0,",1,285.19,normal,0,valid,-14.6dB,-14.9dB,na,na,,,,
2025-07-30 13:41:29.205604,CSI,0x4601,2,,na,"[0,",,,1,,+28.5dB,13.0us,"[0,",1,286.8,normal,0,valid,-11.7dB,-11.9dB,0.39us,+24.8Hz,,"[6,",1111,1
2025-07-30 13:41:29.206548,PHY,0x4601,1,0,na,"[0,",0,0,1,371.2,+11.4dB,17.4us,"[0,",1,286.9,normal,0,valid,-14.6dB,-14.9dB,na,na,,,,
2025-07-30 13:41:29.210126,PHY,0x4601,2,,na,"[0,",,,11111,,+30.5dB,14.8us,"[0,",1,286.17,normal,0,valid,-11.9dB,-12.1dB,0.40us,-56.2Hz,,"[6,",,1
2025-07-30 13:41:29.211032,PHY,0x4601,1,0,na,"[0,",0,0,1,374.4,+11.5dB,15.7us,"[0,",1,286.18,normal,0,valid,-14.7dB,-15.0dB,na,na,,,,
2025-07-30 13:41:29.211502,PHY,0x4601,1,0,na,"[0,",0,0,1,368.7,+11.4dB,16.4us,"[0,",1,286.19,normal,0,valid,-14.6dB,-14.9dB,na,na,,,,
2025-07-30 13:41:29.215993,PHY,0x4601,1,0,na,"[0,",0,0,1,374.4,+11.5dB,16.4us,"[0,",1,287.8,normal,0,valid,-14.7dB,-15.0dB,na,na,,,,
2025-07-30 13:41:29.216458,PHY,0x4601,1,0,na,"[0,",0,0,1,362.8,+11.4dB,16.2us,"[0,",1,287.9,normal,0,valid,-14.7dB,-15.0dB,na,na,,,,
2025-07-30 13:41:29.220127,PHY,0x4601,2,,na,"[0,",,,11111,,+30.0dB,17.7us,"[0,",1,287.17,normal,0,valid,-11.9dB,-12.0dB,0.37us,-2.8Hz,,"[6,",,1
2025-07-30 13:41:29.220950,PHY,0x4601,1,0,na,"[0,",0,0,1,361.8,+11.3dB,16.0us,"[0,",1,287.18,normal,0,valid,-14.6dB,-15.0dB,na,na,,,,
2025-07-30 13:41:29.221537,PHY,0x4601,1,0,na,"[0,",0,0,1,374.6,+11.5dB,13.9us,"[0,",1,287.19,normal,0,valid,-14.7dB,-15.0dB,na,na,,,,
2025-07-30 13:41:29.225576,CSI,0x4601,2,,na,"[0,",,,1,,+30.2dB,14.2us,"[0,",1,288.8,normal,0,valid,-11.8dB,-12.0dB,0.41us,+4.7Hz,,"[6,",1111,1
2025-07-30 13:41:29.226514,PHY,0x4601,1,0,na,"[0,",0,0,1,376.3,+11.5dB,22.6us,"[0,",1,288.9,normal,0,valid,-14.6dB,-14.9dB,na,na,,,,
2025-07-30 13:41:29.230065,PHY,0x4601,2,,na,"[0,",,,11111,,+30.8dB,14.0us,"[0,",1,288.17,normal,0,valid,-12.0dB,-12.1dB,0.39us,+14.9Hz,,"[6,",,1
2025-07-30 13:41:29.230983,PHY,0x4601,1,0,na,"[0,",0,0,1,428.0,+12.0dB,17.5us,"[0,",1,288.18,normal,0,valid,-14.6dB,-14.9dB,na,na,,,,
2025-07-30 13:41:29.231450,PHY,0x4601,1,0,na,"[0,",0,0,1,433.6,+12.1dB,13.4us,"[0,",1,288.19,normal,0,valid,-14.6dB,-14.9dB,na,na,,,,
2025-07-30 13:41:29.235951,PHY,0x4601,1,0,na,"[0,",0,0,1,2433.5,+19.6dB,16.6us,"[0,",1,289.8,normal,0,valid,-14.6dB,-14.7dB,na,na,,,,
2025-07-30 13:41:29.236541,PHY,0x4601,1,0,na,"[0,",0,0,1,2713.2,+20.1dB,14.0us,"[0,",1,289.9,normal,0,valid,-14.6dB,-14.7dB,na,na,,,,
2025-07-30 13:41:29.240103,PHY,0x4601,2,,na,"[0,",,,11111,,+35.6dB,16.3us,"[0,",1,289.17,normal,0,valid,-11.8dB,-11.8dB,0.13us,+98.4Hz,,"[6,",,1
2025-07-30 13:41:29.241021,PHY,0x4601,1,0,na,"[0,",0,0,1,2567.7,+19.8dB,15.5us,"[0,",1,289.18,normal,0,valid,-14.6dB,-14.7dB,na,na,,,,
2025-07-30 13:41:29.241486,PHY,0x4601,1,0,na,"[0,",0,0,1,2638.6,+19.9dB,13.6us,"[0,",1,289.19,normal,0,valid,-14.7dB,-14.7dB,na,na,,,,
2025-07-30 13:41:29.245630,CSI,0x4601,2,,na,"[0,",,,1,,+31.5dB,16.3us,"[0,",1,290.8,normal,0,valid,-11.9dB,-11.9dB,0.13us,+5.1Hz,,"[6,",1111,1
2025-07-30 13:41:29.246458,PHY,0x4601,1,0,na,"[0,",0,0,1,4827.1,+22.5dB,16.0us,"[0,",1,290.9,normal,0,valid,-14.7dB,-14.7dB,na,na,,,,
2025-07-30 13:41:29.250111,PHY,0x4601,2,,na,"[0,",,,11111,,+31.3dB,18.7us,"[0,",1,290.17,normal,0,valid,-12.0dB,-12.0dB,0.14us,-62.8Hz,,"[6,",,1
2025-07-30 13:41:29.250955,PHY,0x4601,1,0,na,"[0,",0,0,1,2850.3,+20.3dB,16.6us,"[0,",1,290.18,normal,0,valid,-14.7dB,-14.7dB,na,na,,,,
2025-07-30 13:41:29.251525,PHY,0x4601,1,0,na,"[0,",0,0,1,2543.5,+19.8dB,14.6us,"[0,",1,290.19,normal,0,valid,-14.6dB,-14.7dB,na,na,,,,
2025-07-30 13:41:29.256007,PHY,0x4601,1,0,na,"[0,",0,0,1,2826.6,+20.2dB,16.6us,"[0,",1,291.8,normal,0,valid,-14.7dB,-14.7dB,na,na,,,,
2025-07-30 13:41:29.256487,PHY,0x4601,1,0,na,"[0,",0,0,1,2563.8,+19.8dB,22.6us,"[0,",1,291.9,normal,0,valid,-14.6dB,-14.7dB,na,na,,,,
2025-07-30 13:41:29.260056,PHY,0x4601,2,,na,"[0,",,,11111,,+30.8dB,16.1us,"[0,",1,291.17,normal,0,valid,-11.9dB,-11.9dB,0.12us,+125.7Hz,,"[6,",,1
2025-07-30 13:41:29.260989,PHY,0x4601,1,0,na,"[0,",0,0,1,2870.1,+20.3dB,16.6us,"[0,",1,291.18,normal,0,valid,-14.6dB,-14.7dB,na,na,,,,
2025-07-30 13:41:29.261446,PHY,0x4601,1,0,na,"[0,",0,0,1,2906.5,+20.4dB,14.1us,"[0,",1,291.19,normal,0,valid,-14.7dB,-14.7dB,na,na,,,,
2025-07-30 13:41:29.265570,CSI,0x4601,2,,na,"[0,",,,1,,+34.8dB,12.8us,"[0,",1,292.8,normal,0,valid,-11.7dB,-11.7dB,0.14us,+16.4Hz,,"[6,",1111,1
2025-07-30 13:41:29.266542,PHY,0x4601,1,0,na,"[0,",0,0,1,2457.5,+19.6dB,21.5us,"[0,",1,292.9,normal,0,valid,-14.6dB,-14.7dB,na,na,,,,
2025-07-30 13:41:29.270085,PHY,0x4601,2,,na,"[0,",,,11111,,+30.9dB,15.0us,"[0,",1,292.17,normal,0,valid,-11.8dB,-11.8dB,0.12us,-42.1Hz,,"[6,",,1
2025-07-30 13:41:29.271005,PHY,0x4601,1,0,na,"[0,",0,0,1,2784.7,+20.2dB,16.5us,"[0,",1,292.18,normal,0,valid,-14.7dB,-14.7dB,na,na,,,,
2025-07-30 13:41:29.271481,PHY,0x4601,1,0,na,"[0,",0,0,1,2662.2,+20.0dB,14.8us,"[0,",1,292.19,normal,0,valid,-14.7dB,-14.7dB,na,na,,,,
2025-07-30 13:41:29.275964,PHY,0x4601,1,0,na,"[0,",0,0,1,2503.5,+19.7dB,18.3us,"[0,",1,293.8,normal,0,valid,-14.6dB,-14.7dB,na,na,,,,
2025-07-30 13:41:29.276440,PHY,0x4601,1,0,na,"[0,",0,0,1,2595.0,+19.9dB,14.4us,"[0,",1,293.9,normal,0,valid,-14.6dB,-14.7dB,na,na,,,,
2025-07-30 13:41:29.280115,PHY,0x4601,2,,na,"[0,",,,11111,,+32.2dB,14.9us,"[0,",1,293.17,normal,0,valid,-11.9dB,-11.9dB,0.12us,+9.0Hz,,"[6,",,1
2025-07-30 13:41:29.281058,PHY,0x4601,1,0,na,"[0,",0,0,1,4157.0,+21.9dB,16.1us,"[0,",1,293.18,normal,0,valid,-14.6dB,-14.6dB,na,na,,,,
2025-07-30 13:41:29.281510,PHY,0x4601,1,0,na,"[0,",0,0,1,4460.2,+22.2dB,14.1us,"[0,",1,293.19,normal,0,valid,-14.6dB,-14.7dB,na,na,,,,
2025-07-30 13:41:29.285629,CSI,0x4601,2,,na,"[0,",,,1,,+34.0dB,14.1us,"[0,",1,294.8,normal,0,valid,-11.8dB,-11.8dB,0.13us,+37.2Hz,,"[6,",1111,1
2025-07-30 13:41:29.286481,PHY,0x4601,1,0,na,"[0,",0,0,1,2716.9,+20.1dB,22.6us,"[0,",1,294.9,normal,0,valid,-14.7dB,-14.7dB,na,na,,,,
2025-07-30 13:41:29.290048,PHY,0x4601,2,,na,"[0,",,,11111,,+30.4dB,13.4us,"[0,",1,294.17,normal,0,valid,-11.9dB,-11.9dB,0.16us,-66.4Hz,,"[6,",,1
2025-07-30 13:41:29.290960,PHY,0x4601,1,0,na,"[0,",0,0,1,2575.2,+19.9dB,14.7us,"[0,",1,294.18,normal,0,valid,-14.6dB,-14.6dB,na,na,,,,
2025-07-30 13:41:29.291572,PHY,0x4601,1,0,na,"[0,",0,0,1,2777.8,+20.2dB,19.6us,"[0,",1,294.19,normal,0,valid,-14.7dB,-14.7dB,na,na,,,,
2025-07-30 13:41:29.296060,PHY,0x4601,1,0,na,"[0,",0,0,1,2571.8,+19.9dB,17.8us,"[0,",1,295.8,normal,0,valid,-14.6dB,-14.7dB,na,na,,,,
2025-07-30 13:41:29.296524,PHY,0x4601,1,0,na,"[0,",0,0,1,2914.9,+20.4dB,21.6us,"[0,",1,295.9,normal,0,valid,-14.6dB,-14.7dB,na,na,,,,
2025-07-30 13:41:29.300044,PHY,0x4601,2,,na,"[0,",,,11111,,+32.2dB,15.4us,"[0,",1,295.17,normal,0,valid,-11.9dB,-11.9dB,0.14us,+5.6Hz,,"[6,",,1
2025-07-30 13:41:29.301007,PHY,0x4601,1,0,na,"[0,",0,0,1,4148.9,+21.9dB,15.6us,"[0,",1,295.18,normal,0,valid,-14.6dB,-14.6dB,na,na,,,,
2025-07-30 13:41:29.301473,PHY,0x4601,1,0,na,"[0,",0,0,1,4214.4,+22.0dB,16.2us,"[0,",1,295.19,normal,0,valid,-14.6dB,-14.7dB,na,na,,,,
2025-07-30 13:41:29.305605,CSI,0x4601,2,,na,"[0,",,,1,,+32.1dB,15.4us,"[0,",1,296.8,normal,0,valid,-11.7dB,-11.7dB,0.13us,-10.2Hz,,"[6,",1111,1
2025-07-30 13:41:29.306564,PHY,0x4601,1,0,na,"[0,",0,0,1,2639.1,+19.9dB,16.9us,"[0,",1,296.9,normal,0,valid,-14.7dB,-14.8dB,na,na,,,,
2025-07-30 13:41:29.310116,PHY,0x4601,2,,na,"[0,",,,11111,,+32.2dB,15.3us,"[0,",1,296.17,normal,0,valid,-11.8dB,-11.8dB,0.12us,+31.7Hz,,"[6,",,1
2025-07-30 13:41:29.311052,PHY,0x4601,1,0,na,"[0,",0,0,1,2601.6,+19.9dB,16.0us,"[0,",1,296.18,normal,0,valid,-14.6dB,-14.7dB,na,na,,,,
2025-07-30 13:41:29.311499,PHY,0x4601,1,0,na,"[0,",0,0,1,2504.5,+19.7dB,17.1us,"[0,",1,296.19,normal,0,valid,-14.7dB,-14.7dB,na,na,,,,
2025-07-30 13:41:29.315978,PHY,0x4601,1,0,na,"[0,",0,0,1,2756.8,+20.1dB,17.1us,"[0,",1,297.8,normal,0,valid,-14.6dB,-14.7dB,na,na,,,,
2025-07-30 13:41:29.316458,PHY,0x4601,1,0,na,"[0,",0,0,1,2709.0,+20.1dB,14.7us,"[0,",1,297.9,normal,0,valid,-14.6dB,-14.7dB,na,na,,,,
2025-07-30 13:41:29.320151,PHY,0x4601,2,,na,"[0,",,,11111,,+30.4dB,19.9us,"[0,",1,297.17,normal,0,valid,-11.9dB,-12.0dB,0.13us,+81.4Hz,,"[6,",,1
2025-07-30 13:41:29.320951,PHY,0x4601,1,0,na,"[0,",0,0,1,3591.8,+21.2dB,15.8us,"[0,",1,297.18,normal,0,valid,-14.7dB,-14.7dB,na,na,,,,
2025-07-30 13:41:29.321566,PHY,0x4601,1,0,na,"[0,",0,0,1,3978.9,+21.7dB,14.6us,"[0,",1,297.19,normal,0,valid,-14.6dB,-14.7dB,na,na,,,,
2025-07-30 13:41:29.325626,CSI,0x4601,2,,na,"[0,",,,1,,+31.7dB,12.4us,"[0,",1,298.8,normal,0,valid,-11.8dB,-11.8dB,0.15us,-50.4Hz,,"[6,",1111,1
2025-07-30 13:41:29.326490,PHY,0x4601,1,0,na,"[0,",0,0,1,2557.8,+19.8dB,18.0us,"[0,",1,298.9,normal,0,valid,-14.6dB,-14.7dB,na,na,,,,
2025-07-30 13:41:29.330036,PHY,0x4601,2,,na,"[0,",,,11111,,+32.7dB,21.0us,"[0,",1,298.17,normal,0,valid,-11.8dB,-11.8dB,0.12us,+40.4Hz,,"[6,",,1
2025-07-30 13:41:29.330981,PHY,0x4601,1,0,na,"[0,",0,0,1,3964.2,+21.7dB,16.4us,"[0,",1,298.18,normal,0,valid,-14.7dB,-14.7dB,na,na,,,,
2025-07-30 13:41:29.331456,PHY,0x4601,1,0,na,"[0,",0,0,1,3884.0,+21.6dB,16.7us,"[0,",1,298.19,normal,0,valid,-14.6dB,-14.7dB,na,na,,,,
2025-07-30 13:41:29.335947,PHY,0x4601,1,0,na,"[0,",0,0,1,2670.4,+20.0dB,23.8us,"[0,",1,299.8,normal,0,valid,-14.6dB,-14.7dB,na,na,,,,
2025-07-30 13:41:29.336549,PHY,0x4601,1,0,na,"[0,",0,0,1,2373.6,+19.5dB,14.8us,"[0,",1,299.9,normal,0,valid,-14.6dB,-14.7dB,na,na,,,,
2025-07-30 13:41:29.340088,PHY,0x4601,2,,na,"[0,",,,11111,,+27.8dB,17.6us,"[0,",1,299.17,normal,0,valid,-11.8dB,-11.8dB,0.14us,+4.0Hz,,"[6,",,1
2025-07-30 13:41:29.341048,PHY,0x4601,1,0,na,"[0,",0,0,1,2550.8,+19.8dB,15.8us,"[0,",1,299.18,normal,0,valid,-14.7dB,-14.7dB,na,na,,,,
2025-07-30 13:41:29.341480,PHY,0x4601,1,0,na,"[0,",0,0,1,2416.5,+19.6dB,14.0us,"[0,",1,299.19,normal,0,valid,-14.7dB,-14.7dB,na,na,,,,
2025-07-30 13:41:29.345651,CSI,0x4601,2,,na,"[0,",,,1,,+32.7dB,24.4us,"[0,",1,300.8,normal,0,valid,-11.8dB,-11.8dB,0.15us,-12.7Hz,,"[6,",1111,1
2025-07-30 13:41:29.346460,PHY,0x4601,1,0,na,"[0,",0,0,1,2808.0,+20.2dB,17.0us,"[0,",1,300.9,normal,0,valid,-14.7dB,-14.7dB,na,na,,,,
2025-07-30 13:41:29.350109,PHY,0x4601,2,,na,"[0,",,,11111,,+29.4dB,15.3us,"[0,",1,300.17,normal,0,valid,-11.8dB,-11.9dB,0.15us,+26.9Hz,,"[6,",,1
2025-07-30 13:41:29.351045,PHY,0x4601,1,0,na,"[0,",0,0,1,4622.4,+22.4dB,18.2us,"[0,",1,300.18,normal,0,valid,-14.6dB,-14.7dB,na,na,,,,
2025-07-30 13:41:29.351546,PHY,0x4601,1,0,na,"[0,",0,0,1,4341.6,+22.1dB,16.6us,"[0,",1,300.19,normal,0,valid,-14.7dB,-14.7dB,na,na,,,,
2025-07-30 13:41:29.356044,PHY,0x4601,1,0,na,"[0,",0,0,1,2722.6,+20.1dB,18.0us,"[0,",1,301.8,normal,0,valid,-14.6dB,-14.7dB,na,na,,,,
2025-07-30 13:41:29.356491,PHY,0x4601,1,0,na,"[0,",0,0,1,2639.0,+20.0dB,24.5us,"[0,",1,301.9,normal,0,valid,-14.7dB,-14.7dB,na,na,,,,
2025-07-30 13:41:29.360018,PHY,0x4601,2,,na,"[0,",,,11111,,+31.4dB,14.7us,"[0,",1,301.17,normal,0,valid,-11.9dB,-12.0dB,0.14us,+146.4Hz,,"[6,",,1
2025-07-30 13:41:29.360954,PHY,0x4601,1,0,na,"[0,",0,0,1,2895.8,+20.4dB,16.0us,"[0,",1,301.18,normal,0,valid,-14.7dB,-14.7dB,na,na,,,,
2025-07-30 13:41:29.361442,PHY,0x4601,1,0,na,"[0,",0,0,1,2544.3,+19.8dB,14.2us,"[0,",1,301.19,normal,0,valid,-14.7dB,-14.7dB,na,na,,,,
2025-07-30 13:41:29.365567,CSI,0x4601,2,,na,"[0,",,,1,,+32.7dB,14.4us,"[0,",1,302.8,normal,0,valid,-11.8dB,-11.9dB,0.12us,+30.9Hz,,"[6,",1111,1
2025-07-30 13:41:29.366550,PHY,0x4601,1,0,na,"[0,",0,0,1,2428.2,+19.6dB,16.7us,"[0,",1,302.9,normal,0,valid,-14.7dB,-14.7dB,na,na,,,,
2025-07-30 13:41:29.370072,PHY,0x4601,2,,na,"[0,",,,11111,,+30.8dB,15.0us,"[0,",1,302.17,normal,0,valid,-12.0dB,-12.0dB,0.14us,+7.6Hz,,"[6,",,1
2025-07-30 13:41:29.371036,PHY,0x4601,1,0,na,"[0,",0,0,1,4044.3,+21.8dB,17.7us,"[0,",1,302.18,normal,0,valid,-14.6dB,-14.7dB,na,na,,,,
2025-07-30 13:41:29.371467,PHY,0x4601,1,0,na,"[0,",0,0,1,4643.7,+22.4dB,14.8us,"[0,",1,302.19,normal,0,valid,-14.7dB,-14.7dB,na,na,,,,
2025-07-30 13:41:29.375968,PHY,0x4601,1,0,na,"[0,",0,0,1,2628.7,+20.0dB,16.0us,"[0,",1,303.8,normal,0,valid,-14.6dB,-14.6dB,na,na,,,,
2025-07-30 13:41:29.376545,PHY,0x4601,1,0,na,"[0,",0,0,1,2726.1,+20.1dB,16.5us,"[0,",1,303.9,normal,0,valid,-14.7dB,-14.7dB,na,na,,,,
2025-07-30 13:41:29.380114,PHY,0x4601,2,,na,"[0,",,,11111,,+33.2dB,15.7us,"[0,",1,303.17,normal,0,valid,-11.9dB,-11.9dB,0.15us,+5.1Hz,,"[6,",,1
2025-07-30 13:41:29.381027,PHY,0x4601,1,0,na,"[0,",0,0,1,2557.6,+19.8dB,16.2us,"[0,",1,303.18,normal,0,valid,-14.7dB,-14.7dB,na,na,,,,
2025-07-30 13:41:29.381546,PHY,0x4601,1,0,na,"[0,",0,0,1,2561.6,+19.8dB,15.0us,"[0,",1,303.19,normal,0,valid,-14.7dB,-14.7dB,na,na,,,,
2025-07-30 13:41:29.385590,CSI,0x4601,2,,na,"[0,",,,1,,+33.9dB,12.4us,"[0,",1,304.8,normal,0,valid,-11.7dB,-11.7dB,0.13us,-5.0Hz,,"[6,",1111,1
2025-07-30 13:41:29.386461,PHY,0x4601,1,0,na,"[0,",0,0,1,2922.3,+20.4dB,16.8us,"[0,",1,304.9,normal,0,valid,-14.7dB,-14.7dB,na,na,,,,
2025-07-30 13:41:29.390127,PHY,0x4601,2,,na,"[0,",,,11111,,+31.5dB,15.5us,"[0,",1,304.17,normal,0,valid,-11.8dB,-11.8dB,0.11us,+9.6Hz,,"[6,",,1
2025-07-30 13:41:29.390954,PHY,0x4601,1,0,na,"[0,",0,0,1,4192.3,+22.0dB,22.9us,"[0,",1,304.18,normal,0,valid,-14.6dB,-14.7dB,na,na,,,,
2025-07-30 13:41:29.391537,PHY,0x4601,1,0,na,"[0,",0,0,1,4481.7,+22.3dB,15.3us,"[0,",1,304.19,normal,0,valid,-14.7dB,-14.7dB,na,na,,,,
2025-07-30 13:41:29.396017,PHY,0x4601,1,0,na,"[0,",0,0,1,2636.4,+20.0dB,16.1us,"[0,",1,305.8,normal,0,valid,-14.6dB,-14.6dB,na,na,,,,
2025-07-30 13:41:29.396540,PHY,0x4601,1,0,na,"[0,",0,0,1,2806.6,+20.2dB,15.4us,"[0,",1,305.9,normal,0,valid,-14.7dB,-14.7dB,na,na,,,,
2025-07-30 13:41:29.400044,PHY,0x4601,2,,na,"[0,",,,11111,,+27.8dB,14.5us,"[0,",1,305.17,normal,0,valid,-11.8dB,-11.9dB,0.12us,+90.4Hz,,"[6,",,1
2025-07-30 13:41:29.401021,PHY,0x4601,1,0,na,"[0,",0,0,1,2550.4,+19.8dB,15.6us,"[0,",1,305.18,normal,0,valid,-14.7dB,-14.7dB,na,na,,,,
2025-07-30 13:41:29.401450,PHY,0x4601,1,0,na,"[0,",0,0,1,2744.2,+20.1dB,14.9us,"[0,",1,305.19,normal,0,valid,-14.6dB,-14.7dB,na,na,,,,
2025-07-30 13:41:29.405595,CSI,0x4601,2,,na,"[0,",,,1,,+31.7dB,12.8us,"[0,",1,306.8,normal,0,valid,-11.9dB,-11.9dB,0.11us,-103.4Hz,,"[6,",1111,1
2025-07-30 13:41:29.406528,PHY,0x4601,1,0,na,"[0,",0,0,1,4963.9,+22.7dB,16.4us,"[0,",1,306.9,normal,0,valid,-14.7dB,-14.7dB,na,na,,,,
2025-07-30 13:41:29.410100,PHY,0x4601,2,,na,"[0,",,,11111,,+30.5dB,23.0us,"[0,",1,306.17,normal,0,valid,-11.9dB,-11.9dB,0.13us,-99.4Hz,,"[6,",,1
2025-07-30 13:41:29.411009,PHY,0x4601,1,0,na,"[0,",0,0,1,4504.6,+22.3dB,16.7us,"[0,",1,306.18,normal,0,valid,-14.6dB,-14.7dB,na,na,,,,
2025-07-30 13:41:29.411531,PHY,0x4601,1,0,na,"[0,",0,0,1,4128.6,+21.9dB,15.2us,"[0,",1,306.19,normal,0,valid,-14.6dB,-14.6dB,na,na,,,,
2025-07-30 13:41:29.416020,PHY,0x4601,1,0,na,"[0,",0,0,1,2602.8,+19.9dB,17.3us,"[0,",1,307.8,normal,0,valid,-14.7dB,-14.7dB,na,na,,,,
2025-07-30 13:41:29.416442,PHY,0x4601,1,0,na,"[0,",0,0,1,2876.4,+20.3dB,15.6us,"[0,",1,307.9,normal,0,valid,-14.6dB,-14.7dB,na,na,,,,
2025-07-30 13:41:29.420116,PHY,0x4601,2,,na,"[0,",,,11111,,+29.9dB,15.7us,"[0,",1,307.17,normal,0,valid,-11.9dB,-11.9dB,0.12us,-113.5Hz,,"[6,",,1
2025-07-30 13:41:29.420941,PHY,0x4601,1,0,na,"[0,",0,0,1,2604.7,+19.9dB,19.7us,"[0,",1,307.18,normal,0,valid,-14.6dB,-14.7dB,na,na,,,,
2025-07-30 13:41:29.421522,PHY,0x4601,1,0,na,"[0,",0,0,1,2732.0,+20.1dB,14.3us,"[0,",1,307.19,normal,0,valid,-14.7dB,-14.7dB,na,na,,,,
2025-07-30 13:41:29.425619,CSI,0x4601,2,,na,"[0,",,,1,,+30.6dB,14.5us,"[0,",1,308.8,normal,0,valid,-11.8dB,-11.8dB,0.13us,-74.3Hz,,"[6,",1111,1
2025-07-30 13:41:29.426533,PHY,0x4601,1,0,na,"[0,",0,0,1,4127.9,+21.9dB,19.9us,"[0,",1,308.9,normal,0,valid,-14.7dB,-14.7dB,na,na,,,,
2025-07-30 13:41:29.430036,PHY,0x4601,2,,na,"[0,",,,11111,,+31.1dB,20.3us,"[0,",1,308.17,normal,0,valid,-11.8dB,-11.9dB,0.13us,-23.2Hz,,"[6,",,1
2025-07-30 13:41:29.430964,PHY,0x4601,1,0,na,"[0,",0,0,1,4016.9,+21.8dB,15.6us,"[0,",1,308.18,normal,0,valid,-14.7dB,-14.7dB,na,na,,,,
2025-07-30 13:41:29.431453,PHY,0x4601,1,0,na,"[0,",0,0,1,3705.4,+21.4dB,16.8us,"[0,",1,308.19,normal,0,valid,-14.6dB,-14.7dB,na,na,,,,
2025-07-30 13:41:29.436046,PHY,0x4601,1,0,na,"[0,",0,0,1,2655.4,+20.0dB,16.3us,"[0,",1,309.8,normal,0,valid,-14.6dB,-14.7dB,na,na,,,,
2025-07-30 13:41:29.436518,PHY,0x4601,1,0,na,"[0,",0,0,1,2692.2,+20.0dB,15.3us,"[0,",1,309.9,normal,0,valid,-14.6dB,-14.7dB,na,na,,,,
2025-07-30 13:41:29.440085,PHY,0x4601,2,,na,"[0,",,,11111,,+28.9dB,16.3us,"[0,",1,309.17,normal,0,valid,-11.8dB,-11.9dB,0.39us,+17.5Hz,,"[6,",,1
2025-07-30 13:41:29.441007,PHY,0x4601,1,0,na,"[0,",0,0,1,438.5,+12.1dB,15.7us,"[0,",1,309.18,normal,0,valid,-14.7dB,-14.9dB,na,na,,,,
2025-07-30 13:41:29.441517,PHY,0x4601,1,0,na,"[0,",0,0,1,429.8,+12.1dB,14.6us,"[0,",1,309.19,normal,0,valid,-14.6dB,-14.9dB,na,na,,,,
2025-07-30 13:41:29.445610,CSI,0x4601,2,,na,"[0,",,,1,,+29.9dB,14.9us,"[0,",1,310.8,normal,0,valid,-11.8dB,-12.0dB,0.42us,-78.1Hz,,"[6,",1111,1
2025-07-30 13:41:29.446439,PHY,0x4601,1,0,na,"[0,",0,0,1,438.7,+12.1dB,17.5us,"[0,",1,310.9,normal,0,valid,-14.7dB,-15.0dB,na,na,,,,
2025-07-30 13:41:29.450123,PHY,0x4601,2,,na,"[0,",,,11111,,+28.8dB,15.2us,"[0,",1,310.17,normal,0,valid,-11.9dB,-12.0dB,0.39us,+63.7Hz,,"[6,",,1
2025-07-30 13:41:29.451025,PHY,0x4601,1,0,na,"[0,",0,0,1,362.1,+11.3dB,16.7us,"[0,",1,310.18,normal,0,valid,-14.7dB,-15.0dB,na,na,,,,
2025-07-30 13:41:29.451501,PHY,0x4601,1,0,na,"[0,",0,0,1,375.8,+11.5dB,14.2us,"[0,",1,310.19,normal,0,valid,-14.7dB,-15.0dB,na,na,,,,
2025-07-30 13:41:29.455991,PHY,0x4601,1,0,na,"[0,",0,0,1,365.3,+11.3dB,16.5us,"[0,",1,311.8,normal,0,valid,-14.6dB,-15.0dB,na,na,,,,
2025-07-30 13:41:29.456517,PHY,0x4601,1,0,na,"[0,",0,0,1,349.2,+11.2dB,23.7us,"[0,",1,311.9,normal,0,valid,-14.6dB,-15.0dB,na,na,,,,
2025-07-30 13:41:29.460006,PHY,0x4601,2,,na,"[0,",,,11111,,+29.3dB,15.3us,"[0,",1,311.17,normal,0,valid,-11.8dB,-11.9dB,0.37us,-10.6Hz,,"[6,",,1
2025-07-30 13:41:29.460992,PHY,0x4601,1,0,na,"[0,",0,0,1,427.6,+12.1dB,21.9us,"[0,",1,311.18,normal,0,valid,-14.7dB,-14.9dB,na,na,,,,
2025-07-30 13:41:29.461544,PHY,0x4601,1,0,na,"[0,",0,0,1,431.4,+12.1dB,16.7us,"[0,",1,311.19,normal,0,valid,-14.7dB,-14.9dB,na,na,,,,
2025-07-30 13:41:29.465579,CSI,0x4601,2,,na,"[0,",,,1,,+29.7dB,12.0us,"[0,",1,312.8,normal,0,valid,-11.7dB,-11.8dB,0.39us,-55.9Hz,,"[6,",1111,1
2025-07-30 13:41:29.466507,PHY,0x4601,1,0,na,"[0,",0,0,1,361.2,+11.3dB,16.2us,"[0,",1,312.9,normal,0,valid,-14.6dB,-15.0dB,na,na,,,,
2025-07-30 13:41:29.470066,PHY,0x4601,2,,na,"[0,",,,11111,,+30.3dB,14.6us,"[0,",1,312.17,normal,0,valid,-12.0dB,-12.1dB,0.39us,+25.9Hz,,"[6,",,1
2025-07-30 13:41:29.470983,PHY,0x4601,1,0,na,"[0,",0,0,1,416.7,+11.9dB,16.4us,"[0,",1,312.18,normal,0,valid,-14.7dB,-14.9dB,na,na,,,,
2025-07-30 13:41:29.471497,PHY,0x4601,1,0,na,"[0,",0,0,1,447.4,+12.2dB,15.7us,"[0,",1,312.19,normal,0,valid,-14.6dB,-14.9dB,na,na,,,,
2025-07-30 13:41:29.475979,PHY,0x4601,1,0,na,"[0,",0,0,1,361.8,+11.3dB,16.8us,"[0,",1,313.8,normal,0,valid,-14.6dB,-15.0dB,na,na,,,,
2025-07-30 13:41:29.476539,PHY,0x4601,1,0,na,"[0,",0,0,1,363.7,+11.4dB,14.9us,"[0,",1,313.9,normal,0,valid,-14.6dB,-14.9dB,na,na,,,,
2025-07-30 13:41:29.480107,PHY,0x4601,2,,na,"[0,",,,11111,,+33.9dB,14.8us,"[0,",1,313.17,normal,0,valid,-11.9dB,-11.9dB,0.13us,+6.1Hz,,"[6,",,1
2025-07-30 13:41:29.481016,PHY,0x4601,1,0,na,"[0,",0,0,1,4158.7,+21.9dB,17.2us,"[0,",1,313.18,normal,0,valid,-14.6dB,-14.7dB,na,na,,,,
2025-07-30 13:41:29.481488,PHY,0x4601,1,0,na,"[0,",0,0,1,4503.9,+22.3dB,14.1us,"[0,",1,313.19,normal,0,valid,-14.6dB,-14.6dB,na,na,,,,
2025-07-30 13:41:29.485592,CSI,0x4601,2,,na,"[0,",,,1,,+32.9dB,13.4us,"[0,",1,314.8,normal,0,valid,-11.8dB,-11.8dB,0.16us,+78.9Hz,,"[6,",1111,1
2025-07-30 13:41:29.486491,PHY,0x4601,1,0,na,"[0,",0,0,1,3778.7,+21.5dB,16.9us,"[0,",1,314.9,normal,0,valid,-14.7dB,-14.7dB,na,na,,,,
2025-07-30 13:41:29.490107,PHY,0x4601,2,,na,"[0,",,,11111,,+34.0dB,16.6us,"[0,",1,314.17,normal,0,valid,-11.9dB,-11.9dB,0.15us,-1.3Hz,,"[6,",,1
2025-07-30 13:41:29.490947,PHY,0x4601,1,0,na,"[0,",0,0,1,2843.0,+20.3dB,16.2us,"[0,",1,314.18,normal,0,valid,-14.6dB,-14.7dB,na,na,,,,
2025-07-30 13:41:29.491563,PHY,0x4601,1,0,na,"[0,",0,0,1,2522.2,+19.8dB,16.8us,"[0,",1,314.19,normal,0,valid,-14.6dB,-14.6dB,na,na,,,,
2025-07-30 13:41:29.496067,PHY,0x4601,1,0,na,"[0,",0,0,1,2720.9,+20.1dB,19.0us,"[0,",1,315.8,normal,0,valid,-14.6dB,-14.7dB,na,na,,,,
2025-07-30 13:41:29.496499,PHY,0x4601,1,0,na,"[0,",0,0,1,2709.3,+20.1dB,16.9us,"[0,",1,315.9,normal,0,valid,-14.7dB,-14.7dB,na,na,,,,
2025-07-30 13:41:29.500051,PHY,0x4601,2,,na,"[0,",,,11111,,+28.8dB,15.0us,"[0,",1,315.17,normal,0,valid,-11.9dB,-11.9dB,0.13us,+40.5Hz,,"[6,",,1
2025-07-30 13:41:29.500974,PHY,0x4601,1,0,na,"[0,",0,0,1,2821.1,+20.2dB,17.8us,"[0,",1,315.18,normal,0,valid,-14.6dB,-14.7dB,na,na,,,,
2025-07-30 13:41:29.501480,PHY,0x4601,1,0,na,"[0,",0,0,1,2677.3,+20.0dB,14.4us,"[0,",1,315.19,normal,0,valid,-14.6dB,-14.6dB,na,na,,,,
2025-07-30 13:41:29.505591,CSI,0x4601,2,,na,"[0,",,,1,,+33.8dB,15.0us,"[0,",1,316.8,normal,0,valid,-11.8dB,-11.8dB,0.13us,-86.6Hz,,"[6,",1111,1
2025-07-30 13:41:29.506514,PHY,0x4601,1,0,na,"[0,",0,0,1,3932.9,+21.7dB,15.7us,"[0,",1,316.9,normal,0,valid,-14.7dB,-14.7dB,na,na,,,,
2025-07-30 13:41:29.510093,PHY,0x4601,2,,na,"[0,",,,11111,,+33.3dB,15.8us,"[0,",1,316.17,normal,0,valid,-12.0dB,-12.0dB,0.14us,+121.8Hz,,"[6,",,1
2025-07-30 13:41:29.511004,PHY,0x4601,1,0,na,"[0,",0,0,1,2795.4,+20.2dB,18.4us,"[0,",1,316.18,normal,0,valid,-14.7dB,-14.7dB,na,na,,,,
2025-07-30 13:41:29.511490,PHY,0x4601,1,0,na,"[0,",0,0,1,2587.3,+19.9dB,14.7us,"[0,",1,316.19,normal,0,valid,-14.7dB,-14.7dB,na,na,,,,
2025-07-30 13:41:29.515977,PHY,0x4601,1,0,na,"[0,",0,0,1,2611.5,+19.9dB,25.2us,"[0,",1,317.8,normal,0,valid,-14.6dB,-14.7dB,na,na,,,,
2025-07-30 13:41:29.516439,PHY,0x4601,1,0,na,"[0,",0,0,1,2368.6,+19.5dB,14.5us,"[0,",1,317.9,normal,0,valid,-14.7dB,-14.7dB,na,na,,,,
2025-07-30 13:41:29.520105,PHY,0x4601,2,,na,"[0,",,,11111,,+29.5dB,16.5us,"[0,",1,317.17,normal,0,valid,-11.9dB,-11.9dB,0.11us,+23.4Hz,,"[6,",,1
2025-07-30 13:41:29.521076,PHY,0x4601,1,0,na,"[0,",0,0,1,2667.8,+20.0dB,19.6us,"[0,",1,317.18,normal,0,valid,-14.7dB,-14.7dB,na,na,,,,
2025-07-30 13:41:29.521525,PHY,0x4601,1,0,na,"[0,",0,0,1,2456.8,+19.6dB,14.5us,"[0,",1,317.19,normal,0,valid,-14.6dB,-14.7dB,na,na,,,,
2025-07-30 13:41:29.525634,CSI,0x4601,2,,na,"[0,",,,1,,+31.5dB,12.0us,"[0,",1,318.8,normal,0,valid,-11.8dB,-11.8dB,0.14us,-72.2Hz,,"[6,",1111,1
2025-07-30 13:41:29.526475,PHY,0x4601,1,0,na,"[0,",0,0,1,2600.3,+19.9dB,15.1us,"[0,",1,318.9,normal,0,valid,-14.7dB,-14.7dB,na,na,,,,
2025-07-30 13:41:29.530051,PHY,0x4601,2,,na,"[0,",,,11111,,+36.0dB,13.9us,"[0,",1,318.17,normal,0,valid,-11.9dB,-11.9dB,0.15us,-23.4Hz,,"[6,",,1
2025-07-30 13:41:29.530965,PHY,0x4601,1,0,na,"[0,",0,0,1,4021.1,+21.8dB,15.6us,"[0,",1,318.18,normal,0,valid,-14.6dB,-14.6dB,na,na,,,,
2025-07-30 13:41:29.531437,PHY,0x4601,1,0,na,"[0,",0,0,1,3991.6,+21.8dB,14.3us,"[0,",1,318.19,normal,0,valid,-14.6dB,-14.7dB,na,na,,,,
2025-07-30 13:41:29.536074,PHY,0x4601,1,0,na,"[0,",0,0,1,2777.1,+20.2dB,19.4us,"[0,",1,319.8,normal,0,valid,-14.6dB,-14.7dB,na,na,,,,
2025-07-30 13:41:29.536529,PHY,0x4601,1,0,na,"[0,",0,0,1,2519.0,+19.8dB,15.2us,"[0,",1,319.9,normal,0,valid,-14.7dB,-14.7dB,na,na,,,,
2025-07-30 13:41:29.540085,PHY,0x4601,2,,na,"[0,",,,11111,,+29.9dB,16.1us,"[0,",1,319.17,normal,0,valid,-11.9dB,-11.9dB,0.13us,+117.2Hz,,"[6,",,1
2025-07-30 13:41:29.540998,PHY,0x4601,1,0,na,"[0,",0,0,1,3922.1,+21.7dB,15.6us,"[0,",1,319.18,normal,0,valid,-14.7dB,-14.7dB,na,na,,,,
2025-07-30 13:41:29.541472,PHY,0x4601,1,0,na,"[0,",0,0,1,4135.2,+21.9dB,13.6us,"[0,",1,319.19,normal,0,valid,-14.7dB,-14.7dB,na,na,,,,
2025-07-30 13:41:29.545620,CSI,0x4601,2,,na,"[0,",,,1,,+29.5dB,14.9us,"[0,",1,320.8,normal,0,valid,-11.8dB,-11.8dB,0.15us,+39.2Hz,,"[6,",1111,1
2025-07-30 13:41:29.546571,PHY,0x4601,1,0,na,"[0,",0,0,1,2435.9,+19.6dB,16.2us,"[0,",1,320.9,normal,0,valid,-14.6dB,-14.7dB,na,na,,,,
2025-07-30 13:41:29.550087,PHY,0x4601,2,,na,"[0,",,,11111,,+29.6dB,14.6us,"[0,",1,320.17,normal,0,valid,-11.9dB,-11.9dB,0.14us,+46.5Hz,,"[6,",,1
2025-07-30 13:41:29.551057,PHY,0x4601,1,0,na,"[0,",0,0,1,3928.9,+21.7dB,15.3us,"[0,",1,320.18,normal,0,valid,-14.6dB,-14.7dB,na,na,,,,
2025-07-30 13:41:29.551499,PHY,0x4601,1,0,na,"[0,",0,0,1,3750.9,+21.5dB,13.9us,"[0,",1,320.19,normal,0,valid,-14.7dB,-14.7dB,na,na,,,,
2025-07-30 13:41:29.556019,PHY,0x4601,1,0,na,"[0,",0,0,1,2692.5,+20.1dB,16.2us,"[0,",1,321.8,normal,0,valid,-14.6dB,-14.6dB,na,na,,,,
2025-07-30 13:41:29.556487,PHY,0x4601,1,0,na,"[0,",0,0,1,2858.0,+20.3dB,30.9us,"[0,",1,321.9,normal,0,valid,-14.6dB,-14.7dB,na,na,,,,
2025-07-30 13:41:29.560133,PHY,0x4601,2,,na,"[0,",,,11111,,+33.0dB,14.6us,"[0,",1,321.17,normal,0,valid,-11.8dB,-11.9dB,0.11us,+0.7Hz,,"[6,",,1
2025-07-30 13:41:29.560962,PHY,0x4601,1,0,na,"[0,",0,0,1,3944.8,+21.7dB,18.1us,"[0,",1,321.18,normal,0,valid,-14.7dB,-14.7dB,na,na,,,,
2025-07-30 13:41:29.561567,PHY,0x4601,1,0,na,"[0,",0,0,1,4017.5,+21.8dB,16.3us,"[0,",1,321.19,normal,0,valid,-14.6dB,-14.6dB,na,na,,,,
2025-07-30 13:41:29.565566,CSI,0x4601,2,,na,"[0,",,,1,,+28.2dB,12.9us,"[0,",1,322.8,normal,0,valid,-11.8dB,-11.8dB,0.13us,-8.5Hz,,"[6,",1111,1
2025-07-30 13:41:29.566502,PHY,0x4601,1,0,na,"[0,",0,0,1,2651.1,+20.0dB,21.9us,"[0,",1,322.9,normal,0,valid,-14.6dB,-14.7dB,na,na,,,,
2025-07-30 13:41:29.570035,PHY,0x4601,2,,na,"[0,",,,11111,,+30.4dB,14.0us,"[0,",1,322.17,normal,0,valid,-11.8dB,-11.9dB,0.14us,+47.7Hz,,"[6,",,1
2025-07-30 13:41:29.570987,PHY,0x4601,1,0,na,"[0,",0,0,1,3999.7,+21.8dB,23.1us,"[0,",1,322.18,normal,0,valid,-14.6dB,-14.7dB,na,na,,,,
2025-07-30 13:41:29.571459,PHY,0x4601,1,0,na,"[0,",0,0,1,4235.8,+22.0dB,17.1us,"[0,",1,322.19,normal,0,valid,-14.6dB,-14.7dB,na,na,,,,
2025-07-30 13:41:29.575955,PHY,0x4601,1,0,na,"[0,",0,0,1,2461.9,+19.6dB,16.7us,"[0,",1,323.8,normal,0,valid,-14.6dB,-14.7dB,na,na,,,,
2025-07-30 13:41:29.576558,PHY,0x4601,1,0,na,"[0,",0,0,1,2555.9,+19.8dB,14.1us,"[0,",1,323.9,normal,0,valid,-14.6dB,-14.7dB,na,na,,,,
2025-07-30 13:41:29.580092,PHY,0x4601,2,,na,"[0,",,,11111,,+30.9dB,13.9us,"[0,",1,323.17,normal,0,valid,-11.8dB,-11.8dB,0.14us,-24.5Hz,,"[6,",,1
2025-07-30 13:41:29.581059,PHY,0x4601,1,0,na,"[0,",0,0,1,2600.0,+19.9dB,16.4us,"[0,",1,323.18,normal,0,valid,-14.6dB,-14.7dB,na,na,,,,
2025-07-30 13:41:29.581487,PHY,0x4601,1,0,na,"[0,",0,0,1,2505.4,+19.7dB,16.2us,"[0,",1,323.19,normal,0,valid,-14.6dB,-14.6dB,na,na,,,,
2025-07-30 13:41:29.585635,CSI,0x4601,2,,na,"[0,",,,1,,+32.5dB,12.6us,"[0,",1,324.8,normal,0,valid,-11.8dB,-11.8dB,0.13us,+32.2Hz,,"[6,",1111,1
2025-07-30 13:41:29.586462,PHY,0x4601,1,0,na,"[0,",0,0,1,3721.2,+21.5dB,16.6us,"[0,",1,324.9,normal,0,valid,-14.6dB,-14.7dB,na,na,,,,
2025-07-30 13:41:29.590127,PHY,0x4601,2,,na,"[0,",,,11111,,+33.5dB,18.0us,"[0,",1,324.17,normal,0,valid,-11.9dB,-12.0dB,0.13us,+149.9Hz,,"[6,",,1
2025-07-30 13:41:29.590957,PHY,0x4601,1,0,na,"[0,",0,0,1,4490.6,+22.3dB,16.7us,"[0,",1,324.18,normal,0,valid,-14.6dB,-14.7dB,na,na,,,,
2025-07-30 13:41:29.591553,PHY,0x4601,1,0,na,"[0,",0,0,1,4460.6,+22.3dB,14.4us,"[0,",1,324.19,normal,0,valid,-14.6dB,-14.6dB,na,na,,,,
2025-07-30 13:41:29.596054,PHY,0x4601,1,0,na,"[0,",0,0,1,2638.2,+20.0dB,19.9us,"[0,",1,325.8,normal,0,valid,-14.6dB,-14.7dB,na,na,,,,
2025-07-30 13:41:29.596486,PHY,0x4601,1,0,na,"[0,",0,0,1,2689.9,+20.1dB,23.8us,"[0,",1,325.9,normal,0,valid,-14.6dB,-14.7dB,na,na,,,,
2025-07-30 13:41:29.600022,PHY,0x4601,2,,na,"[0,",,,11111,,+28.7dB,14.7us,"[0,",1,325.17,normal,0,valid,-11.8dB,-11.9dB,0.14us,-69.2Hz,,"[6,",,1
2025-07-30 13:41:29.600964,PHY,0x4601,1,0,na,"[0,",0,0,1,3884.5,+21.6dB,14.9us,"[0,",1,325.18,normal,0,valid,-14.7dB,-14.7dB,na,na,,,,
2025-07-30 13:41:29.601462,PHY,0x4601,1,0,na,"[0,",0,0,1,3904.7,+21.7dB,14.5us,"[0,",1,325.19,normal,0,valid,-14.6dB,-14.6dB,na,na,,,,
2025-07-30 13:41:29.605583,CSI,0x4601,2,,na,"[0,",,,1,,+31.5dB,18.7us,"[0,",1,326.8,normal,0,valid,-11.9dB,-11.9dB,0.14us,+93.9Hz,,"[6,",1111,1
2025-07-30 13:41:29.606545,PHY,0x4601,1,0,na,"[0,",0,0,1,3976.5,+21.7dB,16.3us,"[0,",1,326.9,normal,0,valid,-14.6dB,-14.7dB,na,na,,,,
2025-07-30 13:41:29.610059,PHY,0x4601,2,,na,"[0,",,,11111,,+33.8dB,15.9us,"[0,",1,326.17,normal,0,valid,-11.9dB,-11.9dB,0.15us,+8.4Hz,,"[6,",,1
2025-07-30 13:41:29.611046,PHY,0x4601,1,0,na,"[0,",0,0,1,4062.2,+21.8dB,17.5us,"[0,",1,326.18,normal,0,valid,-14.6dB,-14.7dB,na,na,,,,
2025-07-30 13:41:29.611480,PHY,0x4601,1,0,na,"[0,",0,0,1,4228.5,+22.0dB,18.4us,"[0,",1,326.19,normal,0,valid,-14.7dB,-14.7dB,na,na,,,,
2025-07-30 13:41:29.615964,PHY,0x4601,1,0,na,"[0,",0,0,1,2656.4,+20.0dB,18.5us,"[0,",1,327.8,normal,0,valid,-14.6dB,-14.7dB,na,na,,,,
2025-07-30 13:41:29.616441,PHY,0x4601,1,0,na,"[0,",0,0,1,2679.1,+20.0dB,15.8us,"[0,",1,327.9,normal,0,valid,-14.6dB,-14.7dB,na,na,,,,
2025-07-30 13:41:29.620110,PHY,0x4601,2,,na,"[0,",,,11111,,+32.7dB,14.4us,"[0,",1,327.17,normal,0,valid,-11.8dB,-11.8dB,0.12us,-43.8Hz,,"[6,",,1
2025-07-30 13:41:29.621036,PHY,0x4601,1,0,na,"[0,",0,0,1,2531.0,+19.8dB,16.3us,"[0,",1,327.18,normal,0,valid,-14.6dB,-14.7dB,na,na,,,,
2025-07-30 13:41:29.621547,PHY,0x4601,1,0,na,"[0,",0,0,1,2563.3,+19.8dB,15.8us,"[0,",1,327.19,normal,0,valid,-14.6dB,-14.7dB,na,na,,,,
2025-07-30 13:41:29.625601,CSI,0x4601,2,,na,"[0,",,,1,,+32.4dB,12.0us,"[0,",1,328.8,normal,0,valid,-11.8dB,-11.8dB,0.14us,-54.7Hz,,"[6,",1111,1
2025-07-30 13:41:29.626471,PHY,0x4601,1,0,na,"[0,",0,0,1,3558.4,+21.2dB,15.8us,"[0,",1,328.9,normal,0,valid,-14.7dB,-14.7dB,na,na,,,,
2025-07-30 13:41:29.630014,PHY,0x4601,2,,na,"[0,",,,11111,,+32.4dB,18.9us,"[0,",1,328.17,normal,0,valid,-12.0dB,-12.0dB,0.15us,-14.7Hz,,"[6,",,1
2025-07-30 13:41:29.630963,PHY,0x4601,1,0,na,"[0,",0,0,1,2556.7,+19.8dB,23.5us,"[0,",1,328.18,normal,0,valid,-14.6dB,-14.7dB,na,na,,,,
2025-07-30 13:41:29.631544,PHY,0x4601,1,0,na,"[0,",0,0,1,2492.1,+19.7dB,13.9us,"[0,",1,328.19,normal,0,valid,-14.6dB,-14.7dB,na,na,,,,
2025-07-30 13:41:29.636031,PHY,0x4601,1,0,na,"[0,",0,0,1,2765.5,+20.2dB,15.8us,"[0,",1,329.8,normal,0,valid,-14.6dB,-14.6dB,na,na,,,,
2025-07-30 13:41:29.636547,PHY,0x4601,1,0,na,"[0,",0,0,1,2588.6,+19.9dB,16.0us,"[0,",1,329.9,normal,0,valid,-14.7dB,-14.7dB,na,na,,,,
2025-07-30 13:41:29.640054,PHY,0x4601,2,,na,"[0,",,,11111,,+30.0dB,16.9us,"[0,",1,329.17,normal,0,valid,-11.9dB,-11.9dB,0.12us,+122.5Hz,,"[6,",,1
2025-07-30 13:41:29.641037,PHY,0x4601,1,0,na,"[0,",0,0,1,2573.2,+19.8dB,25.6us,"[0,",1,329.18,normal,0,valid,-14.7dB,-14.7dB,na,na,,,,
2025-07-30 13:41:29.641455,PHY,0x4601,1,0,na,"[0,",0,0,1,2627.2,+19.9dB,14.5us,"[0,",1,329.19,normal,0,valid,-14.6dB,-14.7dB,na,na,,,,
2025-07-30 13:41:29.645614,CSI,0x4601,2,,na,"[0,",,,1,,+31.4dB,13.2us,"[0,",1,330.8,normal,0,valid,-11.7dB,-11.7dB,0.14us,-24.0Hz,,"[6,",1111,1
2025-07-30 13:41:29.646534,PHY,0x4601,1,0,na,"[0,",0,0,1,2720.3,+20.1dB,15.5us,"[0,",1,330.9,normal,0,valid,-14.7dB,-14.7dB,na,na,,,,
2025-07-30 13:41:29.650093,PHY,0x4601,2,,na,"[0,",,,11111,,+30.1dB,14.3us,"[0,",1,330.17,normal,0,valid,-11.8dB,-11.9dB,0.13us,+48.2Hz,,"[6,",,1
2025-07-30 13:41:29.651018,PHY,0x4601,1,0,na,"[0,",0,0,1,2576.2,+19.9dB,16.2us,"[0,",1,330.18,normal,0,valid,-14.6dB,-14.7dB,na,na,,,,
2025-07-30 13:41:29.651534,PHY,0x4601,1,0,na,"[0,",0,0,1,2859.3,+20.3dB,15.8us,"[0,",1,330.19,normal,0,valid,-14.7dB,-14.7dB,na,na,,,,
2025-07-30 13:41:29.656021,PHY,0x4601,1,0,na,"[0,",0,0,1,3057.9,+20.6dB,16.3us,"[0,",1,331.8,normal,0,valid,-14.7dB,-14.7dB,na,na,,,,
2025-07-30 13:41:29.656451,PHY,0x4601,1,0,na,"[0,",0,0,1,2665.4,+20.0dB,14.1us,"[0,",1,331.9,normal,0,valid,-14.7dB,-14.7dB,na,na,,,,
2025-07-30 13:41:29.660156,PHY,0x4601,2,,na,"[0,",,,11111,,+28.9dB,16.1us,"[0,",1,331.17,normal,0,valid,-11.9dB,-11.9dB,0.14us,-55.7Hz,,"[6,",,1
2025-07-30 13:41:29.660949,PHY,0x4601,1,0,na,"[0,",0,0,1,2425.0,+19.6dB,19.7us,"[0,",1,331.18,normal,0,valid,-14.7dB,-14.7dB,na,na,,,,
2025-07-30 13:41:29.661531,PHY,0x4601,1,0,na,"[0,",0,0,1,2567.2,+19.8dB,14.0us,"[0,",1,331.19,normal,0,valid,-14.7dB,-14.7dB,na,na,,,,
2025-07-30 13:41:29.665630,CSI,0x4601,2,,na,"[0,",,,1,,+29.3dB,12.4us,"[0,",1,332.8,normal,0,valid,-11.7dB,-11.7dB,0.14us,+39.7Hz,,"[6,",1111,1
2025-07-30 13:41:29.666538,PHY,0x4601,1,0,na,"[0,",0,0,1,2458.2,+19.7dB,18.8us,"[0,",1,332.9,normal,0,valid,-14.7dB,-14.7dB,na,na,,,,
2025-07-30 13:41:29.670043,PHY,0x4601,2,,na,"[0,",,,11111,,+30.9dB,16.8us,"[0,",1,332.17,normal,0,valid,-11.9dB,-11.9dB,0.14us,+122.5Hz,,"[6,",,1
2025-07-30 13:41:29.671017,PHY,0x4601,1,0,na,"[0,",0,0,1,2664.0,+20.0dB,15.6us,"[0,",1,332.18,normal,0,valid,-14.7dB,-14.7dB,na,na,,,,
2025-07-30 13:41:29.671452,PHY,0x4601,1,0,na,"[0,",0,0,1,2598.6,+19.9dB,15.3us,"[0,",1,332.19,normal,0,valid,-14.6dB,-14.7dB,na,na,,,,
2025-07-30 13:41:29.675940,PHY,0x4601,1,0,na,"[0,",0,0,1,2661.1,+20.0dB,16.0us,"[0,",1,333.8,normal,0,valid,-14.7dB,-14.7dB,na,na,,,,
2025-07-30 13:41:29.676527,PHY,0x4601,1,0,na,"[0,",0,0,1,2727.0,+20.1dB,14.2us,"[0,",1,333.9,normal,0,valid,-14.7dB,-14.7dB,na,na,,,,
2025-07-30 13:41:29.680077,PHY,0x4601,2,,na,"[0,",,,11111,,+30.1dB,16.0us,"[0,",1,333.17,normal,0,valid,-11.9dB,-11.9dB,0.10us,-64.0Hz,,"[6,",,1
2025-07-30 13:41:29.681012,PHY,0x4601,1,0,na,"[0,",0,0,1,4109.0,+21.9dB,17.9us,"[0,",1,333.18,normal,0,valid,-14.7dB,-14.7dB,na,na,,,,
2025-07-30 13:41:29.681480,PHY,0x4601,1,0,na,"[0,",0,0,1,3444.7,+21.1dB,15.9us,"[0,",1,333.19,normal,0,valid,-14.6dB,-14.7dB,na,na,,,,
2025-07-30 13:41:29.685622,CSI,0x4601,2,,na,"[0,",,,1,,+37.2dB,17.0us,"[0,",1,334.8,normal,0,valid,-11.7dB,-11.7dB,0.14us,+47.4Hz,,"[6,",1111,1
2025-07-30 13:41:29.686447,PHY,0x4601,1,0,na,"[0,",0,0,1,2616.0,+19.9dB,16.8us,"[0,",1,334.9,normal,0,valid,-14.6dB,-14.7dB,na,na,,,,
2025-07-30 13:41:29.690117,PHY,0x4601,2,,na,"[0,",,,11111,,+30.7dB,14.3us,"[0,",1,334.17,normal,0,valid,-11.8dB,-11.9dB,0.12us,+66.0Hz,,"[6,",,1
2025-07-30 13:41:29.691044,PHY,0x4601,1,0,na,"[0,",0,0,1,2614.7,+20.0dB,15.7us,"[0,",1,334.18,normal,0,valid,-14.6dB,-14.7dB,na,na,,,,
2025-07-30 13:41:29.691511,PHY,0x4601,1,0,na,"[0,",0,0,1,2526.6,+19.8dB,14.9us,"[0,",1,334.19,normal,0,valid,-14.7dB,-14.7dB,na,na,,,,
2025-07-30 13:41:29.696006,PHY,0x4601,1,0,na,"[0,",0,0,1,2557.9,+19.8dB,16.4us,"[0,",1,335.8,normal,0,valid,-14.6dB,-14.7dB,na,na,,,,
2025-07-30 13:41:29.696527,PHY,0x4601,1,0,na,"[0,",0,0,1,2732.1,+20.1dB,14.8us,"[0,",1,335.9,normal,0,valid,-14.7dB,-14.7dB,na,na,,,,
2025-07-30 13:41:29.700015,PHY,0x4601,2,,na,"[0,",,,11111,,+31.0dB,15.5us,"[0,",1,335.17,normal,0,valid,-11.9dB,-11.9dB,0.15us,+33.9Hz,,"[6,",,1
2025-07-30 13:41:29.700959,PHY,0x4601,1,0,na,"[0,",0,0,1,4182.3,+22.0dB,15.3us,"[0,",1,335.18,normal,0,valid,-14.6dB,-14.7dB,na,na,,,,
2025-07-30 13:41:29.701434,PHY,0x4601,1,0,na,"[0,",0,0,1,4450.1,+22.2dB,17.0us,"[0,",1,335.19,normal,0,valid,-14.7dB,-14.7dB,na,na,,,,
2025-07-30 13:41:29.705609,CSI,0x4601,2,,na,"[0,",,,1,,+33.8dB,13.2us,"[0,",1,336.8,normal,0,valid,-11.8dB,-11.8dB,0.13us,-82.2Hz,,"[6,",1111,1
2025-07-30 13:41:29.706523,PHY,0x4601,1,0,na,"[0,",0,0,1,2483.9,+19.7dB,19.1us,"[0,",1,336.9,normal,0,valid,-14.7dB,-14.7dB,na,na,,,,
2025-07-30 13:41:29.710082,PHY,0x4601,2,,na,"[0,",,,11111,,+29.1dB,14.5us,"[0,",1,336.17,normal,0,valid,-11.9dB,-11.9dB,0.14us,-129.9Hz,,"[6,",,1
2025-07-30 13:41:29.710995,PHY,0x4601,1,0,na,"[0,",0,0,1,2673.0,+20.0dB,15.9us,"[0,",1,336.18,normal,0,valid,-14.7dB,-14.7dB,na,na,,,,
2025-07-30 13:41:29.711516,PHY,0x4601,1,0,na,"[0,",0,0,1,2721.6,+20.1dB,16.6us,"[0,",1,336.19,normal,0,valid,-14.7dB,-14.7dB,na,na,,,,
2025-07-30 13:41:29.715957,PHY,0x4601,1,0,na,"[0,",0,0,1,2485.6,+19.7dB,18.1us,"[0,",1,337.8,normal,0,valid,-14.7dB,-14.7dB,na,na,,,,
2025-07-30 13:41:29.716545,PHY,0x4601,1,0,na,"[0,",0,0,1,2315.4,+19.4dB,15.4us,"[0,",1,337.9,normal,0,valid,-14.6dB,-14.7dB,na,na,,,,
2025-07-30 13:41:29.720106,PHY,0x4601,2,,na,"[0,",,,11111,,+27.0dB,14.6us,"[0,",1,337.17,normal,0,valid,-11.8dB,-11.8dB,0.13us,+8.6Hz,,"[6,",,1
2025-07-30 13:41:29.721034,PHY,0x4601,1,0,na,"[0,",0,0,1,4292.6,+22.1dB,16.5us,"[0,",1,337.18,normal,0,valid,-14.6dB,-14.6dB,na,na,,,,
2025-07-30 13:41:29.721504,PHY,0x4601,1,0,na,"[0,",0,0,1,3992.3,+21.8dB,13.8us,"[0,",1,337.19,normal,0,valid,-14.7dB,-14.7dB,na,na,,,,
2025-07-30 13:41:29.725607,CSI,0x4601,2,,na,"[0,",,,1,,+30.2dB,14.2us,"[0,",1,338.8,normal,0,valid,-11.8dB,-11.8dB,0.15us,+23.2Hz,,"[6,",1111,1
2025-07-30 13:41:29.726465,PHY,0x4601,1,0,na,"[0,",0,0,1,2586.6,+19.9dB,24.3us,"[0,",1,338.9,normal,0,valid,-14.7dB,-14.7dB,na,na,,,,
2025-07-30 13:41:29.730133,PHY,0x4601,2,,na,"[0,",,,11111,,+32.2dB,15.1us,"[0,",1,338.17,normal,0,valid,-11.9dB,-11.9dB,0.14us,+145.0Hz,,"[6,",,1
2025-07-30 13:41:29.730948,PHY,0x4601,1,0,na,"[0,",0,0,1,4117.0,+21.8dB,16.0us,"[0,",1,338.18,normal,0,valid,-14.6dB,-14.7dB,na,na,,,,
2025-07-30 13:41:29.731539,PHY,0x4601,1,0,na,"[0,",0,0,1,3402.6,+21.1dB,13.9us,"[0,",1,338.19,normal,0,valid,-14.7dB,-14.7dB,na,na,,,,
2025-07-30 13:41:29.736022,PHY,0x4601,1,0,na,"[0,",0,0,1,2817.2,+20.2dB,19.0us,"[0,",1,339.8,normal,0,valid,-14.6dB,-14.7dB,na,na,,,,
2025-07-30 13:41:29.736502,PHY,0x4601,1,0,na,"[0,",0,0,1,2518.6,+19.8dB,15.4us,"[0,",1,339.9,normal,0,valid,-14.7dB,-14.7dB,na,na,,,,
2025-07-30 13:41:29.740066,PHY,0x4601,2,,na,"[0,",,,11111,,+31.2dB,14.8us,"[0,",1,339.17,normal,0,valid,-11.9dB,-11.9dB,0.13us,+30.4Hz,,"[6,",,1
2025-07-30 13:41:29.740984,PHY,0x4601,1,0,na,"[0,",0,0,1,2591.3,+19.9dB,17.1us,"[0,",1,339.18,normal,0,valid,-14.7dB,-14.7dB,na,na,,,,
2025-07-30 13:41:29.741464,PHY,0x4601,1,0,na,"[0,",0,0,1,2744.0,+20.1dB,13.6us,"[0,",1,339.19,normal,0,valid,-14.7dB,-14.7dB,na,na,,,,
2025-07-30 13:41:29.745608,CSI,0x4601,2,,na,"[0,",,,1,,+33.7dB,16.8us,"[0,",1,340.8,normal,0,valid,-11.9dB,-11.9dB,0.16us,+23.3Hz,,"[6,",1111,1
2025-07-30 13:41:29.746528,PHY,0x4601,1,0,na,"[0,",0,0,1,3729.5,+21.4dB,16.4us,"[0,",1,340.9,normal,0,valid,-14.7dB,-14.7dB,na,na,,,,
2025-07-30 13:41:29.750115,PHY,0x4601,2,,na,"[0,",,,11111,,+36.3dB,14.3us,"[0,",1,340.17,normal,0,valid,-11.9dB,-11.9dB,0.12us,+15.9Hz,,"[6,",,1
2025-07-30 13:41:29.751015,PHY,0x4601,1,0,na,"[0,",0,0,1,2476.2,+19.7dB,17.4us,"[0,",1,340.18,normal,0,valid,-14.6dB,-14.7dB,na,na,,,,
2025-07-30 13:41:29.751485,PHY,0x4601,1,0,na,"[0,",0,0,1,2699.8,+20.0dB,14.4us,"[0,",1,340.19,normal,0,valid,-14.7dB,-14.8dB,na,na,,,,
2025-07-30 13:41:29.755983,PHY,0x4601,1,0,na,"[0,",0,0,1,2603.2,+19.9dB,16.3us,"[0,",1,341.8,normal,0,valid,-14.7dB,-14.7dB,na,na,,,,
2025-07-30 13:41:29.756448,PHY,0x4601,1,0,na,"[0,",0,0,1,2558.0,+19.8dB,14.4us,"[0,",1,341.9,normal,0,valid,-14.6dB,-14.7dB,na,na,,,,
2025-07-30 13:41:29.760114,PHY,0x4601,2,,na,"[0,",,,11111,,+30.1dB,16.8us,"[0,",1,341.17,normal,0,valid,-11.8dB,-11.8dB,0.15us,-3.9Hz,,"[6,",,1
2025-07-30 13:41:29.760946,PHY,0x4601,1,0,na,"[0,",0,0,1,2484.5,+19.7dB,22.1us,"[0,",1,341.18,normal,0,valid,-14.7dB,-14.7dB,na,na,,,,
2025-07-30 13:41:29.761525,PHY,0x4601,1,0,na,"[0,",0,0,1,2509.2,+19.7dB,14.2us,"[0,",1,341.19,normal,0,valid,-14.7dB,-14.7dB,na,na,,,,
2025-07-30 13:41:29.765648,CSI,0x4601,2,,na,"[0,",,,1,,+33.0dB,13.3us,"[0,",1,342.8,normal,0,valid,-11.8dB,-11.8dB,0.15us,-74.2Hz,,"[6,",1111,1
2025-07-30 13:41:29.766483,PHY,0x4601,1,0,na,"[0,",0,0,1,3740.7,+21.5dB,16.0us,"[0,",1,342.9,normal,0,valid,-14.6dB,-14.7dB,na,na,,,,
2025-07-30 13:41:29.770065,PHY,0x4601,2,,na,"[0,",,,11111,,+32.6dB,14.9us,"[0,",1,342.17,normal,0,valid,-11.9dB,-11.9dB,0.12us,-5.2Hz,,"[6,",,1
2025-07-30 13:41:29.770975,PHY,0x4601,1,0,na,"[0,",0,0,1,4288.1,+22.1dB,23.3us,"[0,",1,342.18,normal,0,valid,-14.6dB,-14.7dB,na,na,,,,
2025-07-30 13:41:29.771453,PHY,0x4601,1,0,na,"[0,",0,0,1,3827.1,+21.6dB,24.4us,"[0,",1,342.19,normal,0,valid,-14.6dB,-14.7dB,na,na,,,,
2025-07-30 13:41:29.776072,PHY,0x4601,1,0,na,"[0,",0,0,1,2759.9,+20.1dB,17.4us,"[0,",1,343.8,normal,0,valid,-14.7dB,-14.7dB,na,na,,,,
2025-07-30 13:41:29.776530,PHY,0x4601,1,0,na,"[0,",0,0,1,2534.3,+19.8dB,14.7us,"[0,",1,343.9,normal,0,valid,-14.6dB,-14.7dB,na,na,,,,
2025-07-30 13:41:29.780096,PHY,0x4601,2,,na,"[0,",,,11111,,+32.0dB,15.3us,"[0,",1,343.17,normal,0,valid,-11.9dB,-11.9dB,0.15us,+86.0Hz,,"[6,",,1
2025-07-30 13:41:29.781007,PHY,0x4601,1,0,na,"[0,",0,0,1,3916.9,+21.7dB,24.8us,"[0,",1,343.18,normal,0,valid,-14.6dB,-14.7dB,na,na,,,,
2025-07-30 13:41:29.781477,PHY,0x4601,1,0,na,"[0,",0,0,1,3938.0,+21.7dB,14.2us,"[0,",1,343.19,normal,0,valid,-14.6dB,-14.7dB,na,na,,,,
2025-07-30 13:41:29.785624,CSI,0x4601,2,,na,"[0,",,,1,,+30.3dB,15.2us,"[0,",1,344.8,normal,0,valid,-11.8dB,-11.8dB,0.15us,+70.5Hz,,"[6,",1111,1
2025-07-30 13:41:29.786440,PHY,0x4601,1,0,na,"[0,",0,0,1,3655.6,+21.4dB,16.0us,"[0,",1,344.9,normal,0,valid,-14.6dB,-14.7dB,na,na,,,,
2025-07-30 13:41:29.790127,PHY,0x4601,2,,na,"[0,",,,11111,,+37.1dB,14.5us,"[0,",1,344.17,normal,0,valid,-11.9dB,-11.9dB,0.13us,+137.8Hz,,"[6,",,1
2025-07-30 13:41:29.791066,PHY,0x4601,1,0,na,"[0,",0,0,1,2425.1,+19.6dB,16.0us,"[0,",1,344.18,normal,0,valid,-14.7dB,-14.7dB,na,na,,,,
2025-07-30 13:41:29.791528,PHY,0x4601,1,0,na,"[0,",0,0,1,2566.9,+19.8dB,17.7us,"[0,",1,344.19,normal,0,valid,-14.7dB,-14.7dB,na,na,,,,
2025-07-30 13:41:29.796003,PHY,0x4601,1,0,na,"[0,",0,0,1,2481.3,+19.7dB,16.4us,"[0,",1,345.8,normal,0,valid,-14.6dB,-14.7dB,na,na,,,,
2025-07-30 13:41:29.796486,PHY,0x4601,1,0,na,"[0,",0,0,1,2476.4,+19.7dB,14.1us,"[0,",1,345.9,normal,0,valid,-14.7dB,-14.7dB,na,na,,,,
2025-07-30 13:41:29.800051,PHY,0x4601,2,,na,"[0,",,,11111,,+32.1dB,13.6us,"[0,",1,345.17,normal,0,valid,-11.8dB,-11.8dB,0.13us,+57.2Hz,,"[6,",,1
2025-07-30 13:41:29.800961,PHY,0x4601,1,0,na,"[0,",0,0,1,4357.4,+22.2dB,20.2us,"[0,",1,345.18,normal,0,valid,-14.6dB,-14.6dB,na,na,,,,
2025-07-30 13:41:29.801567,PHY,0x4601,1,0,na,"[0,",0,0,1,3664.7,+21.4dB,14.7us,"[0,",1,345.19,normal,0,valid,-14.7dB,-14.7dB,na,na,,,,
2025-07-30 13:41:29.805565,CSI,0x4601,2,,na,"[0,",,,1,,+33.0dB,13.1us,"[0,",1,346.8,normal,0,valid,-11.9dB,-11.9dB,0.13us,-16.0Hz,,"[6,",1111,1
2025-07-30 13:41:29.806505,PHY,0x4601,1,0,na,"[0,",0,0,1,3804.5,+21.5dB,17.3us,"[0,",1,346.9,normal,0,valid,-14.7dB,-14.7dB,na,na,,,,
2025-07-30 13:41:29.810046,PHY,0x4601,2,,na,"[0,",,,11111,,+31.6dB,14.0us,"[0,",1,346.17,normal,0,valid,-11.9dB,-11.9dB,0.13us,+36.0Hz,,"[6,",,1
2025-07-30 13:41:29.810984,PHY,0x4601,1,0,na,"[0,",0,0,1,3726.2,+21.5dB,15.3us,"[0,",1,346.18,normal,0,valid,-14.7dB,-14.7dB,na,na,,,,
2025-07-30 13:41:29.811463,PHY,0x4601,1,0,na,"[0,",0,0,1,4266.0,+22.1dB,16.5us,"[0,",1,346.19,normal,0,valid,-14.6dB,-14.7dB,na,na,,,,
2025-07-30 13:41:29.815960,PHY,0x4601,1,0,na,"[0,",0,0,1,2964.4,+20.5dB,17.3us,"[0,",1,347.8,normal,0,valid,-14.6dB,-14.7dB,na,na,,,,
2025-07-30 13:41:29.816561,PHY,0x4601,1,0,na,"[0,",0,0,1,2542.4,+19.8dB,14.6us,"[0,",1,347.9,normal,0,valid,-14.7dB,-14.7dB,na,na,,,,
2025-07-30 13:41:29.820091,PHY,0x4601,2,,na,"[0,",,,11111,,+29.0dB,22.7us,"[0,",1,347.17,normal,0,valid,-12.0dB,-12.0dB,0.11us,-72.7Hz,,"[6,",,1
2025-07-30 13:41:29.821050,PHY,0x4601,1,0,na,"[0,",0,0,1,4334.2,+22.1dB,16.3us,"[0,",1,347.18,normal,0,valid,-14.7dB,-14.7dB,na,na,,,,
2025-07-30 13:41:29.821500,PHY,0x4601,1,0,na,"[0,",0,0,1,4190.4,+22.0dB,16.3us,"[0,",1,347.19,normal,0,valid,-14.6dB,-14.7dB,na,na,,,,
2025-07-30 13:41:29.825625,CSI,0x4601,2,,na,"[0,",,,1,,+34.0dB,12.2us,"[0,",1,348.8,normal,0,valid,-11.8dB,-11.8dB,0.13us,-0.9Hz,,"[6,",1111,1
2025-07-30 13:41:29.826454,PHY,0x4601,1,0,na,"[0,",0,0,1,3826.0,+21.5dB,16.1us,"[0,",1,348.9,normal,0,valid,-14.6dB,-14.7dB,na,na,,,,
2025-07-30 13:41:29.830133,PHY,0x4601,2,,na,"[0,",,,11111,,+30.4dB,16.8us,"[0,",1,348.17,normal,0,valid,-12.0dB,-12.0dB,0.14us,-106.0Hz,,"[6,",,1
2025-07-30 13:41:29.830949,PHY,0x4601,1,0,na,"[0,",0,0,1,3820.9,+21.6dB,16.8us,"[0,",1,348.18,normal,0,valid,-14.7dB,-14.7dB,na,na,,,,
2025-07-30 13:41:29.831555,PHY,0x4601,1,0,na,"[0,",0,0,1,4199.5,+22.0dB,14.0us,"[0,",1,348.19,normal,0,valid,-14.7dB,-14.7dB,na,na,,,,
2025-07-30 13:41:29.836049,PHY,0x4601,1,0,na,"[0,",0,0,1,2337.7,+19.4dB,18.1us,"[0,",1,349.8,normal,0,valid,-14.7dB,-14.7dB,na,na,,,,
2025-07-30 13:41:29.836511,PHY,0x4601,1,0,na,"[0,",0,0,1,2587.4,+19.9dB,15.3us,"[0,",1,349.9,normal,0,valid,-14.6dB,-14.7dB,na,na,,,,
2025-07-30 13:41:29.840036,PHY,0x4601,2,,na,"[0,",,,11111,,+32.3dB,16.9us,"[0,",1,349.17,normal,0,valid,-12.0dB,-12.0dB,0.12us,+26.3Hz,,"[6,",,1
2025-07-30 13:41:29.840973,PHY,0x4601,1,0,na,"[0,",0,0,1,2728.5,+20.1dB,16.3us,"[0,",1,349.18,normal,0,valid,-14.7dB,-14.7dB,na,na,,,,
2025-07-30 13:41:29.841457,PHY,0x4601,1,0,na,"[0,",0,0,1,2543.2,+19.8dB,18.4us,"[0,",1,349.19,normal,0,valid,-14.6dB,-14.7dB,na,na,,,,
2025-07-30 13:41:29.845579,CSI,0x4601,2,,na,"[0,",,,1,,+28.2dB,14.4us,"[0,",1,350.8,normal,0,valid,-11.7dB,-11.7dB,0.14us,+0.5Hz,,"[6,",1111,1
2025-07-30 13:41:29.846552,PHY,0x4601,1,0,na,"[0,",0,0,1,3671.1,+21.4dB,15.8us,"[0,",1,350.9,normal,0,valid,-14.7dB,-14.7dB,na,na,,,,
2025-07-30 13:41:29.850081,PHY,0x4601,2,,na,"[0,",,,11111,,+32.1dB,13.5us,"[0,",1,350.17,normal,0,valid,-11.9dB,-11.9dB,0.15us,+113.6Hz,,"[6,",,1
2025-07-30 13:41:29.851049,PHY,0x4601,1,0,na,"[0,",0,0,1,4028.7,+21.8dB,16.3us,"[0,",1,350.18,normal,0,valid,-14.6dB,-14.6dB,na,na,,,,
2025-07-30 13:41:29.851479,PHY,0x4601,1,0,na,"[0,",0,0,1,4006.4,+21.8dB,14.2us,"[0,",1,350.19,normal,0,valid,-14.6dB,-14.7dB,na,na,,,,
2025-07-30 13:41:29.855977,PHY,0x4601,1,0,na,"[0,",0,0,1,2959.3,+20.4dB,19.1us,"[0,",1,351.8,normal,0,valid,-14.7dB,-14.7dB,na,na,,,,
2025-07-30 13:41:29.856507,PHY,0x4601,1,0,na,"[0,",0,0,1,2317.1,+19.4dB,14.3us,"[0,",1,351.9,normal,0,valid,-14.6dB,-14.7dB,na,na,,,,
2025-07-30 13:41:29.860131,PHY,0x4601,2,,na,"[0,",,,11111,,+32.8dB,26.7us,"[0,",1,351.17,normal,0,valid,-11.8dB,-11.8dB,0.13us,+72.7Hz,,"[6,",,1
2025-07-30 13:41:29.861075,PHY,0x4601,1,0,na,"[0,",0,0,1,3871.1,+21.6dB,47.5us,"[0,",1,351.18,normal,0,valid,-14.7dB,-14.7dB,na,na,,,,
2025-07-30 13:41:29.861566,PHY,0x4601,1,0,na,"[0,",0,0,1,4273.6,+22.0dB,28.4us,"[0,",1,351.19,normal,0,valid,-14.7dB,-14.7dB,na,na,,,,
2025-07-30 13:41:29.865600,CSI,0x4601,2,,na,"[0,",,,1,,+29.4dB,11.8us,"[0,",1,352.8,normal,0,valid,-11.8dB,-11.8dB,0.14us,-26.2Hz,,"[6,",1111,1
2025-07-30 13:41:29.866482,PHY,0x4601,1,0,na,"[0,",0,0,1,2411.1,+19.6dB,18.0us,"[0,",1,352.9,normal,0,valid,-14.7dB,-14.7dB,na,na,,,,
2025-07-30 13:41:29.870019,PHY,0x4601,2,,na,"[0,",,,11111,,+33.5dB,14.9us,"[0,",1,352.17,normal,0,valid,-12.0dB,-12.0dB,0.12us,+25.6Hz,,"[6,",,1
2025-07-30 13:41:29.870961,PHY,0x4601,1,0,na,"[0,",0,0,1,2469.1,+19.7dB,18.6us,"[0,",1,352.18,normal,0,valid,-14.7dB,-14.7dB,na,na,,,,
2025-07-30 13:41:29.871451,PHY,0x4601,1,0,na,"[0,",0,0,1,2784.0,+20.2dB,15.7us,"[0,",1,352.19,normal,0,valid,-14.7dB,-14.7dB,na,na,,,,
2025-07-30 13:41:29.876042,PHY,0x4601,1,0,na,"[0,",0,0,1,2473.5,+19.7dB,16.9us,"[0,",1,353.8,normal,0,valid,-14.7dB,-14.7dB,na,na,,,,
2025-07-30 13:41:29.876560,PHY,0x4601,1,0,na,"[0,",0,0,1,2382.4,+19.5dB,14.3us,"[0,",1,353.9,normal,0,valid,-14.7dB,-14.7dB,na,na,,,,
2025-07-30 13:41:29.880063,PHY,0x4601,2,,na,"[0,",,,11111,,+27.8dB,18.1us,"[0,",1,353.17,normal,0,valid,-11.8dB,-11.8dB,0.15us,-38.5Hz,,"[6,",,1
2025-07-30 13:41:29.881036,PHY,0x4601,1,0,na,"[0,",0,0,1,2732.1,+20.1dB,16.2us,"[0,",1,353.18,normal,0,valid,-14.7dB,-14.7dB,na,na,,,,
2025-07-30 13:41:29.881472,PHY,0x4601,1,0,na,"[0,",0,0,1,2557.9,+19.8dB,14.1us,"[0,",1,353.19,normal,0,valid,-14.6dB,-14.7dB,na,na,,,,
2025-07-30 13:41:29.885609,CSI,0x4601,2,,na,"[0,",,,1,,+32.2dB,14.2us,"[0,",1,354.8,normal,0,valid,-11.8dB,-11.8dB,0.13us,+32.2Hz,,"[6,",1111,1
2025-07-30 13:41:29.886540,PHY,0x4601,1,0,na,"[0,",0,0,1,2669.5,+20.0dB,15.3us,"[0,",1,354.9,normal,0,valid,-14.7dB,-14.7dB,na,na,,,,
2025-07-30 13:41:29.890114,PHY,0x4601,2,,na,"[0,",,,11111,,+33.0dB,14.2us,"[0,",1,354.17,normal,0,valid,-11.9dB,-11.9dB,0.14us,-44.1Hz,,"[6,",,1
2025-07-30 13:41:29.891026,PHY,0x4601,1,0,na,"[0,",0,0,1,3801.0,+21.6dB,16.0us,"[0,",1,354.18,normal,0,valid,-14.7dB,-14.7dB,na,na,,,,
2025-07-30 13:41:29.891539,PHY,0x4601,1,0,na,"[0,",0,0,1,3855.1,+21.6dB,13.8us,"[0,",1,354.19,normal,0,valid,-14.6dB,-14.6dB,na,na,,,,
2025-07-30 13:41:29.896035,PHY,0x4601,1,0,na,"[0,",0,0,1,2869.6,+20.3dB,22.7us,"[0,",1,355.8,normal,0,valid,-14.6dB,-14.7dB,na,na,,,,
2025-07-30 13:41:29.896480,PHY,0x4601,1,0,na,"[0,",0,0,1,2478.0,+19.7dB,14.8us,"[0,",1,355.9,normal,0,valid,-14.7dB,-14.7dB,na,na,,,,
2025-07-30 13:41:29.900135,PHY,0x4601,2,,na,"[0,",,,11111,,+27.8dB,17.6us,"[0,",1,355.17,normal,0,valid,-11.9dB,-11.9dB,0.12us,-64.9Hz,,"[6,",,1
2025-07-30 13:41:29.900954,PHY,0x4601,1,0,na,"[0,",0,0,1,4278.9,+22.0dB,16.3us,"[0,",1,355.18,normal,0,valid,-14.6dB,-14.7dB,na,na,,,,
2025-07-30 13:41:29.901534,PHY,0x4601,1,0,na,"[0,",0,0,1,3637.9,+21.3dB,13.6us,"[0,",1,355.19,normal,0,valid,-14.7dB,-14.7dB,na,na,,,,
2025-07-30 13:41:29.905561,CSI,0x4601,2,,na,"[0,",,,1,,+31.5dB,18.8us,"[0,",1,356.8,normal,0,valid,-11.8dB,-11.8dB,0.14us,+7.4Hz,,"[6,",1111,1
2025-07-30 13:41:29.906534,PHY,0x4601,1,0,na,"[0,",0,0,1,4123.5,+21.9dB,17.5us,"[0,",1,356.9,normal,0,valid,-14.7dB,-14.7dB,na,na,,,,
2025-07-30 13:41:29.910042,PHY,0x4601,2,,na,"[0,",,,11111,,+32.0dB,13.3us,"[0,",1,356.17,normal,0,valid,-11.9dB,-12.0dB,0.15us,+74.7Hz,,"[6,",,1
2025-07-30 13:41:29.911022,PHY,0x4601,1,0,na,"[0,",0,0,1,2686.8,+20.0dB,17.4us,"[0,",1,356.18,normal,0,valid,-14.6dB,-14.7dB,na,na,,,,
2025-07-30 13:41:29.911456,PHY,0x4601,1,0,na,"[0,",0,0,1,2451.1,+19.6dB,13.9us,"[0,",1,356.19,normal,0,valid,-14.6dB,-14.7dB,na,na,,,,
2025-07-30 13:41:29.915947,PHY,0x4601,1,0,na,"[0,",0,0,1,2696.2,+20.0dB,16.7us,"[0,",1,357.8,normal,0,valid,-14.6dB,-14.7dB,na,na,,,,
2025-07-30 13:41:29.916530,PHY,0x4601,1,0,na,"[0,",0,0,1,2599.4,+19.9dB,15.0us,"[0,",1,357.9,normal,0,valid,-14.6dB,-14.7dB,na,na,,,,
2025-07-30 13:41:29.920101,PHY,0x4601,2,,na,"[0,",,,11111,,+30.1dB,15.5us,"[0,",1,357.17,normal,0,valid,-11.9dB,-11.9dB,0.13us,+69.5Hz,,"[6,",,1
2025-07-30 13:41:29.921020,PHY,0x4601,1,0,na,"[0,",0,0,1,2863.3,+20.3dB,15.8us,"[0,",1,357.18,normal,0,valid,-14.6dB,-14.7dB,na,na,,,,
2025-07-30 13:41:29.921530,PHY,0x4601,1,0,na,"[0,",0,0,1,2400.9,+19.5dB,14.2us,"[0,",1,357.19,normal,0,valid,-14.7dB,-14.7dB,na,na,,,,
2025-07-30 13:41:29.925623,CSI,0x4601,2,,na,"[0,",,,1,,+37.7dB,12.9us,"[0,",1,358.8,normal,0,valid,-11.8dB,-11.8dB,0.14us,-33.5Hz,,"[6,",1111,1
2025-07-30 13:41:29.926450,PHY,0x4601,1,0,na,"[0,",0,0,1,2504.3,+19.7dB,15.4us,"[0,",1,358.9,normal,0,valid,-14.7dB,-14.7dB,na,na,,,,
2025-07-30 13:41:29.930108,PHY,0x4601,2,,na,"[0,",,,11111,,+28.4dB,16.0us,"[0,",1,358.17,normal,0,valid,-11.9dB,-11.9dB,0.16us,+71.0Hz,,"[6,",,1
2025-07-30 13:41:29.930946,PHY,0x4601,1,0,na,"[0,",0,0,1,2650.7,+20.0dB,16.3us,"[0,",1,358.18,normal,0,valid,-14.7dB,-14.7dB,na,na,,,,
2025-07-30 13:41:29.931518,PHY,0x4601,1,0,na,"[0,",0,0,1,2463.6,+19.6dB,15.2us,"[0,",1,358.19,normal,0,valid,-14.6dB,-14.7dB,na,na,,,,
2025-07-30 13:41:29.936027,PHY,0x4601,1,0,na,"[0,",0,0,1,2454.8,+19.6dB,17.0us,"[0,",1,359.8,normal,0,valid,-14.6dB,-14.7dB,na,na,,,,
2025-07-30 13:41:29.936556,PHY,0x4601,1,0,na,"[0,",0,0,1,2546.3,+19.8dB,18.9us,"[0,",1,359.9,normal,0,valid,-14.7dB,-14.7dB,na,na,,,,
2025-07-30 13:41:29.940023,PHY,0x4601,2,,na,"[0,",,,11111,,+36.6dB,15.7us,"[0,",1,359.17,normal,0,valid,-11.8dB,-11.9dB,0.12us,+92.6Hz,,"[6,",,1
2025-07-30 13:41:29.940968,PHY,0x4601,1,0,na,"[0,",0,0,1,4014.5,+21.8dB,15.8us,"[0,",1,359.18,normal,0,valid,-14.7dB,-14.7dB,na,na,,,,
2025-07-30 13:41:29.941447,PHY,0x4601,1,0,na,"[0,",0,0,1,4059.0,+21.8dB,20.1us,"[0,",1,359.19,normal,0,valid,-14.6dB,-14.7dB,na,na,,,,
2025-07-30 13:41:29.945596,CSI,0x4601,2,,na,"[0,",,,1,,+28.9dB,13.8us,"[0,",1,360.8,normal,0,valid,-11.8dB,-11.8dB,0.13us,-8.4Hz,,"[6,",1111,1
2025-07-30 13:41:29.946519,PHY,0x4601,1,0,na,"[0,",0,0,1,2453.1,+19.6dB,17.4us,"[0,",1,360.9,normal,0,valid,-14.6dB,-14.7dB,na,na,,,,
2025-07-30 13:41:29.950058,PHY,0x4601,2,,na,"[0,",,,11111,,+29.8dB,15.7us,"[0,",1,360.17,normal,0,valid,-11.9dB,-11.9dB,0.12us,-44.3Hz,,"[6,",,1
2025-07-30 13:41:29.951001,PHY,0x4601,1,0,na,"[0,",0,0,1,2504.3,+19.7dB,17.8us,"[0,",1,360.18,normal,0,valid,-14.7dB,-14.7dB,na,na,,,,
2025-07-30 13:41:29.951475,PHY,0x4601,1,0,na,"[0,",0,0,1,2525.9,+19.8dB,16.2us,"[0,",1,360.19,normal,0,valid,-14.7dB,-14.7dB,na,na,,,,
2025-07-30 13:41:29.955966,PHY,0x4601,1,0,na,"[0,",0,0,1,2574.6,+19.8dB,20.9us,"[0,",1,361.8,normal,0,valid,-14.6dB,-14.7dB,na,na,,,,
2025-07-30 13:41:29.956434,PHY,0x4601,1,0,na,"[0,",0,0,1,2477.4,+19.7dB,14.8us,"[0,",1,361.9,normal,0,valid,-14.7dB,-14.7dB,na,na,,,,
2025-07-30 13:41:29.960092,PHY,0x4601,2,,na,"[0,",,,11111,,+31.9dB,15.3us,"[0,",1,361.17,normal,0,valid,-11.9dB,-11.9dB,0.13us,-20.7Hz,,"[6,",,1
2025-07-30 13:41:29.961035,PHY,0x4601,1,0,na,"[0,",0,0,1,2516.5,+19.8dB,16.0us,"[0,",1,361.18,normal,0,valid,-14.6dB,-14.7dB,na,na,,,,
2025-07-30 13:41:29.961504,PHY,0x4601,1,0,na,"[0,",0,0,1,2520.2,+19.8dB,14.9us,"[0,",1,361.19,normal,0,valid,-14.6dB,-14.7dB,na,na,,,,
2025-07-30 13:41:29.965594,CSI,0x4601,2,,na,"[0,",,,1,,+31.2dB,15.2us,"[0,",1,362.8,normal,0,valid,-11.8dB,-11.8dB,0.13us,+15.6Hz,,"[6,",1111,1
2025-07-30 13:41:29.966478,PHY,0x4601,1,0,na,"[0,",0,0,1,3755.3,+21.5dB,17.2us,"[0,",1,362.9,normal,0,valid,-14.7dB,-14.7dB,na,na,,,,
2025-07-30 13:41:29.970006,PHY,0x4601,2,,na,"[0,",,,11111,,+32.6dB,14.4us,"[0,",1,362.17,normal,0,valid,-11.8dB,-11.8dB,0.12us,+75.2Hz,,"[6,",,1
2025-07-30 13:41:29.970954,PHY,0x4601,1,0,na,"[0,",0,0,1,3820.5,+21.5dB,17.0us,"[0,",1,362.18,normal,0,valid,-14.6dB,-14.6dB,na,na,,,,
2025-07-30 13:41:29.971545,PHY,0x4601,1,0,na,"[0,",0,0,1,3751.3,+21.5dB,15.9us,"[0,",1,362.19,normal,0,valid,-14.7dB,-14.7dB,na,na,,,,
2025-07-30 13:41:29.976029,PHY,0x4601,1,0,na,"[0,",0,0,1,2318.0,+19.4dB,22.5us,"[0,",1,363.8,normal,0,valid,-14.7dB,-14.7dB,na,na,,,,
2025-07-30 13:41:29.976506,PHY,0x4601,1,0,na,"[0,",0,0,1,2379.4,+19.5dB,13.6us,"[0,",1,363.9,normal,0,valid,-14.7dB,-14.7dB,na,na,,,,
2025-07-30 13:41:29.980077,PHY,0x4601,2,,na,"[0,",,,11111,,+30.4dB,14.3us,"[0,",1,363.17,normal,0,valid,-11.9dB,-11.9dB,0.13us,+48.6Hz,,"[6,",,1
2025-07-30 13:41:29.980986,PHY,0x4601,1,0,na,"[0,",0,0,1,2461.9,+19.7dB,15.6us,"[0,",1,363.18,normal,0,valid,-14.6dB,-14.7dB,na,na,,,,
2025-07-30 13:41:29.981467,PHY,0x4601,1,0,na,"[0,",0,0,1,2606.1,+19.9dB,14.7us,"[0,",1,363.19,normal,0,valid,-14.6dB,-14.7dB,na,na,,,,
2025-07-30 13:41:29.985589,CSI,0x4601,2,,na,"[0,",,,1,,+36.4dB,15.1us,"[0,",1,364.8,normal,0,valid,-11.8dB,-11.9dB,0.14us,-166.6Hz,,"[6,",1111,1
2025-07-30 13:41:29.986542,PHY,0x4601,1,0,na,"[0,",0,0,1,3774.2,+21.5dB,17.2us,"[0,",1,364.9,normal,0,valid,-14.6dB,-14.7dB,na,na,,,,
2025-07-30 13:41:29.990111,PHY,0x4601,2,,na,"[0,",,,11111,,+31.9dB,16.6us,"[0,",1,364.17,normal,0,valid,-11.8dB,-11.8dB,0.13us,+69.0Hz,,"[6,",,1
2025-07-30 13:41:29.991030,PHY,0x4601,1,0,na,"[0,",0,0,1,2771.4,+20.2dB,22.0us,"[0,",1,364.18,normal,0,valid,-14.7dB,-14.7dB,na,na,,,,
2025-07-30 13:41:29.991494,PHY,0x4601,1,0,na,"[0,",0,0,1,2685.4,+20.1dB,15.4us,"[0,",1,364.19,normal,0,valid,-14.6dB,-14.7dB,na,na,,,,
2025-07-30 13:41:29.995992,PHY,0x4601,1,0,na,"[0,",0,0,1,2486.6,+19.7dB,18.0us,"[0,",1,365.8,normal,0,valid,-14.6dB,-14.7dB,na,na,,,,
2025-07-30 13:41:29.996451,PHY,0x4601,1,0,na,"[0,",0,0,1,2611.3,+19.9dB,15.7us,"[0,",1,365.9,normal,0,valid,-14.7dB,-14.8dB,na,na,,,,
2025-07-30 13:41:30.000142,PHY,0x4601,2,,na,"[0,",,,11111,,+33.4dB,14.6us,"[0,",1,365.17,normal,0,valid,-11.9dB,-12.0dB,0.13us,+130.8Hz,,"[6,",,1
2025-07-30 13:41:30.000944,PHY,0x4601,1,0,na,"[0,",0,0,1,3817.4,+21.6dB,17.3us,"[0,",1,365.18,normal,0,valid,-14.6dB,-14.6dB,na,na,,,,
2025-07-30 13:41:30.001530,PHY,0x4601,1,0,na,"[0,",0,0,1,3550.5,+21.2dB,14.1us,"[0,",1,365.19,normal,0,valid,-14.7dB,-14.7dB,na,na,,,,
2025-07-30 13:41:30.005654,CSI,0x4601,2,,na,"[0,",,,1,,+31.4dB,14.8us,"[0,",1,366.8,normal,0,valid,-11.8dB,-11.8dB,0.13us,-18.3Hz,,"[6,",1111,1
2025-07-30 13:41:30.006500,PHY,0x4601,1,0,na,"[0,",0,0,1,3995.3,+21.8dB,17.2us,"[0,",1,366.9,normal,0,valid,-14.7dB,-14.7dB,na,na,,,,
2025-07-30 13:41:30.010068,PHY,0x4601,2,,na,"[0,",,,11111,,+37.9dB,15.0us,"[0,",1,366.17,normal,0,valid,-11.8dB,-11.8dB,0.15us,+48.2Hz,,"[6,",,1
2025-07-30 13:41:30.010975,PHY,0x4601,1,0,na,"[0,",0,0,1,2562.1,+19.8dB,15.8us,"[0,",1,366.18,normal,0,valid,-14.6dB,-14.7dB,na,na,,,,
2025-07-30 13:41:30.011461,PHY,0x4601,1,0,na,"[0,",0,0,1,2449.6,+19.6dB,15.9us,"[0,",1,366.19,normal,0,valid,-14.7dB,-14.7dB,na,na,,,,
2025-07-30 13:41:30.015941,PHY,0x4601,1,0,na,"[0,",0,0,1,2614.7,+19.9dB,18.3us,"[0,",1,367.8,normal,0,valid,-14.6dB,-14.7dB,na,na,,,,
2025-07-30 13:41:30.016544,PHY,0x4601,1,0,na,"[0,",0,0,1,2763.5,+20.1dB,16.9us,"[0,",1,367.9,normal,0,valid,-14.6dB,-14.7dB,na,na,,,,
2025-07-30 13:41:30.020092,PHY,0x4601,2,,na,"[0,",,,11111,,+31.0dB,14.5us,"[0,",1,367.17,normal,0,valid,-11.8dB,-11.9dB,0.13us,+70.5Hz,,"[6,",,1
2025-07-30 13:41:30.021013,PHY,0x4601,1,0,na,"[0,",0,0,1,3698.9,+21.4dB,24.6us,"[0,",1,367.18,normal,0,valid,-14.7dB,-14.7dB,na,na,,,,
2025-07-30 13:41:30.021479,PHY,0x4601,1,0,na,"[0,",0,0,1,3853.8,+21.6dB,14.9us,"[0,",1,367.19,normal,0,valid,-14.7dB,-14.7dB,na,na,,,,
2025-07-30 13:41:30.025614,CSI,0x4601,2,,na,"[0,",,,1,,+28.1dB,14.2us,"[0,",1,368.8,normal,0,valid,-11.8dB,-11.8dB,0.13us,-49.2Hz,,"[6,",1111,1
2025-07-30 13:41:30.026454,PHY,0x4601,1,0,na,"[0,",0,0,1,2483.1,+19.7dB,18.1us,"[0,",1,368.9,normal,0,valid,-14.6dB,-14.7dB,na,na,,,,
2025-07-30 13:41:30.030092,PHY,0x4601,2,,na,"[0,",,,11111,,+31.9dB,14.8us,"[0,",1,368.17,normal,0,valid,-11.8dB,-11.9dB,0.13us,+128.9Hz,,"[6,",,1
2025-07-30 13:41:30.031071,PHY,0x4601,1,0,na,"[0,",0,0,1,3892.8,+21.6dB,16.1us,"[0,",1,368.18,normal,0,valid,-14.6dB,-14.7dB,na,na,,,,
2025-07-30 13:41:30.031521,PHY,0x4601,1,0,na,"[0,",0,0,1,3635.7,+21.3dB,14.1us,"[0,",1,368.19,normal,0,valid,-14.6dB,-14.7dB,na,na,,,,
2025-07-30 13:41:30.036000,PHY,0x4601,1,0,na,"[0,",0,0,1,2466.3,+19.7dB,16.7us,"[0,",1,369.8,normal,0,valid,-14.6dB,-14.7dB,na,na,,,,
2025-07-30 13:41:30.036485,PHY,0x4601,1,0,na,"[0,",0,0,1,2372.4,+19.5dB,23.6us,"[0,",1,369.9,normal,0,valid,-14.6dB,-14.7dB,na,na,,,,
2025-07-30 13:41:30.040067,PHY,0x4601,2,,na,"[0,",,,11111,,+34.5dB,17.6us,"[0,",1,369.17,normal,0,valid,-11.8dB,-11.8dB,0.13us,+139.3Hz,,"[6,",,1
2025-07-30 13:41:30.040967,PHY,0x4601,1,0,na,"[0,",0,0,1,3815.9,+21.6dB,15.5us,"[0,",1,369.18,normal,0,valid,-14.6dB,-14.7dB,na,na,,,,
2025-07-30 13:41:30.041436,PHY,0x4601,1,0,na,"[0,",0,0,1,4509.5,+22.3dB,13.6us,"[0,",1,369.19,normal,0,valid,-14.6dB,-14.6dB,na,na,,,,
2025-07-30 13:41:30.045575,CSI,0x4601,2,,na,"[0,",,,1,,+33.8dB,15.4us,"[0,",1,370.8,normal,0,valid,-11.8dB,-11.8dB,0.15us,-122.2Hz,,"[6,",1111,1
2025-07-30 13:41:30.046519,PHY,0x4601,1,0,na,"[0,",0,0,1,3909.3,+21.7dB,16.5us,"[0,",1,370.9,normal,0,valid,-14.7dB,-14.7dB,na,na,,,,
2025-07-30 13:41:30.050059,PHY,0x4601,2,,na,"[0,",,,11111,,+28.8dB,14.5us,"[0,",1,370.17,normal,0,valid,-11.7dB,-11.8dB,0.13us,-18.3Hz,,"[6,",,1
2025-07-30 13:41:30.050992,PHY,0x4601,1,0,na,"[0,",0,0,1,4192.7,+22.0dB,15.8us,"[0,",1,370.18,normal,0,valid,-14.7dB,-14.7dB,na,na,,,,
2025-07-30 13:41:30.051470,PHY,0x4601,1,0,na,"[0,",0,0,1,3838.3,+21.6dB,14.5us,"[0,",1,370.19,normal,0,valid,-14.7dB,-14.7dB,na,na,,,,
2025-07-30 13:41:30.055962,PHY,0x4601,1,0,na,"[0,",0,0,1,2278.5,+19.3dB,18.4us,"[0,",1,371.8,normal,0,valid,-14.6dB,-14.7dB,na,na,,,,
2025-07-30 13:41:30.056568,PHY,0x4601,1,0,na,"[0,",0,0,1,2366.2,+19.5dB,15.1us,"[0,",1,371.9,normal,0,valid,-14.6dB,-14.7dB,na,na,,,,
2025-07-30 13:41:30.060110,PHY,0x4601,2,,na,"[0,",,,11111,,+37.1dB,20.2us,"[0,",1,371.17,normal,0,valid,-11.9dB,-11.9dB,0.15us,-17.1Hz,,"[6,",,1
2025-07-30 13:41:30.061063,PHY,0x4601,1,0,na,"[0,",0,0,1,2630.0,+19.9dB,16.2us,"[0,",1,371.18,normal,0,valid,-14.7dB,-14.8dB,na,na,,,,
2025-07-30 13:41:30.061505,PHY,0x4601,1,0,na,"[0,",0,0,1,2647.4,+20.0dB,14.5us,"[0,",1,371.19,normal,0,valid,-14.7dB,-14.7dB,na,na,,,,
2025-07-30 13:41:30.065632,CSI,0x4601,2,,na,"[0,",,,1,,+36.9dB,15.5us,"[0,",1,372.8,normal,0,valid,-11.8dB,-11.8dB,0.13us,-45.3Hz,,"[6,",1111,1
2025-07-30 13:41:30.066484,PHY,0x4601,1,0,na,"[0,",0,0,1,2447.4,+19.7dB,16.8us,"[0,",1,372.9,normal,0,valid,-14.7dB,-14.7dB,na,na,,,,
2025-07-30 13:41:30.070136,PHY,0x4601,2,,na,"[0,",,,11111,,+28.9dB,18.2us,"[0,",1,372.17,normal,0,valid,-11.9dB,-11.9dB,0.12us,-35.6Hz,,"[6,",,1
2025-07-30 13:41:30.070953,PHY,0x4601,1,0,na,"[0,",0,0,1,2693.2,+20.0dB,16.6us,"[0,",1,372.18,normal,0,valid,-14.7dB,-14.7dB,na,na,,,,
2025-07-30 13:41:30.071559,PHY,0x4601,1,0,na,"[0,",0,0,1,2404.2,+19.5dB,15.1us,"[0,",1,372.19,normal,0,valid,-14.7dB,-14.7dB,na,na,,,,
2025-07-30 13:41:30.076056,PHY,0x4601,1,0,na,"[0,",0,0,1,2641.1,+19.9dB,16.6us,"[0,",1,373.8,normal,0,valid,-14.6dB,-14.7dB,na,na,,,,
2025-07-30 13:41:30.076505,PHY,0x4601,1,0,na,"[0,",0,0,1,2510.8,+19.7dB,16.2us,"[0,",1,373.9,normal,0,valid,-14.6dB,-14.7dB,na,na,,,,
2025-07-30 13:41:30.080042,PHY,0x4601,2,,na,"[0,",,,11111,,+31.2dB,16.0us,"[0,",1,373.17,normal,0,valid,-12.0dB,-12.0dB,0.13us,+17.5Hz,,"[6,",,1
2025-07-30 13:41:30.080982,PHY,0x4601,1,0,na,"[0,",0,0,1,2569.4,+19.8dB,16.8us,"[0,",1,373.18,normal,0,valid,-14.7dB,-14.7dB,na,na,,,,
2025-07-30 13:41:30.081464,PHY,0x4601,1,0,na,"[0,",0,0,1,2618.4,+19.9dB,14.5us,"[0,",1,373.19,normal,0,valid,-14.7dB,-14.7dB,na,na,,,,
2025-07-30 13:41:30.085583,CSI,0x4601,2,,na,"[0,",,,1,,+29.5dB,15.1us,"[0,",1,374.8,normal,0,valid,-11.8dB,-11.8dB,0.13us,+33.6Hz,,"[6,",1111,1
2025-07-30 13:41:30.086554,PHY,0x4601,1,0,na,"[0,",0,0,1,3366.5,+21.0dB,15.7us,"[0,",1,374.9,normal,0,valid,-14.6dB,-14.7dB,na,na,,,,
2025-07-30 13:41:30.090091,PHY,0x4601,2,,na,"[0,",,,11111,,+30.5dB,16.0us,"[0,",1,374.17,normal,0,valid,-11.9dB,-12.0dB,0.14us,-67.4Hz,,"[6,",,1
2025-07-30 13:41:30.091050,PHY,0x4601,1,0,na,"[0,",0,0,1,2509.7,+19.7dB,17.1us,"[0,",1,374.18,normal,0,valid,-14.6dB,-14.7dB,na,na,,,,
2025-07-30 13:41:30.091488,PHY,0x4601,1,0,na,"[0,",0,0,1,2514.3,+19.7dB,14.4us,"[0,",1,374.19,normal,0,valid,-14.7dB,-14.8dB,na,na,,,,
2025-07-30 13:41:30.096002,PHY,0x4601,1,0,na,"[0,",0,0,1,2504.8,+19.7dB,18.3us,"[0,",1,375.8,normal,0,valid,-14.6dB,-14.7dB,na,na,,,,
2025-07-30 13:41:30.096455,PHY,0x4601,1,0,na,"[0,",0,0,1,2607.8,+19.9dB,14.0us,"[0,",1,375.9,normal,0,valid,-14.7dB,-14.7dB,na,na,,,,
2025-07-30 13:41:30.100123,PHY,0x4601,2,,na,"[0,",,,11111,,+34.4dB,15.7us,"[0,",1,375.17,normal,0,valid,-11.8dB,-11.8dB,0.16us,+41.7Hz,,"[6,",,1
2025-07-30 13:41:30.100945,PHY,0x4601,1,0,na,"[0,",0,0,1,2486.6,+19.7dB,16.1us,"[0,",1,375.18,normal,0,valid,-14.6dB,-14.7dB,na,na,,,,
2025-07-30 13:41:30.101550,PHY,0x4601,1,0,na,"[0,",0,0,1,2519.3,+19.8dB,15.2us,"[0,",1,375.19,normal,0,valid,-14.7dB,-14.7dB,na,na,,,,
2025-07-30 13:41:30.105615,CSI,0x4601,2,,na,"[0,",,,1,,+33.6dB,11.4us,"[0,",1,376.8,normal,0,valid,-11.8dB,-11.9dB,0.13us,-37.2Hz,,"[6,",1111,1
2025-07-30 13:41:30.106497,PHY,0x4601,1,0,na,"[0,",0,0,1,3663.3,+21.4dB,16.6us,"[0,",1,376.9,normal,0,valid,-14.7dB,-14.7dB,na,na,,,,
2025-07-30 13:41:30.110028,PHY,0x4601,2,,na,"[0,",,,11111,,+31.2dB,15.6us,"[0,",1,376.17,normal,0,valid,-12.0dB,-12.0dB,0.15us,-96.2Hz,,"[6,",,1
2025-07-30 13:41:30.110966,PHY,0x4601,1,0,na,"[0,",0,0,1,2367.3,+19.5dB,20.1us,"[0,",1,376.18,normal,0,valid,-14.7dB,-14.7dB,na,na,,,,
2025-07-30 13:41:30.111451,PHY,0x4601,1,0,na,"[0,",0,0,1,2574.4,+19.9dB,15.4us,"[0,",1,376.19,normal,0,valid,-14.7dB,-14.7dB,na,na,,,,
2025-07-30 13:41:30.116042,PHY,0x4601,1,0,na,"[0,",0,0,1,2537.8,+19.8dB,21.7us,"[0,",1,377.8,normal,0,valid,-14.6dB,-14.7dB,na,na,,,,
2025-07-30 13:41:30.116552,PHY,0x4601,1,0,na,"[0,",0,0,1,2383.4,+19.5dB,15.9us,"[0,",1,377.9,normal,0,valid,-14.7dB,-14.7dB,na,na,,,,
2025-07-30 13:41:30.120072,PHY,0x4601,2,,na,"[0,",,,11111,,+34.5dB,18.1us,"[0,",1,377.17,normal,0,valid,-11.8dB,-11.9dB,0.13us,+56.1Hz,,"[6,",,1
2025-07-30 13:41:30.121046,PHY,0x4601,1,0,na,"[0,",0,0,1,2596.1,+19.9dB,22.5us,"[0,",1,377.18,normal,0,valid,-14.7dB,-14.7dB,na,na,,,,
2025-07-30 13:41:30.121480,PHY,0x4601,1,0,na,"[0,",0,0,1,2590.9,+19.9dB,14.0us,"[0,",1,377.19,normal,0,valid,-14.6dB,-14.7dB,na,na,,,,
2025-07-30 13:41:30.125631,CSI,0x4601,2,,na,"[0,",,,1,,+28.5dB,15.6us,"[0,",1,378.8,normal,0,valid,-11.9dB,-11.9dB,0.14us,-10.8Hz,,"[6,",1111,1
2025-07-30 13:41:30.126457,PHY,0x4601,1,0,na,"[0,",0,0,1,3648.7,+21.4dB,18.4us,"[0,",1,378.9,normal,0,valid,-14.6dB,-14.7dB,na,na,,,,
2025-07-30 13:41:30.130111,PHY,0x4601,2,,na,"[0,",,,11111,,+33.2dB,17.2us,"[0,",1,378.17,normal,0,valid,-11.8dB,-11.8dB,0.13us,+123.1Hz,,"[6,",,1
2025-07-30 13:41:30.131037,PHY,0x4601,1,0,na,"[0,",0,0,1,2349.7,+19.5dB,15.9us,"[0,",1,378.18,normal,0,valid,-14.7dB,-14.7dB,na,na,,,,
2025-07-30 13:41:30.131547,PHY,0x4601,1,0,na,"[0,",0,0,1,2552.3,+19.8dB,15.6us,"[0,",1,378.19,normal,0,valid,-14.6dB,-14.7dB,na,na,,,,
2025-07-30 13:41:30.136030,PHY,0x4601,1,0,na,"[0,",0,0,1,2729.2,+20.1dB,16.5us,"[0,",1,379.8,normal,0,valid,-14.6dB,-14.7dB,na,na,,,,
2025-07-30 13:41:30.136467,PHY,0x4601,1,0,na,"[0,",0,0,1,2377.6,+19.5dB,13.7us,"[0,",1,379.9,normal,0,valid,-14.6dB,-14.7dB,na,na,,,,
2025-07-30 13:41:30.140008,PHY,0x4601,2,,na,"[0,",,,11111,,+33.2dB,15.1us,"[0,",1,379.17,normal,0,valid,-11.9dB,-12.0dB,0.13us,-31.8Hz,,"[6,",,1
2025-07-30 13:41:30.140958,PHY,0x4601,1,0,na,"[0,",0,0,1,2366.9,+19.5dB,17.7us,"[0,",1,379.18,normal,0,valid,-14.7dB,-14.7dB,na,na,,,,
2025-07-30 13:41:30.141537,PHY,0x4601,1,0,na,"[0,",0,0,1,2513.6,+19.7dB,14.2us,"[0,",1,379.19,normal,0,valid,-14.7dB,-14.7dB,na,na,,,,
2025-07-30 13:41:30.145565,CSI,0x4601,2,,na,"[0,",,,1,,+31.4dB,18.4us,"[0,",1,380.8,normal,0,valid,-11.8dB,-11.8dB,0.15us,-66.5Hz,,"[6,",1111,1
2025-07-30 13:41:30.146546,PHY,0x4601,1,0,na,"[0,",0,0,1,3763.4,+21.5dB,16.3us,"[0,",1,380.9,normal,0,valid,-14.7dB,-14.7dB,na,na,,,,
2025-07-30 13:41:30.150063,PHY,0x4601,2,,na,"[0,",,,11111,,+31.4dB,20.9us,"[0,",1,380.17,normal,0,valid,-11.7dB,-11.8dB,0.15us,+26.5Hz,,"[6,",,1
2025-07-30 13:41:30.151032,PHY,0x4601,1,0,na,"[0,",0,0,1,3508.6,+21.2dB,20.1us,"[0,",1,380.18,normal,0,valid,-14.7dB,-14.7dB,na,na,,,,
2025-07-30 13:41:30.151470,PHY,0x4601,1,0,na,"[0,",0,0,1,4069.3,+21.8dB,18.7us,"[0,",1,380.19,normal,0,valid,-14.7dB,-14.7dB,na,na,,,,
2025-07-30 13:41:30.155960,PHY,0x4601,1,0,na,"[0,",0,0,1,2545.2,+19.8dB,17.4us,"[0,",1,381.8,normal,0,valid,-14.7dB,-14.7dB,na,na,,,,
2025-07-30 13:41:30.156537,PHY,0x4601,1,0,na,"[0,",0,0,1,2466.3,+19.6dB,15.0us,"[0,",1,381.9,normal,0,valid,-14.7dB,-14.7dB,na,na,,,,
2025-07-30 13:41:30.160090,PHY,0x4601,2,,na,"[0,",,,11111,,+29.4dB,17.8us,"[0,",1,381.17,normal,0,valid,-11.9dB,-12.0dB,0.14us,+121.6Hz,,"[6,",,1
2025-07-30 13:41:30.161021,PHY,0x4601,1,0,na,"[0,",0,0,1,3805.4,+21.5dB,15.5us,"[0,",1,381.18,normal,0,valid,-14.6dB,-14.7dB,na,na,,,,
2025-07-30 13:41:30.161532,PHY,0x4601,1,0,na,"[0,",0,0,1,3486.7,+21.2dB,14.2us,"[0,",1,381.19,normal,0,valid,-14.7dB,-14.7dB,na,na,,,,
2025-07-30 13:41:30.165587,CSI,0x4601,2,,na,"[0,",,,1,,+31.6dB,11.6us,"[0,",1,382.8,normal,0,valid,-11.8dB,-11.8dB,0.14us,-29.6Hz,,"[6,",1111,1
2025-07-30 13:41:30.166452,PHY,0x4601,1,0,na,"[0,",0,0,1,2515.7,+19.7dB,19.1us,"[0,",1,382.9,normal,0,valid,-14.6dB,-14.7dB,na,na,,,,
2025-07-30 13:41:30.170120,PHY,0x4601,2,,na,"[0,",,,11111,,+30.4dB,18.2us,"[0,",1,382.17,normal,0,valid,-11.8dB,-11.8dB,0.15us,+2.7Hz,,"[6,",,1
2025-07-30 13:41:30.170943,PHY,0x4601,1,0,na,"[0,",0,0,1,2517.7,+19.7dB,16.6us,"[0,",1,382.18,normal,0,valid,-14.6dB,-14.7dB,na,na,,,,
2025-07-30 13:41:30.171528,PHY,0x4601,1,0,na,"[0,",0,0,1,2411.6,+19.6dB,16.1us,"[0,",1,382.19,normal,0,valid,-14.6dB,-14.7dB,na,na,,,,
2025-07-30 13:41:30.176025,PHY,0x4601,1,0,na,"[0,",0,0,1,2628.6,+20.0dB,26.0us,"[0,",1,383.8,normal,0,valid,-14.6dB,-14.7dB,na,na,,,,
2025-07-30 13:41:30.176538,PHY,0x4601,1,0,na,"[0,",0,0,1,2473.5,+19.6dB,15.9us,"[0,",1,383.9,normal,0,valid,-14.7dB,-14.7dB,na,na,,,,
2025-07-30 13:41:30.180042,PHY,0x4601,2,,na,"[0,",,,11111,,+26.7dB,15.4us,"[0,",1,383.17,normal,0,valid,-11.8dB,-11.9dB,0.14us,-2.8Hz,,"[6,",,1
2025-07-30 13:41:30.181024,PHY,0x4601,1,0,na,"[0,",0,0,1,3647.5,+21.3dB,16.2us,"[0,",1,383.18,normal,0,valid,-14.7dB,-14.7dB,na,na,,,,
2025-07-30 13:41:30.181455,PHY,0x4601,1,0,na,"[0,",0,0,1,3767.6,+21.5dB,20.5us,"[0,",1,383.19,normal,0,valid,-14.7dB,-14.7dB,na,na,,,,
2025-07-30 13:41:30.185641,CSI,0x4601,2,,na,"[0,",,,1,,+33.1dB,27.4us,"[0,",1,384.8,normal,0,valid,-11.8dB,-11.8dB,0.14us,+11.3Hz,,"[6,",1111,1
2025-07-30 13:41:30.186537,PHY,0x4601,1,0,na,"[0,",0,0,1,2348.4,+19.4dB,23.8us,"[0,",1,384.9,normal,0,valid,-14.6dB,-14.7dB,na,na,,,,
2025-07-30 13:41:30.190092,PHY,0x4601,2,,na,"[0,",,,11111,,+29.4dB,14.5us,"[0,",1,384.17,normal,0,valid,-11.7dB,-11.8dB,0.15us,+1.7Hz,,"[6,",,1
2025-07-30 13:41:30.191020,PHY,0x4601,1,0,na,"[0,",0,0,1,3630.2,+21.4dB,24.3us,"[0,",1,384.18,normal,0,valid,-14.6dB,-14.6dB,na,na,,,,
2025-07-30 13:41:30.191485,PHY,0x4601,1,0,na,"[0,",0,0,1,3756.0,+21.5dB,14.5us,"[0,",1,384.19,normal,0,valid,-14.7dB,-14.7dB,na,na,,,,
2025-07-30 13:41:30.195979,PHY,0x4601,1,0,na,"[0,",0,0,1,2407.4,+19.6dB,17.3us,"[0,",1,385.8,normal,0,valid,-14.6dB,-14.6dB,na,na,,,,
2025-07-30 13:41:30.196456,PHY,0x4601,1,0,na,"[0,",0,0,1,2361.0,+19.5dB,27.9us,"[0,",1,385.9,normal,0,valid,-14.6dB,-14.7dB,na,na,,,,
2025-07-30 13:41:30.200136,PHY,0x4601,2,,na,"[0,",,,11111,,+32.7dB,17.3us,"[0,",1,385.17,normal,0,valid,-12.0dB,-12.0dB,0.12us,-1.2Hz,,"[6,",,1
2025-07-30 13:41:30.201047,PHY,0x4601,1,0,na,"[0,",0,0,1,2221.1,+19.2dB,16.4us,"[0,",1,385.18,normal,0,valid,-14.7dB,-14.7dB,na,na,,,,
2025-07-30 13:41:30.201518,PHY,0x4601,1,0,na,"[0,",0,0,1,2728.4,+20.1dB,14.3us,"[0,",1,385.19,normal,0,valid,-14.6dB,-14.7dB,na,na,,,,
2025-07-30 13:41:30.205596,CSI,0x4601,2,,na,"[0,",,,1,,+30.4dB,14.2us,"[0,",1,386.8,normal,0,valid,-11.7dB,-11.8dB,0.15us,-1.3Hz,,"[6,",1111,1
2025-07-30 13:41:30.206480,PHY,0x4601,1,0,na,"[0,",0,0,1,3644.2,+21.4dB,20.5us,"[0,",1,386.9,normal,0,valid,-14.7dB,-14.7dB,na,na,,,,
2025-07-30 13:41:30.210017,PHY,0x4601,2,,na,"[0,",,,11111,,+30.7dB,14.0us,"[0,",1,386.17,normal,0,valid,-11.9dB,-12.0dB,0.13us,-2.9Hz,,"[6,",,1
2025-07-30 13:41:30.210957,PHY,0x4601,1,0,na,"[0,",0,0,1,4676.5,+22.4dB,16.8us,"[0,",1,386.18,normal,0,valid,-14.6dB,-14.7dB,na,na,,,,
2025-07-30 13:41:30.211438,PHY,0x4601,1,0,na,"[0,",0,0,1,3770.8,+21.5dB,14.0us,"[0,",1,386.19,normal,0,valid,-14.7dB,-14.7dB,na,na,,,,
2025-07-30 13:41:30.216041,PHY,0x4601,1,0,na,"[0,",0,0,1,2472.5,+19.7dB,16.4us,"[0,",1,387.8,normal,0,valid,-14.6dB,-14.7dB,na,na,,,,
2025-07-30 13:41:30.216521,PHY,0x4601,1,0,na,"[0,",0,0,1,2753.1,+20.1dB,14.9us,"[0,",1,387.9,normal,0,valid,-14.7dB,-14.7dB,na,na,,,,
2025-07-30 13:41:30.220072,PHY,0x4601,2,,na,"[0,",,,11111,,+29.7dB,14.6us,"[0,",1,387.17,normal,0,valid,-11.8dB,-11.8dB,0.15us,+99.8Hz,,"[6,",,1
2025-07-30 13:41:30.220996,PHY,0x4601,1,0,na,"[0,",0,0,1,2592.2,+19.9dB,17.5us,"[0,",1,387.18,normal,0,valid,-14.7dB,-14.7dB,na,na,,,,
2025-07-30 13:41:30.221468,PHY,0x4601,1,0,na,"[0,",0,0,1,2503.5,+19.7dB,13.2us,"[0,",1,387.19,normal,0,valid,-14.6dB,-14.7dB,na,na,,,,
2025-07-30 13:41:30.225602,CSI,0x4601,2,,na,"[0,",,,1,,+33.2dB,13.0us,"[0,",1,388.8,normal,0,valid,-11.7dB,-11.7dB,0.14us,-136.8Hz,,"[6,",1111,1
2025-07-30 13:41:30.226546,PHY,0x4601,1,0,na,"[0,",0,0,1,2452.2,+19.7dB,15.4us,"[0,",1,388.9,normal,0,valid,-14.7dB,-14.7dB,na,na,,,,
2025-07-30 13:41:30.230114,PHY,0x4601,2,,na,"[0,",,,11111,,+35.1dB,13.0us,"[0,",1,388.17,normal,0,valid,-11.8dB,-11.8dB,0.13us,-77.5Hz,,"[6,",,1
2025-07-30 13:41:30.231028,PHY,0x4601,1,0,na,"[0,",0,0,1,2380.9,+19.5dB,16.5us,"[0,",1,388.18,normal,0,valid,-14.7dB,-14.7dB,na,na,,,,
2025-07-30 13:41:30.231513,PHY,0x4601,1,0,na,"[0,",0,0,1,2651.4,+20.0dB,13.8us,"[0,",1,388.19,normal,0,valid,-14.7dB,-14.7dB,na,na,,,,
2025-07-30 13:41:30.235994,PHY,0x4601,1,0,na,"[0,",0,0,1,2506.1,+19.7dB,16.8us,"[0,",1,389.8,normal,0,valid,-14.7dB,-14.7dB,na,na,,,,
2025-07-30 13:41:30.236462,PHY,0x4601,1,0,na,"[0,",0,0,1,2574.7,+19.9dB,14.2us,"[0,",1,389.9,normal,0,valid,-14.6dB,-14.7dB,na,na,,,,
2025-07-30 13:41:30.240139,PHY,0x4601,2,,na,"[0,",,,11111,,+30.0dB,15.6us,"[0,",1,389.17,normal,0,valid,-11.8dB,-11.8dB,0.15us,+5.7Hz,,"[6,",,1
2025-07-30 13:41:30.240950,PHY,0x4601,1,0,na,"[0,",0,0,1,2517.4,+19.7dB,18.7us,"[0,",1,389.18,normal,0,valid,-14.7dB,-14.7dB,na,na,,,,
2025-07-30 13:41:30.241538,PHY,0x4601,1,0,na,"[0,",0,0,1,2422.2,+19.6dB,13.3us,"[0,",1,389.19,normal,0,valid,-14.6dB,-14.7dB,na,na,,,,
2025-07-30 13:41:30.245579,CSI,0x4601,2,,na,"[0,",,,1,,+30.8dB,16.1us,"[0,",1,390.8,normal,0,valid,-11.8dB,-11.8dB,0.14us,-34.0Hz,,"[6,",1111,1
2025-07-30 13:41:30.246513,PHY,0x4601,1,0,na,"[0,",0,0,1,2449.6,+19.6dB,20.9us,"[0,",1,390.9,normal,0,valid,-14.7dB,-14.7dB,na,na,,,,
2025-07-30 13:41:30.250072,PHY,0x4601,2,,na,"[0,",,,11111,,+34.7dB,14.2us,"[0,",1,390.17,normal,0,valid,-11.9dB,-11.9dB,0.15us,+5.5Hz,,"[6,",,1
2025-07-30 13:41:30.250986,PHY,0x4601,1,0,na,"[0,",0,0,1,2712.2,+20.0dB,18.2us,"[0,",1,390.18,normal,0,valid,-14.6dB,-14.7dB,na,na,,,,
2025-07-30 13:41:30.251459,PHY,0x4601,1,0,na,"[0,",0,0,1,2326.7,+19.4dB,16.2us,"[0,",1,390.19,normal,0,valid,-14.6dB,-14.7dB,na,na,,,,
2025-07-30 13:41:30.255950,PHY,0x4601,1,0,na,"[0,",0,0,1,2558.5,+19.8dB,16.9us,"[0,",1,391.8,normal,0,valid,-14.6dB,-14.7dB,na,na,,,,
2025-07-30 13:41:30.256535,PHY,0x4601,1,0,na,"[0,",0,0,1,2451.2,+19.6dB,16.7us,"[0,",1,391.9,normal,0,valid,-14.6dB,-14.7dB,na,na,,,,
2025-07-30 13:41:30.260084,PHY,0x4601,2,,na,"[0,",,,11111,,+30.8dB,16.8us,"[0,",1,391.17,normal,0,valid,-11.9dB,-11.9dB,0.14us,+138.1Hz,,"[6,",,1
2025-07-30 13:41:30.261016,PHY,0x4601,1,0,na,"[0,",0,0,1,2409.8,+19.5dB,17.5us,"[0,",1,391.18,normal,0,valid,-14.6dB,-14.7dB,na,na,,,,
2025-07-30 13:41:30.261505,PHY,0x4601,1,0,na,"[0,",0,0,1,2277.8,+19.3dB,24.5us,"[0,",1,391.19,normal,0,valid,-14.6dB,-14.7dB,na,na,,,,
2025-07-30 13:41:30.265631,CSI,0x4601,2,,na,"[0,",,,1,,+34.6dB,18.4us,"[0,",1,392.8,normal,0,valid,-11.7dB,-11.7dB,0.15us,-6.5Hz,,"[6,",1111,1
2025-07-30 13:41:30.266446,PHY,0x4601,1,0,na,"[0,",0,0,1,2502.1,+19.7dB,16.4us,"[0,",1,392.9,normal,0,valid,-14.7dB,-14.7dB,na,na,,,,
2025-07-30 13:41:30.270109,PHY,0x4601,2,,na,"[0,",,,11111,,+28.6dB,16.6us,"[0,",1,392.17,normal,0,valid,-11.8dB,-11.8dB,0.14us,-13.7Hz,,"[6,",,1
2025-07-30 13:41:30.270938,PHY,0x4601,1,0,na,"[0,",0,0,1,3951.0,+21.7dB,15.7us,"[0,",1,392.18,normal,0,valid,-14.7dB,-14.7dB,na,na,,,,
2025-07-30 13:41:30.271526,PHY,0x4601,1,0,na,"[0,",0,0,1,3569.4,+21.3dB,13.9us,"[0,",1,392.19,normal,0,valid,-14.6dB,-14.7dB,na,na,,,,
2025-07-30 13:41:30.276027,PHY,0x4601,1,0,na,"[0,",0,0,1,2631.2,+19.9dB,18.7us,"[0,",1,393.8,normal,0,valid,-14.6dB,-14.7dB,na,na,,,,
2025-07-30 13:41:30.276499,PHY,0x4601,1,0,na,"[0,",0,0,1,2495.0,+19.7dB,15.4us,"[0,",1,393.9,normal,0,valid,-14.7dB,-14.7dB,na,na,,,,
2025-07-30 13:41:30.280058,PHY,0x4601,2,,na,"[0,",,,11111,,+31.4dB,16.3us,"[0,",1,393.17,normal,0,valid,-11.9dB,-11.9dB,0.13us,+72.2Hz,,"[6,",,1
2025-07-30 13:41:30.280977,PHY,0x4601,1,0,na,"[0,",0,0,1,2476.0,+19.7dB,16.4us,"[0,",1,393.18,normal,0,valid,-14.6dB,-14.7dB,na,na,,,,
2025-07-30 13:41:30.281455,PHY,0x4601,1,0,na,"[0,",0,0,1,2643.6,+20.0dB,20.9us,"[0,",1,393.19,normal,0,valid,-14.6dB,-14.7dB,na,na,,,,
2025-07-30 13:41:30.285573,CSI,0x4601,2,,na,"[0,",,,1,,+34.9dB,13.0us,"[0,",1,394.8,normal,0,valid,-11.8dB,-11.8dB,0.16us,-81.3Hz,,"[6,",1111,1
2025-07-30 13:41:30.286515,PHY,0x4601,1,0,na,"[0,",0,0,1,3762.4,+21.5dB,16.1us,"[0,",1,394.9,normal,0,valid,-14.7dB,-14.7dB,na,na,,,,
2025-07-30 13:41:30.290089,PHY,0x4601,2,,na,"[0,",,,11111,,+30.7dB,13.9us,"[0,",1,394.17,normal,0,valid,-11.9dB,-11.9dB,0.13us,+68.3Hz,,"[6,",,1
2025-07-30 13:41:30.291008,PHY,0x4601,1,0,na,"[0,",0,0,1,3448.8,+21.1dB,22.5us,"[0,",1,394.18,normal,0,valid,-14.7dB,-14.7dB,na,na,,,,
2025-07-30 13:41:30.291480,PHY,0x4601,1,0,na,"[0,",0,0,1,3914.4,+21.7dB,13.4us,"[0,",1,394.19,normal,0,valid,-14.6dB,-14.7dB,na,na,,,,
2025-07-30 13:41:30.295973,PHY,0x4601,1,0,na,"[0,",0,0,1,2666.7,+20.0dB,16.1us,"[0,",1,395.8,normal,0,valid,-14.6dB,-14.7dB,na,na,,,,
2025-07-30 13:41:30.296448,PHY,0x4601,1,0,na,"[0,",0,0,1,2336.9,+19.4dB,18.7us,"[0,",1,395.9,normal,0,valid,-14.7dB,-14.7dB,na,na,,,,
2025-07-30 13:41:30.300120,PHY,0x4601,2,,na,"[0,",,,11111,,+32.7dB,15.6us,"[0,",1,395.17,normal,0,valid,-12.0dB,-12.0dB,0.12us,-59.5Hz,,"[6,",,1
2025-07-30 13:41:30.301062,PHY,0x4601,1,0,na,"[0,",0,0,1,3813.5,+21.6dB,15.5us,"[0,",1,395.18,normal,0,valid,-14.6dB,-14.7dB,na,na,,,,
2025-07-30 13:41:30.301522,PHY,0x4601,1,0,na,"[0,",0,0,1,3237.4,+20.8dB,14.5us,"[0,",1,395.19,normal,0,valid,-14.7dB,-14.7dB,na,na,,,,
2025-07-30 13:41:30.305630,CSI,0x4601,2,,na,"[0,",,,1,,+33.3dB,11.4us,"[0,",1,396.8,normal,0,valid,-11.8dB,-11.8dB,0.13us,+47.0Hz,,"[6,",1111,1
2025-07-30 13:41:30.306469,PHY,0x4601,1,0,na,"[0,",0,0,1,2357.9,+19.4dB,16.3us,"[0,",1,396.9,normal,0,valid,-14.6dB,-14.7dB,na,na,,,,
2025-07-30 13:41:30.310054,PHY,0x4601,2,,na,"[0,",,,11111,,+31.7dB,18.5us,"[0,",1,396.17,normal,0,valid,-11.9dB,-11.9dB,0.12us,-53.2Hz,,"[6,",,1
2025-07-30 13:41:30.310961,PHY,0x4601,1,0,na,"[0,",0,0,1,3822.5,+21.6dB,16.5us,"[0,",1,396.18,normal,0,valid,-14.7dB,-14.7dB,na,na,,,,
2025-07-30 13:41:30.311567,PHY,0x4601,1,0,na,"[0,",0,0,1,3900.2,+21.7dB,15.2us,"[0,",1,396.19,normal,0,valid,-14.7dB,-14.7dB,na,na,,,,
2025-07-30 13:41:30.316059,PHY,0x4601,1,0,na,"[0,",0,0,1,2523.8,+19.8dB,16.5us,"[0,",1,397.8,normal,0,valid,-14.6dB,-14.7dB,na,na,,,,
2025-07-30 13:41:30.316510,PHY,0x4601,1,0,na,"[0,",0,0,1,2445.4,+19.6dB,14.6us,"[0,",1,397.9,normal,0,valid,-14.7dB,-14.7dB,na,na,,,,
2025-07-30 13:41:30.320059,PHY,0x4601,2,,na,"[0,",,,11111,,+34.2dB,24.7us,"[0,",1,397.17,normal,0,valid,-11.9dB,-11.9dB,0.14us,-76.3Hz,,"[6,",,1
2025-07-30 13:41:30.320985,PHY,0x4601,1,0,na,"[0,",0,0,1,2594.5,+19.9dB,19.5us,"[0,",1,397.18,normal,0,valid,-14.7dB,-14.7dB,na,na,,,,
2025-07-30 13:41:30.321466,PHY,0x4601,1,0,na,"[0,",0,0,1,2357.6,+19.4dB,16.0us,"[0,",1,397.19,normal,0,valid,-14.6dB,-14.7dB,na,na,,,,
2025-07-30 13:41:30.325584,CSI,0x4601,2,,na,"[0,",,,1,,+35.4dB,12.1us,"[0,",1,398.8,normal,0,valid,-11.8dB,-11.8dB,0.15us,-93.2Hz,,"[6,",1111,1
2025-07-30 13:41:30.326566,PHY,0x4601,1,0,na,"[0,",0,0,1,3578.8,+21.3dB,17.6us,"[0,",1,398.9,normal,0,valid,-14.7dB,-14.7dB,na,na,,,,
2025-07-30 13:41:30.330100,PHY,0x4601,2,,na,"[0,",,,11111,,+29.2dB,14.8us,"[0,",1,398.17,normal,0,valid,-11.8dB,-11.8dB,0.14us,+50.2Hz,,"[6,",,1
2025-07-30 13:41:30.331051,PHY,0x4601,1,0,na,"[0,",0,0,1,3553.3,+21.3dB,16.8us,"[0,",1,398.18,normal,0,valid,-14.7dB,-14.7dB,na,na,,,,
2025-07-30 13:41:30.331493,PHY,0x4601,1,0,na,"[0,",0,0,1,3669.8,+21.4dB,15.6us,"[0,",1,398.19,normal,0,valid,-14.7dB,-14.7dB,na,na,,,,
2025-07-30 13:41:30.335978,PHY,0x4601,1,0,na,"[0,",0,0,1,2461.3,+19.6dB,16.0us,"[0,",1,399.8,normal,0,valid,-14.6dB,-14.7dB,na,na,,,,
2025-07-30 13:41:30.336462,PHY,0x4601,1,0,na,"[0,",0,0,1,2322.2,+19.4dB,15.8us,"[0,",1,399.9,normal,0,valid,-14.7dB,-14.7dB,na,na,,,,
2025-07-30 13:41:30.340122,PHY,0x4601,2,,na,"[0,",,,11111,,+33.0dB,15.7us,"[0,",1,399.17,normal,0,valid,-11.8dB,-11.8dB,0.13us,+106.6Hz,,"[6,",,1
2025-07-30 13:41:30.340957,PHY,0x4601,1,0,na,"[0,",0,0,1,2400.4,+19.5dB,16.4us,"[0,",1,399.18,normal,0,valid,-14.6dB,-14.7dB,na,na,,,,
2025-07-30 13:41:30.341554,PHY,0x4601,1,0,na,"[0,",0,0,1,2581.4,+19.8dB,15.4us,"[0,",1,399.19,normal,0,valid,-14.6dB,-14.7dB,na,na,,,,
2025-07-30 13:41:30.345624,CSI,0x4601,2,,na,"[0,",,,1,,+34.6dB,12.4us,"[0,",1,400.8,normal,0,valid,-11.9dB,-11.9dB,0.14us,+12.9Hz,,"[6,",1111,1
2025-07-30 13:41:30.346493,PHY,0x4601,1,0,na,"[0,",0,0,1,2241.1,+19.2dB,18.6us,"[0,",1,400.9,normal,0,valid,-14.7dB,-14.7dB,na,na,,,,
2025-07-30 13:41:30.350031,PHY,0x4601,2,,na,"[0,",,,11111,,+28.8dB,14.9us,"[0,",1,400.17,normal,0,valid,-11.8dB,-11.9dB,0.13us,+69.7Hz,,"[6,",,1
2025-07-30 13:41:30.350973,PHY,0x4601,1,0,na,"[0,",0,0,1,2608.9,+19.9dB,16.6us,"[0,",1,400.18,normal,0,valid,-14.6dB,-14.6dB,na,na,,,,
2025-07-30 13:41:30.351468,PHY,0x4601,1,0,na,"[0,",0,0,1,2387.5,+19.5dB,16.2us,"[0,",1,400.19,normal,0,valid,-14.6dB,-14.7dB,na,na,,,,
2025-07-30 13:41:30.355951,PHY,0x4601,1,0,na,"[0,",0,0,1,2651.5,+20.0dB,16.3us,"[0,",1,401.8,normal,0,valid,-14.6dB,-14.7dB,na,na,,,,
2025-07-30 13:41:30.356549,PHY,0x4601,1,0,na,"[0,",0,0,1,2468.7,+19.7dB,14.0us,"[0,",1,401.9,normal,0,valid,-14.6dB,-14.7dB,na,na,,,,
2025-07-30 13:41:30.360091,PHY,0x4601,2,,na,"[0,",,,11111,,+30.7dB,17.5us,"[0,",1,401.17,normal,0,valid,-11.8dB,-11.8dB,0.14us,+35.6Hz,,"[6,",,1
2025-07-30 13:41:30.361049,PHY,0x4601,1,0,na,"[0,",0,0,1,2524.0,+19.8dB,15.6us,"[0,",1,401.18,normal,0,valid,-14.7dB,-14.7dB,na,na,,,,
2025-07-30 13:41:30.361480,PHY,0x4601,1,0,na,"[0,",0,0,1,2371.9,+19.5dB,14.7us,"[0,",1,401.19,normal,0,valid,-14.7dB,-14.7dB,na,na,,,,
2025-07-30 13:41:30.365641,CSI,0x4601,2,,na,"[0,",,,1,,+30.9dB,21.6us,"[0,",1,402.8,normal,0,valid,-11.8dB,-11.8dB,0.14us,-20.5Hz,,"[6,",1111,1
2025-07-30 13:41:30.366473,PHY,0x4601,1,0,na,"[0,",0,0,1,3364.2,+21.0dB,16.4us,"[0,",1,402.9,normal,0,valid,-14.6dB,-14.6dB,na,na,,,,
2025-07-30 13:41:30.370110,PHY,0x4601,2,,na,"[0,",,,11111,,+29.5dB,15.3us,"[0,",1,402.17,normal,0,valid,-11.9dB,-11.9dB,0.15us,+30.8Hz,,"[6,",,1
2025-07-30 13:41:30.371041,PHY,0x4601,1,0,na,"[0,",0,0,1,2480.4,+19.7dB,16.6us,"[0,",1,402.18,normal,0,valid,-14.6dB,-14.7dB,na,na,,,,
2025-07-30 13:41:30.371545,PHY,0x4601,1,0,na,"[0,",0,0,1,2326.7,+19.4dB,15.6us,"[0,",1,402.19,normal,0,valid,-14.7dB,-14.7dB,na,na,,,,
2025-07-30 13:41:30.376045,PHY,0x4601,1,0,na,"[0,",0,0,1,2477.3,+19.7dB,17.2us,"[0,",1,403.8,normal,0,valid,-14.6dB,-14.7dB,na,na,,,,
2025-07-30 13:41:30.376482,PHY,0x4601,1,0,na,"[0,",0,0,1,2313.4,+19.4dB,24.9us,"[0,",1,403.9,normal,0,valid,-14.7dB,-14.7dB,na,na,,,,
2025-07-30 13:41:30.380016,PHY,0x4601,2,,na,"[0,",,,11111,,+33.7dB,16.8us,"[0,",1,403.17,normal,0,valid,-11.9dB,-11.9dB,0.12us,-124.0Hz,,"[6,",,1
2025-07-30 13:41:30.380962,PHY,0x4601,1,0,na,"[0,",0,0,1,3310.6,+20.9dB,18.3us,"[0,",1,403.18,normal,0,valid,-14.6dB,-14.7dB,na,na,,,,
2025-07-30 13:41:30.381446,PHY,0x4601,1,0,na,"[0,",0,0,1,3367.7,+21.0dB,14.0us,"[0,",1,403.19,normal,0,valid,-14.6dB,-14.7dB,na,na,,,,
2025-07-30 13:41:30.385584,CSI,0x4601,2,,na,"[0,",,,1,,+33.5dB,15.7us,"[0,",1,404.8,normal,0,valid,-11.8dB,-11.8dB,0.13us,-64.7Hz,,"[6,",1111,1
2025-07-30 13:41:30.386560,PHY,0x4601,1,0,na,"[0,",0,0,1,3790.9,+21.5dB,18.2us,"[0,",1,404.9,normal,0,valid,-14.7dB,-14.7dB,na,na,,,,
2025-07-30 13:41:30.390058,PHY,0x4601,2,,na,"[0,",,,11111,,+35.4dB,14.0us,"[0,",1,404.17,normal,0,valid,-11.9dB,-11.9dB,0.14us,+96.4Hz,,"[6,",,1
2025-07-30 13:41:30.391038,PHY,0x4601,1,0,na,"[0,",0,0,1,4105.6,+21.9dB,16.7us,"[0,",1,404.18,normal,0,valid,-14.6dB,-14.7dB,na,na,,,,
2025-07-30 13:41:30.391472,PHY,0x4601,1,0,na,"[0,",0,0,1,4490.1,+22.3dB,17.9us,"[0,",1,404.19,normal,0,valid,-14.6dB,-14.6dB,na,na,,,,
2025-07-30 13:41:30.395968,PHY,0x4601,1,0,na,"[0,",0,0,1,2370.7,+19.5dB,16.7us,"[0,",1,405.8,normal,0,valid,-14.7dB,-14.7dB,na,na,,,,
2025-07-30 13:41:30.396541,PHY,0x4601,1,0,na,"[0,",0,0,1,2423.0,+19.6dB,15.1us,"[0,",1,405.9,normal,0,valid,-14.7dB,-14.7dB,na,na,,,,
2025-07-30 13:41:30.400111,PHY,0x4601,2,,na,"[0,",,,11111,,+30.9dB,14.1us,"[0,",1,405.17,normal,0,valid,-11.8dB,-11.9dB,0.15us,+68.3Hz,,"[6,",,1
2025-07-30 13:41:30.401024,PHY,0x4601,1,0,na,"[0,",0,0,1,2401.7,+19.5dB,15.9us,"[0,",1,405.18,normal,0,valid,-14.6dB,-14.7dB,na,na,,,,
2025-07-30 13:41:30.401551,PHY,0x4601,1,0,na,"[0,",0,0,1,2540.3,+19.8dB,20.5us,"[0,",1,405.19,normal,0,valid,-14.7dB,-14.7dB,na,na,,,,
2025-07-30 13:41:30.405592,CSI,0x4601,2,,na,"[0,",,,1,,+32.7dB,12.3us,"[0,",1,406.8,normal,0,valid,-11.9dB,-11.9dB,0.15us,-90.0Hz,,"[6,",1111,1
2025-07-30 13:41:30.406471,PHY,0x4601,1,0,na,"[0,",0,0,1,2443.5,+19.6dB,16.9us,"[0,",1,406.9,normal,0,valid,-14.6dB,-14.7dB,na,na,,,,
2025-07-30 13:41:30.410117,PHY,0x4601,2,,na,"[0,",,,11111,,+30.0dB,14.9us,"[0,",1,406.17,normal,0,valid,-11.9dB,-11.9dB,0.14us,-10.5Hz,,"[6,",,1
2025-07-30 13:41:30.410955,PHY,0x4601,1,0,na,"[0,",0,0,1,2832.5,+20.3dB,18.9us,"[0,",1,406.18,normal,0,valid,-14.7dB,-14.7dB,na,na,,,,
2025-07-30 13:41:30.411537,PHY,0x4601,1,0,na,"[0,",0,0,1,2676.0,+20.0dB,13.6us,"[0,",1,406.19,normal,0,valid,-14.6dB,-14.7dB,na,na,,,,
2025-07-30 13:41:30.416020,PHY,0x4601,1,0,na,"[0,",0,0,0,2359.9,+19.4dB,16.9us,"[0,",1,407.8,normal,0,valid,-14.6dB,-14.7dB,na,na,,,,
2025-07-30 13:41:30.416547,PHY,0x4601,1,0,na,"[0,",0,0,1,2411.0,+19.6dB,14.7us,"[0,",1,407.9,normal,0,valid,-14.7dB,-14.7dB,na,na,,,,
2025-07-30 13:41:30.420046,PHY,0x4601,2,,na,"[0,",,,11111,,+30.5dB,21.6us,"[0,",1,407.17,normal,0,valid,-11.9dB,-11.9dB,0.15us,-49.9Hz,,"[6,",,1
2025-07-30 13:41:30.421021,PHY,0x4601,1,0,na,"[0,",0,0,1,3738.1,+21.5dB,16.0us,"[0,",1,407.18,normal,0,valid,-14.6dB,-14.6dB,na,na,,,,
2025-07-30 13:41:30.421454,PHY,0x4601,1,0,na,"[0,",0,0,1,3536.8,+21.2dB,14.2us,"[0,",1,407.19,normal,0,valid,-14.7dB,-14.7dB,na,na,,,,
2025-07-30 13:41:30.425635,CSI,0x4601,2,,na,"[0,",,,1,,+34.5dB,15.5us,"[0,",1,408.8,normal,0,valid,-11.8dB,-11.8dB,0.16us,-19.0Hz,,"[6,",1111,1
2025-07-30 13:41:30.426524,PHY,0x4601,1,0,na,"[0,",0,0,1,2370.2,+19.5dB,15.9us,"[0,",1,408.9,normal,0,valid,-14.7dB,-14.7dB,na,na,,,,
2025-07-30 13:41:30.430087,PHY,0x4601,2,,na,"[0,",,,11111,,+27.2dB,13.3us,"[0,",1,408.17,normal,0,valid,-12.0dB,-12.0dB,0.14us,-49.6Hz,,"[6,",,1
2025-07-30 13:41:30.431009,PHY,0x4601,1,0,na,"[0,",0,0,1,3863.0,+21.6dB,16.2us,"[0,",1,408.18,normal,0,valid,-14.6dB,-14.7dB,na,na,,,,
2025-07-30 13:41:30.431531,PHY,0x4601,1,0,na,"[0,",0,0,1,3579.2,+21.3dB,14.2us,"[0,",1,408.19,normal,0,valid,-14.6dB,-14.7dB,na,na,,,,
2025-07-30 13:41:30.435983,PHY,0x4601,1,0,na,"[0,",0,0,1,2375.4,+19.5dB,19.6us,"[0,",1,409.8,normal,0,valid,-14.6dB,-14.7dB,na,na,,,,
2025-07-30 13:41:30.436443,PHY,0x4601,1,0,na,"[0,",0,0,1,2485.7,+19.7dB,16.1us,"[0,",1,409.9,normal,0,valid,-14.6dB,-14.7dB,na,na,,,,
2025-07-30 13:41:30.440125,PHY,0x4601,2,,na,"[0,",,,11111,,+32.8dB,18.0us,"[0,",1,409.17,normal,0,valid,-11.9dB,-12.0dB,0.14us,+31.8Hz,,"[6,",,1
2025-07-30 13:41:30.440939,PHY,0x4601,1,0,na,"[0,",0,0,1,2102.0,+19.0dB,17.1us,"[0,",1,409.18,normal,0,valid,-14.7dB,-14.7dB,na,na,,,,
2025-07-30 13:41:30.441521,PHY,0x4601,1,0,na,"[0,",0,0,1,2414.2,+19.6dB,16.2us,"[0,",1,409.19,normal,0,valid,-14.6dB,-14.6dB,na,na,,,,
2025-07-30 13:41:30.445618,CSI,0x4601,2,,na,"[0,",,,1,,+29.2dB,15.7us,"[0,",1,410.8,normal,0,valid,-11.7dB,-11.7dB,0.14us,-21.3Hz,,"[6,",1111,1
2025-07-30 13:41:30.446533,PHY,0x4601,1,0,na,"[0,",0,0,1,3464.3,+21.2dB,16.7us,"[0,",1,410.9,normal,0,valid,-14.7dB,-14.7dB,na,na,,,,
2025-07-30 13:41:30.450023,PHY,0x4601,2,,na,"[0,",,,11111,,+31.7dB,15.2us,"[0,",1,410.17,normal,0,valid,-11.8dB,-11.8dB,0.13us,+37.4Hz,,"[6,",,1
2025-07-30 13:41:30.450965,PHY,0x4601,1,0,na,"[0,",0,0,1,2515.5,+19.8dB,16.4us,"[0,",1,410.18,normal,0,valid,-14.7dB,-14.7dB,na,na,,,,
2025-07-30 13:41:30.451443,PHY,0x4601,1,0,na,"[0,",0,0,1,2434.4,+19.6dB,14.9us,"[0,",1,410.19,normal,0,valid,-14.7dB,-14.7dB,na,na,,,,
2025-07-30 13:41:30.456051,PHY,0x4601,1,0,na,"[0,",0,0,1,2584.9,+19.9dB,20.2us,"[0,",1,411.8,normal,0,valid,-14.7dB,-14.7dB,na,na,,,,
2025-07-30 13:41:30.456521,PHY,0x4601,1,0,na,"[0,",0,0,1,2455.4,+19.6dB,15.8us,"[0,",1,411.9,normal,0,valid,-14.7dB,-14.8dB,na,na,,,,
2025-07-30 13:41:30.460055,PHY,0x4601,2,,na,"[0,",,,11111,,+28.2dB,14.9us,"[0,",1,411.17,normal,0,valid,-12.0dB,-12.0dB,0.15us,-7.9Hz,,"[6,",,1
2025-07-30 13:41:30.461000,PHY,0x4601,1,0,na,"[0,",0,0,1,2449.0,+19.6dB,16.7us,"[0,",1,411.18,normal,0,valid,-14.7dB,-14.8dB,na,na,,,,
2025-07-30 13:41:30.461476,PHY,0x4601,1,0,na,"[0,",0,0,1,2544.8,+19.8dB,13.7us,"[0,",1,411.19,normal,0,valid,-14.7dB,-14.7dB,na,na,,,,
2025-07-30 13:41:30.465614,CSI,0x4601,2,,na,"[0,",,,1,,+32.6dB,16.9us,"[0,",1,412.8,normal,0,valid,-11.7dB,-11.7dB,0.13us,-133.8Hz,,"[6,",1111,1
2025-07-30 13:41:30.466448,PHY,0x4601,1,0,na,"[0,",0,0,1,3784.0,+21.5dB,20.8us,"[0,",1,412.9,normal,0,valid,-14.7dB,-14.7dB,na,na,,,,
2025-07-30 13:41:30.470119,PHY,0x4601,2,,na,"[0,",,,11111,,+29.6dB,17.2us,"[0,",1,412.17,normal,0,valid,-11.9dB,-11.9dB,0.14us,+86.4Hz,,"[6,",,1
2025-07-30 13:41:30.471041,PHY,0x4601,1,0,na,"[0,",0,0,1,2472.8,+19.7dB,17.5us,"[0,",1,412.18,normal,0,valid,-14.7dB,-14.7dB,na,na,,,,
2025-07-30 13:41:30.471507,PHY,0x4601,1,0,na,"[0,",0,0,1,2450.6,+19.7dB,13.6us,"[0,",1,412.19,normal,0,valid,-14.7dB,-14.7dB,na,na,,,,
2025-07-30 13:41:30.475998,PHY,0x4601,1,0,na,"[0,",0,0,1,2474.0,+19.7dB,16.7us,"[0,",1,413.8,normal,0,valid,-14.6dB,-14.7dB,na,na,,,,
2025-07-30 13:41:30.476460,PHY,0x4601,1,0,na,"[0,",0,0,1,2385.3,+19.5dB,13.5us,"[0,",1,413.9,normal,0,valid,-14.7dB,-14.7dB,na,na,,,,
2025-07-30 13:41:30.480011,PHY,0x4601,2,,na,"[0,",,,11111,,+32.1dB,14.2us,"[0,",1,413.17,normal,0,valid,-11.9dB,-11.9dB,0.13us,+90.6Hz,,"[6,",,1
2025-07-30 13:41:30.480954,PHY,0x4601,1,0,na,"[0,",0,0,1,2103.0,+19.0dB,16.4us,"[0,",1,413.18,normal,0,valid,-14.7dB,-14.7dB,na,na,,,,
2025-07-30 13:41:30.481546,PHY,0x4601,1,0,na,"[0,",0,0,1,2403.3,+19.5dB,15.4us,"[0,",1,413.19,normal,0,valid,-14.6dB,-14.7dB,na,na,,,,
2025-07-30 13:41:30.485590,CSI,0x4601,2,,na,"[0,",,,1,,+33.6dB,14.5us,"[0,",1,414.8,normal,0,valid,-11.7dB,-11.7dB,0.14us,-8.6Hz,,"[6,",1111,1
2025-07-30 13:41:30.486508,PHY,0x4601,1,0,na,"[0,",0,0,1,3577.8,+21.3dB,16.1us,"[0,",1,414.9,normal,0,valid,-14.7dB,-14.7dB,na,na,,,,
2025-07-30 13:41:30.490075,PHY,0x4601,2,,na,"[0,",,,11111,,+32.1dB,14.4us,"[0,",1,414.17,normal,0,valid,-12.0dB,-12.0dB,0.15us,-25.9Hz,,"[6,",,1
2025-07-30 13:41:30.490987,PHY,0x4601,1,0,na,"[0,",0,0,1,3999.2,+21.7dB,16.4us,"[0,",1,414.18,normal,0,valid,-14.7dB,-14.7dB,na,na,,,,
2025-07-30 13:41:30.491459,PHY,0x4601,1,0,na,"[0,",0,0,1,3537.2,+21.2dB,14.3us,"[0,",1,414.19,normal,0,valid,-14.7dB,-14.7dB,na,na,,,,
2025-07-30 13:41:30.495955,PHY,0x4601,1,0,na,"[0,",0,0,1,2479.0,+19.7dB,20.8us,"[0,",1,415.8,normal,0,valid,-14.6dB,-14.7dB,na,na,,,,
2025-07-30 13:41:30.496541,PHY,0x4601,1,0,na,"[0,",0,0,1,2348.5,+19.5dB,14.9us,"[0,",1,415.9,normal,0,valid,-14.7dB,-14.7dB,na,na,,,,
2025-07-30 13:41:30.500089,PHY,0x4601,2,,na,"[0,",,,11111,,+30.9dB,17.2us,"[0,",1,415.17,normal,0,valid,-11.8dB,-11.9dB,0.15us,+59.6Hz,,"[6,",,1
2025-07-30 13:41:30.501028,PHY,0x4601,1,0,na,"[0,",0,0,1,2269.6,+19.3dB,16.0us,"[0,",1,415.18,normal,0,valid,-14.7dB,-14.7dB,na,na,,,,
2025-07-30 13:41:30.501494,PHY,0x4601,1,0,na,"[0,",0,0,1,2252.3,+19.3dB,14.1us,"[0,",1,415.19,normal,0,valid,-14.7dB,-14.7dB,na,na,,,,
2025-07-30 13:41:30.505585,CSI,0x4601,2,,na,"[0,",,,1,,+30.1dB,12.0us,"[0,",1,416.8,normal,0,valid,-11.8dB,-11.8dB,0.14us,-16.5Hz,,"[6,",1111,1
2025-07-30 13:41:30.506456,PHY,0x4601,1,0,na,"[0,",0,0,1,2432.7,+19.6dB,17.4us,"[0,",1,416.9,normal,0,valid,-14.7dB,-14.8dB,na,na,,,,
2025-07-30 13:41:30.510135,PHY,0x4601,2,,na,"[0,",,,11111,,+31.2dB,17.7us,"[0,",1,416.17,normal,0,valid,-11.8dB,-11.9dB,0.14us,+42.9Hz,,"[6,",,1
2025-07-30 13:41:30.510942,PHY,0x4601,1,0,na,"[0,",0,0,1,2322.1,+19.4dB,15.4us,"[0,",1,416.18,normal,0,valid,-14.6dB,-14.7dB,na,na,,,,
2025-07-30 13:41:30.511523,PHY,0x4601,1,0,na,"[0,",0,0,1,2347.0,+19.4dB,14.2us,"[0,",1,416.19,normal,0,valid,-14.7dB,-14.7dB,na,na,,,,
2025-07-30 13:41:30.516011,PHY,0x4601,1,0,na,"[0,",0,0,1,2471.4,+19.7dB,16.5us,"[0,",1,417.8,normal,0,valid,-14.6dB,-14.7dB,na,na,,,,
2025-07-30 13:41:30.516495,PHY,0x4601,1,0,na,"[0,",0,0,1,2373.9,+19.5dB,14.7us,"[0,",1,417.9,normal,0,valid,-14.7dB,-14.7dB,na,na,,,,
2025-07-30 13:41:30.520064,PHY,0x4601,2,,na,"[0,",,,11111,,+30.3dB,16.0us,"[0,",1,417.17,normal,0,valid,-11.9dB,-11.9dB,0.14us,-66.1Hz,,"[6,",,1
2025-07-30 13:41:30.520987,PHY,0x4601,1,0,na,"[0,",0,0,1,4078.4,+21.9dB,18.0us,"[0,",1,417.18,normal,0,valid,-14.7dB,-14.7dB,na,na,,,,
2025-07-30 13:41:30.521448,PHY,0x4601,1,0,na,"[0,",0,0,1,3848.4,+21.6dB,15.3us,"[0,",1,417.19,normal,0,valid,-14.7dB,-14.7dB,na,na,,,,
2025-07-30 13:41:30.525594,CSI,0x4601,2,,na,"[0,",,,1,,+32.7dB,15.8us,"[0,",1,418.8,normal,0,valid,-11.8dB,-11.8dB,0.15us,-69.8Hz,,"[6,",1111,1
2025-07-30 13:41:30.526538,PHY,0x4601,1,0,na,"[0,",0,0,1,2293.4,+19.3dB,22.9us,"[0,",1,418.9,normal,0,valid,-14.7dB,-14.7dB,na,na,,,,
2025-07-30 13:41:30.530090,PHY,0x4601,2,,na,"[0,",,,11111,,+30.3dB,23.6us,"[0,",1,418.17,normal,0,valid,-11.9dB,-11.9dB,0.12us,-13.3Hz,,"[6,",,1
2025-07-30 13:41:30.531015,PHY,0x4601,1,0,na,"[0,",0,0,1,3881.5,+21.6dB,26.4us,"[0,",1,418.18,normal,0,valid,-14.7dB,-14.7dB,na,na,,,,
2025-07-30 13:41:30.531486,PHY,0x4601,1,0,na,"[0,",0,0,1,3482.0,+21.2dB,16.2us,"[0,",1,418.19,normal,0,valid,-14.7dB,-14.7dB,na,na,,,,
2025-07-30 13:41:30.535980,PHY,0x4601,1,0,na,"[0,",0,0,1,2405.1,+19.6dB,16.9us,"[0,",1,419.8,normal,0,valid,-14.7dB,-14.7dB,na,na,,,,
2025-07-30 13:41:30.536446,PHY,0x4601,1,0,na,"[0,",0,0,1,2522.8,+19.8dB,14.5us,"[0,",1,419.9,normal,0,valid,-14.7dB,-14.7dB,na,na,,,,
2025-07-30 13:41:30.540107,PHY,0x4601,2,,na,"[0,",,,11111,,+30.8dB,15.1us,"[0,",1,419.17,normal,0,valid,-11.9dB,-11.9dB,0.12us,-13.6Hz,,"[6,",,1
2025-07-30 13:41:30.541072,PHY,0x4601,1,0,na,"[0,",0,0,1,3489.7,+21.2dB,19.2us,"[0,",1,419.18,normal,0,valid,-14.7dB,-14.7dB,na,na,,,,
2025-07-30 13:41:30.541507,PHY,0x4601,1,0,na,"[0,",0,0,1,3558.7,+21.2dB,14.1us,"[0,",1,419.19,normal,0,valid,-14.6dB,-14.7dB,na,na,,,,
2025-07-30 13:41:30.545651,CSI,0x4601,2,,na,"[0,",,,1,,+30.5dB,15.9us,"[0,",1,420.8,normal,0,valid,-11.8dB,-11.9dB,0.15us,+30.3Hz,,"[6,",1111,1
2025-07-30 13:41:30.546479,PHY,0x4601,1,0,na,"[0,",0,0,1,3703.1,+21.4dB,15.9us,"[0,",1,420.9,normal,0,valid,-14.7dB,-14.7dB,na,na,,,,
2025-07-30 13:41:30.550057,PHY,0x4601,2,,na,"[0,",,,11111,,+32.6dB,14.5us,"[0,",1,420.17,normal,0,valid,-12.0dB,-12.0dB,0.15us,+60.5Hz,,"[6,",,1
2025-07-30 13:41:30.550971,PHY,0x4601,1,0,na,"[0,",0,0,1,2541.6,+19.8dB,15.8us,"[0,",1,420.18,normal,0,valid,-14.7dB,-14.7dB,na,na,,,,
2025-07-30 13:41:30.551446,PHY,0x4601,1,0,na,"[0,",0,0,1,2091.4,+18.9dB,17.5us,"[0,",1,420.19,normal,0,valid,-14.7dB,-14.7dB,na,na,,,,
2025-07-30 13:41:30.556070,PHY,0x4601,1,0,na,"[0,",0,0,1,2445.2,+19.6dB,17.5us,"[0,",1,421.8,normal,0,valid,-14.7dB,-14.7dB,na,na,,,,
2025-07-30 13:41:30.556567,PHY,0x4601,1,0,na,"[0,",0,0,1,2558.8,+19.8dB,17.1us,"[0,",1,421.9,normal,0,valid,-14.7dB,-14.7dB,na,na,,,,
2025-07-30 13:41:30.560064,PHY,0x4601,2,,na,"[0,",,,11111,,+30.1dB,18.3us,"[0,",1,421.17,normal,0,valid,-11.9dB,-12.0dB,0.13us,+40.2Hz,,"[6,",,1
2025-07-30 13:41:30.561025,PHY,0x4601,1,0,na,"[0,",0,0,1,3826.2,+21.6dB,17.5us,"[0,",1,421.18,normal,0,valid,-14.7dB,-14.7dB,na,na,,,,
2025-07-30 13:41:30.561487,PHY,0x4601,1,0,na,"[0,",0,0,1,3375.0,+21.0dB,25.0us,"[0,",1,421.19,normal,0,valid,-14.7dB,-14.7dB,na,na,,,,
2025-07-30 13:41:30.565606,CSI,0x4601,2,,na,"[0,",,,1,,+30.0dB,14.3us,"[0,",1,422.8,normal,0,valid,-11.8dB,-11.8dB,0.15us,+35.5Hz,,"[6,",1111,1
2025-07-30 13:41:30.566580,PHY,0x4601,1,0,na,"[0,",0,0,1,3743.2,+21.5dB,17.2us,"[0,",1,422.9,normal,0,valid,-14.7dB,-14.7dB,na,na,,,,
2025-07-30 13:41:30.570128,PHY,0x4601,2,,na,"[0,",,,11111,,+33.3dB,16.5us,"[0,",1,422.17,normal,0,valid,-12.0dB,-12.0dB,0.15us,-69.9Hz,,"[6,",,1
2025-07-30 13:41:30.571069,PHY,0x4601,1,0,na,"[0,",0,0,1,3526.1,+21.2dB,26.1us,"[0,",1,422.18,normal,0,valid,-14.6dB,-14.7dB,na,na,,,,
2025-07-30 13:41:30.571517,PHY,0x4601,1,0,na,"[0,",0,0,1,3973.5,+21.7dB,17.5us,"[0,",1,422.19,normal,0,valid,-14.7dB,-14.7dB,na,na,,,,
2025-07-30 13:41:30.576010,PHY,0x4601,1,0,na,"[0,",0,0,1,2419.5,+19.6dB,19.2us,"[0,",1,423.8,normal,0,valid,-14.7dB,-14.7dB,na,na,,,,
2025-07-30 13:41:30.576491,PHY,0x4601,1,0,na,"[0,",0,0,1,2266.6,+19.3dB,35.7us,"[0,",1,423.9,normal,0,valid,-14.7dB,-14.7dB,na,na,,,,
2025-07-30 13:41:30.580140,PHY,0x4601,2,,na,"[0,",,,11111,,+31.6dB,30.4us,"[0,",1,423.17,normal,0,valid,-11.9dB,-12.0dB,0.15us,+80.9Hz,,"[6,",,1
2025-07-30 13:41:30.580966,PHY,0x4601,1,0,na,"[0,",0,0,1,2452.7,+19.6dB,25.7us,"[0,",1,423.18,normal,0,valid,-14.7dB,-14.7dB,na,na,,,,
2025-07-30 13:41:30.581561,PHY,0x4601,1,0,na,"[0,",0,0,1,2521.4,+19.8dB,15.2us,"[0,",1,423.19,normal,0,valid,-14.7dB,-14.7dB,na,na,,,,
2025-07-30 13:41:30.585582,CSI,0x4601,2,,na,"[0,",,,1,,+33.0dB,26.5us,"[0,",1,424.8,normal,0,valid,-11.7dB,-11.7dB,0.14us,-98.5Hz,,"[6,",1111,1
2025-07-30 13:41:30.586514,PHY,0x4601,1,0,na,"[0,",0,0,1,3675.3,+21.4dB,23.4us,"[0,",1,424.9,normal,0,valid,-14.7dB,-14.7dB,na,na,,,,
2025-07-30 13:41:30.590048,PHY,0x4601,2,,na,"[0,",,,11111,,+32.3dB,24.0us,"[0,",1,424.17,normal,0,valid,-11.9dB,-11.9dB,0.16us,+91.8Hz,,"[6,",,1
2025-07-30 13:41:30.590991,PHY,0x4601,1,0,na,"[0,",0,0,1,3677.0,+21.4dB,24.9us,"[0,",1,424.18,normal,0,valid,-14.7dB,-14.7dB,na,na,,,,
2025-07-30 13:41:30.591470,PHY,0x4601,1,0,na,"[0,",0,0,1,3940.2,+21.7dB,22.4us,"[0,",1,424.19,normal,0,valid,-14.7dB,-14.7dB,na,na,,,,
2025-07-30 13:41:30.595976,PHY,0x4601,1,0,na,"[0,",0,0,1,2644.5,+20.0dB,20.4us,"[0,",1,425.8,normal,0,valid,-14.6dB,-14.7dB,na,na,,,,
2025-07-30 13:41:30.596553,PHY,0x4601,1,0,na,"[0,",0,0,1,2315.5,+19.4dB,14.7us,"[0,",1,425.9,normal,0,valid,-14.6dB,-14.7dB,na,na,,,,
2025-07-30 13:41:30.600089,PHY,0x4601,2,,na,"[0,",,,11111,,+31.4dB,15.1us,"[0,",1,425.17,normal,0,valid,-12.0dB,-12.0dB,0.14us,+89.8Hz,,"[6,",,1
2025-07-30 13:41:30.601056,PHY,0x4601,1,0,na,"[0,",0,0,1,3874.3,+21.6dB,16.8us,"[0,",1,425.18,normal,0,valid,-14.7dB,-14.7dB,na,na,,,,
2025-07-30 13:41:30.601505,PHY,0x4601,1,0,na,"[0,",0,0,1,3365.8,+21.0dB,17.4us,"[0,",1,425.19,normal,0,valid,-14.7dB,-14.7dB,na,na,,,,
2025-07-30 13:41:30.605682,CSI,0x4601,2,,na,"[0,",,,1,,+32.2dB,23.5us,"[0,",1,426.8,normal,0,valid,-11.8dB,-11.8dB,0.17us,-66.1Hz,,"[6,",1111,1
2025-07-30 13:41:30.606474,PHY,0x4601,1,0,na,"[0,",0,0,1,3656.1,+21.4dB,16.1us,"[0,",1,426.9,normal,0,valid,-14.7dB,-14.7dB,na,na,,,,
2025-07-30 13:41:30.610123,PHY,0x4601,2,,na,"[0,",,,11111,,+29.2dB,14.0us,"[0,",1,426.17,normal,0,valid,-11.9dB,-11.9dB,0.14us,+63.2Hz,,"[6,",,1
2025-07-30 13:41:30.610945,PHY,0x4601,1,0,na,"[0,",0,0,1,2210.6,+19.2dB,16.1us,"[0,",1,426.18,normal,0,valid,-14.7dB,-14.7dB,na,na,,,,
2025-07-30 13:41:30.611558,PHY,0x4601,1,0,na,"[0,",0,0,1,2270.4,+19.3dB,16.3us,"[0,",1,426.19,normal,0,valid,-14.7dB,-14.7dB,na,na,,,,
2025-07-30 13:41:30.616064,PHY,0x4601,1,0,na,"[0,",0,0,1,2617.2,+19.9dB,21.5us,"[0,",1,427.8,normal,0,valid,-14.6dB,-14.7dB,na,na,,,,
2025-07-30 13:41:30.616489,PHY,0x4601,1,0,na,"[0,",0,0,1,2257.8,+19.3dB,22.0us,"[0,",1,427.9,normal,0,valid,-14.7dB,-14.7dB,na,na,,,,
2025-07-30 13:41:30.620031,PHY,0x4601,2,,na,"[0,",,,11111,,+31.9dB,14.7us,"[0,",1,427.17,normal,0,valid,-11.8dB,-11.8dB,0.13us,-28.8Hz,,"[6,",,1
2025-07-30 13:41:30.620969,PHY,0x4601,1,0,na,"[0,",0,0,1,2534.9,+19.8dB,15.9us,"[0,",1,427.18,normal,0,valid,-14.7dB,-14.7dB,na,na,,,,
2025-07-30 13:41:30.621455,PHY,0x4601,1,0,na,"[0,",0,0,1,2268.4,+19.3dB,13.4us,"[0,",1,427.19,normal,0,valid,-14.6dB,-14.7dB,na,na,,,,
2025-07-30 13:41:30.625577,CSI,0x4601,2,,na,"[0,",,,1,,+31.5dB,15.4us,"[0,",1,428.8,normal,0,valid,-11.8dB,-11.8dB,0.15us,-50.2Hz,,"[6,",1111,1
2025-07-30 13:41:30.626553,PHY,0x4601,1,0,na,"[0,",0,0,1,3680.6,+21.4dB,17.3us,"[0,",1,428.9,normal,0,valid,-14.6dB,-14.7dB,na,na,,,,
2025-07-30 13:41:30.630064,PHY,0x4601,2,,na,"[0,",,,11111,,+31.5dB,17.0us,"[0,",1,428.17,normal,0,valid,-11.9dB,-11.9dB,0.15us,-49.4Hz,,"[6,",,1
2025-07-30 13:41:30.631048,PHY,0x4601,1,0,na,"[0,",0,0,1,3575.5,+21.2dB,19.2us,"[0,",1,428.18,normal,0,valid,-14.7dB,-14.8dB,na,na,,,,
2025-07-30 13:41:30.631475,PHY,0x4601,1,0,na,"[0,",0,0,1,3741.2,+21.5dB,15.2us,"[0,",1,428.19,normal,0,valid,-14.6dB,-14.7dB,na,na,,,,
2025-07-30 13:41:30.635990,PHY,0x4601,1,0,na,"[0,",0,0,1,2423.4,+19.6dB,31.8us,"[0,",1,429.8,normal,0,valid,-14.6dB,-14.7dB,na,na,,,,
2025-07-30 13:41:30.636459,PHY,0x4601,1,0,na,"[0,",0,0,1,2589.9,+19.9dB,18.4us,"[0,",1,429.9,normal,0,valid,-14.7dB,-14.7dB,na,na,,,,
2025-07-30 13:41:30.640116,PHY,0x4601,2,,na,"[0,",,,11111,,+32.1dB,15.5us,"[0,",1,429.17,normal,0,valid,-12.0dB,-12.0dB,0.11us,+22.2Hz,,"[6,",,1
2025-07-30 13:41:30.641030,PHY,0x4601,1,0,na,"[0,",0,0,1,2386.4,+19.5dB,16.1us,"[0,",1,429.18,normal,0,valid,-14.7dB,-14.7dB,na,na,,,,
2025-07-30 13:41:30.641551,PHY,0x4601,1,0,na,"[0,",0,0,1,2311.4,+19.4dB,14.6us,"[0,",1,429.19,normal,0,valid,-14.7dB,-14.7dB,na,na,,,,
2025-07-30 13:41:30.645627,CSI,0x4601,2,,na,"[0,",,,1,,+31.1dB,13.9us,"[0,",1,430.8,normal,0,valid,-11.9dB,-11.9dB,0.14us,-86.7Hz,,"[6,",1111,1
2025-07-30 13:41:30.646465,PHY,0x4601,1,0,na,"[0,",0,0,1,3784.4,+21.5dB,16.8us,"[0,",1,430.9,normal,0,valid,-14.7dB,-14.7dB,na,na,,,,
2025-07-30 13:41:30.650013,PHY,0x4601,2,,na,"[0,",,,11111,,+29.7dB,14.3us,"[0,",1,430.17,normal,0,valid,-12.0dB,-12.0dB,0.16us,+32.0Hz,,"[6,",,1
2025-07-30 13:41:30.650963,PHY,0x4601,1,0,na,"[0,",0,0,1,2256.5,+19.3dB,15.7us,"[0,",1,430.18,normal,0,valid,-14.6dB,-14.7dB,na,na,,,,
2025-07-30 13:41:30.651535,PHY,0x4601,1,0,na,"[0,",0,0,1,2536.6,+19.8dB,14.2us,"[0,",1,430.19,normal,0,valid,-14.7dB,-14.7dB,na,na,,,,
2025-07-30 13:41:30.656035,PHY,0x4601,1,0,na,"[0,",0,0,1,2178.7,+19.1dB,19.4us,"[0,",1,431.8,normal,0,valid,-14.6dB,-14.7dB,na,na,,,,
2025-07-30 13:41:30.656541,PHY,0x4601,1,0,na,"[0,",0,0,1,2504.4,+19.7dB,14.5us,"[0,",1,431.9,normal,0,valid,-14.7dB,-14.7dB,na,na,,,,
2025-07-30 13:41:30.660044,PHY,0x4601,2,,na,"[0,",,,11111,,+33.7dB,15.1us,"[0,",1,431.17,normal,0,valid,-12.0dB,-12.0dB,0.14us,+101.5Hz,,"[6,",,1
2025-07-30 13:41:30.661028,PHY,0x4601,1,0,na,"[0,",0,0,1,2387.3,+19.5dB,16.3us,"[0,",1,431.18,normal,0,valid,-14.7dB,-14.7dB,na,na,,,,
2025-07-30 13:41:30.661490,PHY,0x4601,1,0,na,"[0,",0,0,1,2500.6,+19.7dB,15.8us,"[0,",1,431.19,normal,0,valid,-14.7dB,-14.7dB,na,na,,,,
2025-07-30 13:41:30.665628,CSI,0x4601,2,,na,"[0,",,,1,,+35.1dB,16.1us,"[0,",1,432.8,normal,0,valid,-11.8dB,-11.8dB,0.15us,-38.9Hz,,"[6,",1111,1
2025-07-30 13:41:30.666540,PHY,0x4601,1,0,na,"[0,",0,0,1,3220.6,+20.8dB,16.5us,"[0,",1,432.9,normal,0,valid,-14.7dB,-14.7dB,na,na,,,,
2025-07-30 13:41:30.670107,PHY,0x4601,2,,na,"[0,",,,11111,,+28.7dB,18.2us,"[0,",1,432.17,normal,0,valid,-11.9dB,-12.0dB,0.15us,-28.7Hz,,"[6,",,1
2025-07-30 13:41:30.671018,PHY,0x4601,1,0,na,"[0,",0,0,1,2641.9,+20.0dB,18.4us,"[0,",1,432.18,normal,0,valid,-14.7dB,-14.7dB,na,na,,,,
2025-07-30 13:41:30.671537,PHY,0x4601,1,0,na,"[0,",0,0,1,2527.6,+19.7dB,16.3us,"[0,",1,432.19,normal,0,valid,-14.6dB,-14.7dB,na,na,,,,
2025-07-30 13:41:30.675977,PHY,0x4601,1,0,na,"[0,",0,0,1,2411.2,+19.5dB,16.8us,"[0,",1,433.8,normal,0,valid,-14.7dB,-14.7dB,na,na,,,,
2025-07-30 13:41:30.676449,PHY,0x4601,1,0,na,"[0,",0,0,1,2301.7,+19.4dB,14.5us,"[0,",1,433.9,normal,0,valid,-14.7dB,-14.7dB,na,na,,,,
2025-07-30 13:41:30.680139,PHY,0x4601,2,,na,"[0,",,,11111,,+32.7dB,17.5us,"[0,",1,433.17,normal,0,valid,-11.9dB,-12.0dB,0.13us,+65.7Hz,,"[6,",,1
2025-07-30 13:41:30.680944,PHY,0x4601,1,0,na,"[0,",0,0,1,2390.4,+19.5dB,15.7us,"[0,",1,433.18,normal,0,valid,-14.7dB,-14.7dB,na,na,,,,
2025-07-30 13:41:30.681524,PHY,0x4601,1,0,na,"[0,",0,0,1,2198.3,+19.1dB,16.3us,"[0,",1,433.19,normal,0,valid,-14.7dB,-14.8dB,na,na,,,,
2025-07-30 13:41:30.685610,CSI,0x4601,2,,na,"[0,",,,1,,+31.5dB,11.6us,"[0,",1,434.8,normal,0,valid,-11.8dB,-11.8dB,0.14us,-18.8Hz,,"[6,",1111,1
2025-07-30 13:41:30.686530,PHY,0x4601,1,0,na,"[0,",0,0,1,3782.8,+21.5dB,21.0us,"[0,",1,434.9,normal,0,valid,-14.7dB,-14.7dB,na,na,,,,
2025-07-30 13:41:30.690037,PHY,0x4601,2,,na,"[0,",,,11111,,+30.6dB,12.2us,"[0,",1,434.17,normal,0,valid,-11.9dB,-11.9dB,0.14us,+45.2Hz,,"[6,",,1
2025-07-30 13:41:30.690972,PHY,0x4601,1,0,na,"[0,",0,0,1,2582.4,+19.8dB,15.7us,"[0,",1,434.18,normal,0,valid,-14.7dB,-14.7dB,na,na,,,,
2025-07-30 13:41:30.691447,PHY,0x4601,1,0,na,"[0,",0,0,1,2711.3,+20.1dB,13.9us,"[0,",1,434.19,normal,0,valid,-14.7dB,-14.7dB,na,na,,,,
2025-07-30 13:41:30.695947,PHY,0x4601,1,0,na,"[0,",0,0,1,2264.5,+19.3dB,17.3us,"[0,",1,435.8,normal,0,valid,-14.6dB,-14.7dB,na,na,,,,
2025-07-30 13:41:30.696529,PHY,0x4601,1,0,na,"[0,",0,0,1,2521.7,+19.8dB,15.6us,"[0,",1,435.9,normal,0,valid,-14.7dB,-14.7dB,na,na,,,,
2025-07-30 13:41:30.700072,PHY,0x4601,2,,na,"[0,",,,11111,,+34.7dB,15.0us,"[0,",1,435.17,normal,0,valid,-12.0dB,-11.9dB,0.13us,+30.7Hz,,"[6,",,1
2025-07-30 13:41:30.701009,PHY,0x4601,1,0,na,"[0,",0,0,1,3404.5,+21.1dB,16.3us,"[0,",1,435.18,normal,0,valid,-14.7dB,-14.7dB,na,na,,,,
2025-07-30 13:41:30.701475,PHY,0x4601,1,0,na,"[0,",0,0,1,3401.8,+21.1dB,14.1us,"[0,",1,435.19,normal,0,valid,-14.6dB,-14.7dB,na,na,,,,
2025-07-30 13:41:30.705613,CSI,0x4601,2,,na,"[0,",,,1,,+29.1dB,13.0us,"[0,",1,436.8,normal,0,valid,-11.7dB,-11.8dB,0.13us,-14.9Hz,,"[6,",1111,1
2025-07-30 13:41:30.706445,PHY,0x4601,1,0,na,"[0,",0,0,1,2339.9,+19.4dB,16.6us,"[0,",1,436.9,normal,0,valid,-14.6dB,-14.7dB,na,na,,,,
2025-07-30 13:41:30.710114,PHY,0x4601,2,,na,"[0,",,,11111,,+28.4dB,15.2us,"[0,",1,436.17,normal,0,valid,-11.8dB,-11.9dB,0.14us,-60.6Hz,,"[6,",,1
2025-07-30 13:41:30.711056,PHY,0x4601,1,0,na,"[0,",0,0,1,2338.0,+19.4dB,16.1us,"[0,",1,436.18,normal,0,valid,-14.7dB,-14.7dB,na,na,,,,
2025-07-30 13:41:30.711509,PHY,0x4601,1,0,na,"[0,",0,0,1,2425.0,+19.6dB,14.0us,"[0,",1,436.19,normal,0,valid,-14.7dB,-14.7dB,na,na,,,,
2025-07-30 13:41:30.716001,PHY,0x4601,1,0,na,"[0,",0,0,1,2443.1,+19.6dB,16.1us,"[0,",1,437.8,normal,0,valid,-14.6dB,-14.6dB,na,na,,,,
2025-07-30 13:41:30.716482,PHY,0x4601,1,0,na,"[0,",0,0,1,2528.2,+19.7dB,25.2us,"[0,",1,437.9,normal,0,valid,-14.7dB,-14.7dB,na,na,,,,
2025-07-30 13:41:30.720016,PHY,0x4601,2,,na,"[0,",,,11111,,+31.6dB,14.3us,"[0,",1,437.17,normal,0,valid,-12.1dB,-12.1dB,0.16us,+60.6Hz,,"[6,",,1
2025-07-30 13:41:30.720965,PHY,0x4601,1,0,na,"[0,",0,0,1,3893.0,+21.6dB,17.9us,"[0,",1,437.18,normal,0,valid,-14.7dB,-14.7dB,na,na,,,,
2025-07-30 13:41:30.721438,PHY,0x4601,1,0,na,"[0,",0,0,1,3475.7,+21.2dB,15.4us,"[0,",1,437.19,normal,0,valid,-14.6dB,-14.6dB,na,na,,,,
2025-07-30 13:41:30.725591,CSI,0x4601,2,,na,"[0,",,,1,,+34.2dB,12.2us,"[0,",1,438.8,normal,0,valid,-11.8dB,-11.8dB,0.15us,-52.2Hz,,"[6,",1111,1
2025-07-30 13:41:30.726520,PHY,0x4601,1,0,na,"[0,",0,0,1,2457.9,+19.7dB,20.0us,"[0,",1,438.9,normal,0,valid,-14.7dB,-14.7dB,na,na,,,,
2025-07-30 13:41:30.730080,PHY,0x4601,2,,na,"[0,",,,11111,,+27.7dB,16.1us,"[0,",1,438.17,normal,0,valid,-11.8dB,-11.9dB,0.15us,-175.2Hz,,"[6,",,1
2025-07-30 13:41:30.730996,PHY,0x4601,1,0,na,"[0,",0,0,1,2507.9,+19.7dB,17.4us,"[0,",1,438.18,normal,0,valid,-14.6dB,-14.7dB,na,na,,,,
2025-07-30 13:41:30.731477,PHY,0x4601,1,0,na,"[0,",0,0,1,2443.4,+19.6dB,16.5us,"[0,",1,438.19,normal,0,valid,-14.7dB,-14.7dB,na,na,,,,
2025-07-30 13:41:30.735959,PHY,0x4601,1,0,na,"[0,",0,0,1,2316.7,+19.4dB,16.5us,"[0,",1,439.8,normal,0,valid,-14.6dB,-14.7dB,na,na,,,,
2025-07-30 13:41:30.736547,PHY,0x4601,1,0,na,"[0,",0,0,1,2697.9,+20.1dB,14.1us,"[0,",1,439.9,normal,0,valid,-14.6dB,-14.7dB,na,na,,,,
2025-07-30 13:41:30.740108,PHY,0x4601,2,,na,"[0,",,,11111,,+31.8dB,14.9us,"[0,",1,439.17,normal,0,valid,-11.8dB,-11.8dB,0.15us,+25.1Hz,,"[6,",,1
2025-07-30 13:41:30.741041,PHY,0x4601,1,0,na,"[0,",0,0,1,3533.4,+21.2dB,22.1us,"[0,",1,439.18,normal,0,valid,-14.7dB,-14.7dB,na,na,,,,
2025-07-30 13:41:30.741516,PHY,0x4601,1,0,na,"[0,",0,0,1,3818.3,+21.6dB,24.5us,"[0,",1,439.19,normal,0,valid,-14.7dB,-14.7dB,na,na,,,,
2025-07-30 13:41:30.745610,CSI,0x4601,2,,na,"[0,",,,1,,+31.8dB,12.4us,"[0,",1,440.8,normal,0,valid,-11.9dB,-11.9dB,0.14us,+12.5Hz,,"[6,",1111,1
2025-07-30 13:41:30.746469,PHY,0x4601,1,0,na,"[0,",0,0,1,3493.0,+21.2dB,16.2us,"[0,",1,440.9,normal,0,valid,-14.7dB,-14.7dB,na,na,,,,
2025-07-30 13:41:30.750132,PHY,0x4601,2,,na,"[0,",,,11111,,+27.3dB,18.6us,"[0,",1,440.17,normal,0,valid,-11.9dB,-12.0dB,0.13us,+106.5Hz,,"[6,",,1
2025-07-30 13:41:30.750946,PHY,0x4601,1,0,na,"[0,",0,0,1,2362.7,+19.5dB,16.2us,"[0,",1,440.18,normal,0,valid,-14.7dB,-14.7dB,na,na,,,,
2025-07-30 13:41:30.751546,PHY,0x4601,1,0,na,"[0,",0,0,1,2356.6,+19.4dB,15.9us,"[0,",1,440.19,normal,0,valid,-14.7dB,-14.8dB,na,na,,,,
2025-07-30 13:41:30.756034,PHY,0x4601,1,0,na,"[0,",0,0,1,2315.6,+19.4dB,18.4us,"[0,",1,441.8,normal,0,valid,-14.6dB,-14.7dB,na,na,,,,
2025-07-30 13:41:30.756503,PHY,0x4601,1,0,na,"[0,",0,0,1,2095.1,+19.0dB,14.2us,"[0,",1,441.9,normal,0,valid,-14.7dB,-14.7dB,na,na,,,,
2025-07-30 13:41:30.760072,PHY,0x4601,2,,na,"[0,",,,11111,,+30.0dB,14.5us,"[0,",1,441.17,normal,0,valid,-11.8dB,-11.9dB,0.14us,-84.6Hz,,"[6,",,1
2025-07-30 13:41:30.760982,PHY,0x4601,1,0,na,"[0,",0,0,1,3439.2,+21.1dB,16.2us,"[0,",1,441.18,normal,0,valid,-14.7dB,-14.7dB,na,na,,,,
2025-07-30 13:41:30.761455,PHY,0x4601,1,0,na,"[0,",0,0,1,3585.8,+21.3dB,15.8us,"[0,",1,441.19,normal,0,valid,-14.7dB,-14.7dB,na,na,,,,
2025-07-30 13:41:30.765617,CSI,0x4601,2,,na,"[0,",,,1,,+31.4dB,21.8us,"[0,",1,442.8,normal,0,valid,-11.7dB,-11.7dB,0.15us,-26.5Hz,,"[6,",1111,1
2025-07-30 13:41:30.766544,PHY,0x4601,1,0,na,"[0,",0,0,1,3503.8,+21.2dB,16.7us,"[0,",1,442.9,normal,0,valid,-14.7dB,-14.7dB,na,na,,,,
2025-07-30 13:41:30.770105,PHY,0x4601,2,,na,"[0,",,,11111,,+33.1dB,24.7us,"[0,",1,442.17,normal,0,valid,-11.8dB,-11.8dB,0.14us,-110.1Hz,,"[6,",,1
2025-07-30 13:41:30.771032,PHY,0x4601,1,0,na,"[0,",0,0,1,3403.6,+21.1dB,17.1us,"[0,",1,442.18,normal,0,valid,-14.7dB,-14.7dB,na,na,,,,
2025-07-30 13:41:30.771506,PHY,0x4601,1,0,na,"[0,",0,0,1,3608.8,+21.3dB,24.8us,"[0,",1,442.19,normal,0,valid,-14.7dB,-14.7dB,na,na,,,,
2025-07-30 13:41:30.775990,PHY,0x4601,1,0,na,"[0,",0,0,1,2207.3,+19.2dB,25.6us,"[0,",1,443.8,normal,0,valid,-14.6dB,-14.7dB,na,na,,,,
2025-07-30 13:41:30.776450,PHY,0x4601,1,0,na,"[0,",0,0,1,2339.8,+19.4dB,16.7us,"[0,",1,443.9,normal,0,valid,-14.7dB,-14.7dB,na,na,,,,
2025-07-30 13:41:30.780101,PHY,0x4601,2,,na,"[0,",,,11111,,+30.1dB,14.9us,"[0,",1,443.17,normal,0,valid,-11.9dB,-11.9dB,0.14us,+22.6Hz,,"[6,",,1
2025-07-30 13:41:30.780951,PHY,0x4601,1,0,na,"[0,",0,0,1,2333.7,+19.4dB,16.6us,"[0,",1,443.18,normal,0,valid,-14.6dB,-14.7dB,na,na,,,,
2025-07-30 13:41:30.781532,PHY,0x4601,1,0,na,"[0,",0,0,1,2325.1,+19.4dB,16.0us,"[0,",1,443.19,normal,0,valid,-14.7dB,-14.7dB,na,na,,,,
2025-07-30 13:41:30.785656,CSI,0x4601,2,,na,"[0,",,,1,,+29.3dB,12.9us,"[0,",1,444.8,normal,0,valid,-11.7dB,-11.8dB,0.17us,+126.9Hz,,"[6,",1111,1
2025-07-30 13:41:30.786493,PHY,0x4601,1,0,na,"[0,",0,0,1,2526.3,+19.8dB,17.9us,"[0,",1,444.9,normal,0,valid,-14.7dB,-14.7dB,na,na,,,,
2025-07-30 13:41:30.790064,PHY,0x4601,2,,na,"[0,",,,11111,,+31.9dB,15.0us,"[0,",1,444.17,normal,0,valid,-11.9dB,-11.9dB,0.15us,-87.2Hz,,"[6,",,1
2025-07-30 13:41:30.790972,PHY,0x4601,1,0,na,"[0,",0,0,1,3968.9,+21.7dB,16.4us,"[0,",1,444.18,normal,0,valid,-14.7dB,-14.7dB,na,na,,,,
2025-07-30 13:41:30.791457,PHY,0x4601,1,0,na,"[0,",0,0,1,3696.6,+21.4dB,13.8us,"[0,",1,444.19,normal,0,valid,-14.6dB,-14.6dB,na,na,,,,
2025-07-30 13:41:30.796079,PHY,0x4601,1,0,na,"[0,",0,0,1,2297.3,+19.3dB,17.7us,"[0,",1,445.8,normal,0,valid,-14.7dB,-14.7dB,na,na,,,,
2025-07-30 13:41:30.796529,PHY,0x4601,1,0,na,"[0,",0,0,1,2439.5,+19.6dB,19.6us,"[0,",1,445.9,normal,0,valid,-14.7dB,-14.7dB,na,na,,,,
2025-07-30 13:41:30.800100,PHY,0x4601,2,,na,"[0,",,,11111,,+33.6dB,16.8us,"[0,",1,445.17,normal,0,valid,-12.0dB,-12.0dB,0.12us,-7.6Hz,,"[6,",,1
2025-07-30 13:41:30.801006,PHY,0x4601,1,0,na,"[0,",0,0,1,3701.4,+21.4dB,19.9us,"[0,",1,445.18,normal,0,valid,-14.6dB,-14.7dB,na,na,,,,
2025-07-30 13:41:30.801479,PHY,0x4601,1,0,na,"[0,",0,0,1,3316.8,+20.9dB,16.1us,"[0,",1,445.19,normal,0,valid,-14.7dB,-14.7dB,na,na,,,,
2025-07-30 13:41:30.805606,CSI,0x4601,2,,na,"[0,",,,1,,+31.7dB,12.8us,"[0,",1,446.8,normal,0,valid,-11.7dB,-11.8dB,0.15us,-28.2Hz,,"[6,",1111,1
2025-07-30 13:41:30.806444,PHY,0x4601,1,0,na,"[0,",0,0,1,2238.4,+19.2dB,16.0us,"[0,",1,446.9,normal,0,valid,-14.7dB,-14.7dB,na,na,,,,
2025-07-30 13:41:30.810109,PHY,0x4601,2,,na,"[0,",,,11111,,+33.9dB,16.0us,"[0,",1,446.17,normal,0,valid,-11.9dB,-11.9dB,0.13us,+50.2Hz,,"[6,",,1
2025-07-30 13:41:30.811072,PHY,0x4601,1,0,na,"[0,",0,0,1,2330.7,+19.4dB,18.8us,"[0,",1,446.18,normal,0,valid,-14.7dB,-14.7dB,na,na,,,,
2025-07-30 13:41:30.811506,PHY,0x4601,1,0,na,"[0,",0,0,1,2283.4,+19.3dB,14.4us,"[0,",1,446.19,normal,0,valid,-14.7dB,-14.7dB,na,na,,,,
2025-07-30 13:41:30.815997,PHY,0x4601,1,0,na,"[0,",0,0,1,2307.5,+19.4dB,16.6us,"[0,",1,447.8,normal,0,valid,-14.6dB,-14.7dB,na,na,,,,
2025-07-30 13:41:30.816470,PHY,0x4601,1,0,na,"[0,",0,0,1,2299.4,+19.3dB,14.7us,"[0,",1,447.9,normal,0,valid,-14.7dB,-14.7dB,na,na,,,,
2025-07-30 13:41:30.820055,PHY,0x4601,2,,na,"[0,",,,11111,,+28.0dB,14.6us,"[0,",1,447.17,normal,0,valid,-11.9dB,-12.0dB,0.13us,-12.8Hz,,"[6,",,1
2025-07-30 13:41:30.820957,PHY,0x4601,1,0,na,"[0,",0,0,1,3903.1,+21.6dB,16.1us,"[0,",1,447.18,normal,0,valid,-14.7dB,-14.7dB,na,na,,,,
2025-07-30 13:41:30.821567,PHY,0x4601,1,0,na,"[0,",0,0,1,3346.8,+21.0dB,15.4us,"[0,",1,447.19,normal,0,valid,-14.7dB,-14.7dB,na,na,,,,
2025-07-30 13:41:30.825560,CSI,0x4601,2,,na,"[0,",,,1,,+30.7dB,12.7us,"[0,",1,448.8,normal,0,valid,-11.9dB,-11.9dB,0.13us,-129.8Hz,,"[6,",1111,1
2025-07-30 13:41:30.826584,PHY,0x4601,1,0,na,"[0,",0,0,1,3586.2,+21.3dB,18.2us,"[0,",1,448.9,normal,0,valid,-14.6dB,-14.7dB,na,na,,,,
2025-07-30 13:41:30.830054,PHY,0x4601,2,,na,"[0,",,,11111,,+34.3dB,23.5us,"[0,",1,448.17,normal,0,valid,-11.8dB,-11.9dB,0.14us,-50.3Hz,,"[6,",,1
2025-07-30 13:41:30.830993,PHY,0x4601,1,0,na,"[0,",0,0,1,3678.7,+21.4dB,20.1us,"[0,",1,448.18,normal,0,valid,-14.7dB,-14.7dB,na,na,,,,
2025-07-30 13:41:30.831472,PHY,0x4601,1,0,na,"[0,",0,0,1,3381.0,+21.1dB,13.6us,"[0,",1,448.19,normal,0,valid,-14.6dB,-14.6dB,na,na,,,,
2025-07-30 13:41:30.835957,PHY,0x4601,1,0,na,"[0,",0,0,1,2307.0,+19.4dB,15.9us,"[0,",1,449.8,normal,0,valid,-14.7dB,-14.7dB,na,na,,,,
2025-07-30 13:41:30.836565,PHY,0x4601,1,0,na,"[0,",0,0,1,2510.5,+19.8dB,15.0us,"[0,",1,449.9,normal,0,valid,-14.7dB,-14.7dB,na,na,,,,
2025-07-30 13:41:30.840101,PHY,0x4601,2,,na,"[0,",,,11111,,+30.9dB,15.5us,"[0,",1,449.17,normal,0,valid,-11.8dB,-11.8dB,0.15us,-0.2Hz,,"[6,",,1
2025-07-30 13:41:30.841054,PHY,0x4601,1,0,na,"[0,",0,0,1,3913.9,+21.7dB,16.5us,"[0,",1,449.18,normal,0,valid,-14.7dB,-14.7dB,na,na,,,,
2025-07-30 13:41:30.841492,PHY,0x4601,1,0,na,"[0,",0,0,1,3714.5,+21.4dB,13.7us,"[0,",1,449.19,normal,0,valid,-14.7dB,-14.7dB,na,na,,,,
2025-07-30 13:41:30.845634,CSI,0x4601,2,,na,"[0,",,,1,,+32.6dB,12.1us,"[0,",1,450.8,normal,0,valid,-11.9dB,-11.9dB,0.15us,-29.6Hz,,"[6,",1111,1
2025-07-30 13:41:30.846471,PHY,0x4601,1,0,na,"[0,",0,0,1,3692.9,+21.4dB,20.5us,"[0,",1,450.9,normal,0,valid,-14.7dB,-14.7dB,na,na,,,,
2025-07-30 13:41:30.850126,PHY,0x4601,2,,na,"[0,",,,11111,,+33.3dB,15.6us,"[0,",1,450.17,normal,0,valid,-11.9dB,-11.9dB,0.15us,-65.6Hz,,"[6,",,1
2025-07-30 13:41:30.850948,PHY,0x4601,1,0,na,"[0,",0,0,1,3556.8,+21.2dB,17.8us,"[0,",1,450.18,normal,0,valid,-14.7dB,-14.7dB,na,na,,,,
2025-07-30 13:41:30.851559,PHY,0x4601,1,0,na,"[0,",0,0,1,3109.4,+20.7dB,18.5us,"[0,",1,450.19,normal,0,valid,-14.6dB,-14.7dB,na,na,,,,
2025-07-30 13:41:30.856055,PHY,0x4601,1,0,na,"[0,",0,0,1,2351.2,+19.5dB,19.9us,"[0,",1,451.8,normal,0,valid,-14.7dB,-14.7dB,na,na,,,,
2025-07-30 13:41:30.856496,PHY,0x4601,1,0,na,"[0,",0,0,1,2210.2,+19.2dB,18.9us,"[0,",1,451.9,normal,0,valid,-14.7dB,-14.7dB,na,na,,,,
2025-07-30 13:41:30.860032,PHY,0x4601,2,,na,"[0,",,,11111,,+28.9dB,17.3us,"[0,",1,451.17,normal,0,valid,-11.9dB,-11.9dB,0.14us,+20.6Hz,,"[6,",,1
2025-07-30 13:41:30.860980,PHY,0x4601,1,0,na,"[0,",0,0,1,3462.8,+21.1dB,20.9us,"[0,",1,451.18,normal,0,valid,-14.7dB,-14.7dB,na,na,,,,
2025-07-30 13:41:30.861451,PHY,0x4601,1,0,na,"[0,",0,0,1,3381.9,+21.0dB,14.0us,"[0,",1,451.19,normal,0,valid,-14.7dB,-14.7dB,na,na,,,,
2025-07-30 13:41:30.865604,CSI,0x4601,2,,na,"[0,",,,1,,+29.3dB,15.6us,"[0,",1,452.8,normal,0,valid,-11.7dB,-11.8dB,0.15us,+45.4Hz,,"[6,",1111,1
2025-07-30 13:41:30.866559,PHY,0x4601,1,0,na,"[0,",0,0,1,2254.3,+19.2dB,17.1us,"[0,",1,452.9,normal,0,valid,-14.7dB,-14.8dB,na,na,,,,
2025-07-30 13:41:30.870075,PHY,0x4601,2,,na,"[0,",,,11111,,+35.8dB,15.2us,"[0,",1,452.17,normal,0,valid,-11.8dB,-11.8dB,0.13us,-44.9Hz,,"[6,",,1
2025-07-30 13:41:30.871050,PHY,0x4601,1,0,na,"[0,",0,0,1,3321.2,+20.9dB,15.6us,"[0,",1,452.18,normal,0,valid,-14.6dB,-14.7dB,na,na,,,,
2025-07-30 13:41:30.871504,PHY,0x4601,1,0,na,"[0,",0,0,1,3501.8,+21.2dB,18.2us,"[0,",1,452.19,normal,0,valid,-14.6dB,-14.7dB,na,na,,,,
2025-07-30 13:41:30.875987,PHY,0x4601,1,0,na,"[0,",0,0,1,2256.3,+19.3dB,20.3us,"[0,",1,453.8,normal,0,valid,-14.6dB,-14.7dB,na,na,,,,
2025-07-30 13:41:30.876465,PHY,0x4601,1,0,na,"[0,",0,0,1,2409.4,+19.6dB,20.2us,"[0,",1,453.9,normal,0,valid,-14.6dB,-14.7dB,na,na,,,,
2025-07-30 13:41:30.880117,PHY,0x4601,2,,na,"[0,",,,11111,,+32.1dB,16.3us,"[0,",1,453.17,normal,0,valid,-11.9dB,-11.9dB,0.15us,-36.3Hz,,"[6,",,1
2025-07-30 13:41:30.881044,PHY,0x4601,1,0,na,"[0,",0,0,1,2385.7,+19.5dB,16.2us,"[0,",1,453.18,normal,0,valid,-14.7dB,-14.7dB,na,na,,,,
2025-07-30 13:41:30.881543,PHY,0x4601,1,0,na,"[0,",0,0,1,2508.3,+19.7dB,14.1us,"[0,",1,453.19,normal,0,valid,-14.6dB,-14.7dB,na,na,,,,
2025-07-30 13:41:30.885604,CSI,0x4601,2,,na,"[0,",,,1,,+29.1dB,12.2us,"[0,",1,454.8,normal,0,valid,-11.8dB,-11.9dB,0.17us,+6.1Hz,,"[6,",1111,1
2025-07-30 13:41:30.886484,PHY,0x4601,1,0,na,"[0,",0,0,1,2366.3,+19.5dB,18.0us,"[0,",1,454.9,normal,0,valid,-14.7dB,-14.7dB,na,na,,,,
2025-07-30 13:41:30.890023,PHY,0x4601,2,,na,"[0,",,,11111,,+30.0dB,17.1us,"[0,",1,454.17,normal,0,valid,-11.8dB,-11.8dB,0.14us,-82.9Hz,,"[6,",,1
2025-07-30 13:41:30.890962,PHY,0x4601,1,0,na,"[0,",0,0,1,2412.5,+19.6dB,15.9us,"[0,",1,454.18,normal,0,valid,-14.6dB,-14.7dB,na,na,,,,
2025-07-30 13:41:30.891447,PHY,0x4601,1,0,na,"[0,",0,0,1,2201.4,+19.2dB,14.0us,"[0,",1,454.19,normal,0,valid,-14.7dB,-14.7dB,na,na,,,,
2025-07-30 13:41:30.896039,PHY,0x4601,1,0,na,"[0,",0,0,1,2238.0,+19.2dB,20.5us,"[0,",1,455.8,normal,0,valid,-14.7dB,-14.7dB,na,na,,,,
2025-07-30 13:41:30.896549,PHY,0x4601,1,0,na,"[0,",0,0,1,2292.7,+19.3dB,14.8us,"[0,",1,455.9,normal,0,valid,-14.6dB,-14.7dB,na,na,,,,
2025-07-30 13:41:30.900070,PHY,0x4601,2,,na,"[0,",,,11111,,+28.8dB,16.3us,"[0,",1,455.17,normal,0,valid,-12.0dB,-12.0dB,0.16us,+31.8Hz,,"[6,",,1
2025-07-30 13:41:30.901037,PHY,0x4601,1,0,na,"[0,",0,0,1,2225.7,+19.2dB,17.2us,"[0,",1,455.18,normal,0,valid,-14.6dB,-14.7dB,na,na,,,,
2025-07-30 13:41:30.901467,PHY,0x4601,1,0,na,"[0,",0,0,1,2281.4,+19.3dB,17.8us,"[0,",1,455.19,normal,0,valid,-14.6dB,-14.7dB,na,na,,,,
2025-07-30 13:41:30.905617,CSI,0x4601,2,,na,"[0,",,,1,,+31.9dB,12.9us,"[0,",1,456.8,normal,0,valid,-11.9dB,-11.9dB,0.14us,-12.5Hz,,"[6,",1111,1
2025-07-30 13:41:30.906551,PHY,0x4601,1,0,na,"[0,",0,0,1,2455.8,+19.6dB,16.1us,"[0,",1,456.9,normal,0,valid,-14.6dB,-14.7dB,na,na,,,,
2025-07-30 13:41:30.910111,PHY,0x4601,2,,na,"[0,",,,11111,,+31.1dB,13.4us,"[0,",1,456.17,normal,0,valid,-11.9dB,-12.0dB,0.14us,+204.7Hz,,"[6,",,1
2025-07-30 13:41:30.911036,PHY,0x4601,1,0,na,"[0,",0,0,1,3511.8,+21.2dB,17.1us,"[0,",1,456.18,normal,0,valid,-14.7dB,-14.7dB,na,na,,,,
2025-07-30 13:41:30.911554,PHY,0x4601,1,0,na,"[0,",0,0,1,3485.8,+21.2dB,19.4us,"[0,",1,456.19,normal,0,valid,-14.6dB,-14.7dB,na,na,,,,
2025-07-30 13:41:30.916002,PHY,0x4601,1,0,na,"[0,",0,0,1,2087.2,+19.0dB,17.4us,"[0,",1,457.8,normal,0,valid,-14.7dB,-14.7dB,na,na,,,,
2025-07-30 13:41:30.916468,PHY,0x4601,1,0,na,"[0,",0,0,1,2314.9,+19.4dB,15.1us,"[0,",1,457.9,normal,0,valid,-14.6dB,-14.7dB,na,na,,,,
2025-07-30 13:41:30.920147,PHY,0x4601,2,,na,"[0,",,,11111,,+29.4dB,18.6us,"[0,",1,457.17,normal,0,valid,-11.9dB,-11.9dB,0.15us,+54.7Hz,,"[6,",,1
2025-07-30 13:41:30.920952,PHY,0x4601,1,0,na,"[0,",0,0,1,3445.5,+21.1dB,20.4us,"[0,",1,457.18,normal,0,valid,-14.7dB,-14.7dB,na,na,,,,
2025-07-30 13:41:30.921537,PHY,0x4601,1,0,na,"[0,",0,0,1,3645.9,+21.4dB,21.3us,"[0,",1,457.19,normal,0,valid,-14.7dB,-14.7dB,na,na,,,,
2025-07-30 13:41:30.925577,CSI,0x4601,2,,na,"[0,",,,1,,+32.1dB,14.5us,"[0,",1,458.8,normal,0,valid,-11.9dB,-11.9dB,0.15us,-15.6Hz,,"[6,",1111,1
2025-07-30 13:41:30.926532,PHY,0x4601,1,0,na,"[0,",0,0,1,3420.7,+21.1dB,16.9us,"[0,",1,458.9,normal,0,valid,-14.7dB,-14.7dB,na,na,,,,
2025-07-30 13:41:30.930034,PHY,0x4601,2,,na,"[0,",,,11111,,+30.0dB,14.0us,"[0,",1,458.17,normal,0,valid,-11.8dB,-11.9dB,0.13us,-48.1Hz,,"[6,",,1
2025-07-30 13:41:30.931020,PHY,0x4601,1,0,na,"[0,",0,0,1,3669.4,+21.4dB,16.3us,"[0,",1,458.18,normal,0,valid,-14.7dB,-14.7dB,na,na,,,,
2025-07-30 13:41:30.931454,PHY,0x4601,1,0,na,"[0,",0,0,1,3290.4,+20.9dB,15.2us,"[0,",1,458.19,normal,0,valid,-14.7dB,-14.7dB,na,na,,,,
2025-07-30 13:41:30.935972,PHY,0x4601,1,0,na,"[0,",0,0,1,2337.6,+19.4dB,16.7us,"[0,",1,459.8,normal,0,valid,-14.7dB,-14.7dB,na,na,,,,
2025-07-30 13:41:30.936545,PHY,0x4601,1,0,na,"[0,",0,0,1,2460.5,+19.6dB,17.5us,"[0,",1,459.9,normal,0,valid,-14.7dB,-14.7dB,na,na,,,,
2025-07-30 13:41:30.940098,PHY,0x4601,2,,na,"[0,",,,11111,,+31.4dB,16.2us,"[0,",1,459.17,normal,0,valid,-11.9dB,-12.0dB,0.16us,-52.5Hz,,"[6,",,1
2025-07-30 13:41:30.941008,PHY,0x4601,1,0,na,"[0,",0,0,1,2512.7,+19.7dB,15.7us,"[0,",1,459.18,normal,0,valid,-14.7dB,-14.7dB,na,na,,,,
2025-07-30 13:41:30.941480,PHY,0x4601,1,0,na,"[0,",0,0,1,2480.3,+19.7dB,14.0us,"[0,",1,459.19,normal,0,valid,-14.7dB,-14.7dB,na,na,,,,
2025-07-30 13:41:30.945622,CSI,0x4601,2,,na,"[0,",,,1,,+30.7dB,15.4us,"[0,",1,460.8,normal,0,valid,-11.7dB,-11.7dB,0.14us,+20.0Hz,,"[6,",1111,1
2025-07-30 13:41:30.946448,PHY,0x4601,1,0,na,"[0,",0,0,1,2289.5,+19.3dB,15.1us,"[0,",1,460.9,normal,0,valid,-14.7dB,-14.7dB,na,na,,,,
2025-07-30 13:41:30.950114,PHY,0x4601,2,,na,"[0,",,,11111,,+31.7dB,14.6us,"[0,",1,460.17,normal,0,valid,-11.8dB,-11.9dB,0.14us,-62.6Hz,,"[6,",,1
2025-07-30 13:41:30.950939,PHY,0x4601,1,0,na,"[0,",0,0,1,3684.4,+21.4dB,18.5us,"[0,",1,460.18,normal,0,valid,-14.6dB,-14.7dB,na,na,,,,
2025-07-30 13:41:30.951524,PHY,0x4601,1,0,na,"[0,",0,0,1,3708.6,+21.5dB,24.1us,"[0,",1,460.19,normal,0,valid,-14.6dB,-14.6dB,na,na,,,,
2025-07-30 13:41:30.956022,PHY,0x4601,1,0,na,"[0,",0,0,1,2476.1,+19.7dB,17.0us,"[0,",1,461.8,normal,0,valid,-14.6dB,-14.7dB,na,na,,,,
2025-07-30 13:41:30.956498,PHY,0x4601,1,0,na,"[0,",0,0,1,2198.1,+19.2dB,16.4us,"[0,",1,461.9,normal,0,valid,-14.7dB,-14.7dB,na,na,,,,
2025-07-30 13:41:30.960023,PHY,0x4601,2,,na,"[0,",,,11111,,+32.4dB,15.8us,"[0,",1,461.17,normal,0,valid,-12.0dB,-12.0dB,0.11us,+105.2Hz,,"[6,",,1
2025-07-30 13:41:30.960969,PHY,0x4601,1,0,na,"[0,",0,0,1,3805.1,+21.5dB,16.7us,"[0,",1,461.18,normal,0,valid,-14.7dB,-14.7dB,na,na,,,,
2025-07-30 13:41:30.961449,PHY,0x4601,1,0,na,"[0,",0,0,1,3353.9,+21.0dB,20.4us,"[0,",1,461.19,normal,0,valid,-14.7dB,-14.7dB,na,na,,,,
2025-07-30 13:41:30.965605,CSI,0x4601,2,,na,"[0,",,,1,,+32.4dB,15.7us,"[0,",1,462.8,normal,0,valid,-11.8dB,-11.8dB,0.15us,+53.6Hz,,"[6,",1111,1
2025-07-30 13:41:30.966510,PHY,0x4601,1,0,na,"[0,",0,0,1,3551.3,+21.3dB,16.5us,"[0,",1,462.9,normal,0,valid,-14.6dB,-14.6dB,na,na,,,,
2025-07-30 13:41:30.970087,PHY,0x4601,2,,na,"[0,",,,11111,,+31.0dB,14.8us,"[0,",1,462.17,normal,0,valid,-11.9dB,-11.9dB,0.13us,-41.8Hz,,"[6,",,1
2025-07-30 13:41:30.971001,PHY,0x4601,1,0,na,"[0,",0,0,1,3526.2,+21.2dB,17.0us,"[0,",1,462.18,normal,0,valid,-14.7dB,-14.7dB,na,na,,,,
2025-07-30 13:41:30.971472,PHY,0x4601,1,0,na,"[0,",0,0,1,3759.6,+21.5dB,14.9us,"[0,",1,462.19,normal,0,valid,-14.7dB,-14.7dB,na,na,,,,
2025-07-30 13:41:30.975972,PHY,0x4601,1,0,na,"[0,",0,0,1,2209.1,+19.2dB,23.0us,"[0,",1,463.8,normal,0,valid,-14.7dB,-14.7dB,na,na,,,,
2025-07-30 13:41:30.976451,PHY,0x4601,1,0,na,"[0,",0,0,1,2458.0,+19.6dB,21.1us,"[0,",1,463.9,normal,0,valid,-14.6dB,-14.7dB,na,na,,,,
2025-07-30 13:41:30.980122,PHY,0x4601,2,,na,"[0,",,,11111,,+33.0dB,15.4us,"[0,",1,463.17,normal,0,valid,-11.9dB,-11.9dB,0.15us,+86.6Hz,,"[6,",,1
2025-07-30 13:41:30.981037,PHY,0x4601,1,0,na,"[0,",0,0,1,2391.7,+19.5dB,15.7us,"[0,",1,463.18,normal,0,valid,-14.6dB,-14.7dB,na,na,,,,
2025-07-30 13:41:30.981506,PHY,0x4601,1,0,na,"[0,",0,0,1,2406.6,+19.6dB,13.9us,"[0,",1,463.19,normal,0,valid,-14.6dB,-14.7dB,na,na,,,,
2025-07-30 13:41:30.985622,CSI,0x4601,2,,na,"[0,",,,1,,+31.7dB,25.3us,"[0,",1,464.8,normal,0,valid,-11.9dB,-11.9dB,0.16us,-32.6Hz,,"[6,",1111,1
2025-07-30 13:41:30.986469,PHY,0x4601,1,0,na,"[0,",0,0,1,3775.9,+21.5dB,17.2us,"[0,",1,464.9,normal,0,valid,-14.7dB,-14.7dB,na,na,,,,
2025-07-30 13:41:30.990009,PHY,0x4601,2,,na,"[0,",,,11111,,+31.0dB,14.3us,"[0,",1,464.17,normal,0,valid,-11.9dB,-12.0dB,0.16us,+4.9Hz,,"[6,",,1
2025-07-30 13:41:30.990955,PHY,0x4601,1,0,na,"[0,",0,0,1,2328.7,+19.4dB,16.3us,"[0,",1,464.18,normal,0,valid,-14.6dB,-14.7dB,na,na,,,,
2025-07-30 13:41:30.991547,PHY,0x4601,1,0,na,"[0,",0,0,1,2366.5,+19.5dB,15.6us,"[0,",1,464.19,normal,0,valid,-14.6dB,-14.7dB,na,na,,,,
2025-07-30 13:41:30.996043,PHY,0x4601,1,0,na,"[0,",0,0,1,2207.9,+19.2dB,26.0us,"[0,",1,465.8,normal,0,valid,-14.6dB,-14.7dB,na,na,,,,
2025-07-30 13:41:30.996519,PHY,0x4601,1,0,na,"[0,",0,0,1,2218.2,+19.2dB,24.6us,"[0,",1,465.9,normal,0,valid,-14.7dB,-14.7dB,na,na,,,,
2025-07-30 13:41:31.000092,PHY,0x4601,2,,na,"[0,",,,11111,,+32.9dB,30.3us,"[0,",1,465.17,normal,0,valid,-11.8dB,-11.9dB,0.12us,+23.1Hz,,"[6,",,1
2025-07-30 13:41:31.001012,PHY,0x4601,1,0,na,"[0,",0,0,1,2940.2,+20.4dB,27.3us,"[0,",1,465.18,normal,0,valid,-14.6dB,-14.7dB,na,na,,,,
2025-07-30 13:41:31.001464,PHY,0x4601,1,0,na,"[0,",0,0,1,3329.1,+21.0dB,15.5us,"[0,",1,465.19,normal,0,valid,-14.7dB,-14.7dB,na,na,,,,
2025-07-30 13:41:31.005599,CSI,0x4601,2,,na,"[0,",,,1,,+34.1dB,15.5us,"[0,",1,466.8,normal,0,valid,-11.9dB,-11.9dB,0.13us,+120.8Hz,,"[6,",1111,1
2025-07-30 13:41:31.006549,PHY,0x4601,1,0,na,"[0,",0,0,1,3499.2,+21.2dB,24.9us,"[0,",1,466.9,normal,0,valid,-14.7dB,-14.7dB,na,na,,,,
2025-07-30 13:41:31.010123,PHY,0x4601,2,,na,"[0,",,,11111,,+36.9dB,15.2us,"[0,",1,466.17,normal,0,valid,-12.0dB,-12.0dB,0.16us,+28.0Hz,,"[6,",,1
2025-07-30 13:41:31.011018,PHY,0x4601,1,0,na,"[0,",0,0,1,3509.2,+21.2dB,17.5us,"[0,",1,466.18,normal,0,valid,-14.7dB,-14.7dB,na,na,,,,
2025-07-30 13:41:31.011491,PHY,0x4601,1,0,na,"[0,",0,0,1,3167.3,+20.7dB,16.1us,"[0,",1,466.19,normal,0,valid,-14.6dB,-14.7dB,na,na,,,,
2025-07-30 13:41:31.016000,PHY,0x4601,1,0,na,"[0,",0,0,1,2252.1,+19.3dB,25.9us,"[0,",1,467.8,normal,0,valid,-14.6dB,-14.7dB,na,na,,,,
2025-07-30 13:41:31.016481,PHY,0x4601,1,0,na,"[0,",0,0,1,2207.9,+19.2dB,16.2us,"[0,",1,467.9,normal,0,valid,-14.7dB,-14.7dB,na,na,,,,
2025-07-30 13:41:31.020118,PHY,0x4601,2,,na,"[0,",,,11111,,+28.4dB,17.7us,"[0,",1,467.17,normal,0,valid,-11.9dB,-12.0dB,0.14us,-119.0Hz,,"[6,",,1
2025-07-30 13:41:31.020960,PHY,0x4601,1,0,na,"[0,",0,0,1,3239.1,+20.8dB,16.2us,"[0,",1,467.18,normal,0,valid,-14.7dB,-14.8dB,na,na,,,,
2025-07-30 13:41:31.021522,PHY,0x4601,1,0,na,"[0,",0,0,1,3556.6,+21.3dB,15.0us,"[0,",1,467.19,normal,0,valid,-14.6dB,-14.7dB,na,na,,,,
2025-07-30 13:41:31.025649,CSI,0x4601,2,,na,"[0,",,,1,,+29.8dB,13.8us,"[0,",1,468.8,normal,0,valid,-11.8dB,-11.8dB,0.15us,+18.4Hz,,"[6,",1111,1
2025-07-30 13:41:31.026490,PHY,0x4601,1,0,na,"[0,",0,0,1,3434.9,+21.1dB,15.5us,"[0,",1,468.9,normal,0,valid,-14.7dB,-14.7dB,na,na,,,,
2025-07-30 13:41:31.030070,PHY,0x4601,2,,na,"[0,",,,11111,,+30.7dB,14.6us,"[0,",1,468.17,normal,0,valid,-11.9dB,-11.9dB,0.13us,-15.7Hz,,"[6,",,1
2025-07-30 13:41:31.030989,PHY,0x4601,1,0,na,"[0,",0,0,1,2474.6,+19.7dB,27.3us,"[0,",1,468.18,normal,0,valid,-14.6dB,-14.7dB,na,na,,,,
2025-07-30 13:41:31.031452,PHY,0x4601,1,0,na,"[0,",0,0,1,2442.1,+19.6dB,14.3us,"[0,",1,468.19,normal,0,valid,-14.7dB,-14.7dB,na,na,,,,
2025-07-30 13:41:31.035960,PHY,0x4601,1,0,na,"[0,",0,0,1,2348.6,+19.5dB,15.8us,"[0,",1,469.8,normal,0,valid,-14.6dB,-14.7dB,na,na,,,,
2025-07-30 13:41:31.036535,PHY,0x4601,1,0,na,"[0,",0,0,1,2336.0,+19.4dB,14.9us,"[0,",1,469.9,normal,0,valid,-14.7dB,-14.7dB,na,na,,,,
2025-07-30 13:41:31.040103,PHY,0x4601,2,,na,"[0,",,,11111,,+31.1dB,16.5us,"[0,",1,469.17,normal,0,valid,-11.9dB,-12.0dB,0.14us,-86.6Hz,,"[6,",,1
2025-07-30 13:41:31.041007,PHY,0x4601,1,0,na,"[0,",0,0,1,3423.4,+21.1dB,18.1us,"[0,",1,469.18,normal,0,valid,-14.6dB,-14.7dB,na,na,,,,
2025-07-30 13:41:31.041480,PHY,0x4601,1,0,na,"[0,",0,0,1,3342.4,+21.0dB,14.0us,"[0,",1,469.19,normal,0,valid,-14.6dB,-14.7dB,na,na,,,,
2025-07-30 13:41:31.045638,CSI,0x4601,2,,na,"[0,",,,1,,+30.2dB,13.4us,"[0,",1,470.8,normal,0,valid,-11.8dB,-11.8dB,0.15us,-37.2Hz,,"[6,",1111,1
2025-07-30 13:41:31.046453,PHY,0x4601,1,0,na,"[0,",0,0,1,2240.7,+19.3dB,17.2us,"[0,",1,470.9,normal,0,valid,-14.7dB,-14.7dB,na,na,,,,
2025-07-30 13:41:31.050099,PHY,0x4601,2,,na,"[0,",,,11111,,+28.6dB,14.5us,"[0,",1,470.17,normal,0,valid,-11.8dB,-11.8dB,0.12us,+3.5Hz,,"[6,",,1
2025-07-30 13:41:31.051068,PHY,0x4601,1,0,na,"[0,",0,0,1,2327.2,+19.4dB,15.8us,"[0,",1,470.18,normal,0,valid,-14.6dB,-14.7dB,na,na,,,,
2025-07-30 13:41:31.051506,PHY,0x4601,1,0,na,"[0,",0,0,1,2213.3,+19.2dB,14.0us,"[0,",1,470.19,normal,0,valid,-14.6dB,-14.7dB,na,na,,,,
2025-07-30 13:41:31.055999,PHY,0x4601,1,0,na,"[0,",0,0,1,2447.8,+19.7dB,15.8us,"[0,",1,471.8,normal,0,valid,-14.7dB,-14.7dB,na,na,,,,
2025-07-30 13:41:31.056500,PHY,0x4601,1,0,na,"[0,",0,0,1,2318.1,+19.4dB,41.8us,"[0,",1,471.9,normal,0,valid,-14.7dB,-14.7dB,na,na,,,,
2025-07-30 13:41:31.060054,PHY,0x4601,2,,na,"[0,",,,11111,,+30.5dB,14.3us,"[0,",1,471.17,normal,0,valid,-12.0dB,-12.0dB,0.15us,+100.9Hz,,"[6,",,1
2025-07-30 13:41:31.060968,PHY,0x4601,1,0,na,"[0,",0,0,1,3398.3,+21.1dB,15.6us,"[0,",1,471.18,normal,0,valid,-14.7dB,-14.7dB,na,na,,,,
2025-07-30 13:41:31.061451,PHY,0x4601,1,0,na,"[0,",0,0,1,3249.0,+20.8dB,16.0us,"[0,",1,471.19,normal,0,valid,-14.6dB,-14.7dB,na,na,,,,
2025-07-30 13:41:31.065592,CSI,0x4601,2,,na,"[0,",,,1,,+30.1dB,16.3us,"[0,",1,472.8,normal,0,valid,-11.7dB,-11.7dB,0.15us,-15.7Hz,,"[6,",1111,1
2025-07-30 13:41:31.066518,PHY,0x4601,1,0,na,"[0,",0,0,1,2988.3,+20.5dB,18.9us,"[0,",1,472.9,normal,0,valid,-14.6dB,-14.7dB,na,na,,,,
2025-07-30 13:41:31.070093,PHY,0x4601,2,,na,"[0,",,,11111,,+32.2dB,20.9us,"[0,",1,472.17,normal,0,valid,-11.8dB,-11.9dB,0.15us,+2.0Hz,,"[6,",,1
2025-07-30 13:41:31.070996,PHY,0x4601,1,0,na,"[0,",0,0,1,3526.7,+21.2dB,17.7us,"[0,",1,472.18,normal,0,valid,-14.7dB,-14.7dB,na,na,,,,
2025-07-30 13:41:31.071491,PHY,0x4601,1,0,na,"[0,",0,0,1,3734.2,+21.5dB,20.6us,"[0,",1,472.19,normal,0,valid,-14.7dB,-14.7dB,na,na,,,,
2025-07-30 13:41:31.075969,PHY,0x4601,1,0,na,"[0,",0,0,1,2487.8,+19.7dB,23.3us,"[0,",1,473.8,normal,0,valid,-14.6dB,-14.7dB,na,na,,,,
2025-07-30 13:41:31.076569,PHY,0x4601,1,0,na,"[0,",0,0,1,2159.1,+19.1dB,15.6us,"[0,",1,473.9,normal,0,valid,-14.7dB,-14.7dB,na,na,,,,
2025-07-30 13:41:31.080131,PHY,0x4601,2,,na,"[0,",,,11111,,+31.0dB,25.2us,"[0,",1,473.17,normal,0,valid,-11.9dB,-11.9dB,0.13us,-4.0Hz,,"[6,",,1
2025-07-30 13:41:31.081060,PHY,0x4601,1,0,na,"[0,",0,0,1,2407.3,+19.6dB,17.4us,"[0,",1,473.18,normal,0,valid,-14.7dB,-14.7dB,na,na,,,,
2025-07-30 13:41:31.081510,PHY,0x4601,1,0,na,"[0,",0,0,1,2231.6,+19.2dB,18.2us,"[0,",1,473.19,normal,0,valid,-14.7dB,-14.7dB,na,na,,,,
2025-07-30 13:41:31.085631,CSI,0x4601,2,,na,"[0,",,,1,,+31.6dB,13.1us,"[0,",1,474.8,normal,0,valid,-11.8dB,-11.8dB,0.18us,-27.4Hz,,"[6,",1111,1
2025-07-30 13:41:31.086475,PHY,0x4601,1,0,na,"[0,",0,0,1,3230.1,+20.9dB,18.8us,"[0,",1,474.9,normal,0,valid,-14.7dB,-14.7dB,na,na,,,,
2025-07-30 13:41:31.090135,PHY,0x4601,2,,na,"[0,",,,11111,,+30.4dB,18.4us,"[0,",1,474.17,normal,0,valid,-11.9dB,-11.9dB,0.16us,+73.4Hz,,"[6,",,1
2025-07-30 13:41:31.090953,PHY,0x4601,1,0,na,"[0,",0,0,1,2481.2,+19.7dB,17.0us,"[0,",1,474.18,normal,0,valid,-14.7dB,-14.7dB,na,na,,,,
2025-07-30 13:41:31.091565,PHY,0x4601,1,0,na,"[0,",0,0,1,2194.7,+19.2dB,16.6us,"[0,",1,474.19,normal,0,valid,-14.7dB,-14.7dB,na,na,,,,
2025-07-30 13:41:31.096061,PHY,0x4601,1,0,na,"[0,",0,0,1,2275.7,+19.3dB,18.0us,"[0,",1,475.8,normal,0,valid,-14.6dB,-14.6dB,na,na,,,,
2025-07-30 13:41:31.096515,PHY,0x4601,1,0,na,"[0,",0,0,1,2148.4,+19.1dB,15.3us,"[0,",1,475.9,normal,0,valid,-14.6dB,-14.7dB,na,na,,,,
2025-07-30 13:41:31.100036,PHY,0x4601,2,,na,"[0,",,,11111,,+28.4dB,15.3us,"[0,",1,475.17,normal,0,valid,-12.0dB,-12.0dB,0.13us,+78.3Hz,,"[6,",,1
2025-07-30 13:41:31.100985,PHY,0x4601,1,0,na,"[0,",0,0,1,3901.1,+21.7dB,18.2us,"[0,",1,475.18,normal,0,valid,-14.7dB,-14.7dB,na,na,,,,
2025-07-30 13:41:31.101460,PHY,0x4601,1,0,na,"[0,",0,0,1,3108.9,+20.6dB,13.4us,"[0,",1,475.19,normal,0,valid,-14.7dB,-14.7dB,na,na,,,,
2025-07-30 13:41:31.105600,CSI,0x4601,2,,na,"[0,",,,1,,+29.3dB,13.7us,"[0,",1,476.8,normal,0,valid,-11.8dB,-11.8dB,0.16us,-24.2Hz,,"[6,",1111,1
2025-07-30 13:41:31.106568,PHY,0x4601,1,0,na,"[0,",0,0,1,3659.5,+21.4dB,22.7us,"[0,",1,476.9,normal,0,valid,-14.7dB,-14.7dB,na,na,,,,
2025-07-30 13:41:31.110090,PHY,0x4601,2,,na,"[0,",,,11111,,+29.7dB,15.8us,"[0,",1,476.17,normal,0,valid,-11.9dB,-11.9dB,0.15us,+18.3Hz,,"[6,",,1
2025-07-30 13:41:31.111053,PHY,0x4601,1,0,na,"[0,",0,0,1,2149.0,+19.1dB,15.8us,"[0,",1,476.18,normal,0,valid,-14.7dB,-14.7dB,na,na,,,,
2025-07-30 13:41:31.111490,PHY,0x4601,1,0,na,"[0,",0,0,1,2267.7,+19.3dB,13.7us,"[0,",1,476.19,normal,0,valid,-14.7dB,-14.8dB,na,na,,,,
2025-07-30 13:41:31.115977,PHY,0x4601,1,0,na,"[0,",0,0,1,2276.1,+19.3dB,18.0us,"[0,",1,477.8,normal,0,valid,-14.7dB,-14.7dB,na,na,,,,
2025-07-30 13:41:31.116454,PHY,0x4601,1,0,na,"[0,",0,0,1,2297.5,+19.3dB,16.3us,"[0,",1,477.9,normal,0,valid,-14.7dB,-14.7dB,na,na,,,,
2025-07-30 13:41:31.120135,PHY,0x4601,2,,na,"[0,",,,11111,,+34.0dB,27.3us,"[0,",1,477.17,normal,0,valid,-11.9dB,-11.9dB,0.14us,+47.2Hz,,"[6,",,1
2025-07-30 13:41:31.120948,PHY,0x4601,1,0,na,"[0,",0,0,1,2314.0,+19.4dB,18.0us,"[0,",1,477.18,normal,0,valid,-14.6dB,-14.7dB,na,na,,,,
2025-07-30 13:41:31.121561,PHY,0x4601,1,0,na,"[0,",0,0,1,2302.4,+19.4dB,16.2us,"[0,",1,477.19,normal,0,valid,-14.7dB,-14.7dB,na,na,,,,
2025-07-30 13:41:31.125619,CSI,0x4601,2,,na,"[0,",,,1,,+30.6dB,15.9us,"[0,",1,478.8,normal,0,valid,-11.8dB,-11.8dB,0.15us,-1.3Hz,,"[6,",1111,1
2025-07-30 13:41:31.126498,PHY,0x4601,1,0,na,"[0,",0,0,1,2231.5,+19.2dB,20.7us,"[0,",1,478.9,normal,0,valid,-14.7dB,-14.7dB,na,na,,,,
2025-07-30 13:41:31.130027,PHY,0x4601,2,,na,"[0,",,,11111,,+31.4dB,18.4us,"[0,",1,478.17,normal,0,valid,-11.8dB,-11.8dB,0.11us,+79.9Hz,,"[6,",,1
2025-07-30 13:41:31.130968,PHY,0x4601,1,0,na,"[0,",0,0,1,3093.7,+20.6dB,16.5us,"[0,",1,478.18,normal,0,valid,-14.6dB,-14.7dB,na,na,,,,
2025-07-30 13:41:31.131451,PHY,0x4601,1,0,na,"[0,",0,0,1,3944.6,+21.7dB,14.5us,"[0,",1,478.19,normal,0,valid,-14.7dB,-14.7dB,na,na,,,,
2025-07-30 13:41:31.136040,PHY,0x4601,1,0,na,"[0,",0,0,1,2528.7,+19.8dB,16.7us,"[0,",1,479.8,normal,0,valid,-14.6dB,-14.7dB,na,na,,,,
2025-07-30 13:41:31.136551,PHY,0x4601,1,0,na,"[0,",0,0,1,2154.0,+19.0dB,15.0us,"[0,",1,479.9,normal,0,valid,-14.6dB,-14.7dB,na,na,,,,
2025-07-30 13:41:31.140085,PHY,0x4601,2,,na,"[0,",,,11111,,+29.2dB,15.9us,"[0,",1,479.17,normal,0,valid,-11.8dB,-11.8dB,0.15us,+17.2Hz,,"[6,",,1
2025-07-30 13:41:31.141042,PHY,0x4601,1,0,na,"[0,",0,0,1,3498.7,+21.2dB,15.1us,"[0,",1,479.18,normal,0,valid,-14.6dB,-14.7dB,na,na,,,,
2025-07-30 13:41:31.141472,PHY,0x4601,1,0,na,"[0,",0,0,1,3733.0,+21.5dB,13.4us,"[0,",1,479.19,normal,0,valid,-14.6dB,-14.7dB,na,na,,,,
2025-07-30 13:41:31.145628,CSI,0x4601,2,,na,"[0,",,,1,,+31.8dB,14.1us,"[0,",1,480.8,normal,0,valid,-11.9dB,-11.9dB,0.15us,-9.7Hz,,"[6,",1111,1
2025-07-30 13:41:31.146457,PHY,0x4601,1,0,na,"[0,",0,0,1,3279.9,+20.9dB,16.7us,"[0,",1,480.9,normal,0,valid,-14.7dB,-14.7dB,na,na,,,,
2025-07-30 13:41:31.150109,PHY,0x4601,2,,na,"[0,",,,11111,,+32.3dB,15.6us,"[0,",1,480.17,normal,0,valid,-11.8dB,-11.8dB,0.13us,-0.8Hz,,"[6,",,1
2025-07-30 13:41:31.151034,PHY,0x4601,1,0,na,"[0,",0,0,1,2170.8,+19.1dB,16.3us,"[0,",1,480.18,normal,0,valid,-14.6dB,-14.7dB,na,na,,,,
2025-07-30 13:41:31.151548,PHY,0x4601,1,0,na,"[0,",0,0,1,2391.3,+19.5dB,13.6us,"[0,",1,480.19,normal,0,valid,-14.7dB,-14.7dB,na,na,,,,
2025-07-30 13:41:31.156035,PHY,0x4601,1,0,na,"[0,",0,0,1,2369.1,+19.5dB,16.6us,"[0,",1,481.8,normal,0,valid,-14.6dB,-14.7dB,na,na,,,,
2025-07-30 13:41:31.156458,PHY,0x4601,1,0,na,"[0,",0,0,1,2206.4,+19.2dB,13.4us,"[0,",1,481.9,normal,0,valid,-14.7dB,-14.7dB,na,na,,,,
2025-07-30 13:41:31.160010,PHY,0x4601,2,,na,"[0,",,,11111,,+32.0dB,14.4us,"[0,",1,481.17,normal,0,valid,-11.9dB,-11.9dB,0.15us,-23.3Hz,,"[6,",,1
2025-07-30 13:41:31.160963,PHY,0x4601,1,0,na,"[0,",0,0,1,2235.8,+19.2dB,23.5us,"[0,",1,481.18,normal,0,valid,-14.7dB,-14.7dB,na,na,,,,
2025-07-30 13:41:31.161533,PHY,0x4601,1,0,na,"[0,",0,0,1,2375.7,+19.5dB,13.9us,"[0,",1,481.19,normal,0,valid,-14.7dB,-14.7dB,na,na,,,,
2025-07-30 13:41:31.165578,CSI,0x4601,2,,na,"[0,",,,1,,+31.1dB,24.0us,"[0,",1,482.8,normal,0,valid,-11.9dB,-11.9dB,0.14us,-170.6Hz,,"[6,",1111,1
2025-07-30 13:41:31.166549,PHY,0x4601,1,0,na,"[0,",0,0,1,2244.4,+19.2dB,22.9us,"[0,",1,482.9,normal,0,valid,-14.7dB,-14.8dB,na,na,,,,
2025-07-30 13:41:31.170051,PHY,0x4601,2,,na,"[0,",,,11111,,+30.4dB,16.5us,"[0,",1,482.17,normal,0,valid,-12.0dB,-12.0dB,0.16us,-38.8Hz,,"[6,",,1
2025-07-30 13:41:31.170985,PHY,0x4601,1,0,na,"[0,",0,0,1,2376.1,+19.5dB,18.2us,"[0,",1,482.18,normal,0,valid,-14.7dB,-14.7dB,na,na,,,,
2025-07-30 13:41:31.171466,PHY,0x4601,1,0,na,"[0,",0,0,1,2440.1,+19.7dB,13.9us,"[0,",1,482.19,normal,0,valid,-14.6dB,-14.6dB,na,na,,,,
2025-07-30 13:41:31.175951,PHY,0x4601,1,0,na,"[0,",0,0,1,2368.6,+19.5dB,17.1us,"[0,",1,483.8,normal,0,valid,-14.6dB,-14.7dB,na,na,,,,
2025-07-30 13:41:31.176537,PHY,0x4601,1,0,na,"[0,",0,0,1,2190.1,+19.1dB,13.9us,"[0,",1,483.9,normal,0,valid,-14.6dB,-14.7dB,na,na,,,,
2025-07-30 13:41:31.180108,PHY,0x4601,2,,na,"[0,",,,11111,,+31.0dB,15.7us,"[0,",1,483.17,normal,0,valid,-11.9dB,-11.9dB,0.13us,+60.6Hz,,"[6,",,1
2025-07-30 13:41:31.181019,PHY,0x4601,1,0,na,"[0,",0,0,1,2367.7,+19.5dB,16.2us,"[0,",1,483.18,normal,0,valid,-14.7dB,-14.7dB,na,na,,,,
2025-07-30 13:41:31.181499,PHY,0x4601,1,0,na,"[0,",0,0,1,2389.9,+19.5dB,14.0us,"[0,",1,483.19,normal,0,valid,-14.6dB,-14.7dB,na,na,,,,
2025-07-30 13:41:31.185580,CSI,0x4601,2,,na,"[0,",,,1,,+33.4dB,12.6us,"[0,",1,484.8,normal,0,valid,-11.9dB,-11.9dB,0.14us,-139.0Hz,,"[6,",1111,1
2025-07-30 13:41:31.186594,PHY,0x4601,1,0,na,"[0,",0,0,1,3663.2,+21.4dB,17.8us,"[0,",1,484.9,normal,0,valid,-14.7dB,-14.7dB,na,na,,,,
2025-07-30 13:41:31.190120,PHY,0x4601,2,,na,"[0,",,,11111,,+33.2dB,15.3us,"[0,",1,484.17,normal,0,valid,-11.8dB,-11.8dB,0.14us,-47.8Hz,,"[6,",,1
2025-07-30 13:41:31.190948,PHY,0x4601,1,0,na,"[0,",0,0,1,2347.1,+19.5dB,17.0us,"[0,",1,484.18,normal,0,valid,-14.6dB,-14.7dB,na,na,,,,
2025-07-30 13:41:31.191521,PHY,0x4601,1,0,na,"[0,",0,0,1,2074.6,+18.9dB,13.4us,"[0,",1,484.19,normal,0,valid,-14.6dB,-14.7dB,na,na,,,,
2025-07-30 13:41:31.196018,PHY,0x4601,1,0,na,"[0,",0,0,1,2485.5,+19.7dB,16.8us,"[0,",1,485.8,normal,0,valid,-14.7dB,-14.7dB,na,na,,,,
2025-07-30 13:41:31.196546,PHY,0x4601,1,0,na,"[0,",0,0,1,2196.3,+19.2dB,15.9us,"[0,",1,485.9,normal,0,valid,-14.7dB,-14.7dB,na,na,,,,
2025-07-30 13:41:31.200028,PHY,0x4601,2,,na,"[0,",,,11111,,+32.5dB,14.5us,"[0,",1,485.17,normal,0,valid,-12.0dB,-12.0dB,0.17us,-67.9Hz,,"[6,",,1
2025-07-30 13:41:31.200975,PHY,0x4601,1,0,na,"[0,",0,0,1,2142.2,+19.0dB,18.8us,"[0,",1,485.18,normal,0,valid,-14.7dB,-14.7dB,na,na,,,,
2025-07-30 13:41:31.201452,PHY,0x4601,1,0,na,"[0,",0,0,1,2407.6,+19.6dB,16.4us,"[0,",1,485.19,normal,0,valid,-14.7dB,-14.7dB,na,na,,,,
2025-07-30 13:41:31.205602,CSI,0x4601,2,,na,"[0,",,,1,,+31.3dB,13.7us,"[0,",1,486.8,normal,0,valid,-11.8dB,-11.8dB,0.14us,-36.5Hz,,"[6,",1111,1
2025-07-30 13:41:31.206517,PHY,0x4601,1,0,na,"[0,",0,0,1,2106.4,+19.0dB,16.0us,"[0,",1,486.9,normal,0,valid,-14.7dB,-14.7dB,na,na,,,,
2025-07-30 13:41:31.210090,PHY,0x4601,2,,na,"[0,",,,11111,,+31.4dB,17.1us,"[0,",1,486.17,normal,0,valid,-11.8dB,-11.8dB,0.16us,-49.8Hz,,"[6,",,1
2025-07-30 13:41:31.211046,PHY,0x4601,1,0,na,"[0,",0,0,1,3447.3,+21.1dB,15.2us,"[0,",1,486.18,normal,0,valid,-14.7dB,-14.7dB,na,na,,,,
2025-07-30 13:41:31.211484,PHY,0x4601,1,0,na,"[0,",0,0,1,3540.4,+21.3dB,14.8us,"[0,",1,486.19,normal,0,valid,-14.7dB,-14.7dB,na,na,,,,
2025-07-30 13:41:31.215988,PHY,0x4601,1,0,na,"[0,",0,0,1,2322.4,+19.4dB,20.7us,"[0,",1,487.8,normal,0,valid,-14.6dB,-14.7dB,na,na,,,,
2025-07-30 13:41:31.216455,PHY,0x4601,1,0,na,"[0,",0,0,1,2197.2,+19.2dB,14.8us,"[0,",1,487.9,normal,0,valid,-14.6dB,-14.7dB,na,na,,,,
2025-07-30 13:41:31.220096,PHY,0x4601,2,,na,"[0,",,,11111,,+30.2dB,15.0us,"[0,",1,487.17,normal,0,valid,-11.8dB,-11.9dB,0.15us,+53.1Hz,,"[6,",,1
2025-07-30 13:41:31.221054,PHY,0x4601,1,0,na,"[0,",0,0,1,3443.6,+21.1dB,20.7us,"[0,",1,487.18,normal,0,valid,-14.6dB,-14.7dB,na,na,,,,
2025-07-30 13:41:31.221509,PHY,0x4601,1,0,na,"[0,",0,0,1,3545.8,+21.2dB,14.0us,"[0,",1,487.19,normal,0,valid,-14.7dB,-14.7dB,na,na,,,,
2025-07-30 13:41:31.225609,CSI,0x4601,2,,na,"[0,",,,1,,+31.8dB,12.0us,"[0,",1,488.8,normal,0,valid,-11.8dB,-11.8dB,0.15us,-71.3Hz,,"[6,",1111,1
2025-07-30 13:41:31.226480,PHY,0x4601,1,0,na,"[0,",0,0,1,2377.1,+19.5dB,17.2us,"[0,",1,488.9,normal,0,valid,-14.6dB,-14.7dB,na,na,,,,
2025-07-30 13:41:31.230018,PHY,0x4601,2,,na,"[0,",,,11111,,+31.1dB,17.1us,"[0,",1,488.17,normal,0,valid,-11.9dB,-12.0dB,0.15us,-19.4Hz,,"[6,",,1
2025-07-30 13:41:31.230971,PHY,0x4601,1,0,na,"[0,",0,0,1,2496.9,+19.7dB,15.8us,"[0,",1,488.18,normal,0,valid,-14.7dB,-14.7dB,na,na,,,,
2025-07-30 13:41:31.231440,PHY,0x4601,1,0,na,"[0,",0,0,1,2271.8,+19.3dB,16.5us,"[0,",1,488.19,normal,0,valid,-14.7dB,-14.7dB,na,na,,,,
2025-07-30 13:41:31.236049,PHY,0x4601,1,0,na,"[0,",0,0,1,2425.4,+19.6dB,18.9us,"[0,",1,489.8,normal,0,valid,-14.6dB,-14.7dB,na,na,,,,
2025-07-30 13:41:31.236521,PHY,0x4601,1,0,na,"[0,",0,0,1,2072.6,+18.9dB,16.2us,"[0,",1,489.9,normal,0,valid,-14.7dB,-14.7dB,na,na,,,,
2025-07-30 13:41:31.240069,PHY,0x4601,2,,na,"[0,",,,11111,,+29.8dB,16.4us,"[0,",1,489.17,normal,0,valid,-11.9dB,-11.9dB,0.12us,+65.1Hz,,"[6,",,1
2025-07-30 13:41:31.240996,PHY,0x4601,1,0,na,"[0,",0,0,1,2479.7,+19.7dB,16.3us,"[0,",1,489.18,normal,0,valid,-14.7dB,-14.7dB,na,na,,,,
2025-07-30 13:41:31.241472,PHY,0x4601,1,0,na,"[0,",0,0,1,2052.8,+18.9dB,15.8us,"[0,",1,489.19,normal,0,valid,-14.6dB,-14.7dB,na,na,,,,
2025-07-30 13:41:31.245600,CSI,0x4601,2,,na,"[0,",,,1,,+29.1dB,15.8us,"[0,",1,490.8,normal,0,valid,-11.9dB,-11.9dB,0.17us,-35.2Hz,,"[6,",1111,1
2025-07-30 13:41:31.246539,PHY,0x4601,1,0,na,"[0,",0,0,1,3718.7,+21.4dB,15.4us,"[0,",1,490.9,normal,0,valid,-14.7dB,-14.7dB,na,na,,,,
2025-07-30 13:41:31.250089,PHY,0x4601,2,,na,"[0,",,,11111,,+31.5dB,15.8us,"[0,",1,490.17,normal,0,valid,-11.9dB,-11.9dB,0.14us,-57.3Hz,,"[6,",,1
2025-07-30 13:41:31.251030,PHY,0x4601,1,0,na,"[0,",0,0,1,3339.6,+20.9dB,16.5us,"[0,",1,490.18,normal,0,valid,-14.6dB,-14.7dB,na,na,,,,
2025-07-30 13:41:31.251501,PHY,0x4601,1,0,na,"[0,",0,0,1,3535.9,+21.2dB,14.3us,"[0,",1,490.19,normal,0,valid,-14.6dB,-14.7dB,na,na,,,,
2025-07-30 13:41:31.256002,PHY,0x4601,1,0,na,"[0,",0,0,1,2178.4,+19.1dB,18.8us,"[0,",1,491.8,normal,0,valid,-14.6dB,-14.7dB,na,na,,,,
2025-07-30 13:41:31.256466,PHY,0x4601,1,0,na,"[0,",0,0,1,2280.4,+19.3dB,15.2us,"[0,",1,491.9,normal,0,valid,-14.6dB,-14.7dB,na,na,,,,
2025-07-30 13:41:31.260150,PHY,0x4601,2,,na,"[0,",,,11111,,+29.1dB,16.9us,"[0,",1,491.17,normal,0,valid,-11.9dB,-11.9dB,0.15us,-19.2Hz,,"[6,",,1
2025-07-30 13:41:31.260952,PHY,0x4601,1,0,na,"[0,",0,0,1,3263.2,+20.9dB,16.4us,"[0,",1,491.18,normal,0,valid,-14.7dB,-14.7dB,na,na,,,,
2025-07-30 13:41:31.261541,PHY,0x4601,1,0,na,"[0,",0,0,1,3561.1,+21.3dB,15.6us,"[0,",1,491.19,normal,0,valid,-14.7dB,-14.7dB,na,na,,,,
2025-07-30 13:41:31.265583,CSI,0x4601,2,,na,"[0,",,,1,,+31.7dB,15.3us,"[0,",1,492.8,normal,0,valid,-11.7dB,-11.7dB,0.14us,-2.3Hz,,"[6,",1111,1
2025-07-30 13:41:31.266502,PHY,0x4601,1,0,na,"[0,",0,0,1,2433.3,+19.6dB,21.1us,"[0,",1,492.9,normal,0,valid,-14.7dB,-14.7dB,na,na,,,,
2025-07-30 13:41:31.270072,PHY,0x4601,2,,na,"[0,",,,11111,,+31.9dB,14.2us,"[0,",1,492.17,normal,0,valid,-11.9dB,-11.9dB,0.14us,-5.3Hz,,"[6,",,1
2025-07-30 13:41:31.270990,PHY,0x4601,1,0,na,"[0,",0,0,1,3702.2,+21.5dB,21.2us,"[0,",1,492.18,normal,0,valid,-14.7dB,-14.7dB,na,na,,,,
2025-07-30 13:41:31.271464,PHY,0x4601,1,0,na,"[0,",0,0,1,3583.4,+21.3dB,16.0us,"[0,",1,492.19,normal,0,valid,-14.7dB,-14.8dB,na,na,,,,
2025-07-30 13:41:31.275967,PHY,0x4601,1,0,na,"[0,",0,0,1,2101.9,+19.0dB,16.4us,"[0,",1,493.8,normal,0,valid,-14.7dB,-14.7dB,na,na,,,,
2025-07-30 13:41:31.276544,PHY,0x4601,1,0,na,"[0,",0,0,1,2263.2,+19.2dB,16.7us,"[0,",1,493.9,normal,0,valid,-14.7dB,-14.7dB,na,na,,,,
2025-07-30 13:41:31.280086,PHY,0x4601,2,,na,"[0,",,,11111,,+32.9dB,16.1us,"[0,",1,493.17,normal,0,valid,-11.9dB,-11.9dB,0.13us,+22.1Hz,,"[6,",,1
2025-07-30 13:41:31.281026,PHY,0x4601,1,0,na,"[0,",0,0,1,2098.7,+19.0dB,25.2us,"[0,",1,493.18,normal,0,valid,-14.7dB,-14.7dB,na,na,,,,
2025-07-30 13:41:31.281504,PHY,0x4601,1,0,na,"[0,",0,0,1,2377.1,+19.5dB,22.2us,"[0,",1,493.19,normal,0,valid,-14.7dB,-14.7dB,na,na,,,,
2025-07-30 13:41:31.285621,CSI,0x4601,2,,na,"[0,",,,1,,+33.8dB,13.6us,"[0,",1,494.8,normal,0,valid,-11.8dB,-11.8dB,0.16us,-32.9Hz,,"[6,",1111,1
2025-07-30 13:41:31.286462,PHY,0x4601,1,0,na,"[0,",0,0,1,2365.8,+19.5dB,24.3us,"[0,",1,494.9,normal,0,valid,-14.7dB,-14.7dB,na,na,,,,
2025-07-30 13:41:31.290101,PHY,0x4601,2,,na,"[0,",,,11111,,+36.5dB,13.6us,"[0,",1,494.17,normal,0,valid,-11.8dB,-11.9dB,0.15us,+76.8Hz,,"[6,",,1
2025-07-30 13:41:31.290945,PHY,0x4601,1,0,na,"[0,",0,0,1,2339.3,+19.4dB,16.3us,"[0,",1,494.18,normal,0,valid,-14.6dB,-14.7dB,na,na,,,,
2025-07-30 13:41:31.291515,PHY,0x4601,1,0,na,"[0,",0,0,1,2164.1,+19.1dB,15.3us,"[0,",1,494.19,normal,0,valid,-14.7dB,-14.7dB,na,na,,,,
2025-07-30 13:41:31.296037,PHY,0x4601,1,0,na,"[0,",0,0,1,2331.9,+19.4dB,17.1us,"[0,",1,495.8,normal,0,valid,-14.6dB,-14.7dB,na,na,,,,
2025-07-30 13:41:31.296496,PHY,0x4601,1,0,na,"[0,",0,0,1,2282.0,+19.3dB,15.1us,"[0,",1,495.9,normal,0,valid,-14.7dB,-14.7dB,na,na,,,,
2025-07-30 13:41:31.300068,PHY,0x4601,2,,na,"[0,",,,11111,,+32.3dB,15.8us,"[0,",1,495.17,normal,0,valid,-11.8dB,-11.8dB,0.14us,-38.6Hz,,"[6,",,1
2025-07-30 13:41:31.300979,PHY,0x4601,1,0,na,"[0,",0,0,1,3378.2,+21.0dB,17.5us,"[0,",1,495.18,normal,0,valid,-14.7dB,-14.7dB,na,na,,,,
2025-07-30 13:41:31.301447,PHY,0x4601,1,0,na,"[0,",0,0,1,3502.3,+21.2dB,15.8us,"[0,",1,495.19,normal,0,valid,-14.6dB,-14.7dB,na,na,,,,
2025-07-30 13:41:31.305583,CSI,0x4601,2,,na,"[0,",,,1,,+33.6dB,15.8us,"[0,",1,496.8,normal,0,valid,-11.7dB,-11.8dB,0.17us,+13.0Hz,,"[6,",1111,1
2025-07-30 13:41:31.306531,PHY,0x4601,1,0,na,"[0,",0,0,1,3425.1,+21.1dB,16.6us,"[0,",1,496.9,normal,0,valid,-14.7dB,-14.7dB,na,na,,,,
2025-07-30 13:41:31.310061,PHY,0x4601,2,,na,"[0,",,,11111,,+31.8dB,14.4us,"[0,",1,496.17,normal,0,valid,-11.9dB,-11.9dB,0.13us,-63.8Hz,,"[6,",,1
2025-07-30 13:41:31.311001,PHY,0x4601,1,0,na,"[0,",0,0,1,3359.7,+21.0dB,15.9us,"[0,",1,496.18,normal,0,valid,-14.7dB,-14.7dB,na,na,,,,
2025-07-30 13:41:31.311475,PHY,0x4601,1,0,na,"[0,",0,0,1,3278.8,+20.9dB,13.7us,"[0,",1,496.19,normal,0,valid,-14.7dB,-14.7dB,na,na,,,,
2025-07-30 13:41:31.315978,PHY,0x4601,1,0,na,"[0,",0,0,1,2169.3,+19.1dB,18.6us,"[0,",1,497.8,normal,0,valid,-14.6dB,-14.7dB,na,na,,,,
2025-07-30 13:41:31.316459,PHY,0x4601,1,0,na,"[0,",0,0,1,2146.3,+19.0dB,22.5us,"[0,",1,497.9,normal,0,valid,-14.7dB,-14.8dB,na,na,,,,
2025-07-30 13:41:31.320098,PHY,0x4601,2,,na,"[0,",,,11111,,+30.3dB,17.6us,"[0,",1,497.17,normal,0,valid,-11.8dB,-11.8dB,0.14us,+117.7Hz,,"[6,",,1
2025-07-30 13:41:31.321074,PHY,0x4601,1,0,na,"[0,",0,0,1,2333.0,+19.4dB,16.6us,"[0,",1,497.18,normal,0,valid,-14.7dB,-14.7dB,na,na,,,,
2025-07-30 13:41:31.321506,PHY,0x4601,1,0,na,"[0,",0,0,1,2196.8,+19.1dB,14.3us,"[0,",1,497.19,normal,0,valid,-14.7dB,-14.7dB,na,na,,,,
2025-07-30 13:41:31.325637,CSI,0x4601,2,,na,"[0,",,,1,,+32.6dB,12.3us,"[0,",1,498.8,normal,0,valid,-11.7dB,-11.7dB,0.16us,+32.7Hz,,"[6,",1111,1
2025-07-30 13:41:31.326475,PHY,0x4601,1,0,na,"[0,",0,0,1,3130.4,+20.7dB,18.1us,"[0,",1,498.9,normal,0,valid,-14.7dB,-14.7dB,na,na,,,,
2025-07-30 13:41:31.330056,PHY,0x4601,2,,na,"[0,",,,11111,,+31.0dB,22.5us,"[0,",1,498.17,normal,0,valid,-11.9dB,-11.9dB,0.15us,+42.8Hz,,"[6,",,1
2025-07-30 13:41:31.330971,PHY,0x4601,1,0,na,"[0,",0,0,1,2242.6,+19.2dB,27.2us,"[0,",1,498.18,normal,0,valid,-14.7dB,-14.7dB,na,na,,,,
2025-07-30 13:41:31.331578,PHY,0x4601,1,0,na,"[0,",0,0,1,2585.9,+19.9dB,19.5us,"[0,",1,498.19,normal,0,valid,-14.6dB,-14.7dB,na,na,,,,
2025-07-30 13:41:31.336063,PHY,0x4601,1,0,na,"[0,",0,0,1,2376.6,+19.5dB,16.7us,"[0,",1,499.8,normal,0,valid,-14.6dB,-14.7dB,na,na,,,,
2025-07-30 13:41:31.336513,PHY,0x4601,1,0,na,"[0,",0,0,1,2310.0,+19.4dB,16.6us,"[0,",1,499.9,normal,0,valid,-14.7dB,-14.7dB,na,na,,,,
2025-07-30 13:41:31.340048,PHY,0x4601,2,,na,"[0,",,,11111,,+32.4dB,17.2us,"[0,",1,499.17,normal,0,valid,-11.8dB,-11.8dB,0.13us,+47.9Hz,,"[6,",,1
2025-07-30 13:41:31.340994,PHY,0x4601,1,0,na,"[0,",0,0,1,3262.0,+20.9dB,17.6us,"[0,",1,499.18,normal,0,valid,-14.6dB,-14.7dB,na,na,,,,
2025-07-30 13:41:31.341471,PHY,0x4601,1,0,na,"[0,",0,0,1,3411.2,+21.1dB,14.8us,"[0,",1,499.19,normal,0,valid,-14.6dB,-14.7dB,na,na,,,,
2025-07-30 13:41:31.345614,CSI,0x4601,2,,na,"[0,",,,1,,+29.9dB,18.6us,"[0,",1,500.8,normal,0,valid,-11.7dB,-11.7dB,0.15us,+54.3Hz,,"[6,",1111,1
2025-07-30 13:41:31.346563,PHY,0x4601,1,0,na,"[0,",0,0,1,2232.7,+19.2dB,15.4us,"[0,",1,500.9,normal,0,valid,-14.7dB,-14.7dB,na,na,,,,
2025-07-30 13:41:31.350100,PHY,0x4601,2,,na,"[0,",,,11111,,+27.9dB,17.3us,"[0,",1,500.17,normal,0,valid,-12.0dB,-12.0dB,0.15us,-79.7Hz,,"[6,",,1
2025-07-30 13:41:31.351056,PHY,0x4601,1,0,na,"[0,",0,0,1,2530.1,+19.8dB,15.4us,"[0,",1,500.18,normal,0,valid,-14.7dB,-14.7dB,na,na,,,,
2025-07-30 13:41:31.351490,PHY,0x4601,1,0,na,"[0,",0,0,1,2474.5,+19.7dB,14.5us,"[0,",1,500.19,normal,0,valid,-14.7dB,-14.8dB,na,na,,,,
2025-07-30 13:41:31.356000,PHY,0x4601,1,0,na,"[0,",0,0,1,2136.3,+19.0dB,16.2us,"[0,",1,501.8,normal,0,valid,-14.7dB,-14.7dB,na,na,,,,
2025-07-30 13:41:31.356477,PHY,0x4601,1,0,na,"[0,",0,0,1,2194.1,+19.2dB,20.2us,"[0,",1,501.9,normal,0,valid,-14.7dB,-14.7dB,na,na,,,,
2025-07-30 13:41:31.360135,PHY,0x4601,2,,na,"[0,",,,11111,,+32.4dB,18.7us,"[0,",1,501.17,normal,0,valid,-11.9dB,-12.0dB,0.16us,-120.8Hz,,"[6,",,1
2025-07-30 13:41:31.360953,PHY,0x4601,1,0,na,"[0,",0,0,1,2198.6,+19.1dB,18.0us,"[0,",1,501.18,normal,0,valid,-14.7dB,-14.7dB,na,na,,,,
2025-07-30 13:41:31.361557,PHY,0x4601,1,0,na,"[0,",0,0,1,2532.0,+19.8dB,15.2us,"[0,",1,501.19,normal,0,valid,-14.6dB,-14.7dB,na,na,,,,
2025-07-30 13:41:31.365638,CSI,0x4601,2,,na,"[0,",,,1,,+33.4dB,14.3us,"[0,",1,502.8,normal,0,valid,-11.7dB,-11.7dB,0.14us,-39.4Hz,,"[6,",1111,1
2025-07-30 13:41:31.366491,PHY,0x4601,1,0,na,"[0,",0,0,1,3236.7,+20.9dB,16.4us,"[0,",1,502.9,normal,0,valid,-14.6dB,-14.7dB,na,na,,,,
2025-07-30 13:41:31.370034,PHY,0x4601,2,,na,"[0,",,,11111,,+29.9dB,15.3us,"[0,",1,502.17,normal,0,valid,-11.8dB,-11.8dB,0.13us,+55.4Hz,,"[6,",,1
2025-07-30 13:41:31.370983,PHY,0x4601,1,0,na,"[0,",0,0,1,3403.1,+21.1dB,23.2us,"[0,",1,502.18,normal,0,valid,-14.6dB,-14.7dB,na,na,,,,
2025-07-30 13:41:31.371468,PHY,0x4601,1,0,na,"[0,",0,0,1,3284.6,+20.9dB,27.4us,"[0,",1,502.19,normal,0,valid,-14.7dB,-14.7dB,na,na,,,,
2025-07-30 13:41:31.375952,PHY,0x4601,1,0,na,"[0,",0,0,1,2281.7,+19.3dB,16.9us,"[0,",1,503.8,normal,0,valid,-14.7dB,-14.7dB,na,na,,,,
2025-07-30 13:41:31.376556,PHY,0x4601,1,0,na,"[0,",0,0,1,2347.0,+19.4dB,14.7us,"[0,",1,503.9,normal,0,valid,-14.7dB,-14.7dB,na,na,,,,
2025-07-30 13:41:31.380068,PHY,0x4601,2,,na,"[0,",,,11111,,+30.8dB,14.4us,"[0,",1,503.17,normal,0,valid,-11.9dB,-11.9dB,0.12us,+36.8Hz,,"[6,",,1
2025-07-30 13:41:31.381047,PHY,0x4601,1,0,na,"[0,",0,0,1,3172.6,+20.7dB,15.7us,"[0,",1,503.18,normal,0,valid,-14.7dB,-14.7dB,na,na,,,,
2025-07-30 13:41:31.381473,PHY,0x4601,1,0,na,"[0,",0,0,1,3428.2,+21.1dB,15.0us,"[0,",1,503.19,normal,0,valid,-14.6dB,-14.7dB,na,na,,,,
2025-07-30 13:41:31.385653,CSI,0x4601,2,,na,"[0,",,,1,,+29.0dB,19.0us,"[0,",1,504.8,normal,0,valid,-11.8dB,-11.9dB,0.15us,+79.6Hz,,"[6,",1111,1
2025-07-30 13:41:31.386459,PHY,0x4601,1,0,na,"[0,",0,0,1,3218.7,+20.8dB,16.0us,"[0,",1,504.9,normal,0,valid,-14.7dB,-14.7dB,na,na,,,,
2025-07-30 13:41:31.390103,PHY,0x4601,2,,na,"[0,",,,11111,,+33.0dB,15.0us,"[0,",1,504.17,normal,0,valid,-11.9dB,-11.9dB,0.15us,-3.0Hz,,"[6,",,1
2025-07-30 13:41:31.391039,PHY,0x4601,1,0,na,"[0,",0,0,1,2189.2,+19.2dB,17.1us,"[0,",1,504.18,normal,0,valid,-14.7dB,-14.7dB,na,na,,,,
2025-07-30 13:41:31.391557,PHY,0x4601,1,0,na,"[0,",0,0,1,2315.4,+19.4dB,21.5us,"[0,",1,504.19,normal,0,valid,-14.6dB,-14.7dB,na,na,,,,
2025-07-30 13:41:31.396040,PHY,0x4601,1,0,na,"[0,",0,0,1,2246.0,+19.2dB,18.1us,"[0,",1,505.8,normal,0,valid,-14.6dB,-14.7dB,na,na,,,,
2025-07-30 13:41:31.396474,PHY,0x4601,1,0,na,"[0,",0,0,1,1956.7,+18.7dB,14.1us,"[0,",1,505.9,normal,0,valid,-14.7dB,-14.7dB,na,na,,,,
2025-07-30 13:41:31.400012,PHY,0x4601,2,,na,"[0,",,,11111,,+30.7dB,13.8us,"[0,",1,505.17,normal,0,valid,-11.9dB,-11.9dB,0.14us,-5.3Hz,,"[6,",,1
2025-07-30 13:41:31.400955,PHY,0x4601,1,0,na,"[0,",0,0,1,2203.1,+19.2dB,16.4us,"[0,",1,505.18,normal,0,valid,-14.6dB,-14.7dB,na,na,,,,
2025-07-30 13:41:31.401451,PHY,0x4601,1,0,na,"[0,",0,0,1,2062.8,+18.9dB,18.2us,"[0,",1,505.19,normal,0,valid,-14.7dB,-14.7dB,na,na,,,,
2025-07-30 13:41:31.405581,CSI,0x4601,2,,na,"[0,",,,1,,+32.1dB,18.3us,"[0,",1,506.8,normal,0,valid,-11.6dB,-11.6dB,0.16us,-15.9Hz,,"[6,",1111,1
2025-07-30 13:41:31.406557,PHY,0x4601,1,0,na,"[0,",0,0,1,3350.9,+21.0dB,17.0us,"[0,",1,506.9,normal,0,valid,-14.7dB,-14.7dB,na,na,,,,
2025-07-30 13:41:31.410064,PHY,0x4601,2,,na,"[0,",,,11111,,+30.3dB,17.2us,"[0,",1,506.17,normal,0,valid,-11.9dB,-11.9dB,0.14us,+28.5Hz,,"[6,",,1
2025-07-30 13:41:31.410991,PHY,0x4601,1,0,na,"[0,",0,0,1,3375.3,+21.0dB,18.5us,"[0,",1,506.18,normal,0,valid,-14.7dB,-14.7dB,na,na,,,,
2025-07-30 13:41:31.411465,PHY,0x4601,1,0,na,"[0,",0,0,1,3406.0,+21.1dB,14.9us,"[0,",1,506.19,normal,0,valid,-14.7dB,-14.7dB,na,na,,,,
2025-07-30 13:41:31.415963,PHY,0x4601,1,0,na,"[0,",0,0,1,2094.7,+18.9dB,19.3us,"[0,",1,507.8,normal,0,valid,-14.7dB,-14.7dB,na,na,,,,
2025-07-30 13:41:31.416539,PHY,0x4601,1,0,na,"[0,",0,0,1,2274.8,+19.3dB,14.3us,"[0,",1,507.9,normal,0,valid,-14.7dB,-14.7dB,na,na,,,,
2025-07-30 13:41:31.420103,PHY,0x4601,2,,na,"[0,",,,11111,,+31.8dB,14.0us,"[0,",1,507.17,normal,0,valid,-11.8dB,-11.8dB,0.14us,+60.3Hz,,"[6,",,1
2025-07-30 13:41:31.421021,PHY,0x4601,1,0,na,"[0,",0,0,1,2266.9,+19.3dB,15.1us,"[0,",1,507.18,normal,0,valid,-14.7dB,-14.7dB,na,na,,,,
2025-07-30 13:41:31.421551,PHY,0x4601,1,0,na,"[0,",0,0,1,2157.7,+19.1dB,23.4us,"[0,",1,507.19,normal,0,valid,-14.6dB,-14.7dB,na,na,,,,
2025-07-30 13:41:31.425588,CSI,0x4601,2,,na,"[0,",,,1,,+33.5dB,11.7us,"[0,",1,508.8,normal,0,valid,-11.9dB,-11.9dB,0.15us,-101.1Hz,,"[6,",1111,1
2025-07-30 13:41:31.426466,PHY,0x4601,1,0,na,"[0,",0,0,1,3176.1,+20.8dB,16.7us,"[0,",1,508.9,normal,0,valid,-14.7dB,-14.7dB,na,na,,,,
2025-07-30 13:41:31.430134,PHY,0x4601,2,,na,"[0,",,,11111,,+32.7dB,15.9us,"[0,",1,508.17,normal,0,valid,-11.8dB,-11.9dB,0.14us,+31.5Hz,,"[6,",,1
2025-07-30 13:41:31.430951,PHY,0x4601,1,0,na,"[0,",0,0,1,3233.6,+20.9dB,20.4us,"[0,",1,508.18,normal,0,valid,-14.6dB,-14.6dB,na,na,,,,
2025-07-30 13:41:31.431536,PHY,0x4601,1,0,na,"[0,",0,0,1,2940.9,+20.4dB,19.3us,"[0,",1,508.19,normal,0,valid,-14.6dB,-14.7dB,na,na,,,,
2025-07-30 13:41:31.436021,PHY,0x4601,1,0,na,"[0,",0,0,1,2146.2,+19.0dB,16.2us,"[0,",1,509.8,normal,0,valid,-14.7dB,-14.7dB,na,na,,,,
2025-07-30 13:41:31.436532,PHY,0x4601,1,0,na,"[0,",0,0,1,2257.7,+19.3dB,13.9us,"[0,",1,509.9,normal,0,valid,-14.6dB,-14.6dB,na,na,,,,
2025-07-30 13:41:31.440035,PHY,0x4601,2,,na,"[0,",,,11111,,+31.0dB,14.2us,"[0,",1,509.17,normal,0,valid,-11.8dB,-11.8dB,0.15us,+16.0Hz,,"[6,",,1
2025-07-30 13:41:31.440978,PHY,0x4601,1,0,na,"[0,",0,0,1,2267.2,+19.3dB,16.1us,"[0,",1,509.18,normal,0,valid,-14.6dB,-14.7dB,na,na,,,,
2025-07-30 13:41:31.441456,PHY,0x4601,1,0,na,"[0,",0,0,1,2176.2,+19.1dB,16.9us,"[0,",1,509.19,normal,0,valid,-14.7dB,-14.7dB,na,na,,,,
2025-07-30 13:41:31.445608,CSI,0x4601,2,,na,"[0,",,,1,,+31.6dB,13.0us,"[0,",1,510.8,normal,0,valid,-11.8dB,-11.8dB,0.15us,+8.0Hz,,"[6,",1111,1
2025-07-30 13:41:31.446531,PHY,0x4601,1,0,na,"[0,",0,0,1,2081.8,+18.9dB,16.1us,"[0,",1,510.9,normal,0,valid,-14.7dB,-14.7dB,na,na,,,,
2025-07-30 13:41:31.450105,PHY,0x4601,2,,na,"[0,",,,11111,,+33.8dB,14.4us,"[0,",1,510.17,normal,0,valid,-11.9dB,-12.0dB,0.17us,-4.8Hz,,"[6,",,1
2025-07-30 13:41:31.451012,PHY,0x4601,1,0,na,"[0,",0,0,1,2382.9,+19.5dB,16.1us,"[0,",1,510.18,normal,0,valid,-14.6dB,-14.7dB,na,na,,,,
2025-07-30 13:41:31.451536,PHY,0x4601,1,0,na,"[0,",0,0,1,2158.4,+19.1dB,16.1us,"[0,",1,510.19,normal,0,valid,-14.6dB,-14.7dB,na,na,,,,
2025-07-30 13:41:31.455984,PHY,0x4601,1,0,na,"[0,",0,0,1,2455.1,+19.6dB,25.7us,"[0,",1,511.8,normal,0,valid,-14.6dB,-14.7dB,na,na,,,,
2025-07-30 13:41:31.456451,PHY,0x4601,1,0,na,"[0,",0,0,1,2091.5,+18.9dB,15.2us,"[0,",1,511.9,normal,0,valid,-14.7dB,-14.7dB,na,na,,,,
2025-07-30 13:41:31.460143,PHY,0x4601,2,,na,"[0,",,,11111,,+29.4dB,22.2us,"[0,",1,511.17,normal,0,valid,-11.8dB,-11.8dB,0.14us,+70.1Hz,,"[6,",,1
2025-07-30 13:41:31.460938,PHY,0x4601,1,0,na,"[0,",0,0,1,3148.6,+20.7dB,16.5us,"[0,",1,511.18,normal,0,valid,-14.7dB,-14.7dB,na,na,,,,
2025-07-30 13:41:31.461516,PHY,0x4601,1,0,na,"[0,",0,0,1,3616.2,+21.3dB,14.3us,"[0,",1,511.19,normal,0,valid,-14.6dB,-14.7dB,na,na,,,,
2025-07-30 13:41:31.465629,CSI,0x4601,2,,na,"[0,",,,1,,+33.4dB,18.0us,"[0,",1,512.8,normal,0,valid,-11.8dB,-11.8dB,0.13us,-65.5Hz,,"[6,",1111,1
2025-07-30 13:41:31.466483,PHY,0x4601,1,0,na,"[0,",0,0,1,2188.2,+19.1dB,20.1us,"[0,",1,512.9,normal,0,valid,-14.6dB,-14.7dB,na,na,,,,
2025-07-30 13:41:31.470031,PHY,0x4601,2,,na,"[0,",,,11111,,+30.4dB,21.8us,"[0,",1,512.17,normal,0,valid,-11.9dB,-11.9dB,0.16us,+81.7Hz,,"[6,",,1
2025-07-30 13:41:31.470967,PHY,0x4601,1,0,na,"[0,",0,0,1,3216.6,+20.8dB,16.2us,"[0,",1,512.18,normal,0,valid,-14.6dB,-14.7dB,na,na,,,,
2025-07-30 13:41:31.471443,PHY,0x4601,1,0,na,"[0,",0,0,1,3141.5,+20.7dB,14.2us,"[0,",1,512.19,normal,0,valid,-14.6dB,-14.7dB,na,na,,,,
2025-07-30 13:41:31.476039,PHY,0x4601,1,0,na,"[0,",0,0,1,2383.5,+19.5dB,16.8us,"[0,",1,513.8,normal,0,valid,-14.6dB,-14.7dB,na,na,,,,
2025-07-30 13:41:31.476522,PHY,0x4601,1,0,na,"[0,",0,0,1,2283.7,+19.3dB,14.6us,"[0,",1,513.9,normal,0,valid,-14.7dB,-14.8dB,na,na,,,,
2025-07-30 13:41:31.480075,PHY,0x4601,2,,na,"[0,",,,11111,,+35.7dB,14.7us,"[0,",1,513.17,normal,0,valid,-12.0dB,-12.0dB,0.16us,-5.3Hz,,"[6,",,1
2025-07-30 13:41:31.481001,PHY,0x4601,1,0,na,"[0,",0,0,1,3518.4,+21.2dB,15.8us,"[0,",1,513.18,normal,0,valid,-14.6dB,-14.7dB,na,na,,,,
2025-07-30 13:41:31.481482,PHY,0x4601,1,0,na,"[0,",0,0,1,3271.5,+20.9dB,14.0us,"[0,",1,513.19,normal,0,valid,-14.6dB,-14.7dB,na,na,,,,
2025-07-30 13:41:31.485624,CSI,0x4601,2,,na,"[0,",,,1,,+34.0dB,17.0us,"[0,",1,514.8,normal,0,valid,-11.8dB,-11.8dB,0.17us,-60.8Hz,,"[6,",1111,1
2025-07-30 13:41:31.486441,PHY,0x4601,1,0,na,"[0,",0,0,1,3378.2,+21.0dB,19.9us,"[0,",1,514.9,normal,0,valid,-14.6dB,-14.7dB,na,na,,,,
2025-07-30 13:41:31.490094,PHY,0x4601,2,,na,"[0,",,,11111,,+27.8dB,14.6us,"[0,",1,514.17,normal,0,valid,-11.8dB,-11.8dB,0.16us,+68.2Hz,,"[6,",,1
2025-07-30 13:41:31.491029,PHY,0x4601,1,0,na,"[0,",0,0,1,2189.0,+19.2dB,16.0us,"[0,",1,514.18,normal,0,valid,-14.7dB,-14.7dB,na,na,,,,
2025-07-30 13:41:31.491508,PHY,0x4601,1,0,na,"[0,",0,0,1,2418.0,+19.6dB,14.5us,"[0,",1,514.19,normal,0,valid,-14.7dB,-14.7dB,na,na,,,,
2025-07-30 13:41:31.496000,PHY,0x4601,1,0,na,"[0,",0,0,1,2315.3,+19.4dB,16.5us,"[0,",1,515.8,normal,0,valid,-14.7dB,-14.7dB,na,na,,,,
2025-07-30 13:41:31.496469,PHY,0x4601,1,0,na,"[0,",0,0,1,2158.8,+19.1dB,13.8us,"[0,",1,515.9,normal,0,valid,-14.7dB,-14.7dB,na,na,,,,
2025-07-30 13:41:31.500010,PHY,0x4601,2,,na,"[0,",,,11111,,+30.0dB,14.3us,"[0,",1,515.17,normal,0,valid,-11.9dB,-11.9dB,0.13us,-5.6Hz,,"[6,",,1
2025-07-30 13:41:31.500956,PHY,0x4601,1,0,na,"[0,",0,0,1,3382.0,+21.0dB,15.8us,"[0,",1,515.18,normal,0,valid,-14.7dB,-14.7dB,na,na,,,,
2025-07-30 13:41:31.501538,PHY,0x4601,1,0,na,"[0,",0,0,1,3375.5,+21.0dB,14.9us,"[0,",1,515.19,normal,0,valid,-14.7dB,-14.7dB,na,na,,,,
2025-07-30 13:41:31.505585,CSI,0x4601,2,,na,"[0,",,,1,,+29.3dB,14.8us,"[0,",1,516.8,normal,0,valid,-11.8dB,-11.8dB,0.14us,+40.6Hz,,"[6,",1111,1
2025-07-30 13:41:31.506506,PHY,0x4601,1,0,na,"[0,",0,0,1,2246.9,+19.3dB,15.9us,"[0,",1,516.9,normal,0,valid,-14.7dB,-14.7dB,na,na,,,,
2025-07-30 13:41:31.510081,PHY,0x4601,2,,na,"[0,",,,11111,,+32.2dB,14.3us,"[0,",1,516.17,normal,0,valid,-11.9dB,-12.0dB,0.13us,-32.7Hz,,"[6,",,1
2025-07-30 13:41:31.510992,PHY,0x4601,1,0,na,"[0,",0,0,1,2277.1,+19.3dB,17.0us,"[0,",1,516.18,normal,0,valid,-14.7dB,-14.7dB,na,na,,,,
2025-07-30 13:41:31.511471,PHY,0x4601,1,0,na,"[0,",0,0,1,2326.5,+19.4dB,18.1us,"[0,",1,516.19,normal,0,valid,-14.7dB,-14.7dB,na,na,,,,
2025-07-30 13:41:31.515954,PHY,0x4601,1,0,na,"[0,",0,0,1,2181.6,+19.1dB,17.0us,"[0,",1,517.8,normal,0,valid,-14.6dB,-14.7dB,na,na,,,,
2025-07-30 13:41:31.516544,PHY,0x4601,1,0,na,"[0,",0,0,1,2212.9,+19.2dB,15.4us,"[0,",1,517.9,normal,0,valid,-14.6dB,-14.7dB,na,na,,,,
2025-07-30 13:41:31.520081,PHY,0x4601,2,,na,"[0,",,,11111,,+28.3dB,17.1us,"[0,",1,517.17,normal,0,valid,-11.8dB,-11.9dB,0.16us,-46.8Hz,,"[6,",,1
2025-07-30 13:41:31.521022,PHY,0x4601,1,0,na,"[0,",0,0,1,3042.8,+20.6dB,19.1us,"[0,",1,517.18,normal,0,valid,-14.6dB,-14.7dB,na,na,,,,
2025-07-30 13:41:31.521498,PHY,0x4601,1,0,na,"[0,",0,0,1,3104.1,+20.7dB,15.2us,"[0,",1,517.19,normal,0,valid,-14.6dB,-14.7dB,na,na,,,,
2025-07-30 13:41:31.525597,CSI,0x4601,2,,na,"[0,",,,1,,+31.7dB,15.2us,"[0,",1,518.8,normal,0,valid,-11.8dB,-11.8dB,0.15us,-7.3Hz,,"[6,",1111,1
2025-07-30 13:41:31.526460,PHY,0x4601,1,0,na,"[0,",0,0,1,3153.5,+20.7dB,15.8us,"[0,",1,518.9,normal,0,valid,-14.6dB,-14.7dB,na,na,,,,
2025-07-30 13:41:31.530109,PHY,0x4601,2,,na,"[0,",,,11111,,+30.4dB,14.9us,"[0,",1,518.17,normal,0,valid,-11.8dB,-11.8dB,0.12us,+1.4Hz,,"[6,",,1
2025-07-30 13:41:31.530958,PHY,0x4601,1,0,na,"[0,",0,0,1,2413.8,+19.6dB,16.0us,"[0,",1,518.18,normal,0,valid,-14.6dB,-14.7dB,na,na,,,,
2025-07-30 13:41:31.531525,PHY,0x4601,1,0,na,"[0,",0,0,1,2166.0,+19.1dB,16.5us,"[0,",1,518.19,normal,0,valid,-14.6dB,-14.7dB,na,na,,,,
2025-07-30 13:41:31.536027,PHY,0x4601,1,0,na,"[0,",0,0,1,2252.7,+19.3dB,17.6us,"[0,",1,519.8,normal,0,valid,-14.6dB,-14.7dB,na,na,,,,
2025-07-30 13:41:31.536504,PHY,0x4601,1,0,na,"[0,",0,0,1,2287.2,+19.3dB,15.9us,"[0,",1,519.9,normal,0,valid,-14.6dB,-14.7dB,na,na,,,,
2025-07-30 13:41:31.540078,PHY,0x4601,2,,na,"[0,",,,11111,,+27.3dB,15.0us,"[0,",1,519.17,normal,0,valid,-11.8dB,-11.9dB,0.15us,+113.8Hz,,"[6,",,1
2025-07-30 13:41:31.540987,PHY,0x4601,1,0,na,"[0,",0,0,1,3190.4,+20.8dB,18.2us,"[0,",1,519.18,normal,0,valid,-14.7dB,-14.7dB,na,na,,,,
2025-07-30 13:41:31.541457,PHY,0x4601,1,0,na,"[0,",0,0,1,3067.6,+20.6dB,14.4us,"[0,",1,519.19,normal,0,valid,-14.6dB,-14.7dB,na,na,,,,
2025-07-30 13:41:31.545584,CSI,0x4601,2,,na,"[0,",,,1,,+33.3dB,15.7us,"[0,",1,520.8,normal,0,valid,-11.9dB,-11.9dB,0.16us,-30.4Hz,,"[6,",1111,1
2025-07-30 13:41:31.546524,PHY,0x4601,1,0,na,"[0,",0,0,1,2733.7,+20.1dB,17.2us,"[0,",1,520.9,normal,0,valid,-14.6dB,-14.7dB,na,na,,,,
2025-07-30 13:41:31.550103,PHY,0x4601,2,,na,"[0,",,,11111,,+29.6dB,23.6us,"[0,",1,520.17,normal,0,valid,-12.0dB,-12.0dB,0.14us,-15.0Hz,,"[6,",,1
2025-07-30 13:41:31.551010,PHY,0x4601,1,0,na,"[0,",0,0,1,3610.6,+21.3dB,15.5us,"[0,",1,520.18,normal,0,valid,-14.7dB,-14.7dB,na,na,,,,
2025-07-30 13:41:31.551490,PHY,0x4601,1,0,na,"[0,",0,0,1,3123.2,+20.7dB,16.6us,"[0,",1,520.19,normal,0,valid,-14.7dB,-14.7dB,na,na,,,,
2025-07-30 13:41:31.555980,PHY,0x4601,1,0,na,"[0,",0,0,1,2234.2,+19.2dB,16.0us,"[0,",1,521.8,normal,0,valid,-14.6dB,-14.7dB,na,na,,,,
2025-07-30 13:41:31.556448,PHY,0x4601,1,0,na,"[0,",0,0,1,2371.9,+19.5dB,14.1us,"[0,",1,521.9,normal,0,valid,-14.7dB,-14.7dB,na,na,,,,
2025-07-30 13:41:31.560137,PHY,0x4601,2,,na,"[0,",,,11111,,+32.3dB,15.7us,"[0,",1,521.17,normal,0,valid,-11.9dB,-12.0dB,0.15us,+7.6Hz,,"[6,",,1
2025-07-30 13:41:31.561075,PHY,0x4601,1,0,na,"[0,",0,0,1,2151.6,+19.0dB,15.9us,"[0,",1,521.18,normal,0,valid,-14.7dB,-14.7dB,na,na,,,,
2025-07-30 13:41:31.561514,PHY,0x4601,1,0,na,"[0,",0,0,1,2042.5,+18.8dB,15.3us,"[0,",1,521.19,normal,0,valid,-14.7dB,-14.7dB,na,na,,,,
2025-07-30 13:41:31.565663,CSI,0x4601,2,,na,"[0,",,,1,,+30.0dB,15.7us,"[0,",1,522.8,normal,0,valid,-11.8dB,-11.8dB,0.15us,-132.7Hz,,"[6,",1111,1
2025-07-30 13:41:31.566489,PHY,0x4601,1,0,na,"[0,",0,0,1,2113.7,+19.0dB,20.7us,"[0,",1,522.9,normal,0,valid,-14.7dB,-14.7dB,na,na,,,,
2025-07-30 13:41:31.570059,PHY,0x4601,2,,na,"[0,",,,11111,,+29.6dB,14.8us,"[0,",1,522.17,normal,0,valid,-11.9dB,-11.9dB,0.13us,+41.3Hz,,"[6,",,1
2025-07-30 13:41:31.570974,PHY,0x4601,1,0,na,"[0,",0,0,1,2229.4,+19.2dB,16.2us,"[0,",1,522.18,normal,0,valid,-14.7dB,-14.7dB,na,na,,,,
2025-07-30 13:41:31.571446,PHY,0x4601,1,0,na,"[0,",0,0,1,2486.8,+19.7dB,14.3us,"[0,",1,522.19,normal,0,valid,-14.6dB,-14.7dB,na,na,,,,
2025-07-30 13:41:31.576074,PHY,0x4601,1,0,na,"[0,",0,0,1,2223.8,+19.2dB,16.9us,"[0,",1,523.8,normal,0,valid,-14.6dB,-14.6dB,na,na,,,,
2025-07-30 13:41:31.576558,PHY,0x4601,1,0,na,"[0,",0,0,1,2201.3,+19.2dB,15.6us,"[0,",1,523.9,normal,0,valid,-14.7dB,-14.7dB,na,na,,,,
2025-07-30 13:41:31.580057,PHY,0x4601,2,,na,"[0,",,,11111,,+31.7dB,15.3us,"[0,",1,523.17,normal,0,valid,-11.8dB,-11.8dB,0.14us,+54.5Hz,,"[6,",,1
2025-07-30 13:41:31.580992,PHY,0x4601,1,0,na,"[0,",0,0,1,3324.1,+21.0dB,16.2us,"[0,",1,523.18,normal,0,valid,-14.7dB,-14.7dB,na,na,,,,
2025-07-30 13:41:31.581481,PHY,0x4601,1,0,na,"[0,",0,0,1,4061.6,+21.9dB,13.8us,"[0,",1,523.19,normal,0,valid,-14.6dB,-14.6dB,na,na,,,,
2025-07-30 13:41:31.585601,CSI,0x4601,2,,na,"[0,",,,1,,+30.6dB,15.2us,"[0,",1,524.8,normal,0,valid,-11.8dB,-11.8dB,0.16us,-75.2Hz,,"[6,",1111,1
2025-07-30 13:41:31.586577,PHY,0x4601,1,0,na,"[0,",0,0,1,3078.5,+20.6dB,19.3us,"[0,",1,524.9,normal,0,valid,-14.7dB,-14.8dB,na,na,,,,
2025-07-30 13:41:31.590111,PHY,0x4601,2,,na,"[0,",,,11111,,+30.7dB,15.5us,"[0,",1,524.17,normal,0,valid,-11.8dB,-11.8dB,0.12us,-13.4Hz,,"[6,",,1
2025-07-30 13:41:31.591067,PHY,0x4601,1,0,na,"[0,",0,0,1,2280.2,+19.3dB,19.0us,"[0,",1,524.18,normal,0,valid,-14.7dB,-14.7dB,na,na,,,,
2025-07-30 13:41:31.591519,PHY,0x4601,1,0,na,"[0,",0,0,1,2221.2,+19.2dB,15.4us,"[0,",1,524.19,normal,0,valid,-14.6dB,-14.7dB,na,na,,,,
2025-07-30 13:41:31.595997,PHY,0x4601,1,0,na,"[0,",0,0,1,2226.5,+19.2dB,19.9us,"[0,",1,525.8,normal,0,valid,-14.7dB,-14.7dB,na,na,,,,
2025-07-30 13:41:31.596488,PHY,0x4601,1,0,na,"[0,",0,0,1,2172.8,+19.1dB,28.5us,"[0,",1,525.9,normal,0,valid,-14.6dB,-14.7dB,na,na,,,,
2025-07-30 13:41:31.600129,PHY,0x4601,2,,na,"[0,",,,11111,,+32.4dB,15.3us,"[0,",1,525.17,normal,0,valid,-11.9dB,-11.9dB,0.13us,-22.1Hz,,"[6,",,1
2025-07-30 13:41:31.600969,PHY,0x4601,1,0,na,"[0,",0,0,1,3450.9,+21.1dB,17.9us,"[0,",1,525.18,normal,0,valid,-14.7dB,-14.7dB,na,na,,,,
2025-07-30 13:41:31.601566,PHY,0x4601,1,0,na,"[0,",0,0,1,3191.2,+20.8dB,14.1us,"[0,",1,525.19,normal,0,valid,-14.7dB,-14.7dB,na,na,,,,
2025-07-30 13:41:31.605561,CSI,0x4601,2,,na,"[0,",,,1,,+33.1dB,16.0us,"[0,",1,526.8,normal,0,valid,-11.8dB,-11.8dB,0.16us,+9.8Hz,,"[6,",1111,1
2025-07-30 13:41:31.606493,PHY,0x4601,1,0,na,"[0,",0,0,1,3670.0,+21.4dB,16.8us,"[0,",1,526.9,normal,0,valid,-14.7dB,-14.7dB,na,na,,,,
2025-07-30 13:41:31.610046,PHY,0x4601,2,,na,"[0,",,,11111,,+34.2dB,14.3us,"[0,",1,526.17,normal,0,valid,-11.8dB,-11.9dB,0.14us,+81.7Hz,,"[6,",,1
2025-07-30 13:41:31.610979,PHY,0x4601,1,0,na,"[0,",0,0,1,3285.8,+20.9dB,16.2us,"[0,",1,526.18,normal,0,valid,-14.7dB,-14.7dB,na,na,,,,
2025-07-30 13:41:31.611464,PHY,0x4601,1,0,na,"[0,",0,0,1,3176.0,+20.7dB,13.7us,"[0,",1,526.19,normal,0,valid,-14.7dB,-14.7dB,na,na,,,,
2025-07-30 13:41:31.615961,PHY,0x4601,1,0,na,"[0,",0,0,1,2153.4,+19.1dB,17.2us,"[0,",1,527.8,normal,0,valid,-14.7dB,-14.7dB,na,na,,,,
2025-07-30 13:41:31.616562,PHY,0x4601,1,0,na,"[0,",0,0,1,2239.7,+19.2dB,16.2us,"[0,",1,527.9,normal,0,valid,-14.7dB,-14.7dB,na,na,,,,
2025-07-30 13:41:31.620082,PHY,0x4601,2,,na,"[0,",,,11111,,+30.5dB,18.0us,"[0,",1,527.17,normal,0,valid,-11.9dB,-11.9dB,0.15us,+11.9Hz,,"[6,",,1
2025-07-30 13:41:31.621051,PHY,0x4601,1,0,na,"[0,",0,0,1,3257.3,+20.9dB,16.1us,"[0,",1,527.18,normal,0,valid,-14.7dB,-14.7dB,na,na,,,,
2025-07-30 13:41:31.621485,PHY,0x4601,1,0,na,"[0,",0,0,1,3224.6,+20.8dB,15.5us,"[0,",1,527.19,normal,0,valid,-14.7dB,-14.7dB,na,na,,,,
2025-07-30 13:41:31.625649,CSI,0x4601,2,,na,"[0,",,,1,,+29.3dB,15.2us,"[0,",1,528.8,normal,0,valid,-11.8dB,-11.8dB,0.15us,-63.0Hz,,"[6,",1111,1
2025-07-30 13:41:31.626456,PHY,0x4601,1,0,na,"[0,",0,0,1,2817.2,+20.2dB,15.9us,"[0,",1,528.9,normal,0,valid,-14.7dB,-14.7dB,na,na,,,,
2025-07-30 13:41:31.630120,PHY,0x4601,2,,na,"[0,",,,11111,,+30.9dB,21.3us,"[0,",1,528.17,normal,0,valid,-11.9dB,-11.9dB,0.15us,+20.9Hz,,"[6,",,1
2025-07-30 13:41:31.630945,PHY,0x4601,1,0,na,"[0,",0,0,1,2231.1,+19.2dB,16.6us,"[0,",1,528.18,normal,0,valid,-14.6dB,-14.7dB,na,na,,,,
2025-07-30 13:41:31.631564,PHY,0x4601,1,0,na,"[0,",0,0,1,2219.9,+19.2dB,13.5us,"[0,",1,528.19,normal,0,valid,-14.7dB,-14.7dB,na,na,,,,
2025-07-30 13:41:31.636059,PHY,0x4601,1,0,na,"[0,",0,0,1,2108.3,+19.0dB,20.1us,"[0,",1,529.8,normal,0,valid,-14.6dB,-14.7dB,na,na,,,,
2025-07-30 13:41:31.636499,PHY,0x4601,1,0,na,"[0,",0,0,1,2179.8,+19.1dB,30.2us,"[0,",1,529.9,normal,0,valid,-14.7dB,-14.8dB,na,na,,,,
2025-07-30 13:41:31.640025,PHY,0x4601,2,,na,"[0,",,,11111,,+31.0dB,14.6us,"[0,",1,529.17,normal,0,valid,-11.9dB,-11.9dB,0.13us,-6.0Hz,,"[6,",,1
2025-07-30 13:41:31.640968,PHY,0x4601,1,0,na,"[0,",0,0,1,2329.9,+19.4dB,15.5us,"[0,",1,529.18,normal,0,valid,-14.6dB,-14.7dB,na,na,,,,
2025-07-30 13:41:31.641457,PHY,0x4601,1,0,na,"[0,",0,0,1,2198.3,+19.2dB,15.4us,"[0,",1,529.19,normal,0,valid,-14.6dB,-14.7dB,na,na,,,,
2025-07-30 13:41:31.645586,CSI,0x4601,2,,na,"[0,",,,1,,+31.9dB,17.6us,"[0,",1,530.8,normal,0,valid,-11.7dB,-11.7dB,0.15us,-19.3Hz,,"[6,",1111,1
2025-07-30 13:41:31.646551,PHY,0x4601,1,0,na,"[0,",0,0,1,2224.5,+19.2dB,16.2us,"[0,",1,530.9,normal,0,valid,-14.7dB,-14.8dB,na,na,,,,
2025-07-30 13:41:31.650082,PHY,0x4601,2,,na,"[0,",,,11111,,+32.3dB,14.0us,"[0,",1,530.17,normal,0,valid,-11.8dB,-11.9dB,0.13us,+21.6Hz,,"[6,",,1
2025-07-30 13:41:31.651047,PHY,0x4601,1,0,na,"[0,",0,0,1,3121.8,+20.7dB,15.8us,"[0,",1,530.18,normal,0,valid,-14.7dB,-14.7dB,na,na,,,,
2025-07-30 13:41:31.651476,PHY,0x4601,1,0,na,"[0,",0,0,1,3188.5,+20.8dB,20.3us,"[0,",1,530.19,normal,0,valid,-14.6dB,-14.7dB,na,na,,,,
2025-07-30 13:41:31.655975,PHY,0x4601,1,0,na,"[0,",0,0,1,2301.4,+19.4dB,26.5us,"[0,",1,531.8,normal,0,valid,-14.7dB,-14.7dB,na,na,,,,
2025-07-30 13:41:31.656480,PHY,0x4601,1,0,na,"[0,",0,0,1,2145.7,+19.1dB,25.7us,"[0,",1,531.9,normal,0,valid,-14.7dB,-14.7dB,na,na,,,,
2025-07-30 13:41:31.660109,PHY,0x4601,2,,na,"[0,",,,11111,,+33.1dB,16.2us,"[0,",1,531.17,normal,0,valid,-11.8dB,-11.8dB,0.14us,-38.8Hz,,"[6,",,1
2025-07-30 13:41:31.661033,PHY,0x4601,1,0,na,"[0,",0,0,1,2357.0,+19.5dB,17.8us,"[0,",1,531.18,normal,0,valid,-14.6dB,-14.7dB,na,na,,,,
2025-07-30 13:41:31.661559,PHY,0x4601,1,0,na,"[0,",0,0,1,2190.2,+19.1dB,18.6us,"[0,",1,531.19,normal,0,valid,-14.7dB,-14.7dB,na,na,,,,
2025-07-30 13:41:31.665590,CSI,0x4601,2,,na,"[0,",,,1,,+31.4dB,12.3us,"[0,",1,532.8,normal,0,valid,-11.8dB,-11.8dB,0.17us,+61.4Hz,,"[6,",1111,1
2025-07-30 13:41:31.666476,PHY,0x4601,1,0,na,"[0,",0,0,1,2955.8,+20.4dB,16.9us,"[0,",1,532.9,normal,0,valid,-14.7dB,-14.7dB,na,na,,,,
2025-07-30 13:41:31.670011,PHY,0x4601,2,,na,"[0,",,,11111,,+29.0dB,13.2us,"[0,",1,532.17,normal,0,valid,-11.9dB,-11.9dB,0.13us,-135.8Hz,,"[6,",,1
2025-07-30 13:41:31.670949,PHY,0x4601,1,0,na,"[0,",0,0,1,3351.9,+21.0dB,17.3us,"[0,",1,532.18,normal,0,valid,-14.6dB,-14.7dB,na,na,,,,
2025-07-30 13:41:31.671537,PHY,0x4601,1,0,na,"[0,",0,0,1,3200.1,+20.8dB,13.6us,"[0,",1,532.19,normal,0,valid,-14.7dB,-14.7dB,na,na,,,,
2025-07-30 13:41:31.676033,PHY,0x4601,1,0,na,"[0,",0,0,1,2205.0,+19.2dB,17.1us,"[0,",1,533.8,normal,0,valid,-14.7dB,-14.7dB,na,na,,,,
2025-07-30 13:41:31.676518,PHY,0x4601,1,0,na,"[0,",0,0,1,1999.9,+18.8dB,15.5us,"[0,",1,533.9,normal,0,valid,-14.7dB,-14.7dB,na,na,,,,
2025-07-30 13:41:31.680043,PHY,0x4601,2,,na,"[0,",,,11111,,+31.0dB,15.4us,"[0,",1,533.17,normal,0,valid,-11.8dB,-11.8dB,0.13us,-31.8Hz,,"[6,",,1
2025-07-30 13:41:31.681025,PHY,0x4601,1,0,na,"[0,",0,0,1,3315.0,+21.0dB,16.0us,"[0,",1,533.18,normal,0,valid,-14.7dB,-14.7dB,na,na,,,,
2025-07-30 13:41:31.681464,PHY,0x4601,1,0,na,"[0,",0,0,1,2840.1,+20.3dB,16.3us,"[0,",1,533.19,normal,0,valid,-14.7dB,-14.7dB,na,na,,,,
2025-07-30 13:41:31.685609,CSI,0x4601,2,,na,"[0,",,,1,,+30.5dB,13.5us,"[0,",1,534.8,normal,0,valid,-11.8dB,-11.8dB,0.18us,-23.7Hz,,"[6,",1111,1
2025-07-30 13:41:31.686535,PHY,0x4601,1,0,na,"[0,",0,0,1,3379.2,+21.0dB,16.5us,"[0,",1,534.9,normal,0,valid,-14.7dB,-14.7dB,na,na,,,,
2025-07-30 13:41:31.690093,PHY,0x4601,2,,na,"[0,",,,11111,,+33.0dB,16.2us,"[0,",1,534.17,normal,0,valid,-11.8dB,-11.8dB,0.15us,+24.9Hz,,"[6,",,1
2025-07-30 13:41:31.691017,PHY,0x4601,1,0,na,"[0,",0,0,1,3254.4,+20.9dB,15.9us,"[0,",1,534.18,normal,0,valid,-14.7dB,-14.7dB,na,na,,,,
2025-07-30 13:41:31.691541,PHY,0x4601,1,0,na,"[0,",0,0,1,3115.7,+20.7dB,13.8us,"[0,",1,534.19,normal,0,valid,-14.7dB,-14.7dB,na,na,,,,
2025-07-30 13:41:31.696012,PHY,0x4601,1,0,na,"[0,",0,0,1,2168.3,+19.1dB,16.8us,"[0,",1,535.8,normal,0,valid,-14.6dB,-14.7dB,na,na,,,,
2025-07-30 13:41:31.696456,PHY,0x4601,1,0,na,"[0,",0,0,1,1978.3,+18.7dB,14.7us,"[0,",1,535.9,normal,0,valid,-14.7dB,-14.8dB,na,na,,,,
2025-07-30 13:41:31.700114,PHY,0x4601,2,,na,"[0,",,,11111,,+28.2dB,16.9us,"[0,",1,535.17,normal,0,valid,-11.9dB,-11.9dB,0.14us,-27.5Hz,,"[6,",,1
2025-07-30 13:41:31.700959,PHY,0x4601,1,0,na,"[0,",0,0,1,3062.9,+20.6dB,24.9us,"[0,",1,535.18,normal,0,valid,-14.6dB,-14.7dB,na,na,,,,
2025-07-30 13:41:31.701524,PHY,0x4601,1,0,na,"[0,",0,0,1,3367.9,+21.0dB,15.2us,"[0,",1,535.19,normal,0,valid,-14.7dB,-14.7dB,na,na,,,,
2025-07-30 13:41:31.705620,CSI,0x4601,2,,na,"[0,",,,1,,+34.8dB,12.4us,"[0,",1,536.8,normal,0,valid,-11.7dB,-11.7dB,0.16us,-84.6Hz,,"[6,",1111,1
2025-07-30 13:41:31.706488,PHY,0x4601,1,0,na,"[0,",0,0,1,3051.6,+20.6dB,17.9us,"[0,",1,536.9,normal,0,valid,-14.7dB,-14.7dB,na,na,,,,
2025-07-30 13:41:31.710031,PHY,0x4601,2,,na,"[0,",,,11111,,+31.2dB,15.7us,"[0,",1,536.17,normal,0,valid,-11.9dB,-11.9dB,0.16us,+26.8Hz,,"[6,",,1
2025-07-30 13:41:31.710973,PHY,0x4601,1,0,na,"[0,",0,0,1,2115.7,+19.0dB,17.6us,"[0,",1,536.18,normal,0,valid,-14.6dB,-14.7dB,na,na,,,,
2025-07-30 13:41:31.711460,PHY,0x4601,1,0,na,"[0,",0,0,1,2430.2,+19.6dB,15.0us,"[0,",1,536.19,normal,0,valid,-14.7dB,-14.7dB,na,na,,,,
2025-07-30 13:41:31.715941,PHY,0x4601,1,0,na,"[0,",0,0,1,2204.0,+19.2dB,18.3us,"[0,",1,537.8,normal,0,valid,-14.7dB,-14.7dB,na,na,,,,
2025-07-30 13:41:31.716532,PHY,0x4601,1,0,na,"[0,",0,0,1,2163.8,+19.1dB,15.7us,"[0,",1,537.9,normal,0,valid,-14.7dB,-14.7dB,na,na,,,,
2025-07-30 13:41:31.720095,PHY,0x4601,2,,na,"[0,",,,11111,,+29.5dB,14.2us,"[0,",1,537.17,normal,0,valid,-11.9dB,-11.9dB,0.15us,+7.6Hz,,"[6,",,1
2025-07-30 13:41:31.721010,PHY,0x4601,1,0,na,"[0,",0,0,1,3283.9,+20.9dB,15.7us,"[0,",1,537.18,normal,0,valid,-14.7dB,-14.7dB,na,na,,,,
2025-07-30 13:41:31.721481,PHY,0x4601,1,0,na,"[0,",0,0,1,3229.8,+20.8dB,14.3us,"[0,",1,537.19,normal,0,valid,-14.6dB,-14.7dB,na,na,,,,
2025-07-30 13:41:31.725616,CSI,0x4601,2,,na,"[0,",,,1,,+33.3dB,15.3us,"[0,",1,538.8,normal,0,valid,-11.8dB,-11.8dB,0.15us,-5.6Hz,,"[6,",1111,1
2025-07-30 13:41:31.726449,PHY,0x4601,1,0,na,"[0,",0,0,1,3134.4,+20.7dB,17.0us,"[0,",1,538.9,normal,0,valid,-14.7dB,-14.7dB,na,na,,,,
2025-07-30 13:41:31.730097,PHY,0x4601,2,,na,"[0,",,,11111,,+28.0dB,15.5us,"[0,",1,538.17,normal,0,valid,-11.9dB,-11.9dB,0.14us,+11.8Hz,,"[6,",,1
2025-07-30 13:41:31.731051,PHY,0x4601,1,0,na,"[0,",0,0,1,2341.2,+19.4dB,16.2us,"[0,",1,538.18,normal,0,valid,-14.7dB,-14.7dB,na,na,,,,
2025-07-30 13:41:31.731514,PHY,0x4601,1,0,na,"[0,",0,0,1,2158.8,+19.1dB,15.8us,"[0,",1,538.19,normal,0,valid,-14.7dB,-14.7dB,na,na,,,,
2025-07-30 13:41:31.736007,PHY,0x4601,1,0,na,"[0,",0,0,1,2191.7,+19.2dB,21.9us,"[0,",1,539.8,normal,0,valid,-14.7dB,-14.7dB,na,na,,,,
2025-07-30 13:41:31.736485,PHY,0x4601,1,0,na,"[0,",0,0,1,2076.3,+18.9dB,24.5us,"[0,",1,539.9,normal,0,valid,-14.7dB,-14.7dB,na,na,,,,
2025-07-30 13:41:31.740020,PHY,0x4601,2,,na,"[0,",,,11111,,+29.2dB,14.6us,"[0,",1,539.17,normal,0,valid,-11.9dB,-11.9dB,0.17us,-12.4Hz,,"[6,",,1
2025-07-30 13:41:31.740962,PHY,0x4601,1,0,na,"[0,",0,0,1,2246.8,+19.2dB,15.7us,"[0,",1,539.18,normal,0,valid,-14.7dB,-14.7dB,na,na,,,,
2025-07-30 13:41:31.741434,PHY,0x4601,1,0,na,"[0,",0,0,1,2229.4,+19.2dB,13.3us,"[0,",1,539.19,normal,0,valid,-14.7dB,-14.7dB,na,na,,,,
2025-07-30 13:41:31.745593,CSI,0x4601,2,,na,"[0,",,,1,,+33.9dB,15.4us,"[0,",1,540.8,normal,0,valid,-11.8dB,-11.8dB,0.18us,+41.0Hz,,"[6,",1111,1
2025-07-30 13:41:31.746511,PHY,0x4601,1,0,na,"[0,",0,0,1,2973.8,+20.4dB,16.1us,"[0,",1,540.9,normal,0,valid,-14.7dB,-14.7dB,na,na,,,,
2025-07-30 13:41:31.750095,PHY,0x4601,2,,na,"[0,",,,11111,,+32.1dB,25.7us,"[0,",1,540.17,normal,0,valid,-11.9dB,-11.9dB,0.13us,-48.3Hz,,"[6,",,1
2025-07-30 13:41:31.750995,PHY,0x4601,1,0,na,"[0,",0,0,1,3611.8,+21.4dB,17.8us,"[0,",1,540.18,normal,0,valid,-14.7dB,-14.7dB,na,na,,,,
2025-07-30 13:41:31.751473,PHY,0x4601,1,0,na,"[0,",0,0,1,3277.6,+20.9dB,14.9us,"[0,",1,540.19,normal,0,valid,-14.7dB,-14.7dB,na,na,,,,
2025-07-30 13:41:31.755957,PHY,0x4601,1,0,na,"[0,",0,0,1,2490.2,+19.7dB,17.5us,"[0,",1,541.8,normal,0,valid,-14.6dB,-14.7dB,na,na,,,,
2025-07-30 13:41:31.756542,PHY,0x4601,1,0,na,"[0,",0,0,1,2124.1,+19.0dB,16.5us,"[0,",1,541.9,normal,0,valid,-14.7dB,-14.7dB,na,na,,,,
2025-07-30 13:41:31.760087,PHY,0x4601,2,,na,"[0,",,,11111,,+30.3dB,16.6us,"[0,",1,541.17,normal,0,valid,-11.9dB,-11.9dB,0.15us,-13.7Hz,,"[6,",,1
2025-07-30 13:41:31.761030,PHY,0x4601,1,0,na,"[0,",0,0,1,3307.7,+21.0dB,21.2us,"[0,",1,541.18,normal,0,valid,-14.7dB,-14.7dB,na,na,,,,
2025-07-30 13:41:31.761508,PHY,0x4601,1,0,na,"[0,",0,0,1,3347.1,+21.0dB,14.3us,"[0,",1,541.19,normal,0,valid,-14.6dB,-14.7dB,na,na,,,,
2025-07-30 13:41:31.765623,CSI,0x4601,2,,na,"[0,",,,1,,+33.0dB,15.4us,"[0,",1,542.8,normal,0,valid,-11.9dB,-11.9dB,0.15us,+4.0Hz,,"[6,",1111,1
2025-07-30 13:41:31.766469,PHY,0x4601,1,0,na,"[0,",0,0,1,3068.8,+20.6dB,16.5us,"[0,",1,542.9,normal,0,valid,-14.7dB,-14.7dB,na,na,,,,
2025-07-30 13:41:31.770130,PHY,0x4601,2,,na,"[0,",,,11111,,+32.3dB,24.7us,"[0,",1,542.17,normal,0,valid,-11.9dB,-11.9dB,0.14us,-49.6Hz,,"[6,",,1
2025-07-30 13:41:31.770950,PHY,0x4601,1,0,na,"[0,",0,0,1,3670.9,+21.4dB,16.1us,"[0,",1,542.18,normal,0,valid,-14.7dB,-14.7dB,na,na,,,,
2025-07-30 13:41:31.771543,PHY,0x4601,1,0,na,"[0,",0,0,1,3036.7,+20.6dB,14.1us,"[0,",1,542.19,normal,0,valid,-14.7dB,-14.7dB,na,na,,,,
2025-07-30 13:41:31.776021,PHY,0x4601,1,0,na,"[0,",0,0,1,2149.1,+19.1dB,16.5us,"[0,",1,543.8,normal,0,valid,-14.6dB,-14.7dB,na,na,,,,
2025-07-30 13:41:31.776515,PHY,0x4601,1,0,na,"[0,",0,0,1,2064.2,+18.9dB,14.8us,"[0,",1,543.9,normal,0,valid,-14.7dB,-14.7dB,na,na,,,,
2025-07-30 13:41:31.780070,PHY,0x4601,2,,na,"[0,",,,11111,,+31.4dB,14.3us,"[0,",1,543.17,normal,0,valid,-11.8dB,-11.8dB,0.14us,+113.4Hz,,"[6,",,1
2025-07-30 13:41:31.780982,PHY,0x4601,1,0,na,"[0,",0,0,1,2351.6,+19.5dB,16.1us,"[0,",1,543.18,normal,0,valid,-14.7dB,-14.7dB,na,na,,,,
2025-07-30 13:41:31.781460,PHY,0x4601,1,0,na,"[0,",0,0,1,2027.6,+18.8dB,18.5us,"[0,",1,543.19,normal,0,valid,-14.7dB,-14.7dB,na,na,,,,
2025-07-30 13:41:31.785606,CSI,0x4601,2,,na,"[0,",,,1,,+32.2dB,25.0us,"[0,",1,544.8,normal,0,valid,-11.8dB,-11.8dB,0.15us,+38.4Hz,,"[6,",1111,1
2025-07-30 13:41:31.786539,PHY,0x4601,1,0,na,"[0,",0,0,1,2324.3,+19.4dB,16.4us,"[0,",1,544.9,normal,0,valid,-14.6dB,-14.7dB,na,na,,,,
2025-07-30 13:41:31.790081,PHY,0x4601,2,,na,"[0,",,,11111,,+29.4dB,14.7us,"[0,",1,544.17,normal,0,valid,-11.9dB,-11.9dB,0.16us,-55.7Hz,,"[6,",,1
2025-07-30 13:41:31.791014,PHY,0x4601,1,0,na,"[0,",0,0,1,3494.3,+21.2dB,16.0us,"[0,",1,544.18,normal,0,valid,-14.7dB,-14.7dB,na,na,,,,
2025-07-30 13:41:31.791491,PHY,0x4601,1,0,na,"[0,",0,0,1,2852.0,+20.3dB,15.7us,"[0,",1,544.19,normal,0,valid,-14.7dB,-14.7dB,na,na,,,,
2025-07-30 13:41:31.795989,PHY,0x4601,1,0,na,"[0,",0,0,1,1990.4,+18.7dB,16.8us,"[0,",1,545.8,normal,0,valid,-14.7dB,-14.7dB,na,na,,,,
2025-07-30 13:41:31.796448,PHY,0x4601,1,0,na,"[0,",0,0,1,2076.6,+18.9dB,15.0us,"[0,",1,545.9,normal,0,valid,-14.7dB,-14.7dB,na,na,,,,
2025-07-30 13:41:31.800109,PHY,0x4601,2,,na,"[0,",,,11111,,+31.7dB,17.7us,"[0,",1,545.17,normal,0,valid,-11.9dB,-11.9dB,0.14us,+81.8Hz,,"[6,",,1
2025-07-30 13:41:31.800953,PHY,0x4601,1,0,na,"[0,",0,0,1,2082.1,+18.9dB,17.1us,"[0,",1,545.18,normal,0,valid,-14.7dB,-14.7dB,na,na,,,,
2025-07-30 13:41:31.801524,PHY,0x4601,1,0,na,"[0,",0,0,1,2363.4,+19.4dB,23.2us,"[0,",1,545.19,normal,0,valid,-14.7dB,-14.8dB,na,na,,,,
2025-07-30 13:41:31.805670,CSI,0x4601,2,,na,"[0,",,,1,,+31.8dB,14.2us,"[0,",1,546.8,normal,0,valid,-11.8dB,-11.8dB,0.17us,+13.7Hz,,"[6,",1111,1
2025-07-30 13:41:31.806487,PHY,0x4601,1,0,na,"[0,",0,0,1,3186.5,+20.8dB,15.9us,"[0,",1,546.9,normal,0,valid,-14.7dB,-14.7dB,na,na,,,,
2025-07-30 13:41:31.810069,PHY,0x4601,2,,na,"[0,",,,11111,,+33.0dB,17.9us,"[0,",1,546.17,normal,0,valid,-11.9dB,-11.9dB,0.15us,+7.6Hz,,"[6,",,1
2025-07-30 13:41:31.810974,PHY,0x4601,1,0,na,"[0,",0,0,1,2184.6,+19.1dB,15.6us,"[0,",1,546.18,normal,0,valid,-14.6dB,-14.7dB,na,na,,,,
2025-07-30 13:41:31.811449,PHY,0x4601,1,0,na,"[0,",0,0,1,2245.4,+19.2dB,13.9us,"[0,",1,546.19,normal,0,valid,-14.6dB,-14.7dB,na,na,,,,
2025-07-30 13:41:31.816072,PHY,0x4601,1,0,na,"[0,",0,0,1,2120.7,+19.0dB,16.0us,"[0,",1,547.8,normal,0,valid,-14.7dB,-14.8dB,na,na,,,,
2025-07-30 13:41:31.816530,PHY,0x4601,1,0,na,"[0,",0,0,1,2188.4,+19.1dB,14.3us,"[0,",1,547.9,normal,0,valid,-14.7dB,-14.7dB,na,na,,,,
2025-07-30 13:41:31.820065,PHY,0x4601,2,,na,"[0,",,,11111,,+34.8dB,16.6us,"[0,",1,547.17,normal,0,valid,-11.9dB,-11.9dB,0.14us,+142.2Hz,,"[6,",,1
2025-07-30 13:41:31.821002,PHY,0x4601,1,0,na,"[0,",0,0,1,3372.5,+21.0dB,18.2us,"[0,",1,547.18,normal,0,valid,-14.6dB,-14.7dB,na,na,,,,
2025-07-30 13:41:31.821485,PHY,0x4601,1,0,na,"[0,",0,0,1,3341.5,+21.0dB,15.6us,"[0,",1,547.19,normal,0,valid,-14.6dB,-14.7dB,na,na,,,,
2025-07-30 13:41:31.825609,CSI,0x4601,2,,na,"[0,",,,1,,+32.2dB,15.8us,"[0,",1,548.8,normal,0,valid,-11.8dB,-11.8dB,0.15us,+3.4Hz,,"[6,",1111,1
2025-07-30 13:41:31.826448,PHY,0x4601,1,0,na,"[0,",0,0,1,2066.0,+18.9dB,17.0us,"[0,",1,548.9,normal,0,valid,-14.7dB,-14.8dB,na,na,,,,
2025-07-30 13:41:31.830095,PHY,0x4601,2,,na,"[0,",,,11111,,+31.0dB,16.2us,"[0,",1,548.17,normal,0,valid,-11.8dB,-11.9dB,0.17us,+2.9Hz,,"[6,",,1
2025-07-30 13:41:31.831072,PHY,0x4601,1,0,na,"[0,",0,0,1,3312.4,+20.9dB,17.9us,"[0,",1,548.18,normal,0,valid,-14.6dB,-14.7dB,na,na,,,,
2025-07-30 13:41:31.831526,PHY,0x4601,1,0,na,"[0,",0,0,1,3114.9,+20.7dB,26.4us,"[0,",1,548.19,normal,0,valid,-14.7dB,-14.7dB,na,na,,,,
2025-07-30 13:41:31.835996,PHY,0x4601,1,0,na,"[0,",0,0,1,2220.4,+19.2dB,18.6us,"[0,",1,549.8,normal,0,valid,-14.6dB,-14.7dB,na,na,,,,
2025-07-30 13:41:31.836487,PHY,0x4601,1,0,na,"[0,",0,0,1,2269.0,+19.3dB,28.4us,"[0,",1,549.9,normal,0,valid,-14.6dB,-14.7dB,na,na,,,,
2025-07-30 13:41:31.840050,PHY,0x4601,2,,na,"[0,",,,11111,,+34.9dB,16.0us,"[0,",1,549.17,normal,0,valid,-11.8dB,-11.8dB,0.15us,-1.1Hz,,"[6,",,1
2025-07-30 13:41:31.840962,PHY,0x4601,1,0,na,"[0,",0,0,1,2229.3,+19.2dB,16.0us,"[0,",1,549.18,normal,0,valid,-14.7dB,-14.7dB,na,na,,,,
2025-07-30 13:41:31.841567,PHY,0x4601,1,0,na,"[0,",0,0,1,2165.0,+19.1dB,14.9us,"[0,",1,549.19,normal,0,valid,-14.6dB,-14.7dB,na,na,,,,
2025-07-30 13:41:31.845575,CSI,0x4601,2,,na,"[0,",,,1,,+30.5dB,14.7us,"[0,",1,550.8,normal,0,valid,-11.7dB,-11.7dB,0.15us,-54.7Hz,,"[6,",1111,1
2025-07-30 13:41:31.846509,PHY,0x4601,1,0,na,"[0,",0,0,1,2106.1,+19.0dB,24.7us,"[0,",1,550.9,normal,0,valid,-14.7dB,-14.7dB,na,na,,,,
2025-07-30 13:41:31.850046,PHY,0x4601,2,,na,"[0,",,,11111,,+30.7dB,15.3us,"[0,",1,550.17,normal,0,valid,-11.9dB,-11.9dB,0.16us,-23.4Hz,,"[6,",,1
2025-07-30 13:41:31.850990,PHY,0x4601,1,0,na,"[0,",0,0,1,3306.1,+20.9dB,17.4us,"[0,",1,550.18,normal,0,valid,-14.6dB,-14.7dB,na,na,,,,
2025-07-30 13:41:31.851466,PHY,0x4601,1,0,na,"[0,",0,0,1,3084.0,+20.6dB,14.2us,"[0,",1,550.19,normal,0,valid,-14.7dB,-14.8dB,na,na,,,,
2025-07-30 13:41:31.855958,PHY,0x4601,1,0,na,"[0,",0,0,1,2158.6,+19.0dB,16.1us,"[0,",1,551.8,normal,0,valid,-14.6dB,-14.7dB,na,na,,,,
2025-07-30 13:41:31.856569,PHY,0x4601,1,0,na,"[0,",0,0,1,2110.7,+19.0dB,16.8us,"[0,",1,551.9,normal,0,valid,-14.7dB,-14.7dB,na,na,,,,
2025-07-30 13:41:31.860094,PHY,0x4601,2,,na,"[0,",,,11111,,+39.3dB,23.0us,"[0,",1,551.17,normal,0,valid,-11.9dB,-11.9dB,0.14us,-39.0Hz,,"[6,",,1
2025-07-30 13:41:31.861061,PHY,0x4601,1,0,na,"[0,",0,0,1,2154.0,+19.1dB,18.1us,"[0,",1,551.18,normal,0,valid,-14.6dB,-14.7dB,na,na,,,,
2025-07-30 13:41:31.861494,PHY,0x4601,1,0,na,"[0,",0,0,1,2202.5,+19.1dB,17.2us,"[0,",1,551.19,normal,0,valid,-14.7dB,-14.7dB,na,na,,,,
2025-07-30 13:41:31.865634,CSI,0x4601,2,,na,"[0,",,,1,,+33.5dB,12.2us,"[0,",1,552.8,normal,0,valid,-11.8dB,-11.8dB,0.17us,-129.9Hz,,"[6,",1111,1
2025-07-30 13:41:31.866472,PHY,0x4601,1,0,na,"[0,",0,0,1,3314.6,+20.9dB,17.5us,"[0,",1,552.9,normal,0,valid,-14.7dB,-14.7dB,na,na,,,,
2025-07-30 13:41:31.870147,PHY,0x4601,2,,na,"[0,",,,11111,,+32.8dB,17.5us,"[0,",1,552.17,normal,0,valid,-11.9dB,-11.9dB,0.15us,-24.8Hz,,"[6,",,1
2025-07-30 13:41:31.870954,PHY,0x4601,1,0,na,"[0,",0,0,1,2109.8,+18.9dB,17.1us,"[0,",1,552.18,normal,0,valid,-14.6dB,-14.7dB,na,na,,,,
2025-07-30 13:41:31.871564,PHY,0x4601,1,0,na,"[0,",0,0,1,2118.0,+19.0dB,16.0us,"[0,",1,552.19,normal,0,valid,-14.7dB,-14.7dB,na,na,,,,
2025-07-30 13:41:31.876076,PHY,0x4601,1,0,na,"[0,",0,0,1,2170.0,+19.1dB,29.5us,"[0,",1,553.8,normal,0,valid,-14.7dB,-14.7dB,na,na,,,,
2025-07-30 13:41:31.876509,PHY,0x4601,1,0,na,"[0,",0,0,1,2059.6,+18.9dB,18.7us,"[0,",1,553.9,normal,0,valid,-14.7dB,-14.7dB,na,na,,,,
2025-07-30 13:41:31.880032,PHY,0x4601,2,,na,"[0,",,,11111,,+31.1dB,15.9us,"[0,",1,553.17,normal,0,valid,-11.9dB,-11.9dB,0.13us,+11.5Hz,,"[6,",,1
2025-07-30 13:41:31.880976,PHY,0x4601,1,0,na,"[0,",0,0,1,2227.8,+19.2dB,19.2us,"[0,",1,553.18,normal,0,valid,-14.7dB,-14.7dB,na,na,,,,
2025-07-30 13:41:31.881469,PHY,0x4601,1,0,na,"[0,",0,0,1,2152.0,+19.1dB,17.9us,"[0,",1,553.19,normal,0,valid,-14.6dB,-14.7dB,na,na,,,,
2025-07-30 13:41:31.885587,CSI,0x4601,2,,na,"[0,",,,1,,+31.4dB,15.6us,"[0,",1,554.8,normal,0,valid,-11.8dB,-11.8dB,0.14us,-136.5Hz,,"[6,",1111,1
2025-07-30 13:41:31.886555,PHY,0x4601,1,0,na,"[0,",0,0,1,3275.6,+20.9dB,16.0us,"[0,",1,554.9,normal,0,valid,-14.7dB,-14.7dB,na,na,,,,
2025-07-30 13:41:31.890087,PHY,0x4601,2,,na,"[0,",,,11111,,+29.2dB,16.1us,"[0,",1,554.17,normal,0,valid,-11.9dB,-11.9dB,0.16us,+112.0Hz,,"[6,",,1
2025-07-30 13:41:31.891046,PHY,0x4601,1,0,na,"[0,",0,0,1,2315.8,+19.4dB,16.3us,"[0,",1,554.18,normal,0,valid,-14.7dB,-14.7dB,na,na,,,,
2025-07-30 13:41:31.891480,PHY,0x4601,1,0,na,"[0,",0,0,1,2232.4,+19.2dB,16.4us,"[0,",1,554.19,normal,0,valid,-14.7dB,-14.8dB,na,na,,,,
2025-07-30 13:41:31.895995,PHY,0x4601,1,0,na,"[0,",0,0,1,2156.0,+19.1dB,29.7us,"[0,",1,555.8,normal,0,valid,-14.6dB,-14.7dB,na,na,,,,
2025-07-30 13:41:31.896460,PHY,0x4601,1,0,na,"[0,",0,0,1,2216.8,+19.2dB,15.5us,"[0,",1,555.9,normal,0,valid,-14.7dB,-14.7dB,na,na,,,,
2025-07-30 13:41:31.900116,PHY,0x4601,2,,na,"[0,",,,11111,,+33.4dB,16.9us,"[0,",1,555.17,normal,0,valid,-11.9dB,-11.9dB,0.15us,+75.2Hz,,"[6,",,1
2025-07-30 13:41:31.901053,PHY,0x4601,1,0,na,"[0,",0,0,1,3091.5,+20.6dB,27.2us,"[0,",1,555.18,normal,0,valid,-14.7dB,-14.7dB,na,na,,,,
2025-07-30 13:41:31.901545,PHY,0x4601,1,0,na,"[0,",0,0,1,3420.3,+21.1dB,15.2us,"[0,",1,555.19,normal,0,valid,-14.6dB,-14.7dB,na,na,,,,
2025-07-30 13:41:31.905614,CSI,0x4601,2,,na,"[0,",,,1,,+29.6dB,11.4us,"[0,",1,556.8,normal,0,valid,-11.8dB,-11.8dB,0.14us,-101.9Hz,,"[6,",1111,1
2025-07-30 13:41:31.906473,PHY,0x4601,1,0,na,"[0,",0,0,1,3221.0,+20.8dB,16.6us,"[0,",1,556.9,normal,0,valid,-14.7dB,-14.7dB,na,na,,,,
2025-07-30 13:41:31.910018,PHY,0x4601,2,,na,"[0,",,,11111,,+34.2dB,16.2us,"[0,",1,556.17,normal,0,valid,-11.8dB,-11.8dB,0.15us,-21.2Hz,,"[6,",,1
2025-07-30 13:41:31.910973,PHY,0x4601,1,0,na,"[0,",0,0,1,1985.0,+18.7dB,18.6us,"[0,",1,556.18,normal,0,valid,-14.7dB,-14.7dB,na,na,,,,
2025-07-30 13:41:31.911451,PHY,0x4601,1,0,na,"[0,",0,0,1,2207.4,+19.2dB,15.7us,"[0,",1,556.19,normal,0,valid,-14.7dB,-14.7dB,na,na,,,,
2025-07-30 13:41:31.916042,PHY,0x4601,1,0,na,"[0,",0,0,1,2331.2,+19.4dB,20.9us,"[0,",1,557.8,normal,0,valid,-14.7dB,-14.7dB,na,na,,,,
2025-07-30 13:41:31.916548,PHY,0x4601,1,0,na,"[0,",0,0,1,2231.6,+19.2dB,15.0us,"[0,",1,557.9,normal,0,valid,-14.7dB,-14.7dB,na,na,,,,
2025-07-30 13:41:31.920072,PHY,0x4601,2,,na,"[0,",,,11111,,+32.9dB,23.4us,"[0,",1,557.17,normal,0,valid,-11.9dB,-11.9dB,0.15us,+89.8Hz,,"[6,",,1
2025-07-30 13:41:31.920990,PHY,0x4601,1,0,na,"[0,",0,0,1,3497.2,+21.2dB,16.0us,"[0,",1,557.18,normal,0,valid,-14.7dB,-14.7dB,na,na,,,,
2025-07-30 13:41:31.921471,PHY,0x4601,1,0,na,"[0,",0,0,1,3143.9,+20.7dB,14.0us,"[0,",1,557.19,normal,0,valid,-14.6dB,-14.7dB,na,na,,,,
2025-07-30 13:41:31.925617,CSI,0x4601,2,,na,"[0,",,,1,,+33.1dB,13.1us,"[0,",1,558.8,normal,0,valid,-11.7dB,-11.7dB,0.15us,-42.5Hz,,"[6,",1111,1
2025-07-30 13:41:31.926544,PHY,0x4601,1,0,na,"[0,",0,0,1,2067.1,+18.9dB,17.1us,"[0,",1,558.9,normal,0,valid,-14.7dB,-14.7dB,na,na,,,,
2025-07-30 13:41:31.930111,PHY,0x4601,2,,na,"[0,",,,11111,,+28.4dB,14.3us,"[0,",1,558.17,normal,0,valid,-11.9dB,-12.0dB,0.15us,-72.0Hz,,"[6,",,1
2025-07-30 13:41:31.931026,PHY,0x4601,1,0,na,"[0,",0,0,1,2136.8,+19.1dB,15.7us,"[0,",1,558.18,normal,0,valid,-14.7dB,-14.7dB,na,na,,,,
2025-07-30 13:41:31.931537,PHY,0x4601,1,0,na,"[0,",0,0,1,2084.7,+18.9dB,13.8us,"[0,",1,558.19,normal,0,valid,-14.6dB,-14.7dB,na,na,,,,
2025-07-30 13:41:31.935998,PHY,0x4601,1,0,na,"[0,",0,0,1,2069.2,+18.9dB,21.6us,"[0,",1,559.8,normal,0,valid,-14.6dB,-14.7dB,na,na,,,,
2025-07-30 13:41:31.936470,PHY,0x4601,1,0,na,"[0,",0,0,1,1988.0,+18.7dB,15.2us,"[0,",1,559.9,normal,0,valid,-14.7dB,-14.7dB,na,na,,,,
2025-07-30 13:41:31.940145,PHY,0x4601,2,,na,"[0,",,,11111,,+31.7dB,16.1us,"[0,",1,559.17,normal,0,valid,-12.0dB,-12.0dB,0.15us,+72.6Hz,,"[6,",,1
2025-07-30 13:41:31.940950,PHY,0x4601,1,0,na,"[0,",0,0,1,2230.0,+19.2dB,16.8us,"[0,",1,559.18,normal,0,valid,-14.7dB,-14.7dB,na,na,,,,
2025-07-30 13:41:31.941532,PHY,0x4601,1,0,na,"[0,",0,0,1,2158.1,+19.1dB,14.9us,"[0,",1,559.19,normal,0,valid,-14.6dB,-14.7dB,na,na,,,,
2025-07-30 13:41:31.945592,CSI,0x4601,2,,na,"[0,",,,1,,+32.4dB,13.9us,"[0,",1,560.8,normal,0,valid,-11.8dB,-11.8dB,0.15us,-85.4Hz,,"[6,",1111,1
2025-07-30 13:41:31.946492,PHY,0x4601,1,0,na,"[0,",0,0,1,3300.3,+20.9dB,16.3us,"[0,",1,560.9,normal,0,valid,-14.7dB,-14.7dB,na,na,,,,
2025-07-30 13:41:31.950035,PHY,0x4601,2,,na,"[0,",,,11111,,+34.5dB,14.1us,"[0,",1,560.17,normal,0,valid,-11.9dB,-11.9dB,0.15us,+102.2Hz,,"[6,",,1
2025-07-30 13:41:31.950977,PHY,0x4601,1,0,na,"[0,",0,0,1,3420.1,+21.1dB,16.6us,"[0,",1,560.18,normal,0,valid,-14.6dB,-14.6dB,na,na,,,,
2025-07-30 13:41:31.951466,PHY,0x4601,1,0,na,"[0,",0,0,1,3290.2,+20.9dB,18.4us,"[0,",1,560.19,normal,0,valid,-14.7dB,-14.7dB,na,na,,,,
2025-07-30 13:41:31.955949,PHY,0x4601,1,0,na,"[0,",0,0,1,2298.8,+19.4dB,18.3us,"[0,",1,561.8,normal,0,valid,-14.6dB,-14.7dB,na,na,,,,
2025-07-30 13:41:31.956537,PHY,0x4601,1,0,na,"[0,",0,0,1,2055.9,+18.9dB,16.3us,"[0,",1,561.9,normal,0,valid,-14.7dB,-14.7dB,na,na,,,,
2025-07-30 13:41:31.960096,PHY,0x4601,2,,na,"[0,",,,11111,,+35.1dB,15.9us,"[0,",1,561.17,normal,0,valid,-11.9dB,-12.0dB,0.16us,+149.5Hz,,"[6,",,1
2025-07-30 13:41:31.961017,PHY,0x4601,1,0,na,"[0,",0,0,1,2072.7,+18.9dB,17.9us,"[0,",1,561.18,normal,0,valid,-14.7dB,-14.7dB,na,na,,,,
2025-07-30 13:41:31.961484,PHY,0x4601,1,0,na,"[0,",0,0,1,2088.1,+18.9dB,15.3us,"[0,",1,561.19,normal,0,valid,-14.7dB,-14.8dB,na,na,,,,
2025-07-30 13:41:31.965623,CSI,0x4601,2,,na,"[0,",,,1,,+30.1dB,15.6us,"[0,",1,562.8,normal,0,valid,-11.8dB,-11.8dB,0.18us,+18.7Hz,,"[6,",1111,1
2025-07-30 13:41:31.966456,PHY,0x4601,1,0,na,"[0,",0,0,1,2180.0,+19.2dB,15.5us,"[0,",1,562.9,normal,0,valid,-14.7dB,-14.7dB,na,na,,,,
2025-07-30 13:41:31.970123,PHY,0x4601,2,,na,"[0,",,,11111,,+29.9dB,15.4us,"[0,",1,562.17,normal,0,valid,-11.9dB,-12.0dB,0.16us,+16.5Hz,,"[6,",,1
2025-07-30 13:41:31.970939,PHY,0x4601,1,0,na,"[0,",0,0,1,2287.9,+19.3dB,17.7us,"[0,",1,562.18,normal,0,valid,-14.7dB,-14.7dB,na,na,,,,
2025-07-30 13:41:31.971520,PHY,0x4601,1,0,na,"[0,",0,0,1,2254.9,+19.3dB,21.7us,"[0,",1,562.19,normal,0,valid,-14.7dB,-14.7dB,na,na,,,,
2025-07-30 13:41:31.976021,PHY,0x4601,1,0,na,"[0,",0,0,1,2111.0,+19.0dB,20.8us,"[0,",1,563.8,normal,0,valid,-14.6dB,-14.7dB,na,na,,,,
2025-07-30 13:41:31.976498,PHY,0x4601,1,0,na,"[0,",0,0,1,2223.7,+19.2dB,26.6us,"[0,",1,563.9,normal,0,valid,-14.7dB,-14.7dB,na,na,,,,
2025-07-30 13:41:31.980027,PHY,0x4601,2,,na,"[0,",,,11111,,+31.7dB,18.2us,"[0,",1,563.17,normal,0,valid,-12.0dB,-12.0dB,0.14us,-60.2Hz,,"[6,",,1
2025-07-30 13:41:31.980970,PHY,0x4601,1,0,na,"[0,",0,0,1,2102.1,+19.0dB,16.5us,"[0,",1,563.18,normal,0,valid,-14.7dB,-14.7dB,na,na,,,,
2025-07-30 13:41:31.981447,PHY,0x4601,1,0,na,"[0,",0,0,1,2094.3,+18.9dB,15.6us,"[0,",1,563.19,normal,0,valid,-14.6dB,-14.7dB,na,na,,,,
2025-07-30 13:41:31.985607,CSI,0x4601,2,,na,"[0,",,,1,,+31.5dB,15.6us,"[0,",1,564.8,normal,0,valid,-11.7dB,-11.8dB,0.17us,-102.0Hz,,"[6,",1111,1
2025-07-30 13:41:31.986513,PHY,0x4601,1,0,na,"[0,",0,0,1,2955.0,+20.4dB,17.3us,"[0,",1,564.9,normal,0,valid,-14.7dB,-14.7dB,na,na,,,,
2025-07-30 13:41:31.990088,PHY,0x4601,2,,na,"[0,",,,11111,,+31.2dB,13.9us,"[0,",1,564.17,normal,0,valid,-11.8dB,-11.8dB,0.15us,+3.9Hz,,"[6,",,1
2025-07-30 13:41:31.991003,PHY,0x4601,1,0,na,"[0,",0,0,1,2159.0,+19.1dB,16.7us,"[0,",1,564.18,normal,0,valid,-14.7dB,-14.7dB,na,na,,,,
2025-07-30 13:41:31.991474,PHY,0x4601,1,0,na,"[0,",0,0,1,2155.8,+19.1dB,14.4us,"[0,",1,564.19,normal,0,valid,-14.7dB,-14.7dB,na,na,,,,
2025-07-30 13:41:31.995965,PHY,0x4601,1,0,na,"[0,",0,0,1,2130.8,+19.1dB,17.4us,"[0,",1,565.8,normal,0,valid,-14.7dB,-14.7dB,na,na,,,,
2025-07-30 13:41:31.996447,PHY,0x4601,1,0,na,"[0,",0,0,1,2198.8,+19.2dB,16.2us,"[0,",1,565.9,normal,0,valid,-14.6dB,-14.7dB,na,na,,,,
2025-07-30 13:41:32.000099,PHY,0x4601,2,,na,"[0,",,,11111,,+32.4dB,15.3us,"[0,",1,565.17,normal,0,valid,-11.9dB,-11.9dB,0.16us,+102.7Hz,,"[6,",,1
2025-07-30 13:41:32.001034,PHY,0x4601,1,0,na,"[0,",0,0,1,3210.3,+20.9dB,18.9us,"[0,",1,565.18,normal,0,valid,-14.7dB,-14.6dB,na,na,,,,
2025-07-30 13:41:32.001509,PHY,0x4601,1,0,na,"[0,",0,0,1,3289.4,+20.9dB,15.2us,"[0,",1,565.19,normal,0,valid,-14.6dB,-14.7dB,na,na,,,,
2025-07-30 13:41:32.005603,CSI,0x4601,2,,na,"[0,",,,1,,+31.1dB,16.0us,"[0,",1,566.8,normal,0,valid,-11.7dB,-11.8dB,0.16us,-19.4Hz,,"[6,",1111,1
2025-07-30 13:41:32.006470,PHY,0x4601,1,0,na,"[0,",0,0,1,2978.8,+20.5dB,16.3us,"[0,",1,566.9,normal,0,valid,-14.7dB,-14.7dB,na,na,,,,
2025-07-30 13:41:32.010015,PHY,0x4601,2,,na,"[0,",,,11111,,+30.7dB,16.7us,"[0,",1,566.17,normal,0,valid,-12.0dB,-12.0dB,0.16us,-57.4Hz,,"[6,",,1
2025-07-30 13:41:32.010954,PHY,0x4601,1,0,na,"[0,",0,0,1,3209.8,+20.8dB,15.8us,"[0,",1,566.18,normal,0,valid,-14.7dB,-14.7dB,na,na,,,,
2025-07-30 13:41:32.011536,PHY,0x4601,1,0,na,"[0,",0,0,1,3526.2,+21.2dB,15.8us,"[0,",1,566.19,normal,0,valid,-14.7dB,-14.7dB,na,na,,,,
2025-07-30 13:41:32.016059,PHY,0x4601,1,0,na,"[0,",0,0,1,2322.6,+19.4dB,23.2us,"[0,",1,567.8,normal,0,valid,-14.6dB,-14.7dB,na,na,,,,
2025-07-30 13:41:32.016526,PHY,0x4601,1,0,na,"[0,",0,0,1,2054.4,+18.9dB,19.4us,"[0,",1,567.9,normal,0,valid,-14.6dB,-14.7dB,na,na,,,,
2025-07-30 13:41:32.020082,PHY,0x4601,2,,na,"[0,",,,11111,,+30.4dB,18.3us,"[0,",1,567.17,normal,0,valid,-12.0dB,-12.0dB,0.15us,+25.9Hz,,"[6,",,1
2025-07-30 13:41:32.020993,PHY,0x4601,1,0,na,"[0,",0,0,1,3178.7,+20.8dB,16.6us,"[0,",1,567.18,normal,0,valid,-14.6dB,-14.7dB,na,na,,,,
2025-07-30 13:41:32.021469,PHY,0x4601,1,0,na,"[0,",0,0,1,3053.7,+20.6dB,21.7us,"[0,",1,567.19,normal,0,valid,-14.6dB,-14.7dB,na,na,,,,
2025-07-30 13:41:32.025592,CSI,0x4601,2,,na,"[0,",,,1,,+28.9dB,15.4us,"[0,",1,568.8,normal,0,valid,-11.7dB,-11.8dB,0.16us,-76.0Hz,,"[6,",1111,1
2025-07-30 13:41:32.026530,PHY,0x4601,1,0,na,"[0,",0,0,1,3019.4,+20.5dB,16.3us,"[0,",1,568.9,normal,0,valid,-14.7dB,-14.7dB,na,na,,,,
2025-07-30 13:41:32.030112,PHY,0x4601,2,,na,"[0,",,,11111,,+29.8dB,15.0us,"[0,",1,568.17,normal,0,valid,-11.8dB,-11.9dB,0.13us,-50.4Hz,,"[6,",,1
2025-07-30 13:41:32.031019,PHY,0x4601,1,0,na,"[0,",0,0,1,3331.2,+21.0dB,17.3us,"[0,",1,568.18,normal,0,valid,-14.7dB,-14.7dB,na,na,,,,
2025-07-30 13:41:32.031501,PHY,0x4601,1,0,na,"[0,",0,0,1,3174.0,+20.7dB,14.0us,"[0,",1,568.19,normal,0,valid,-14.7dB,-14.7dB,na,na,,,,
2025-07-30 13:41:32.036004,PHY,0x4601,1,0,na,"[0,",0,0,1,2228.8,+19.2dB,17.3us,"[0,",1,569.8,normal,0,valid,-14.6dB,-14.7dB,na,na,,,,
2025-07-30 13:41:32.036463,PHY,0x4601,1,0,na,"[0,",0,0,1,2264.2,+19.3dB,14.6us,"[0,",1,569.9,normal,0,valid,-14.7dB,-14.8dB,na,na,,,,
2025-07-30 13:41:32.040118,PHY,0x4601,2,,na,"[0,",,,11111,,+31.8dB,16.9us,"[0,",1,569.17,normal,0,valid,-11.8dB,-11.9dB,0.16us,-7.1Hz,,"[6,",,1
2025-07-30 13:41:32.040953,PHY,0x4601,1,0,na,"[0,",0,0,1,2227.3,+19.2dB,16.2us,"[0,",1,569.18,normal,0,valid,-14.7dB,-14.8dB,na,na,,,,
2025-07-30 13:41:32.041520,PHY,0x4601,1,0,na,"[0,",0,0,1,2176.7,+19.1dB,14.3us,"[0,",1,569.19,normal,0,valid,-14.7dB,-14.7dB,na,na,,,,
2025-07-30 13:41:32.045665,CSI,0x4601,2,,na,"[0,",,,1,,+32.4dB,15.2us,"[0,",1,570.8,normal,0,valid,-11.8dB,-11.8dB,0.15us,-47.8Hz,,"[6,",1111,1
2025-07-30 13:41:32.046498,PHY,0x4601,1,0,na,"[0,",0,0,1,3018.1,+20.5dB,16.9us,"[0,",1,570.9,normal,0,valid,-14.7dB,-14.7dB,na,na,,,,
2025-07-30 13:41:32.050072,PHY,0x4601,2,,na,"[0,",,,11111,,+29.6dB,15.3us,"[0,",1,570.17,normal,0,valid,-11.8dB,-11.9dB,0.14us,+31.0Hz,,"[6,",,1
2025-07-30 13:41:32.050979,PHY,0x4601,1,0,na,"[0,",0,0,1,2160.8,+19.1dB,16.3us,"[0,",1,570.18,normal,0,valid,-14.7dB,-14.7dB,na,na,,,,
2025-07-30 13:41:32.051475,PHY,0x4601,1,0,na,"[0,",0,0,1,2106.9,+19.0dB,19.7us,"[0,",1,570.19,normal,0,valid,-14.7dB,-14.7dB,na,na,,,,
2025-07-30 13:41:32.055949,PHY,0x4601,1,0,na,"[0,",0,0,1,2197.3,+19.2dB,20.7us,"[0,",1,571.8,normal,0,valid,-14.7dB,-14.7dB,na,na,,,,
2025-07-30 13:41:32.056538,PHY,0x4601,1,0,na,"[0,",0,0,1,2143.2,+19.1dB,14.6us,"[0,",1,571.9,normal,0,valid,-14.7dB,-14.7dB,na,na,,,,
2025-07-30 13:41:32.060070,PHY,0x4601,2,,na,"[0,",,,11111,,+31.7dB,14.4us,"[0,",1,571.17,normal,0,valid,-11.8dB,-11.9dB,0.16us,+72.2Hz,,"[6,",,1
2025-07-30 13:41:32.061006,PHY,0x4601,1,0,na,"[0,",0,0,1,2861.1,+20.3dB,16.0us,"[0,",1,571.18,normal,0,valid,-14.7dB,-14.7dB,na,na,,,,
2025-07-30 13:41:32.061492,PHY,0x4601,1,0,na,"[0,",0,0,1,4030.9,+21.8dB,17.3us,"[0,",1,571.19,normal,0,valid,-14.6dB,-14.7dB,na,na,,,,
2025-07-30 13:41:32.065613,CSI,0x4601,2,,na,"[0,",,,1,,+30.7dB,15.6us,"[0,",1,572.8,normal,0,valid,-11.8dB,-11.8dB,0.16us,-50.7Hz,,"[6,",1111,1
2025-07-30 13:41:32.066462,PHY,0x4601,1,0,na,"[0,",0,0,1,2271.2,+19.3dB,18.3us,"[0,",1,572.9,normal,0,valid,-14.7dB,-14.7dB,na,na,,,,
2025-07-30 13:41:32.070131,PHY,0x4601,2,,na,"[0,",,,11111,,+30.3dB,14.6us,"[0,",1,572.17,normal,0,valid,-11.8dB,-11.8dB,0.15us,-36.1Hz,,"[6,",,1
2025-07-30 13:41:32.071071,PHY,0x4601,1,0,na,"[0,",0,0,1,2026.8,+18.8dB,15.9us,"[0,",1,572.18,normal,0,valid,-14.6dB,-14.7dB,na,na,,,,
2025-07-30 13:41:32.071508,PHY,0x4601,1,0,na,"[0,",0,0,1,2242.5,+19.3dB,14.5us,"[0,",1,572.19,normal,0,valid,-14.7dB,-14.7dB,na,na,,,,
2025-07-30 13:41:32.076000,PHY,0x4601,1,0,na,"[0,",0,0,1,2458.9,+19.7dB,16.7us,"[0,",1,573.8,normal,0,valid,-14.6dB,-14.6dB,na,na,,,,
2025-07-30 13:41:32.076501,PHY,0x4601,1,0,na,"[0,",0,0,1,1946.6,+18.6dB,34.3us,"[0,",1,573.9,normal,0,valid,-14.7dB,-14.7dB,na,na,,,,
2025-07-30 13:41:32.080066,PHY,0x4601,2,,na,"[0,",,,11111,,+30.9dB,17.1us,"[0,",1,573.17,normal,0,valid,-11.8dB,-11.8dB,0.14us,-46.3Hz,,"[6,",,1
2025-07-30 13:41:32.080978,PHY,0x4601,1,0,na,"[0,",0,0,1,2969.5,+20.4dB,18.3us,"[0,",1,573.18,normal,0,valid,-14.7dB,-14.8dB,na,na,,,,
2025-07-30 13:41:32.081445,PHY,0x4601,1,0,na,"[0,",0,0,1,2998.0,+20.5dB,14.9us,"[0,",1,573.19,normal,0,valid,-14.7dB,-14.7dB,na,na,,,,
2025-07-30 13:41:32.085575,CSI,0x4601,2,,na,"[0,",,,1,,+33.9dB,15.9us,"[0,",1,574.8,normal,0,valid,-11.7dB,-11.8dB,0.16us,-39.6Hz,,"[6,",1111,1
2025-07-30 13:41:32.086527,PHY,0x4601,1,0,na,"[0,",0,0,1,2950.1,+20.4dB,21.6us,"[0,",1,574.9,normal,0,valid,-14.7dB,-14.7dB,na,na,,,,
2025-07-30 13:41:32.090057,PHY,0x4601,2,,na,"[0,",,,11111,,+31.2dB,16.2us,"[0,",1,574.17,normal,0,valid,-12.0dB,-12.0dB,0.14us,+7.6Hz,,"[6,",,1
2025-07-30 13:41:32.090995,PHY,0x4601,1,0,na,"[0,",0,0,1,2332.6,+19.4dB,18.2us,"[0,",1,574.18,normal,0,valid,-14.7dB,-14.7dB,na,na,,,,
2025-07-30 13:41:32.091489,PHY,0x4601,1,0,na,"[0,",0,0,1,2110.0,+19.0dB,16.3us,"[0,",1,574.19,normal,0,valid,-14.7dB,-14.7dB,na,na,,,,
2025-07-30 13:41:32.095968,PHY,0x4601,1,0,na,"[0,",0,0,1,2019.9,+18.8dB,17.8us,"[0,",1,575.8,normal,0,valid,-14.7dB,-14.7dB,na,na,,,,
2025-07-30 13:41:32.096576,PHY,0x4601,1,0,na,"[0,",0,0,1,2105.5,+19.0dB,17.1us,"[0,",1,575.9,normal,0,valid,-14.7dB,-14.7dB,na,na,,,,
2025-07-30 13:41:32.100114,PHY,0x4601,2,,na,"[0,",,,11111,,+28.7dB,24.7us,"[0,",1,575.17,normal,0,valid,-12.0dB,-12.0dB,0.12us,-49.7Hz,,"[6,",,1
2025-07-30 13:41:32.101070,PHY,0x4601,1,0,na,"[0,",0,0,1,3347.8,+21.0dB,18.2us,"[0,",1,575.18,normal,0,valid,-14.6dB,-14.7dB,na,na,,,,
2025-07-30 13:41:32.101503,PHY,0x4601,1,0,na,"[0,",0,0,1,3556.0,+21.3dB,16.1us,"[0,",1,575.19,normal,0,valid,-14.7dB,-14.7dB,na,na,,,,
2025-07-30 13:41:32.105635,CSI,0x4601,2,,na,"[0,",,,1,,+32.4dB,13.0us,"[0,",1,576.8,normal,0,valid,-11.8dB,-11.8dB,0.15us,-130.3Hz,,"[6,",1111,1
2025-07-30 13:41:32.106477,PHY,0x4601,1,0,na,"[0,",0,0,1,2163.3,+19.1dB,17.5us,"[0,",1,576.9,normal,0,valid,-14.7dB,-14.7dB,na,na,,,,
2025-07-30 13:41:32.110131,PHY,0x4601,2,,na,"[0,",,,11111,,+32.6dB,15.1us,"[0,",1,576.17,normal,0,valid,-11.9dB,-12.0dB,0.17us,+3.6Hz,,"[6,",,1
2025-07-30 13:41:32.110963,PHY,0x4601,1,0,na,"[0,",0,0,1,2050.6,+18.8dB,17.2us,"[0,",1,576.18,normal,0,valid,-14.6dB,-14.7dB,na,na,,,,
2025-07-30 13:41:32.111569,PHY,0x4601,1,0,na,"[0,",0,0,1,2188.4,+19.1dB,16.2us,"[0,",1,576.19,normal,0,valid,-14.7dB,-14.8dB,na,na,,,,
2025-07-30 13:41:32.116059,PHY,0x4601,1,0,na,"[0,",0,0,1,2046.1,+18.9dB,16.6us,"[0,",1,577.8,normal,0,valid,-14.6dB,-14.7dB,na,na,,,,
2025-07-30 13:41:32.116509,PHY,0x4601,1,0,na,"[0,",0,0,1,2119.8,+19.0dB,16.4us,"[0,",1,577.9,normal,0,valid,-14.7dB,-14.7dB,na,na,,,,
2025-07-30 13:41:32.120037,PHY,0x4601,2,,na,"[0,",,,11111,,+33.1dB,16.5us,"[0,",1,577.17,normal,0,valid,-11.8dB,-11.9dB,0.16us,-10.9Hz,,"[6,",,1
2025-07-30 13:41:32.120974,PHY,0x4601,1,0,na,"[0,",0,0,1,2146.7,+19.0dB,17.1us,"[0,",1,577.18,normal,0,valid,-14.7dB,-14.7dB,na,na,,,,
2025-07-30 13:41:32.121468,PHY,0x4601,1,0,na,"[0,",0,0,1,1992.7,+18.7dB,16.6us,"[0,",1,577.19,normal,0,valid,-14.6dB,-14.7dB,na,na,,,,
2025-07-30 13:41:32.125591,CSI,0x4601,2,,na,"[0,",,,1,,+30.3dB,13.2us,"[0,",1,578.8,normal,0,valid,-11.8dB,-11.8dB,0.14us,+48.7Hz,,"[6,",1111,1
2025-07-30 13:41:32.126570,PHY,0x4601,1,0,na,"[0,",0,0,1,2956.0,+20.4dB,16.1us,"[0,",1,578.9,normal,0,valid,-14.7dB,-14.7dB,na,na,,,,
2025-07-30 13:41:32.130080,PHY,0x4601,2,,na,"[0,",,,11111,,+34.9dB,16.1us,"[0,",1,578.17,normal,0,valid,-11.9dB,-11.9dB,0.15us,+57.9Hz,,"[6,",,1
2025-07-30 13:41:32.131052,PHY,0x4601,1,0,na,"[0,",0,0,1,2146.1,+19.1dB,16.8us,"[0,",1,578.18,normal,0,valid,-14.6dB,-14.7dB,na,na,,,,
2025-07-30 13:41:32.131491,PHY,0x4601,1,0,na,"[0,",0,0,1,1966.2,+18.7dB,16.2us,"[0,",1,578.19,normal,0,valid,-14.6dB,-14.7dB,na,na,,,,
2025-07-30 13:41:32.135978,PHY,0x4601,1,0,na,"[0,",0,0,1,2103.1,+19.0dB,16.8us,"[0,",1,579.8,normal,0,valid,-14.6dB,-14.7dB,na,na,,,,
2025-07-30 13:41:32.136459,PHY,0x4601,1,0,na,"[0,",0,0,1,2177.6,+19.1dB,15.8us,"[0,",1,579.9,normal,0,valid,-14.7dB,-14.7dB,na,na,,,,
2025-07-30 13:41:32.140122,PHY,0x4601,2,,na,"[0,",,,11111,,+30.8dB,15.3us,"[0,",1,579.17,normal,0,valid,-11.9dB,-11.9dB,0.15us,-28.9Hz,,"[6,",,1
2025-07-30 13:41:32.140949,PHY,0x4601,1,0,na,"[0,",0,0,1,2162.1,+19.1dB,15.5us,"[0,",1,579.18,normal,0,valid,-14.7dB,-14.7dB,na,na,,,,
2025-07-30 13:41:32.141564,PHY,0x4601,1,0,na,"[0,",0,0,1,2194.2,+19.1dB,14.7us,"[0,",1,579.19,normal,0,valid,-14.7dB,-14.7dB,na,na,,,,
2025-07-30 13:41:32.145614,CSI,0x4601,2,,na,"[0,",,,1,,+31.1dB,12.8us,"[0,",1,580.8,normal,0,valid,-11.8dB,-11.9dB,0.16us,-35.7Hz,,"[6,",1111,1
2025-07-30 13:41:32.146482,PHY,0x4601,1,0,na,"[0,",0,0,1,2083.9,+18.9dB,19.9us,"[0,",1,580.9,normal,0,valid,-14.7dB,-14.7dB,na,na,,,,
2025-07-30 13:41:32.150026,PHY,0x4601,2,,na,"[0,",,,11111,,+28.0dB,15.4us,"[0,",1,580.17,normal,0,valid,-12.0dB,-12.0dB,0.14us,+4.6Hz,,"[6,",,1
2025-07-30 13:41:32.150972,PHY,0x4601,1,0,na,"[0,",0,0,1,2905.9,+20.4dB,16.5us,"[0,",1,580.18,normal,0,valid,-14.7dB,-14.7dB,na,na,,,,
2025-07-30 13:41:32.151454,PHY,0x4601,1,0,na,"[0,",0,0,1,3152.0,+20.7dB,15.8us,"[0,",1,580.19,normal,0,valid,-14.7dB,-14.8dB,na,na,,,,
2025-07-30 13:41:32.156037,PHY,0x4601,1,0,na,"[0,",0,0,1,2165.3,+19.1dB,16.6us,"[0,",1,581.8,normal,0,valid,-14.6dB,-14.7dB,na,na,,,,
2025-07-30 13:41:32.156554,PHY,0x4601,1,0,na,"[0,",0,0,1,2016.5,+18.8dB,14.4us,"[0,",1,581.9,normal,0,valid,-14.7dB,-14.7dB,na,na,,,,
2025-07-30 13:41:32.160070,PHY,0x4601,2,,na,"[0,",,,11111,,+32.6dB,17.0us,"[0,",1,581.17,normal,0,valid,-12.0dB,-12.0dB,0.14us,-43.5Hz,,"[6,",,1
2025-07-30 13:41:32.161040,PHY,0x4601,1,0,na,"[0,",0,0,1,3121.6,+20.7dB,15.7us,"[0,",1,581.18,normal,0,valid,-14.6dB,-14.7dB,na,na,,,,
2025-07-30 13:41:32.161480,PHY,0x4601,1,0,na,"[0,",0,0,1,3029.7,+20.6dB,14.6us,"[0,",1,581.19,normal,0,valid,-14.6dB,-14.6dB,na,na,,,,
2025-07-30 13:41:32.165628,CSI,0x4601,2,,na,"[0,",,,1,,+31.1dB,15.4us,"[0,",1,582.8,normal,0,valid,-11.8dB,-11.8dB,0.15us,-2.5Hz,,"[6,",1111,1
2025-07-30 13:41:32.166454,PHY,0x4601,1,0,na,"[0,",0,0,1,3055.2,+20.6dB,15.8us,"[0,",1,582.9,normal,0,valid,-14.7dB,-14.7dB,na,na,,,,
2025-07-30 13:41:32.170137,PHY,0x4601,2,,na,"[0,",,,11111,,+33.0dB,17.1us,"[0,",1,582.17,normal,0,valid,-11.8dB,-11.8dB,0.17us,-6.1Hz,,"[6,",,1
2025-07-30 13:41:32.171032,PHY,0x4601,1,0,na,"[0,",0,0,1,2136.2,+19.0dB,19.0us,"[0,",1,582.18,normal,0,valid,-14.7dB,-14.7dB,na,na,,,,
2025-07-30 13:41:32.171545,PHY,0x4601,1,0,na,"[0,",0,0,1,2148.7,+19.1dB,14.2us,"[0,",1,582.19,normal,0,valid,-14.7dB,-14.7dB,na,na,,,,
2025-07-30 13:41:32.176042,PHY,0x4601,1,0,na,"[0,",0,0,1,2101.1,+19.0dB,17.0us,"[0,",1,583.8,normal,0,valid,-14.6dB,-14.7dB,na,na,,,,
2025-07-30 13:41:32.176467,PHY,0x4601,1,0,na,"[0,",0,0,1,2012.2,+18.8dB,14.0us,"[0,",1,583.9,normal,0,valid,-14.7dB,-14.7dB,na,na,,,,
2025-07-30 13:41:32.180012,PHY,0x4601,2,,na,"[0,",,,11111,,+28.6dB,14.5us,"[0,",1,583.17,normal,0,valid,-11.9dB,-11.9dB,0.16us,+135.9Hz,,"[6,",,1
2025-07-30 13:41:32.180958,PHY,0x4601,1,0,na,"[0,",0,0,1,2834.8,+20.3dB,20.4us,"[0,",1,583.18,normal,0,valid,-14.7dB,-14.7dB,na,na,,,,
2025-07-30 13:41:32.181535,PHY,0x4601,1,0,na,"[0,",0,0,1,3394.1,+21.1dB,14.1us,"[0,",1,583.19,normal,0,valid,-14.7dB,-14.7dB,na,na,,,,
2025-07-30 13:41:32.185564,CSI,0x4601,2,,na,"[0,",,,1,,+29.5dB,16.0us,"[0,",1,584.8,normal,0,valid,-11.8dB,-11.8dB,0.15us,-60.2Hz,,"[6,",1111,1
2025-07-30 13:41:32.186507,PHY,0x4601,1,0,na,"[0,",0,0,1,3062.3,+20.6dB,24.2us,"[0,",1,584.9,normal,0,valid,-14.6dB,-14.7dB,na,na,,,,
2025-07-30 13:41:32.190043,PHY,0x4601,2,,na,"[0,",,,11111,,+30.6dB,14.8us,"[0,",1,584.17,normal,0,valid,-11.9dB,-11.9dB,0.16us,-24.1Hz,,"[6,",,1
2025-07-30 13:41:32.190988,PHY,0x4601,1,0,na,"[0,",0,0,1,3046.6,+20.6dB,19.9us,"[0,",1,584.18,normal,0,valid,-14.7dB,-14.7dB,na,na,,,,
2025-07-30 13:41:32.191467,PHY,0x4601,1,0,na,"[0,",0,0,1,3018.0,+20.5dB,13.8us,"[0,",1,584.19,normal,0,valid,-14.7dB,-14.7dB,na,na,,,,
2025-07-30 13:41:32.195949,PHY,0x4601,1,0,na,"[0,",0,0,1,2086.3,+19.0dB,16.3us,"[0,",1,585.8,normal,0,valid,-14.7dB,-14.7dB,na,na,,,,
2025-07-30 13:41:32.196536,PHY,0x4601,1,0,na,"[0,",0,0,1,2061.3,+18.9dB,14.6us,"[0,",1,585.9,normal,0,valid,-14.7dB,-14.7dB,na,na,,,,
2025-07-30 13:41:32.200097,PHY,0x4601,2,,na,"[0,",,,11111,,+33.4dB,14.7us,"[0,",1,585.17,normal,0,valid,-11.9dB,-11.9dB,0.17us,-31.2Hz,,"[6,",,1
2025-07-30 13:41:32.201025,PHY,0x4601,1,0,na,"[0,",0,0,1,3014.1,+20.5dB,17.3us,"[0,",1,585.18,normal,0,valid,-14.7dB,-14.7dB,na,na,,,,
2025-07-30 13:41:32.201535,PHY,0x4601,1,0,na,"[0,",0,0,1,3169.4,+20.8dB,14.9us,"[0,",1,585.19,normal,0,valid,-14.6dB,-14.7dB,na,na,,,,
2025-07-30 13:41:32.205589,CSI,0x4601,2,,na,"[0,",,,1,,+30.2dB,11.9us,"[0,",1,586.8,normal,0,valid,-11.8dB,-11.8dB,0.18us,+31.9Hz,,"[6,",1111,1
2025-07-30 13:41:32.206464,PHY,0x4601,1,0,na,"[0,",0,0,1,3317.7,+21.0dB,16.0us,"[0,",1,586.9,normal,0,valid,-14.7dB,-14.7dB,na,na,,,,
2025-07-30 13:41:32.210135,PHY,0x4601,2,,na,"[0,",,,11111,,+33.6dB,14.4us,"[0,",1,586.17,normal,0,valid,-11.7dB,-11.8dB,0.16us,+110.7Hz,,"[6,",,1
2025-07-30 13:41:32.210947,PHY,0x4601,1,0,na,"[0,",0,0,1,3177.5,+20.7dB,15.7us,"[0,",1,586.18,normal,0,valid,-14.7dB,-14.8dB,na,na,,,,
2025-07-30 13:41:32.211531,PHY,0x4601,1,0,na,"[0,",0,0,1,3162.2,+20.7dB,16.4us,"[0,",1,586.19,normal,0,valid,-14.7dB,-14.7dB,na,na,,,,
2025-07-30 13:41:32.216011,PHY,0x4601,1,0,na,"[0,",0,0,1,2176.7,+19.1dB,16.9us,"[0,",1,587.8,normal,0,valid,-14.6dB,-14.7dB,na,na,,,,
2025-07-30 13:41:32.216491,PHY,0x4601,1,0,na,"[0,",0,0,1,2088.4,+18.9dB,24.5us,"[0,",1,587.9,normal,0,valid,-14.7dB,-14.7dB,na,na,,,,
2025-07-30 13:41:32.220028,PHY,0x4601,2,,na,"[0,",,,11111,,+35.0dB,14.8us,"[0,",1,587.17,normal,0,valid,-11.8dB,-11.9dB,0.14us,+166.9Hz,,"[6,",,1
2025-07-30 13:41:32.220974,PHY,0x4601,1,0,na,"[0,",0,0,1,2960.1,+20.5dB,16.4us,"[0,",1,587.18,normal,0,valid,-14.7dB,-14.7dB,na,na,,,,
2025-07-30 13:41:32.221445,PHY,0x4601,1,0,na,"[0,",0,0,1,2913.0,+20.4dB,14.5us,"[0,",1,587.19,normal,0,valid,-14.7dB,-14.7dB,na,na,,,,
2025-07-30 13:41:32.225614,CSI,0x4601,2,,na,"[0,",,,1,,+33.2dB,15.9us,"[0,",1,588.8,normal,0,valid,-11.8dB,-11.8dB,0.15us,+31.9Hz,,"[6,",1111,1
2025-07-30 13:41:32.226517,PHY,0x4601,1,0,na,"[0,",0,0,1,1908.5,+18.6dB,15.8us,"[0,",1,588.9,normal,0,valid,-14.7dB,-14.7dB,na,na,,,,
2025-07-30 13:41:32.230093,PHY,0x4601,2,,na,"[0,",,,11111,,+35.2dB,17.1us,"[0,",1,588.17,normal,0,valid,-11.9dB,-11.9dB,0.14us,+116.0Hz,,"[6,",,1
2025-07-30 13:41:32.231014,PHY,0x4601,1,0,na,"[0,",0,0,1,3057.2,+20.6dB,22.8us,"[0,",1,588.18,normal,0,valid,-14.7dB,-14.7dB,na,na,,,,
2025-07-30 13:41:32.231480,PHY,0x4601,1,0,na,"[0,",0,0,1,3032.1,+20.6dB,19.6us,"[0,",1,588.19,normal,0,valid,-14.6dB,-14.7dB,na,na,,,,
2025-07-30 13:41:32.235985,PHY,0x4601,1,0,na,"[0,",0,0,1,2158.8,+19.1dB,16.8us,"[0,",1,589.8,normal,0,valid,-14.7dB,-14.7dB,na,na,,,,
2025-07-30 13:41:32.236483,PHY,0x4601,1,0,na,"[0,",0,0,1,2177.2,+19.1dB,25.2us,"[0,",1,589.9,normal,0,valid,-14.7dB,-14.7dB,na,na,,,,
2025-07-30 13:41:32.240098,PHY,0x4601,2,,na,"[0,",,,11111,,+33.9dB,15.5us,"[0,",1,589.17,normal,0,valid,-12.0dB,-12.0dB,0.15us,+44.2Hz,,"[6,",,1
2025-07-30 13:41:32.241039,PHY,0x4601,1,0,na,"[0,",0,0,1,3108.3,+20.7dB,15.5us,"[0,",1,589.18,normal,0,valid,-14.7dB,-14.7dB,na,na,,,,
2025-07-30 13:41:32.241509,PHY,0x4601,1,0,na,"[0,",0,0,1,3223.8,+20.8dB,14.6us,"[0,",1,589.19,normal,0,valid,-14.6dB,-14.7dB,na,na,,,,
2025-07-30 13:41:32.245611,CSI,0x4601,2,,na,"[0,",,,1,,+33.8dB,13.8us,"[0,",1,590.8,normal,0,valid,-11.8dB,-11.8dB,0.18us,+121.2Hz,,"[6,",1111,1
2025-07-30 13:41:32.246480,PHY,0x4601,1,0,na,"[0,",0,0,1,2062.4,+18.9dB,16.4us,"[0,",1,590.9,normal,0,valid,-14.7dB,-14.7dB,na,na,,,,
2025-07-30 13:41:32.250036,PHY,0x4601,2,,na,"[0,",,,11111,,+31.5dB,29.2us,"[0,",1,590.17,normal,0,valid,-11.9dB,-11.9dB,0.15us,+98.1Hz,,"[6,",,1
2025-07-30 13:41:32.250966,PHY,0x4601,1,0,na,"[0,",0,0,1,3355.1,+21.0dB,16.5us,"[0,",1,590.18,normal,0,valid,-14.6dB,-14.7dB,na,na,,,,
2025-07-30 13:41:32.251436,PHY,0x4601,1,0,na,"[0,",0,0,1,3264.8,+20.9dB,15.2us,"[0,",1,590.19,normal,0,valid,-14.7dB,-14.7dB,na,na,,,,
2025-07-30 13:41:32.256039,PHY,0x4601,1,0,na,"[0,",0,0,1,2045.1,+18.8dB,20.2us,"[0,",1,591.8,normal,0,valid,-14.7dB,-14.7dB,na,na,,,,
2025-07-30 13:41:32.256527,PHY,0x4601,1,0,na,"[0,",0,0,1,1979.1,+18.7dB,16.7us,"[0,",1,591.9,normal,0,valid,-14.6dB,-14.7dB,na,na,,,,
2025-07-30 13:41:32.260091,PHY,0x4601,2,,na,"[0,",,,11111,,+31.1dB,15.1us,"[0,",1,591.17,normal,0,valid,-11.9dB,-11.9dB,0.14us,+132.2Hz,,"[6,",,1
2025-07-30 13:41:32.261010,PHY,0x4601,1,0,na,"[0,",0,0,1,2996.1,+20.5dB,23.9us,"[0,",1,591.18,normal,0,valid,-14.7dB,-14.7dB,na,na,,,,
2025-07-30 13:41:32.261479,PHY,0x4601,1,0,na,"[0,",0,0,1,3155.5,+20.7dB,21.8us,"[0,",1,591.19,normal,0,valid,-14.7dB,-14.7dB,na,na,,,,
2025-07-30 13:41:32.265625,CSI,0x4601,2,,na,"[0,",,,1,,+32.7dB,13.2us,"[0,",1,592.8,normal,0,valid,-11.9dB,-11.9dB,0.14us,+46.9Hz,,"[6,",1111,1
2025-07-30 13:41:32.266543,PHY,0x4601,1,0,na,"[0,",0,0,1,2065.1,+18.9dB,20.8us,"[0,",1,592.9,normal,0,valid,-14.6dB,-14.7dB,na,na,,,,
2025-07-30 13:41:32.270094,PHY,0x4601,2,,na,"[0,",,,11111,,+32.0dB,15.3us,"[0,",1,592.17,normal,0,valid,-11.9dB,-11.9dB,0.15us,+49.9Hz,,"[6,",,1
2025-07-30 13:41:32.271026,PHY,0x4601,1,0,na,"[0,",0,0,1,2252.0,+19.2dB,18.6us,"[0,",1,592.18,normal,0,valid,-14.6dB,-14.7dB,na,na,,,,
2025-07-30 13:41:32.271517,PHY,0x4601,1,0,na,"[0,",0,0,1,1828.2,+18.4dB,24.2us,"[0,",1,592.19,normal,0,valid,-14.7dB,-14.7dB,na,na,,,,
2025-07-30 13:41:32.275991,PHY,0x4601,1,0,na,"[0,",0,0,1,1957.0,+18.6dB,18.2us,"[0,",1,593.8,normal,0,valid,-14.6dB,-14.7dB,na,na,,,,
2025-07-30 13:41:32.276459,PHY,0x4601,1,0,na,"[0,",0,0,1,2077.6,+18.9dB,14.4us,"[0,",1,593.9,normal,0,valid,-14.6dB,-14.7dB,na,na,,,,
2025-07-30 13:41:32.280157,PHY,0x4601,2,,na,"[0,",,,11111,,+29.4dB,14.6us,"[0,",1,593.17,normal,0,valid,-11.8dB,-11.8dB,0.15us,-83.6Hz,,"[6,",,1
2025-07-30 13:41:32.280958,PHY,0x4601,1,0,na,"[0,",0,0,1,2037.7,+18.8dB,16.0us,"[0,",1,593.18,normal,0,valid,-14.7dB,-14.8dB,na,na,,,,
2025-07-30 13:41:32.281529,PHY,0x4601,1,0,na,"[0,",0,0,1,2185.0,+19.1dB,13.9us,"[0,",1,593.19,normal,0,valid,-14.7dB,-14.7dB,na,na,,,,
2025-07-30 13:41:32.285586,CSI,0x4601,2,,na,"[0,",,,1,,+33.7dB,13.0us,"[0,",1,594.8,normal,0,valid,-11.7dB,-11.8dB,0.18us,+26.4Hz,,"[6,",1111,1
2025-07-30 13:41:32.286499,PHY,0x4601,1,0,na,"[0,",0,0,1,1967.2,+18.7dB,17.2us,"[0,",1,594.9,normal,0,valid,-14.7dB,-14.7dB,na,na,,,,
2025-07-30 13:41:32.290078,PHY,0x4601,2,,na,"[0,",,,11111,,+29.8dB,15.3us,"[0,",1,594.17,normal,0,valid,-11.9dB,-11.9dB,0.17us,+87.9Hz,,"[6,",,1
2025-07-30 13:41:32.290984,PHY,0x4601,1,0,na,"[0,",0,0,1,2175.7,+19.1dB,16.1us,"[0,",1,594.18,normal,0,valid,-14.6dB,-14.7dB,na,na,,,,
2025-07-30 13:41:32.291458,PHY,0x4601,1,0,na,"[0,",0,0,1,2177.0,+19.1dB,15.0us,"[0,",1,594.19,normal,0,valid,-14.6dB,-14.7dB,na,na,,,,
2025-07-30 13:41:32.295958,PHY,0x4601,1,0,na,"[0,",0,0,1,2042.3,+18.9dB,17.7us,"[0,",1,595.8,normal,0,valid,-14.7dB,-14.7dB,na,na,,,,
2025-07-30 13:41:32.296548,PHY,0x4601,1,0,na,"[0,",0,0,1,2114.3,+19.0dB,17.3us,"[0,",1,595.9,normal,0,valid,-14.7dB,-14.8dB,na,na,,,,
2025-07-30 13:41:32.300106,PHY,0x4601,2,,na,"[0,",,,11111,,+35.6dB,17.4us,"[0,",1,595.17,normal,0,valid,-11.8dB,-11.9dB,0.14us,+36.3Hz,,"[6,",,1
2025-07-30 13:41:32.301016,PHY,0x4601,1,0,na,"[0,",0,0,1,3153.7,+20.7dB,19.9us,"[0,",1,595.18,normal,0,valid,-14.7dB,-14.7dB,na,na,,,,
2025-07-30 13:41:32.301493,PHY,0x4601,1,0,na,"[0,",0,0,1,3277.5,+20.9dB,14.5us,"[0,",1,595.19,normal,0,valid,-14.7dB,-14.7dB,na,na,,,,
2025-07-30 13:41:32.305620,CSI,0x4601,2,,na,"[0,",,,1,,+35.6dB,13.8us,"[0,",1,596.8,normal,0,valid,-11.8dB,-11.8dB,0.15us,+167.1Hz,,"[6,",1111,1
2025-07-30 13:41:32.306454,PHY,0x4601,1,0,na,"[0,",0,0,1,1960.1,+18.7dB,17.5us,"[0,",1,596.9,normal,0,valid,-14.7dB,-14.7dB,na,na,,,,
2025-07-30 13:41:32.310107,PHY,0x4601,2,,na,"[0,",,,11111,,+32.3dB,13.0us,"[0,",1,596.17,normal,0,valid,-11.8dB,-11.8dB,0.14us,+49.0Hz,,"[6,",,1
2025-07-30 13:41:32.310970,PHY,0x4601,1,0,na,"[0,",0,0,1,2048.6,+18.8dB,16.2us,"[0,",1,596.18,normal,0,valid,-14.7dB,-14.7dB,na,na,,,,
2025-07-30 13:41:32.311520,PHY,0x4601,1,0,na,"[0,",0,0,1,2056.8,+18.9dB,14.5us,"[0,",1,596.19,normal,0,valid,-14.6dB,-14.7dB,na,na,,,,
2025-07-30 13:41:32.316025,PHY,0x4601,1,0,na,"[0,",0,0,1,2180.1,+19.1dB,19.2us,"[0,",1,597.8,normal,0,valid,-14.6dB,-14.7dB,na,na,,,,
2025-07-30 13:41:32.316495,PHY,0x4601,1,0,na,"[0,",0,0,1,2143.5,+19.1dB,30.3us,"[0,",1,597.9,normal,0,valid,-14.6dB,-14.7dB,na,na,,,,
2025-07-30 13:41:32.320071,PHY,0x4601,2,,na,"[0,",,,11111,,+30.0dB,16.1us,"[0,",1,597.17,normal,0,valid,-12.0dB,-12.0dB,0.15us,+80.7Hz,,"[6,",,1
2025-07-30 13:41:32.320976,PHY,0x4601,1,0,na,"[0,",0,0,1,1995.3,+18.7dB,16.8us,"[0,",1,597.18,normal,0,valid,-14.7dB,-14.7dB,na,na,,,,
2025-07-30 13:41:32.321451,PHY,0x4601,1,0,na,"[0,",0,0,1,2162.3,+19.1dB,15.0us,"[0,",1,597.19,normal,0,valid,-14.6dB,-14.7dB,na,na,,,,
2025-07-30 13:41:32.325580,CSI,0x4601,2,,na,"[0,",,,1,,+30.6dB,14.7us,"[0,",1,598.8,normal,0,valid,-11.9dB,-11.9dB,0.15us,-43.6Hz,,"[6,",1111,1
2025-07-30 13:41:32.326510,PHY,0x4601,1,0,na,"[0,",0,0,1,2103.9,+19.0dB,16.1us,"[0,",1,598.9,normal,0,valid,-14.7dB,-14.8dB,na,na,,,,
2025-07-30 13:41:32.330058,PHY,0x4601,2,,na,"[0,",,,11111,,+30.9dB,15.6us,"[0,",1,598.17,normal,0,valid,-11.8dB,-11.9dB,0.16us,+53.2Hz,,"[6,",,1
2025-07-30 13:41:32.330996,PHY,0x4601,1,0,na,"[0,",0,0,1,3084.4,+20.6dB,17.0us,"[0,",1,598.18,normal,0,valid,-14.7dB,-14.7dB,na,na,,,,
2025-07-30 13:41:32.331476,PHY,0x4601,1,0,na,"[0,",0,0,1,2830.1,+20.2dB,15.9us,"[0,",1,598.19,normal,0,valid,-14.7dB,-14.7dB,na,na,,,,
2025-07-30 13:41:32.335986,PHY,0x4601,1,0,na,"[0,",0,0,1,2157.2,+19.1dB,16.5us,"[0,",1,599.8,normal,0,valid,-14.7dB,-14.7dB,na,na,,,,
2025-07-30 13:41:32.336463,PHY,0x4601,1,0,na,"[0,",0,0,1,2045.5,+18.9dB,15.2us,"[0,",1,599.9,normal,0,valid,-14.7dB,-14.7dB,na,na,,,,
2025-07-30 13:41:32.340093,PHY,0x4601,2,,na,"[0,",,,11111,,+32.1dB,17.3us,"[0,",1,599.17,normal,0,valid,-11.8dB,-11.8dB,0.12us,-33.5Hz,,"[6,",,1
2025-07-30 13:41:32.341058,PHY,0x4601,1,0,na,"[0,",0,0,1,2199.5,+19.2dB,16.0us,"[0,",1,599.18,normal,0,valid,-14.7dB,-14.7dB,na,na,,,,
2025-07-30 13:41:32.341503,PHY,0x4601,1,0,na,"[0,",0,0,1,2051.5,+18.9dB,17.4us,"[0,",1,599.19,normal,0,valid,-14.6dB,-14.7dB,na,na,,,,
2025-07-30 13:41:32.345636,CSI,0x4601,2,,na,"[0,",,,1,,+36.5dB,14.4us,"[0,",1,600.8,normal,0,valid,-11.8dB,-11.8dB,0.15us,-85.5Hz,,"[6,",1111,1
2025-07-30 13:41:32.346469,PHY,0x4601,1,0,na,"[0,",0,0,1,2090.8,+18.9dB,16.7us,"[0,",1,600.9,normal,0,valid,-14.7dB,-14.7dB,na,na,,,,
2025-07-30 13:41:32.350046,PHY,0x4601,2,,na,"[0,",,,11111,,+33.3dB,13.4us,"[0,",1,600.17,normal,0,valid,-11.9dB,-12.0dB,0.16us,-97.5Hz,,"[6,",,1
2025-07-30 13:41:32.350959,PHY,0x4601,1,0,na,"[0,",0,0,1,3178.6,+20.8dB,16.3us,"[0,",1,600.18,normal,0,valid,-14.6dB,-14.7dB,na,na,,,,
2025-07-30 13:41:32.351567,PHY,0x4601,1,0,na,"[0,",0,0,1,3094.3,+20.6dB,15.3us,"[0,",1,600.19,normal,0,valid,-14.6dB,-14.7dB,na,na,,,,
2025-07-30 13:41:32.356068,PHY,0x4601,1,0,na,"[0,",0,0,1,1990.9,+18.7dB,20.0us,"[0,",1,601.8,normal,0,valid,-14.6dB,-14.7dB,na,na,,,,
2025-07-30 13:41:32.356506,PHY,0x4601,1,0,na,"[0,",0,0,1,2245.2,+19.2dB,14.6us,"[0,",1,601.9,normal,0,valid,-14.6dB,-14.7dB,na,na,,,,
2025-07-30 13:41:32.360041,PHY,0x4601,2,,na,"[0,",,,11111,,+30.8dB,16.2us,"[0,",1,601.17,normal,0,valid,-11.9dB,-12.0dB,0.16us,-36.0Hz,,"[6,",,1
2025-07-30 13:41:32.360988,PHY,0x4601,1,0,na,"[0,",0,0,1,2840.9,+20.3dB,15.9us,"[0,",1,601.18,normal,0,valid,-14.6dB,-14.7dB,na,na,,,,
2025-07-30 13:41:32.361462,PHY,0x4601,1,0,na,"[0,",0,0,1,3439.9,+21.1dB,14.9us,"[0,",1,601.19,normal,0,valid,-14.7dB,-14.7dB,na,na,,,,
2025-07-30 13:41:32.365594,CSI,0x4601,2,,na,"[0,",,,1,,+34.1dB,20.0us,"[0,",1,602.8,normal,0,valid,-11.8dB,-11.8dB,0.15us,-13.1Hz,,"[6,",1111,1
2025-07-30 13:41:32.366558,PHY,0x4601,1,0,na,"[0,",0,0,1,2092.0,+18.9dB,16.3us,"[0,",1,602.9,normal,0,valid,-14.7dB,-14.7dB,na,na,,,,
2025-07-30 13:41:32.370094,PHY,0x4601,2,,na,"[0,",,,11111,,+32.6dB,15.3us,"[0,",1,602.17,normal,0,valid,-11.8dB,-11.8dB,0.15us,+143.6Hz,,"[6,",,1
2025-07-30 13:41:32.371050,PHY,0x4601,1,0,na,"[0,",0,0,1,2147.9,+19.0dB,16.4us,"[0,",1,602.18,normal,0,valid,-14.7dB,-14.8dB,na,na,,,,
2025-07-30 13:41:32.371485,PHY,0x4601,1,0,na,"[0,",0,0,1,2226.2,+19.2dB,14.5us,"[0,",1,602.19,normal,0,valid,-14.7dB,-14.7dB,na,na,,,,
2025-07-30 13:41:32.376061,PHY,0x4601,1,0,na,"[0,",0,0,1,2199.3,+19.2dB,84.1us,"[0,",1,603.8,normal,0,valid,-14.7dB,-14.7dB,na,na,,,,
2025-07-30 13:41:32.376470,PHY,0x4601,1,0,na,"[0,",0,0,1,2015.1,+18.8dB,19.0us,"[0,",1,603.9,normal,0,valid,-14.6dB,-14.7dB,na,na,,,,
2025-07-30 13:41:32.380133,PHY,0x4601,2,,na,"[0,",,,11111,,+31.7dB,15.7us,"[0,",1,603.17,normal,0,valid,-11.8dB,-11.9dB,0.16us,-52.2Hz,,"[6,",,1
2025-07-30 13:41:32.380945,PHY,0x4601,1,0,na,"[0,",0,0,1,2994.6,+20.5dB,15.9us,"[0,",1,603.18,normal,0,valid,-14.7dB,-14.7dB,na,na,,,,
2025-07-30 13:41:32.381559,PHY,0x4601,1,0,na,"[0,",0,0,1,3258.1,+20.9dB,16.6us,"[0,",1,603.19,normal,0,valid,-14.7dB,-14.7dB,na,na,,,,
2025-07-30 13:41:32.385620,CSI,0x4601,2,,na,"[0,",,,1,,+32.7dB,12.2us,"[0,",1,604.8,normal,0,valid,-11.7dB,-11.7dB,0.14us,-50.3Hz,,"[6,",1111,1
2025-07-30 13:41:32.386492,PHY,0x4601,1,0,na,"[0,",0,0,1,2972.2,+20.5dB,19.8us,"[0,",1,604.9,normal,0,valid,-14.7dB,-14.7dB,na,na,,,,
2025-07-30 13:41:32.390027,PHY,0x4601,2,,na,"[0,",,,11111,,+31.2dB,15.4us,"[0,",1,604.17,normal,0,valid,-11.9dB,-11.9dB,0.15us,+44.0Hz,,"[6,",,1
2025-07-30 13:41:32.390969,PHY,0x4601,1,0,na,"[0,",0,0,1,3068.8,+20.6dB,16.8us,"[0,",1,604.18,normal,0,valid,-14.7dB,-14.7dB,na,na,,,,
2025-07-30 13:41:32.391452,PHY,0x4601,1,0,na,"[0,",0,0,1,3151.8,+20.7dB,14.7us,"[0,",1,604.19,normal,0,valid,-14.7dB,-14.7dB,na,na,,,,
2025-07-30 13:41:32.395943,PHY,0x4601,1,0,na,"[0,",0,0,1,2029.9,+18.8dB,16.1us,"[0,",1,605.8,normal,0,valid,-14.7dB,-14.7dB,na,na,,,,
2025-07-30 13:41:32.396547,PHY,0x4601,1,0,na,"[0,",0,0,1,2101.5,+19.0dB,15.6us,"[0,",1,605.9,normal,0,valid,-14.6dB,-14.7dB,na,na,,,,
2025-07-30 13:41:32.400079,PHY,0x4601,2,,na,"[0,",,,11111,,+32.5dB,15.1us,"[0,",1,605.17,normal,0,valid,-12.0dB,-12.0dB,0.15us,+0.9Hz,,"[6,",,1
2025-07-30 13:41:32.401043,PHY,0x4601,1,0,na,"[0,",0,0,1,2911.1,+20.4dB,18.0us,"[0,",1,605.18,normal,0,valid,-14.6dB,-14.7dB,na,na,,,,
2025-07-30 13:41:32.401471,PHY,0x4601,1,0,na,"[0,",0,0,1,2960.6,+20.4dB,14.0us,"[0,",1,605.19,normal,0,valid,-14.7dB,-14.8dB,na,na,,,,
2025-07-30 13:41:32.405632,CSI,0x4601,2,,na,"[0,",,,1,,+30.9dB,15.2us,"[0,",1,606.8,normal,0,valid,-11.8dB,-11.8dB,0.15us,-19.2Hz,,"[6,",1111,1
2025-07-30 13:41:32.406458,PHY,0x4601,1,0,na,"[0,",0,0,1,2934.7,+20.4dB,22.4us,"[0,",1,606.9,normal,0,valid,-14.7dB,-14.7dB,na,na,,,,
2025-07-30 13:41:32.410123,PHY,0x4601,2,,na,"[0,",,,11111,,+34.4dB,14.9us,"[0,",1,606.17,normal,0,valid,-11.8dB,-11.9dB,0.15us,-69.6Hz,,"[6,",,1
2025-07-30 13:41:32.411039,PHY,0x4601,1,0,na,"[0,",0,0,1,2106.6,+19.0dB,19.8us,"[0,",1,606.18,normal,0,valid,-14.6dB,-14.6dB,na,na,,,,
2025-07-30 13:41:32.411544,PHY,0x4601,1,0,na,"[0,",0,0,1,2237.8,+19.2dB,15.2us,"[0,",1,606.19,normal,0,valid,-14.7dB,-14.7dB,na,na,,,,
2025-07-30 13:41:32.416035,PHY,0x4601,1,0,na,"[0,",0,0,1,2037.2,+18.8dB,17.6us,"[0,",1,607.8,normal,0,valid,-14.7dB,-14.7dB,na,na,,,,
2025-07-30 13:41:32.416484,PHY,0x4601,1,0,na,"[0,",0,0,1,2058.4,+18.9dB,24.7us,"[0,",1,607.9,normal,0,valid,-14.7dB,-14.7dB,na,na,,,,
2025-07-30 13:41:32.420020,PHY,0x4601,2,,na,"[0,",,,11111,,+34.9dB,14.6us,"[0,",1,607.17,normal,0,valid,-11.8dB,-11.8dB,0.15us,-5.0Hz,,"[6,",,1
2025-07-30 13:41:32.420957,PHY,0x4601,1,0,na,"[0,",0,0,1,2138.9,+19.0dB,15.6us,"[0,",1,607.18,normal,0,valid,-14.7dB,-14.7dB,na,na,,,,
2025-07-30 13:41:32.421444,PHY,0x4601,1,0,na,"[0,",0,0,1,2114.0,+19.0dB,14.6us,"[0,",1,607.19,normal,0,valid,-14.7dB,-14.7dB,na,na,,,,
2025-07-30 13:41:32.425558,CSI,0x4601,2,,na,"[0,",,,1,,+34.5dB,12.6us,"[0,",1,608.8,normal,0,valid,-11.8dB,-11.8dB,0.15us,-175.6Hz,,"[6,",1111,1
2025-07-30 13:41:32.426552,PHY,0x4601,1,0,na,"[0,",0,0,1,3066.8,+20.6dB,22.9us,"[0,",1,608.9,normal,0,valid,-14.7dB,-14.8dB,na,na,,,,
2025-07-30 13:41:32.430054,PHY,0x4601,2,,na,"[0,",,,11111,,+30.1dB,15.7us,"[0,",1,608.17,normal,0,valid,-11.9dB,-11.9dB,0.16us,-27.6Hz,,"[6,",,1
2025-07-30 13:41:32.431039,PHY,0x4601,1,0,na,"[0,",0,0,1,2907.2,+20.4dB,17.9us,"[0,",1,608.18,normal,0,valid,-14.7dB,-14.7dB,na,na,,,,
2025-07-30 13:41:32.431472,PHY,0x4601,1,0,na,"[0,",0,0,1,2852.9,+20.3dB,14.8us,"[0,",1,608.19,normal,0,valid,-14.7dB,-14.7dB,na,na,,,,
2025-07-30 13:41:32.435958,PHY,0x4601,1,0,na,"[0,",0,0,1,2152.5,+19.1dB,17.0us,"[0,",1,609.8,normal,0,valid,-14.7dB,-14.7dB,na,na,,,,
2025-07-30 13:41:32.436541,PHY,0x4601,1,0,na,"[0,",0,0,1,2154.0,+19.1dB,14.9us,"[0,",1,609.9,normal,0,valid,-14.7dB,-14.7dB,na,na,,,,
2025-07-30 13:41:32.440097,PHY,0x4601,2,,na,"[0,",,,11111,,+34.5dB,15.3us,"[0,",1,609.17,normal,0,valid,-11.9dB,-11.9dB,0.15us,-19.2Hz,,"[6,",,1
2025-07-30 13:41:32.441026,PHY,0x4601,1,0,na,"[0,",0,0,1,2108.7,+19.0dB,16.0us,"[0,",1,609.18,normal,0,valid,-14.7dB,-14.8dB,na,na,,,,
2025-07-30 13:41:32.441492,PHY,0x4601,1,0,na,"[0,",0,0,1,2009.7,+18.8dB,13.9us,"[0,",1,609.19,normal,0,valid,-14.7dB,-14.8dB,na,na,,,,
2025-07-30 13:41:32.445612,CSI,0x4601,2,,na,"[0,",,,1,,+33.3dB,14.0us,"[0,",1,610.8,normal,0,valid,-11.8dB,-11.8dB,0.15us,+11.8Hz,,"[6,",1111,1
2025-07-30 13:41:32.446465,PHY,0x4601,1,0,na,"[0,",0,0,1,3093.6,+20.6dB,17.8us,"[0,",1,610.9,normal,0,valid,-14.7dB,-14.7dB,na,na,,,,
2025-07-30 13:41:32.450163,PHY,0x4601,2,,na,"[0,",,,11111,,+31.5dB,15.2us,"[0,",1,610.17,normal,0,valid,-11.9dB,-11.9dB,0.14us,+112.4Hz,,"[6,",,1
2025-07-30 13:41:32.450949,PHY,0x4601,1,0,na,"[0,",0,0,1,2294.3,+19.3dB,17.1us,"[0,",1,610.18,normal,0,valid,-14.6dB,-14.7dB,na,na,,,,
2025-07-30 13:41:32.451532,PHY,0x4601,1,0,na,"[0,",0,0,1,2188.0,+19.1dB,14.6us,"[0,",1,610.19,normal,0,valid,-14.7dB,-14.7dB,na,na,,,,
2025-07-30 13:41:32.456018,PHY,0x4601,1,0,na,"[0,",0,0,1,2072.8,+18.9dB,16.4us,"[0,",1,611.8,normal,0,valid,-14.6dB,-14.7dB,na,na,,,,
2025-07-30 13:41:32.456497,PHY,0x4601,1,0,na,"[0,",0,0,1,1984.0,+18.7dB,26.7us,"[0,",1,611.9,normal,0,valid,-14.7dB,-14.7dB,na,na,,,,
2025-07-30 13:41:32.460035,PHY,0x4601,2,,na,"[0,",,,11111,,+32.2dB,14.9us,"[0,",1,611.17,normal,0,valid,-11.9dB,-11.9dB,0.15us,-93.7Hz,,"[6,",,1
2025-07-30 13:41:32.460976,PHY,0x4601,1,0,na,"[0,",0,0,1,1911.2,+18.6dB,15.8us,"[0,",1,611.18,normal,0,valid,-14.6dB,-14.7dB,na,na,,,,
2025-07-30 13:41:32.461456,PHY,0x4601,1,0,na,"[0,",0,0,1,2052.6,+18.9dB,16.2us,"[0,",1,611.19,normal,0,valid,-14.7dB,-14.7dB,na,na,,,,
2025-07-30 13:41:32.465619,CSI,0x4601,2,,na,"[0,",,,1,,+34.8dB,15.0us,"[0,",1,612.8,normal,0,valid,-11.7dB,-11.7dB,0.17us,-25.3Hz,,"[6,",1111,1
2025-07-30 13:41:32.466539,PHY,0x4601,1,0,na,"[0,",0,0,1,2044.5,+18.9dB,16.0us,"[0,",1,612.9,normal,0,valid,-14.6dB,-14.7dB,na,na,,,,
2025-07-30 13:41:32.470109,PHY,0x4601,2,,na,"[0,",,,11111,,+32.5dB,15.2us,"[0,",1,612.17,normal,0,valid,-11.9dB,-12.0dB,0.16us,+8.0Hz,,"[6,",,1
2025-07-30 13:41:32.471014,PHY,0x4601,1,0,na,"[0,",0,0,1,2069.8,+18.9dB,16.2us,"[0,",1,612.18,normal,0,valid,-14.7dB,-14.8dB,na,na,,,,
2025-07-30 13:41:32.471493,PHY,0x4601,1,0,na,"[0,",0,0,1,2000.4,+18.8dB,20.1us,"[0,",1,612.19,normal,0,valid,-14.6dB,-14.7dB,na,na,,,,
2025-07-30 13:41:32.475976,PHY,0x4601,1,0,na,"[0,",0,0,1,2013.9,+18.8dB,16.3us,"[0,",1,613.8,normal,0,valid,-14.7dB,-14.7dB,na,na,,,,
2025-07-30 13:41:32.476455,PHY,0x4601,1,0,na,"[0,",0,0,1,2029.3,+18.8dB,23.0us,"[0,",1,613.9,normal,0,valid,-14.6dB,-14.7dB,na,na,,,,
2025-07-30 13:41:32.480106,PHY,0x4601,2,,na,"[0,",,,11111,,+29.7dB,14.1us,"[0,",1,613.17,normal,0,valid,-11.8dB,-11.8dB,0.15us,+44.3Hz,,"[6,",,1
2025-07-30 13:41:32.480935,PHY,0x4601,1,0,na,"[0,",0,0,1,1879.8,+18.5dB,16.5us,"[0,",1,613.18,normal,0,valid,-14.7dB,-14.7dB,na,na,,,,
2025-07-30 13:41:32.481520,PHY,0x4601,1,0,na,"[0,",0,0,1,1960.5,+18.7dB,14.0us,"[0,",1,613.19,normal,0,valid,-14.6dB,-14.7dB,na,na,,,,
2025-07-30 13:41:32.485619,CSI,0x4601,2,,na,"[0,",,,1,,+30.6dB,14.4us,"[0,",1,614.8,normal,0,valid,-11.8dB,-11.8dB,0.16us,-60.3Hz,,"[6,",1111,1
2025-07-30 13:41:32.486481,PHY,0x4601,1,0,na,"[0,",0,0,1,1923.3,+18.6dB,16.3us,"[0,",1,614.9,normal,0,valid,-14.7dB,-14.8dB,na,na,,,,
2025-07-30 13:41:32.490021,PHY,0x4601,2,,na,"[0,",,,11111,,+32.2dB,13.8us,"[0,",1,614.17,normal,0,valid,-11.9dB,-11.9dB,0.16us,+17.3Hz,,"[6,",,1
2025-07-30 13:41:32.490973,PHY,0x4601,1,0,na,"[0,",0,0,1,2137.1,+19.0dB,15.6us,"[0,",1,614.18,normal,0,valid,-14.7dB,-14.7dB,na,na,,,,
2025-07-30 13:41:32.491459,PHY,0x4601,1,0,na,"[0,",0,0,1,2087.4,+18.9dB,17.2us,"[0,",1,614.19,normal,0,valid,-14.7dB,-14.7dB,na,na,,,,
2025-07-30 13:41:32.496045,PHY,0x4601,1,0,na,"[0,",0,0,1,2170.6,+19.1dB,16.1us,"[0,",1,615.8,normal,0,valid,-14.6dB,-14.7dB,na,na,,,,
2025-07-30 13:41:32.496522,PHY,0x4601,1,0,na,"[0,",0,0,1,2076.2,+18.9dB,14.4us,"[0,",1,615.9,normal,0,valid,-14.6dB,-14.7dB,na,na,,,,
2025-07-30 13:41:32.500090,PHY,0x4601,2,,na,"[0,",,,11111,,+30.4dB,14.1us,"[0,",1,615.17,normal,0,valid,-11.9dB,-11.9dB,0.13us,+28.6Hz,,"[6,",,1
2025-07-30 13:41:32.501016,PHY,0x4601,1,0,na,"[0,",0,0,1,3304.5,+21.0dB,16.6us,"[0,",1,615.18,normal,0,valid,-14.7dB,-14.7dB,na,na,,,,
2025-07-30 13:41:32.501480,PHY,0x4601,1,0,na,"[0,",0,0,1,2846.6,+20.3dB,18.6us,"[0,",1,615.19,normal,0,valid,-14.6dB,-14.7dB,na,na,,,,
2025-07-30 13:41:32.505605,CSI,0x4601,2,,na,"[0,",,,1,,+32.9dB,15.6us,"[0,",1,616.8,normal,0,valid,-11.8dB,-11.9dB,0.18us,-42.9Hz,,"[6,",1111,1
2025-07-30 13:41:32.506443,PHY,0x4601,1,0,na,"[0,",0,0,1,2118.5,+19.0dB,16.4us,"[0,",1,616.9,normal,0,valid,-14.7dB,-14.7dB,na,na,,,,
2025-07-30 13:41:32.510126,PHY,0x4601,2,,na,"[0,",,,11111,,+32.2dB,18.5us,"[0,",1,616.17,normal,0,valid,-11.8dB,-11.8dB,0.17us,-34.4Hz,,"[6,",,1
2025-07-30 13:41:32.511034,PHY,0x4601,1,0,na,"[0,",0,0,1,2873.3,+20.3dB,18.8us,"[0,",1,616.18,normal,0,valid,-14.6dB,-14.7dB,na,na,,,,
2025-07-30 13:41:32.511510,PHY,0x4601,1,0,na,"[0,",0,0,1,3100.2,+20.6dB,14.2us,"[0,",1,616.19,normal,0,valid,-14.6dB,-14.7dB,na,na,,,,
2025-07-30 13:41:32.516001,PHY,0x4601,1,0,na,"[0,",0,0,1,2324.6,+19.4dB,21.0us,"[0,",1,617.8,normal,0,valid,-14.7dB,-14.7dB,na,na,,,,
2025-07-30 13:41:32.516479,PHY,0x4601,1,0,na,"[0,",0,0,1,2087.5,+18.9dB,16.0us,"[0,",1,617.9,normal,0,valid,-14.7dB,-14.7dB,na,na,,,,
2025-07-30 13:41:32.520004,PHY,0x4601,2,,na,"[0,",,,11111,,+29.7dB,14.2us,"[0,",1,617.17,normal,0,valid,-11.9dB,-12.0dB,0.15us,+89.6Hz,,"[6,",,1
2025-07-30 13:41:32.520950,PHY,0x4601,1,0,na,"[0,",0,0,1,2149.9,+19.1dB,15.8us,"[0,",1,617.18,normal,0,valid,-14.7dB,-14.7dB,na,na,,,,
2025-07-30 13:41:32.521536,PHY,0x4601,1,0,na,"[0,",0,0,1,2265.7,+19.3dB,15.7us,"[0,",1,617.19,normal,0,valid,-14.7dB,-14.7dB,na,na,,,,
2025-07-30 13:41:32.525585,CSI,0x4601,2,,na,"[0,",,,1,,+33.6dB,14.7us,"[0,",1,618.8,normal,0,valid,-11.9dB,-11.9dB,0.16us,+7.3Hz,,"[6,",1111,1
2025-07-30 13:41:32.526509,PHY,0x4601,1,0,na,"[0,",0,0,1,2188.1,+19.2dB,22.3us,"[0,",1,618.9,normal,0,valid,-14.7dB,-14.7dB,na,na,,,,
2025-07-30 13:41:32.530072,PHY,0x4601,2,,na,"[0,",,,11111,,+34.1dB,14.8us,"[0,",1,618.17,normal,0,valid,-11.9dB,-11.9dB,0.16us,+5.7Hz,,"[6,",,1
2025-07-30 13:41:32.530984,PHY,0x4601,1,0,na,"[0,",0,0,1,3054.1,+20.6dB,17.2us,"[0,",1,618.18,normal,0,valid,-14.6dB,-14.6dB,na,na,,,,
2025-07-30 13:41:32.531458,PHY,0x4601,1,0,na,"[0,",0,0,1,2910.7,+20.4dB,14.1us,"[0,",1,618.19,normal,0,valid,-14.7dB,-14.7dB,na,na,,,,
2025-07-30 13:41:32.535947,PHY,0x4601,1,0,na,"[0,",0,0,1,1962.6,+18.7dB,16.4us,"[0,",1,619.8,normal,0,valid,-14.7dB,-14.7dB,na,na,,,,
2025-07-30 13:41:32.536535,PHY,0x4601,1,0,na,"[0,",0,0,1,1904.6,+18.5dB,15.2us,"[0,",1,619.9,normal,0,valid,-14.7dB,-14.7dB,na,na,,,,
2025-07-30 13:41:32.540112,PHY,0x4601,2,,na,"[0,",,,11111,,+30.2dB,15.2us,"[0,",1,619.17,normal,0,valid,-11.9dB,-12.0dB,0.15us,+38.3Hz,,"[6,",,1
2025-07-30 13:41:32.541017,PHY,0x4601,1,0,na,"[0,",0,0,1,3003.9,+20.5dB,16.0us,"[0,",1,619.18,normal,0,valid,-14.7dB,-14.7dB,na,na,,,,
2025-07-30 13:41:32.541488,PHY,0x4601,1,0,na,"[0,",0,0,1,2762.2,+20.2dB,14.1us,"[0,",1,619.19,normal,0,valid,-14.7dB,-14.7dB,na,na,,,,
2025-07-30 13:41:32.545577,CSI,0x4601,2,,na,"[0,",,,1,,+30.8dB,11.0us,"[0,",1,620.8,normal,0,valid,-11.9dB,-11.9dB,0.17us,-64.4Hz,,"[6,",1111,1
2025-07-30 13:41:32.546458,PHY,0x4601,1,0,na,"[0,",0,0,1,1997.1,+18.8dB,16.3us,"[0,",1,620.9,normal,0,valid,-14.7dB,-14.7dB,na,na,,,,
2025-07-30 13:41:32.550152,PHY,0x4601,2,,na,"[0,",,,11111,,+32.5dB,14.5us,"[0,",1,620.17,normal,0,valid,-11.8dB,-11.8dB,0.19us,+69.8Hz,,"[6,",,1
2025-07-30 13:41:32.550945,PHY,0x4601,1,0,na,"[0,",0,0,1,2210.3,+19.2dB,16.2us,"[0,",1,620.18,normal,0,valid,-14.7dB,-14.7dB,na,na,,,,
2025-07-30 13:41:32.551520,PHY,0x4601,1,0,na,"[0,",0,0,1,2051.4,+18.9dB,15.1us,"[0,",1,620.19,normal,0,valid,-14.7dB,-14.7dB,na,na,,,,
2025-07-30 13:41:32.556011,PHY,0x4601,1,0,na,"[0,",0,0,1,1991.4,+18.7dB,15.6us,"[0,",1,621.8,normal,0,valid,-14.6dB,-14.7dB,na,na,,,,
2025-07-30 13:41:32.556500,PHY,0x4601,1,0,na,"[0,",0,0,1,2072.6,+18.9dB,14.1us,"[0,",1,621.9,normal,0,valid,-14.7dB,-14.8dB,na,na,,,,
2025-07-30 13:41:32.560054,PHY,0x4601,2,,na,"[0,",,,11111,,+30.4dB,13.4us,"[0,",1,621.17,normal,0,valid,-11.8dB,-11.8dB,0.15us,-3.3Hz,,"[6,",,1
2025-07-30 13:41:32.560981,PHY,0x4601,1,0,na,"[0,",0,0,1,2035.9,+18.8dB,23.5us,"[0,",1,621.18,normal,0,valid,-14.7dB,-14.7dB,na,na,,,,
2025-07-30 13:41:32.561447,PHY,0x4601,1,0,na,"[0,",0,0,1,1928.5,+18.6dB,16.9us,"[0,",1,621.19,normal,0,valid,-14.7dB,-14.7dB,na,na,,,,
2025-07-30 13:41:32.565609,CSI,0x4601,2,,na,"[0,",,,1,,+32.8dB,15.6us,"[0,",1,622.8,normal,0,valid,-11.8dB,-11.8dB,0.16us,-38.2Hz,,"[6,",1111,1
2025-07-30 13:41:32.566519,PHY,0x4601,1,0,na,"[0,",0,0,1,1750.1,+18.2dB,16.0us,"[0,",1,622.9,normal,0,valid,-14.6dB,-14.7dB,na,na,,,,
2025-07-30 13:41:32.570099,PHY,0x4601,2,,na,"[0,",,,11111,,+31.9dB,14.6us,"[0,",1,622.17,normal,0,valid,-11.9dB,-11.9dB,0.15us,+8.0Hz,,"[6,",,1
2025-07-30 13:41:32.571007,PHY,0x4601,1,0,na,"[0,",0,0,1,2043.7,+18.8dB,15.9us,"[0,",1,622.18,normal,0,valid,-14.7dB,-14.8dB,na,na,,,,
2025-07-30 13:41:32.571488,PHY,0x4601,1,0,na,"[0,",0,0,1,2137.6,+19.1dB,14.1us,"[0,",1,622.19,normal,0,valid,-14.7dB,-14.7dB,na,na,,,,
2025-07-30 13:41:32.575984,PHY,0x4601,1,0,na,"[0,",0,0,1,2065.7,+18.9dB,21.5us,"[0,",1,623.8,normal,0,valid,-14.7dB,-14.7dB,na,na,,,,
2025-07-30 13:41:32.576450,PHY,0x4601,1,0,na,"[0,",0,0,1,1940.2,+18.6dB,14.7us,"[0,",1,623.9,normal,0,valid,-14.7dB,-14.7dB,na,na,,,,
2025-07-30 13:41:32.580121,PHY,0x4601,2,,na,"[0,",,,11111,,+31.5dB,18.2us,"[0,",1,623.17,normal,0,valid,-11.9dB,-11.9dB,0.17us,+18.0Hz,,"[6,",,1
2025-07-30 13:41:32.581067,PHY,0x4601,1,0,na,"[0,",0,0,1,2120.9,+19.0dB,20.6us,"[0,",1,623.18,normal,0,valid,-14.7dB,-14.7dB,na,na,,,,
2025-07-30 13:41:32.581509,PHY,0x4601,1,0,na,"[0,",0,0,1,2066.2,+18.9dB,15.1us,"[0,",1,623.19,normal,0,valid,-14.7dB,-14.7dB,na,na,,,,
2025-07-30 13:41:32.585644,CSI,0x4601,2,,na,"[0,",,,1,,+33.5dB,12.8us,"[0,",1,624.8,normal,0,valid,-11.7dB,-11.7dB,0.17us,+11.5Hz,,"[6,",1111,1
2025-07-30 13:41:32.586479,PHY,0x4601,1,0,na,"[0,",0,0,1,3276.7,+20.9dB,18.3us,"[0,",1,624.9,normal,0,valid,-14.6dB,-14.7dB,na,na,,,,
2025-07-30 13:41:32.590056,PHY,0x4601,2,,na,"[0,",,,11111,,+33.7dB,13.9us,"[0,",1,624.17,normal,0,valid,-11.9dB,-12.0dB,0.16us,+72.0Hz,,"[6,",,1
2025-07-30 13:41:32.590971,PHY,0x4601,1,0,na,"[0,",0,0,1,1940.7,+18.6dB,16.4us,"[0,",1,624.18,normal,0,valid,-14.6dB,-14.7dB,na,na,,,,
2025-07-30 13:41:32.591443,PHY,0x4601,1,0,na,"[0,",0,0,1,2064.6,+18.9dB,14.5us,"[0,",1,624.19,normal,0,valid,-14.7dB,-14.7dB,na,na,,,,
2025-07-30 13:41:32.596078,PHY,0x4601,1,0,na,"[0,",0,0,1,2118.0,+19.0dB,18.0us,"[0,",1,625.8,normal,0,valid,-14.6dB,-14.7dB,na,na,,,,
2025-07-30 13:41:32.596526,PHY,0x4601,1,0,na,"[0,",0,0,1,2043.8,+18.8dB,15.4us,"[0,",1,625.9,normal,0,valid,-14.7dB,-14.7dB,na,na,,,,
2025-07-30 13:41:32.600068,PHY,0x4601,2,,na,"[0,",,,11111,,+33.1dB,14.8us,"[0,",1,625.17,normal,0,valid,-11.9dB,-11.9dB,0.15us,+129.4Hz,,"[6,",,1
2025-07-30 13:41:32.601005,PHY,0x4601,1,0,na,"[0,",0,0,1,1993.6,+18.7dB,18.6us,"[0,",1,625.18,normal,0,valid,-14.7dB,-14.7dB,na,na,,,,
2025-07-30 13:41:32.601480,PHY,0x4601,1,0,na,"[0,",0,0,1,2031.7,+18.8dB,18.6us,"[0,",1,625.19,normal,0,valid,-14.7dB,-14.7dB,na,na,,,,
2025-07-30 13:41:32.605604,CSI,0x4601,2,,na,"[0,",,,1,,+31.0dB,12.8us,"[0,",1,626.8,normal,0,valid,-11.9dB,-11.9dB,0.16us,-48.5Hz,,"[6,",1111,1
2025-07-30 13:41:32.606583,PHY,0x4601,1,0,na,"[0,",0,0,1,1991.2,+18.8dB,15.9us,"[0,",1,626.9,normal,0,valid,-14.7dB,-14.7dB,na,na,,,,
2025-07-30 13:41:32.610100,PHY,0x4601,2,,na,"[0,",,,11111,,+30.9dB,18.2us,"[0,",1,626.17,normal,0,valid,-11.9dB,-12.0dB,0.17us,+104.2Hz,,"[6,",,1
2025-07-30 13:41:32.611065,PHY,0x4601,1,0,na,"[0,",0,0,1,2648.4,+19.9dB,15.5us,"[0,",1,626.18,normal,0,valid,-14.7dB,-14.7dB,na,na,,,,
2025-07-30 13:41:32.611502,PHY,0x4601,1,0,na,"[0,",0,0,1,3015.7,+20.5dB,15.6us,"[0,",1,626.19,normal,0,valid,-14.6dB,-14.7dB,na,na,,,,
2025-07-30 13:41:32.615996,PHY,0x4601,1,0,na,"[0,",0,0,1,1892.1,+18.5dB,17.9us,"[0,",1,627.8,normal,0,valid,-14.7dB,-14.7dB,na,na,,,,
2025-07-30 13:41:32.616466,PHY,0x4601,1,0,na,"[0,",0,0,1,2123.3,+19.0dB,14.4us,"[0,",1,627.9,normal,0,valid,-14.7dB,-14.7dB,na,na,,,,
2025-07-30 13:41:32.620134,PHY,0x4601,2,,na,"[0,",,,11111,,+31.0dB,14.4us,"[0,",1,627.17,normal,0,valid,-11.9dB,-12.0dB,0.17us,+13.0Hz,,"[6,",,1
2025-07-30 13:41:32.620963,PHY,0x4601,1,0,na,"[0,",0,0,1,2961.8,+20.5dB,17.7us,"[0,",1,627.18,normal,0,valid,-14.7dB,-14.7dB,na,na,,,,
2025-07-30 13:41:32.621571,PHY,0x4601,1,0,na,"[0,",0,0,1,3119.2,+20.7dB,16.2us,"[0,",1,627.19,normal,0,valid,-14.6dB,-14.7dB,na,na,,,,
2025-07-30 13:41:32.625560,CSI,0x4601,2,,na,"[0,",,,1,,+35.7dB,18.3us,"[0,",1,628.8,normal,0,valid,-11.7dB,-11.7dB,0.15us,-99.6Hz,,"[6,",1111,1
2025-07-30 13:41:32.626503,PHY,0x4601,1,0,na,"[0,",0,0,1,3323.2,+21.0dB,19.2us,"[0,",1,628.9,normal,0,valid,-14.7dB,-14.7dB,na,na,,,,
2025-07-30 13:41:32.630037,PHY,0x4601,2,,na,"[0,",,,11111,,+36.0dB,15.2us,"[0,",1,628.17,normal,0,valid,-11.9dB,-11.9dB,0.14us,+4.6Hz,,"[6,",,1
2025-07-30 13:41:32.630977,PHY,0x4601,1,0,na,"[0,",0,0,1,3111.7,+20.7dB,15.7us,"[0,",1,628.18,normal,0,valid,-14.7dB,-14.7dB,na,na,,,,
2025-07-30 13:41:32.631466,PHY,0x4601,1,0,na,"[0,",0,0,1,3198.7,+20.8dB,15.9us,"[0,",1,628.19,normal,0,valid,-14.7dB,-14.7dB,na,na,,,,
2025-07-30 13:41:32.635961,PHY,0x4601,1,0,na,"[0,",0,0,1,2179.4,+19.1dB,17.6us,"[0,",1,629.8,normal,0,valid,-14.7dB,-14.7dB,na,na,,,,
2025-07-30 13:41:32.636561,PHY,0x4601,1,0,na,"[0,",0,0,1,2060.1,+18.8dB,16.2us,"[0,",1,629.9,normal,0,valid,-14.7dB,-14.8dB,na,na,,,,
2025-07-30 13:41:32.640083,PHY,0x4601,2,,na,"[0,",,,11111,,+32.8dB,17.0us,"[0,",1,629.17,normal,0,valid,-11.9dB,-11.9dB,0.14us,-62.7Hz,,"[6,",,1
2025-07-30 13:41:32.641053,PHY,0x4601,1,0,na,"[0,",0,0,1,2172.7,+19.1dB,16.2us,"[0,",1,629.18,normal,0,valid,-14.7dB,-14.7dB,na,na,,,,
2025-07-30 13:41:32.641489,PHY,0x4601,1,0,na,"[0,",0,0,1,2131.7,+19.0dB,15.0us,"[0,",1,629.19,normal,0,valid,-14.6dB,-14.7dB,na,na,,,,
2025-07-30 13:41:32.645643,CSI,0x4601,2,,na,"[0,",,,1,,+28.3dB,14.6us,"[0,",1,630.8,normal,0,valid,-11.7dB,-11.7dB,0.17us,-10.1Hz,,"[6,",1111,1
2025-07-30 13:41:32.646455,PHY,0x4601,1,0,na,"[0,",0,0,1,3047.6,+20.6dB,15.9us,"[0,",1,630.9,normal,0,valid,-14.6dB,-14.7dB,na,na,,,,
2025-07-30 13:41:32.650127,PHY,0x4601,2,,na,"[0,",,,11111,,+33.8dB,14.9us,"[0,",1,630.17,normal,0,valid,-11.9dB,-11.9dB,0.15us,+15.6Hz,,"[6,",,1
2025-07-30 13:41:32.650962,PHY,0x4601,1,0,na,"[0,",0,0,1,2976.9,+20.5dB,18.6us,"[0,",1,630.18,normal,0,valid,-14.7dB,-14.7dB,na,na,,,,
2025-07-30 13:41:32.651555,PHY,0x4601,1,0,na,"[0,",0,0,1,2768.4,+20.1dB,15.7us,"[0,",1,630.19,normal,0,valid,-14.6dB,-14.7dB,na,na,,,,
2025-07-30 13:41:32.656014,PHY,0x4601,1,0,na,"[0,",0,0,1,2020.4,+18.8dB,16.6us,"[0,",1,631.8,normal,0,valid,-14.7dB,-14.7dB,na,na,,,,
2025-07-30 13:41:32.656485,PHY,0x4601,1,0,na,"[0,",0,0,1,2105.2,+19.0dB,24.5us,"[0,",1,631.9,normal,0,valid,-14.7dB,-14.7dB,na,na,,,,
2025-07-30 13:41:32.660028,PHY,0x4601,2,,na,"[0,",,,11111,,+33.1dB,14.9us,"[0,",1,631.17,normal,0,valid,-11.9dB,-11.9dB,0.16us,+51.6Hz,,"[6,",,1
2025-07-30 13:41:32.660967,PHY,0x4601,1,0,na,"[0,",0,0,1,1946.1,+18.6dB,16.5us,"[0,",1,631.18,normal,0,valid,-14.7dB,-14.7dB,na,na,,,,
2025-07-30 13:41:32.661456,PHY,0x4601,1,0,na,"[0,",0,0,1,2054.7,+18.9dB,14.1us,"[0,",1,631.19,normal,0,valid,-14.7dB,-14.7dB,na,na,,,,
2025-07-30 13:41:32.665601,CSI,0x4601,2,,na,"[0,",,,1,,+32.2dB,19.9us,"[0,",1,632.8,normal,0,valid,-11.8dB,-11.9dB,0.16us,+42.4Hz,,"[6,",1111,1
2025-07-30 13:41:32.666555,PHY,0x4601,1,0,na,"[0,",0,0,1,2027.9,+18.8dB,20.4us,"[0,",1,632.9,normal,0,valid,-14.7dB,-14.8dB,na,na,,,,
2025-07-30 13:41:32.670074,PHY,0x4601,2,,na,"[0,",,,11111,,+30.1dB,17.5us,"[0,",1,632.17,normal,0,valid,-11.8dB,-11.8dB,0.15us,-25.8Hz,,"[6,",,1
2025-07-30 13:41:32.670997,PHY,0x4601,1,0,na,"[0,",0,0,1,3309.8,+20.9dB,16.4us,"[0,",1,632.18,normal,0,valid,-14.7dB,-14.7dB,na,na,,,,
2025-07-30 13:41:32.671478,PHY,0x4601,1,0,na,"[0,",0,0,1,2742.2,+20.1dB,15.9us,"[0,",1,632.19,normal,0,valid,-14.7dB,-14.7dB,na,na,,,,
2025-07-30 13:41:32.675987,PHY,0x4601,1,0,na,"[0,",0,0,1,1943.1,+18.6dB,26.1us,"[0,",1,633.8,normal,0,valid,-14.6dB,-14.7dB,na,na,,,,
2025-07-30 13:41:32.676465,PHY,0x4601,1,0,na,"[0,",0,0,1,2148.1,+19.1dB,19.5us,"[0,",1,633.9,normal,0,valid,-14.6dB,-14.7dB,na,na,,,,
2025-07-30 13:41:32.680120,PHY,0x4601,2,,na,"[0,",,,11111,,+33.1dB,26.0us,"[0,",1,633.17,normal,0,valid,-11.8dB,-11.9dB,0.16us,+75.9Hz,,"[6,",,1
2025-07-30 13:41:32.681035,PHY,0x4601,1,0,na,"[0,",0,0,1,1917.7,+18.6dB,18.7us,"[0,",1,633.18,normal,0,valid,-14.7dB,-14.7dB,na,na,,,,
2025-07-30 13:41:32.681553,PHY,0x4601,1,0,na,"[0,",0,0,1,2068.1,+18.9dB,16.5us,"[0,",1,633.19,normal,0,valid,-14.7dB,-14.7dB,na,na,,,,
2025-07-30 13:41:32.685617,CSI,0x4601,2,,na,"[0,",,,1,,+34.9dB,12.8us,"[0,",1,634.8,normal,0,valid,-11.9dB,-11.9dB,0.15us,-61.0Hz,,"[6,",1111,1
2025-07-30 13:41:32.686468,PHY,0x4601,1,0,na,"[0,",0,0,1,2135.3,+19.0dB,16.7us,"[0,",1,634.9,normal,0,valid,-14.7dB,-14.7dB,na,na,,,,
2025-07-30 13:41:32.690014,PHY,0x4601,2,,na,"[0,",,,11111,,+31.4dB,15.3us,"[0,",1,634.17,normal,0,valid,-11.8dB,-11.8dB,0.15us,+14.1Hz,,"[6,",,1
2025-07-30 13:41:32.690957,PHY,0x4601,1,0,na,"[0,",0,0,1,3024.1,+20.6dB,21.4us,"[0,",1,634.18,normal,0,valid,-14.7dB,-14.7dB,na,na,,,,
2025-07-30 13:41:32.691538,PHY,0x4601,1,0,na,"[0,",0,0,1,3326.5,+21.0dB,14.9us,"[0,",1,634.19,normal,0,valid,-14.7dB,-14.7dB,na,na,,,,
2025-07-30 13:41:32.696048,PHY,0x4601,1,0,na,"[0,",0,0,1,2145.4,+19.1dB,24.4us,"[0,",1,635.8,normal,0,valid,-14.6dB,-14.7dB,na,na,,,,
2025-07-30 13:41:32.696512,PHY,0x4601,1,0,na,"[0,",0,0,1,2144.1,+19.1dB,15.8us,"[0,",1,635.9,normal,0,valid,-14.7dB,-14.7dB,na,na,,,,
2025-07-30 13:41:32.700043,PHY,0x4601,2,,na,"[0,",,,11111,,+31.6dB,14.3us,"[0,",1,635.17,normal,0,valid,-11.9dB,-11.9dB,0.15us,-43.4Hz,,"[6,",,1
2025-07-30 13:41:32.700986,PHY,0x4601,1,0,na,"[0,",0,0,1,2804.1,+20.2dB,15.5us,"[0,",1,635.18,normal,0,valid,-14.7dB,-14.7dB,na,na,,,,
2025-07-30 13:41:32.701472,PHY,0x4601,1,0,na,"[0,",0,0,1,3107.2,+20.7dB,17.9us,"[0,",1,635.19,normal,0,valid,-14.7dB,-14.7dB,na,na,,,,
2025-07-30 13:41:32.705615,CSI,0x4601,2,,na,"[0,",,,1,,+35.4dB,13.6us,"[0,",1,636.8,normal,0,valid,-11.8dB,-11.8dB,0.17us,-29.6Hz,,"[6,",1111,1
2025-07-30 13:41:32.706531,PHY,0x4601,1,0,na,"[0,",0,0,1,1836.4,+18.4dB,15.7us,"[0,",1,636.9,normal,0,valid,-14.7dB,-14.7dB,na,na,,,,
2025-07-30 13:41:32.710102,PHY,0x4601,2,,na,"[0,",,,11111,,+30.0dB,13.7us,"[0,",1,636.17,normal,0,valid,-12.0dB,-12.0dB,0.16us,+23.7Hz,,"[6,",,1
2025-07-30 13:41:32.711017,PHY,0x4601,1,0,na,"[0,",0,0,1,1884.3,+18.5dB,15.5us,"[0,",1,636.18,normal,0,valid,-14.7dB,-14.7dB,na,na,,,,
2025-07-30 13:41:32.711493,PHY,0x4601,1,0,na,"[0,",0,0,1,2050.4,+18.9dB,19.7us,"[0,",1,636.19,normal,0,valid,-14.7dB,-14.7dB,na,na,,,,
2025-07-30 13:41:32.715985,PHY,0x4601,1,0,na,"[0,",0,0,1,1996.2,+18.8dB,16.4us,"[0,",1,637.8,normal,0,valid,-14.7dB,-14.7dB,na,na,,,,
2025-07-30 13:41:32.716463,PHY,0x4601,1,0,na,"[0,",0,0,1,1871.7,+18.5dB,16.7us,"[0,",1,637.9,normal,0,valid,-14.7dB,-14.7dB,na,na,,,,
2025-07-30 13:41:32.720138,PHY,0x4601,2,,na,"[0,",,,11111,,+30.1dB,23.2us,"[0,",1,637.17,normal,0,valid,-11.8dB,-11.8dB,0.14us,+108.0Hz,,"[6,",,1
2025-07-30 13:41:32.720951,PHY,0x4601,1,0,na,"[0,",0,0,1,2012.0,+18.8dB,19.5us,"[0,",1,637.18,normal,0,valid,-14.6dB,-14.7dB,na,na,,,,
2025-07-30 13:41:32.721524,PHY,0x4601,1,0,na,"[0,",0,0,1,2091.8,+19.0dB,13.9us,"[0,",1,637.19,normal,0,valid,-14.7dB,-14.7dB,na,na,,,,
2025-07-30 13:41:32.725620,CSI,0x4601,2,,na,"[0,",,,1,,+33.6dB,13.7us,"[0,",1,638.8,normal,0,valid,-11.7dB,-11.8dB,0.17us,-28.1Hz,,"[6,",1111,1
2025-07-30 13:41:32.726494,PHY,0x4601,1,0,na,"[0,",0,0,1,2895.0,+20.3dB,16.8us,"[0,",1,638.9,normal,0,valid,-14.7dB,-14.8dB,na,na,,,,
2025-07-30 13:41:32.730026,PHY,0x4601,2,,na,"[0,",,,11111,,+32.7dB,13.3us,"[0,",1,638.17,normal,0,valid,-11.8dB,-11.9dB,0.16us,+128.2Hz,,"[6,",,1
2025-07-30 13:41:32.730974,PHY,0x4601,1,0,na,"[0,",0,0,1,2960.9,+20.4dB,15.5us,"[0,",1,638.18,normal,0,valid,-14.7dB,-14.7dB,na,na,,,,
2025-07-30 13:41:32.731446,PHY,0x4601,1,0,na,"[0,",0,0,1,2782.7,+20.2dB,14.3us,"[0,",1,638.19,normal,0,valid,-14.7dB,-14.7dB,na,na,,,,
2025-07-30 13:41:32.735942,PHY,0x4601,1,0,na,"[0,",0,0,1,2095.7,+19.0dB,17.1us,"[0,",1,639.8,normal,0,valid,-14.6dB,-14.7dB,na,na,,,,
2025-07-30 13:41:32.736530,PHY,0x4601,1,0,na,"[0,",0,0,1,2173.6,+19.1dB,14.7us,"[0,",1,639.9,normal,0,valid,-14.7dB,-14.8dB,na,na,,,,
2025-07-30 13:41:32.740091,PHY,0x4601,2,,na,"[0,",,,11111,,+33.4dB,16.3us,"[0,",1,639.17,normal,0,valid,-11.9dB,-11.9dB,0.15us,+52.4Hz,,"[6,",,1
2025-07-30 13:41:32.741011,PHY,0x4601,1,0,na,"[0,",0,0,1,1866.0,+18.5dB,15.1us,"[0,",1,639.18,normal,0,valid,-14.7dB,-14.7dB,na,na,,,,
2025-07-30 13:41:32.741475,PHY,0x4601,1,0,na,"[0,",0,0,1,2024.1,+18.8dB,13.4us,"[0,",1,639.19,normal,0,valid,-14.7dB,-14.7dB,na,na,,,,
2025-07-30 13:41:32.745614,CSI,0x4601,2,,na,"[0,",,,1,,+32.0dB,15.1us,"[0,",1,640.8,normal,0,valid,-11.7dB,-11.7dB,0.16us,-15.1Hz,,"[6,",1111,1
2025-07-30 13:41:32.746448,PHY,0x4601,1,0,na,"[0,",0,0,1,2916.7,+20.4dB,19.7us,"[0,",1,640.9,normal,0,valid,-14.7dB,-14.7dB,na,na,,,,
2025-07-30 13:41:32.750137,PHY,0x4601,2,,na,"[0,",,,11111,,+30.2dB,17.6us,"[0,",1,640.17,normal,0,valid,-11.7dB,-11.7dB,0.16us,-26.4Hz,,"[6,",,1
2025-07-30 13:41:32.751037,PHY,0x4601,1,0,na,"[0,",0,0,1,2829.7,+20.3dB,15.7us,"[0,",1,640.18,normal,0,valid,-14.6dB,-14.6dB,na,na,,,,
2025-07-30 13:41:32.751512,PHY,0x4601,1,0,na,"[0,",0,0,1,2906.0,+20.4dB,13.8us,"[0,",1,640.19,normal,0,valid,-14.7dB,-14.7dB,na,na,,,,
2025-07-30 13:41:32.756006,PHY,0x4601,1,0,na,"[0,",0,0,1,1965.4,+18.7dB,15.8us,"[0,",1,641.8,normal,0,valid,-14.7dB,-14.7dB,na,na,,,,
2025-07-30 13:41:32.756487,PHY,0x4601,1,0,na,"[0,",0,0,1,2007.9,+18.8dB,25.0us,"[0,",1,641.9,normal,0,valid,-14.6dB,-14.7dB,na,na,,,,
2025-07-30 13:41:32.760020,PHY,0x4601,2,,na,"[0,",,,11111,,+30.0dB,14.3us,"[0,",1,641.17,normal,0,valid,-11.9dB,-11.9dB,0.15us,-16.3Hz,,"[6,",,1
2025-07-30 13:41:32.760964,PHY,0x4601,1,0,na,"[0,",0,0,1,2022.0,+18.8dB,15.7us,"[0,",1,641.18,normal,0,valid,-14.7dB,-14.7dB,na,na,,,,
2025-07-30 13:41:32.761435,PHY,0x4601,1,0,na,"[0,",0,0,1,1995.5,+18.8dB,13.3us,"[0,",1,641.19,normal,0,valid,-14.7dB,-14.7dB,na,na,,,,
2025-07-30 13:41:32.765597,CSI,0x4601,2,,na,"[0,",,,1,,+36.1dB,14.3us,"[0,",1,642.8,normal,0,valid,-11.7dB,-11.7dB,0.17us,-33.4Hz,,"[6,",1111,1
2025-07-30 13:41:32.766511,PHY,0x4601,1,0,na,"[0,",0,0,1,2101.3,+19.0dB,16.1us,"[0,",1,642.9,normal,0,valid,-14.7dB,-14.7dB,na,na,,,,
2025-07-30 13:41:32.770080,PHY,0x4601,2,,na,"[0,",,,11111,,+29.5dB,15.9us,"[0,",1,642.17,normal,0,valid,-11.9dB,-11.9dB,0.15us,+18.3Hz,,"[6,",,1
2025-07-30 13:41:32.771000,PHY,0x4601,1,0,na,"[0,",0,0,1,2765.4,+20.2dB,19.4us,"[0,",1,642.18,normal,0,valid,-14.7dB,-14.7dB,na,na,,,,
2025-07-30 13:41:32.771476,PHY,0x4601,1,0,na,"[0,",0,0,1,2889.4,+20.3dB,15.7us,"[0,",1,642.19,normal,0,valid,-14.7dB,-14.7dB,na,na,,,,
2025-07-30 13:41:32.775968,PHY,0x4601,1,0,na,"[0,",0,0,1,2053.5,+18.9dB,17.3us,"[0,",1,643.8,normal,0,valid,-14.6dB,-14.7dB,na,na,,,,
2025-07-30 13:41:32.776551,PHY,0x4601,1,0,na,"[0,",0,0,1,2116.0,+19.0dB,15.9us,"[0,",1,643.9,normal,0,valid,-14.7dB,-14.7dB,na,na,,,,
2025-07-30 13:41:32.780105,PHY,0x4601,2,,na,"[0,",,,11111,,+33.5dB,18.2us,"[0,",1,643.17,normal,0,valid,-11.8dB,-11.9dB,0.13us,-43.3Hz,,"[6,",,1
2025-07-30 13:41:32.781033,PHY,0x4601,1,0,na,"[0,",0,0,1,1907.9,+18.5dB,15.9us,"[0,",1,643.18,normal,0,valid,-14.7dB,-14.7dB,na,na,,,,
2025-07-30 13:41:32.781510,PHY,0x4601,1,0,na,"[0,",0,0,1,2047.7,+18.8dB,14.7us,"[0,",1,643.19,normal,0,valid,-14.7dB,-14.8dB,na,na,,,,
2025-07-30 13:41:32.785610,CSI,0x4601,2,,na,"[0,",,,1,,+32.9dB,16.1us,"[0,",1,644.8,normal,0,valid,-11.7dB,-11.8dB,0.18us,-120.4Hz,,"[6,",1111,1
2025-07-30 13:41:32.786461,PHY,0x4601,1,0,na,"[0,",0,0,1,2070.1,+18.9dB,16.0us,"[0,",1,644.9,normal,0,valid,-14.7dB,-14.7dB,na,na,,,,
2025-07-30 13:41:32.790119,PHY,0x4601,2,,na,"[0,",,,11111,,+31.6dB,14.0us,"[0,",1,644.17,normal,0,valid,-11.9dB,-12.0dB,0.16us,+30.9Hz,,"[6,",,1
2025-07-30 13:41:32.790958,PHY,0x4601,1,0,na,"[0,",0,0,1,2975.5,+20.5dB,21.2us,"[0,",1,644.18,normal,0,valid,-14.6dB,-14.7dB,na,na,,,,
2025-07-30 13:41:32.791542,PHY,0x4601,1,0,na,"[0,",0,0,1,2894.0,+20.4dB,14.3us,"[0,",1,644.19,normal,0,valid,-14.7dB,-14.7dB,na,na,,,,
2025-07-30 13:41:32.796017,PHY,0x4601,1,0,na,"[0,",0,0,1,1972.8,+18.7dB,16.7us,"[0,",1,645.8,normal,0,valid,-14.7dB,-14.7dB,na,na,,,,
2025-07-30 13:41:32.796504,PHY,0x4601,1,0,na,"[0,",0,0,1,1862.9,+18.5dB,14.4us,"[0,",1,645.9,normal,0,valid,-14.7dB,-14.7dB,na,na,,,,
2025-07-30 13:41:32.800077,PHY,0x4601,2,,na,"[0,",,,11111,,+28.7dB,13.9us,"[0,",1,645.17,normal,0,valid,-12.0dB,-12.0dB,0.13us,-83.2Hz,,"[6,",,1
2025-07-30 13:41:32.800988,PHY,0x4601,1,0,na,"[0,",0,0,1,2872.4,+20.3dB,16.1us,"[0,",1,645.18,normal,0,valid,-14.7dB,-14.7dB,na,na,,,,
2025-07-30 13:41:32.801460,PHY,0x4601,1,0,na,"[0,",0,0,1,2986.9,+20.5dB,13.5us,"[0,",1,645.19,normal,0,valid,-14.7dB,-14.7dB,na,na,,,,
2025-07-30 13:41:32.805619,CSI,0x4601,2,,na,"[0,",,,1,,+32.0dB,16.3us,"[0,",1,646.8,normal,0,valid,-11.8dB,-11.8dB,0.17us,-17.5Hz,,"[6,",1111,1
2025-07-30 13:41:32.806547,PHY,0x4601,1,0,na,"[0,",0,0,1,2024.4,+18.8dB,17.0us,"[0,",1,646.9,normal,0,valid,-14.7dB,-14.7dB,na,na,,,,
2025-07-30 13:41:32.810116,PHY,0x4601,2,,na,"[0,",,,11111,,+32.0dB,16.4us,"[0,",1,646.17,normal,0,valid,-11.8dB,-11.8dB,0.16us,+87.8Hz,,"[6,",,1
2025-07-30 13:41:32.811014,PHY,0x4601,1,0,na,"[0,",0,0,1,2669.7,+20.0dB,16.7us,"[0,",1,646.18,normal,0,valid,-14.6dB,-14.7dB,na,na,,,,
2025-07-30 13:41:32.811507,PHY,0x4601,1,0,na,"[0,",0,0,1,3041.6,+20.6dB,18.5us,"[0,",1,646.19,normal,0,valid,-14.7dB,-14.7dB,na,na,,,,
2025-07-30 13:41:32.815988,PHY,0x4601,1,0,na,"[0,",0,0,1,1942.3,+18.6dB,16.6us,"[0,",1,647.8,normal,0,valid,-14.7dB,-14.7dB,na,na,,,,
2025-07-30 13:41:32.816449,PHY,0x4601,1,0,na,"[0,",0,0,1,1924.1,+18.6dB,14.5us,"[0,",1,647.9,normal,0,valid,-14.7dB,-14.7dB,na,na,,,,
2025-07-30 13:41:32.820127,PHY,0x4601,2,,na,"[0,",,,11111,,+36.1dB,17.0us,"[0,",1,647.17,normal,0,valid,-11.8dB,-11.8dB,0.14us,+17.0Hz,,"[6,",,1
2025-07-30 13:41:32.820942,PHY,0x4601,1,0,na,"[0,",0,0,1,2873.0,+20.3dB,16.2us,"[0,",1,647.18,normal,0,valid,-14.7dB,-14.7dB,na,na,,,,
2025-07-30 13:41:32.821516,PHY,0x4601,1,0,na,"[0,",0,0,1,3140.3,+20.7dB,14.3us,"[0,",1,647.19,normal,0,valid,-14.7dB,-14.7dB,na,na,,,,
2025-07-30 13:41:32.825649,CSI,0x4601,2,,na,"[0,",,,1,,+31.7dB,11.9us,"[0,",1,648.8,normal,0,valid,-11.8dB,-11.8dB,0.13us,-97.3Hz,,"[6,",1111,1
2025-07-30 13:41:32.826516,PHY,0x4601,1,0,na,"[0,",0,0,1,1865.1,+18.4dB,22.3us,"[0,",1,648.9,normal,0,valid,-14.7dB,-14.7dB,na,na,,,,
2025-07-30 13:41:32.830067,PHY,0x4601,2,,na,"[0,",,,11111,,+32.3dB,15.6us,"[0,",1,648.17,normal,0,valid,-11.9dB,-11.9dB,0.15us,+2.7Hz,,"[6,",,1
2025-07-30 13:41:32.830980,PHY,0x4601,1,0,na,"[0,",0,0,1,1922.9,+18.6dB,20.3us,"[0,",1,648.18,normal,0,valid,-14.7dB,-14.7dB,na,na,,,,
2025-07-30 13:41:32.831460,PHY,0x4601,1,0,na,"[0,",0,0,1,2115.2,+19.0dB,26.2us,"[0,",1,648.19,normal,0,valid,-14.6dB,-14.7dB,na,na,,,,
2025-07-30 13:41:32.836073,PHY,0x4601,1,0,na,"[0,",0,0,1,1976.3,+18.7dB,18.0us,"[0,",1,649.8,normal,0,valid,-14.6dB,-14.7dB,na,na,,,,
2025-07-30 13:41:32.836542,PHY,0x4601,1,0,na,"[0,",0,0,1,1915.5,+18.6dB,14.6us,"[0,",1,649.9,normal,0,valid,-14.7dB,-14.7dB,na,na,,,,
2025-07-30 13:41:32.840059,PHY,0x4601,2,,na,"[0,",,,11111,,+32.3dB,14.1us,"[0,",1,649.17,normal,0,valid,-11.9dB,-11.9dB,0.17us,+46.6Hz,,"[6,",,1
2025-07-30 13:41:32.840998,PHY,0x4601,1,0,na,"[0,",0,0,1,1959.9,+18.7dB,15.3us,"[0,",1,649.18,normal,0,valid,-14.7dB,-14.7dB,na,na,,,,
2025-07-30 13:41:32.841494,PHY,0x4601,1,0,na,"[0,",0,0,1,2002.9,+18.8dB,21.5us,"[0,",1,649.19,normal,0,valid,-14.7dB,-14.7dB,na,na,,,,
2025-07-30 13:41:32.845626,CSI,0x4601,2,,na,"[0,",,,1,,+32.0dB,15.7us,"[0,",1,650.8,normal,0,valid,-11.8dB,-11.8dB,0.17us,-113.3Hz,,"[6,",1111,1
2025-07-30 13:41:32.846451,PHY,0x4601,1,0,na,"[0,",0,0,1,2927.0,+20.4dB,20.2us,"[0,",1,650.9,normal,0,valid,-14.7dB,-14.7dB,na,na,,,,
2025-07-30 13:41:32.850092,PHY,0x4601,2,,na,"[0,",,,11111,,+30.8dB,15.8us,"[0,",1,650.17,normal,0,valid,-12.0dB,-12.0dB,0.16us,-136.9Hz,,"[6,",,1
2025-07-30 13:41:32.851075,PHY,0x4601,1,0,na,"[0,",0,0,1,2990.7,+20.5dB,16.4us,"[0,",1,650.18,normal,0,valid,-14.7dB,-14.7dB,na,na,,,,
2025-07-30 13:41:32.851509,PHY,0x4601,1,0,na,"[0,",0,0,1,2997.0,+20.5dB,14.6us,"[0,",1,650.19,normal,0,valid,-14.7dB,-14.7dB,na,na,,,,
2025-07-30 13:41:32.855994,PHY,0x4601,1,0,na,"[0,",0,0,1,2114.2,+19.0dB,16.3us,"[0,",1,651.8,normal,0,valid,-14.7dB,-14.7dB,na,na,,,,
2025-07-30 13:41:32.856488,PHY,0x4601,1,0,na,"[0,",0,0,1,1985.9,+18.7dB,28.1us,"[0,",1,651.9,normal,0,valid,-14.6dB,-14.7dB,na,na,,,,
2025-07-30 13:41:32.860061,PHY,0x4601,2,,na,"[0,",,,11111,,+30.2dB,14.7us,"[0,",1,651.17,normal,0,valid,-12.0dB,-12.0dB,0.15us,-30.3Hz,,"[6,",,1
2025-07-30 13:41:32.860963,PHY,0x4601,1,0,na,"[0,",0,0,1,1958.0,+18.6dB,15.9us,"[0,",1,651.18,normal,0,valid,-14.7dB,-14.8dB,na,na,,,,
2025-07-30 13:41:32.861579,PHY,0x4601,1,0,na,"[0,",0,0,1,2042.6,+18.8dB,14.1us,"[0,",1,651.19,normal,0,valid,-14.7dB,-14.7dB,na,na,,,,
2025-07-30 13:41:32.865670,CSI,0x4601,2,,na,"[0,",,,1,,+27.4dB,16.1us,"[0,",1,652.8,normal,0,valid,-11.9dB,-11.9dB,0.14us,-68.6Hz,,"[6,",1111,1
2025-07-30 13:41:32.866506,PHY,0x4601,1,0,na,"[0,",0,0,1,2672.9,+20.0dB,19.6us,"[0,",1,652.9,normal,0,valid,-14.7dB,-14.7dB,na,na,,,,
2025-07-30 13:41:32.870056,PHY,0x4601,2,,na,"[0,",,,11111,,+31.9dB,18.0us,"[0,",1,652.17,normal,0,valid,-11.8dB,-11.8dB,0.16us,-80.8Hz,,"[6,",,1
2025-07-30 13:41:32.870989,PHY,0x4601,1,0,na,"[0,",0,0,1,2998.3,+20.5dB,18.3us,"[0,",1,652.18,normal,0,valid,-14.7dB,-14.7dB,na,na,,,,
2025-07-30 13:41:32.871476,PHY,0x4601,1,0,na,"[0,",0,0,1,2880.5,+20.3dB,14.9us,"[0,",1,652.19,normal,0,valid,-14.7dB,-14.7dB,na,na,,,,
2025-07-30 13:41:32.875961,PHY,0x4601,1,0,na,"[0,",0,0,1,2110.2,+19.0dB,16.7us,"[0,",1,653.8,normal,0,valid,-14.6dB,-14.7dB,na,na,,,,
2025-07-30 13:41:32.876585,PHY,0x4601,1,0,na,"[0,",0,0,1,1899.9,+18.5dB,17.2us,"[0,",1,653.9,normal,0,valid,-14.7dB,-14.8dB,na,na,,,,
2025-07-30 13:41:32.880119,PHY,0x4601,2,,na,"[0,",,,11111,,+35.3dB,16.8us,"[0,",1,653.17,normal,0,valid,-11.9dB,-11.9dB,0.16us,-75.7Hz,,"[6,",,1
2025-07-30 13:41:32.881068,PHY,0x4601,1,0,na,"[0,",0,0,1,3282.9,+20.9dB,24.9us,"[0,",1,653.18,normal,0,valid,-14.7dB,-14.7dB,na,na,,,,
2025-07-30 13:41:32.881492,PHY,0x4601,1,0,na,"[0,",0,0,1,3213.3,+20.8dB,16.5us,"[0,",1,653.19,normal,0,valid,-14.7dB,-14.7dB,na,na,,,,
2025-07-30 13:41:32.885634,CSI,0x4601,2,,na,"[0,",,,1,,+30.7dB,12.9us,"[0,",1,654.8,normal,0,valid,-11.7dB,-11.8dB,0.17us,+57.2Hz,,"[6,",1111,1
2025-07-30 13:41:32.886480,PHY,0x4601,1,0,na,"[0,",0,0,1,1897.2,+18.5dB,20.1us,"[0,",1,654.9,normal,0,valid,-14.7dB,-14.7dB,na,na,,,,
2025-07-30 13:41:32.890135,PHY,0x4601,2,,na,"[0,",,,11111,,+33.5dB,17.1us,"[0,",1,654.17,normal,0,valid,-11.9dB,-11.9dB,0.16us,+66.0Hz,,"[6,",,1
2025-07-30 13:41:32.890950,PHY,0x4601,1,0,na,"[0,",0,0,1,2781.3,+20.2dB,16.3us,"[0,",1,654.18,normal,0,valid,-14.7dB,-14.7dB,na,na,,,,
2025-07-30 13:41:32.891570,PHY,0x4601,1,0,na,"[0,",0,0,1,2908.3,+20.4dB,22.8us,"[0,",1,654.19,normal,0,valid,-14.7dB,-14.7dB,na,na,,,,
2025-07-30 13:41:32.896058,PHY,0x4601,1,0,na,"[0,",0,0,1,1940.8,+18.6dB,19.7us,"[0,",1,655.8,normal,0,valid,-14.7dB,-14.7dB,na,na,,,,
2025-07-30 13:41:32.896506,PHY,0x4601,1,0,na,"[0,",0,0,1,2029.5,+18.8dB,14.5us,"[0,",1,655.9,normal,0,valid,-14.7dB,-14.7dB,na,na,,,,
2025-07-30 13:41:32.900034,PHY,0x4601,2,,na,"[0,",,,11111,,+29.2dB,15.0us,"[0,",1,655.17,normal,0,valid,-11.9dB,-11.9dB,0.16us,+36.7Hz,,"[6,",,1
2025-07-30 13:41:32.900974,PHY,0x4601,1,0,na,"[0,",0,0,1,2073.5,+18.9dB,19.4us,"[0,",1,655.18,normal,0,valid,-14.7dB,-14.7dB,na,na,,,,
2025-07-30 13:41:32.901471,PHY,0x4601,1,0,na,"[0,",0,0,1,1934.0,+18.6dB,16.5us,"[0,",1,655.19,normal,0,valid,-14.7dB,-14.7dB,na,na,,,,
2025-07-30 13:41:32.905609,CSI,0x4601,2,,na,"[0,",,,1,,+31.2dB,14.5us,"[0,",1,656.8,normal,0,valid,-11.8dB,-11.8dB,0.15us,-26.6Hz,,"[6,",1111,1
2025-07-30 13:41:32.906564,PHY,0x4601,1,0,na,"[0,",0,0,1,2838.7,+20.3dB,18.0us,"[0,",1,656.9,normal,0,valid,-14.7dB,-14.7dB,na,na,,,,
2025-07-30 13:41:32.910069,PHY,0x4601,2,,na,"[0,",,,11111,,+31.7dB,15.2us,"[0,",1,656.17,normal,0,valid,-12.0dB,-12.0dB,0.17us,+16.5Hz,,"[6,",,1
2025-07-30 13:41:32.911003,PHY,0x4601,1,0,na,"[0,",0,0,1,3089.5,+20.6dB,15.3us,"[0,",1,656.18,normal,0,valid,-14.7dB,-14.7dB,na,na,,,,
2025-07-30 13:41:32.911475,PHY,0x4601,1,0,na,"[0,",0,0,1,2901.4,+20.4dB,15.9us,"[0,",1,656.19,normal,0,valid,-14.6dB,-14.7dB,na,na,,,,
2025-07-30 13:41:32.915975,PHY,0x4601,1,0,na,"[0,",0,0,1,2020.9,+18.8dB,18.5us,"[0,",1,657.8,normal,0,valid,-14.6dB,-14.7dB,na,na,,,,
2025-07-30 13:41:32.916461,PHY,0x4601,1,0,na,"[0,",0,0,1,2065.3,+18.9dB,16.1us,"[0,",1,657.9,normal,0,valid,-14.7dB,-14.8dB,na,na,,,,
2025-07-30 13:41:32.920103,PHY,0x4601,2,,na,"[0,",,,11111,,+29.6dB,17.1us,"[0,",1,657.17,normal,0,valid,-12.0dB,-12.0dB,0.17us,+79.5Hz,,"[6,",,1
2025-07-30 13:41:32.921047,PHY,0x4601,1,0,na,"[0,",0,0,1,2875.0,+20.4dB,21.8us,"[0,",1,657.18,normal,0,valid,-14.7dB,-14.7dB,na,na,,,,
2025-07-30 13:41:32.921559,PHY,0x4601,1,0,na,"[0,",0,0,1,2781.0,+20.2dB,17.9us,"[0,",1,657.19,normal,0,valid,-14.6dB,-14.7dB,na,na,,,,
2025-07-30 13:41:32.925639,CSI,0x4601,2,,na,"[0,",,,1,,+32.8dB,15.3us,"[0,",1,658.8,normal,0,valid,-11.8dB,-11.8dB,0.17us,-72.0Hz,,"[6,",1111,1
2025-07-30 13:41:32.926474,PHY,0x4601,1,0,na,"[0,",0,0,1,2265.6,+19.3dB,15.5us,"[0,",1,658.9,normal,0,valid,-14.7dB,-14.7dB,na,na,,,,
2025-07-30 13:41:32.930026,PHY,0x4601,2,,na,"[0,",,,11111,,+32.5dB,12.2us,"[0,",1,658.17,normal,0,valid,-11.9dB,-11.9dB,0.16us,+65.5Hz,,"[6,",,1
2025-07-30 13:41:32.930966,PHY,0x4601,1,0,na,"[0,",0,0,1,2034.8,+18.8dB,21.1us,"[0,",1,658.18,normal,0,valid,-14.7dB,-14.7dB,na,na,,,,
2025-07-30 13:41:32.931463,PHY,0x4601,1,0,na,"[0,",0,0,1,1782.1,+18.3dB,19.0us,"[0,",1,658.19,normal,0,valid,-14.7dB,-14.7dB,na,na,,,,
2025-07-30 13:41:32.936043,PHY,0x4601,1,0,na,"[0,",0,0,1,2012.5,+18.8dB,19.6us,"[0,",1,659.8,normal,0,valid,-14.7dB,-14.7dB,na,na,,,,
2025-07-30 13:41:32.936524,PHY,0x4601,1,0,na,"[0,",0,0,1,2016.0,+18.8dB,17.8us,"[0,",1,659.9,normal,0,valid,-14.7dB,-14.7dB,na,na,,,,
2025-07-30 13:41:32.940096,PHY,0x4601,2,,na,"[0,",,,11111,,+32.5dB,15.6us,"[0,",1,659.17,normal,0,valid,-11.9dB,-11.9dB,0.16us,+15.0Hz,,"[6,",,1
2025-07-30 13:41:32.940990,PHY,0x4601,1,0,na,"[0,",0,0,1,2545.7,+19.8dB,15.7us,"[0,",1,659.18,normal,0,valid,-14.7dB,-14.7dB,na,na,,,,
2025-07-30 13:41:32.941469,PHY,0x4601,1,0,na,"[0,",0,0,1,2883.9,+20.4dB,15.3us,"[0,",1,659.19,normal,0,valid,-14.6dB,-14.6dB,na,na,,,,
2025-07-30 13:41:32.945631,CSI,0x4601,2,,na,"[0,",,,1,,+31.4dB,23.1us,"[0,",1,660.8,normal,0,valid,-11.8dB,-11.9dB,0.15us,-0.5Hz,,"[6,",1111,1
2025-07-30 13:41:32.946543,PHY,0x4601,1,0,na,"[0,",0,0,1,3032.4,+20.6dB,16.8us,"[0,",1,660.9,normal,0,valid,-14.7dB,-14.7dB,na,na,,,,
2025-07-30 13:41:32.950124,PHY,0x4601,2,,na,"[0,",,,11111,,+31.4dB,18.4us,"[0,",1,660.17,normal,0,valid,-12.0dB,-12.0dB,0.15us,-57.5Hz,,"[6,",,1
2025-07-30 13:41:32.951028,PHY,0x4601,1,0,na,"[0,",0,0,1,2062.4,+18.9dB,15.8us,"[0,",1,660.18,normal,0,valid,-14.7dB,-14.8dB,na,na,,,,
2025-07-30 13:41:32.951557,PHY,0x4601,1,0,na,"[0,",0,0,1,2029.1,+18.9dB,25.0us,"[0,",1,660.19,normal,0,valid,-14.7dB,-14.7dB,na,na,,,,
2025-07-30 13:41:32.955985,PHY,0x4601,1,0,na,"[0,",0,0,1,1905.0,+18.6dB,17.0us,"[0,",1,661.8,normal,0,valid,-14.7dB,-14.7dB,na,na,,,,
2025-07-30 13:41:32.956460,PHY,0x4601,1,0,na,"[0,",0,0,1,2114.8,+19.0dB,16.1us,"[0,",1,661.9,normal,0,valid,-14.7dB,-14.7dB,na,na,,,,
2025-07-30 13:41:32.960138,PHY,0x4601,2,,na,"[0,",,,11111,,+31.8dB,16.8us,"[0,",1,661.17,normal,0,valid,-12.0dB,-12.0dB,0.15us,+52.2Hz,,"[6,",,1
2025-07-30 13:41:32.960949,PHY,0x4601,1,0,na,"[0,",0,0,1,1844.9,+18.4dB,17.7us,"[0,",1,661.18,normal,0,valid,-14.7dB,-14.7dB,na,na,,,,
2025-07-30 13:41:32.961536,PHY,0x4601,1,0,na,"[0,",0,0,1,2046.7,+18.9dB,17.6us,"[0,",1,661.19,normal,0,valid,-14.7dB,-14.7dB,na,na,,,,
2025-07-30 13:41:32.965564,CSI,0x4601,2,,na,"[0,",,,1,,+32.8dB,12.6us,"[0,",1,662.8,normal,0,valid,-11.8dB,-11.9dB,0.16us,-98.2Hz,,"[6,",1111,1
2025-07-30 13:41:32.966510,PHY,0x4601,1,0,na,"[0,",0,0,1,2838.8,+20.3dB,16.8us,"[0,",1,662.9,normal,0,valid,-14.7dB,-14.7dB,na,na,,,,
2025-07-30 13:41:32.970040,PHY,0x4601,2,,na,"[0,",,,11111,,+32.6dB,16.6us,"[0,",1,662.17,normal,0,valid,-11.9dB,-11.9dB,0.17us,+83.9Hz,,"[6,",,1
2025-07-30 13:41:32.970980,PHY,0x4601,1,0,na,"[0,",0,0,1,2034.7,+18.8dB,15.7us,"[0,",1,662.18,normal,0,valid,-14.7dB,-14.7dB,na,na,,,,
2025-07-30 13:41:32.971463,PHY,0x4601,1,0,na,"[0,",0,0,1,1944.3,+18.7dB,17.3us,"[0,",1,662.19,normal,0,valid,-14.7dB,-14.7dB,na,na,,,,
2025-07-30 13:41:32.975947,PHY,0x4601,1,0,na,"[0,",0,0,1,1896.5,+18.5dB,17.1us,"[0,",1,663.8,normal,0,valid,-14.7dB,-14.7dB,na,na,,,,
2025-07-30 13:41:32.976529,PHY,0x4601,1,0,na,"[0,",0,0,1,2057.7,+18.9dB,14.6us,"[0,",1,663.9,normal,0,valid,-14.7dB,-14.7dB,na,na,,,,
2025-07-30 13:41:32.980088,PHY,0x4601,2,,na,"[0,",,,11111,,+29.4dB,14.9us,"[0,",1,663.17,normal,0,valid,-12.0dB,-12.0dB,0.14us,+4.0Hz,,"[6,",,1
2025-07-30 13:41:32.981015,PHY,0x4601,1,0,na,"[0,",0,0,1,2974.1,+20.4dB,15.9us,"[0,",1,663.18,normal,0,valid,-14.7dB,-14.7dB,na,na,,,,
2025-07-30 13:41:32.981499,PHY,0x4601,1,0,na,"[0,",0,0,1,2648.3,+20.0dB,16.3us,"[0,",1,663.19,normal,0,valid,-14.7dB,-14.7dB,na,na,,,,
2025-07-30 13:41:32.985624,CSI,0x4601,2,,na,"[0,",,,1,,+30.4dB,13.1us,"[0,",1,664.8,normal,0,valid,-11.7dB,-11.8dB,0.18us,+43.0Hz,,"[6,",1111,1
2025-07-30 13:41:32.986452,PHY,0x4601,1,0,na,"[0,",0,0,1,2986.9,+20.5dB,16.0us,"[0,",1,664.9,normal,0,valid,-14.7dB,-14.7dB,na,na,,,,
2025-07-30 13:41:32.990134,PHY,0x4601,2,,na,"[0,",,,11111,,+32.4dB,15.3us,"[0,",1,664.17,normal,0,valid,-12.0dB,-12.0dB,0.15us,+132.0Hz,,"[6,",,1
2025-07-30 13:41:32.990946,PHY,0x4601,1,0,na,"[0,",0,0,1,2170.4,+19.1dB,15.7us,"[0,",1,664.18,normal,0,valid,-14.7dB,-14.8dB,na,na,,,,
2025-07-30 13:41:32.991518,PHY,0x4601,1,0,na,"[0,",0,0,1,2060.3,+18.9dB,14.7us,"[0,",1,664.19,normal,0,valid,-14.7dB,-14.7dB,na,na,,,,
2025-07-30 13:41:32.996020,PHY,0x4601,1,0,na,"[0,",0,0,1,1981.0,+18.7dB,16.9us,"[0,",1,665.8,normal,0,valid,-14.7dB,-14.7dB,na,na,,,,
2025-07-30 13:41:32.996500,PHY,0x4601,1,0,na,"[0,",0,0,1,1900.3,+18.5dB,16.5us,"[0,",1,665.9,normal,0,valid,-14.7dB,-14.7dB,na,na,,,,
2025-07-30 13:41:33.000038,PHY,0x4601,2,,na,"[0,",,,11111,,+31.0dB,16.9us,"[0,",1,665.17,normal,0,valid,-11.9dB,-11.9dB,0.14us,-25.5Hz,,"[6,",,1
2025-07-30 13:41:33.000974,PHY,0x4601,1,0,na,"[0,",0,0,1,2989.0,+20.5dB,17.6us,"[0,",1,665.18,normal,0,valid,-14.7dB,-14.7dB,na,na,,,,
2025-07-30 13:41:33.001455,PHY,0x4601,1,0,na,"[0,",0,0,1,3008.8,+20.5dB,19.0us,"[0,",1,665.19,normal,0,valid,-14.7dB,-14.7dB,na,na,,,,
2025-07-30 13:41:33.005610,CSI,0x4601,2,,na,"[0,",,,1,,+30.3dB,15.1us,"[0,",1,666.8,normal,0,valid,-11.8dB,-11.8dB,0.17us,-151.5Hz,,"[6,",1111,1
2025-07-30 13:41:33.006523,PHY,0x4601,1,0,na,"[0,",0,0,1,2073.2,+18.9dB,18.1us,"[0,",1,666.9,normal,0,valid,-14.7dB,-14.7dB,na,na,,,,
2025-07-30 13:41:33.010081,PHY,0x4601,2,,na,"[0,",,,11111,,+31.7dB,16.4us,"[0,",1,666.17,normal,0,valid,-11.8dB,-11.9dB,0.17us,+107.4Hz,,"[6,",,1
2025-07-30 13:41:33.011003,PHY,0x4601,1,0,na,"[0,",0,0,1,1944.5,+18.6dB,17.6us,"[0,",1,666.18,normal,0,valid,-14.7dB,-14.8dB,na,na,,,,
2025-07-30 13:41:33.011476,PHY,0x4601,1,0,na,"[0,",0,0,1,2012.1,+18.8dB,15.6us,"[0,",1,666.19,normal,0,valid,-14.7dB,-14.7dB,na,na,,,,
2025-07-30 13:41:33.015975,PHY,0x4601,1,0,na,"[0,",0,0,1,2135.7,+19.0dB,20.5us,"[0,",1,667.8,normal,0,valid,-14.6dB,-14.7dB,na,na,,,,
2025-07-30 13:41:33.016446,PHY,0x4601,1,0,na,"[0,",0,0,1,1896.3,+18.5dB,18.7us,"[0,",1,667.9,normal,0,valid,-14.7dB,-14.8dB,na,na,,,,
2025-07-30 13:41:33.020094,PHY,0x4601,2,,na,"[0,",,,11111,,+33.8dB,15.4us,"[0,",1,667.17,normal,0,valid,-11.8dB,-11.8dB,0.15us,+11.7Hz,,"[6,",,1
2025-07-30 13:41:33.021038,PHY,0x4601,1,0,na,"[0,",0,0,1,1951.2,+18.7dB,25.7us,"[0,",1,667.18,normal,0,valid,-14.7dB,-14.7dB,na,na,,,,
2025-07-30 13:41:33.021509,PHY,0x4601,1,0,na,"[0,",0,0,1,1908.7,+18.6dB,15.1us,"[0,",1,667.19,normal,0,valid,-14.6dB,-14.7dB,na,na,,,,
2025-07-30 13:41:33.025598,CSI,0x4601,2,,na,"[0,",,,1,,+33.2dB,14.4us,"[0,",1,668.8,normal,0,valid,-11.8dB,-11.8dB,0.15us,-82.6Hz,,"[6,",1111,1
2025-07-30 13:41:33.026479,PHY,0x4601,1,0,na,"[0,",0,0,1,2122.0,+19.0dB,15.4us,"[0,",1,668.9,normal,0,valid,-14.7dB,-14.7dB,na,na,,,,
2025-07-30 13:41:33.030011,PHY,0x4601,2,,na,"[0,",,,11111,,+31.9dB,15.4us,"[0,",1,668.17,normal,0,valid,-11.9dB,-11.9dB,0.13us,-106.6Hz,,"[6,",,1
2025-07-30 13:41:33.031002,PHY,0x4601,1,0,na,"[0,",0,0,1,2846.6,+20.3dB,18.0us,"[0,",1,668.18,normal,0,valid,-14.7dB,-14.7dB,na,na,,,,
2025-07-30 13:41:33.031535,PHY,0x4601,1,0,na,"[0,",0,0,1,2970.3,+20.5dB,16.0us,"[0,",1,668.19,normal,0,valid,-14.7dB,-14.7dB,na,na,,,,
2025-07-30 13:41:33.036028,PHY,0x4601,1,0,na,"[0,",0,0,1,1880.6,+18.5dB,18.7us,"[0,",1,669.8,normal,0,valid,-14.7dB,-14.8dB,na,na,,,,
2025-07-30 13:41:33.036523,PHY,0x4601,1,0,na,"[0,",0,0,1,1802.8,+18.3dB,16.6us,"[0,",1,669.9,normal,0,valid,-14.7dB,-14.7dB,na,na,,,,
2025-07-30 13:41:33.040073,PHY,0x4601,2,,na,"[0,",,,11111,,+32.0dB,15.8us,"[0,",1,669.17,normal,0,valid,-11.8dB,-11.8dB,0.15us,+7.1Hz,,"[6,",,1
2025-07-30 13:41:33.040988,PHY,0x4601,1,0,na,"[0,",0,0,1,1981.7,+18.7dB,15.9us,"[0,",1,669.18,normal,0,valid,-14.7dB,-14.7dB,na,na,,,,
2025-07-30 13:41:33.041463,PHY,0x4601,1,0,na,"[0,",0,0,1,1986.0,+18.7dB,15.3us,"[0,",1,669.19,normal,0,valid,-14.7dB,-14.7dB,na,na,,,,
2025-07-30 13:41:33.045595,CSI,0x4601,2,,na,"[0,",,,1,,+30.4dB,12.9us,"[0,",1,670.8,normal,0,valid,-11.8dB,-11.8dB,0.16us,-131.6Hz,,"[6,",1111,1
2025-07-30 13:41:33.046527,PHY,0x4601,1,0,na,"[0,",0,0,1,2853.5,+20.3dB,17.3us,"[0,",1,670.9,normal,0,valid,-14.7dB,-14.7dB,na,na,,,,
2025-07-30 13:41:33.050082,PHY,0x4601,2,,na,"[0,",,,11111,,+30.8dB,13.8us,"[0,",1,670.17,normal,0,valid,-12.0dB,-12.0dB,0.15us,+102.1Hz,,"[6,",,1
2025-07-30 13:41:33.051017,PHY,0x4601,1,0,na,"[0,",0,0,1,1944.3,+18.6dB,18.3us,"[0,",1,670.18,normal,0,valid,-14.7dB,-14.7dB,na,na,,,,
2025-07-30 13:41:33.051490,PHY,0x4601,1,0,na,"[0,",0,0,1,1914.0,+18.6dB,15.6us,"[0,",1,670.19,normal,0,valid,-14.7dB,-14.7dB,na,na,,,,
2025-07-30 13:41:33.055991,PHY,0x4601,1,0,na,"[0,",0,0,1,1886.8,+18.5dB,17.6us,"[0,",1,671.8,normal,0,valid,-14.6dB,-14.7dB,na,na,,,,
2025-07-30 13:41:33.056462,PHY,0x4601,1,0,na,"[0,",0,0,1,2035.7,+18.8dB,16.7us,"[0,",1,671.9,normal,0,valid,-14.7dB,-14.7dB,na,na,,,,
2025-07-30 13:41:33.060137,PHY,0x4601,2,,na,"[0,",,,11111,,+31.2dB,15.9us,"[0,",1,671.17,normal,0,valid,-11.9dB,-11.9dB,0.16us,-24.0Hz,,"[6,",,1
2025-07-30 13:41:33.060942,PHY,0x4601,1,0,na,"[0,",0,0,1,3049.7,+20.6dB,16.9us,"[0,",1,671.18,normal,0,valid,-14.7dB,-14.7dB,na,na,,,,
2025-07-30 13:41:33.061522,PHY,0x4601,1,0,na,"[0,",0,0,1,2755.6,+20.2dB,14.7us,"[0,",1,671.19,normal,0,valid,-14.6dB,-14.6dB,na,na,,,,
2025-07-30 13:41:33.065661,CSI,0x4601,2,,na,"[0,",,,1,,+33.2dB,12.8us,"[0,",1,672.8,normal,0,valid,-11.9dB,-11.9dB,0.13us,-70.1Hz,,"[6,",1111,1
2025-07-30 13:41:33.066492,PHY,0x4601,1,0,na,"[0,",0,0,1,4925.8,+22.6dB,20.0us,"[0,",1,672.9,normal,0,valid,-14.7dB,-14.7dB,na,na,,,,
2025-07-30 13:41:33.070056,PHY,0x4601,2,,na,"[0,",,,11111,,+31.4dB,13.6us,"[0,",1,672.17,normal,0,valid,-11.8dB,-11.9dB,0.09us,+8.6Hz,,"[6,",,1
2025-07-30 13:41:33.070981,PHY,0x4601,1,0,na,"[0,",0,0,1,2847.4,+20.3dB,16.0us,"[0,",1,672.18,normal,0,valid,-14.7dB,-14.7dB,na,na,,,,
2025-07-30 13:41:33.071449,PHY,0x4601,1,0,na,"[0,",0,0,1,2589.6,+19.9dB,14.3us,"[0,",1,672.19,normal,0,valid,-14.7dB,-14.7dB,na,na,,,,
2025-07-30 13:41:33.075939,PHY,0x4601,1,0,na,"[0,",0,0,1,4769.2,+22.5dB,16.9us,"[0,",1,673.8,normal,0,valid,-14.7dB,-14.7dB,na,na,,,,
2025-07-30 13:41:33.076536,PHY,0x4601,1,0,na,"[0,",0,0,1,4791.0,+22.6dB,15.8us,"[0,",1,673.9,normal,0,valid,-14.7dB,-14.7dB,na,na,,,,
2025-07-30 13:41:33.080068,PHY,0x4601,2,,na,"[0,",,,11111,,+32.5dB,15.8us,"[0,",1,673.17,normal,0,valid,-11.8dB,-11.9dB,0.09us,+43.7Hz,,"[6,",,1
2025-07-30 13:41:33.081009,PHY,0x4601,1,0,na,"[0,",0,0,1,3274.4,+20.9dB,16.2us,"[0,",1,673.18,normal,0,valid,-14.7dB,-14.7dB,na,na,,,,
2025-07-30 13:41:33.081480,PHY,0x4601,1,0,na,"[0,",0,0,1,2847.1,+20.3dB,13.9us,"[0,",1,673.19,normal,0,valid,-14.7dB,-14.7dB,na,na,,,,
2025-07-30 13:41:33.085605,CSI,0x4601,2,,na,"[0,",,,1,,+33.0dB,12.0us,"[0,",1,674.8,normal,0,valid,-11.8dB,-11.8dB,0.11us,-115.7Hz,,"[6,",1111,1
2025-07-30 13:41:33.086454,PHY,0x4601,1,0,na,"[0,",0,0,1,4446.9,+22.2dB,16.7us,"[0,",1,674.9,normal,0,valid,-14.7dB,-14.7dB,na,na,,,,
2025-07-30 13:41:33.090100,PHY,0x4601,2,,na,"[0,",,,11111,,+31.3dB,16.6us,"[0,",1,674.17,normal,0,valid,-11.8dB,-11.8dB,0.09us,+15.7Hz,,"[6,",,1
2025-07-30 13:41:33.091063,PHY,0x4601,1,0,na,"[0,",0,0,1,2764.8,+20.2dB,15.8us,"[0,",1,674.18,normal,0,valid,-14.7dB,-14.7dB,na,na,,,,
2025-07-30 13:41:33.091512,PHY,0x4601,1,0,na,"[0,",0,0,1,2672.6,+20.0dB,18.4us,"[0,",1,674.19,normal,0,valid,-14.7dB,-14.7dB,na,na,,,,
2025-07-30 13:41:33.096003,PHY,0x4601,1,0,na,"[0,",0,0,1,4689.2,+22.4dB,18.8us,"[0,",1,675.8,normal,0,valid,-14.7dB,-14.7dB,na,na,,,,
2025-07-30 13:41:33.096505,PHY,0x4601,1,0,na,"[0,",0,0,1,4857.2,+22.6dB,19.8us,"[0,",1,675.9,normal,0,valid,-14.7dB,-14.7dB,na,na,,,,
2025-07-30 13:41:33.100055,PHY,0x4601,2,,na,"[0,",,,11111,,+30.0dB,22.4us,"[0,",1,675.17,normal,0,valid,-12.0dB,-12.0dB,0.10us,-31.1Hz,,"[6,",,1
2025-07-30 13:41:33.100967,PHY,0x4601,1,0,na,"[0,",0,0,1,2723.6,+20.1dB,16.0us,"[0,",1,675.18,normal,0,valid,-14.7dB,-14.7dB,na,na,,,,
2025-07-30 13:41:33.101448,PHY,0x4601,1,0,na,"[0,",0,0,1,2973.7,+20.5dB,18.3us,"[0,",1,675.19,normal,0,valid,-14.6dB,-14.7dB,na,na,,,,
2025-07-30 13:41:33.105573,CSI,0x4601,2,,na,"[0,",,,1,,+30.4dB,16.7us,"[0,",1,676.8,normal,0,valid,-11.8dB,-11.8dB,0.09us,-5.7Hz,,"[6,",1111,1
2025-07-30 13:41:33.106503,PHY,0x4601,1,0,na,"[0,",0,0,1,4766.5,+22.5dB,17.4us,"[0,",1,676.9,normal,0,valid,-14.6dB,-14.7dB,na,na,,,,
2025-07-30 13:41:33.110059,PHY,0x4601,2,,na,"[0,",,,11111,,+32.3dB,16.2us,"[0,",1,676.17,normal,0,valid,-11.9dB,-11.9dB,0.10us,+29.7Hz,,"[6,",,1
2025-07-30 13:41:33.111002,PHY,0x4601,1,0,na,"[0,",0,0,1,4931.1,+22.6dB,17.7us,"[0,",1,676.18,normal,0,valid,-14.6dB,-14.7dB,na,na,,,,
2025-07-30 13:41:33.111484,PHY,0x4601,1,0,na,"[0,",0,0,1,5044.5,+22.8dB,18.2us,"[0,",1,676.19,normal,0,valid,-14.7dB,-14.7dB,na,na,,,,
2025-07-30 13:41:33.115963,PHY,0x4601,1,0,na,"[0,",0,0,1,4069.7,+21.9dB,16.2us,"[0,",1,677.8,normal,0,valid,-14.7dB,-14.6dB,na,na,,,,
2025-07-30 13:41:33.116579,PHY,0x4601,1,0,na,"[0,",0,0,1,4394.1,+22.2dB,16.2us,"[0,",1,677.9,normal,0,valid,-14.6dB,-14.7dB,na,na,,,,
2025-07-30 13:41:33.120126,PHY,0x4601,2,,na,"[0,",,,11111,,+34.3dB,14.3us,"[0,",1,677.17,normal,0,valid,-11.9dB,-11.9dB,0.09us,+36.5Hz,,"[6,",,1
2025-07-30 13:41:33.121067,PHY,0x4601,1,0,na,"[0,",0,0,1,4483.9,+22.2dB,16.8us,"[0,",1,677.18,normal,0,valid,-14.7dB,-14.7dB,na,na,,,,
2025-07-30 13:41:33.121499,PHY,0x4601,1,0,na,"[0,",0,0,1,4260.6,+22.0dB,15.6us,"[0,",1,677.19,normal,0,valid,-14.6dB,-14.6dB,na,na,,,,
2025-07-30 13:41:33.125645,CSI,0x4601,2,,na,"[0,",,,1,,+30.2dB,15.0us,"[0,",1,678.8,normal,0,valid,-11.8dB,-11.9dB,0.35us,-66.7Hz,,"[6,",1111,1
2025-07-30 13:41:33.126475,PHY,0x4601,1,0,na,"[0,",0,0,1,365.9,+11.4dB,15.5us,"[0,",1,678.9,normal,0,valid,-14.7dB,-15.0dB,na,na,,,,
2025-07-30 13:41:33.130133,PHY,0x4601,2,,na,"[0,",,,11111,,+31.0dB,14.2us,"[0,",1,678.17,normal,0,valid,-11.9dB,-12.0dB,0.36us,+59.2Hz,,"[6,",,1
2025-07-30 13:41:33.130959,PHY,0x4601,1,0,na,"[0,",0,0,1,374.8,+11.5dB,16.3us,"[0,",1,678.18,normal,0,valid,-14.7dB,-15.0dB,na,na,,,,
2025-07-30 13:41:33.131575,PHY,0x4601,1,0,na,"[0,",0,0,1,373.4,+11.5dB,15.6us,"[0,",1,678.19,normal,0,valid,-14.7dB,-15.0dB,na,na,,,,
2025-07-30 13:41:33.136066,PHY,0x4601,1,0,na,"[0,",0,0,1,445.2,+12.2dB,17.3us,"[0,",1,679.8,normal,0,valid,-14.7dB,-14.9dB,na,na,,,,
2025-07-30 13:41:33.136512,PHY,0x4601,1,0,na,"[0,",0,0,1,441.7,+12.2dB,20.2us,"[0,",1,679.9,normal,0,valid,-14.7dB,-14.9dB,na,na,,,,
2025-07-30 13:41:33.140037,PHY,0x4601,2,,na,"[0,",,,11111,,+28.5dB,17.4us,"[0,",1,679.17,normal,0,valid,-11.8dB,-11.9dB,0.34us,+6.8Hz,,"[6,",,1
2025-07-30 13:41:33.140992,PHY,0x4601,1,0,na,"[0,",0,0,1,376.7,+11.5dB,19.4us,"[0,",1,679.18,normal,0,valid,-14.7dB,-15.0dB,na,na,,,,
2025-07-30 13:41:33.141466,PHY,0x4601,1,0,na,"[0,",0,0,1,377.7,+11.5dB,17.2us,"[0,",1,679.19,normal,0,valid,-14.7dB,-15.0dB,na,na,,,,
2025-07-30 13:41:33.145602,CSI,0x4601,2,,na,"[0,",,,1,,+31.1dB,16.1us,"[0,",1,680.8,normal,0,valid,-11.9dB,-12.0dB,0.35us,-11.0Hz,,"[6,",1111,1
2025-07-30 13:41:33.146556,PHY,0x4601,1,0,na,"[0,",0,0,1,437.3,+12.2dB,16.9us,"[0,",1,680.9,normal,0,valid,-14.7dB,-14.9dB,na,na,,,,
2025-07-30 13:41:33.150111,PHY,0x4601,2,,na,"[0,",,,11111,,+28.6dB,15.5us,"[0,",1,680.17,normal,0,valid,-11.8dB,-11.9dB,0.35us,+51.0Hz,,"[6,",,1
2025-07-30 13:41:33.151063,PHY,0x4601,1,0,na,"[0,",0,0,1,380.5,+11.5dB,22.7us,"[0,",1,680.18,normal,0,valid,-14.7dB,-14.9dB,na,na,,,,
2025-07-30 13:41:33.151501,PHY,0x4601,1,0,na,"[0,",0,0,1,364.2,+11.3dB,15.4us,"[0,",1,680.19,normal,0,valid,-14.7dB,-15.0dB,na,na,,,,
2025-07-30 13:41:33.155998,PHY,0x4601,1,0,na,"[0,",0,0,1,451.5,+12.3dB,20.1us,"[0,",1,681.8,normal,0,valid,-14.6dB,-14.9dB,na,na,,,,
2025-07-30 13:41:33.156458,PHY,0x4601,1,0,na,"[0,",0,0,1,446.7,+12.2dB,15.5us,"[0,",1,681.9,normal,0,valid,-14.7dB,-14.9dB,na,na,,,,
2025-07-30 13:41:33.160136,PHY,0x4601,2,,na,"[0,",,,11111,,+31.6dB,15.5us,"[0,",1,681.17,normal,0,valid,-11.8dB,-12.0dB,0.36us,-23.2Hz,,"[6,",,1
2025-07-30 13:41:33.160973,PHY,0x4601,1,0,na,"[0,",0,0,1,394.6,+11.7dB,22.6us,"[0,",1,681.18,normal,0,valid,-14.7dB,-15.0dB,na,na,,,,
2025-07-30 13:41:33.161567,PHY,0x4601,1,0,na,"[0,",0,0,1,367.3,+11.4dB,22.1us,"[0,",1,681.19,normal,0,valid,-14.7dB,-15.0dB,na,na,,,,
2025-07-30 13:41:33.165661,CSI,0x4601,2,,na,"[0,",,,1,,+31.2dB,31.2us,"[0,",1,682.8,normal,0,valid,-11.9dB,-12.0dB,0.36us,-52.3Hz,,"[6,",1111,1
2025-07-30 13:41:33.166480,PHY,0x4601,1,0,na,"[0,",0,0,1,369.5,+11.4dB,23.3us,"[0,",1,682.9,normal,0,valid,-14.7dB,-14.9dB,na,na,,,,
2025-07-30 13:41:33.170024,PHY,0x4601,2,,na,"[0,",,,11111,,+29.3dB,13.5us,"[0,",1,682.17,normal,0,valid,-11.8dB,-11.9dB,0.35us,-43.7Hz,,"[6,",,1
2025-07-30 13:41:33.170976,PHY,0x4601,1,0,na,"[0,",0,0,1,430.4,+12.1dB,23.3us,"[0,",1,682.18,normal,0,valid,-14.6dB,-14.9dB,na,na,,,,
2025-07-30 13:41:33.171464,PHY,0x4601,1,0,na,"[0,",0,0,1,440.5,+12.2dB,22.5us,"[0,",1,682.19,normal,0,valid,-14.7dB,-14.9dB,na,na,,,,
2025-07-30 13:41:33.176050,PHY,0x4601,1,0,na,"[0,",0,0,1,444.0,+12.2dB,28.3us,"[0,",1,683.8,normal,0,valid,-14.7dB,-14.9dB,na,na,,,,
2025-07-30 13:41:33.176530,PHY,0x4601,1,0,na,"[0,",0,0,1,436.6,+12.1dB,19.6us,"[0,",1,683.9,normal,0,valid,-14.7dB,-15.0dB,na,na,,,,
2025-07-30 13:41:33.180090,PHY,0x4601,2,,na,"[0,",,,11111,,+31.5dB,14.9us,"[0,",1,683.17,normal,0,valid,-11.9dB,-12.0dB,0.33us,-44.5Hz,,"[6,",,1
2025-07-30 13:41:33.181044,PHY,0x4601,1,0,na,"[0,",0,0,1,379.2,+11.6dB,18.7us,"[0,",1,683.18,normal,0,valid,-14.7dB,-14.9dB,na,na,,,,
2025-07-30 13:41:33.181474,PHY,0x4601,1,0,na,"[0,",0,0,1,370.1,+11.5dB,14.5us,"[0,",1,683.19,normal,0,valid,-14.6dB,-14.9dB,na,na,,,,
2025-07-30 13:41:33.185632,CSI,0x4601,2,,na,"[0,",,,1,,+31.2dB,12.8us,"[0,",1,684.8,normal,0,valid,-11.8dB,-11.9dB,0.36us,-106.9Hz,,"[6,",1111,1
2025-07-30 13:41:33.186456,PHY,0x4601,1,0,na,"[0,",0,0,1,460.9,+12.4dB,24.1us,"[0,",1,684.9,normal,0,valid,-14.7dB,-14.9dB,na,na,,,,
2025-07-30 13:41:33.190119,PHY,0x4601,2,,na,"[0,",,,11111,,+32.4dB,17.2us,"[0,",1,684.17,normal,0,valid,-11.9dB,-12.0dB,0.34us,-71.2Hz,,"[6,",,1
2025-07-30 13:41:33.191045,PHY,0x4601,1,0,na,"[0,",0,0,1,376.3,+11.5dB,23.1us,"[0,",1,684.18,normal,0,valid,-14.7dB,-15.0dB,na,na,,,,
2025-07-30 13:41:33.191507,PHY,0x4601,1,0,na,"[0,",0,0,1,384.7,+11.6dB,14.3us,"[0,",1,684.19,normal,0,valid,-14.7dB,-14.9dB,na,na,,,,
2025-07-30 13:41:33.196003,PHY,0x4601,1,0,na,"[0,",0,0,1,456.2,+12.3dB,21.6us,"[0,",1,685.8,normal,0,valid,-14.6dB,-14.9dB,na,na,,,,
2025-07-30 13:41:33.196499,PHY,0x4601,1,0,na,"[0,",0,0,1,454.4,+12.3dB,39.3us,"[0,",1,685.9,normal,0,valid,-14.6dB,-14.9dB,na,na,,,,
2025-07-30 13:41:33.200020,PHY,0x4601,2,,na,"[0,",,,11111,,+30.0dB,21.6us,"[0,",1,685.17,normal,0,valid,-11.9dB,-12.0dB,0.35us,+31.0Hz,,"[6,",,1
2025-07-30 13:41:33.200960,PHY,0x4601,1,0,na,"[0,",0,0,1,378.9,+11.5dB,16.2us,"[0,",1,685.18,normal,0,valid,-14.7dB,-15.0dB,na,na,,,,
2025-07-30 13:41:33.201535,PHY,0x4601,1,0,na,"[0,",0,0,1,368.2,+11.4dB,14.8us,"[0,",1,685.19,normal,0,valid,-14.7dB,-14.9dB,na,na,,,,
2025-07-30 13:41:33.205570,CSI,0x4601,2,,na,"[0,",,,1,,+33.2dB,14.8us,"[0,",1,686.8,normal,0,valid,-11.8dB,-11.9dB,0.36us,+25.3Hz,,"[6,",1111,1
2025-07-30 13:41:33.206507,PHY,0x4601,1,0,na,"[0,",0,0,1,447.4,+12.2dB,22.6us,"[0,",1,686.9,normal,0,valid,-14.7dB,-14.9dB,na,na,,,,
2025-07-30 13:41:33.210043,PHY,0x4601,2,,na,"[0,",,,11111,,+30.2dB,13.6us,"[0,",1,686.17,normal,0,valid,-11.9dB,-12.1dB,0.37us,+171.8Hz,,"[6,",,1
2025-07-30 13:41:33.210988,PHY,0x4601,1,0,na,"[0,",0,0,1,437.4,+12.1dB,20.6us,"[0,",1,686.18,normal,0,valid,-14.7dB,-14.9dB,na,na,,,,
2025-07-30 13:41:33.211462,PHY,0x4601,1,0,na,"[0,",0,0,1,430.6,+12.1dB,15.5us,"[0,",1,686.19,normal,0,valid,-14.6dB,-14.9dB,na,na,,,,
2025-07-30 13:41:33.215953,PHY,0x4601,1,0,na,"[0,",0,0,1,460.2,+12.4dB,17.2us,"[0,",1,687.8,normal,0,valid,-14.7dB,-14.9dB,na,na,,,,
2025-07-30 13:41:33.216546,PHY,0x4601,1,0,na,"[0,",0,0,1,439.2,+12.2dB,15.4us,"[0,",1,687.9,normal,0,valid,-14.6dB,-14.9dB,na,na,,,,
2025-07-30 13:41:33.220110,PHY,0x4601,2,,na,"[0,",,,11111,,+30.1dB,14.4us,"[0,",1,687.17,normal,0,valid,-11.9dB,-12.0dB,0.37us,-33.5Hz,,"[6,",,1
2025-07-30 13:41:33.221023,PHY,0x4601,1,0,na,"[0,",0,0,1,382.9,+11.6dB,16.7us,"[0,",1,687.18,normal,0,valid,-14.7dB,-15.0dB,na,na,,,,
2025-07-30 13:41:33.221503,PHY,0x4601,1,0,na,"[0,",0,0,1,370.1,+11.4dB,18.0us,"[0,",1,687.19,normal,0,valid,-14.7dB,-15.0dB,na,na,,,,
2025-07-30 13:41:33.225597,CSI,0x4601,2,,na,"[0,",,,1,,+30.4dB,15.7us,"[0,",1,688.8,normal,0,valid,-11.8dB,-11.9dB,0.35us,-69.9Hz,,"[6,",1111,1
2025-07-30 13:41:33.226482,PHY,0x4601,1,0,na,"[0,",0,0,1,370.5,+11.4dB,18.3us,"[0,",1,688.9,normal,0,valid,-14.7dB,-15.0dB,na,na,,,,
2025-07-30 13:41:33.230119,PHY,0x4601,2,,na,"[0,",,,11111,,+27.9dB,16.0us,"[0,",1,688.17,normal,0,valid,-11.8dB,-11.9dB,0.35us,+63.3Hz,,"[6,",,1
2025-07-30 13:41:33.230947,PHY,0x4601,1,0,na,"[0,",0,0,1,371.6,+11.5dB,17.3us,"[0,",1,688.18,normal,0,valid,-14.6dB,-14.9dB,na,na,,,,
2025-07-30 13:41:33.231527,PHY,0x4601,1,0,na,"[0,",0,0,1,367.7,+11.4dB,15.9us,"[0,",1,688.19,normal,0,valid,-14.7dB,-15.0dB,na,na,,,,
2025-07-30 13:41:33.236028,PHY,0x4601,1,0,na,"[0,",0,0,1,452.4,+12.3dB,23.5us,"[0,",1,689.8,normal,0,valid,-14.6dB,-14.9dB,na,na,,,,
2025-07-30 13:41:33.236496,PHY,0x4601,1,0,na,"[0,",0,0,1,436.7,+12.1dB,14.4us,"[0,",1,689.9,normal,0,valid,-14.6dB,-14.9dB,na,na,,,,
2025-07-30 13:41:33.240039,PHY,0x4601,2,,na,"[0,",,,11111,,+30.4dB,22.2us,"[0,",1,689.17,normal,0,valid,-11.8dB,-11.9dB,0.34us,+10.5Hz,,"[6,",,1
2025-07-30 13:41:33.240980,PHY,0x4601,1,0,na,"[0,",0,0,1,392.4,+11.7dB,15.6us,"[0,",1,689.18,normal,0,valid,-14.7dB,-15.0dB,na,na,,,,
2025-07-30 13:41:33.241456,PHY,0x4601,1,0,na,"[0,",0,0,1,385.9,+11.6dB,17.7us,"[0,",1,689.19,normal,0,valid,-14.7dB,-15.0dB,na,na,,,,
2025-07-30 13:41:33.245580,CSI,0x4601,2,,na,"[0,",,,1,,+33.7dB,15.2us,"[0,",1,690.8,normal,0,valid,-11.8dB,-11.9dB,0.35us,+102.2Hz,,"[6,",1111,1
2025-07-30 13:41:33.246536,PHY,0x4601,1,0,na,"[0,",0,0,1,442.4,+12.2dB,28.0us,"[0,",1,690.9,normal,0,valid,-14.7dB,-14.9dB,na,na,,,,
2025-07-30 13:41:33.250095,PHY,0x4601,2,,na,"[0,",,,11111,,+32.5dB,15.1us,"[0,",1,690.17,normal,0,valid,-12.0dB,-12.1dB,0.37us,-59.7Hz,,"[6,",,1
2025-07-30 13:41:33.251009,PHY,0x4601,1,0,na,"[0,",0,0,1,440.5,+12.2dB,16.6us,"[0,",1,690.18,normal,0,valid,-14.7dB,-14.9dB,na,na,,,,
2025-07-30 13:41:33.251488,PHY,0x4601,1,0,na,"[0,",0,0,1,453.2,+12.3dB,17.1us,"[0,",1,690.19,normal,0,valid,-14.6dB,-14.9dB,na,na,,,,
2025-07-30 13:41:33.255972,PHY,0x4601,1,0,na,"[0,",0,0,1,448.0,+12.3dB,16.2us,"[0,",1,691.8,normal,0,valid,-14.7dB,-14.9dB,na,na,,,,
2025-07-30 13:41:33.256444,PHY,0x4601,1,0,na,"[0,",0,0,1,424.0,+12.0dB,15.9us,"[0,",1,691.9,normal,0,valid,-14.7dB,-14.9dB,na,na,,,,
2025-07-30 13:41:33.260096,PHY,0x4601,2,,na,"[0,",,,11111,,+32.4dB,14.5us,"[0,",1,691.17,normal,0,valid,-11.8dB,-11.9dB,0.34us,+84.2Hz,,"[6,",,1
2025-07-30 13:41:33.261039,PHY,0x4601,1,0,na,"[0,",0,0,1,434.3,+12.1dB,16.8us,"[0,",1,691.18,normal,0,valid,-14.7dB,-14.9dB,na,na,,,,
2025-07-30 13:41:33.261528,PHY,0x4601,1,0,na,"[0,",0,0,1,452.4,+12.3dB,24.5us,"[0,",1,691.19,normal,0,valid,-14.7dB,-14.9dB,na,na,,,,
2025-07-30 13:41:33.265667,CSI,0x4601,2,,na,"[0,",,,1,,+30.5dB,16.1us,"[0,",1,692.8,normal,0,valid,-11.8dB,-12.0dB,0.37us,-77.3Hz,,"[6,",1111,1
2025-07-30 13:41:33.266488,PHY,0x4601,1,0,na,"[0,",0,0,1,378.5,+11.5dB,18.2us,"[0,",1,692.9,normal,0,valid,-14.7dB,-15.0dB,na,na,,,,
2025-07-30 13:41:33.270025,PHY,0x4601,2,,na,"[0,",,,11111,,+28.8dB,22.4us,"[0,",1,692.17,normal,0,valid,-11.9dB,-12.0dB,0.36us,-38.9Hz,,"[6,",,1
2025-07-30 13:41:33.270964,PHY,0x4601,1,0,na,"[0,",0,0,1,373.0,+11.5dB,16.1us,"[0,",1,692.18,normal,0,valid,-14.7dB,-15.0dB,na,na,,,,
2025-07-30 13:41:33.271441,PHY,0x4601,1,0,na,"[0,",0,0,1,367.1,+11.4dB,16.2us,"[0,",1,692.19,normal,0,valid,-14.6dB,-14.9dB,na,na,,,,
2025-07-30 13:41:33.276030,PHY,0x4601,1,0,na,"[0,",0,0,1,436.7,+12.2dB,16.4us,"[0,",1,693.8,normal,0,valid,-14.6dB,-14.9dB,na,na,,,,
2025-07-30 13:41:33.276519,PHY,0x4601,1,0,na,"[0,",0,0,1,434.7,+12.1dB,13.9us,"[0,",1,693.9,normal,0,valid,-14.7dB,-15.0dB,na,na,,,,
2025-07-30 13:41:33.280086,PHY,0x4601,2,,na,"[0,",,,11111,,+29.6dB,15.9us,"[0,",1,693.17,normal,0,valid,-11.8dB,-11.9dB,0.34us,+8.5Hz,,"[6,",,1
2025-07-30 13:41:33.281003,PHY,0x4601,1,0,na,"[0,",0,0,1,453.3,+12.3dB,17.3us,"[0,",1,693.18,normal,0,valid,-14.7dB,-14.9dB,na,na,,,,
2025-07-30 13:41:33.281472,PHY,0x4601,1,0,na,"[0,",0,0,1,446.2,+12.2dB,15.3us,"[0,",1,693.19,normal,0,valid,-14.7dB,-14.9dB,na,na,,,,
2025-07-30 13:41:33.285597,CSI,0x4601,2,,na,"[0,",,,1,,+28.4dB,16.2us,"[0,",1,694.8,normal,0,valid,-11.8dB,-11.9dB,0.36us,-18.5Hz,,"[6,",1111,1
2025-07-30 13:41:33.286542,PHY,0x4601,1,0,na,"[0,",0,0,1,357.0,+11.2dB,19.1us,"[0,",1,694.9,normal,0,valid,-14.6dB,-15.0dB,na,na,,,,
2025-07-30 13:41:33.290127,PHY,0x4601,2,,na,"[0,",,,11111,,+29.8dB,16.2us,"[0,",1,694.17,normal,0,valid,-11.9dB,-12.0dB,0.37us,-54.1Hz,,"[6,",,1
2025-07-30 13:41:33.291028,PHY,0x4601,1,0,na,"[0,",0,0,1,454.5,+12.3dB,16.9us,"[0,",1,694.18,normal,0,valid,-14.7dB,-14.9dB,na,na,,,,
2025-07-30 13:41:33.291505,PHY,0x4601,1,0,na,"[0,",0,0,1,445.2,+12.2dB,16.9us,"[0,",1,694.19,normal,0,valid,-14.7dB,-15.0dB,na,na,,,,
2025-07-30 13:41:33.295995,PHY,0x4601,1,0,na,"[0,",0,0,1,442.1,+12.2dB,16.8us,"[0,",1,695.8,normal,0,valid,-14.6dB,-14.9dB,na,na,,,,
2025-07-30 13:41:33.296488,PHY,0x4601,1,0,na,"[0,",0,0,1,436.2,+12.1dB,23.4us,"[0,",1,695.9,normal,0,valid,-14.7dB,-14.9dB,na,na,,,,
2025-07-30 13:41:33.300128,PHY,0x4601,2,,na,"[0,",,,11111,,+30.9dB,16.8us,"[0,",1,695.17,normal,0,valid,-11.8dB,-11.9dB,0.36us,-10.6Hz,,"[6,",,1
2025-07-30 13:41:33.300956,PHY,0x4601,1,0,na,"[0,",0,0,1,367.8,+11.4dB,16.7us,"[0,",1,695.18,normal,0,valid,-14.7dB,-15.0dB,na,na,,,,
2025-07-30 13:41:33.301529,PHY,0x4601,1,0,na,"[0,",0,0,1,368.6,+11.4dB,14.2us,"[0,",1,695.19,normal,0,valid,-14.7dB,-15.0dB,na,na,,,,
2025-07-30 13:41:33.305585,CSI,0x4601,2,,na,"[0,",,,1,,+30.6dB,15.5us,"[0,",1,696.8,normal,0,valid,-11.9dB,-12.0dB,0.37us,-41.1Hz,,"[6,",1111,1
2025-07-30 13:41:33.306513,PHY,0x4601,1,0,na,"[0,",0,0,1,445.0,+12.2dB,20.6us,"[0,",1,696.9,normal,0,valid,-14.6dB,-14.9dB,na,na,,,,
2025-07-30 13:41:33.310083,PHY,0x4601,2,,na,"[0,",,,11111,,+29.4dB,14.5us,"[0,",1,696.17,normal,0,valid,-12.0dB,-12.1dB,0.35us,-4.7Hz,,"[6,",,1
2025-07-30 13:41:33.310994,PHY,0x4601,1,0,na,"[0,",0,0,1,440.5,+12.2dB,18.3us,"[0,",1,696.18,normal,0,valid,-14.7dB,-14.9dB,na,na,,,,
2025-07-30 13:41:33.311465,PHY,0x4601,1,0,na,"[0,",0,0,1,449.1,+12.3dB,18.4us,"[0,",1,696.19,normal,0,valid,-14.7dB,-14.9dB,na,na,,,,
2025-07-30 13:41:33.315961,PHY,0x4601,1,0,na,"[0,",0,0,1,449.2,+12.3dB,18.3us,"[0,",1,697.8,normal,0,valid,-14.6dB,-14.9dB,na,na,,,,
2025-07-30 13:41:33.316553,PHY,0x4601,1,0,na,"[0,",0,0,1,456.5,+12.3dB,23.7us,"[0,",1,697.9,normal,0,valid,-14.7dB,-14.9dB,na,na,,,,
2025-07-30 13:41:33.320092,PHY,0x4601,2,,na,"[0,",,,11111,,+32.4dB,21.2us,"[0,",1,697.17,normal,0,valid,-11.9dB,-12.0dB,0.36us,+38.7Hz,,"[6,",,1
2025-07-30 13:41:33.321037,PHY,0x4601,1,0,na,"[0,",0,0,1,375.5,+11.5dB,19.6us,"[0,",1,697.18,normal,0,valid,-14.6dB,-14.9dB,na,na,,,,
2025-07-30 13:41:33.321494,PHY,0x4601,1,0,na,"[0,",0,0,1,376.4,+11.5dB,15.7us,"[0,",1,697.19,normal,0,valid,-14.7dB,-15.0dB,na,na,,,,
2025-07-30 13:41:33.325643,CSI,0x4601,2,,na,"[0,",,,1,,+29.8dB,16.9us,"[0,",1,698.8,normal,0,valid,-11.8dB,-11.9dB,0.36us,-20.0Hz,,"[6,",1111,1
2025-07-30 13:41:33.326468,PHY,0x4601,1,0,na,"[0,",0,0,1,435.1,+12.1dB,17.4us,"[0,",1,698.9,normal,0,valid,-14.7dB,-15.0dB,na,na,,,,
2025-07-30 13:41:33.330122,PHY,0x4601,2,,na,"[0,",,,11111,,+32.3dB,30.6us,"[0,",1,698.17,normal,0,valid,-11.9dB,-12.0dB,0.33us,-2.7Hz,,"[6,",,1
2025-07-30 13:41:33.330946,PHY,0x4601,1,0,na,"[0,",0,0,1,433.2,+12.1dB,17.8us,"[0,",1,698.18,normal,0,valid,-14.7dB,-14.9dB,na,na,,,,
2025-07-30 13:41:33.331521,PHY,0x4601,1,0,na,"[0,",0,0,1,421.7,+12.0dB,17.9us,"[0,",1,698.19,normal,0,valid,-14.6dB,-14.9dB,na,na,,,,
2025-07-30 13:41:33.336009,PHY,0x4601,1,0,na,"[0,",0,0,1,445.5,+12.2dB,18.3us,"[0,",1,699.8,normal,0,valid,-14.6dB,-14.9dB,na,na,,,,
2025-07-30 13:41:33.336512,PHY,0x4601,1,0,na,"[0,",0,0,1,446.5,+12.2dB,17.5us,"[0,",1,699.9,normal,0,valid,-14.6dB,-14.9dB,na,na,,,,
2025-07-30 13:41:33.340066,PHY,0x4601,2,,na,"[0,",,,11111,,+31.7dB,17.3us,"[0,",1,699.17,normal,0,valid,-11.9dB,-12.0dB,0.34us,-0.2Hz,,"[6,",,1
2025-07-30 13:41:33.340978,PHY,0x4601,1,0,na,"[0,",0,0,1,455.8,+12.4dB,18.0us,"[0,",1,699.18,normal,0,valid,-14.7dB,-14.9dB,na,na,,,,
2025-07-30 13:41:33.341449,PHY,0x4601,1,0,na,"[0,",0,0,1,439.7,+12.2dB,15.4us,"[0,",1,699.19,normal,0,valid,-14.7dB,-14.9dB,na,na,,,,
2025-07-30 13:41:33.345577,CSI,0x4601,2,,na,"[0,",,,1,,+33.2dB,12.7us,"[0,",1,700.8,normal,0,valid,-11.9dB,-12.0dB,0.37us,-87.0Hz,,"[6,",1111,1
2025-07-30 13:41:33.346516,PHY,0x4601,1,0,na,"[0,",0,0,1,383.0,+11.6dB,17.6us,"[0,",1,700.9,normal,0,valid,-14.7dB,-14.9dB,na,na,,,,
2025-07-30 13:41:33.350099,PHY,0x4601,2,,na,"[0,",,,11111,,+30.6dB,17.3us,"[0,",1,700.17,normal,0,valid,-12.0dB,-12.1dB,0.36us,-2.5Hz,,"[6,",,1
2025-07-30 13:41:33.350997,PHY,0x4601,1,0,na,"[0,",0,0,1,445.0,+12.2dB,16.6us,"[0,",1,700.18,normal,0,valid,-14.7dB,-14.9dB,na,na,,,,
2025-07-30 13:41:33.351495,PHY,0x4601,1,0,na,"[0,",0,0,1,422.3,+12.0dB,25.1us,"[0,",1,700.19,normal,0,valid,-14.7dB,-14.9dB,na,na,,,,
2025-07-30 13:41:33.355974,PHY,0x4601,1,0,na,"[0,",0,0,1,438.0,+12.2dB,17.7us,"[0,",1,701.8,normal,0,valid,-14.7dB,-14.9dB,na,na,,,,
2025-07-30 13:41:33.356444,PHY,0x4601,1,0,na,"[0,",0,0,1,443.6,+12.2dB,14.5us,"[0,",1,701.9,normal,0,valid,-14.7dB,-14.9dB,na,na,,,,
2025-07-30 13:41:33.360120,PHY,0x4601,2,,na,"[0,",,,11111,,+32.4dB,14.7us,"[0,",1,701.17,normal,0,valid,-11.9dB,-12.0dB,0.34us,+58.6Hz,,"[6,",,1
2025-07-30 13:41:33.361069,PHY,0x4601,1,0,na,"[0,",0,0,1,449.7,+12.3dB,15.8us,"[0,",1,701.18,normal,0,valid,-14.7dB,-14.9dB,na,na,,,,
2025-07-30 13:41:33.361517,PHY,0x4601,1,0,na,"[0,",0,0,1,422.7,+12.0dB,23.7us,"[0,",1,701.19,normal,0,valid,-14.7dB,-14.9dB,na,na,,,,
2025-07-30 13:41:33.365655,CSI,0x4601,2,,na,"[0,",,,1,,+30.8dB,18.4us,"[0,",1,702.8,normal,0,valid,-11.8dB,-11.9dB,0.36us,+3.2Hz,,"[6,",1111,1
2025-07-30 13:41:33.366476,PHY,0x4601,1,0,na,"[0,",0,0,1,458.9,+12.3dB,16.5us,"[0,",1,702.9,normal,0,valid,-14.7dB,-14.9dB,na,na,,,,
2025-07-30 13:41:33.370013,PHY,0x4601,2,,na,"[0,",,,11111,,+29.3dB,16.0us,"[0,",1,702.17,normal,0,valid,-11.9dB,-12.0dB,0.36us,+5.5Hz,,"[6,",,1
2025-07-30 13:41:33.370970,PHY,0x4601,1,0,na,"[0,",0,0,1,436.2,+12.1dB,16.3us,"[0,",1,702.18,normal,0,valid,-14.6dB,-14.9dB,na,na,,,,
2025-07-30 13:41:33.371582,PHY,0x4601,1,0,na,"[0,",0,0,1,444.0,+12.2dB,17.0us,"[0,",1,702.19,normal,0,valid,-14.7dB,-14.9dB,na,na,,,,
2025-07-30 13:41:33.376073,PHY,0x4601,1,0,na,"[0,",0,0,1,443.6,+12.2dB,23.0us,"[0,",1,703.8,normal,0,valid,-14.6dB,-14.9dB,na,na,,,,
2025-07-30 13:41:33.376519,PHY,0x4601,1,0,na,"[0,",0,0,1,424.8,+12.0dB,14.6us,"[0,",1,703.9,normal,0,valid,-14.7dB,-14.9dB,na,na,,,,
2025-07-30 13:41:33.380044,PHY,0x4601,2,,na,"[0,",,,11111,,+30.9dB,15.9us,"[0,",1,703.17,normal,0,valid,-11.9dB,-12.0dB,0.35us,+114.4Hz,,"[6,",,1
2025-07-30 13:41:33.380983,PHY,0x4601,1,0,na,"[0,",0,0,1,375.2,+11.5dB,17.7us,"[0,",1,703.18,normal,0,valid,-14.6dB,-15.0dB,na,na,,,,
2025-07-30 13:41:33.381474,PHY,0x4601,1,0,na,"[0,",0,0,1,372.0,+11.4dB,15.9us,"[0,",1,703.19,normal,0,valid,-14.6dB,-14.9dB,na,na,,,,
2025-07-30 13:41:33.385585,CSI,0x4601,2,,na,"[0,",,,1,,+30.4dB,15.7us,"[0,",1,704.8,normal,0,valid,-11.8dB,-12.0dB,0.37us,-72.4Hz,,"[6,",1111,1
2025-07-30 13:41:33.386580,PHY,0x4601,1,0,na,"[0,",0,0,1,443.5,+12.2dB,22.3us,"[0,",1,704.9,normal,0,valid,-14.7dB,-15.0dB,na,na,,,,
2025-07-30 13:41:33.390085,PHY,0x4601,2,,na,"[0,",,,11111,,+27.7dB,14.0us,"[0,",1,704.17,normal,0,valid,-11.9dB,-12.0dB,0.34us,-87.9Hz,,"[6,",,1
2025-07-30 13:41:33.391064,PHY,0x4601,1,0,na,"[0,",0,0,1,380.6,+11.6dB,20.3us,"[0,",1,704.18,normal,0,valid,-14.6dB,-14.9dB,na,na,,,,
2025-07-30 13:41:33.391493,PHY,0x4601,1,0,na,"[0,",0,0,1,368.3,+11.4dB,14.1us,"[0,",1,704.19,normal,0,valid,-14.7dB,-15.0dB,na,na,,,,
2025-07-30 13:41:33.395981,PHY,0x4601,1,0,na,"[0,",0,0,1,433.1,+12.1dB,18.2us,"[0,",1,705.8,normal,0,valid,-14.7dB,-14.9dB,na,na,,,,
2025-07-30 13:41:33.396468,PHY,0x4601,1,0,na,"[0,",0,0,1,448.6,+12.3dB,15.6us,"[0,",1,705.9,normal,0,valid,-14.7dB,-14.9dB,na,na,,,,
2025-07-30 13:41:33.400113,PHY,0x4601,2,,na,"[0,",,,11111,,+30.1dB,17.8us,"[0,",1,705.17,normal,0,valid,-11.8dB,-11.9dB,0.36us,-33.2Hz,,"[6,",,1
2025-07-30 13:41:33.400961,PHY,0x4601,1,0,na,"[0,",0,0,1,455.9,+12.3dB,16.3us,"[0,",1,705.18,normal,0,valid,-14.7dB,-14.9dB,na,na,,,,
2025-07-30 13:41:33.401524,PHY,0x4601,1,0,na,"[0,",0,0,1,447.3,+12.2dB,14.9us,"[0,",1,705.19,normal,0,valid,-14.7dB,-14.9dB,na,na,,,,
2025-07-30 13:41:33.405623,CSI,0x4601,2,,na,"[0,",,,1,,+29.2dB,11.1us,"[0,",1,706.8,normal,0,valid,-11.8dB,-12.0dB,0.37us,-59.1Hz,,"[6,",1111,1
2025-07-30 13:41:33.406487,PHY,0x4601,1,0,na,"[0,",0,0,1,443.2,+12.2dB,17.0us,"[0,",1,706.9,normal,0,valid,-14.7dB,-14.9dB,na,na,,,,
2025-07-30 13:41:33.410030,PHY,0x4601,2,,na,"[0,",,,11111,,+31.6dB,15.4us,"[0,",1,706.17,normal,0,valid,-11.8dB,-11.9dB,0.36us,+125.1Hz,,"[6,",,1
2025-07-30 13:41:33.410977,PHY,0x4601,1,0,na,"[0,",0,0,1,441.7,+12.2dB,17.5us,"[0,",1,706.18,normal,0,valid,-14.7dB,-14.9dB,na,na,,,,
2025-07-30 13:41:33.411470,PHY,0x4601,1,0,na,"[0,",0,0,1,428.2,+12.1dB,14.0us,"[0,",1,706.19,normal,0,valid,-14.7dB,-14.9dB,na,na,,,,
2025-07-30 13:41:33.415965,PHY,0x4601,1,0,na,"[0,",0,0,1,451.6,+12.3dB,17.0us,"[0,",1,707.8,normal,0,valid,-14.7dB,-14.9dB,na,na,,,,
2025-07-30 13:41:33.416564,PHY,0x4601,1,0,na,"[0,",0,0,1,436.4,+12.2dB,16.4us,"[0,",1,707.9,normal,0,valid,-14.7dB,-14.9dB,na,na,,,,
2025-07-30 13:41:33.420071,PHY,0x4601,2,,na,"[0,",,,11111,,+28.7dB,16.1us,"[0,",1,707.17,normal,0,valid,-11.9dB,-12.0dB,0.36us,+146.1Hz,,"[6,",,1
2025-07-30 13:41:33.421010,PHY,0x4601,1,0,na,"[0,",0,0,1,439.5,+12.2dB,22.2us,"[0,",1,707.18,normal,0,valid,-14.7dB,-14.9dB,na,na,,,,
2025-07-30 13:41:33.421480,PHY,0x4601,1,0,na,"[0,",0,0,1,465.9,+12.4dB,16.2us,"[0,",1,707.19,normal,0,valid,-14.7dB,-15.0dB,na,na,,,,
2025-07-30 13:41:33.425637,CSI,0x4601,2,,na,"[0,",,,1,,+32.2dB,15.0us,"[0,",1,708.8,normal,0,valid,-11.8dB,-11.9dB,0.34us,+50.5Hz,,"[6,",1111,1
2025-07-30 13:41:33.426461,PHY,0x4601,1,0,na,"[0,",0,0,1,370.4,+11.4dB,17.4us,"[0,",1,708.9,normal,0,valid,-14.7dB,-15.0dB,na,na,,,,
2025-07-30 13:41:33.430119,PHY,0x4601,2,,na,"[0,",,,11111,,+30.8dB,15.9us,"[0,",1,708.17,normal,0,valid,-11.8dB,-11.9dB,0.34us,+7.6Hz,,"[6,",,1
2025-07-30 13:41:33.431040,PHY,0x4601,1,0,na,"[0,",0,0,1,385.0,+11.6dB,20.0us,"[0,",1,708.18,normal,0,valid,-14.7dB,-14.9dB,na,na,,,,
2025-07-30 13:41:33.431505,PHY,0x4601,1,0,na,"[0,",0,0,1,384.9,+11.6dB,14.6us,"[0,",1,708.19,normal,0,valid,-14.7dB,-15.0dB,na,na,,,,
2025-07-30 13:41:33.436023,PHY,0x4601,1,0,na,"[0,",0,0,1,440.5,+12.2dB,16.5us,"[0,",1,709.8,normal,0,valid,-14.7dB,-14.9dB,na,na,,,,
2025-07-30 13:41:33.436483,PHY,0x4601,1,0,na,"[0,",0,0,1,424.7,+12.0dB,21.7us,"[0,",1,709.9,normal,0,valid,-14.7dB,-15.0dB,na,na,,,,
2025-07-30 13:41:33.440018,PHY,0x4601,2,,na,"[0,",,,11111,,+31.4dB,14.0us,"[0,",1,709.17,normal,0,valid,-11.8dB,-11.9dB,0.35us,+38.7Hz,,"[6,",,1
2025-07-30 13:41:33.440961,PHY,0x4601,1,0,na,"[0,",0,0,1,467.6,+12.5dB,16.9us,"[0,",1,709.18,normal,0,valid,-14.6dB,-14.9dB,na,na,,,,
2025-07-30 13:41:33.441457,PHY,0x4601,1,0,na,"[0,",0,0,1,424.9,+12.0dB,13.9us,"[0,",1,709.19,normal,0,valid,-14.7dB,-14.9dB,na,na,,,,
2025-07-30 13:41:33.445577,CSI,0x4601,2,,na,"[0,",,,1,,+31.1dB,16.0us,"[0,",1,710.8,normal,0,valid,-11.9dB,-12.0dB,0.37us,-127.7Hz,,"[6,",1111,1
2025-07-30 13:41:33.446514,PHY,0x4601,1,0,na,"[0,",0,0,1,368.1,+11.4dB,17.0us,"[0,",1,710.9,normal,0,valid,-14.7dB,-15.0dB,na,na,,,,
2025-07-30 13:41:33.450066,PHY,0x4601,2,,na,"[0,",,,11111,,+31.4dB,15.3us,"[0,",1,710.17,normal,0,valid,-11.9dB,-12.0dB,0.36us,+23.8Hz,,"[6,",,1
2025-07-30 13:41:33.450994,PHY,0x4601,1,0,na,"[0,",0,0,1,364.9,+11.3dB,17.3us,"[0,",1,710.18,normal,0,valid,-14.7dB,-15.0dB,na,na,,,,
2025-07-30 13:41:33.451471,PHY,0x4601,1,0,na,"[0,",0,0,1,380.7,+11.6dB,16.4us,"[0,",1,710.19,normal,0,valid,-14.7dB,-15.0dB,na,na,,,,
2025-07-30 13:41:33.455963,PHY,0x4601,1,0,na,"[0,",0,0,1,437.5,+12.1dB,19.7us,"[0,",1,711.8,normal,0,valid,-14.7dB,-14.9dB,na,na,,,,
2025-07-30 13:41:33.456551,PHY,0x4601,1,0,na,"[0,",0,0,1,451.0,+12.3dB,19.0us,"[0,",1,711.9,normal,0,valid,-14.7dB,-14.9dB,na,na,,,,
2025-07-30 13:41:33.460104,PHY,0x4601,2,,na,"[0,",,,11111,,+32.8dB,16.8us,"[0,",1,711.17,normal,0,valid,-11.9dB,-12.0dB,0.36us,-9.8Hz,,"[6,",,1
2025-07-30 13:41:33.461027,PHY,0x4601,1,0,na,"[0,",0,0,1,383.3,+11.6dB,16.2us,"[0,",1,711.18,normal,0,valid,-14.6dB,-14.9dB,na,na,,,,
2025-07-30 13:41:33.461499,PHY,0x4601,1,0,na,"[0,",0,0,1,356.8,+11.3dB,13.8us,"[0,",1,711.19,normal,0,valid,-14.7dB,-15.0dB,na,na,,,,
2025-07-30 13:41:33.465607,CSI,0x4601,2,,na,"[0,",,,1,,+30.8dB,12.7us,"[0,",1,712.8,normal,0,valid,-11.7dB,-11.8dB,0.35us,-82.9Hz,,"[6,",1111,1
2025-07-30 13:41:33.466466,PHY,0x4601,1,0,na,"[0,",0,0,1,450.1,+12.3dB,18.4us,"[0,",1,712.9,normal,0,valid,-14.7dB,-14.9dB,na,na,,,,
2025-07-30 13:41:33.470136,PHY,0x4601,2,,na,"[0,",,,11111,,+30.6dB,14.1us,"[0,",1,712.17,normal,0,valid,-12.0dB,-12.2dB,0.35us,+59.1Hz,,"[6,",,1
2025-07-30 13:41:33.470954,PHY,0x4601,1,0,na,"[0,",0,0,1,382.6,+11.6dB,22.0us,"[0,",1,712.18,normal,0,valid,-14.6dB,-14.9dB,na,na,,,,
2025-07-30 13:41:33.471540,PHY,0x4601,1,0,na,"[0,",0,0,1,366.4,+11.4dB,19.5us,"[0,",1,712.19,normal,0,valid,-14.7dB,-15.0dB,na,na,,,,
2025-07-30 13:41:33.476034,PHY,0x4601,1,0,na,"[0,",0,0,1,437.6,+12.2dB,21.0us,"[0,",1,713.8,normal,0,valid,-14.7dB,-14.9dB,na,na,,,,
2025-07-30 13:41:33.476510,PHY,0x4601,1,0,na,"[0,",0,0,1,441.2,+12.2dB,20.7us,"[0,",1,713.9,normal,0,valid,-14.7dB,-14.9dB,na,na,,,,
2025-07-30 13:41:33.480037,PHY,0x4601,2,,na,"[0,",,,11111,,+31.5dB,16.8us,"[0,",1,713.17,normal,0,valid,-11.9dB,-12.0dB,0.36us,+66.3Hz,,"[6,",,1
2025-07-30 13:41:33.480985,PHY,0x4601,1,0,na,"[0,",0,0,1,442.8,+12.2dB,16.0us,"[0,",1,713.18,normal,0,valid,-14.7dB,-14.9dB,na,na,,,,
2025-07-30 13:41:33.481462,PHY,0x4601,1,0,na,"[0,",0,0,1,436.0,+12.1dB,14.4us,"[0,",1,713.19,normal,0,valid,-14.7dB,-14.9dB,na,na,,,,
2025-07-30 13:41:33.485616,CSI,0x4601,2,,na,"[0,",,,1,,+31.1dB,15.9us,"[0,",1,714.8,normal,0,valid,-11.8dB,-11.9dB,0.36us,-79.2Hz,,"[6,",1111,1
2025-07-30 13:41:33.486533,PHY,0x4601,1,0,na,"[0,",0,0,1,444.8,+12.2dB,19.2us,"[0,",1,714.9,normal,0,valid,-14.7dB,-14.9dB,na,na,,,,
2025-07-30 13:41:33.490105,PHY,0x4601,2,,na,"[0,",,,11111,,+30.3dB,18.9us,"[0,",1,714.17,normal,0,valid,-11.9dB,-12.0dB,0.36us,-92.8Hz,,"[6,",,1
2025-07-30 13:41:33.491020,PHY,0x4601,1,0,na,"[0,",0,0,1,444.5,+12.2dB,21.5us,"[0,",1,714.18,normal,0,valid,-14.7dB,-15.0dB,na,na,,,,
2025-07-30 13:41:33.491490,PHY,0x4601,1,0,na,"[0,",0,0,1,431.2,+12.1dB,14.9us,"[0,",1,714.19,normal,0,valid,-14.7dB,-14.9dB,na,na,,,,
2025-07-30 13:41:33.495989,PHY,0x4601,1,0,na,"[0,",0,0,1,455.5,+12.3dB,20.4us,"[0,",1,715.8,normal,0,valid,-14.7dB,-14.9dB,na,na,,,,
2025-07-30 13:41:33.496465,PHY,0x4601,1,0,na,"[0,",0,0,1,428.6,+12.0dB,17.8us,"[0,",1,715.9,normal,0,valid,-14.6dB,-14.9dB,na,na,,,,
2025-07-30 13:41:33.500135,PHY,0x4601,2,,na,"[0,",,,11111,,+27.3dB,21.8us,"[0,",1,715.17,normal,0,valid,-11.9dB,-12.0dB,0.36us,+80.4Hz,,"[6,",,1
2025-07-30 13:41:33.500941,PHY,0x4601,1,0,na,"[0,",0,0,1,449.4,+12.3dB,16.0us,"[0,",1,715.18,normal,0,valid,-14.7dB,-14.9dB,na,na,,,,
2025-07-30 13:41:33.501529,PHY,0x4601,1,0,na,"[0,",0,0,1,446.7,+12.2dB,19.0us,"[0,",1,715.19,normal,0,valid,-14.7dB,-15.0dB,na,na,,,,
2025-07-30 13:41:33.505637,CSI,0x4601,2,,na,"[0,",,,1,,+29.9dB,15.7us,"[0,",1,716.8,normal,0,valid,-11.8dB,-12.0dB,0.37us,+14.1Hz,,"[6,",1111,1
2025-07-30 13:41:33.506477,PHY,0x4601,1,0,na,"[0,",0,0,1,380.5,+11.5dB,15.2us,"[0,",1,716.9,normal,0,valid,-14.7dB,-15.0dB,na,na,,,,
2025-07-30 13:41:33.510024,PHY,0x4601,2,,na,"[0,",,,11111,,+29.0dB,13.1us,"[0,",1,716.17,normal,0,valid,-11.9dB,-12.1dB,0.36us,-3.2Hz,,"[6,",,1
2025-07-30 13:41:33.510972,PHY,0x4601,1,0,na,"[0,",0,0,1,379.3,+11.5dB,15.1us,"[0,",1,716.18,normal,0,valid,-14.7dB,-15.0dB,na,na,,,,
2025-07-30 13:41:33.511448,PHY,0x4601,1,0,na,"[0,",0,0,1,371.5,+11.5dB,16.5us,"[0,",1,716.19,normal,0,valid,-14.6dB,-14.9dB,na,na,,,,
2025-07-30 13:41:33.516065,PHY,0x4601,1,0,na,"[0,",0,0,1,421.4,+12.0dB,21.0us,"[0,",1,717.8,normal,0,valid,-14.7dB,-14.9dB,na,na,,,,
2025-07-30 13:41:33.516530,PHY,0x4601,1,0,na,"[0,",0,0,1,439.5,+12.2dB,15.6us,"[0,",1,717.9,normal,0,valid,-14.7dB,-14.9dB,na,na,,,,
2025-07-30 13:41:33.520082,PHY,0x4601,2,,na,"[0,",,,11111,,+29.3dB,14.5us,"[0,",1,717.17,normal,0,valid,-11.9dB,-12.0dB,0.35us,+78.0Hz,,"[6,",,1
2025-07-30 13:41:33.521001,PHY,0x4601,1,0,na,"[0,",0,0,1,368.6,+11.4dB,15.7us,"[0,",1,717.18,normal,0,valid,-14.7dB,-15.0dB,na,na,,,,
2025-07-30 13:41:33.521476,PHY,0x4601,1,0,na,"[0,",0,0,1,363.2,+11.3dB,15.8us,"[0,",1,717.19,normal,0,valid,-14.7dB,-15.0dB,na,na,,,,
2025-07-30 13:41:33.525594,CSI,0x4601,2,,na,"[0,",,,1,,+29.4dB,12.1us,"[0,",1,718.8,normal,0,valid,-11.8dB,-12.0dB,0.37us,+1.8Hz,,"[6,",1111,1
2025-07-30 13:41:33.526440,PHY,0x4601,1,0,na,"[0,",0,0,1,431.6,+12.1dB,16.4us,"[0,",1,718.9,normal,0,valid,-14.7dB,-14.9dB,na,na,,,,
2025-07-30 13:41:33.530112,PHY,0x4601,2,,na,"[0,",,,11111,,+29.6dB,13.7us,"[0,",1,718.17,normal,0,valid,-11.9dB,-12.0dB,0.36us,-26.1Hz,,"[6,",,1
2025-07-30 13:41:33.531032,PHY,0x4601,1,0,na,"[0,",0,0,1,373.1,+11.5dB,15.4us,"[0,",1,718.18,normal,0,valid,-14.7dB,-15.0dB,na,na,,,,
2025-07-30 13:41:33.531509,PHY,0x4601,1,0,na,"[0,",0,0,1,372.0,+11.5dB,13.3us,"[0,",1,718.19,normal,0,valid,-14.7dB,-15.0dB,na,na,,,,
2025-07-30 13:41:33.536004,PHY,0x4601,1,0,na,"[0,",0,0,1,434.6,+12.1dB,16.0us,"[0,",1,719.8,normal,0,valid,-14.7dB,-14.9dB,na,na,,,,
2025-07-30 13:41:33.536492,PHY,0x4601,1,0,na,"[0,",0,0,1,430.2,+12.1dB,24.8us,"[0,",1,719.9,normal,0,valid,-14.7dB,-14.9dB,na,na,,,,
2025-07-30 13:41:33.540009,PHY,0x4601,2,,na,"[0,",,,11111,,+30.9dB,15.3us,"[0,",1,719.17,normal,0,valid,-11.8dB,-11.9dB,0.35us,+102.1Hz,,"[6,",,1
2025-07-30 13:41:33.540966,PHY,0x4601,1,0,na,"[0,",0,0,1,424.5,+12.0dB,17.3us,"[0,",1,719.18,normal,0,valid,-14.6dB,-14.9dB,na,na,,,,
2025-07-30 13:41:33.541550,PHY,0x4601,1,0,na,"[0,",0,0,1,444.8,+12.2dB,16.5us,"[0,",1,719.19,normal,0,valid,-14.7dB,-14.9dB,na,na,,,,
2025-07-30 13:41:33.545595,CSI,0x4601,2,,na,"[0,",,,1,,+27.8dB,14.1us,"[0,",1,720.8,normal,0,valid,-11.9dB,-12.0dB,0.35us,-41.7Hz,,"[6,",1111,1
2025-07-30 13:41:33.546508,PHY,0x4601,1,0,na,"[0,",0,0,1,380.9,+11.5dB,16.3us,"[0,",1,720.9,normal,0,valid,-14.7dB,-15.0dB,na,na,,,,
2025-07-30 13:41:33.550084,PHY,0x4601,2,,na,"[0,",,,11111,,+29.7dB,15.7us,"[0,",1,720.17,normal,0,valid,-11.9dB,-12.0dB,0.38us,-51.5Hz,,"[6,",,1
2025-07-30 13:41:33.550989,PHY,0x4601,1,0,na,"[0,",0,0,1,437.5,+12.1dB,15.8us,"[0,",1,720.18,normal,0,valid,-14.7dB,-14.9dB,na,na,,,,
2025-07-30 13:41:33.551472,PHY,0x4601,1,0,na,"[0,",0,0,1,432.1,+12.1dB,14.3us,"[0,",1,720.19,normal,0,valid,-14.6dB,-14.9dB,na,na,,,,
2025-07-30 13:41:33.555959,PHY,0x4601,1,0,na,"[0,",0,0,1,456.6,+12.3dB,17.1us,"[0,",1,721.8,normal,0,valid,-14.6dB,-14.9dB,na,na,,,,
2025-07-30 13:41:33.556540,PHY,0x4601,1,0,na,"[0,",0,0,1,443.8,+12.2dB,15.4us,"[0,",1,721.9,normal,0,valid,-14.7dB,-15.0dB,na,na,,,,
2025-07-30 13:41:33.560084,PHY,0x4601,2,,na,"[0,",,,11111,,+28.1dB,17.3us,"[0,",1,721.17,normal,0,valid,-11.9dB,-12.0dB,0.35us,+56.6Hz,,"[6,",,1
2025-07-30 13:41:33.561021,PHY,0x4601,1,0,na,"[0,",0,0,1,355.6,+11.2dB,15.5us,"[0,",1,721.18,normal,0,valid,-14.7dB,-15.0dB,na,na,,,,
2025-07-30 13:41:33.561499,PHY,0x4601,1,0,na,"[0,",0,0,1,366.9,+11.4dB,14.9us,"[0,",1,721.19,normal,0,valid,-14.6dB,-14.9dB,na,na,,,,
2025-07-30 13:41:33.565589,CSI,0x4601,2,,na,"[0,",,,1,,+33.2dB,11.7us,"[0,",1,722.8,normal,0,valid,-11.9dB,-12.0dB,0.35us,-7.7Hz,,"[6,",1111,1
2025-07-30 13:41:33.566461,PHY,0x4601,1,0,na,"[0,",0,0,1,357.5,+11.3dB,16.1us,"[0,",1,722.9,normal,0,valid,-14.7dB,-15.0dB,na,na,,,,
2025-07-30 13:41:33.570108,PHY,0x4601,2,,na,"[0,",,,11111,,+28.8dB,16.5us,"[0,",1,722.17,normal,0,valid,-11.9dB,-12.0dB,0.37us,+58.8Hz,,"[6,",,1
2025-07-30 13:41:33.570947,PHY,0x4601,1,0,na,"[0,",0,0,1,385.0,+11.6dB,15.9us,"[0,",1,722.18,normal,0,valid,-14.7dB,-15.0dB,na,na,,,,
2025-07-30 13:41:33.571525,PHY,0x4601,1,0,na,"[0,",0,0,1,368.6,+11.4dB,15.8us,"[0,",1,722.19,normal,0,valid,-14.7dB,-15.0dB,na,na,,,,
2025-07-30 13:41:33.576012,PHY,0x4601,1,0,na,"[0,",0,0,1,439.7,+12.2dB,15.7us,"[0,",1,723.8,normal,0,valid,-14.6dB,-14.9dB,na,na,,,,
2025-07-30 13:41:33.576511,PHY,0x4601,1,0,na,"[0,",0,0,1,432.5,+12.1dB,15.8us,"[0,",1,723.9,normal,0,valid,-14.7dB,-14.9dB,na,na,,,,
2025-07-30 13:41:33.580033,PHY,0x4601,2,,na,"[0,",,,11111,,+30.4dB,17.6us,"[0,",1,723.17,normal,0,valid,-11.8dB,-11.9dB,0.37us,+140.2Hz,,"[6,",,1
2025-07-30 13:41:33.580989,PHY,0x4601,1,0,na,"[0,",0,0,1,439.5,+12.2dB,16.1us,"[0,",1,723.18,normal,0,valid,-14.7dB,-15.0dB,na,na,,,,
2025-07-30 13:41:33.581458,PHY,0x4601,1,0,na,"[0,",0,0,1,443.0,+12.2dB,14.3us,"[0,",1,723.19,normal,0,valid,-14.7dB,-14.9dB,na,na,,,,
2025-07-30 13:41:33.585596,CSI,0x4601,2,,na,"[0,",,,1,,+33.0dB,25.6us,"[0,",1,724.8,normal,0,valid,-11.9dB,-12.0dB,0.35us,-108.3Hz,,"[6,",1111,1
2025-07-30 13:41:33.586533,PHY,0x4601,1,0,na,"[0,",0,0,1,377.2,+11.5dB,24.1us,"[0,",1,724.9,normal,0,valid,-14.7dB,-15.0dB,na,na,,,,
2025-07-30 13:41:33.590074,PHY,0x4601,2,,na,"[0,",,,11111,,+27.7dB,15.8us,"[0,",1,724.17,normal,0,valid,-11.8dB,-11.9dB,0.34us,+17.1Hz,,"[6,",,1
2025-07-30 13:41:33.591005,PHY,0x4601,1,0,na,"[0,",0,0,1,372.1,+11.4dB,18.4us,"[0,",1,724.18,normal,0,valid,-14.7dB,-15.0dB,na,na,,,,
2025-07-30 13:41:33.591509,PHY,0x4601,1,0,na,"[0,",0,0,1,362.7,+11.3dB,16.1us,"[0,",1,724.19,normal,0,valid,-14.7dB,-15.0dB,na,na,,,,
2025-07-30 13:41:33.595977,PHY,0x4601,1,0,na,"[0,",0,0,1,439.0,+12.2dB,16.2us,"[0,",1,725.8,normal,0,valid,-14.6dB,-14.9dB,na,na,,,,
2025-07-30 13:41:33.596447,PHY,0x4601,1,0,na,"[0,",0,0,1,429.4,+12.1dB,15.1us,"[0,",1,725.9,normal,0,valid,-14.7dB,-14.9dB,na,na,,,,
2025-07-30 13:41:33.600116,PHY,0x4601,2,,na,"[0,",,,11111,,+33.0dB,19.5us,"[0,",1,725.17,normal,0,valid,-11.8dB,-11.9dB,0.34us,-45.1Hz,,"[6,",,1
2025-07-30 13:41:33.601084,PHY,0x4601,1,0,na,"[0,",0,0,1,378.5,+11.5dB,18.4us,"[0,",1,725.18,normal,0,valid,-14.6dB,-15.0dB,na,na,,,,
2025-07-30 13:41:33.601517,PHY,0x4601,1,0,na,"[0,",0,0,1,369.5,+11.4dB,18.2us,"[0,",1,725.19,normal,0,valid,-14.6dB,-15.0dB,na,na,,,,
2025-07-30 13:41:33.605623,CSI,0x4601,2,,na,"[0,",,,1,,+30.3dB,15.9us,"[0,",1,726.8,normal,0,valid,-11.8dB,-11.9dB,0.36us,-68.2Hz,,"[6,",1111,1
2025-07-30 13:41:33.606494,PHY,0x4601,1,0,na,"[0,",0,0,1,372.2,+11.5dB,20.7us,"[0,",1,726.9,normal,0,valid,-14.7dB,-15.0dB,na,na,,,,
2025-07-30 13:41:33.610023,PHY,0x4601,2,,na,"[0,",,,11111,,+29.3dB,16.6us,"[0,",1,726.17,normal,0,valid,-11.9dB,-12.0dB,0.37us,+60.6Hz,,"[6,",,1
2025-07-30 13:41:33.611004,PHY,0x4601,1,0,na,"[0,",0,0,1,446.1,+12.2dB,18.2us,"[0,",1,726.18,normal,0,valid,-14.7dB,-14.9dB,na,na,,,,
2025-07-30 13:41:33.611450,PHY,0x4601,1,0,na,"[0,",0,0,1,417.3,+11.9dB,18.3us,"[0,",1,726.19,normal,0,valid,-14.7dB,-14.9dB,na,na,,,,
2025-07-30 13:41:33.616124,PHY,0x4601,1,0,na,"[0,",0,0,1,449.9,+12.2dB,17.4us,"[0,",1,727.8,normal,0,valid,-14.6dB,-14.9dB,na,na,,,,
2025-07-30 13:41:33.616520,PHY,0x4601,1,0,na,"[0,",0,0,1,438.2,+12.2dB,15.6us,"[0,",1,727.9,normal,0,valid,-14.7dB,-14.9dB,na,na,,,,
2025-07-30 13:41:33.620054,PHY,0x4601,2,,na,"[0,",,,11111,,+32.1dB,16.5us,"[0,",1,727.17,normal,0,valid,-11.9dB,-12.0dB,0.37us,-26.2Hz,,"[6,",,1
2025-07-30 13:41:33.621002,PHY,0x4601,1,0,na,"[0,",0,0,1,369.6,+11.4dB,18.7us,"[0,",1,727.18,normal,0,valid,-14.7dB,-15.0dB,na,na,,,,
2025-07-30 13:41:33.621491,PHY,0x4601,1,0,na,"[0,",0,0,1,373.7,+11.5dB,28.0us,"[0,",1,727.19,normal,0,valid,-14.7dB,-14.9dB,na,na,,,,
2025-07-30 13:41:33.625618,CSI,0x4601,2,,na,"[0,",,,1,,+30.2dB,14.1us,"[0,",1,728.8,normal,0,valid,-11.8dB,-11.9dB,0.37us,+55.4Hz,,"[6,",1111,1
2025-07-30 13:41:33.626600,PHY,0x4601,1,0,na,"[0,",0,0,1,349.4,+11.2dB,20.7us,"[0,",1,728.9,normal,0,valid,-14.7dB,-15.0dB,na,na,,,,
2025-07-30 13:41:33.630113,PHY,0x4601,2,,na,"[0,",,,11111,,+30.3dB,30.9us,"[0,",1,728.17,normal,0,valid,-11.8dB,-11.9dB,0.36us,-31.0Hz,,"[6,",,1
2025-07-30 13:41:33.631024,PHY,0x4601,1,0,na,"[0,",0,0,1,376.9,+11.5dB,17.6us,"[0,",1,728.18,normal,0,valid,-14.7dB,-15.0dB,na,na,,,,
2025-07-30 13:41:33.631500,PHY,0x4601,1,0,na,"[0,",0,0,1,365.9,+11.4dB,14.7us,"[0,",1,728.19,normal,0,valid,-14.6dB,-14.9dB,na,na,,,,
2025-07-30 13:41:33.635996,PHY,0x4601,1,0,na,"[0,",0,0,1,434.6,+12.1dB,16.0us,"[0,",1,729.8,normal,0,valid,-14.7dB,-15.0dB,na,na,,,,
2025-07-30 13:41:33.636486,PHY,0x4601,1,0,na,"[0,",0,0,1,443.9,+12.2dB,31.5us,"[0,",1,729.9,normal,0,valid,-14.7dB,-14.9dB,na,na,,,,
2025-07-30 13:41:33.640136,PHY,0x4601,2,,na,"[0,",,,11111,,+31.7dB,17.6us,"[0,",1,729.17,normal,0,valid,-11.9dB,-12.0dB,0.34us,-29.0Hz,,"[6,",,1
2025-07-30 13:41:33.640977,PHY,0x4601,1,0,na,"[0,",0,0,1,454.0,+12.3dB,18.3us,"[0,",1,729.18,normal,0,valid,-14.7dB,-14.9dB,na,na,,,,
2025-07-30 13:41:33.641576,PHY,0x4601,1,0,na,"[0,",0,0,1,425.2,+12.0dB,19.3us,"[0,",1,729.19,normal,0,valid,-14.7dB,-14.9dB,na,na,,,,
2025-07-30 13:41:33.645560,CSI,0x4601,2,,na,"[0,",,,1,,+30.2dB,14.3us,"[0,",1,730.8,normal,0,valid,-11.8dB,-11.9dB,0.38us,+70.3Hz,,"[6,",1111,1
2025-07-30 13:41:33.646506,PHY,0x4601,1,0,na,"[0,",0,0,1,443.1,+12.2dB,24.2us,"[0,",1,730.9,normal,0,valid,-14.7dB,-14.9dB,na,na,,,,
2025-07-30 13:41:33.650042,PHY,0x4601,2,,na,"[0,",,,11111,,+30.0dB,15.4us,"[0,",1,730.17,normal,0,valid,-11.9dB,-12.0dB,0.34us,+42.6Hz,,"[6,",,1
2025-07-30 13:41:33.650982,PHY,0x4601,1,0,na,"[0,",0,0,1,366.5,+11.4dB,18.2us,"[0,",1,730.18,normal,0,valid,-14.7dB,-15.0dB,na,na,,,,
2025-07-30 13:41:33.651479,PHY,0x4601,1,0,na,"[0,",0,0,1,371.4,+11.5dB,17.7us,"[0,",1,730.19,normal,0,valid,-14.7dB,-15.0dB,na,na,,,,
2025-07-30 13:41:33.655975,PHY,0x4601,1,0,na,"[0,",0,0,1,434.5,+12.1dB,16.3us,"[0,",1,731.8,normal,0,valid,-14.6dB,-14.9dB,na,na,,,,
2025-07-30 13:41:33.656548,PHY,0x4601,1,0,na,"[0,",0,0,1,420.6,+12.0dB,15.3us,"[0,",1,731.9,normal,0,valid,-14.7dB,-14.9dB,na,na,,,,
2025-07-30 13:41:33.660078,PHY,0x4601,2,,na,"[0,",,,11111,,+26.3dB,15.0us,"[0,",1,731.17,normal,0,valid,-12.0dB,-12.1dB,0.34us,-59.8Hz,,"[6,",,1
2025-07-30 13:41:33.661007,PHY,0x4601,1,0,na,"[0,",0,0,1,447.6,+12.3dB,15.3us,"[0,",1,731.18,normal,0,valid,-14.7dB,-14.9dB,na,na,,,,
2025-07-30 13:41:33.661483,PHY,0x4601,1,0,na,"[0,",0,0,1,434.1,+12.1dB,18.0us,"[0,",1,731.19,normal,0,valid,-14.7dB,-15.0dB,na,na,,,,
2025-07-30 13:41:33.665633,CSI,0x4601,2,,na,"[0,",,,1,,+28.4dB,14.9us,"[0,",1,732.8,normal,0,valid,-11.8dB,-11.9dB,0.37us,+4.3Hz,,"[6,",1111,1
2025-07-30 13:41:33.666480,PHY,0x4601,1,0,na,"[0,",0,0,1,368.2,+11.4dB,21.8us,"[0,",1,732.9,normal,0,valid,-14.7dB,-15.0dB,na,na,,,,
2025-07-30 13:41:33.670126,PHY,0x4601,2,,na,"[0,",,,11111,,+29.1dB,17.0us,"[0,",1,732.17,normal,0,valid,-12.0dB,-12.2dB,0.37us,-78.1Hz,,"[6,",,1
2025-07-30 13:41:33.670967,PHY,0x4601,1,0,na,"[0,",0,0,1,449.3,+12.3dB,16.3us,"[0,",1,732.18,normal,0,valid,-14.7dB,-14.9dB,na,na,,,,
2025-07-30 13:41:33.671562,PHY,0x4601,1,0,na,"[0,",0,0,1,420.5,+12.0dB,18.8us,"[0,",1,732.19,normal,0,valid,-14.7dB,-14.9dB,na,na,,,,
2025-07-30 13:41:33.676009,PHY,0x4601,1,0,na,"[0,",0,0,1,426.6,+12.0dB,16.8us,"[0,",1,733.8,normal,0,valid,-14.6dB,-14.9dB,na,na,,,,
2025-07-30 13:41:33.676487,PHY,0x4601,1,0,na,"[0,",0,0,1,425.9,+12.0dB,26.7us,"[0,",1,733.9,normal,0,valid,-14.6dB,-14.9dB,na,na,,,,
2025-07-30 13:41:33.680032,PHY,0x4601,2,,na,"[0,",,,11111,,+33.2dB,16.5us,"[0,",1,733.17,normal,0,valid,-11.7dB,-11.8dB,0.34us,+10.7Hz,,"[6,",,1
2025-07-30 13:41:33.680966,PHY,0x4601,1,0,na,"[0,",0,0,1,370.9,+11.4dB,17.5us,"[0,",1,733.18,normal,0,valid,-14.7dB,-15.0dB,na,na,,,,
2025-07-30 13:41:33.681465,PHY,0x4601,1,0,na,"[0,",0,0,1,376.3,+11.5dB,18.2us,"[0,",1,733.19,normal,0,valid,-14.7dB,-15.0dB,na,na,,,,
2025-07-30 13:41:33.685595,CSI,0x4601,2,,na,"[0,",,,1,,+29.0dB,14.9us,"[0,",1,734.8,normal,0,valid,-11.8dB,-11.9dB,0.37us,-114.4Hz,,"[6,",1111,1
2025-07-30 13:41:33.686526,PHY,0x4601,1,0,na,"[0,",0,0,1,439.8,+12.2dB,19.8us,"[0,",1,734.9,normal,0,valid,-14.7dB,-14.9dB,na,na,,,,
2025-07-30 13:41:33.690093,PHY,0x4601,2,,na,"[0,",,,11111,,+30.7dB,15.1us,"[0,",1,734.17,normal,0,valid,-11.9dB,-12.0dB,0.36us,+0.1Hz,,"[6,",,1
2025-07-30 13:41:33.691005,PHY,0x4601,1,0,na,"[0,",0,0,1,446.5,+12.2dB,15.8us,"[0,",1,734.18,normal,0,valid,-14.7dB,-14.9dB,na,na,,,,
2025-07-30 13:41:33.691484,PHY,0x4601,1,0,na,"[0,",0,0,1,416.7,+11.9dB,18.1us,"[0,",1,734.19,normal,0,valid,-14.7dB,-14.9dB,na,na,,,,
2025-07-30 13:41:33.695974,PHY,0x4601,1,0,na,"[0,",0,0,1,425.4,+12.0dB,16.6us,"[0,",1,735.8,normal,0,valid,-14.7dB,-14.9dB,na,na,,,,
2025-07-30 13:41:33.696460,PHY,0x4601,1,0,na,"[0,",0,0,1,416.2,+11.9dB,17.2us,"[0,",1,735.9,normal,0,valid,-14.7dB,-14.9dB,na,na,,,,
2025-07-30 13:41:33.700112,PHY,0x4601,2,,na,"[0,",,,11111,,+32.0dB,17.5us,"[0,",1,735.17,normal,0,valid,-11.9dB,-12.0dB,0.33us,-63.7Hz,,"[6,",,1
2025-07-30 13:41:33.701046,PHY,0x4601,1,0,na,"[0,",0,0,1,445.8,+12.2dB,19.9us,"[0,",1,735.18,normal,0,valid,-14.7dB,-15.0dB,na,na,,,,
2025-07-30 13:41:33.701507,PHY,0x4601,1,0,na,"[0,",0,0,1,437.9,+12.2dB,15.2us,"[0,",1,735.19,normal,0,valid,-14.6dB,-14.9dB,na,na,,,,
2025-07-30 13:41:33.705609,CSI,0x4601,2,,na,"[0,",,,1,,+29.9dB,12.9us,"[0,",1,736.8,normal,0,valid,-11.9dB,-12.0dB,0.38us,-3.6Hz,,"[6,",1111,1
2025-07-30 13:41:33.706478,PHY,0x4601,1,0,na,"[0,",0,0,1,418.1,+12.0dB,17.8us,"[0,",1,736.9,normal,0,valid,-14.7dB,-14.9dB,na,na,,,,
2025-07-30 13:41:33.710010,PHY,0x4601,2,,na,"[0,",,,11111,,+31.1dB,16.4us,"[0,",1,736.17,normal,0,valid,-11.9dB,-12.0dB,0.36us,+3.2Hz,,"[6,",,1
2025-07-30 13:41:33.710963,PHY,0x4601,1,0,na,"[0,",0,0,1,364.5,+11.3dB,19.6us,"[0,",1,736.18,normal,0,valid,-14.7dB,-15.0dB,na,na,,,,
2025-07-30 13:41:33.711544,PHY,0x4601,1,0,na,"[0,",0,0,1,370.6,+11.4dB,14.5us,"[0,",1,736.19,normal,0,valid,-14.6dB,-15.0dB,na,na,,,,
2025-07-30 13:41:33.716031,PHY,0x4601,1,0,na,"[0,",0,0,1,432.5,+12.1dB,21.6us,"[0,",1,737.8,normal,0,valid,-14.6dB,-14.9dB,na,na,,,,
2025-07-30 13:41:33.716513,PHY,0x4601,1,0,na,"[0,",0,0,1,443.8,+12.2dB,16.2us,"[0,",1,737.9,normal,0,valid,-14.7dB,-15.0dB,na,na,,,,
2025-07-30 13:41:33.720046,PHY,0x4601,2,,na,"[0,",,,11111,,+28.5dB,16.9us,"[0,",1,737.17,normal,0,valid,-11.8dB,-11.9dB,0.35us,+86.1Hz,,"[6,",,1
2025-07-30 13:41:33.720987,PHY,0x4601,1,0,na,"[0,",0,0,1,377.6,+11.5dB,17.2us,"[0,",1,737.18,normal,0,valid,-14.7dB,-15.0dB,na,na,,,,
2025-07-30 13:41:33.721465,PHY,0x4601,1,0,na,"[0,",0,0,1,352.4,+11.2dB,17.6us,"[0,",1,737.19,normal,0,valid,-14.7dB,-15.0dB,na,na,,,,
2025-07-30 13:41:33.725623,CSI,0x4601,2,,na,"[0,",,,1,,+33.4dB,15.5us,"[0,",1,738.8,normal,0,valid,-11.8dB,-12.0dB,0.37us,+4.1Hz,,"[6,",1111,1
2025-07-30 13:41:33.726545,PHY,0x4601,1,0,na,"[0,",0,0,1,440.4,+12.2dB,18.0us,"[0,",1,738.9,normal,0,valid,-14.7dB,-14.9dB,na,na,,,,
2025-07-30 13:41:33.730112,PHY,0x4601,2,,na,"[0,",,,11111,,+31.6dB,14.9us,"[0,",1,738.17,normal,0,valid,-12.0dB,-12.1dB,0.34us,-47.4Hz,,"[6,",,1
2025-07-30 13:41:33.731032,PHY,0x4601,1,0,na,"[0,",0,0,1,373.9,+11.5dB,25.1us,"[0,",1,738.18,normal,0,valid,-14.7dB,-15.0dB,na,na,,,,
2025-07-30 13:41:33.731496,PHY,0x4601,1,0,na,"[0,",0,0,1,363.4,+11.3dB,18.9us,"[0,",1,738.19,normal,0,valid,-14.7dB,-15.0dB,na,na,,,,
2025-07-30 13:41:33.735998,PHY,0x4601,1,0,na,"[0,",0,0,1,432.5,+12.1dB,20.7us,"[0,",1,739.8,normal,0,valid,-14.7dB,-14.9dB,na,na,,,,
2025-07-30 13:41:33.736458,PHY,0x4601,1,0,na,"[0,",0,0,1,438.2,+12.2dB,18.1us,"[0,",1,739.9,normal,0,valid,-14.7dB,-14.9dB,na,na,,,,
2025-07-30 13:41:33.740132,PHY,0x4601,2,,na,"[0,",,,11111,,+29.8dB,15.0us,"[0,",1,739.17,normal,0,valid,-11.8dB,-12.0dB,0.36us,-28.2Hz,,"[6,",,1
2025-07-30 13:41:33.740954,PHY,0x4601,1,0,na,"[0,",0,0,1,422.9,+12.0dB,23.8us,"[0,",1,739.18,normal,0,valid,-14.7dB,-14.9dB,na,na,,,,
2025-07-30 13:41:33.741529,PHY,0x4601,1,0,na,"[0,",0,0,1,432.0,+12.1dB,14.4us,"[0,",1,739.19,normal,0,valid,-14.7dB,-14.9dB,na,na,,,,
2025-07-30 13:41:33.745623,CSI,0x4601,2,,na,"[0,",,,1,,+29.3dB,14.0us,"[0,",1,740.8,normal,0,valid,-11.8dB,-11.9dB,0.36us,-46.0Hz,,"[6,",1111,1
2025-07-30 13:41:33.746494,PHY,0x4601,1,0,na,"[0,",0,0,1,363.8,+11.4dB,21.1us,"[0,",1,740.9,normal,0,valid,-14.7dB,-15.0dB,na,na,,,,
2025-07-30 13:41:33.750028,PHY,0x4601,2,,na,"[0,",,,11111,,+33.5dB,14.5us,"[0,",1,740.17,normal,0,valid,-11.9dB,-12.0dB,0.33us,-48.3Hz,,"[6,",,1
2025-07-30 13:41:33.750981,PHY,0x4601,1,0,na,"[0,",0,0,1,442.4,+12.2dB,20.1us,"[0,",1,740.18,normal,0,valid,-14.7dB,-14.9dB,na,na,,,,
2025-07-30 13:41:33.751448,PHY,0x4601,1,0,na,"[0,",0,0,1,441.2,+12.2dB,14.8us,"[0,",1,740.19,normal,0,valid,-14.7dB,-14.9dB,na,na,,,,
2025-07-30 13:41:33.755951,PHY,0x4601,1,0,na,"[0,",0,0,1,420.4,+12.0dB,17.0us,"[0,",1,741.8,normal,0,valid,-14.6dB,-14.9dB,na,na,,,,
2025-07-30 13:41:33.756540,PHY,0x4601,1,0,na,"[0,",0,0,1,447.2,+12.2dB,24.4us,"[0,",1,741.9,normal,0,valid,-14.6dB,-14.9dB,na,na,,,,
2025-07-30 13:41:33.760101,PHY,0x4601,2,,na,"[0,",,,11111,,+32.1dB,15.0us,"[0,",1,741.17,normal,0,valid,-12.0dB,-12.1dB,0.33us,+79.7Hz,,"[6,",,1
2025-07-30 13:41:33.761018,PHY,0x4601,1,0,na,"[0,",0,0,1,429.5,+12.1dB,23.3us,"[0,",1,741.18,normal,0,valid,-14.7dB,-14.9dB,na,na,,,,
2025-07-30 13:41:33.761480,PHY,0x4601,1,0,na,"[0,",0,0,1,444.0,+12.2dB,15.5us,"[0,",1,741.19,normal,0,valid,-14.7dB,-15.0dB,na,na,,,,
2025-07-30 13:41:33.765614,CSI,0x4601,2,,na,"[0,",,,1,,+31.2dB,13.5us,"[0,",1,742.8,normal,0,valid,-11.8dB,-11.9dB,0.35us,-99.4Hz,,"[6,",1111,1
2025-07-30 13:41:33.766444,PHY,0x4601,1,0,na,"[0,",0,0,1,366.2,+11.4dB,16.7us,"[0,",1,742.9,normal,0,valid,-14.7dB,-15.0dB,na,na,,,,
2025-07-30 13:41:33.770108,PHY,0x4601,2,,na,"[0,",,,11111,,+30.7dB,13.8us,"[0,",1,742.17,normal,0,valid,-11.9dB,-12.0dB,0.35us,+82.9Hz,,"[6,",,1
2025-07-30 13:41:33.771036,PHY,0x4601,1,0,na,"[0,",0,0,1,437.0,+12.1dB,15.9us,"[0,",1,742.18,normal,0,valid,-14.7dB,-14.9dB,na,na,,,,
2025-07-30 13:41:33.771525,PHY,0x4601,1,0,na,"[0,",0,0,1,425.7,+12.0dB,19.2us,"[0,",1,742.19,normal,0,valid,-14.6dB,-14.9dB,na,na,,,,
2025-07-30 13:41:33.776011,PHY,0x4601,1,0,na,"[0,",0,0,1,460.7,+12.4dB,17.6us,"[0,",1,743.8,normal,0,valid,-14.7dB,-14.9dB,na,na,,,,
2025-07-30 13:41:33.776489,PHY,0x4601,1,0,na,"[0,",0,0,1,428.8,+12.1dB,27.5us,"[0,",1,743.9,normal,0,valid,-14.7dB,-15.0dB,na,na,,,,
2025-07-30 13:41:33.780021,PHY,0x4601,2,,na,"[0,",,,11111,,+33.5dB,17.3us,"[0,",1,743.17,normal,0,valid,-12.0dB,-12.1dB,0.35us,-13.3Hz,,"[6,",,1
2025-07-30 13:41:33.780967,PHY,0x4601,1,0,na,"[0,",0,0,1,446.1,+12.3dB,16.0us,"[0,",1,743.18,normal,0,valid,-14.7dB,-14.9dB,na,na,,,,
2025-07-30 13:41:33.781445,PHY,0x4601,1,0,na,"[0,",0,0,1,451.0,+12.3dB,14.9us,"[0,",1,743.19,normal,0,valid,-14.7dB,-14.9dB,na,na,,,,
2025-07-30 13:41:33.785596,CSI,0x4601,2,,na,"[0,",,,1,,+31.1dB,13.3us,"[0,",1,744.8,normal,0,valid,-11.8dB,-11.9dB,0.37us,-59.4Hz,,"[6,",1111,1
2025-07-30 13:41:33.786513,PHY,0x4601,1,0,na,"[0,",0,0,1,359.1,+11.3dB,16.6us,"[0,",1,744.9,normal,0,valid,-14.7dB,-15.0dB,na,na,,,,
2025-07-30 13:41:33.790083,PHY,0x4601,2,,na,"[0,",,,11111,,+30.2dB,13.4us,"[0,",1,744.17,normal,0,valid,-11.9dB,-12.0dB,0.37us,+4.2Hz,,"[6,",,1
2025-07-30 13:41:33.791010,PHY,0x4601,1,0,na,"[0,",0,0,1,369.9,+11.4dB,27.2us,"[0,",1,744.18,normal,0,valid,-14.7dB,-15.0dB,na,na,,,,
2025-07-30 13:41:33.791470,PHY,0x4601,1,0,na,"[0,",0,0,1,354.1,+11.2dB,13.7us,"[0,",1,744.19,normal,0,valid,-14.7dB,-15.0dB,na,na,,,,
2025-07-30 13:41:33.795981,PHY,0x4601,1,0,na,"[0,",0,0,1,455.0,+12.3dB,17.1us,"[0,",1,745.8,normal,0,valid,-14.7dB,-14.9dB,na,na,,,,
2025-07-30 13:41:33.796542,PHY,0x4601,1,0,na,"[0,",0,0,1,430.8,+12.1dB,14.0us,"[0,",1,745.9,normal,0,valid,-14.7dB,-14.9dB,na,na,,,,
2025-07-30 13:41:33.800090,PHY,0x4601,2,,na,"[0,",,,11111,,+28.7dB,18.5us,"[0,",1,745.17,normal,0,valid,-11.9dB,-12.0dB,0.34us,+113.0Hz,,"[6,",,1
2025-07-30 13:41:33.801027,PHY,0x4601,1,0,na,"[0,",0,0,1,353.9,+11.2dB,15.5us,"[0,",1,745.18,normal,0,valid,-14.7dB,-15.0dB,na,na,,,,
2025-07-30 13:41:33.801504,PHY,0x4601,1,0,na,"[0,",0,0,1,348.9,+11.2dB,13.9us,"[0,",1,745.19,normal,0,valid,-14.7dB,-15.0dB,na,na,,,,
2025-07-30 13:41:33.805596,CSI,0x4601,2,,na,"[0,",,,1,,+32.2dB,12.4us,"[0,",1,746.8,normal,0,valid,-11.8dB,-11.9dB,0.34us,-26.9Hz,,"[6,",1111,1
2025-07-30 13:41:33.806472,PHY,0x4601,1,0,na,"[0,",0,0,1,367.7,+11.4dB,15.6us,"[0,",1,746.9,normal,0,valid,-14.7dB,-15.0dB,na,na,,,,
2025-07-30 13:41:33.810148,PHY,0x4601,2,,na,"[0,",,,11111,,+29.4dB,22.5us,"[0,",1,746.17,normal,0,valid,-11.8dB,-12.0dB,0.35us,+51.6Hz,,"[6,",,1
2025-07-30 13:41:33.810955,PHY,0x4601,1,0,na,"[0,",0,0,1,442.2,+12.2dB,17.5us,"[0,",1,746.18,normal,0,valid,-14.7dB,-14.9dB,na,na,,,,
2025-07-30 13:41:33.811548,PHY,0x4601,1,0,na,"[0,",0,0,1,436.1,+12.2dB,15.2us,"[0,",1,746.19,normal,0,valid,-14.7dB,-14.9dB,na,na,,,,
2025-07-30 13:41:33.816041,PHY,0x4601,1,0,na,"[0,",0,0,1,425.3,+12.0dB,17.9us,"[0,",1,747.8,normal,0,valid,-14.7dB,-14.9dB,na,na,,,,
2025-07-30 13:41:33.816524,PHY,0x4601,1,0,na,"[0,",0,0,1,422.8,+12.0dB,18.2us,"[0,",1,747.9,normal,0,valid,-14.7dB,-14.9dB,na,na,,,,
2025-07-30 13:41:33.820084,PHY,0x4601,2,,na,"[0,",,,11111,,+29.0dB,19.0us,"[0,",1,747.17,normal,0,valid,-11.9dB,-12.1dB,0.35us,+98.4Hz,,"[6,",,1
2025-07-30 13:41:33.820986,PHY,0x4601,1,0,na,"[0,",0,0,1,368.8,+11.4dB,17.5us,"[0,",1,747.18,normal,0,valid,-14.7dB,-15.0dB,na,na,,,,
2025-07-30 13:41:33.821467,PHY,0x4601,1,0,na,"[0,",0,0,1,374.2,+11.5dB,14.5us,"[0,",1,747.19,normal,0,valid,-14.7dB,-15.0dB,na,na,,,,
2025-07-30 13:41:33.825598,CSI,0x4601,2,,na,"[0,",,,1,,+31.7dB,13.9us,"[0,",1,748.8,normal,0,valid,-11.9dB,-12.0dB,0.35us,+2.4Hz,,"[6,",1111,1
2025-07-30 13:41:33.826536,PHY,0x4601,1,0,na,"[0,",0,0,1,354.8,+11.2dB,17.2us,"[0,",1,748.9,normal,0,valid,-14.7dB,-15.0dB,na,na,,,,
2025-07-30 13:41:33.830079,PHY,0x4601,2,,na,"[0,",,,11111,,+29.3dB,18.4us,"[0,",1,748.17,normal,0,valid,-12.0dB,-12.1dB,0.35us,+34.4Hz,,"[6,",,1
2025-07-30 13:41:33.831013,PHY,0x4601,1,0,na,"[0,",0,0,1,451.6,+12.3dB,16.3us,"[0,",1,748.18,normal,0,valid,-14.6dB,-14.9dB,na,na,,,,
2025-07-30 13:41:33.831501,PHY,0x4601,1,0,na,"[0,",0,0,1,420.6,+12.0dB,19.4us,"[0,",1,748.19,normal,0,valid,-14.7dB,-14.9dB,na,na,,,,
2025-07-30 13:41:33.835998,PHY,0x4601,1,0,na,"[0,",0,0,1,431.2,+12.1dB,20.7us,"[0,",1,749.8,normal,0,valid,-14.7dB,-14.9dB,na,na,,,,
2025-07-30 13:41:33.836464,PHY,0x4601,1,0,na,"[0,",0,0,1,409.6,+11.9dB,19.2us,"[0,",1,749.9,normal,0,valid,-14.7dB,-14.9dB,na,na,,,,
2025-07-30 13:41:33.840123,PHY,0x4601,2,,na,"[0,",,,11111,,+29.8dB,15.7us,"[0,",1,749.17,normal,0,valid,-11.9dB,-12.0dB,0.37us,+42.0Hz,,"[6,",,1
2025-07-30 13:41:33.840953,PHY,0x4601,1,0,na,"[0,",0,0,1,368.0,+11.4dB,19.6us,"[0,",1,749.18,normal,0,valid,-14.7dB,-15.0dB,na,na,,,,
2025-07-30 13:41:33.841525,PHY,0x4601,1,0,na,"[0,",0,0,1,367.4,+11.4dB,19.2us,"[0,",1,749.19,normal,0,valid,-14.7dB,-15.0dB,na,na,,,,
2025-07-30 13:41:33.845652,CSI,0x4601,2,,na,"[0,",,,1,,+32.8dB,13.6us,"[0,",1,750.8,normal,0,valid,-11.9dB,-12.0dB,0.37us,-26.3Hz,,"[6,",1111,1
2025-07-30 13:41:33.846490,PHY,0x4601,1,0,na,"[0,",0,0,1,421.7,+12.0dB,16.3us,"[0,",1,750.9,normal,0,valid,-14.7dB,-15.0dB,na,na,,,,
2025-07-30 13:41:33.850068,PHY,0x4601,2,,na,"[0,",,,11111,,+33.6dB,13.6us,"[0,",1,750.17,normal,0,valid,-12.0dB,-12.1dB,0.37us,+83.8Hz,,"[6,",,1
2025-07-30 13:41:33.850977,PHY,0x4601,1,0,na,"[0,",0,0,1,358.2,+11.3dB,15.6us,"[0,",1,750.18,normal,0,valid,-14.7dB,-15.0dB,na,na,,,,
2025-07-30 13:41:33.851455,PHY,0x4601,1,0,na,"[0,",0,0,1,378.4,+11.5dB,17.9us,"[0,",1,750.19,normal,0,valid,-14.7dB,-15.0dB,na,na,,,,
2025-07-30 13:41:33.856088,PHY,0x4601,1,0,na,"[0,",0,0,1,435.4,+12.1dB,20.1us,"[0,",1,751.8,normal,0,valid,-14.7dB,-14.9dB,na,na,,,,
2025-07-30 13:41:33.856529,PHY,0x4601,1,0,na,"[0,",0,0,1,432.4,+12.1dB,14.5us,"[0,",1,751.9,normal,0,valid,-14.7dB,-14.9dB,na,na,,,,
2025-07-30 13:41:33.860090,PHY,0x4601,2,,na,"[0,",,,11111,,+31.1dB,17.9us,"[0,",1,751.17,normal,0,valid,-11.9dB,-12.1dB,0.36us,-11.0Hz,,"[6,",,1
2025-07-30 13:41:33.861000,PHY,0x4601,1,0,na,"[0,",0,0,1,423.3,+12.0dB,15.7us,"[0,",1,751.18,normal,0,valid,-14.7dB,-14.9dB,na,na,,,,
2025-07-30 13:41:33.861487,PHY,0x4601,1,0,na,"[0,",0,0,1,437.7,+12.1dB,17.6us,"[0,",1,751.19,normal,0,valid,-14.7dB,-15.0dB,na,na,,,,
2025-07-30 13:41:33.865603,CSI,0x4601,2,,na,"[0,",,,1,,+29.4dB,13.2us,"[0,",1,752.8,normal,0,valid,-11.9dB,-12.0dB,0.36us,-75.8Hz,,"[6,",1111,1
2025-07-30 13:41:33.866442,PHY,0x4601,1,0,na,"[0,",0,0,1,373.1,+11.4dB,16.3us,"[0,",1,752.9,normal,0,valid,-14.7dB,-15.0dB,na,na,,,,
2025-07-30 13:41:33.870092,PHY,0x4601,2,,na,"[0,",,,11111,,+31.5dB,14.9us,"[0,",1,752.17,normal,0,valid,-11.8dB,-11.9dB,0.37us,-98.9Hz,,"[6,",,1
2025-07-30 13:41:33.871071,PHY,0x4601,1,0,na,"[0,",0,0,1,425.0,+12.0dB,16.1us,"[0,",1,752.18,normal,0,valid,-14.7dB,-14.9dB,na,na,,,,
2025-07-30 13:41:33.871510,PHY,0x4601,1,0,na,"[0,",0,0,1,428.0,+12.1dB,18.8us,"[0,",1,752.19,normal,0,valid,-14.7dB,-14.9dB,na,na,,,,
2025-07-30 13:41:33.876008,PHY,0x4601,1,0,na,"[0,",0,0,1,438.6,+12.2dB,20.9us,"[0,",1,753.8,normal,0,valid,-14.6dB,-14.9dB,na,na,,,,
2025-07-30 13:41:33.876503,PHY,0x4601,1,0,na,"[0,",0,0,1,416.6,+11.9dB,15.7us,"[0,",1,753.9,normal,0,valid,-14.7dB,-15.0dB,na,na,,,,
2025-07-30 13:41:33.880021,PHY,0x4601,2,,na,"[0,",,,11111,,+30.9dB,15.5us,"[0,",1,753.17,normal,0,valid,-11.8dB,-11.9dB,0.36us,+106.7Hz,,"[6,",,1
2025-07-30 13:41:33.880967,PHY,0x4601,1,0,na,"[0,",0,0,1,366.6,+11.4dB,16.0us,"[0,",1,753.18,normal,0,valid,-14.6dB,-14.9dB,na,na,,,,
2025-07-30 13:41:33.881583,PHY,0x4601,1,0,na,"[0,",0,0,1,356.0,+11.3dB,18.8us,"[0,",1,753.19,normal,0,valid,-14.7dB,-15.0dB,na,na,,,,
2025-07-30 13:41:33.885568,CSI,0x4601,2,,na,"[0,",,,1,,+30.0dB,12.2us,"[0,",1,754.8,normal,0,valid,-11.8dB,-11.9dB,0.38us,-33.5Hz,,"[6,",1111,1
2025-07-30 13:41:33.886510,PHY,0x4601,1,0,na,"[0,",0,0,1,420.0,+11.9dB,20.2us,"[0,",1,754.9,normal,0,valid,-14.7dB,-15.0dB,na,na,,,,
2025-07-30 13:41:33.890044,PHY,0x4601,2,,na,"[0,",,,11111,,+29.8dB,13.6us,"[0,",1,754.17,normal,0,valid,-11.9dB,-12.0dB,0.36us,-28.8Hz,,"[6,",,1
2025-07-30 13:41:33.890980,PHY,0x4601,1,0,na,"[0,",0,0,1,436.9,+12.2dB,16.8us,"[0,",1,754.18,normal,0,valid,-14.6dB,-14.9dB,na,na,,,,
2025-07-30 13:41:33.891476,PHY,0x4601,1,0,na,"[0,",0,0,1,437.2,+12.2dB,18.1us,"[0,",1,754.19,normal,0,valid,-14.7dB,-14.9dB,na,na,,,,
2025-07-30 13:41:33.895974,PHY,0x4601,1,0,na,"[0,",0,0,1,437.2,+12.2dB,20.2us,"[0,",1,755.8,normal,0,valid,-14.7dB,-14.9dB,na,na,,,,
2025-07-30 13:41:33.896537,PHY,0x4601,1,0,na,"[0,",0,0,1,443.8,+12.2dB,15.4us,"[0,",1,755.9,normal,0,valid,-14.6dB,-14.9dB,na,na,,,,
2025-07-30 13:41:33.900087,PHY,0x4601,2,,na,"[0,",,,11111,,+31.8dB,17.8us,"[0,",1,755.17,normal,0,valid,-11.8dB,-12.0dB,0.37us,+17.2Hz,,"[6,",,1
2025-07-30 13:41:33.901075,PHY,0x4601,1,0,na,"[0,",0,0,1,360.1,+11.3dB,23.0us,"[0,",1,755.18,normal,0,valid,-14.7dB,-15.0dB,na,na,,,,
2025-07-30 13:41:33.901498,PHY,0x4601,1,0,na,"[0,",0,0,1,360.8,+11.3dB,18.8us,"[0,",1,755.19,normal,0,valid,-14.6dB,-15.0dB,na,na,,,,
2025-07-30 13:41:33.905597,CSI,0x4601,2,,na,"[0,",,,1,,+30.8dB,15.0us,"[0,",1,756.8,normal,0,valid,-11.9dB,-12.0dB,0.37us,+4.2Hz,,"[6,",1111,1
2025-07-30 13:41:33.906468,PHY,0x4601,1,0,na,"[0,",0,0,1,362.6,+11.3dB,15.7us,"[0,",1,756.9,normal,0,valid,-14.7dB,-15.0dB,na,na,,,,
2025-07-30 13:41:33.910129,PHY,0x4601,2,,na,"[0,",,,11111,,+29.4dB,14.1us,"[0,",1,756.17,normal,0,valid,-11.9dB,-12.1dB,0.37us,-21.5Hz,,"[6,",,1
2025-07-30 13:41:33.910965,PHY,0x4601,1,0,na,"[0,",0,0,1,366.2,+11.4dB,16.3us,"[0,",1,756.18,normal,0,valid,-14.6dB,-14.9dB,na,na,,,,
2025-07-30 13:41:33.911566,PHY,0x4601,1,0,na,"[0,",0,0,1,369.5,+11.4dB,14.6us,"[0,",1,756.19,normal,0,valid,-14.7dB,-15.0dB,na,na,,,,
2025-07-30 13:41:33.916061,PHY,0x4601,1,0,na,"[0,",0,0,1,443.1,+12.2dB,19.9us,"[0,",1,757.8,normal,0,valid,-14.7dB,-14.9dB,na,na,,,,
2025-07-30 13:41:33.916499,PHY,0x4601,1,0,na,"[0,",0,0,1,424.8,+12.0dB,28.7us,"[0,",1,757.9,normal,0,valid,-14.7dB,-14.9dB,na,na,,,,
2025-07-30 13:41:33.920032,PHY,0x4601,2,,na,"[0,",,,11111,,+32.2dB,15.8us,"[0,",1,757.17,normal,0,valid,-11.9dB,-12.0dB,0.35us,+5.2Hz,,"[6,",,1
2025-07-30 13:41:33.920976,PHY,0x4601,1,0,na,"[0,",0,0,1,382.3,+11.6dB,18.1us,"[0,",1,757.18,normal,0,valid,-14.7dB,-15.0dB,na,na,,,,
2025-07-30 13:41:33.921483,PHY,0x4601,1,0,na,"[0,",0,0,1,349.1,+11.2dB,14.9us,"[0,",1,757.19,normal,0,valid,-14.7dB,-15.0dB,na,na,,,,
2025-07-30 13:41:33.925588,CSI,0x4601,2,,na,"[0,",,,1,,+29.8dB,14.9us,"[0,",1,758.8,normal,0,valid,-11.7dB,-11.9dB,0.38us,-54.2Hz,,"[6,",1111,1
2025-07-30 13:41:33.926567,PHY,0x4601,1,0,na,"[0,",0,0,1,364.9,+11.4dB,16.0us,"[0,",1,758.9,normal,0,valid,-14.7dB,-15.0dB,na,na,,,,
2025-07-30 13:41:33.930092,PHY,0x4601,2,,na,"[0,",,,11111,,+32.0dB,23.2us,"[0,",1,758.17,normal,0,valid,-11.8dB,-11.9dB,0.35us,-74.7Hz,,"[6,",,1
2025-07-30 13:41:33.931006,PHY,0x4601,1,0,na,"[0,",0,0,1,375.5,+11.5dB,15.9us,"[0,",1,758.18,normal,0,valid,-14.7dB,-15.0dB,na,na,,,,
2025-07-30 13:41:33.931477,PHY,0x4601,1,0,na,"[0,",0,0,1,354.1,+11.2dB,14.4us,"[0,",1,758.19,normal,0,valid,-14.7dB,-15.0dB,na,na,,,,
2025-07-30 13:41:33.936001,PHY,0x4601,1,0,na,"[0,",0,0,1,436.9,+12.1dB,21.2us,"[0,",1,759.8,normal,0,valid,-14.7dB,-15.0dB,na,na,,,,
2025-07-30 13:41:33.936449,PHY,0x4601,1,0,na,"[0,",0,0,1,422.3,+12.0dB,14.8us,"[0,",1,759.9,normal,0,valid,-14.7dB,-14.9dB,na,na,,,,
2025-07-30 13:41:33.940120,PHY,0x4601,2,,na,"[0,",,,11111,,+31.6dB,16.0us,"[0,",1,759.17,normal,0,valid,-11.8dB,-11.9dB,0.36us,-68.9Hz,,"[6,",,1
2025-07-30 13:41:33.941041,PHY,0x4601,1,0,na,"[0,",0,0,1,355.4,+11.2dB,16.5us,"[0,",1,759.18,normal,0,valid,-14.7dB,-15.0dB,na,na,,,,
2025-07-30 13:41:33.941524,PHY,0x4601,1,0,na,"[0,",0,0,1,363.6,+11.4dB,20.6us,"[0,",1,759.19,normal,0,valid,-14.7dB,-15.0dB,na,na,,,,
2025-07-30 13:41:33.945622,CSI,0x4601,2,,na,"[0,",,,1,,+31.0dB,12.7us,"[0,",1,760.8,normal,0,valid,-11.9dB,-12.0dB,0.35us,+83.4Hz,,"[6,",1111,1
2025-07-30 13:41:33.946486,PHY,0x4601,1,0,na,"[0,",0,0,1,429.8,+12.1dB,19.2us,"[0,",1,760.9,normal,0,valid,-14.7dB,-14.9dB,na,na,,,,
2025-07-30 13:41:33.950019,PHY,0x4601,2,,na,"[0,",,,11111,,+30.3dB,13.5us,"[0,",1,760.17,normal,0,valid,-11.8dB,-11.9dB,0.36us,+42.0Hz,,"[6,",,1
2025-07-30 13:41:33.950963,PHY,0x4601,1,0,na,"[0,",0,0,1,372.8,+11.5dB,16.9us,"[0,",1,760.18,normal,0,valid,-14.6dB,-14.9dB,na,na,,,,
2025-07-30 13:41:33.951464,PHY,0x4601,1,0,na,"[0,",0,0,1,363.9,+11.4dB,14.7us,"[0,",1,760.19,normal,0,valid,-14.6dB,-14.9dB,na,na,,,,
2025-07-30 13:41:33.956032,PHY,0x4601,1,0,na,"[0,",0,0,1,438.7,+12.1dB,16.4us,"[0,",1,761.8,normal,0,valid,-14.7dB,-15.0dB,na,na,,,,
2025-07-30 13:41:33.956542,PHY,0x4601,1,0,na,"[0,",0,0,1,423.6,+12.0dB,14.6us,"[0,",1,761.9,normal,0,valid,-14.7dB,-14.9dB,na,na,,,,
2025-07-30 13:41:33.960068,PHY,0x4601,2,,na,"[0,",,,11111,,+32.2dB,17.1us,"[0,",1,761.17,normal,0,valid,-11.9dB,-12.0dB,0.35us,-31.9Hz,,"[6,",,1
2025-07-30 13:41:33.960995,PHY,0x4601,1,0,na,"[0,",0,0,1,429.1,+12.1dB,15.5us,"[0,",1,761.18,normal,0,valid,-14.6dB,-14.9dB,na,na,,,,
2025-07-30 13:41:33.961477,PHY,0x4601,1,0,na,"[0,",0,0,1,435.4,+12.1dB,23.8us,"[0,",1,761.19,normal,0,valid,-14.7dB,-14.9dB,na,na,,,,
2025-07-30 13:41:33.965640,CSI,0x4601,2,,na,"[0,",,,1,,+31.5dB,18.4us,"[0,",1,762.8,normal,0,valid,-11.8dB,-11.9dB,0.37us,+20.3Hz,,"[6,",1111,1
2025-07-30 13:41:33.966548,PHY,0x4601,1,0,na,"[0,",0,0,1,358.5,+11.3dB,17.6us,"[0,",1,762.9,normal,0,valid,-14.7dB,-15.0dB,na,na,,,,
2025-07-30 13:41:33.970111,PHY,0x4601,2,,na,"[0,",,,11111,,+32.4dB,15.1us,"[0,",1,762.17,normal,0,valid,-11.9dB,-12.0dB,0.37us,+44.5Hz,,"[6,",,1
2025-07-30 13:41:33.971035,PHY,0x4601,1,0,na,"[0,",0,0,1,457.6,+12.3dB,17.4us,"[0,",1,762.18,normal,0,valid,-14.7dB,-15.0dB,na,na,,,,
2025-07-30 13:41:33.971501,PHY,0x4601,1,0,na,"[0,",0,0,1,447.5,+12.2dB,18.1us,"[0,",1,762.19,normal,0,valid,-14.7dB,-14.9dB,na,na,,,,
2025-07-30 13:41:33.975993,PHY,0x4601,1,0,na,"[0,",0,0,1,441.4,+12.2dB,17.3us,"[0,",1,763.8,normal,0,valid,-14.7dB,-14.9dB,na,na,,,,
2025-07-30 13:41:33.976460,PHY,0x4601,1,0,na,"[0,",0,0,1,426.3,+12.0dB,15.0us,"[0,",1,763.9,normal,0,valid,-14.7dB,-15.0dB,na,na,,,,
2025-07-30 13:41:33.980143,PHY,0x4601,2,,na,"[0,",,,11111,,+29.9dB,16.6us,"[0,",1,763.17,normal,0,valid,-11.9dB,-12.0dB,0.35us,+5.7Hz,,"[6,",,1
2025-07-30 13:41:33.980950,PHY,0x4601,1,0,na,"[0,",0,0,1,356.4,+11.3dB,17.1us,"[0,",1,763.18,normal,0,valid,-14.7dB,-15.0dB,na,na,,,,
2025-07-30 13:41:33.981535,PHY,0x4601,1,0,na,"[0,",0,0,1,360.5,+11.3dB,14.8us,"[0,",1,763.19,normal,0,valid,-14.7dB,-15.0dB,na,na,,,,
2025-07-30 13:41:33.985671,CSI,0x4601,2,,na,"[0,",,,1,,+30.4dB,14.1us,"[0,",1,764.8,normal,0,valid,-11.9dB,-12.0dB,0.37us,-21.3Hz,,"[6,",1111,1
2025-07-30 13:41:33.986494,PHY,0x4601,1,0,na,"[0,",0,0,1,370.1,+11.5dB,15.6us,"[0,",1,764.9,normal,0,valid,-14.7dB,-15.0dB,na,na,,,,
2025-07-30 13:41:33.990038,PHY,0x4601,2,,na,"[0,",,,11111,,+28.8dB,14.3us,"[0,",1,764.17,normal,0,valid,-11.9dB,-12.0dB,0.38us,+66.1Hz,,"[6,",,1
2025-07-30 13:41:33.990981,PHY,0x4601,1,0,na,"[0,",0,0,1,374.2,+11.5dB,17.1us,"[0,",1,764.18,normal,0,valid,-14.7dB,-14.9dB,na,na,,,,
2025-07-30 13:41:33.991453,PHY,0x4601,1,0,na,"[0,",0,0,1,361.6,+11.3dB,14.3us,"[0,",1,764.19,normal,0,valid,-14.7dB,-15.0dB,na,na,,,,
2025-07-30 13:41:33.995954,PHY,0x4601,1,0,na,"[0,",0,0,1,430.5,+12.1dB,18.2us,"[0,",1,765.8,normal,0,valid,-14.6dB,-14.9dB,na,na,,,,
2025-07-30 13:41:33.996536,PHY,0x4601,1,0,na,"[0,",0,0,1,420.5,+12.0dB,17.8us,"[0,",1,765.9,normal,0,valid,-14.7dB,-14.9dB,na,na,,,,
2025-07-30 13:41:34.000114,PHY,0x4601,2,,na,"[0,",,,11111,,+31.6dB,15.3us,"[0,",1,765.17,normal,0,valid,-11.9dB,-12.1dB,0.36us,+9.5Hz,,"[6,",,1
2025-07-30 13:41:34.001017,PHY,0x4601,1,0,na,"[0,",0,0,1,424.3,+12.0dB,17.2us,"[0,",1,765.18,normal,0,valid,-14.7dB,-15.0dB,na,na,,,,
2025-07-30 13:41:34.001485,PHY,0x4601,1,0,na,"[0,",0,0,1,435.0,+12.1dB,14.4us,"[0,",1,765.19,normal,0,valid,-14.7dB,-14.9dB,na,na,,,,
2025-07-30 13:41:34.005624,CSI,0x4601,2,,na,"[0,",,,1,,+30.2dB,17.2us,"[0,",1,766.8,normal,0,valid,-11.7dB,-11.9dB,0.37us,-44.4Hz,,"[6,",1111,1
2025-07-30 13:41:34.006459,PHY,0x4601,1,0,na,"[0,",0,0,1,425.9,+12.1dB,19.5us,"[0,",1,766.9,normal,0,valid,-14.7dB,-14.9dB,na,na,,,,
2025-07-30 13:41:34.010129,PHY,0x4601,2,,na,"[0,",,,11111,,+30.2dB,15.9us,"[0,",1,766.17,normal,0,valid,-11.8dB,-11.9dB,0.36us,-57.1Hz,,"[6,",,1
2025-07-30 13:41:34.010944,PHY,0x4601,1,0,na,"[0,",0,0,1,436.5,+12.2dB,16.5us,"[0,",1,766.18,normal,0,valid,-14.7dB,-14.9dB,na,na,,,,
2025-07-30 13:41:34.011524,PHY,0x4601,1,0,na,"[0,",0,0,1,431.3,+12.1dB,14.7us,"[0,",1,766.19,normal,0,valid,-14.7dB,-14.9dB,na,na,,,,
2025-07-30 13:41:34.016013,PHY,0x4601,1,0,na,"[0,",0,0,1,435.1,+12.1dB,16.8us,"[0,",1,767.8,normal,0,valid,-14.7dB,-14.9dB,na,na,,,,
2025-07-30 13:41:34.016490,PHY,0x4601,1,0,na,"[0,",0,0,1,414.9,+11.9dB,27.5us,"[0,",1,767.9,normal,0,valid,-14.7dB,-14.9dB,na,na,,,,
2025-07-30 13:41:34.020038,PHY,0x4601,2,,na,"[0,",,,11111,,+29.0dB,28.2us,"[0,",1,767.17,normal,0,valid,-11.8dB,-12.0dB,0.37us,+2.2Hz,,"[6,",,1
2025-07-30 13:41:34.020975,PHY,0x4601,1,0,na,"[0,",0,0,1,424.7,+12.0dB,16.9us,"[0,",1,767.18,normal,0,valid,-14.6dB,-14.9dB,na,na,,,,
2025-07-30 13:41:34.021450,PHY,0x4601,1,0,na,"[0,",0,0,1,424.6,+12.0dB,18.0us,"[0,",1,767.19,normal,0,valid,-14.6dB,-14.9dB,na,na,,,,
2025-07-30 13:41:34.025601,CSI,0x4601,2,,na,"[0,",,,1,,+31.5dB,16.6us,"[0,",1,768.8,normal,0,valid,-11.9dB,-12.0dB,0.37us,-17.6Hz,,"[6,",1111,1
2025-07-30 13:41:34.026523,PHY,0x4601,1,0,na,"[0,",0,0,1,361.0,+11.3dB,24.0us,"[0,",1,768.9,normal,0,valid,-14.7dB,-15.0dB,na,na,,,,
2025-07-30 13:41:34.030093,PHY,0x4601,2,,na,"[0,",,,11111,,+31.9dB,19.1us,"[0,",1,768.17,normal,0,valid,-11.9dB,-12.0dB,0.37us,-23.9Hz,,"[6,",,1
2025-07-30 13:41:34.031006,PHY,0x4601,1,0,na,"[0,",0,0,1,368.6,+11.4dB,16.5us,"[0,",1,768.18,normal,0,valid,-14.7dB,-15.0dB,na,na,,,,
2025-07-30 13:41:34.031480,PHY,0x4601,1,0,na,"[0,",0,0,1,358.3,+11.3dB,14.0us,"[0,",1,768.19,normal,0,valid,-14.7dB,-15.0dB,na,na,,,,
2025-07-30 13:41:34.035972,PHY,0x4601,1,0,na,"[0,",0,0,1,421.0,+12.0dB,16.3us,"[0,",1,769.8,normal,0,valid,-14.7dB,-14.9dB,na,na,,,,
2025-07-30 13:41:34.036436,PHY,0x4601,1,0,na,"[0,",0,0,1,431.7,+12.1dB,14.9us,"[0,",1,769.9,normal,0,valid,-14.7dB,-14.9dB,na,na,,,,
2025-07-30 13:41:34.040084,PHY,0x4601,2,,na,"[0,",,,11111,,+32.0dB,15.6us,"[0,",1,769.17,normal,0,valid,-11.9dB,-12.0dB,0.36us,+36.3Hz,,"[6,",,1
2025-07-30 13:41:34.041053,PHY,0x4601,1,0,na,"[0,",0,0,1,429.1,+12.1dB,20.4us,"[0,",1,769.18,normal,0,valid,-14.7dB,-14.9dB,na,na,,,,
2025-07-30 13:41:34.041509,PHY,0x4601,1,0,na,"[0,",0,0,1,439.6,+12.2dB,13.8us,"[0,",1,769.19,normal,0,valid,-14.6dB,-14.9dB,na,na,,,,
2025-07-30 13:41:34.045608,CSI,0x4601,2,,na,"[0,",,,1,,+29.6dB,14.5us,"[0,",1,770.8,normal,0,valid,-11.8dB,-11.9dB,0.37us,-163.6Hz,,"[6,",1111,1
2025-07-30 13:41:34.046477,PHY,0x4601,1,0,na,"[0,",0,0,1,427.9,+12.1dB,16.0us,"[0,",1,770.9,normal,0,valid,-14.7dB,-14.9dB,na,na,,,,
2025-07-30 13:41:34.050021,PHY,0x4601,2,,na,"[0,",,,11111,,+29.1dB,25.3us,"[0,",1,770.17,normal,0,valid,-11.8dB,-12.0dB,0.36us,-15.3Hz,,"[6,",,1
2025-07-30 13:41:34.050960,PHY,0x4601,1,0,na,"[0,",0,0,1,448.9,+12.3dB,15.7us,"[0,",1,770.18,normal,0,valid,-14.7dB,-14.9dB,na,na,,,,
2025-07-30 13:41:34.051546,PHY,0x4601,1,0,na,"[0,",0,0,1,427.0,+12.0dB,22.6us,"[0,",1,770.19,normal,0,valid,-14.7dB,-15.0dB,na,na,,,,
2025-07-30 13:41:34.056025,PHY,0x4601,1,0,na,"[0,",0,0,1,428.7,+12.1dB,17.3us,"[0,",1,771.8,normal,0,valid,-14.7dB,-15.0dB,na,na,,,,
2025-07-30 13:41:34.056532,PHY,0x4601,1,0,na,"[0,",0,0,1,425.0,+12.0dB,17.9us,"[0,",1,771.9,normal,0,valid,-14.7dB,-15.0dB,na,na,,,,
2025-07-30 13:41:34.060089,PHY,0x4601,2,,na,"[0,",,,11111,,+31.5dB,17.6us,"[0,",1,771.17,normal,0,valid,-11.9dB,-12.0dB,0.34us,+19.7Hz,,"[6,",,1
2025-07-30 13:41:34.060992,PHY,0x4601,1,0,na,"[0,",0,0,1,372.8,+11.5dB,16.1us,"[0,",1,771.18,normal,0,valid,-14.7dB,-15.0dB,na,na,,,,
2025-07-30 13:41:34.061470,PHY,0x4601,1,0,na,"[0,",0,0,1,363.2,+11.3dB,14.4us,"[0,",1,771.19,normal,0,valid,-14.7dB,-15.0dB,na,na,,,,
2025-07-30 13:41:34.065611,CSI,0x4601,2,,na,"[0,",,,1,,+30.2dB,14.7us,"[0,",1,772.8,normal,0,valid,-11.9dB,-12.0dB,0.36us,+105.4Hz,,"[6,",1111,1
2025-07-30 13:41:34.066548,PHY,0x4601,1,0,na,"[0,",0,0,1,426.5,+12.0dB,21.2us,"[0,",1,772.9,normal,0,valid,-14.7dB,-15.0dB,na,na,,,,
2025-07-30 13:41:34.070077,PHY,0x4601,2,,na,"[0,",,,11111,,+31.3dB,15.7us,"[0,",1,772.17,normal,0,valid,-11.9dB,-12.0dB,0.36us,-97.7Hz,,"[6,",,1
2025-07-30 13:41:34.071018,PHY,0x4601,1,0,na,"[0,",0,0,1,428.9,+12.1dB,16.8us,"[0,",1,772.18,normal,0,valid,-14.6dB,-14.9dB,na,na,,,,
2025-07-30 13:41:34.071497,PHY,0x4601,1,0,na,"[0,",0,0,1,420.5,+12.0dB,15.9us,"[0,",1,772.19,normal,0,valid,-14.7dB,-14.9dB,na,na,,,,
2025-07-30 13:41:34.075991,PHY,0x4601,1,0,na,"[0,",0,0,1,448.5,+12.3dB,21.3us,"[0,",1,773.8,normal,0,valid,-14.7dB,-14.9dB,na,na,,,,
2025-07-30 13:41:34.076457,PHY,0x4601,1,0,na,"[0,",0,0,1,434.0,+12.1dB,15.6us,"[0,",1,773.9,normal,0,valid,-14.7dB,-14.9dB,na,na,,,,
2025-07-30 13:41:34.080109,PHY,0x4601,2,,na,"[0,",,,11111,,+30.7dB,16.1us,"[0,",1,773.17,normal,0,valid,-11.8dB,-12.0dB,0.36us,+85.0Hz,,"[6,",,1
2025-07-30 13:41:34.080952,PHY,0x4601,1,0,na,"[0,",0,0,1,366.5,+11.4dB,16.2us,"[0,",1,773.18,normal,0,valid,-14.7dB,-15.0dB,na,na,,,,
2025-07-30 13:41:34.081522,PHY,0x4601,1,0,na,"[0,",0,0,1,359.5,+11.3dB,14.3us,"[0,",1,773.19,normal,0,valid,-14.7dB,-15.0dB,na,na,,,,
2025-07-30 13:41:34.085660,CSI,0x4601,2,,na,"[0,",,,1,,+31.0dB,11.5us,"[0,",1,774.8,normal,0,valid,-11.8dB,-11.9dB,0.35us,-45.2Hz,,"[6,",1111,1
2025-07-30 13:41:34.086516,PHY,0x4601,1,0,na,"[0,",0,0,1,420.1,+12.0dB,16.0us,"[0,",1,774.9,normal,0,valid,-14.7dB,-15.0dB,na,na,,,,
2025-07-30 13:41:34.090070,PHY,0x4601,2,,na,"[0,",,,11111,,+29.0dB,13.6us,"[0,",1,774.17,normal,0,valid,-11.9dB,-12.1dB,0.39us,+39.0Hz,,"[6,",,1
2025-07-30 13:41:34.090985,PHY,0x4601,1,0,na,"[0,",0,0,1,437.2,+12.2dB,17.1us,"[0,",1,774.18,normal,0,valid,-14.7dB,-14.9dB,na,na,,,,
2025-07-30 13:41:34.091455,PHY,0x4601,1,0,na,"[0,",0,0,1,436.3,+12.2dB,14.1us,"[0,",1,774.19,normal,0,valid,-14.7dB,-14.9dB,na,na,,,,
2025-07-30 13:41:34.095962,PHY,0x4601,1,0,na,"[0,",0,0,1,429.4,+12.1dB,21.4us,"[0,",1,775.8,normal,0,valid,-14.6dB,-14.9dB,na,na,,,,
2025-07-30 13:41:34.096537,PHY,0x4601,1,0,na,"[0,",0,0,1,426.7,+12.0dB,15.0us,"[0,",1,775.9,normal,0,valid,-14.6dB,-14.9dB,na,na,,,,
2025-07-30 13:41:34.100079,PHY,0x4601,2,,na,"[0,",,,11111,,+26.9dB,18.3us,"[0,",1,775.17,normal,0,valid,-11.9dB,-12.0dB,0.36us,-5.0Hz,,"[6,",,1
2025-07-30 13:41:34.101007,PHY,0x4601,1,0,na,"[0,",0,0,1,430.0,+12.1dB,16.0us,"[0,",1,775.18,normal,0,valid,-14.6dB,-14.9dB,na,na,,,,
2025-07-30 13:41:34.101487,PHY,0x4601,1,0,na,"[0,",0,0,1,413.0,+11.9dB,14.0us,"[0,",1,775.19,normal,0,valid,-14.7dB,-14.9dB,na,na,,,,
2025-07-30 13:41:34.105607,CSI,0x4601,2,,na,"[0,",,,1,,+30.0dB,15.3us,"[0,",1,776.8,normal,0,valid,-11.8dB,-11.9dB,0.37us,-170.9Hz,,"[6,",1111,1
2025-07-30 13:41:34.106452,PHY,0x4601,1,0,na,"[0,",0,0,1,445.4,+12.2dB,16.7us,"[0,",1,776.9,normal,0,valid,-14.7dB,-15.0dB,na,na,,,,
2025-07-30 13:41:34.110099,PHY,0x4601,2,,na,"[0,",,,11111,,+30.4dB,14.7us,"[0,",1,776.17,normal,0,valid,-11.9dB,-12.0dB,0.35us,-109.8Hz,,"[6,",,1
2025-07-30 13:41:34.111085,PHY,0x4601,1,0,na,"[0,",0,0,1,432.6,+12.1dB,17.6us,"[0,",1,776.18,normal,0,valid,-14.7dB,-14.9dB,na,na,,,,
2025-07-30 13:41:34.111511,PHY,0x4601,1,0,na,"[0,",0,0,1,416.4,+11.9dB,14.7us,"[0,",1,776.19,normal,0,valid,-14.6dB,-14.9dB,na,na,,,,
2025-07-30 13:41:34.116021,PHY,0x4601,1,0,na,"[0,",0,0,1,419.9,+12.0dB,16.4us,"[0,",1,777.8,normal,0,valid,-14.7dB,-14.9dB,na,na,,,,
2025-07-30 13:41:34.116501,PHY,0x4601,1,0,na,"[0,",0,0,1,426.2,+12.0dB,17.8us,"[0,",1,777.9,normal,0,valid,-14.7dB,-15.0dB,na,na,,,,
2025-07-30 13:41:34.120065,PHY,0x4601,2,,na,"[0,",,,11111,,+31.3dB,20.6us,"[0,",1,777.17,normal,0,valid,-11.9dB,-12.0dB,0.36us,+24.8Hz,,"[6,",,1
2025-07-30 13:41:34.120987,PHY,0x4601,1,0,na,"[0,",0,0,1,440.1,+12.2dB,15.9us,"[0,",1,777.18,normal,0,valid,-14.7dB,-14.9dB,na,na,,,,
2025-07-30 13:41:34.121461,PHY,0x4601,1,0,na,"[0,",0,0,1,424.1,+12.0dB,14.8us,"[0,",1,777.19,normal,0,valid,-14.6dB,-14.9dB,na,na,,,,
2025-07-30 13:41:34.125564,CSI,0x4601,2,,na,"[0,",,,1,,+32.3dB,12.6us,"[0,",1,778.8,normal,0,valid,-11.7dB,-11.8dB,0.37us,-144.4Hz,,"[6,",1111,1
2025-07-30 13:41:34.126505,PHY,0x4601,1,0,na,"[0,",0,0,1,441.4,+12.2dB,16.0us,"[0,",1,778.9,normal,0,valid,-14.7dB,-14.9dB,na,na,,,,
2025-07-30 13:41:34.130053,PHY,0x4601,2,,na,"[0,",,,11111,,+30.9dB,16.6us,"[0,",1,778.17,normal,0,valid,-11.9dB,-12.0dB,0.35us,+40.5Hz,,"[6,",,1
2025-07-30 13:41:34.130994,PHY,0x4601,1,0,na,"[0,",0,0,1,358.3,+11.3dB,15.8us,"[0,",1,778.18,normal,0,valid,-14.7dB,-15.0dB,na,na,,,,
2025-07-30 13:41:34.131487,PHY,0x4601,1,0,na,"[0,",0,0,1,354.3,+11.2dB,13.9us,"[0,",1,778.19,normal,0,valid,-14.6dB,-15.0dB,na,na,,,,
2025-07-30 13:41:34.135998,PHY,0x4601,1,0,na,"[0,",0,0,1,433.8,+12.1dB,17.7us,"[0,",1,779.8,normal,0,valid,-14.6dB,-14.9dB,na,na,,,,
2025-07-30 13:41:34.136541,PHY,0x4601,1,0,na,"[0,",0,0,1,440.0,+12.1dB,15.0us,"[0,",1,779.9,normal,0,valid,-14.7dB,-14.9dB,na,na,,,,
2025-07-30 13:41:34.140101,PHY,0x4601,2,,na,"[0,",,,11111,,+30.0dB,21.0us,"[0,",1,779.17,normal,0,valid,-11.9dB,-12.0dB,0.35us,+54.0Hz,,"[6,",,1
2025-07-30 13:41:34.141068,PHY,0x4601,1,0,na,"[0,",0,0,1,434.6,+12.1dB,15.7us,"[0,",1,779.18,normal,0,valid,-14.7dB,-14.9dB,na,na,,,,
2025-07-30 13:41:34.141495,PHY,0x4601,1,0,na,"[0,",0,0,1,432.1,+12.1dB,13.6us,"[0,",1,779.19,normal,0,valid,-14.7dB,-14.9dB,na,na,,,,
2025-07-30 13:41:34.145600,CSI,0x4601,2,,na,"[0,",,,1,,+30.2dB,14.9us,"[0,",1,780.8,normal,0,valid,-11.8dB,-11.9dB,0.37us,-130.8Hz,,"[6,",1111,1
2025-07-30 13:41:34.146474,PHY,0x4601,1,0,na,"[0,",0,0,1,367.2,+11.4dB,15.9us,"[0,",1,780.9,normal,0,valid,-14.7dB,-15.0dB,na,na,,,,
2025-07-30 13:41:34.150140,PHY,0x4601,2,,na,"[0,",,,11111,,+29.2dB,13.7us,"[0,",1,780.17,normal,0,valid,-11.9dB,-12.0dB,0.37us,-5.2Hz,,"[6,",,1
2025-07-30 13:41:34.150971,PHY,0x4601,1,0,na,"[0,",0,0,1,377.4,+11.5dB,17.3us,"[0,",1,780.18,normal,0,valid,-14.7dB,-15.0dB,na,na,,,,
2025-07-30 13:41:34.151582,PHY,0x4601,1,0,na,"[0,",0,0,1,361.4,+11.3dB,18.5us,"[0,",1,780.19,normal,0,valid,-14.7dB,-15.0dB,na,na,,,,
2025-07-30 13:41:34.156021,PHY,0x4601,1,0,na,"[0,",0,0,1,434.3,+12.1dB,17.8us,"[0,",1,781.8,normal,0,valid,-14.7dB,-14.9dB,na,na,,,,
2025-07-30 13:41:34.156507,PHY,0x4601,1,0,na,"[0,",0,0,1,414.5,+11.9dB,14.5us,"[0,",1,781.9,normal,0,valid,-14.7dB,-14.9dB,na,na,,,,
2025-07-30 13:41:34.160045,PHY,0x4601,2,,na,"[0,",,,11111,,+33.1dB,15.2us,"[0,",1,781.17,normal,0,valid,-11.8dB,-11.9dB,0.36us,+70.6Hz,,"[6,",,1
2025-07-30 13:41:34.160981,PHY,0x4601,1,0,na,"[0,",0,0,1,354.2,+11.2dB,15.9us,"[0,",1,781.18,normal,0,valid,-14.7dB,-15.0dB,na,na,,,,
2025-07-30 13:41:34.161468,PHY,0x4601,1,0,na,"[0,",0,0,1,362.7,+11.3dB,14.9us,"[0,",1,781.19,normal,0,valid,-14.7dB,-15.0dB,na,na,,,,
2025-07-30 13:41:34.165598,CSI,0x4601,2,,na,"[0,",,,1,,+30.4dB,15.2us,"[0,",1,782.8,normal,0,valid,-11.9dB,-12.0dB,0.36us,+43.4Hz,,"[6,",1111,1
2025-07-30 13:41:34.166570,PHY,0x4601,1,0,na,"[0,",0,0,1,382.7,+11.5dB,23.1us,"[0,",1,782.9,normal,0,valid,-14.7dB,-15.0dB,na,na,,,,
2025-07-30 13:41:34.170090,PHY,0x4601,2,,na,"[0,",,,11111,,+28.8dB,22.4us,"[0,",1,782.17,normal,0,valid,-11.9dB,-12.0dB,0.36us,-112.8Hz,,"[6,",,1
2025-07-30 13:41:34.171011,PHY,0x4601,1,0,na,"[0,",0,0,1,443.6,+12.2dB,16.9us,"[0,",1,782.18,normal,0,valid,-14.7dB,-14.9dB,na,na,,,,
2025-07-30 13:41:34.171492,PHY,0x4601,1,0,na,"[0,",0,0,1,428.2,+12.1dB,14.1us,"[0,",1,782.19,normal,0,valid,-14.7dB,-14.9dB,na,na,,,,
2025-07-30 13:41:34.175984,PHY,0x4601,1,0,na,"[0,",0,0,1,432.2,+12.1dB,16.4us,"[0,",1,783.8,normal,0,valid,-14.7dB,-15.0dB,na,na,,,,
2025-07-30 13:41:34.176482,PHY,0x4601,1,0,na,"[0,",0,0,1,433.1,+12.1dB,26.2us,"[0,",1,783.9,normal,0,valid,-14.7dB,-15.0dB,na,na,,,,
2025-07-30 13:41:34.180125,PHY,0x4601,2,,na,"[0,",,,11111,,+30.2dB,18.3us,"[0,",1,783.17,normal,0,valid,-11.9dB,-12.0dB,0.33us,+44.1Hz,,"[6,",,1
2025-07-30 13:41:34.180959,PHY,0x4601,1,0,na,"[0,",0,0,1,372.1,+11.4dB,16.6us,"[0,",1,783.18,normal,0,valid,-14.7dB,-15.0dB,na,na,,,,
2025-07-30 13:41:34.181558,PHY,0x4601,1,0,na,"[0,",0,0,1,355.9,+11.2dB,14.4us,"[0,",1,783.19,normal,0,valid,-14.7dB,-15.0dB,na,na,,,,
2025-07-30 13:41:34.185608,CSI,0x4601,2,,na,"[0,",,,1,,+30.2dB,11.4us,"[0,",1,784.8,normal,0,valid,-11.7dB,-11.8dB,0.38us,-40.7Hz,,"[6,",1111,1
2025-07-30 13:41:34.186473,PHY,0x4601,1,0,na,"[0,",0,0,1,435.9,+12.1dB,15.8us,"[0,",1,784.9,normal,0,valid,-14.7dB,-14.9dB,na,na,,,,
2025-07-30 13:41:34.190027,PHY,0x4601,2,,na,"[0,",,,11111,,+29.1dB,17.5us,"[0,",1,784.17,normal,0,valid,-11.9dB,-12.0dB,0.37us,+54.0Hz,,"[6,",,1
2025-07-30 13:41:34.190968,PHY,0x4601,1,0,na,"[0,",0,0,1,423.8,+12.0dB,17.0us,"[0,",1,784.18,normal,0,valid,-14.7dB,-15.0dB,na,na,,,,
2025-07-30 13:41:34.191460,PHY,0x4601,1,0,na,"[0,",0,0,1,420.3,+12.0dB,18.0us,"[0,",1,784.19,normal,0,valid,-14.7dB,-14.9dB,na,na,,,,
2025-07-30 13:41:34.196050,PHY,0x4601,1,0,na,"[0,",0,0,1,421.8,+12.0dB,16.4us,"[0,",1,785.8,normal,0,valid,-14.6dB,-14.9dB,na,na,,,,
2025-07-30 13:41:34.196530,PHY,0x4601,1,0,na,"[0,",0,0,1,446.9,+12.2dB,14.8us,"[0,",1,785.9,normal,0,valid,-14.6dB,-14.9dB,na,na,,,,
2025-07-30 13:41:34.200073,PHY,0x4601,2,,na,"[0,",,,11111,,+31.9dB,15.8us,"[0,",1,785.17,normal,0,valid,-11.8dB,-11.9dB,0.37us,-15.8Hz,,"[6,",,1
2025-07-30 13:41:34.201005,PHY,0x4601,1,0,na,"[0,",0,0,1,377.7,+11.5dB,16.4us,"[0,",1,785.18,normal,0,valid,-14.6dB,-14.9dB,na,na,,,,
2025-07-30 13:41:34.201476,PHY,0x4601,1,0,na,"[0,",0,0,1,363.6,+11.3dB,14.3us,"[0,",1,785.19,normal,0,valid,-14.7dB,-15.0dB,na,na,,,,
2025-07-30 13:41:34.205646,CSI,0x4601,2,,na,"[0,",,,1,,+30.0dB,13.5us,"[0,",1,786.8,normal,0,valid,-11.8dB,-11.9dB,0.37us,-0.4Hz,,"[6,",1111,1
2025-07-30 13:41:34.206460,PHY,0x4601,1,0,na,"[0,",0,0,1,383.1,+11.6dB,16.8us,"[0,",1,786.9,normal,0,valid,-14.7dB,-15.0dB,na,na,,,,
2025-07-30 13:41:34.210112,PHY,0x4601,2,,na,"[0,",,,11111,,+27.9dB,14.7us,"[0,",1,786.17,normal,0,valid,-11.9dB,-12.1dB,0.36us,+28.4Hz,,"[6,",,1
2025-07-30 13:41:34.211041,PHY,0x4601,1,0,na,"[0,",0,0,1,361.4,+11.3dB,15.8us,"[0,",1,786.18,normal,0,valid,-14.7dB,-15.0dB,na,na,,,,
2025-07-30 13:41:34.211516,PHY,0x4601,1,0,na,"[0,",0,0,1,342.0,+11.1dB,13.4us,"[0,",1,786.19,normal,0,valid,-14.7dB,-15.0dB,na,na,,,,
2025-07-30 13:41:34.216019,PHY,0x4601,1,0,na,"[0,",0,0,1,441.4,+12.2dB,16.9us,"[0,",1,787.8,normal,0,valid,-14.7dB,-14.9dB,na,na,,,,
2025-07-30 13:41:34.216490,PHY,0x4601,1,0,na,"[0,",0,0,1,417.6,+11.9dB,31.0us,"[0,",1,787.9,normal,0,valid,-14.7dB,-15.0dB,na,na,,,,
2025-07-30 13:41:34.220015,PHY,0x4601,2,,na,"[0,",,,11111,,+32.2dB,15.4us,"[0,",1,787.17,normal,0,valid,-11.9dB,-12.0dB,0.35us,+16.2Hz,,"[6,",,1
2025-07-30 13:41:34.220962,PHY,0x4601,1,0,na,"[0,",0,0,1,432.5,+12.1dB,17.7us,"[0,",1,787.18,normal,0,valid,-14.7dB,-14.9dB,na,na,,,,
2025-07-30 13:41:34.221549,PHY,0x4601,1,0,na,"[0,",0,0,1,422.1,+12.0dB,16.0us,"[0,",1,787.19,normal,0,valid,-14.6dB,-14.9dB,na,na,,,,
2025-07-30 13:41:34.225573,CSI,0x4601,2,,na,"[0,",,,1,,+31.3dB,13.0us,"[0,",1,788.8,normal,0,valid,-11.8dB,-12.0dB,0.38us,-52.8Hz,,"[6,",1111,1
2025-07-30 13:41:34.226501,PHY,0x4601,1,0,na,"[0,",0,0,1,435.8,+12.1dB,17.4us,"[0,",1,788.9,normal,0,valid,-14.7dB,-14.9dB,na,na,,,,
2025-07-30 13:41:34.230046,PHY,0x4601,2,,na,"[0,",,,11111,,+28.5dB,13.8us,"[0,",1,788.17,normal,0,valid,-11.8dB,-11.9dB,0.37us,+26.4Hz,,"[6,",,1
2025-07-30 13:41:34.230985,PHY,0x4601,1,0,na,"[0,",0,0,1,430.8,+12.1dB,14.9us,"[0,",1,788.18,normal,0,valid,-14.7dB,-14.9dB,na,na,,,,
2025-07-30 13:41:34.231460,PHY,0x4601,1,0,na,"[0,",0,0,1,418.7,+12.0dB,13.2us,"[0,",1,788.19,normal,0,valid,-14.7dB,-14.9dB,na,na,,,,
2025-07-30 13:41:34.235965,PHY,0x4601,1,0,na,"[0,",0,0,1,429.6,+12.1dB,17.4us,"[0,",1,789.8,normal,0,valid,-14.6dB,-14.9dB,na,na,,,,
2025-07-30 13:41:34.236550,PHY,0x4601,1,0,na,"[0,",0,0,1,453.1,+12.3dB,16.0us,"[0,",1,789.9,normal,0,valid,-14.6dB,-14.9dB,na,na,,,,
2025-07-30 13:41:34.240096,PHY,0x4601,2,,na,"[0,",,,11111,,+30.9dB,18.5us,"[0,",1,789.17,normal,0,valid,-11.8dB,-11.9dB,0.37us,+51.2Hz,,"[6,",,1
2025-07-30 13:41:34.241024,PHY,0x4601,1,0,na,"[0,",0,0,1,438.8,+12.2dB,19.0us,"[0,",1,789.18,normal,0,valid,-14.7dB,-14.9dB,na,na,,,,
2025-07-30 13:41:34.241499,PHY,0x4601,1,0,na,"[0,",0,0,1,426.5,+12.0dB,13.7us,"[0,",1,789.19,normal,0,valid,-14.7dB,-14.9dB,na,na,,,,
2025-07-30 13:41:34.245597,CSI,0x4601,2,,na,"[0,",,,1,,+30.0dB,11.9us,"[0,",1,790.8,normal,0,valid,-11.8dB,-11.9dB,0.36us,+1.0Hz,,"[6,",1111,1
2025-07-30 13:41:34.246456,PHY,0x4601,1,0,na,"[0,",0,0,1,424.5,+12.0dB,16.5us,"[0,",1,790.9,normal,0,valid,-14.6dB,-14.9dB,na,na,,,,
2025-07-30 13:41:34.250145,PHY,0x4601,2,,na,"[0,",,,11111,,+33.2dB,15.1us,"[0,",1,790.17,normal,0,valid,-11.9dB,-12.0dB,0.38us,+0.6Hz,,"[6,",,1
2025-07-30 13:41:34.250952,PHY,0x4601,1,0,na,"[0,",0,0,1,422.7,+12.0dB,22.6us,"[0,",1,790.18,normal,0,valid,-14.7dB,-14.9dB,na,na,,,,
2025-07-30 13:41:34.251525,PHY,0x4601,1,0,na,"[0,",0,0,1,428.5,+12.1dB,13.6us,"[0,",1,790.19,normal,0,valid,-14.7dB,-14.9dB,na,na,,,,
2025-07-30 13:41:34.256024,PHY,0x4601,1,0,na,"[0,",0,0,1,425.6,+12.0dB,18.7us,"[0,",1,791.8,normal,0,valid,-14.7dB,-14.9dB,na,na,,,,
2025-07-30 13:41:34.256508,PHY,0x4601,1,0,na,"[0,",0,0,1,447.0,+12.3dB,23.5us,"[0,",1,791.9,normal,0,valid,-14.6dB,-14.9dB,na,na,,,,
2025-07-30 13:41:34.260040,PHY,0x4601,2,,na,"[0,",,,11111,,+29.6dB,20.9us,"[0,",1,791.17,normal,0,valid,-11.8dB,-11.9dB,0.36us,-2.7Hz,,"[6,",,1
2025-07-30 13:41:34.260980,PHY,0x4601,1,0,na,"[0,",0,0,1,360.8,+11.3dB,16.2us,"[0,",1,791.18,normal,0,valid,-14.7dB,-15.0dB,na,na,,,,
2025-07-30 13:41:34.261456,PHY,0x4601,1,0,na,"[0,",0,0,1,356.8,+11.2dB,17.4us,"[0,",1,791.19,normal,0,valid,-14.6dB,-15.0dB,na,na,,,,
2025-07-30 13:41:34.265615,CSI,0x4601,2,,na,"[0,",,,1,,+31.1dB,16.2us,"[0,",1,792.8,normal,0,valid,-11.9dB,-12.1dB,0.37us,-15.3Hz,,"[6,",1111,1
2025-07-30 13:41:34.266529,PHY,0x4601,1,0,na,"[0,",0,0,1,351.1,+11.2dB,16.2us,"[0,",1,792.9,normal,0,valid,-14.7dB,-15.0dB,na,na,,,,
2025-07-30 13:41:34.270117,PHY,0x4601,2,,na,"[0,",,,11111,,+29.9dB,16.4us,"[0,",1,792.17,normal,0,valid,-11.8dB,-12.0dB,0.38us,+135.0Hz,,"[6,",,1
2025-07-30 13:41:34.271014,PHY,0x4601,1,0,na,"[0,",0,0,1,348.0,+11.2dB,16.1us,"[0,",1,792.18,normal,0,valid,-14.7dB,-15.0dB,na,na,,,,
2025-07-30 13:41:34.271490,PHY,0x4601,1,0,na,"[0,",0,0,1,371.3,+11.5dB,17.0us,"[0,",1,792.19,normal,0,valid,-14.7dB,-14.9dB,na,na,,,,
2025-07-30 13:41:34.275976,PHY,0x4601,1,0,na,"[0,",0,0,1,435.4,+12.1dB,16.2us,"[0,",1,793.8,normal,0,valid,-14.7dB,-14.9dB,na,na,,,,
2025-07-30 13:41:34.276440,PHY,0x4601,1,0,na,"[0,",0,0,1,416.1,+12.0dB,13.6us,"[0,",1,793.9,normal,0,valid,-14.7dB,-14.9dB,na,na,,,,
2025-07-30 13:41:34.280101,PHY,0x4601,2,,na,"[0,",,,11111,,+28.8dB,18.0us,"[0,",1,793.17,normal,0,valid,-11.8dB,-11.9dB,0.36us,-8.5Hz,,"[6,",,1
2025-07-30 13:41:34.281040,PHY,0x4601,1,0,na,"[0,",0,0,1,367.7,+11.4dB,17.8us,"[0,",1,793.18,normal,0,valid,-14.7dB,-14.9dB,na,na,,,,
2025-07-30 13:41:34.281522,PHY,0x4601,1,0,na,"[0,",0,0,1,361.4,+11.3dB,15.1us,"[0,",1,793.19,normal,0,valid,-14.7dB,-15.0dB,na,na,,,,
2025-07-30 13:41:34.285622,CSI,0x4601,2,,na,"[0,",,,1,,+31.8dB,15.6us,"[0,",1,794.8,normal,0,valid,-11.8dB,-11.9dB,0.36us,-11.8Hz,,"[6,",1111,1
2025-07-30 13:41:34.286487,PHY,0x4601,1,0,na,"[0,",0,0,1,353.6,+11.2dB,17.9us,"[0,",1,794.9,normal,0,valid,-14.7dB,-15.0dB,na,na,,,,
2025-07-30 13:41:34.290019,PHY,0x4601,2,,na,"[0,",,,11111,,+28.3dB,16.0us,"[0,",1,794.17,normal,0,valid,-11.9dB,-12.0dB,0.39us,+72.4Hz,,"[6,",,1
2025-07-30 13:41:34.290968,PHY,0x4601,1,0,na,"[0,",0,0,1,436.4,+12.1dB,16.4us,"[0,",1,794.18,normal,0,valid,-14.7dB,-14.9dB,na,na,,,,
2025-07-30 13:41:34.291438,PHY,0x4601,1,0,na,"[0,",0,0,1,417.9,+11.9dB,14.1us,"[0,",1,794.19,normal,0,valid,-14.7dB,-14.9dB,na,na,,,,
2025-07-30 13:41:34.296041,PHY,0x4601,1,0,na,"[0,",0,0,1,424.8,+12.0dB,23.8us,"[0,",1,795.8,normal,0,valid,-14.7dB,-14.9dB,na,na,,,,
2025-07-30 13:41:34.296521,PHY,0x4601,1,0,na,"[0,",0,0,1,438.9,+12.2dB,14.3us,"[0,",1,795.9,normal,0,valid,-14.7dB,-14.9dB,na,na,,,,
2025-07-30 13:41:34.300081,PHY,0x4601,2,,na,"[0,",,,11111,,+32.1dB,14.1us,"[0,",1,795.17,normal,0,valid,-11.9dB,-12.0dB,0.34us,-48.3Hz,,"[6,",,1
2025-07-30 13:41:34.301001,PHY,0x4601,1,0,na,"[0,",0,0,1,411.8,+11.9dB,15.4us,"[0,",1,795.18,normal,0,valid,-14.7dB,-15.0dB,na,na,,,,
2025-07-30 13:41:34.301482,PHY,0x4601,1,0,na,"[0,",0,0,1,416.4,+12.0dB,14.4us,"[0,",1,795.19,normal,0,valid,-14.7dB,-14.9dB,na,na,,,,
2025-07-30 13:41:34.305606,CSI,0x4601,2,,na,"[0,",,,1,,+29.6dB,18.7us,"[0,",1,796.8,normal,0,valid,-11.8dB,-11.9dB,0.37us,-38.2Hz,,"[6,",1111,1
2025-07-30 13:41:34.306543,PHY,0x4601,1,0,na,"[0,",0,0,1,418.1,+11.9dB,16.7us,"[0,",1,796.9,normal,0,valid,-14.7dB,-14.9dB,na,na,,,,
2025-07-30 13:41:34.310126,PHY,0x4601,2,,na,"[0,",,,11111,,+29.3dB,15.4us,"[0,",1,796.17,normal,0,valid,-11.9dB,-12.0dB,0.36us,+14.4Hz,,"[6,",,1
2025-07-30 13:41:34.311030,PHY,0x4601,1,0,na,"[0,",0,0,1,363.9,+11.3dB,21.1us,"[0,",1,796.18,normal,0,valid,-14.7dB,-15.0dB,na,na,,,,
2025-07-30 13:41:34.311512,PHY,0x4601,1,0,na,"[0,",0,0,1,363.5,+11.4dB,16.7us,"[0,",1,796.19,normal,0,valid,-14.7dB,-14.9dB,na,na,,,,
2025-07-30 13:41:34.315994,PHY,0x4601,1,0,na,"[0,",0,0,1,414.8,+11.9dB,16.5us,"[0,",1,797.8,normal,0,valid,-14.6dB,-14.9dB,na,na,,,,
2025-07-30 13:41:34.316469,PHY,0x4601,1,0,na,"[0,",0,0,1,420.3,+12.0dB,14.8us,"[0,",1,797.9,normal,0,valid,-14.7dB,-14.9dB,na,na,,,,
2025-07-30 13:41:34.320127,PHY,0x4601,2,,na,"[0,",,,11111,,+30.8dB,17.5us,"[0,",1,797.17,normal,0,valid,-11.9dB,-12.1dB,0.35us,+102.2Hz,,"[6,",,1
2025-07-30 13:41:34.320972,PHY,0x4601,1,0,na,"[0,",0,0,1,415.0,+11.9dB,16.7us,"[0,",1,797.18,normal,0,valid,-14.6dB,-14.9dB,na,na,,,,
2025-07-30 13:41:34.321531,PHY,0x4601,1,0,na,"[0,",0,0,1,422.9,+12.0dB,15.8us,"[0,",1,797.19,normal,0,valid,-14.7dB,-14.9dB,na,na,,,,
2025-07-30 13:41:34.325585,CSI,0x4601,2,,na,"[0,",,,1,,+31.7dB,14.8us,"[0,",1,798.8,normal,0,valid,-11.9dB,-12.0dB,0.37us,-10.1Hz,,"[6,",1111,1
2025-07-30 13:41:34.326507,PHY,0x4601,1,0,na,"[0,",0,0,1,362.0,+11.3dB,16.7us,"[0,",1,798.9,normal,0,valid,-14.7dB,-15.0dB,na,na,,,,
2025-07-30 13:41:34.330086,PHY,0x4601,2,,na,"[0,",,,11111,,+28.9dB,23.0us,"[0,",1,798.17,normal,0,valid,-11.9dB,-12.0dB,0.36us,-44.3Hz,,"[6,",,1
2025-07-30 13:41:34.330991,PHY,0x4601,1,0,na,"[0,",0,0,1,342.5,+11.1dB,17.5us,"[0,",1,798.18,normal,0,valid,-14.7dB,-15.0dB,na,na,,,,
2025-07-30 13:41:34.331464,PHY,0x4601,1,0,na,"[0,",0,0,1,358.1,+11.3dB,14.7us,"[0,",1,798.19,normal,0,valid,-14.6dB,-15.0dB,na,na,,,,
2025-07-30 13:41:34.335956,PHY,0x4601,1,0,na,"[0,",0,0,1,440.7,+12.2dB,16.6us,"[0,",1,799.8,normal,0,valid,-14.6dB,-14.9dB,na,na,,,,
2025-07-30 13:41:34.336529,PHY,0x4601,1,0,na,"[0,",0,0,1,433.1,+12.1dB,15.3us,"[0,",1,799.9,normal,0,valid,-14.7dB,-14.9dB,na,na,,,,
2025-07-30 13:41:34.340070,PHY,0x4601,2,,na,"[0,",,,11111,,+31.9dB,16.2us,"[0,",1,799.17,normal,0,valid,-11.9dB,-12.0dB,0.33us,-14.9Hz,,"[6,",,1
2025-07-30 13:41:34.341016,PHY,0x4601,1,0,na,"[0,",0,0,1,432.3,+12.1dB,18.6us,"[0,",1,799.18,normal,0,valid,-14.7dB,-14.9dB,na,na,,,,
2025-07-30 13:41:34.341490,PHY,0x4601,1,0,na,"[0,",0,0,1,422.7,+12.0dB,14.8us,"[0,",1,799.19,normal,0,valid,-14.7dB,-14.9dB,na,na,,,,
2025-07-30 13:41:34.345627,CSI,0x4601,2,,na,"[0,",,,1,,+29.1dB,15.0us,"[0,",1,800.8,normal,0,valid,-11.9dB,-12.1dB,0.38us,+64.9Hz,,"[6,",1111,1
2025-07-30 13:41:34.346459,PHY,0x4601,1,0,na,"[0,",0,0,1,440.8,+12.2dB,16.7us,"[0,",1,800.9,normal,0,valid,-14.7dB,-14.9dB,na,na,,,,
2025-07-30 13:41:34.350117,PHY,0x4601,2,,na,"[0,",,,11111,,+32.4dB,15.0us,"[0,",1,800.17,normal,0,valid,-11.9dB,-12.0dB,0.37us,+12.5Hz,,"[6,",,1
2025-07-30 13:41:34.350947,PHY,0x4601,1,0,na,"[0,",0,0,1,416.9,+11.9dB,16.8us,"[0,",1,800.18,normal,0,valid,-14.7dB,-14.9dB,na,na,,,,
2025-07-30 13:41:34.351518,PHY,0x4601,1,0,na,"[0,",0,0,1,422.8,+12.0dB,15.5us,"[0,",1,800.19,normal,0,valid,-14.7dB,-15.0dB,na,na,,,,
2025-07-30 13:41:34.356016,PHY,0x4601,1,0,na,"[0,",0,0,1,428.0,+12.1dB,16.2us,"[0,",1,801.8,normal,0,valid,-14.7dB,-14.9dB,na,na,,,,
2025-07-30 13:41:34.356488,PHY,0x4601,1,0,na,"[0,",0,0,1,423.7,+12.0dB,19.4us,"[0,",1,801.9,normal,0,valid,-14.6dB,-14.9dB,na,na,,,,
2025-07-30 13:41:34.360024,PHY,0x4601,2,,na,"[0,",,,11111,,+26.3dB,14.6us,"[0,",1,801.17,normal,0,valid,-11.9dB,-12.0dB,0.35us,+32.1Hz,,"[6,",,1
2025-07-30 13:41:34.360983,PHY,0x4601,1,0,na,"[0,",0,0,1,352.6,+11.2dB,21.4us,"[0,",1,801.18,normal,0,valid,-14.7dB,-15.0dB,na,na,,,,
2025-07-30 13:41:34.361456,PHY,0x4601,1,0,na,"[0,",0,0,1,365.9,+11.4dB,14.1us,"[0,",1,801.19,normal,0,valid,-14.7dB,-15.0dB,na,na,,,,
2025-07-30 13:41:34.365621,CSI,0x4601,2,,na,"[0,",,,1,,+29.0dB,13.7us,"[0,",1,802.8,normal,0,valid,-11.9dB,-12.0dB,0.38us,-12.2Hz,,"[6,",1111,1
2025-07-30 13:41:34.366518,PHY,0x4601,1,0,na,"[0,",0,0,1,422.7,+12.0dB,15.9us,"[0,",1,802.9,normal,0,valid,-14.7dB,-15.0dB,na,na,,,,
2025-07-30 13:41:34.370064,PHY,0x4601,2,,na,"[0,",,,11111,,+29.2dB,14.5us,"[0,",1,802.17,normal,0,valid,-11.7dB,-11.9dB,0.37us,+63.1Hz,,"[6,",,1
2025-07-30 13:41:34.370998,PHY,0x4601,1,0,na,"[0,",0,0,1,349.6,+11.2dB,17.1us,"[0,",1,802.18,normal,0,valid,-14.7dB,-15.0dB,na,na,,,,
2025-07-30 13:41:34.371500,PHY,0x4601,1,0,na,"[0,",0,0,1,358.1,+11.3dB,14.4us,"[0,",1,802.19,normal,0,valid,-14.7dB,-15.0dB,na,na,,,,
2025-07-30 13:41:34.375983,PHY,0x4601,1,0,na,"[0,",0,0,1,414.9,+11.9dB,16.2us,"[0,",1,803.8,normal,0,valid,-14.6dB,-14.9dB,na,na,,,,
2025-07-30 13:41:34.376446,PHY,0x4601,1,0,na,"[0,",0,0,1,408.9,+11.9dB,23.1us,"[0,",1,803.9,normal,0,valid,-14.7dB,-14.9dB,na,na,,,,
2025-07-30 13:41:34.380098,PHY,0x4601,2,,na,"[0,",,,11111,,+30.2dB,17.2us,"[0,",1,803.17,normal,0,valid,-11.8dB,-11.9dB,0.34us,-38.1Hz,,"[6,",,1
2025-07-30 13:41:34.381073,PHY,0x4601,1,0,na,"[0,",0,0,1,447.4,+12.2dB,16.0us,"[0,",1,803.18,normal,0,valid,-14.7dB,-14.9dB,na,na,,,,
2025-07-30 13:41:34.381503,PHY,0x4601,1,0,na,"[0,",0,0,1,430.7,+12.1dB,14.1us,"[0,",1,803.19,normal,0,valid,-14.6dB,-14.9dB,na,na,,,,
2025-07-30 13:41:34.385639,CSI,0x4601,2,,na,"[0,",,,1,,+32.2dB,11.8us,"[0,",1,804.8,normal,0,valid,-11.8dB,-11.9dB,0.36us,-54.9Hz,,"[6,",1111,1
2025-07-30 13:41:34.386486,PHY,0x4601,1,0,na,"[0,",0,0,1,426.7,+12.0dB,19.6us,"[0,",1,804.9,normal,0,valid,-14.7dB,-15.0dB,na,na,,,,
2025-07-30 13:41:34.390011,PHY,0x4601,2,,na,"[0,",,,11111,,+30.7dB,14.8us,"[0,",1,804.17,normal,0,valid,-11.9dB,-12.0dB,0.38us,-29.3Hz,,"[6,",,1
2025-07-30 13:41:34.390963,PHY,0x4601,1,0,na,"[0,",0,0,1,430.3,+12.1dB,16.4us,"[0,",1,804.18,normal,0,valid,-14.6dB,-14.9dB,na,na,,,,
2025-07-30 13:41:34.391578,PHY,0x4601,1,0,na,"[0,",0,0,1,430.8,+12.1dB,13.1us,"[0,",1,804.19,normal,0,valid,-14.7dB,-14.9dB,na,na,,,,
2025-07-30 13:41:34.396078,PHY,0x4601,1,0,na,"[0,",0,0,1,450.5,+12.3dB,16.4us,"[0,",1,805.8,normal,0,valid,-14.7dB,-15.0dB,na,na,,,,
2025-07-30 13:41:34.396509,PHY,0x4601,1,0,na,"[0,",0,0,1,411.8,+11.9dB,15.1us,"[0,",1,805.9,normal,0,valid,-14.7dB,-14.9dB,na,na,,,,
2025-07-30 13:41:34.400049,PHY,0x4601,2,,na,"[0,",,,11111,,+31.2dB,15.0us,"[0,",1,805.17,normal,0,valid,-11.9dB,-12.0dB,0.36us,+40.3Hz,,"[6,",,1
2025-07-30 13:41:34.400989,PHY,0x4601,1,0,na,"[0,",0,0,1,363.4,+11.4dB,18.4us,"[0,",1,805.18,normal,0,valid,-14.7dB,-14.9dB,na,na,,,,
2025-07-30 13:41:34.401479,PHY,0x4601,1,0,na,"[0,",0,0,1,358.0,+11.3dB,13.9us,"[0,",1,805.19,normal,0,valid,-14.6dB,-14.9dB,na,na,,,,
2025-07-30 13:41:34.405591,CSI,0x4601,2,,na,"[0,",,,1,,+31.5dB,13.7us,"[0,",1,806.8,normal,0,valid,-11.9dB,-12.0dB,0.36us,-39.6Hz,,"[6,",1111,1
2025-07-30 13:41:34.406576,PHY,0x4601,1,0,na,"[0,",0,0,1,366.5,+11.4dB,16.4us,"[0,",1,806.9,normal,0,valid,-14.7dB,-15.0dB,na,na,,,,
2025-07-30 13:41:34.410091,PHY,0x4601,2,,na,"[0,",,,11111,,+29.2dB,18.5us,"[0,",1,806.17,normal,0,valid,-12.0dB,-12.1dB,0.36us,-23.0Hz,,"[6,",,1
2025-07-30 13:41:34.411015,PHY,0x4601,1,0,na,"[0,",0,0,1,351.6,+11.2dB,16.0us,"[0,",1,806.18,normal,0,valid,-14.6dB,-15.0dB,na,na,,,,
2025-07-30 13:41:34.411492,PHY,0x4601,1,0,na,"[0,",0,0,1,349.9,+11.2dB,17.8us,"[0,",1,806.19,normal,0,valid,-14.6dB,-14.9dB,na,na,,,,
2025-07-30 13:41:34.415989,PHY,0x4601,1,0,na,"[0,",0,0,1,437.5,+12.2dB,20.3us,"[0,",1,807.8,normal,0,valid,-14.6dB,-14.9dB,na,na,,,,
2025-07-30 13:41:34.416467,PHY,0x4601,1,0,na,"[0,",0,0,1,417.1,+11.9dB,16.1us,"[0,",1,807.9,normal,0,valid,-14.7dB,-14.9dB,na,na,,,,
2025-07-30 13:41:34.420130,PHY,0x4601,2,,na,"[0,",,,11111,,+32.4dB,14.3us,"[0,",1,807.17,normal,0,valid,-11.8dB,-12.0dB,0.38us,+126.4Hz,,"[6,",,1
2025-07-30 13:41:34.420971,PHY,0x4601,1,0,na,"[0,",0,0,1,424.3,+12.0dB,16.1us,"[0,",1,807.18,normal,0,valid,-14.6dB,-14.9dB,na,na,,,,
2025-07-30 13:41:34.421523,PHY,0x4601,1,0,na,"[0,",0,0,1,412.3,+11.9dB,13.8us,"[0,",1,807.19,normal,0,valid,-14.6dB,-14.9dB,na,na,,,,
2025-07-30 13:41:34.425615,CSI,0x4601,2,,na,"[0,",,,1,,+31.1dB,11.6us,"[0,",1,808.8,normal,0,valid,-11.9dB,-12.0dB,0.37us,-111.0Hz,,"[6,",1111,1
2025-07-30 13:41:34.426523,PHY,0x4601,1,0,na,"[0,",0,0,1,428.9,+12.1dB,20.8us,"[0,",1,808.9,normal,0,valid,-14.6dB,-14.9dB,na,na,,,,
2025-07-30 13:41:34.430034,PHY,0x4601,2,,na,"[0,",,,11111,,+29.3dB,15.9us,"[0,",1,808.17,normal,0,valid,-11.9dB,-12.0dB,0.37us,+97.4Hz,,"[6,",,1
2025-07-30 13:41:34.430974,PHY,0x4601,1,0,na,"[0,",0,0,1,364.3,+11.4dB,16.5us,"[0,",1,808.18,normal,0,valid,-14.7dB,-14.9dB,na,na,,,,
2025-07-30 13:41:34.431462,PHY,0x4601,1,0,na,"[0,",0,0,1,357.3,+11.3dB,14.3us,"[0,",1,808.19,normal,0,valid,-14.6dB,-14.9dB,na,na,,,,
2025-07-30 13:41:34.435960,PHY,0x4601,1,0,na,"[0,",0,0,1,419.2,+12.0dB,16.0us,"[0,",1,809.8,normal,0,valid,-14.7dB,-14.9dB,na,na,,,,
2025-07-30 13:41:34.436530,PHY,0x4601,1,0,na,"[0,",0,0,1,411.1,+11.9dB,15.3us,"[0,",1,809.9,normal,0,valid,-14.6dB,-14.9dB,na,na,,,,
2025-07-30 13:41:34.440087,PHY,0x4601,2,,na,"[0,",,,11111,,+31.0dB,17.0us,"[0,",1,809.17,normal,0,valid,-11.9dB,-12.0dB,0.37us,+27.2Hz,,"[6,",,1
2025-07-30 13:41:34.441009,PHY,0x4601,1,0,na,"[0,",0,0,1,438.6,+12.2dB,18.5us,"[0,",1,809.18,normal,0,valid,-14.7dB,-14.9dB,na,na,,,,
2025-07-30 13:41:34.441490,PHY,0x4601,1,0,na,"[0,",0,0,1,430.7,+12.1dB,14.8us,"[0,",1,809.19,normal,0,valid,-14.6dB,-14.9dB,na,na,,,,
2025-07-30 13:41:34.445631,CSI,0x4601,2,,na,"[0,",,,1,,+31.3dB,12.5us,"[0,",1,810.8,normal,0,valid,-11.8dB,-11.9dB,0.38us,+49.8Hz,,"[6,",1111,1
2025-07-30 13:41:34.446479,PHY,0x4601,1,0,na,"[0,",0,0,1,365.8,+11.4dB,18.1us,"[0,",1,810.9,normal,0,valid,-14.7dB,-15.0dB,na,na,,,,
2025-07-30 13:41:34.450121,PHY,0x4601,2,,na,"[0,",,,11111,,+28.1dB,14.5us,"[0,",1,810.17,normal,0,valid,-11.9dB,-12.0dB,0.37us,+82.5Hz,,"[6,",,1
2025-07-30 13:41:34.451042,PHY,0x4601,1,0,na,"[0,",0,0,1,360.0,+11.3dB,16.1us,"[0,",1,810.18,normal,0,valid,-14.6dB,-15.0dB,na,na,,,,
2025-07-30 13:41:34.451506,PHY,0x4601,1,0,na,"[0,",0,0,1,368.6,+11.4dB,13.9us,"[0,",1,810.19,normal,0,valid,-14.6dB,-15.0dB,na,na,,,,
2025-07-30 13:41:34.456016,PHY,0x4601,1,0,na,"[0,",0,0,1,429.5,+12.1dB,20.6us,"[0,",1,811.8,normal,0,valid,-14.6dB,-14.9dB,na,na,,,,
2025-07-30 13:41:34.456491,PHY,0x4601,1,0,na,"[0,",0,0,1,419.9,+12.0dB,30.2us,"[0,",1,811.9,normal,0,valid,-14.7dB,-14.9dB,na,na,,,,
2025-07-30 13:41:34.460023,PHY,0x4601,2,,na,"[0,",,,11111,,+32.2dB,16.6us,"[0,",1,811.17,normal,0,valid,-11.8dB,-11.9dB,0.35us,-83.5Hz,,"[6,",,1
2025-07-30 13:41:34.460963,PHY,0x4601,1,0,na,"[0,",0,0,1,359.9,+11.3dB,15.6us,"[0,",1,811.18,normal,0,valid,-14.7dB,-15.0dB,na,na,,,,
2025-07-30 13:41:34.461460,PHY,0x4601,1,0,na,"[0,",0,0,1,361.7,+11.3dB,14.3us,"[0,",1,811.19,normal,0,valid,-14.7dB,-15.0dB,na,na,,,,
2025-07-30 13:41:34.465580,CSI,0x4601,2,,na,"[0,",,,1,,+30.1dB,18.9us,"[0,",1,812.8,normal,0,valid,-11.8dB,-11.9dB,0.37us,-93.4Hz,,"[6,",1111,1
2025-07-30 13:41:34.466513,PHY,0x4601,1,0,na,"[0,",0,0,1,359.6,+11.3dB,16.8us,"[0,",1,812.9,normal,0,valid,-14.7dB,-15.0dB,na,na,,,,
2025-07-30 13:41:34.470076,PHY,0x4601,2,,na,"[0,",,,11111,,+30.4dB,16.3us,"[0,",1,812.17,normal,0,valid,-11.9dB,-12.1dB,0.35us,-15.8Hz,,"[6,",,1
2025-07-30 13:41:34.470992,PHY,0x4601,1,0,na,"[0,",0,0,1,427.4,+12.1dB,15.8us,"[0,",1,812.18,normal,0,valid,-14.7dB,-14.9dB,na,na,,,,
2025-07-30 13:41:34.471474,PHY,0x4601,1,0,na,"[0,",0,0,1,414.6,+11.9dB,17.8us,"[0,",1,812.19,normal,0,valid,-14.6dB,-14.9dB,na,na,,,,
2025-07-30 13:41:34.475992,PHY,0x4601,1,0,na,"[0,",0,0,1,428.3,+12.1dB,20.0us,"[0,",1,813.8,normal,0,valid,-14.7dB,-14.9dB,na,na,,,,
2025-07-30 13:41:34.476549,PHY,0x4601,1,0,na,"[0,",0,0,1,427.1,+12.0dB,18.1us,"[0,",1,813.9,normal,0,valid,-14.7dB,-14.9dB,na,na,,,,
2025-07-30 13:41:34.480126,PHY,0x4601,2,,na,"[0,",,,11111,,+28.7dB,15.8us,"[0,",1,813.17,normal,0,valid,-11.9dB,-12.1dB,0.36us,-22.1Hz,,"[6,",,1
2025-07-30 13:41:34.481028,PHY,0x4601,1,0,na,"[0,",0,0,1,355.5,+11.2dB,15.8us,"[0,",1,813.18,normal,0,valid,-14.7dB,-15.0dB,na,na,,,,
2025-07-30 13:41:34.481517,PHY,0x4601,1,0,na,"[0,",0,0,1,351.8,+11.2dB,18.5us,"[0,",1,813.19,normal,0,valid,-14.7dB,-15.0dB,na,na,,,,
2025-07-30 13:41:34.485612,CSI,0x4601,2,,na,"[0,",,,1,,+29.1dB,15.8us,"[0,",1,814.8,normal,0,valid,-11.9dB,-12.0dB,0.36us,+31.2Hz,,"[6,",1111,1
2025-07-30 13:41:34.486472,PHY,0x4601,1,0,na,"[0,",0,0,1,346.3,+11.2dB,23.4us,"[0,",1,814.9,normal,0,valid,-14.7dB,-15.0dB,na,na,,,,
2025-07-30 13:41:34.490145,PHY,0x4601,2,,na,"[0,",,,11111,,+28.7dB,15.2us,"[0,",1,814.17,normal,0,valid,-11.9dB,-12.0dB,0.35us,-86.1Hz,,"[6,",,1
2025-07-30 13:41:34.490957,PHY,0x4601,1,0,na,"[0,",0,0,1,426.1,+12.0dB,19.7us,"[0,",1,814.18,normal,0,valid,-14.7dB,-15.0dB,na,na,,,,
2025-07-30 13:41:34.491537,PHY,0x4601,1,0,na,"[0,",0,0,1,416.2,+11.9dB,18.7us,"[0,",1,814.19,normal,0,valid,-14.7dB,-14.9dB,na,na,,,,
2025-07-30 13:41:34.496026,PHY,0x4601,1,0,na,"[0,",0,0,1,437.3,+12.1dB,16.7us,"[0,",1,815.8,normal,0,valid,-14.7dB,-14.9dB,na,na,,,,
2025-07-30 13:41:34.496520,PHY,0x4601,1,0,na,"[0,",0,0,1,412.7,+11.9dB,16.3us,"[0,",1,815.9,normal,0,valid,-14.7dB,-15.0dB,na,na,,,,
2025-07-30 13:41:34.500039,PHY,0x4601,2,,na,"[0,",,,11111,,+31.8dB,16.2us,"[0,",1,815.17,normal,0,valid,-11.8dB,-11.9dB,0.36us,+30.0Hz,,"[6,",,1
2025-07-30 13:41:34.500981,PHY,0x4601,1,0,na,"[0,",0,0,1,428.7,+12.1dB,16.1us,"[0,",1,815.18,normal,0,valid,-14.7dB,-14.9dB,na,na,,,,
2025-07-30 13:41:34.501456,PHY,0x4601,1,0,na,"[0,",0,0,1,424.6,+12.0dB,17.0us,"[0,",1,815.19,normal,0,valid,-14.7dB,-14.9dB,na,na,,,,
2025-07-30 13:41:34.505620,CSI,0x4601,2,,na,"[0,",,,1,,+29.9dB,17.1us,"[0,",1,816.8,normal,0,valid,-11.8dB,-11.9dB,0.37us,-1.1Hz,,"[6,",1111,1
2025-07-30 13:41:34.506525,PHY,0x4601,1,0,na,"[0,",0,0,1,417.4,+12.0dB,16.1us,"[0,",1,816.9,normal,0,valid,-14.7dB,-14.9dB,na,na,,,,
2025-07-30 13:41:34.510104,PHY,0x4601,2,,na,"[0,",,,11111,,+32.5dB,14.8us,"[0,",1,816.17,normal,0,valid,-11.9dB,-12.0dB,0.36us,+107.1Hz,,"[6,",,1
2025-07-30 13:41:34.511018,PHY,0x4601,1,0,na,"[0,",0,0,1,442.0,+12.2dB,18.8us,"[0,",1,816.18,normal,0,valid,-14.7dB,-14.9dB,na,na,,,,
2025-07-30 13:41:34.511489,PHY,0x4601,1,0,na,"[0,",0,0,1,415.6,+11.9dB,13.7us,"[0,",1,816.19,normal,0,valid,-14.6dB,-14.9dB,na,na,,,,
2025-07-30 13:41:34.515994,PHY,0x4601,1,0,na,"[0,",0,0,1,422.1,+12.0dB,18.1us,"[0,",1,817.8,normal,0,valid,-14.6dB,-14.9dB,na,na,,,,
2025-07-30 13:41:34.516453,PHY,0x4601,1,0,na,"[0,",0,0,1,399.2,+11.8dB,15.5us,"[0,",1,817.9,normal,0,valid,-14.7dB,-15.0dB,na,na,,,,
2025-07-30 13:41:34.520139,PHY,0x4601,2,,na,"[0,",,,11111,,+30.1dB,17.0us,"[0,",1,817.17,normal,0,valid,-11.9dB,-12.1dB,0.35us,-28.4Hz,,"[6,",,1
2025-07-30 13:41:34.520941,PHY,0x4601,1,0,na,"[0,",0,0,1,375.1,+11.5dB,18.4us,"[0,",1,817.18,normal,0,valid,-14.7dB,-15.0dB,na,na,,,,
2025-07-30 13:41:34.521521,PHY,0x4601,1,0,na,"[0,",0,0,1,361.5,+11.3dB,15.0us,"[0,",1,817.19,normal,0,valid,-14.7dB,-15.0dB,na,na,,,,
2025-07-30 13:41:34.525614,CSI,0x4601,2,,na,"[0,",,,1,,+33.3dB,14.7us,"[0,",1,818.8,normal,0,valid,-11.8dB,-11.9dB,0.36us,-92.1Hz,,"[6,",1111,1
2025-07-30 13:41:34.526485,PHY,0x4601,1,0,na,"[0,",0,0,1,416.8,+11.9dB,15.7us,"[0,",1,818.9,normal,0,valid,-14.7dB,-14.9dB,na,na,,,,
2025-07-30 13:41:34.530023,PHY,0x4601,2,,na,"[0,",,,11111,,+28.7dB,13.6us,"[0,",1,818.17,normal,0,valid,-11.8dB,-11.9dB,0.36us,+19.1Hz,,"[6,",,1
2025-07-30 13:41:34.530978,PHY,0x4601,1,0,na,"[0,",0,0,1,435.7,+12.1dB,16.2us,"[0,",1,818.18,normal,0,valid,-14.7dB,-14.9dB,na,na,,,,
2025-07-30 13:41:34.531446,PHY,0x4601,1,0,na,"[0,",0,0,1,408.9,+11.9dB,14.4us,"[0,",1,818.19,normal,0,valid,-14.6dB,-14.9dB,na,na,,,,
2025-07-30 13:41:34.536059,PHY,0x4601,1,0,na,"[0,",0,0,1,430.4,+12.1dB,17.3us,"[0,",1,819.8,normal,0,valid,-14.7dB,-14.9dB,na,na,,,,
2025-07-30 13:41:34.536524,PHY,0x4601,1,0,na,"[0,",0,0,1,422.0,+12.0dB,14.6us,"[0,",1,819.9,normal,0,valid,-14.6dB,-14.9dB,na,na,,,,
2025-07-30 13:41:34.540107,PHY,0x4601,2,,na,"[0,",,,11111,,+31.2dB,15.4us,"[0,",1,819.17,normal,0,valid,-11.9dB,-11.9dB,0.36us,+21.0Hz,,"[6,",,1
2025-07-30 13:41:34.541006,PHY,0x4601,1,0,na,"[0,",0,0,1,364.8,+11.4dB,15.8us,"[0,",1,819.18,normal,0,valid,-14.7dB,-15.0dB,na,na,,,,
2025-07-30 13:41:34.541482,PHY,0x4601,1,0,na,"[0,",0,0,1,358.0,+11.3dB,14.1us,"[0,",1,819.19,normal,0,valid,-14.7dB,-15.0dB,na,na,,,,
2025-07-30 13:41:34.545632,CSI,0x4601,2,,na,"[0,",,,1,,+32.6dB,13.3us,"[0,",1,820.8,normal,0,valid,-11.8dB,-11.9dB,0.35us,-33.6Hz,,"[6,",1111,1
2025-07-30 13:41:34.546453,PHY,0x4601,1,0,na,"[0,",0,0,1,351.6,+11.2dB,18.0us,"[0,",1,820.9,normal,0,valid,-14.6dB,-15.0dB,na,na,,,,
2025-07-30 13:41:34.550131,PHY,0x4601,2,,na,"[0,",,,11111,,+27.2dB,15.2us,"[0,",1,820.17,normal,0,valid,-11.9dB,-12.1dB,0.37us,+45.1Hz,,"[6,",,1
2025-07-30 13:41:34.551032,PHY,0x4601,1,0,na,"[0,",0,0,1,356.9,+11.3dB,16.2us,"[0,",1,820.18,normal,0,valid,-14.6dB,-15.0dB,na,na,,,,
2025-07-30 13:41:34.551516,PHY,0x4601,1,0,na,"[0,",0,0,1,348.5,+11.1dB,15.3us,"[0,",1,820.19,normal,0,valid,-14.6dB,-15.0dB,na,na,,,,
2025-07-30 13:41:34.556021,PHY,0x4601,1,0,na,"[0,",0,0,1,426.5,+12.1dB,26.8us,"[0,",1,821.8,normal,0,valid,-14.7dB,-14.9dB,na,na,,,,
2025-07-30 13:41:34.556501,PHY,0x4601,1,0,na,"[0,",0,0,1,414.7,+11.9dB,29.4us,"[0,",1,821.9,normal,0,valid,-14.7dB,-14.9dB,na,na,,,,
2025-07-30 13:41:34.560017,PHY,0x4601,2,,na,"[0,",,,11111,,+28.9dB,16.5us,"[0,",1,821.17,normal,0,valid,-11.9dB,-12.0dB,0.37us,-5.6Hz,,"[6,",,1
2025-07-30 13:41:34.560961,PHY,0x4601,1,0,na,"[0,",0,0,1,360.1,+11.3dB,16.8us,"[0,",1,821.18,normal,0,valid,-14.6dB,-14.9dB,na,na,,,,
2025-07-30 13:41:34.561542,PHY,0x4601,1,0,na,"[0,",0,0,1,347.8,+11.1dB,15.5us,"[0,",1,821.19,normal,0,valid,-14.6dB,-15.0dB,na,na,,,,
2025-07-30 13:41:34.565595,CSI,0x4601,2,,na,"[0,",,,1,,+30.3dB,15.6us,"[0,",1,822.8,normal,0,valid,-11.7dB,-11.8dB,0.37us,+38.1Hz,,"[6,",1111,1
2025-07-30 13:41:34.566510,PHY,0x4601,1,0,na,"[0,",0,0,1,350.6,+11.2dB,17.4us,"[0,",1,822.9,normal,0,valid,-14.7dB,-15.0dB,na,na,,,,
2025-07-30 13:41:34.570083,PHY,0x4601,2,,na,"[0,",,,11111,,+29.9dB,14.2us,"[0,",1,822.17,normal,0,valid,-11.8dB,-12.0dB,0.38us,+17.9Hz,,"[6,",,1
2025-07-30 13:41:34.570995,PHY,0x4601,1,0,na,"[0,",0,0,1,412.3,+11.9dB,17.7us,"[0,",1,822.18,normal,0,valid,-14.7dB,-14.9dB,na,na,,,,
2025-07-30 13:41:34.571466,PHY,0x4601,1,0,na,"[0,",0,0,1,416.7,+11.9dB,14.6us,"[0,",1,822.19,normal,0,valid,-14.7dB,-14.9dB,na,na,,,,
2025-07-30 13:41:34.575974,PHY,0x4601,1,0,na,"[0,",0,0,1,426.9,+12.0dB,29.9us,"[0,",1,823.8,normal,0,valid,-14.7dB,-15.0dB,na,na,,,,
2025-07-30 13:41:34.576550,PHY,0x4601,1,0,na,"[0,",0,0,1,432.2,+12.1dB,15.2us,"[0,",1,823.9,normal,0,valid,-14.7dB,-14.9dB,na,na,,,,
2025-07-30 13:41:34.580112,PHY,0x4601,2,,na,"[0,",,,11111,,+30.7dB,16.1us,"[0,",1,823.17,normal,0,valid,-11.9dB,-12.0dB,0.37us,-17.8Hz,,"[6,",,1
2025-07-30 13:41:34.581027,PHY,0x4601,1,0,na,"[0,",0,0,1,342.2,+11.1dB,20.6us,"[0,",1,823.18,normal,0,valid,-14.7dB,-14.9dB,na,na,,,,
2025-07-30 13:41:34.581502,PHY,0x4601,1,0,na,"[0,",0,0,1,344.4,+11.1dB,16.1us,"[0,",1,823.19,normal,0,valid,-14.7dB,-15.0dB,na,na,,,,
2025-07-30 13:41:34.585590,CSI,0x4601,2,,na,"[0,",,,1,,+30.1dB,12.5us,"[0,",1,824.8,normal,0,valid,-11.7dB,-11.9dB,0.36us,-93.1Hz,,"[6,",1111,1
2025-07-30 13:41:34.586459,PHY,0x4601,1,0,na,"[0,",0,0,1,437.8,+12.1dB,16.8us,"[0,",1,824.9,normal,0,valid,-14.7dB,-15.0dB,na,na,,,,
2025-07-30 13:41:34.590117,PHY,0x4601,2,,na,"[0,",,,11111,,+30.0dB,14.0us,"[0,",1,824.17,normal,0,valid,-11.9dB,-12.1dB,0.40us,-90.0Hz,,"[6,",,1
2025-07-30 13:41:34.590948,PHY,0x4601,1,0,na,"[0,",0,0,1,427.4,+12.1dB,15.9us,"[0,",1,824.18,normal,0,valid,-14.7dB,-14.9dB,na,na,,,,
2025-07-30 13:41:34.591522,PHY,0x4601,1,0,na,"[0,",0,0,1,424.8,+12.0dB,14.5us,"[0,",1,824.19,normal,0,valid,-14.7dB,-15.0dB,na,na,,,,
2025-07-30 13:41:34.596019,PHY,0x4601,1,0,na,"[0,",0,0,1,441.0,+12.2dB,20.3us,"[0,",1,825.8,normal,0,valid,-14.7dB,-14.9dB,na,na,,,,
2025-07-30 13:41:34.596529,PHY,0x4601,1,0,na,"[0,",0,0,1,424.8,+12.0dB,18.3us,"[0,",1,825.9,normal,0,valid,-14.7dB,-14.9dB,na,na,,,,
2025-07-30 13:41:34.600076,PHY,0x4601,2,,na,"[0,",,,11111,,+32.3dB,17.4us,"[0,",1,825.17,normal,0,valid,-11.9dB,-12.0dB,0.36us,+61.7Hz,,"[6,",,1
2025-07-30 13:41:34.600990,PHY,0x4601,1,0,na,"[0,",0,0,1,419.6,+12.0dB,16.6us,"[0,",1,825.18,normal,0,valid,-14.7dB,-14.9dB,na,na,,,,
2025-07-30 13:41:34.601454,PHY,0x4601,1,0,na,"[0,",0,0,1,422.1,+12.0dB,14.4us,"[0,",1,825.19,normal,0,valid,-14.6dB,-14.9dB,na,na,,,,
2025-07-30 13:41:34.605602,CSI,0x4601,2,,na,"[0,",,,1,,+31.5dB,15.5us,"[0,",1,826.8,normal,0,valid,-11.9dB,-12.0dB,0.37us,-67.7Hz,,"[6,",1111,1
2025-07-30 13:41:34.606525,PHY,0x4601,1,0,na,"[0,",0,0,1,435.1,+12.1dB,20.0us,"[0,",1,826.9,normal,0,valid,-14.7dB,-15.0dB,na,na,,,,
2025-07-30 13:41:34.610083,PHY,0x4601,2,,na,"[0,",,,11111,,+28.2dB,15.1us,"[0,",1,826.17,normal,0,valid,-11.9dB,-12.0dB,0.37us,+34.2Hz,,"[6,",,1
2025-07-30 13:41:34.611013,PHY,0x4601,1,0,na,"[0,",0,0,1,409.0,+11.9dB,17.0us,"[0,",1,826.18,normal,0,valid,-14.7dB,-14.9dB,na,na,,,,
2025-07-30 13:41:34.611493,PHY,0x4601,1,0,na,"[0,",0,0,1,422.0,+12.0dB,14.4us,"[0,",1,826.19,normal,0,valid,-14.7dB,-14.9dB,na,na,,,,
2025-07-30 13:41:34.615995,PHY,0x4601,1,0,na,"[0,",0,0,1,414.3,+11.9dB,24.2us,"[0,",1,827.8,normal,0,valid,-14.7dB,-15.0dB,na,na,,,,
2025-07-30 13:41:34.616449,PHY,0x4601,1,0,na,"[0,",0,0,1,415.8,+11.9dB,15.1us,"[0,",1,827.9,normal,0,valid,-14.7dB,-14.9dB,na,na,,,,
2025-07-30 13:41:34.620115,PHY,0x4601,2,,na,"[0,",,,11111,,+34.2dB,17.6us,"[0,",1,827.17,normal,0,valid,-12.0dB,-12.1dB,0.35us,-30.9Hz,,"[6,",,1
2025-07-30 13:41:34.621085,PHY,0x4601,1,0,na,"[0,",0,0,1,414.3,+11.9dB,17.2us,"[0,",1,827.18,normal,0,valid,-14.7dB,-14.9dB,na,na,,,,
2025-07-30 13:41:34.621508,PHY,0x4601,1,0,na,"[0,",0,0,1,416.6,+12.0dB,13.7us,"[0,",1,827.19,normal,0,valid,-14.7dB,-14.9dB,na,na,,,,
2025-07-30 13:41:34.625666,CSI,0x4601,2,,na,"[0,",,,1,,+29.2dB,13.2us,"[0,",1,828.8,normal,0,valid,-11.8dB,-11.9dB,0.36us,-102.8Hz,,"[6,",1111,1
2025-07-30 13:41:34.626491,PHY,0x4601,1,0,na,"[0,",0,0,1,343.9,+11.1dB,20.7us,"[0,",1,828.9,normal,0,valid,-14.7dB,-15.0dB,na,na,,,,
2025-07-30 13:41:34.630029,PHY,0x4601,2,,na,"[0,",,,11111,,+31.2dB,14.7us,"[0,",1,828.17,normal,0,valid,-11.9dB,-12.1dB,0.37us,+91.5Hz,,"[6,",,1
2025-07-30 13:41:34.630988,PHY,0x4601,1,0,na,"[0,",0,0,1,370.0,+11.4dB,21.5us,"[0,",1,828.18,normal,0,valid,-14.6dB,-14.9dB,na,na,,,,
2025-07-30 13:41:34.631445,PHY,0x4601,1,0,na,"[0,",0,0,1,355.2,+11.2dB,16.7us,"[0,",1,828.19,normal,0,valid,-14.6dB,-15.0dB,na,na,,,,
2025-07-30 13:41:34.636033,PHY,0x4601,1,0,na,"[0,",0,0,1,424.9,+12.0dB,16.6us,"[0,",1,829.8,normal,0,valid,-14.7dB,-14.9dB,na,na,,,,
2025-07-30 13:41:34.636525,PHY,0x4601,1,0,na,"[0,",0,0,1,426.7,+12.1dB,15.2us,"[0,",1,829.9,normal,0,valid,-14.7dB,-14.9dB,na,na,,,,
2025-07-30 13:41:34.640086,PHY,0x4601,2,,na,"[0,",,,11111,,+28.6dB,14.8us,"[0,",1,829.17,normal,0,valid,-12.0dB,-12.2dB,0.36us,-57.0Hz,,"[6,",,1
2025-07-30 13:41:34.640992,PHY,0x4601,1,0,na,"[0,",0,0,1,421.5,+12.0dB,15.7us,"[0,",1,829.18,normal,0,valid,-14.6dB,-14.9dB,na,na,,,,
2025-07-30 13:41:34.641479,PHY,0x4601,1,0,na,"[0,",0,0,1,416.5,+11.9dB,14.3us,"[0,",1,829.19,normal,0,valid,-14.6dB,-14.9dB,na,na,,,,
2025-07-30 13:41:34.645593,CSI,0x4601,2,,na,"[0,",,,1,,+32.2dB,12.8us,"[0,",1,830.8,normal,0,valid,-11.8dB,-11.9dB,0.36us,-30.5Hz,,"[6,",1111,1
2025-07-30 13:41:34.646581,PHY,0x4601,1,0,na,"[0,",0,0,1,410.2,+11.9dB,16.3us,"[0,",1,830.9,normal,0,valid,-14.7dB,-14.9dB,na,na,,,,
2025-07-30 13:41:34.650101,PHY,0x4601,2,,na,"[0,",,,11111,,+30.4dB,14.4us,"[0,",1,830.17,normal,0,valid,-11.8dB,-12.0dB,0.36us,+28.4Hz,,"[6,",,1
2025-07-30 13:41:34.651073,PHY,0x4601,1,0,na,"[0,",0,0,1,357.7,+11.3dB,16.3us,"[0,",1,830.18,normal,0,valid,-14.6dB,-15.0dB,na,na,,,,
2025-07-30 13:41:34.651501,PHY,0x4601,1,0,na,"[0,",0,0,1,348.4,+11.2dB,14.4us,"[0,",1,830.19,normal,0,valid,-14.7dB,-15.0dB,na,na,,,,
2025-07-30 13:41:34.655998,PHY,0x4601,1,0,na,"[0,",0,0,1,417.0,+11.9dB,20.5us,"[0,",1,831.8,normal,0,valid,-14.6dB,-14.9dB,na,na,,,,
2025-07-30 13:41:34.656485,PHY,0x4601,1,0,na,"[0,",0,0,1,419.2,+12.0dB,24.0us,"[0,",1,831.9,normal,0,valid,-14.6dB,-14.9dB,na,na,,,,
2025-07-30 13:41:34.660144,PHY,0x4601,2,,na,"[0,",,,11111,,+29.1dB,14.2us,"[0,",1,831.17,normal,0,valid,-11.9dB,-12.1dB,0.37us,+103.0Hz,,"[6,",,1
2025-07-30 13:41:34.660956,PHY,0x4601,1,0,na,"[0,",0,0,1,429.0,+12.1dB,16.0us,"[0,",1,831.18,normal,0,valid,-14.6dB,-14.9dB,na,na,,,,
2025-07-30 13:41:34.661527,PHY,0x4601,1,0,na,"[0,",0,0,1,419.2,+12.0dB,13.9us,"[0,",1,831.19,normal,0,valid,-14.6dB,-14.9dB,na,na,,,,
2025-07-30 13:41:34.665576,CSI,0x4601,2,,na,"[0,",,,1,,+29.1dB,22.1us,"[0,",1,832.8,normal,0,valid,-11.8dB,-11.9dB,0.37us,-215.0Hz,,"[6,",1111,1
2025-07-30 13:41:34.666498,PHY,0x4601,1,0,na,"[0,",0,0,1,357.8,+11.3dB,21.7us,"[0,",1,832.9,normal,0,valid,-14.7dB,-15.0dB,na,na,,,,
2025-07-30 13:41:34.670046,PHY,0x4601,2,,na,"[0,",,,11111,,+26.3dB,15.4us,"[0,",1,832.17,normal,0,valid,-11.9dB,-12.0dB,0.36us,+41.4Hz,,"[6,",,1
2025-07-30 13:41:34.670978,PHY,0x4601,1,0,na,"[0,",0,0,1,360.4,+11.3dB,18.5us,"[0,",1,832.18,normal,0,valid,-14.6dB,-15.0dB,na,na,,,,
2025-07-30 13:41:34.671480,PHY,0x4601,1,0,na,"[0,",0,0,1,368.0,+11.4dB,15.2us,"[0,",1,832.19,normal,0,valid,-14.7dB,-15.0dB,na,na,,,,
2025-07-30 13:41:34.675978,PHY,0x4601,1,0,na,"[0,",0,0,1,432.1,+12.1dB,18.9us,"[0,",1,833.8,normal,0,valid,-14.7dB,-14.9dB,na,na,,,,
2025-07-30 13:41:34.676567,PHY,0x4601,1,0,na,"[0,",0,0,1,415.6,+11.9dB,15.5us,"[0,",1,833.9,normal,0,valid,-14.7dB,-14.9dB,na,na,,,,
2025-07-30 13:41:34.680077,PHY,0x4601,2,,na,"[0,",,,11111,,+32.1dB,14.4us,"[0,",1,833.17,normal,0,valid,-12.0dB,-12.1dB,0.35us,-162.0Hz,,"[6,",,1
2025-07-30 13:41:34.681014,PHY,0x4601,1,0,na,"[0,",0,0,1,363.1,+11.3dB,16.1us,"[0,",1,833.18,normal,0,valid,-14.7dB,-15.0dB,na,na,,,,
2025-07-30 13:41:34.681485,PHY,0x4601,1,0,na,"[0,",0,0,1,353.3,+11.2dB,14.4us,"[0,",1,833.19,normal,0,valid,-14.6dB,-14.9dB,na,na,,,,
2025-07-30 13:41:34.685658,CSI,0x4601,2,,na,"[0,",,,1,,+30.0dB,14.8us,"[0,",1,834.8,normal,0,valid,-11.8dB,-12.0dB,0.39us,-36.9Hz,,"[6,",1111,1
2025-07-30 13:41:34.686470,PHY,0x4601,1,0,na,"[0,",0,0,1,346.8,+11.1dB,16.1us,"[0,",1,834.9,normal,0,valid,-14.7dB,-15.0dB,na,na,,,,
2025-07-30 13:41:34.690123,PHY,0x4601,2,,na,"[0,",,,11111,,+27.2dB,13.8us,"[0,",1,834.17,normal,0,valid,-11.8dB,-11.9dB,0.35us,+49.5Hz,,"[6,",,1
2025-07-30 13:41:34.690960,PHY,0x4601,1,0,na,"[0,",0,0,1,357.1,+11.3dB,17.2us,"[0,",1,834.18,normal,0,valid,-14.6dB,-15.0dB,na,na,,,,
2025-07-30 13:41:34.691514,PHY,0x4601,1,0,na,"[0,",0,0,1,355.9,+11.2dB,14.5us,"[0,",1,834.19,normal,0,valid,-14.7dB,-15.0dB,na,na,,,,
2025-07-30 13:41:34.696016,PHY,0x4601,1,0,na,"[0,",0,0,1,420.8,+12.0dB,16.5us,"[0,",1,835.8,normal,0,valid,-14.7dB,-14.9dB,na,na,,,,
2025-07-30 13:41:34.696497,PHY,0x4601,1,0,na,"[0,",0,0,1,413.2,+11.9dB,27.1us,"[0,",1,835.9,normal,0,valid,-14.7dB,-14.9dB,na,na,,,,
2025-07-30 13:41:34.700029,PHY,0x4601,2,,na,"[0,",,,11111,,+29.2dB,15.5us,"[0,",1,835.17,normal,0,valid,-12.0dB,-12.1dB,0.36us,-15.2Hz,,"[6,",,1
2025-07-30 13:41:34.700975,PHY,0x4601,1,0,na,"[0,",0,0,1,354.1,+11.2dB,17.6us,"[0,",1,835.18,normal,0,valid,-14.7dB,-15.0dB,na,na,,,,
2025-07-30 13:41:34.701457,PHY,0x4601,1,0,na,"[0,",0,0,1,356.5,+11.3dB,14.7us,"[0,",1,835.19,normal,0,valid,-14.6dB,-15.0dB,na,na,,,,
2025-07-30 13:41:34.705573,CSI,0x4601,2,,na,"[0,",,,1,,+31.1dB,14.1us,"[0,",1,836.8,normal,0,valid,-11.9dB,-12.0dB,0.36us,+63.6Hz,,"[6,",1111,1
2025-07-30 13:41:34.706518,PHY,0x4601,1,0,na,"[0,",0,0,1,420.7,+12.0dB,16.1us,"[0,",1,836.9,normal,0,valid,-14.6dB,-14.9dB,na,na,,,,
2025-07-30 13:41:34.710072,PHY,0x4601,2,,na,"[0,",,,11111,,+29.7dB,16.6us,"[0,",1,836.17,normal,0,valid,-12.0dB,-12.1dB,0.37us,+20.4Hz,,"[6,",,1
2025-07-30 13:41:34.711003,PHY,0x4601,1,0,na,"[0,",0,0,1,344.7,+11.1dB,17.4us,"[0,",1,836.18,normal,0,valid,-14.6dB,-15.0dB,na,na,,,,
2025-07-30 13:41:34.711474,PHY,0x4601,1,0,na,"[0,",0,0,1,351.3,+11.2dB,13.9us,"[0,",1,836.19,normal,0,valid,-14.6dB,-14.9dB,na,na,,,,
2025-07-30 13:41:34.715969,PHY,0x4601,1,0,na,"[0,",0,0,1,426.4,+12.1dB,23.0us,"[0,",1,837.8,normal,0,valid,-14.6dB,-14.9dB,na,na,,,,
2025-07-30 13:41:34.716458,PHY,0x4601,1,0,na,"[0,",0,0,1,411.8,+11.9dB,15.3us,"[0,",1,837.9,normal,0,valid,-14.6dB,-14.9dB,na,na,,,,
2025-07-30 13:41:34.720096,PHY,0x4601,2,,na,"[0,",,,11111,,+29.6dB,14.4us,"[0,",1,837.17,normal,0,valid,-12.0dB,-12.1dB,0.36us,+65.9Hz,,"[6,",,1
2025-07-30 13:41:34.721035,PHY,0x4601,1,0,na,"[0,",0,0,1,416.7,+11.9dB,16.2us,"[0,",1,837.18,normal,0,valid,-14.7dB,-14.9dB,na,na,,,,
2025-07-30 13:41:34.721507,PHY,0x4601,1,0,na,"[0,",0,0,1,428.4,+12.0dB,13.5us,"[0,",1,837.19,normal,0,valid,-14.7dB,-14.9dB,na,na,,,,
2025-07-30 13:41:34.725596,CSI,0x4601,2,,na,"[0,",,,1,,+30.5dB,10.8us,"[0,",1,838.8,normal,0,valid,-11.8dB,-11.9dB,0.36us,+28.6Hz,,"[6,",1111,1
2025-07-30 13:41:34.726479,PHY,0x4601,1,0,na,"[0,",0,0,1,356.6,+11.3dB,16.3us,"[0,",1,838.9,normal,0,valid,-14.7dB,-15.0dB,na,na,,,,
2025-07-30 13:41:34.730011,PHY,0x4601,2,,na,"[0,",,,11111,,+30.7dB,15.3us,"[0,",1,838.17,normal,0,valid,-11.9dB,-12.0dB,0.37us,-126.9Hz,,"[6,",,1
2025-07-30 13:41:34.730957,PHY,0x4601,1,0,na,"[0,",0,0,1,433.9,+12.1dB,17.4us,"[0,",1,838.18,normal,0,valid,-14.7dB,-14.9dB,na,na,,,,
2025-07-30 13:41:34.731547,PHY,0x4601,1,0,na,"[0,",0,0,1,415.2,+11.9dB,18.8us,"[0,",1,838.19,normal,0,valid,-14.6dB,-15.0dB,na,na,,,,
2025-07-30 13:41:34.736029,PHY,0x4601,1,0,na,"[0,",0,0,1,424.4,+12.0dB,16.9us,"[0,",1,839.8,normal,0,valid,-14.6dB,-14.9dB,na,na,,,,
2025-07-30 13:41:34.736514,PHY,0x4601,1,0,na,"[0,",0,0,1,437.0,+12.2dB,15.0us,"[0,",1,839.9,normal,0,valid,-14.7dB,-14.9dB,na,na,,,,
2025-07-30 13:41:34.740061,PHY,0x4601,2,,na,"[0,",,,11111,,+29.3dB,15.3us,"[0,",1,839.17,normal,0,valid,-12.0dB,-12.1dB,0.35us,+37.6Hz,,"[6,",,1
2025-07-30 13:41:34.740993,PHY,0x4601,1,0,na,"[0,",0,0,1,418.6,+12.0dB,25.1us,"[0,",1,839.18,normal,0,valid,-14.6dB,-14.9dB,na,na,,,,
2025-07-30 13:41:34.741467,PHY,0x4601,1,0,na,"[0,",0,0,1,418.6,+12.0dB,18.5us,"[0,",1,839.19,normal,0,valid,-14.7dB,-14.9dB,na,na,,,,
2025-07-30 13:41:34.745621,CSI,0x4601,2,,na,"[0,",,,1,,+30.7dB,13.5us,"[0,",1,840.8,normal,0,valid,-11.8dB,-12.0dB,0.36us,+14.6Hz,,"[6,",1111,1
2025-07-30 13:41:34.746534,PHY,0x4601,1,0,na,"[0,",0,0,1,360.2,+11.3dB,16.6us,"[0,",1,840.9,normal,0,valid,-14.7dB,-15.0dB,na,na,,,,
2025-07-30 13:41:34.750113,PHY,0x4601,2,,na,"[0,",,,11111,,+30.1dB,14.4us,"[0,",1,840.17,normal,0,valid,-11.9dB,-12.0dB,0.37us,+54.5Hz,,"[6,",,1
2025-07-30 13:41:34.751019,PHY,0x4601,1,0,na,"[0,",0,0,1,361.3,+11.3dB,16.1us,"[0,",1,840.18,normal,0,valid,-14.7dB,-15.0dB,na,na,,,,
2025-07-30 13:41:34.751489,PHY,0x4601,1,0,na,"[0,",0,0,1,338.6,+11.0dB,14.4us,"[0,",1,840.19,normal,0,valid,-14.7dB,-15.0dB,na,na,,,,
2025-07-30 13:41:34.755985,PHY,0x4601,1,0,na,"[0,",0,0,1,426.3,+12.1dB,15.9us,"[0,",1,841.8,normal,0,valid,-14.6dB,-14.9dB,na,na,,,,
2025-07-30 13:41:34.756458,PHY,0x4601,1,0,na,"[0,",0,0,1,419.2,+12.0dB,15.5us,"[0,",1,841.9,normal,0,valid,-14.7dB,-14.9dB,na,na,,,,
2025-07-30 13:41:34.760141,PHY,0x4601,2,,na,"[0,",,,11111,,+30.6dB,15.9us,"[0,",1,841.17,normal,0,valid,-12.0dB,-12.1dB,0.37us,-72.0Hz,,"[6,",,1
2025-07-30 13:41:34.760946,PHY,0x4601,1,0,na,"[0,",0,0,1,406.3,+11.8dB,15.8us,"[0,",1,841.18,normal,0,valid,-14.7dB,-14.9dB,na,na,,,,
2025-07-30 13:41:34.761534,PHY,0x4601,1,0,na,"[0,",0,0,1,403.4,+11.9dB,15.0us,"[0,",1,841.19,normal,0,valid,-14.6dB,-14.9dB,na,na,,,,
2025-07-30 13:41:34.765617,CSI,0x4601,2,,na,"[0,",,,1,,+30.6dB,12.7us,"[0,",1,842.8,normal,0,valid,-11.8dB,-11.9dB,0.38us,-3.8Hz,,"[6,",1111,1
2025-07-30 13:41:34.766496,PHY,0x4601,1,0,na,"[0,",0,0,1,430.1,+12.1dB,16.7us,"[0,",1,842.9,normal,0,valid,-14.7dB,-14.9dB,na,na,,,,
2025-07-30 13:41:34.770031,PHY,0x4601,2,,na,"[0,",,,11111,,+31.3dB,14.8us,"[0,",1,842.17,normal,0,valid,-11.8dB,-11.9dB,0.37us,+52.8Hz,,"[6,",,1
2025-07-30 13:41:34.770981,PHY,0x4601,1,0,na,"[0,",0,0,1,415.9,+11.9dB,16.1us,"[0,",1,842.18,normal,0,valid,-14.6dB,-14.9dB,na,na,,,,
2025-07-30 13:41:34.771454,PHY,0x4601,1,0,na,"[0,",0,0,1,417.9,+12.0dB,14.7us,"[0,",1,842.19,normal,0,valid,-14.7dB,-14.9dB,na,na,,,,
2025-07-30 13:41:34.775964,PHY,0x4601,1,0,na,"[0,",0,0,1,424.4,+12.1dB,21.0us,"[0,",1,843.8,normal,0,valid,-14.7dB,-14.9dB,na,na,,,,
2025-07-30 13:41:34.776540,PHY,0x4601,1,0,na,"[0,",0,0,1,412.5,+11.9dB,17.6us,"[0,",1,843.9,normal,0,valid,-14.7dB,-14.9dB,na,na,,,,
2025-07-30 13:41:34.780093,PHY,0x4601,2,,na,"[0,",,,11111,,+29.7dB,14.6us,"[0,",1,843.17,normal,0,valid,-11.9dB,-12.0dB,0.35us,-57.4Hz,,"[6,",,1
2025-07-30 13:41:34.781009,PHY,0x4601,1,0,na,"[0,",0,0,1,424.7,+12.0dB,16.1us,"[0,",1,843.18,normal,0,valid,-14.7dB,-14.9dB,na,na,,,,
2025-07-30 13:41:34.781494,PHY,0x4601,1,0,na,"[0,",0,0,1,407.2,+11.8dB,14.6us,"[0,",1,843.19,normal,0,valid,-14.6dB,-14.9dB,na,na,,,,
2025-07-30 13:41:34.785607,CSI,0x4601,2,,na,"[0,",,,1,,+32.5dB,12.5us,"[0,",1,844.8,normal,0,valid,-11.8dB,-11.9dB,0.40us,+29.0Hz,,"[6,",1111,1
2025-07-30 13:41:34.786447,PHY,0x4601,1,0,na,"[0,",0,0,1,417.0,+12.0dB,16.0us,"[0,",1,844.9,normal,0,valid,-14.7dB,-14.9dB,na,na,,,,
2025-07-30 13:41:34.790125,PHY,0x4601,2,,na,"[0,",,,11111,,+28.5dB,13.8us,"[0,",1,844.17,normal,0,valid,-12.1dB,-12.2dB,0.37us,-47.6Hz,,"[6,",,1
2025-07-30 13:41:34.791037,PHY,0x4601,1,0,na,"[0,",0,0,1,346.6,+11.2dB,16.0us,"[0,",1,844.18,normal,0,valid,-14.7dB,-15.0dB,na,na,,,,
2025-07-30 13:41:34.791519,PHY,0x4601,1,0,na,"[0,",0,0,1,355.5,+11.2dB,16.0us,"[0,",1,844.19,normal,0,valid,-14.6dB,-15.0dB,na,na,,,,
2025-07-30 13:41:34.796018,PHY,0x4601,1,0,na,"[0,",0,0,1,420.8,+12.0dB,16.9us,"[0,",1,845.8,normal,0,valid,-14.6dB,-14.9dB,na,na,,,,
2025-07-30 13:41:34.796484,PHY,0x4601,1,0,na,"[0,",0,0,1,423.2,+12.0dB,20.4us,"[0,",1,845.9,normal,0,valid,-14.7dB,-14.9dB,na,na,,,,
2025-07-30 13:41:34.800016,PHY,0x4601,2,,na,"[0,",,,11111,,+32.3dB,15.3us,"[0,",1,845.17,normal,0,valid,-11.9dB,-12.0dB,0.35us,-61.0Hz,,"[6,",,1
2025-07-30 13:41:34.800968,PHY,0x4601,1,0,na,"[0,",0,0,1,424.3,+12.0dB,16.9us,"[0,",1,845.18,normal,0,valid,-14.7dB,-14.9dB,na,na,,,,
2025-07-30 13:41:34.801444,PHY,0x4601,1,0,na,"[0,",0,0,1,409.9,+11.8dB,15.1us,"[0,",1,845.19,normal,0,valid,-14.7dB,-15.0dB,na,na,,,,
2025-07-30 13:41:34.805615,CSI,0x4601,2,,na,"[0,",,,1,,+32.0dB,13.0us,"[0,",1,846.8,normal,0,valid,-11.8dB,-11.9dB,0.37us,-3.7Hz,,"[6,",1111,1
2025-07-30 13:41:34.806515,PHY,0x4601,1,0,na,"[0,",0,0,1,420.9,+12.0dB,15.9us,"[0,",1,846.9,normal,0,valid,-14.7dB,-15.0dB,na,na,,,,
2025-07-30 13:41:34.810072,PHY,0x4601,2,,na,"[0,",,,11111,,+29.4dB,16.5us,"[0,",1,846.17,normal,0,valid,-12.0dB,-12.1dB,0.37us,-36.2Hz,,"[6,",,1
2025-07-30 13:41:34.811009,PHY,0x4601,1,0,na,"[0,",0,0,1,351.7,+11.2dB,18.8us,"[0,",1,846.18,normal,0,valid,-14.6dB,-15.0dB,na,na,,,,
2025-07-30 13:41:34.811478,PHY,0x4601,1,0,na,"[0,",0,0,1,343.6,+11.1dB,15.0us,"[0,",1,846.19,normal,0,valid,-14.7dB,-15.0dB,na,na,,,,
2025-07-30 13:41:34.815972,PHY,0x4601,1,0,na,"[0,",0,0,1,426.2,+12.0dB,16.7us,"[0,",1,847.8,normal,0,valid,-14.7dB,-14.9dB,na,na,,,,
2025-07-30 13:41:34.816549,PHY,0x4601,1,0,na,"[0,",0,0,1,411.8,+11.9dB,17.4us,"[0,",1,847.9,normal,0,valid,-14.6dB,-14.9dB,na,na,,,,
2025-07-30 13:41:34.820115,PHY,0x4601,2,,na,"[0,",,,11111,,+29.8dB,15.8us,"[0,",1,847.17,normal,0,valid,-11.9dB,-12.0dB,0.34us,-99.6Hz,,"[6,",,1
2025-07-30 13:41:34.821034,PHY,0x4601,1,0,na,"[0,",0,0,1,418.6,+12.0dB,20.6us,"[0,",1,847.18,normal,0,valid,-14.7dB,-15.0dB,na,na,,,,
2025-07-30 13:41:34.821508,PHY,0x4601,1,0,na,"[0,",0,0,1,409.4,+11.9dB,14.6us,"[0,",1,847.19,normal,0,valid,-14.7dB,-14.9dB,na,na,,,,
2025-07-30 13:41:34.825599,CSI,0x4601,2,,na,"[0,",,,1,,+30.7dB,14.2us,"[0,",1,848.8,normal,0,valid,-11.9dB,-12.0dB,0.37us,-35.4Hz,,"[6,",1111,1
2025-07-30 13:41:34.826465,PHY,0x4601,1,0,na,"[0,",0,0,1,361.6,+11.3dB,16.3us,"[0,",1,848.9,normal,0,valid,-14.7dB,-15.0dB,na,na,,,,
2025-07-30 13:41:34.830133,PHY,0x4601,2,,na,"[0,",,,11111,,+31.9dB,13.8us,"[0,",1,848.17,normal,0,valid,-11.8dB,-12.0dB,0.39us,+87.3Hz,,"[6,",,1
2025-07-30 13:41:34.830957,PHY,0x4601,1,0,na,"[0,",0,0,1,347.6,+11.1dB,20.5us,"[0,",1,848.18,normal,0,valid,-14.7dB,-15.0dB,na,na,,,,
2025-07-30 13:41:34.831531,PHY,0x4601,1,0,na,"[0,",0,0,1,349.0,+11.2dB,14.1us,"[0,",1,848.19,normal,0,valid,-14.7dB,-15.0dB,na,na,,,,
2025-07-30 13:41:34.836018,PHY,0x4601,1,0,na,"[0,",0,0,1,403.8,+11.8dB,16.3us,"[0,",1,849.8,normal,0,valid,-14.7dB,-15.0dB,na,na,,,,
2025-07-30 13:41:34.836524,PHY,0x4601,1,0,na,"[0,",0,0,1,430.9,+12.1dB,17.0us,"[0,",1,849.9,normal,0,valid,-14.7dB,-15.0dB,na,na,,,,
2025-07-30 13:41:34.840039,PHY,0x4601,2,,na,"[0,",,,11111,,+28.6dB,14.3us,"[0,",1,849.17,normal,0,valid,-11.9dB,-12.0dB,0.35us,+48.9Hz,,"[6,",,1
2025-07-30 13:41:34.840989,PHY,0x4601,1,0,na,"[0,",0,0,1,354.5,+11.2dB,15.6us,"[0,",1,849.18,normal,0,valid,-14.6dB,-15.0dB,na,na,,,,
2025-07-30 13:41:34.841461,PHY,0x4601,1,0,na,"[0,",0,0,1,354.3,+11.2dB,13.8us,"[0,",1,849.19,normal,0,valid,-14.7dB,-15.0dB,na,na,,,,
2025-07-30 13:41:34.845613,CSI,0x4601,2,,na,"[0,",,,1,,+30.7dB,15.8us,"[0,",1,850.8,normal,0,valid,-11.9dB,-12.0dB,0.38us,-27.2Hz,,"[6,",1111,1
2025-07-30 13:41:34.846526,PHY,0x4601,1,0,na,"[0,",0,0,1,349.4,+11.2dB,16.0us,"[0,",1,850.9,normal,0,valid,-14.7dB,-15.0dB,na,na,,,,
2025-07-30 13:41:34.850084,PHY,0x4601,2,,na,"[0,",,,11111,,+31.1dB,14.5us,"[0,",1,850.17,normal,0,valid,-11.9dB,-12.0dB,0.36us,+107.8Hz,,"[6,",,1
2025-07-30 13:41:34.851007,PHY,0x4601,1,0,na,"[0,",0,0,1,435.7,+12.1dB,18.5us,"[0,",1,850.18,normal,0,valid,-14.7dB,-14.9dB,na,na,,,,
2025-07-30 13:41:34.851497,PHY,0x4601,1,0,na,"[0,",0,0,1,407.8,+11.9dB,14.4us,"[0,",1,850.19,normal,0,valid,-14.7dB,-14.9dB,na,na,,,,
2025-07-30 13:41:34.855994,PHY,0x4601,1,0,na,"[0,",0,0,1,424.9,+12.0dB,17.3us,"[0,",1,851.8,normal,0,valid,-14.7dB,-14.9dB,na,na,,,,
2025-07-30 13:41:34.856456,PHY,0x4601,1,0,na,"[0,",0,0,1,389.4,+11.6dB,18.0us,"[0,",1,851.9,normal,0,valid,-14.6dB,-14.9dB,na,na,,,,
2025-07-30 13:41:34.860121,PHY,0x4601,2,,na,"[0,",,,11111,,+30.2dB,15.8us,"[0,",1,851.17,normal,0,valid,-11.9dB,-12.0dB,0.37us,+8.6Hz,,"[6,",,1
2025-07-30 13:41:34.860942,PHY,0x4601,1,0,na,"[0,",0,0,1,408.6,+11.9dB,16.2us,"[0,",1,851.18,normal,0,valid,-14.7dB,-14.9dB,na,na,,,,
2025-07-30 13:41:34.861515,PHY,0x4601,1,0,na,"[0,",0,0,1,425.7,+12.0dB,14.2us,"[0,",1,851.19,normal,0,valid,-14.6dB,-14.9dB,na,na,,,,
2025-07-30 13:41:34.865609,CSI,0x4601,2,,na,"[0,",,,1,,+29.8dB,12.0us,"[0,",1,852.8,normal,0,valid,-11.9dB,-12.0dB,0.39us,-56.2Hz,,"[6,",1111,1
2025-07-30 13:41:34.866492,PHY,0x4601,1,0,na,"[0,",0,0,1,344.1,+11.1dB,21.3us,"[0,",1,852.9,normal,0,valid,-14.7dB,-15.0dB,na,na,,,,
2025-07-30 13:41:34.870021,PHY,0x4601,2,,na,"[0,",,,11111,,+30.2dB,15.1us,"[0,",1,852.17,normal,0,valid,-11.9dB,-12.0dB,0.39us,-24.1Hz,,"[6,",,1
2025-07-30 13:41:34.870983,PHY,0x4601,1,0,na,"[0,",0,0,1,407.8,+11.8dB,16.5us,"[0,",1,852.18,normal,0,valid,-14.7dB,-14.9dB,na,na,,,,
2025-07-30 13:41:34.871457,PHY,0x4601,1,0,na,"[0,",0,0,1,420.4,+12.0dB,16.3us,"[0,",1,852.19,normal,0,valid,-14.7dB,-14.9dB,na,na,,,,
2025-07-30 13:41:34.876091,PHY,0x4601,1,0,na,"[0,",0,0,1,430.2,+12.1dB,20.2us,"[0,",1,853.8,normal,0,valid,-14.7dB,-14.9dB,na,na,,,,
2025-07-30 13:41:34.876531,PHY,0x4601,1,0,na,"[0,",0,0,1,412.6,+11.9dB,14.2us,"[0,",1,853.9,normal,0,valid,-14.7dB,-14.9dB,na,na,,,,
2025-07-30 13:41:34.880073,PHY,0x4601,2,,na,"[0,",,,11111,,+29.7dB,17.7us,"[0,",1,853.17,normal,0,valid,-11.8dB,-11.9dB,0.35us,-73.7Hz,,"[6,",,1
2025-07-30 13:41:34.881007,PHY,0x4601,1,0,na,"[0,",0,0,1,352.0,+11.2dB,18.5us,"[0,",1,853.18,normal,0,valid,-14.6dB,-15.0dB,na,na,,,,
2025-07-30 13:41:34.881488,PHY,0x4601,1,0,na,"[0,",0,0,1,366.4,+11.4dB,15.2us,"[0,",1,853.19,normal,0,valid,-14.7dB,-15.0dB,na,na,,,,
2025-07-30 13:41:34.885618,CSI,0x4601,2,,na,"[0,",,,1,,+31.2dB,13.2us,"[0,",1,854.8,normal,0,valid,-11.9dB,-12.0dB,0.37us,-28.0Hz,,"[6,",1111,1
2025-07-30 13:41:34.886440,PHY,0x4601,1,0,na,"[0,",0,0,1,434.6,+12.1dB,16.4us,"[0,",1,854.9,normal,0,valid,-14.7dB,-15.0dB,na,na,,,,
2025-07-30 13:41:34.890099,PHY,0x4601,2,,na,"[0,",,,11111,,+29.6dB,15.9us,"[0,",1,854.17,normal,0,valid,-11.8dB,-11.9dB,0.38us,+126.6Hz,,"[6,",,1
2025-07-30 13:41:34.891083,PHY,0x4601,1,0,na,"[0,",0,0,1,354.4,+11.2dB,18.4us,"[0,",1,854.18,normal,0,valid,-14.6dB,-15.0dB,na,na,,,,
2025-07-30 13:41:34.891506,PHY,0x4601,1,0,na,"[0,",0,0,1,358.5,+11.3dB,16.1us,"[0,",1,854.19,normal,0,valid,-14.7dB,-15.0dB,na,na,,,,
2025-07-30 13:41:34.896012,PHY,0x4601,1,0,na,"[0,",0,0,1,421.0,+12.0dB,29.6us,"[0,",1,855.8,normal,0,valid,-14.7dB,-15.0dB,na,na,,,,
2025-07-30 13:41:34.896496,PHY,0x4601,1,0,na,"[0,",0,0,1,424.1,+12.0dB,26.5us,"[0,",1,855.9,normal,0,valid,-14.7dB,-15.0dB,na,na,,,,
2025-07-30 13:41:34.900015,PHY,0x4601,2,,na,"[0,",,,11111,,+28.3dB,15.4us,"[0,",1,855.17,normal,0,valid,-11.9dB,-12.0dB,0.37us,+128.3Hz,,"[6,",,1
2025-07-30 13:41:34.900974,PHY,0x4601,1,0,na,"[0,",0,0,1,334.6,+11.0dB,19.6us,"[0,",1,855.18,normal,0,valid,-14.6dB,-15.0dB,na,na,,,,
2025-07-30 13:41:34.901583,PHY,0x4601,1,0,na,"[0,",0,0,1,352.9,+11.2dB,16.7us,"[0,",1,855.19,normal,0,valid,-14.6dB,-15.0dB,na,na,,,,
2025-07-30 13:41:34.905569,CSI,0x4601,2,,na,"[0,",,,1,,+29.5dB,14.7us,"[0,",1,856.8,normal,0,valid,-11.8dB,-11.9dB,0.36us,-47.2Hz,,"[6,",1111,1
2025-07-30 13:41:34.906504,PHY,0x4601,1,0,na,"[0,",0,0,1,359.1,+11.3dB,16.6us,"[0,",1,856.9,normal,0,valid,-14.7dB,-15.0dB,na,na,,,,
2025-07-30 13:41:34.910049,PHY,0x4601,2,,na,"[0,",,,11111,,+30.5dB,15.0us,"[0,",1,856.17,normal,0,valid,-12.0dB,-12.1dB,0.37us,+39.4Hz,,"[6,",,1
2025-07-30 13:41:34.910988,PHY,0x4601,1,0,na,"[0,",0,0,1,419.9,+12.0dB,17.1us,"[0,",1,856.18,normal,0,valid,-14.6dB,-14.9dB,na,na,,,,
2025-07-30 13:41:34.911475,PHY,0x4601,1,0,na,"[0,",0,0,1,426.7,+12.0dB,14.7us,"[0,",1,856.19,normal,0,valid,-14.7dB,-14.9dB,na,na,,,,
2025-07-30 13:41:34.915975,PHY,0x4601,1,0,na,"[0,",0,0,1,416.3,+11.9dB,19.4us,"[0,",1,857.8,normal,0,valid,-14.8dB,-15.0dB,na,na,,,,
2025-07-30 13:41:34.916540,PHY,0x4601,1,0,na,"[0,",0,0,1,420.4,+12.0dB,22.5us,"[0,",1,857.9,normal,0,valid,-14.8dB,-15.0dB,na,na,,,,
2025-07-30 13:41:34.920087,PHY,0x4601,2,,na,"[0,",,,11111,,+31.9dB,18.1us,"[0,",1,857.17,normal,0,valid,-12.0dB,-12.1dB,0.36us,-2.7Hz,,"[6,",,1
2025-07-30 13:41:34.921023,PHY,0x4601,1,0,na,"[0,",0,0,1,352.7,+11.2dB,16.1us,"[0,",1,857.18,normal,0,valid,-14.7dB,-15.1dB,na,na,,,,
2025-07-30 13:41:34.921489,PHY,0x4601,1,0,na,"[0,",0,0,1,337.3,+11.0dB,17.6us,"[0,",1,857.19,normal,0,valid,-14.7dB,-15.1dB,na,na,,,,
2025-07-30 13:41:34.925591,CSI,0x4601,2,,na,"[0,",,,1,,+30.2dB,12.4us,"[0,",1,858.8,normal,0,valid,-11.9dB,-12.1dB,0.37us,+56.0Hz,,"[6,",1111,1
2025-07-30 13:41:34.926480,PHY,0x4601,1,0,na,"[0,",0,0,1,351.1,+11.2dB,16.2us,"[0,",1,858.9,normal,0,valid,-14.8dB,-15.1dB,na,na,,,,
2025-07-30 13:41:34.930133,PHY,0x4601,2,,na,"[0,",,,11111,,+27.7dB,13.5us,"[0,",1,858.17,normal,0,valid,-12.0dB,-12.1dB,0.35us,+63.9Hz,,"[6,",,1
2025-07-30 13:41:34.930964,PHY,0x4601,1,0,na,"[0,",0,0,1,412.1,+11.9dB,15.4us,"[0,",1,858.18,normal,0,valid,-14.7dB,-15.0dB,na,na,,,,
2025-07-30 13:41:34.931528,PHY,0x4601,1,0,na,"[0,",0,0,1,404.4,+11.8dB,17.5us,"[0,",1,858.19,normal,0,valid,-14.7dB,-15.0dB,na,na,,,,
2025-07-30 13:41:34.936016,PHY,0x4601,1,0,na,"[0,",0,0,1,419.5,+12.0dB,16.6us,"[0,",1,859.8,normal,0,valid,-14.7dB,-15.0dB,na,na,,,,
2025-07-30 13:41:34.936495,PHY,0x4601,1,0,na,"[0,",0,0,1,436.9,+12.1dB,24.1us,"[0,",1,859.9,normal,0,valid,-14.8dB,-15.0dB,na,na,,,,
2025-07-30 13:41:34.940059,PHY,0x4601,2,,na,"[0,",,,11111,,+29.5dB,18.5us,"[0,",1,859.17,normal,0,valid,-12.0dB,-12.1dB,0.36us,+108.5Hz,,"[6,",,1
2025-07-30 13:41:34.940982,PHY,0x4601,1,0,na,"[0,",0,0,1,413.9,+11.9dB,22.7us,"[0,",1,859.18,normal,0,valid,-14.8dB,-15.0dB,na,na,,,,
2025-07-30 13:41:34.941471,PHY,0x4601,1,0,na,"[0,",0,0,1,409.1,+11.9dB,13.7us,"[0,",1,859.19,normal,0,valid,-14.7dB,-15.0dB,na,na,,,,
2025-07-30 13:41:34.945591,CSI,0x4601,2,,na,"[0,",,,1,,+31.8dB,13.9us,"[0,",1,860.8,normal,0,valid,-11.9dB,-12.1dB,0.37us,+51.0Hz,,"[6,",1111,1
2025-07-30 13:41:34.946518,PHY,0x4601,1,0,na,"[0,",0,0,1,424.5,+12.0dB,16.0us,"[0,",1,860.9,normal,0,valid,-14.7dB,-15.0dB,na,na,,,,
2025-07-30 13:41:34.950102,PHY,0x4601,2,,na,"[0,",,,11111,,+30.1dB,21.6us,"[0,",1,860.17,normal,0,valid,-12.0dB,-12.1dB,0.38us,-48.4Hz,,"[6,",,1
2025-07-30 13:41:34.951008,PHY,0x4601,1,0,na,"[0,",0,0,1,349.6,+11.2dB,21.1us,"[0,",1,860.18,normal,0,valid,-14.7dB,-15.0dB,na,na,,,,
2025-07-30 13:41:34.951480,PHY,0x4601,1,0,na,"[0,",0,0,1,354.2,+11.2dB,16.1us,"[0,",1,860.19,normal,0,valid,-14.8dB,-15.1dB,na,na,,,,
2025-07-30 13:41:34.955973,PHY,0x4601,1,0,na,"[0,",0,0,1,409.2,+11.9dB,16.5us,"[0,",1,861.8,normal,0,valid,-14.7dB,-15.0dB,na,na,,,,
2025-07-30 13:41:34.956455,PHY,0x4601,1,0,na,"[0,",0,0,1,412.2,+11.9dB,14.7us,"[0,",1,861.9,normal,0,valid,-14.8dB,-15.0dB,na,na,,,,
2025-07-30 13:41:34.960136,PHY,0x4601,2,,na,"[0,",,,11111,,+30.0dB,14.1us,"[0,",1,861.17,normal,0,valid,-12.1dB,-12.2dB,0.37us,+16.5Hz,,"[6,",,1
2025-07-30 13:41:34.961043,PHY,0x4601,1,0,na,"[0,",0,0,1,404.8,+11.8dB,16.3us,"[0,",1,861.18,normal,0,valid,-14.8dB,-15.0dB,na,na,,,,
2025-07-30 13:41:34.961514,PHY,0x4601,1,0,na,"[0,",0,0,1,409.3,+11.8dB,15.4us,"[0,",1,861.19,normal,0,valid,-14.7dB,-15.0dB,na,na,,,,
2025-07-30 13:41:34.965614,CSI,0x4601,2,,na,"[0,",,,1,,+31.5dB,15.5us,"[0,",1,862.8,normal,0,valid,-12.0dB,-12.1dB,0.37us,-81.3Hz,,"[6,",1111,1
2025-07-30 13:41:34.966478,PHY,0x4601,1,0,na,"[0,",0,0,1,422.9,+12.0dB,16.2us,"[0,",1,862.9,normal,0,valid,-14.8dB,-15.0dB,na,na,,,,
2025-07-30 13:41:34.970023,PHY,0x4601,2,,na,"[0,",,,11111,,+31.0dB,16.8us,"[0,",1,862.17,normal,0,valid,-11.9dB,-12.0dB,0.35us,+24.0Hz,,"[6,",,1
2025-07-30 13:41:34.970964,PHY,0x4601,1,0,na,"[0,",0,0,1,359.4,+11.3dB,17.0us,"[0,",1,862.18,normal,0,valid,-14.8dB,-15.1dB,na,na,,,,
2025-07-30 13:41:34.971467,PHY,0x4601,1,0,na,"[0,",0,0,1,351.4,+11.2dB,14.4us,"[0,",1,862.19,normal,0,valid,-14.8dB,-15.1dB,na,na,,,,
2025-07-30 13:41:34.976033,PHY,0x4601,1,0,na,"[0,",0,0,1,420.3,+12.0dB,18.0us,"[0,",1,863.8,normal,0,valid,-14.8dB,-15.0dB,na,na,,,,
2025-07-30 13:41:34.976517,PHY,0x4601,1,0,na,"[0,",0,0,1,405.7,+11.8dB,15.4us,"[0,",1,863.9,normal,0,valid,-14.8dB,-15.0dB,na,na,,,,
2025-07-30 13:41:34.980090,PHY,0x4601,2,,na,"[0,",,,11111,,+28.9dB,24.5us,"[0,",1,863.17,normal,0,valid,-11.9dB,-12.1dB,0.36us,+36.4Hz,,"[6,",,1
2025-07-30 13:41:34.980995,PHY,0x4601,1,0,na,"[0,",0,0,1,410.1,+11.9dB,17.8us,"[0,",1,863.18,normal,0,valid,-14.8dB,-15.0dB,na,na,,,,
2025-07-30 13:41:34.981470,PHY,0x4601,1,0,na,"[0,",0,0,1,429.3,+12.1dB,14.9us,"[0,",1,863.19,normal,0,valid,-14.7dB,-15.0dB,na,na,,,,
2025-07-30 13:41:34.985620,CSI,0x4601,2,,na,"[0,",,,1,,+29.8dB,12.9us,"[0,",1,864.8,normal,0,valid,-11.9dB,-12.0dB,0.38us,+25.5Hz,,"[6,",1111,1
2025-07-30 13:41:34.986544,PHY,0x4601,1,0,na,"[0,",0,0,1,344.4,+11.1dB,16.5us,"[0,",1,864.9,normal,0,valid,-14.8dB,-15.1dB,na,na,,,,
2025-07-30 13:41:34.990118,PHY,0x4601,2,,na,"[0,",,,11111,,+31.2dB,17.8us,"[0,",1,864.17,normal,0,valid,-11.9dB,-12.0dB,0.39us,+31.9Hz,,"[6,",,1
2025-07-30 13:41:34.991029,PHY,0x4601,1,0,na,"[0,",0,0,1,412.4,+11.9dB,18.5us,"[0,",1,864.18,normal,0,valid,-14.8dB,-15.1dB,na,na,,,,
2025-07-30 13:41:34.991505,PHY,0x4601,1,0,na,"[0,",0,0,1,402.6,+11.8dB,14.9us,"[0,",1,864.19,normal,0,valid,-14.8dB,-15.0dB,na,na,,,,
2025-07-30 13:41:34.995989,PHY,0x4601,1,0,na,"[0,",0,0,1,414.7,+11.9dB,16.3us,"[0,",1,865.8,normal,0,valid,-14.7dB,-15.0dB,na,na,,,,
2025-07-30 13:41:34.996461,PHY,0x4601,1,0,na,"[0,",0,0,1,404.7,+11.8dB,16.0us,"[0,",1,865.9,normal,0,valid,-14.8dB,-15.0dB,na,na,,,,
2025-07-30 13:41:35.000115,PHY,0x4601,2,,na,"[0,",,,11111,,+31.7dB,15.8us,"[0,",1,865.17,normal,0,valid,-12.0dB,-12.1dB,0.35us,-10.5Hz,,"[6,",,1
2025-07-30 13:41:35.000951,PHY,0x4601,1,0,na,"[0,",0,0,1,339.4,+11.0dB,16.5us,"[0,",1,865.18,normal,0,valid,-14.8dB,-15.1dB,na,na,,,,
2025-07-30 13:41:35.001535,PHY,0x4601,1,0,na,"[0,",0,0,1,348.3,+11.1dB,15.6us,"[0,",1,865.19,normal,0,valid,-14.8dB,-15.1dB,na,na,,,,
2025-07-30 13:41:35.005556,CSI,0x4601,2,,na,"[0,",,,1,,+32.0dB,17.3us,"[0,",1,866.8,normal,0,valid,-11.9dB,-12.0dB,0.36us,-40.4Hz,,"[6,",1111,1
2025-07-30 13:41:35.006524,PHY,0x4601,1,0,na,"[0,",0,0,1,422.9,+12.0dB,18.9us,"[0,",1,866.9,normal,0,valid,-14.8dB,-15.0dB,na,na,,,,
2025-07-30 13:41:35.010040,PHY,0x4601,2,,na,"[0,",,,11111,,+32.3dB,15.6us,"[0,",1,866.17,normal,0,valid,-12.1dB,-12.2dB,0.37us,-24.6Hz,,"[6,",,1
2025-07-30 13:41:35.010985,PHY,0x4601,1,0,na,"[0,",0,0,1,346.9,+11.1dB,16.8us,"[0,",1,866.18,normal,0,valid,-14.8dB,-15.1dB,na,na,,,,
2025-07-30 13:41:35.011458,PHY,0x4601,1,0,na,"[0,",0,0,1,340.0,+11.0dB,14.8us,"[0,",1,866.19,normal,0,valid,-14.8dB,-15.1dB,na,na,,,,
2025-07-30 13:41:35.015952,PHY,0x4601,1,0,na,"[0,",0,0,1,418.6,+11.9dB,16.7us,"[0,",1,867.8,normal,0,valid,-14.7dB,-15.0dB,na,na,,,,
2025-07-30 13:41:35.016535,PHY,0x4601,1,0,na,"[0,",0,0,1,396.1,+11.7dB,16.7us,"[0,",1,867.9,normal,0,valid,-14.8dB,-15.1dB,na,na,,,,
2025-07-30 13:41:35.020107,PHY,0x4601,2,,na,"[0,",,,11111,,+27.0dB,15.4us,"[0,",1,867.17,normal,0,valid,-12.1dB,-12.2dB,0.37us,+30.4Hz,,"[6,",,1
2025-07-30 13:41:35.021023,PHY,0x4601,1,0,na,"[0,",0,0,1,345.1,+11.1dB,20.4us,"[0,",1,867.18,normal,0,valid,-14.8dB,-15.1dB,na,na,,,,
2025-07-30 13:41:35.021489,PHY,0x4601,1,0,na,"[0,",0,0,1,342.0,+11.1dB,14.8us,"[0,",1,867.19,normal,0,valid,-14.8dB,-15.1dB,na,na,,,,
2025-07-30 13:41:35.025635,CSI,0x4601,2,,na,"[0,",,,1,,+29.7dB,19.0us,"[0,",1,868.8,normal,0,valid,-11.9dB,-12.0dB,0.37us,-33.3Hz,,"[6,",1111,1
2025-07-30 13:41:35.026454,PHY,0x4601,1,0,na,"[0,",0,0,1,430.6,+12.1dB,16.5us,"[0,",1,868.9,normal,0,valid,-14.7dB,-15.0dB,na,na,,,,
2025-07-30 13:41:35.030106,PHY,0x4601,2,,na,"[0,",,,11111,,+29.3dB,19.5us,"[0,",1,868.17,normal,0,valid,-12.0dB,-12.1dB,0.37us,+23.4Hz,,"[6,",,1
2025-07-30 13:41:35.030935,PHY,0x4601,1,0,na,"[0,",0,0,1,429.9,+12.1dB,16.4us,"[0,",1,868.18,normal,0,valid,-14.8dB,-15.0dB,na,na,,,,
2025-07-30 13:41:35.031525,PHY,0x4601,1,0,na,"[0,",0,0,1,411.4,+11.9dB,17.1us,"[0,",1,868.19,normal,0,valid,-14.7dB,-15.0dB,na,na,,,,
2025-07-30 13:41:35.036010,PHY,0x4601,1,0,na,"[0,",0,0,1,409.1,+11.9dB,16.4us,"[0,",1,869.8,normal,0,valid,-14.7dB,-15.0dB,na,na,,,,
2025-07-30 13:41:35.036495,PHY,0x4601,1,0,na,"[0,",0,0,1,408.3,+11.8dB,29.9us,"[0,",1,869.9,normal,0,valid,-14.8dB,-15.1dB,na,na,,,,
2025-07-30 13:41:35.040024,PHY,0x4601,2,,na,"[0,",,,11111,,+32.8dB,13.8us,"[0,",1,869.17,normal,0,valid,-12.0dB,-12.1dB,0.38us,+34.2Hz,,"[6,",,1
2025-07-30 13:41:35.040981,PHY,0x4601,1,0,na,"[0,",0,0,1,351.4,+11.2dB,15.9us,"[0,",1,869.18,normal,0,valid,-14.8dB,-15.1dB,na,na,,,,
2025-07-30 13:41:35.041456,PHY,0x4601,1,0,na,"[0,",0,0,1,356.4,+11.3dB,19.1us,"[0,",1,869.19,normal,0,valid,-14.8dB,-15.1dB,na,na,,,,
2025-07-30 13:41:35.045619,CSI,0x4601,2,,na,"[0,",,,1,,+31.3dB,21.5us,"[0,",1,870.8,normal,0,valid,-11.9dB,-12.0dB,0.36us,-50.2Hz,,"[6,",1111,1
2025-07-30 13:41:35.046523,PHY,0x4601,1,0,na,"[0,",0,0,1,335.8,+11.0dB,16.8us,"[0,",1,870.9,normal,0,valid,-14.8dB,-15.1dB,na,na,,,,
2025-07-30 13:41:35.050108,PHY,0x4601,2,,na,"[0,",,,11111,,+32.0dB,15.3us,"[0,",1,870.17,normal,0,valid,-12.0dB,-12.1dB,0.37us,-3.3Hz,,"[6,",,1
2025-07-30 13:41:35.051003,PHY,0x4601,1,0,na,"[0,",0,0,1,421.9,+12.0dB,15.8us,"[0,",1,870.18,normal,0,valid,-14.7dB,-15.0dB,na,na,,,,
2025-07-30 13:41:35.051484,PHY,0x4601,1,0,na,"[0,",0,0,1,427.3,+12.0dB,17.3us,"[0,",1,870.19,normal,0,valid,-14.7dB,-15.0dB,na,na,,,,
2025-07-30 13:41:35.055974,PHY,0x4601,1,0,na,"[0,",0,0,1,410.7,+11.9dB,21.4us,"[0,",1,871.8,normal,0,valid,-14.7dB,-15.0dB,na,na,,,,
2025-07-30 13:41:35.056446,PHY,0x4601,1,0,na,"[0,",0,0,1,410.9,+11.9dB,15.4us,"[0,",1,871.9,normal,0,valid,-14.8dB,-15.0dB,na,na,,,,
2025-07-30 13:41:35.060094,PHY,0x4601,2,,na,"[0,",,,11111,,+33.4dB,16.5us,"[0,",1,871.17,normal,0,valid,-12.0dB,-12.1dB,0.38us,-77.6Hz,,"[6,",,1
2025-07-30 13:41:35.061036,PHY,0x4601,1,0,na,"[0,",0,0,1,349.0,+11.2dB,21.3us,"[0,",1,871.18,normal,0,valid,-14.7dB,-15.0dB,na,na,,,,
2025-07-30 13:41:35.061529,PHY,0x4601,1,0,na,"[0,",0,0,1,350.1,+11.2dB,26.6us,"[0,",1,871.19,normal,0,valid,-14.8dB,-15.1dB,na,na,,,,
2025-07-30 13:41:35.065598,CSI,0x4601,2,,na,"[0,",,,1,,+28.5dB,11.5us,"[0,",1,872.8,normal,0,valid,-11.9dB,-12.0dB,0.39us,-45.8Hz,,"[6,",1111,1
2025-07-30 13:41:35.066481,PHY,0x4601,1,0,na,"[0,",0,0,1,425.2,+12.0dB,17.5us,"[0,",1,872.9,normal,0,valid,-14.8dB,-15.0dB,na,na,,,,
2025-07-30 13:41:35.070012,PHY,0x4601,2,,na,"[0,",,,11111,,+29.4dB,16.1us,"[0,",1,872.17,normal,0,valid,-12.1dB,-12.3dB,0.38us,-62.2Hz,,"[6,",,1
2025-07-30 13:41:35.070959,PHY,0x4601,1,0,na,"[0,",0,0,1,373.8,+11.5dB,16.1us,"[0,",1,872.18,normal,0,valid,-14.7dB,-15.1dB,na,na,,,,
2025-07-30 13:41:35.071551,PHY,0x4601,1,0,na,"[0,",0,0,1,343.8,+11.1dB,18.2us,"[0,",1,872.19,normal,0,valid,-14.8dB,-15.1dB,na,na,,,,
2025-07-30 13:41:35.076024,PHY,0x4601,1,0,na,"[0,",0,0,1,425.1,+12.0dB,16.2us,"[0,",1,873.8,normal,0,valid,-14.8dB,-15.0dB,na,na,,,,
2025-07-30 13:41:35.076522,PHY,0x4601,1,0,na,"[0,",0,0,1,423.6,+12.0dB,14.5us,"[0,",1,873.9,normal,0,valid,-14.7dB,-15.0dB,na,na,,,,
2025-07-30 13:41:35.080083,PHY,0x4601,2,,na,"[0,",,,11111,,+29.2dB,14.2us,"[0,",1,873.17,normal,0,valid,-12.0dB,-12.1dB,0.33us,+181.2Hz,,"[6,",,1
2025-07-30 13:41:35.081012,PHY,0x4601,1,0,na,"[0,",0,0,1,355.2,+11.2dB,19.2us,"[0,",1,873.18,normal,0,valid,-14.8dB,-15.1dB,na,na,,,,
2025-07-30 13:41:35.081478,PHY,0x4601,1,0,na,"[0,",0,0,1,345.8,+11.1dB,17.9us,"[0,",1,873.19,normal,0,valid,-14.7dB,-15.1dB,na,na,,,,
2025-07-30 13:41:35.085600,CSI,0x4601,2,,na,"[0,",,,1,,+28.9dB,13.0us,"[0,",1,874.8,normal,0,valid,-11.9dB,-12.0dB,0.37us,-19.8Hz,,"[6,",1111,1
2025-07-30 13:41:35.086532,PHY,0x4601,1,0,na,"[0,",0,0,1,392.7,+11.7dB,16.5us,"[0,",1,874.9,normal,0,valid,-14.8dB,-15.0dB,na,na,,,,
2025-07-30 13:41:35.090089,PHY,0x4601,2,,na,"[0,",,,11111,,+29.6dB,14.7us,"[0,",1,874.17,normal,0,valid,-12.0dB,-12.1dB,0.38us,+13.9Hz,,"[6,",,1
2025-07-30 13:41:35.091018,PHY,0x4601,1,0,na,"[0,",0,0,1,355.0,+11.2dB,16.1us,"[0,",1,874.18,normal,0,valid,-14.7dB,-15.1dB,na,na,,,,
2025-07-30 13:41:35.091498,PHY,0x4601,1,0,na,"[0,",0,0,1,339.8,+11.0dB,15.1us,"[0,",1,874.19,normal,0,valid,-14.8dB,-15.1dB,na,na,,,,
2025-07-30 13:41:35.096005,PHY,0x4601,1,0,na,"[0,",0,0,1,399.3,+11.8dB,18.6us,"[0,",1,875.8,normal,0,valid,-14.7dB,-15.0dB,na,na,,,,
2025-07-30 13:41:35.096460,PHY,0x4601,1,0,na,"[0,",0,0,1,415.4,+11.9dB,16.2us,"[0,",1,875.9,normal,0,valid,-14.7dB,-15.0dB,na,na,,,,
2025-07-30 13:41:35.100126,PHY,0x4601,2,,na,"[0,",,,11111,,+33.0dB,17.4us,"[0,",1,875.17,normal,0,valid,-11.9dB,-12.1dB,0.37us,-79.0Hz,,"[6,",,1
2025-07-30 13:41:35.100948,PHY,0x4601,1,0,na,"[0,",0,0,1,412.7,+11.9dB,16.2us,"[0,",1,875.18,normal,0,valid,-14.7dB,-15.0dB,na,na,,,,
2025-07-30 13:41:35.101521,PHY,0x4601,1,0,na,"[0,",0,0,1,420.3,+12.0dB,14.9us,"[0,",1,875.19,normal,0,valid,-14.8dB,-15.0dB,na,na,,,,
2025-07-30 13:41:35.105666,CSI,0x4601,2,,na,"[0,",,,1,,+29.9dB,11.8us,"[0,",1,876.8,normal,0,valid,-12.0dB,-12.1dB,0.37us,-71.9Hz,,"[6,",1111,1
2025-07-30 13:41:35.106499,PHY,0x4601,1,0,na,"[0,",0,0,1,411.4,+11.9dB,17.1us,"[0,",1,876.9,normal,0,valid,-14.8dB,-15.0dB,na,na,,,,
2025-07-30 13:41:35.110075,PHY,0x4601,2,,na,"[0,",,,11111,,+29.2dB,16.7us,"[0,",1,876.17,normal,0,valid,-11.8dB,-12.0dB,0.39us,-43.2Hz,,"[6,",,1
2025-07-30 13:41:35.110996,PHY,0x4601,1,0,na,"[0,",0,0,1,424.1,+12.0dB,16.4us,"[0,",1,876.18,normal,0,valid,-14.7dB,-15.0dB,na,na,,,,
2025-07-30 13:41:35.111463,PHY,0x4601,1,0,na,"[0,",0,0,1,414.9,+11.9dB,23.6us,"[0,",1,876.19,normal,0,valid,-14.8dB,-15.0dB,na,na,,,,
2025-07-30 13:41:35.115964,PHY,0x4601,1,0,na,"[0,",0,0,1,400.0,+11.8dB,16.6us,"[0,",1,877.8,normal,0,valid,-14.7dB,-15.0dB,na,na,,,,
2025-07-30 13:41:35.116537,PHY,0x4601,1,0,na,"[0,",0,0,1,423.9,+12.0dB,14.5us,"[0,",1,877.9,normal,0,valid,-14.7dB,-15.0dB,na,na,,,,
2025-07-30 13:41:35.120074,PHY,0x4601,2,,na,"[0,",,,11111,,+30.4dB,18.6us,"[0,",1,877.17,normal,0,valid,-12.0dB,-12.1dB,0.37us,-38.1Hz,,"[6,",,1
2025-07-30 13:41:35.121015,PHY,0x4601,1,0,na,"[0,",0,0,1,425.6,+12.0dB,20.1us,"[0,",1,877.18,normal,0,valid,-14.8dB,-15.0dB,na,na,,,,
2025-07-30 13:41:35.121504,PHY,0x4601,1,0,na,"[0,",0,0,1,425.2,+12.0dB,19.6us,"[0,",1,877.19,normal,0,valid,-14.8dB,-15.0dB,na,na,,,,
2025-07-30 13:41:35.125629,CSI,0x4601,2,,na,"[0,",,,1,,+32.0dB,22.8us,"[0,",1,878.8,normal,0,valid,-12.1dB,-12.2dB,0.37us,+7.8Hz,,"[6,",1111,1
2025-07-30 13:41:35.126463,PHY,0x4601,1,0,na,"[0,",0,0,1,406.9,+11.8dB,27.5us,"[0,",1,878.9,normal,0,valid,-14.8dB,-15.1dB,na,na,,,,
2025-07-30 13:41:35.130128,PHY,0x4601,2,,na,"[0,",,,11111,,+28.8dB,16.4us,"[0,",1,878.17,normal,0,valid,-12.0dB,-12.1dB,0.37us,+44.1Hz,,"[6,",,1
2025-07-30 13:41:35.131040,PHY,0x4601,1,0,na,"[0,",0,0,1,352.0,+11.2dB,17.2us,"[0,",1,878.18,normal,0,valid,-14.7dB,-15.1dB,na,na,,,,
2025-07-30 13:41:35.131524,PHY,0x4601,1,0,na,"[0,",0,0,1,346.3,+11.1dB,28.2us,"[0,",1,878.19,normal,0,valid,-14.7dB,-15.1dB,na,na,,,,
2025-07-30 13:41:35.136010,PHY,0x4601,1,0,na,"[0,",0,0,1,410.3,+11.9dB,18.8us,"[0,",1,879.8,normal,0,valid,-14.7dB,-15.0dB,na,na,,,,
2025-07-30 13:41:35.136516,PHY,0x4601,1,0,na,"[0,",0,0,1,400.9,+11.8dB,20.5us,"[0,",1,879.9,normal,0,valid,-14.8dB,-15.0dB,na,na,,,,
2025-07-30 13:41:35.140024,PHY,0x4601,2,,na,"[0,",,,11111,,+31.3dB,18.5us,"[0,",1,879.17,normal,0,valid,-12.1dB,-12.2dB,0.36us,+95.1Hz,,"[6,",,1
2025-07-30 13:41:35.140987,PHY,0x4601,1,0,na,"[0,",0,0,1,412.2,+11.9dB,24.6us,"[0,",1,879.18,normal,0,valid,-14.8dB,-15.0dB,na,na,,,,
2025-07-30 13:41:35.141446,PHY,0x4601,1,0,na,"[0,",0,0,1,418.5,+12.0dB,16.0us,"[0,",1,879.19,normal,0,valid,-14.7dB,-15.0dB,na,na,,,,
2025-07-30 13:41:35.145575,CSI,0x4601,2,,na,"[0,",,,1,,+29.7dB,15.9us,"[0,",1,880.8,normal,0,valid,-12.1dB,-12.2dB,0.38us,-6.2Hz,,"[6,",1111,1
2025-07-30 13:41:35.146513,PHY,0x4601,1,0,na,"[0,",0,0,1,362.3,+11.3dB,17.2us,"[0,",1,880.9,normal,0,valid,-14.8dB,-15.1dB,na,na,,,,
2025-07-30 13:41:35.150072,PHY,0x4601,2,,na,"[0,",,,11111,,+29.2dB,15.8us,"[0,",1,880.17,normal,0,valid,-12.1dB,-12.2dB,0.37us,-30.5Hz,,"[6,",,1
2025-07-30 13:41:35.151004,PHY,0x4601,1,0,na,"[0,",0,0,1,426.9,+12.1dB,16.8us,"[0,",1,880.18,normal,0,valid,-14.7dB,-15.0dB,na,na,,,,
2025-07-30 13:41:35.151495,PHY,0x4601,1,0,na,"[0,",0,0,1,413.5,+11.9dB,17.7us,"[0,",1,880.19,normal,0,valid,-14.7dB,-15.0dB,na,na,,,,
2025-07-30 13:41:35.155971,PHY,0x4601,1,0,na,"[0,",0,0,1,404.7,+11.8dB,17.1us,"[0,",1,881.8,normal,0,valid,-14.7dB,-15.0dB,na,na,,,,
2025-07-30 13:41:35.156579,PHY,0x4601,1,0,na,"[0,",0,0,1,396.6,+11.7dB,17.2us,"[0,",1,881.9,normal,0,valid,-14.8dB,-15.0dB,na,na,,,,
2025-07-30 13:41:35.160106,PHY,0x4601,2,,na,"[0,",,,11111,,+33.2dB,17.6us,"[0,",1,881.17,normal,0,valid,-11.9dB,-12.0dB,0.37us,+2.2Hz,,"[6,",,1
2025-07-30 13:41:35.161066,PHY,0x4601,1,0,na,"[0,",0,0,1,340.8,+11.0dB,17.0us,"[0,",1,881.18,normal,0,valid,-14.8dB,-15.1dB,na,na,,,,
2025-07-30 13:41:35.161498,PHY,0x4601,1,0,na,"[0,",0,0,1,349.5,+11.2dB,15.0us,"[0,",1,881.19,normal,0,valid,-14.7dB,-15.1dB,na,na,,,,
2025-07-30 13:41:35.165598,CSI,0x4601,2,,na,"[0,",,,1,,+31.4dB,15.3us,"[0,",1,882.8,normal,0,valid,-11.9dB,-12.0dB,0.36us,+66.4Hz,,"[6,",1111,1
2025-07-30 13:41:35.166489,PHY,0x4601,1,0,na,"[0,",0,0,1,354.1,+11.2dB,29.8us,"[0,",1,882.9,normal,0,valid,-14.8dB,-15.1dB,na,na,,,,
2025-07-30 13:41:35.170143,PHY,0x4601,2,,na,"[0,",,,11111,,+29.4dB,15.1us,"[0,",1,882.17,normal,0,valid,-11.9dB,-12.0dB,0.38us,+63.8Hz,,"[6,",,1
2025-07-30 13:41:35.170968,PHY,0x4601,1,0,na,"[0,",0,0,1,423.7,+12.0dB,16.8us,"[0,",1,882.18,normal,0,valid,-14.8dB,-15.0dB,na,na,,,,
2025-07-30 13:41:35.171572,PHY,0x4601,1,0,na,"[0,",0,0,1,401.1,+11.8dB,14.0us,"[0,",1,882.19,normal,0,valid,-14.7dB,-15.0dB,na,na,,,,
2025-07-30 13:41:35.176024,PHY,0x4601,1,0,na,"[0,",0,0,1,408.5,+11.9dB,17.0us,"[0,",1,883.8,normal,0,valid,-14.8dB,-15.0dB,na,na,,,,
2025-07-30 13:41:35.176519,PHY,0x4601,1,0,na,"[0,",0,0,1,411.5,+11.9dB,24.8us,"[0,",1,883.9,normal,0,valid,-14.8dB,-15.0dB,na,na,,,,
2025-07-30 13:41:35.180047,PHY,0x4601,2,,na,"[0,",,,11111,,+29.9dB,16.5us,"[0,",1,883.17,normal,0,valid,-11.9dB,-12.0dB,0.37us,+95.2Hz,,"[6,",,1
2025-07-30 13:41:35.180986,PHY,0x4601,1,0,na,"[0,",0,0,1,354.7,+11.3dB,19.5us,"[0,",1,883.18,normal,0,valid,-14.8dB,-15.1dB,na,na,,,,
2025-07-30 13:41:35.181486,PHY,0x4601,1,0,na,"[0,",0,0,1,355.0,+11.2dB,16.6us,"[0,",1,883.19,normal,0,valid,-14.8dB,-15.1dB,na,na,,,,
2025-07-30 13:41:35.185600,CSI,0x4601,2,,na,"[0,",,,1,,+32.8dB,16.1us,"[0,",1,884.8,normal,0,valid,-12.0dB,-12.1dB,0.37us,+14.6Hz,,"[6,",1111,1
2025-07-30 13:41:35.186567,PHY,0x4601,1,0,na,"[0,",0,0,1,401.8,+11.8dB,16.2us,"[0,",1,884.9,normal,0,valid,-14.8dB,-15.0dB,na,na,,,,
2025-07-30 13:41:35.190083,PHY,0x4601,2,,na,"[0,",,,11111,,+28.5dB,15.0us,"[0,",1,884.17,normal,0,valid,-12.1dB,-12.2dB,0.37us,+41.8Hz,,"[6,",,1
2025-07-30 13:41:35.191014,PHY,0x4601,1,0,na,"[0,",0,0,1,430.0,+12.1dB,15.9us,"[0,",1,884.18,normal,0,valid,-14.8dB,-15.0dB,na,na,,,,
2025-07-30 13:41:35.191488,PHY,0x4601,1,0,na,"[0,",0,0,1,424.4,+12.0dB,16.0us,"[0,",1,884.19,normal,0,valid,-14.8dB,-15.0dB,na,na,,,,
2025-07-30 13:41:35.195983,PHY,0x4601,1,0,na,"[0,",0,0,1,399.4,+11.7dB,19.3us,"[0,",1,885.8,normal,0,valid,-14.8dB,-15.1dB,na,na,,,,
2025-07-30 13:41:35.196493,PHY,0x4601,1,0,na,"[0,",0,0,1,416.9,+11.9dB,39.0us,"[0,",1,885.9,normal,0,valid,-14.7dB,-15.0dB,na,na,,,,
2025-07-30 13:41:35.200128,PHY,0x4601,2,,na,"[0,",,,11111,,+30.1dB,17.0us,"[0,",1,885.17,normal,0,valid,-11.8dB,-12.0dB,0.37us,+83.2Hz,,"[6,",,1
2025-07-30 13:41:35.200961,PHY,0x4601,1,0,na,"[0,",0,0,1,403.4,+11.8dB,17.5us,"[0,",1,885.18,normal,0,valid,-14.8dB,-15.0dB,na,na,,,,
2025-07-30 13:41:35.201569,PHY,0x4601,1,0,na,"[0,",0,0,1,389.3,+11.6dB,21.3us,"[0,",1,885.19,normal,0,valid,-14.8dB,-15.0dB,na,na,,,,
2025-07-30 13:41:35.205626,CSI,0x4601,2,,na,"[0,",,,1,,+29.1dB,16.1us,"[0,",1,886.8,normal,0,valid,-11.9dB,-12.1dB,0.36us,-231.1Hz,,"[6,",1111,1
2025-07-30 13:41:35.206477,PHY,0x4601,1,0,na,"[0,",0,0,1,352.5,+11.2dB,16.0us,"[0,",1,886.9,normal,0,valid,-14.8dB,-15.1dB,na,na,,,,
2025-07-30 13:41:35.210036,PHY,0x4601,2,,na,"[0,",,,11111,,+30.6dB,14.7us,"[0,",1,886.17,normal,0,valid,-12.1dB,-12.2dB,0.38us,+97.3Hz,,"[6,",,1
2025-07-30 13:41:35.210973,PHY,0x4601,1,0,na,"[0,",0,0,1,355.6,+11.3dB,20.1us,"[0,",1,886.18,normal,0,valid,-14.7dB,-15.0dB,na,na,,,,
2025-07-30 13:41:35.211482,PHY,0x4601,1,0,na,"[0,",0,0,1,356.1,+11.3dB,17.9us,"[0,",1,886.19,normal,0,valid,-14.7dB,-15.1dB,na,na,,,,
2025-07-30 13:41:35.216052,PHY,0x4601,1,0,na,"[0,",0,0,1,408.1,+11.9dB,17.1us,"[0,",1,887.8,normal,0,valid,-14.7dB,-15.0dB,na,na,,,,
2025-07-30 13:41:35.216527,PHY,0x4601,1,0,na,"[0,",0,0,1,407.0,+11.8dB,16.7us,"[0,",1,887.9,normal,0,valid,-14.8dB,-15.0dB,na,na,,,,
2025-07-30 13:41:35.220069,PHY,0x4601,2,,na,"[0,",,,11111,,+31.5dB,17.1us,"[0,",1,887.17,normal,0,valid,-12.1dB,-12.2dB,0.37us,-37.8Hz,,"[6,",,1
2025-07-30 13:41:35.221003,PHY,0x4601,1,0,na,"[0,",0,0,1,408.2,+11.8dB,15.4us,"[0,",1,887.18,normal,0,valid,-14.7dB,-15.1dB,na,na,,,,
2025-07-30 13:41:35.221480,PHY,0x4601,1,0,na,"[0,",0,0,1,415.1,+11.9dB,14.0us,"[0,",1,887.19,normal,0,valid,-14.8dB,-15.0dB,na,na,,,,
2025-07-30 13:41:35.225649,CSI,0x4601,2,,na,"[0,",,,1,,+30.2dB,18.4us,"[0,",1,888.8,normal,0,valid,-12.0dB,-12.1dB,0.38us,+0.1Hz,,"[6,",1111,1
2025-07-30 13:41:35.226455,PHY,0x4601,1,0,na,"[0,",0,0,1,349.8,+11.2dB,16.1us,"[0,",1,888.9,normal,0,valid,-14.7dB,-15.0dB,na,na,,,,
2025-07-30 13:41:35.230127,PHY,0x4601,2,,na,"[0,",,,11111,,+29.5dB,17.4us,"[0,",1,888.17,normal,0,valid,-12.0dB,-12.1dB,0.38us,+74.2Hz,,"[6,",,1
2025-07-30 13:41:35.231034,PHY,0x4601,1,0,na,"[0,",0,0,1,346.2,+11.1dB,16.5us,"[0,",1,888.18,normal,0,valid,-14.8dB,-15.1dB,na,na,,,,
2025-07-30 13:41:35.231509,PHY,0x4601,1,0,na,"[0,",0,0,1,352.5,+11.2dB,20.9us,"[0,",1,888.19,normal,0,valid,-14.8dB,-15.1dB,na,na,,,,
2025-07-30 13:41:35.236009,PHY,0x4601,1,0,na,"[0,",0,0,1,405.2,+11.8dB,18.0us,"[0,",1,889.8,normal,0,valid,-14.7dB,-15.0dB,na,na,,,,
2025-07-30 13:41:35.236481,PHY,0x4601,1,0,na,"[0,",0,0,1,386.0,+11.6dB,15.4us,"[0,",1,889.9,normal,0,valid,-14.8dB,-15.0dB,na,na,,,,
2025-07-30 13:41:35.240018,PHY,0x4601,2,,na,"[0,",,,11111,,+32.0dB,15.1us,"[0,",1,889.17,normal,0,valid,-12.0dB,-12.1dB,0.37us,+63.6Hz,,"[6,",,1
2025-07-30 13:41:35.240952,PHY,0x4601,1,0,na,"[0,",0,0,1,356.7,+11.3dB,18.1us,"[0,",1,889.18,normal,0,valid,-14.7dB,-15.1dB,na,na,,,,
2025-07-30 13:41:35.241530,PHY,0x4601,1,0,na,"[0,",0,0,1,353.3,+11.2dB,14.0us,"[0,",1,889.19,normal,0,valid,-14.8dB,-15.1dB,na,na,,,,
2025-07-30 13:41:35.245564,CSI,0x4601,2,,na,"[0,",,,1,,+31.3dB,15.1us,"[0,",1,890.8,normal,0,valid,-11.9dB,-12.1dB,0.37us,-62.1Hz,,"[6,",1111,1
2025-07-30 13:41:35.246507,PHY,0x4601,1,0,na,"[0,",0,0,1,347.2,+11.1dB,15.6us,"[0,",1,890.9,normal,0,valid,-14.8dB,-15.1dB,na,na,,,,
2025-07-30 13:41:35.250045,PHY,0x4601,2,,na,"[0,",,,11111,,+28.5dB,16.6us,"[0,",1,890.17,normal,0,valid,-12.1dB,-12.2dB,0.38us,+10.2Hz,,"[6,",,1
2025-07-30 13:41:35.250994,PHY,0x4601,1,0,na,"[0,",0,0,1,414.0,+11.9dB,17.5us,"[0,",1,890.18,normal,0,valid,-14.8dB,-15.0dB,na,na,,,,
2025-07-30 13:41:35.251462,PHY,0x4601,1,0,na,"[0,",0,0,1,404.3,+11.8dB,16.4us,"[0,",1,890.19,normal,0,valid,-14.7dB,-15.0dB,na,na,,,,
2025-07-30 13:41:35.255962,PHY,0x4601,1,0,na,"[0,",0,0,1,415.3,+11.9dB,21.8us,"[0,",1,891.8,normal,0,valid,-14.7dB,-15.0dB,na,na,,,,
2025-07-30 13:41:35.256537,PHY,0x4601,1,0,na,"[0,",0,0,1,399.0,+11.8dB,15.2us,"[0,",1,891.9,normal,0,valid,-14.8dB,-15.0dB,na,na,,,,
2025-07-30 13:41:35.260110,PHY,0x4601,2,,na,"[0,",,,11111,,+32.1dB,18.3us,"[0,",1,891.17,normal,0,valid,-12.0dB,-12.1dB,0.37us,-27.8Hz,,"[6,",,1
2025-07-30 13:41:35.261026,PHY,0x4601,1,0,na,"[0,",0,0,1,341.5,+11.1dB,16.3us,"[0,",1,891.18,normal,0,valid,-14.8dB,-15.1dB,na,na,,,,
2025-07-30 13:41:35.261490,PHY,0x4601,1,0,na,"[0,",0,0,1,354.5,+11.2dB,14.1us,"[0,",1,891.19,normal,0,valid,-14.7dB,-15.1dB,na,na,,,,
2025-07-30 13:41:35.265598,CSI,0x4601,2,,na,"[0,",,,1,,+30.6dB,14.8us,"[0,",1,892.8,normal,0,valid,-12.0dB,-12.1dB,0.37us,-3.4Hz,,"[6,",1111,1
2025-07-30 13:41:35.266459,PHY,0x4601,1,0,na,"[0,",0,0,1,399.3,+11.7dB,15.7us,"[0,",1,892.9,normal,0,valid,-14.8dB,-15.1dB,na,na,,,,
2025-07-30 13:41:35.270106,PHY,0x4601,2,,na,"[0,",,,11111,,+29.0dB,16.6us,"[0,",1,892.17,normal,0,valid,-12.0dB,-12.2dB,0.37us,-114.9Hz,,"[6,",,1
2025-07-30 13:41:35.270947,PHY,0x4601,1,0,na,"[0,",0,0,1,431.0,+12.1dB,16.7us,"[0,",1,892.18,normal,0,valid,-14.7dB,-15.0dB,na,na,,,,
2025-07-30 13:41:35.271533,PHY,0x4601,1,0,na,"[0,",0,0,1,411.0,+11.9dB,17.0us,"[0,",1,892.19,normal,0,valid,-14.8dB,-15.0dB,na,na,,,,
2025-07-30 13:41:35.276032,PHY,0x4601,1,0,na,"[0,",0,0,1,434.3,+12.1dB,19.3us,"[0,",1,893.8,normal,0,valid,-14.7dB,-15.0dB,na,na,,,,
2025-07-30 13:41:35.276505,PHY,0x4601,1,0,na,"[0,",0,0,1,406.3,+11.8dB,15.2us,"[0,",1,893.9,normal,0,valid,-14.7dB,-15.0dB,na,na,,,,
2025-07-30 13:41:35.280033,PHY,0x4601,2,,na,"[0,",,,11111,,+29.4dB,15.9us,"[0,",1,893.17,normal,0,valid,-11.9dB,-12.1dB,0.36us,+36.1Hz,,"[6,",,1
2025-07-30 13:41:35.280984,PHY,0x4601,1,0,na,"[0,",0,0,1,419.7,+11.9dB,16.6us,"[0,",1,893.18,normal,0,valid,-14.7dB,-15.0dB,na,na,,,,
2025-07-30 13:41:35.281457,PHY,0x4601,1,0,na,"[0,",0,0,1,414.3,+11.9dB,17.6us,"[0,",1,893.19,normal,0,valid,-14.8dB,-15.0dB,na,na,,,,
2025-07-30 13:41:35.285619,CSI,0x4601,2,,na,"[0,",,,1,,+31.9dB,14.5us,"[0,",1,894.8,normal,0,valid,-11.9dB,-12.0dB,0.37us,+60.8Hz,,"[6,",1111,1
2025-07-30 13:41:35.286532,PHY,0x4601,1,0,na,"[0,",0,0,1,404.9,+11.8dB,17.2us,"[0,",1,894.9,normal,0,valid,-14.7dB,-15.0dB,na,na,,,,
2025-07-30 13:41:35.290072,PHY,0x4601,2,,na,"[0,",,,11111,,+32.6dB,15.8us,"[0,",1,894.17,normal,0,valid,-12.1dB,-12.2dB,0.38us,-4.3Hz,,"[6,",,1
2025-07-30 13:41:35.291016,PHY,0x4601,1,0,na,"[0,",0,0,1,346.1,+11.2dB,16.8us,"[0,",1,894.18,normal,0,valid,-14.7dB,-15.0dB,na,na,,,,
2025-07-30 13:41:35.291489,PHY,0x4601,1,0,na,"[0,",0,0,1,354.0,+11.2dB,14.7us,"[0,",1,894.19,normal,0,valid,-14.8dB,-15.1dB,na,na,,,,
2025-07-30 13:41:35.295981,PHY,0x4601,1,0,na,"[0,",0,0,1,394.3,+11.7dB,18.0us,"[0,",1,895.8,normal,0,valid,-14.7dB,-15.0dB,na,na,,,,
2025-07-30 13:41:35.296445,PHY,0x4601,1,0,na,"[0,",0,0,1,396.2,+11.7dB,14.4us,"[0,",1,895.9,normal,0,valid,-14.7dB,-15.0dB,na,na,,,,
2025-07-30 13:41:35.300108,PHY,0x4601,2,,na,"[0,",,,11111,,+31.7dB,16.1us,"[0,",1,895.17,normal,0,valid,-11.9dB,-12.1dB,0.35us,-3.1Hz,,"[6,",,1
2025-07-30 13:41:35.301039,PHY,0x4601,1,0,na,"[0,",0,0,1,348.3,+11.2dB,16.0us,"[0,",1,895.18,normal,0,valid,-14.8dB,-15.1dB,na,na,,,,
2025-07-30 13:41:35.301518,PHY,0x4601,1,0,na,"[0,",0,0,1,343.0,+11.1dB,15.4us,"[0,",1,895.19,normal,0,valid,-14.7dB,-15.0dB,na,na,,,,
2025-07-30 13:41:35.305614,CSI,0x4601,2,,na,"[0,",,,1,,+28.9dB,15.8us,"[0,",1,896.8,normal,0,valid,-11.9dB,-12.0dB,0.37us,-4.4Hz,,"[6,",1111,1
2025-07-30 13:41:35.306488,PHY,0x4601,1,0,na,"[0,",0,0,1,336.4,+11.0dB,18.3us,"[0,",1,896.9,normal,0,valid,-14.8dB,-15.1dB,na,na,,,,
2025-07-30 13:41:35.310027,PHY,0x4601,2,,na,"[0,",,,11111,,+29.1dB,14.7us,"[0,",1,896.17,normal,0,valid,-12.0dB,-12.1dB,0.39us,+10.8Hz,,"[6,",,1
2025-07-30 13:41:35.310977,PHY,0x4601,1,0,na,"[0,",0,0,1,405.6,+11.8dB,16.9us,"[0,",1,896.18,normal,0,valid,-14.7dB,-15.0dB,na,na,,,,
2025-07-30 13:41:35.311443,PHY,0x4601,1,0,na,"[0,",0,0,1,412.2,+11.9dB,16.1us,"[0,",1,896.19,normal,0,valid,-14.7dB,-15.0dB,na,na,,,,
2025-07-30 13:41:35.316032,PHY,0x4601,1,0,na,"[0,",0,0,1,413.1,+11.9dB,17.8us,"[0,",1,897.8,normal,0,valid,-14.7dB,-15.0dB,na,na,,,,
2025-07-30 13:41:35.316528,PHY,0x4601,1,0,na,"[0,",0,0,1,404.8,+11.8dB,17.1us,"[0,",1,897.9,normal,0,valid,-14.8dB,-15.0dB,na,na,,,,
2025-07-30 13:41:35.320069,PHY,0x4601,2,,na,"[0,",,,11111,,+29.1dB,15.9us,"[0,",1,897.17,normal,0,valid,-11.9dB,-12.0dB,0.36us,-19.3Hz,,"[6,",,1
2025-07-30 13:41:35.321001,PHY,0x4601,1,0,na,"[0,",0,0,1,411.0,+11.9dB,16.2us,"[0,",1,897.18,normal,0,valid,-14.7dB,-15.0dB,na,na,,,,
2025-07-30 13:41:35.321476,PHY,0x4601,1,0,na,"[0,",0,0,1,394.2,+11.7dB,15.0us,"[0,",1,897.19,normal,0,valid,-14.8dB,-15.0dB,na,na,,,,
2025-07-30 13:41:35.325615,CSI,0x4601,2,,na,"[0,",,,1,,+31.6dB,13.2us,"[0,",1,898.8,normal,0,valid,-12.0dB,-12.1dB,0.38us,-43.6Hz,,"[6,",1111,1
2025-07-30 13:41:35.326543,PHY,0x4601,1,0,na,"[0,",0,0,1,418.4,+12.0dB,17.4us,"[0,",1,898.9,normal,0,valid,-14.7dB,-15.0dB,na,na,,,,
2025-07-30 13:41:35.330123,PHY,0x4601,2,,na,"[0,",,,11111,,+28.9dB,18.5us,"[0,",1,898.17,normal,0,valid,-12.1dB,-12.3dB,0.39us,+4.3Hz,,"[6,",,1
2025-07-30 13:41:35.331036,PHY,0x4601,1,0,na,"[0,",0,0,1,354.6,+11.2dB,19.6us,"[0,",1,898.18,normal,0,valid,-14.7dB,-15.1dB,na,na,,,,
2025-07-30 13:41:35.331510,PHY,0x4601,1,0,na,"[0,",0,0,1,340.8,+11.1dB,15.2us,"[0,",1,898.19,normal,0,valid,-14.7dB,-15.1dB,na,na,,,,
2025-07-30 13:41:35.335994,PHY,0x4601,1,0,na,"[0,",0,0,1,400.8,+11.8dB,16.9us,"[0,",1,899.8,normal,0,valid,-14.8dB,-15.0dB,na,na,,,,
2025-07-30 13:41:35.336465,PHY,0x4601,1,0,na,"[0,",0,0,1,425.6,+12.0dB,14.1us,"[0,",1,899.9,normal,0,valid,-14.8dB,-15.0dB,na,na,,,,
2025-07-30 13:41:35.340131,PHY,0x4601,2,,na,"[0,",,,11111,,+28.2dB,27.5us,"[0,",1,899.17,normal,0,valid,-12.0dB,-12.1dB,0.35us,-54.5Hz,,"[6,",,1
2025-07-30 13:41:35.340952,PHY,0x4601,1,0,na,"[0,",0,0,1,345.3,+11.1dB,15.7us,"[0,",1,899.18,normal,0,valid,-14.8dB,-15.1dB,na,na,,,,
2025-07-30 13:41:35.341532,PHY,0x4601,1,0,na,"[0,",0,0,1,336.4,+11.0dB,14.7us,"[0,",1,899.19,normal,0,valid,-14.8dB,-15.1dB,na,na,,,,
2025-07-30 13:41:35.345588,CSI,0x4601,2,,na,"[0,",,,1,,+30.4dB,15.3us,"[0,",1,900.8,normal,0,valid,-11.9dB,-12.0dB,0.38us,-4.9Hz,,"[6,",1111,1
2025-07-30 13:41:35.346502,PHY,0x4601,1,0,na,"[0,",0,0,1,346.6,+11.1dB,16.6us,"[0,",1,900.9,normal,0,valid,-14.8dB,-15.1dB,na,na,,,,
2025-07-30 13:41:35.350083,PHY,0x4601,2,,na,"[0,",,,11111,,+28.7dB,16.4us,"[0,",1,900.17,normal,0,valid,-11.9dB,-12.1dB,0.34us,+59.6Hz,,"[6,",,1
2025-07-30 13:41:35.350990,PHY,0x4601,1,0,na,"[0,",0,0,1,356.6,+11.3dB,17.1us,"[0,",1,900.18,normal,0,valid,-14.7dB,-15.1dB,na,na,,,,
2025-07-30 13:41:35.351461,PHY,0x4601,1,0,na,"[0,",0,0,1,347.4,+11.1dB,15.6us,"[0,",1,900.19,normal,0,valid,-14.8dB,-15.1dB,na,na,,,,
2025-07-30 13:41:35.355962,PHY,0x4601,1,0,na,"[0,",0,0,1,409.3,+11.8dB,18.3us,"[0,",1,901.8,normal,0,valid,-14.7dB,-15.1dB,na,na,,,,
2025-07-30 13:41:35.356535,PHY,0x4601,1,0,na,"[0,",0,0,1,413.7,+11.9dB,16.2us,"[0,",1,901.9,normal,0,valid,-14.8dB,-15.0dB,na,na,,,,
2025-07-30 13:41:35.360075,PHY,0x4601,2,,na,"[0,",,,11111,,+28.3dB,15.3us,"[0,",1,901.17,normal,0,valid,-11.9dB,-12.0dB,0.36us,+31.0Hz,,"[6,",,1
2025-07-30 13:41:35.361016,PHY,0x4601,1,0,na,"[0,",0,0,1,400.1,+11.8dB,21.5us,"[0,",1,901.18,normal,0,valid,-14.7dB,-14.9dB,na,na,,,,
2025-07-30 13:41:35.361493,PHY,0x4601,1,0,na,"[0,",0,0,1,411.6,+11.9dB,15.7us,"[0,",1,901.19,normal,0,valid,-14.8dB,-15.1dB,na,na,,,,
2025-07-30 13:41:35.365647,CSI,0x4601,2,,na,"[0,",,,1,,+32.4dB,15.8us,"[0,",1,902.8,normal,0,valid,-11.9dB,-12.0dB,0.38us,-1.2Hz,,"[6,",1111,1
2025-07-30 13:41:35.366461,PHY,0x4601,1,0,na,"[0,",0,0,1,395.5,+11.7dB,16.8us,"[0,",1,902.9,normal,0,valid,-14.7dB,-15.0dB,na,na,,,,
2025-07-30 13:41:35.370115,PHY,0x4601,2,,na,"[0,",,,11111,,+31.3dB,15.2us,"[0,",1,902.17,normal,0,valid,-12.0dB,-12.1dB,0.35us,+81.1Hz,,"[6,",,1
2025-07-30 13:41:35.370943,PHY,0x4601,1,0,na,"[0,",0,0,1,410.5,+11.9dB,16.3us,"[0,",1,902.18,normal,0,valid,-14.8dB,-15.0dB,na,na,,,,
2025-07-30 13:41:35.371528,PHY,0x4601,1,0,na,"[0,",0,0,1,414.7,+11.9dB,21.3us,"[0,",1,902.19,normal,0,valid,-14.7dB,-15.0dB,na,na,,,,
2025-07-30 13:41:35.376017,PHY,0x4601,1,0,na,"[0,",0,0,1,403.4,+11.8dB,17.6us,"[0,",1,903.8,normal,0,valid,-14.7dB,-15.0dB,na,na,,,,
2025-07-30 13:41:35.376525,PHY,0x4601,1,0,na,"[0,",0,0,1,393.3,+11.7dB,17.8us,"[0,",1,903.9,normal,0,valid,-14.7dB,-15.0dB,na,na,,,,
2025-07-30 13:41:35.380039,PHY,0x4601,2,,na,"[0,",,,11111,,+32.9dB,27.4us,"[0,",1,903.17,normal,0,valid,-11.9dB,-12.0dB,0.39us,-39.9Hz,,"[6,",,1
2025-07-30 13:41:35.380984,PHY,0x4601,1,0,na,"[0,",0,0,1,405.4,+11.8dB,17.0us,"[0,",1,903.18,normal,0,valid,-14.7dB,-15.0dB,na,na,,,,
2025-07-30 13:41:35.381450,PHY,0x4601,1,0,na,"[0,",0,0,1,402.6,+11.8dB,13.9us,"[0,",1,903.19,normal,0,valid,-14.7dB,-15.0dB,na,na,,,,
2025-07-30 13:41:35.385575,CSI,0x4601,2,,na,"[0,",,,1,,+30.2dB,15.4us,"[0,",1,904.8,normal,0,valid,-12.0dB,-12.1dB,0.37us,-123.2Hz,,"[6,",1111,1
2025-07-30 13:41:35.386525,PHY,0x4601,1,0,na,"[0,",0,0,1,421.9,+12.0dB,19.6us,"[0,",1,904.9,normal,0,valid,-14.7dB,-15.0dB,na,na,,,,
2025-07-30 13:41:35.390054,PHY,0x4601,2,,na,"[0,",,,11111,,+30.6dB,14.4us,"[0,",1,904.17,normal,0,valid,-11.9dB,-12.0dB,0.37us,-53.2Hz,,"[6,",,1
2025-07-30 13:41:35.391003,PHY,0x4601,1,0,na,"[0,",0,0,1,343.3,+11.1dB,18.0us,"[0,",1,904.18,normal,0,valid,-14.7dB,-15.1dB,na,na,,,,
2025-07-30 13:41:35.391491,PHY,0x4601,1,0,na,"[0,",0,0,1,350.8,+11.2dB,14.2us,"[0,",1,904.19,normal,0,valid,-14.8dB,-15.1dB,na,na,,,,
2025-07-30 13:41:35.395984,PHY,0x4601,1,0,na,"[0,",0,0,1,414.7,+11.9dB,16.4us,"[0,",1,905.8,normal,0,valid,-14.8dB,-15.0dB,na,na,,,,
2025-07-30 13:41:35.396441,PHY,0x4601,1,0,na,"[0,",0,0,1,409.2,+11.8dB,15.5us,"[0,",1,905.9,normal,0,valid,-14.8dB,-15.1dB,na,na,,,,
2025-07-30 13:41:35.400101,PHY,0x4601,2,,na,"[0,",,,11111,,+31.1dB,15.0us,"[0,",1,905.17,normal,0,valid,-11.9dB,-12.0dB,0.36us,-52.5Hz,,"[6,",,1
2025-07-30 13:41:35.401030,PHY,0x4601,1,0,na,"[0,",0,0,1,401.9,+11.8dB,18.1us,"[0,",1,905.18,normal,0,valid,-14.8dB,-15.0dB,na,na,,,,
2025-07-30 13:41:35.401510,PHY,0x4601,1,0,na,"[0,",0,0,1,408.6,+11.8dB,14.4us,"[0,",1,905.19,normal,0,valid,-14.8dB,-15.1dB,na,na,,,,
2025-07-30 13:41:35.405593,CSI,0x4601,2,,na,"[0,",,,1,,+30.8dB,11.7us,"[0,",1,906.8,normal,0,valid,-11.9dB,-12.1dB,0.37us,-88.4Hz,,"[6,",1111,1
2025-07-30 13:41:35.406557,PHY,0x4601,1,0,na,"[0,",0,0,1,350.8,+11.2dB,20.7us,"[0,",1,906.9,normal,0,valid,-14.8dB,-15.1dB,na,na,,,,
2025-07-30 13:41:35.410015,PHY,0x4601,2,,na,"[0,",,,11111,,+29.6dB,15.5us,"[0,",1,906.17,normal,0,valid,-12.0dB,-12.2dB,0.37us,+94.0Hz,,"[6,",,1
2025-07-30 13:41:35.410975,PHY,0x4601,1,0,na,"[0,",0,0,1,346.5,+11.1dB,17.5us,"[0,",1,906.18,normal,0,valid,-14.7dB,-15.1dB,na,na,,,,
2025-07-30 13:41:35.411543,PHY,0x4601,1,0,na,"[0,",0,0,1,343.1,+11.1dB,19.2us,"[0,",1,906.19,normal,0,valid,-14.7dB,-15.0dB,na,na,,,,
2025-07-30 13:41:35.416021,PHY,0x4601,1,0,na,"[0,",0,0,1,405.0,+11.8dB,16.7us,"[0,",1,907.8,normal,0,valid,-14.8dB,-15.0dB,na,na,,,,
2025-07-30 13:41:35.416515,PHY,0x4601,1,0,na,"[0,",0,0,1,415.6,+11.9dB,22.2us,"[0,",1,907.9,normal,0,valid,-14.8dB,-15.0dB,na,na,,,,
2025-07-30 13:41:35.420053,PHY,0x4601,2,,na,"[0,",,,11111,,+30.4dB,20.6us,"[0,",1,907.17,normal,0,valid,-12.0dB,-12.1dB,0.36us,-55.3Hz,,"[6,",,1
2025-07-30 13:41:35.420988,PHY,0x4601,1,0,na,"[0,",0,0,1,398.8,+11.8dB,15.7us,"[0,",1,907.18,normal,0,valid,-14.7dB,-15.0dB,na,na,,,,
2025-07-30 13:41:35.421491,PHY,0x4601,1,0,na,"[0,",0,0,1,416.4,+11.9dB,16.6us,"[0,",1,907.19,normal,0,valid,-14.8dB,-15.0dB,na,na,,,,
2025-07-30 13:41:35.425591,CSI,0x4601,2,,na,"[0,",,,1,,+32.1dB,13.4us,"[0,",1,908.8,normal,0,valid,-11.9dB,-12.0dB,0.38us,+98.8Hz,,"[6,",1111,1
2025-07-30 13:41:35.426582,PHY,0x4601,1,0,na,"[0,",0,0,1,392.1,+11.7dB,16.5us,"[0,",1,908.9,normal,0,valid,-14.8dB,-15.1dB,na,na,,,,
2025-07-30 13:41:35.430115,PHY,0x4601,2,,na,"[0,",,,11111,,+31.7dB,17.4us,"[0,",1,908.17,normal,0,valid,-12.0dB,-12.1dB,0.38us,+64.1Hz,,"[6,",,1
2025-07-30 13:41:35.431019,PHY,0x4601,1,0,na,"[0,",0,0,1,338.0,+11.0dB,17.8us,"[0,",1,908.18,normal,0,valid,-14.7dB,-15.1dB,na,na,,,,
2025-07-30 13:41:35.431503,PHY,0x4601,1,0,na,"[0,",0,0,1,347.8,+11.2dB,25.0us,"[0,",1,908.19,normal,0,valid,-14.8dB,-15.1dB,na,na,,,,
2025-07-30 13:41:35.435983,PHY,0x4601,1,0,na,"[0,",0,0,1,424.1,+12.0dB,16.8us,"[0,",1,909.8,normal,0,valid,-14.8dB,-15.0dB,na,na,,,,
2025-07-30 13:41:35.436487,PHY,0x4601,1,0,na,"[0,",0,0,1,409.1,+11.9dB,24.5us,"[0,",1,909.9,normal,0,valid,-14.7dB,-15.0dB,na,na,,,,
2025-07-30 13:41:35.440118,PHY,0x4601,2,,na,"[0,",,,11111,,+30.0dB,14.1us,"[0,",1,909.17,normal,0,valid,-12.0dB,-12.1dB,0.37us,+126.6Hz,,"[6,",,1
2025-07-30 13:41:35.440974,PHY,0x4601,1,0,na,"[0,",0,0,1,334.0,+11.0dB,16.3us,"[0,",1,909.18,normal,0,valid,-14.7dB,-15.1dB,na,na,,,,
2025-07-30 13:41:35.441538,PHY,0x4601,1,0,na,"[0,",0,0,1,349.6,+11.2dB,13.3us,"[0,",1,909.19,normal,0,valid,-14.7dB,-15.1dB,na,na,,,,
2025-07-30 13:41:35.445622,CSI,0x4601,2,,na,"[0,",,,1,,+29.2dB,15.1us,"[0,",1,910.8,normal,0,valid,-11.8dB,-12.0dB,0.37us,+36.0Hz,,"[6,",1111,1
2025-07-30 13:41:35.446488,PHY,0x4601,1,0,na,"[0,",0,0,1,342.6,+11.1dB,15.9us,"[0,",1,910.9,normal,0,valid,-14.8dB,-15.1dB,na,na,,,,
2025-07-30 13:41:35.450034,PHY,0x4601,2,,na,"[0,",,,11111,,+31.0dB,16.0us,"[0,",1,910.17,normal,0,valid,-11.8dB,-12.0dB,0.36us,+7.2Hz,,"[6,",,1
2025-07-30 13:41:35.450989,PHY,0x4601,1,0,na,"[0,",0,0,1,403.7,+11.8dB,26.1us,"[0,",1,910.18,normal,0,valid,-14.8dB,-15.0dB,na,na,,,,
2025-07-30 13:41:35.451479,PHY,0x4601,1,0,na,"[0,",0,0,1,398.4,+11.7dB,26.2us,"[0,",1,910.19,normal,0,valid,-14.7dB,-15.0dB,na,na,,,,
2025-07-30 13:41:35.455966,PHY,0x4601,1,0,na,"[0,",0,0,1,414.7,+11.9dB,16.3us,"[0,",1,911.8,normal,0,valid,-14.7dB,-15.0dB,na,na,,,,
2025-07-30 13:41:35.456531,PHY,0x4601,1,0,na,"[0,",0,0,1,405.7,+11.8dB,13.9us,"[0,",1,911.9,normal,0,valid,-14.7dB,-15.0dB,na,na,,,,
2025-07-30 13:41:35.460082,PHY,0x4601,2,,na,"[0,",,,11111,,+30.2dB,16.8us,"[0,",1,911.17,normal,0,valid,-11.9dB,-12.0dB,0.37us,+85.4Hz,,"[6,",,1
2025-07-30 13:41:35.461016,PHY,0x4601,1,0,na,"[0,",0,0,1,413.7,+11.9dB,15.6us,"[0,",1,911.18,normal,0,valid,-14.8dB,-15.0dB,na,na,,,,
2025-07-30 13:41:35.461481,PHY,0x4601,1,0,na,"[0,",0,0,1,411.4,+11.9dB,13.8us,"[0,",1,911.19,normal,0,valid,-14.8dB,-15.1dB,na,na,,,,
2025-07-30 13:41:35.465643,CSI,0x4601,2,,na,"[0,",,,1,,+31.1dB,17.1us,"[0,",1,912.8,normal,0,valid,-11.8dB,-11.9dB,0.38us,-53.4Hz,,"[6,",1111,1
2025-07-30 13:41:35.466462,PHY,0x4601,1,0,na,"[0,",0,0,1,404.1,+11.8dB,16.5us,"[0,",1,912.9,normal,0,valid,-14.8dB,-15.1dB,na,na,,,,
2025-07-30 13:41:35.470117,PHY,0x4601,2,,na,"[0,",,,11111,,+30.4dB,15.7us,"[0,",1,912.17,normal,0,valid,-11.9dB,-12.0dB,0.36us,-12.8Hz,,"[6,",,1
2025-07-30 13:41:35.471048,PHY,0x4601,1,0,na,"[0,",0,0,1,352.6,+11.2dB,17.1us,"[0,",1,912.18,normal,0,valid,-14.8dB,-15.1dB,na,na,,,,
2025-07-30 13:41:35.471518,PHY,0x4601,1,0,na,"[0,",0,0,1,346.3,+11.1dB,15.6us,"[0,",1,912.19,normal,0,valid,-14.7dB,-15.1dB,na,na,,,,
2025-07-30 13:41:35.476010,PHY,0x4601,1,0,na,"[0,",0,0,1,425.2,+12.0dB,17.4us,"[0,",1,913.8,normal,0,valid,-14.7dB,-15.0dB,na,na,,,,
2025-07-30 13:41:35.476490,PHY,0x4601,1,0,na,"[0,",0,0,1,425.2,+12.0dB,24.3us,"[0,",1,913.9,normal,0,valid,-14.7dB,-15.0dB,na,na,,,,
2025-07-30 13:41:35.480035,PHY,0x4601,2,,na,"[0,",,,11111,,+28.8dB,15.9us,"[0,",1,913.17,normal,0,valid,-12.0dB,-12.1dB,0.36us,-11.2Hz,,"[6,",,1
2025-07-30 13:41:35.480971,PHY,0x4601,1,0,na,"[0,",0,0,1,390.7,+11.6dB,22.7us,"[0,",1,913.18,normal,0,valid,-14.7dB,-15.0dB,na,na,,,,
2025-07-30 13:41:35.481466,PHY,0x4601,1,0,na,"[0,",0,0,1,410.1,+11.9dB,14.2us,"[0,",1,913.19,normal,0,valid,-14.7dB,-15.0dB,na,na,,,,
2025-07-30 13:41:35.485570,CSI,0x4601,2,,na,"[0,",,,1,,+30.3dB,17.3us,"[0,",1,914.8,normal,0,valid,-11.9dB,-12.0dB,0.36us,-0.9Hz,,"[6,",1111,1
2025-07-30 13:41:35.486509,PHY,0x4601,1,0,na,"[0,",0,0,1,408.2,+11.8dB,16.6us,"[0,",1,914.9,normal,0,valid,-14.8dB,-15.0dB,na,na,,,,
2025-07-30 13:41:35.490062,PHY,0x4601,2,,na,"[0,",,,11111,,+29.3dB,15.9us,"[0,",1,914.17,normal,0,valid,-11.9dB,-12.0dB,0.36us,-55.6Hz,,"[6,",,1
2025-07-30 13:41:35.491003,PHY,0x4601,1,0,na,"[0,",0,0,1,406.6,+11.8dB,16.1us,"[0,",1,914.18,normal,0,valid,-14.7dB,-15.0dB,na,na,,,,
2025-07-30 13:41:35.491467,PHY,0x4601,1,0,na,"[0,",0,0,1,415.2,+11.9dB,13.9us,"[0,",1,914.19,normal,0,valid,-14.8dB,-15.0dB,na,na,,,,
2025-07-30 13:41:35.495970,PHY,0x4601,1,0,na,"[0,",0,0,1,407.6,+11.8dB,16.8us,"[0,",1,915.8,normal,0,valid,-14.7dB,-15.0dB,na,na,,,,
2025-07-30 13:41:35.496544,PHY,0x4601,1,0,na,"[0,",0,0,1,405.3,+11.8dB,14.7us,"[0,",1,915.9,normal,0,valid,-14.8dB,-15.0dB,na,na,,,,
2025-07-30 13:41:35.500108,PHY,0x4601,2,,na,"[0,",,,11111,,+29.5dB,16.1us,"[0,",1,915.17,normal,0,valid,-12.0dB,-12.1dB,0.36us,+65.8Hz,,"[6,",,1
2025-07-30 13:41:35.501032,PHY,0x4601,1,0,na,"[0,",0,0,1,428.8,+12.0dB,18.4us,"[0,",1,915.18,normal,0,valid,-14.8dB,-15.1dB,na,na,,,,
2025-07-30 13:41:35.501498,PHY,0x4601,1,0,na,"[0,",0,0,1,411.3,+11.9dB,16.1us,"[0,",1,915.19,normal,0,valid,-14.8dB,-15.0dB,na,na,,,,
2025-07-30 13:41:35.505601,CSI,0x4601,2,,na,"[0,",,,1,,+32.5dB,14.4us,"[0,",1,916.8,normal,0,valid,-11.8dB,-11.9dB,0.37us,-128.4Hz,,"[6,",1111,1
2025-07-30 13:41:35.506466,PHY,0x4601,1,0,na,"[0,",0,0,1,411.8,+11.9dB,16.6us,"[0,",1,916.9,normal,0,valid,-14.7dB,-15.0dB,na,na,,,,
2025-07-30 13:41:35.510114,PHY,0x4601,2,,na,"[0,",,,11111,,+30.2dB,15.3us,"[0,",1,916.17,normal,0,valid,-12.0dB,-12.1dB,0.35us,-17.3Hz,,"[6,",,1
2025-07-30 13:41:35.510953,PHY,0x4601,1,0,na,"[0,",0,0,1,350.1,+11.2dB,16.1us,"[0,",1,916.18,normal,0,valid,-14.7dB,-15.0dB,na,na,,,,
2025-07-30 13:41:35.511538,PHY,0x4601,1,0,na,"[0,",0,0,1,347.0,+11.2dB,20.1us,"[0,",1,916.19,normal,0,valid,-14.7dB,-15.1dB,na,na,,,,
2025-07-30 13:41:35.516031,PHY,0x4601,1,0,na,"[0,",0,0,1,398.3,+11.7dB,17.5us,"[0,",1,917.8,normal,0,valid,-14.7dB,-15.0dB,na,na,,,,
2025-07-30 13:41:35.516501,PHY,0x4601,1,0,na,"[0,",0,0,1,413.1,+11.9dB,17.0us,"[0,",1,917.9,normal,0,valid,-14.8dB,-15.0dB,na,na,,,,
2025-07-30 13:41:35.520041,PHY,0x4601,2,,na,"[0,",,,11111,,+29.1dB,17.6us,"[0,",1,917.17,normal,0,valid,-12.0dB,-12.1dB,0.35us,+23.4Hz,,"[6,",,1
2025-07-30 13:41:35.520988,PHY,0x4601,1,0,na,"[0,",0,0,1,346.3,+11.2dB,17.9us,"[0,",1,917.18,normal,0,valid,-14.8dB,-15.1dB,na,na,,,,
2025-07-30 13:41:35.521454,PHY,0x4601,1,0,na,"[0,",0,0,1,344.0,+11.1dB,14.7us,"[0,",1,917.19,normal,0,valid,-14.7dB,-15.1dB,na,na,,,,
2025-07-30 13:41:35.525616,CSI,0x4601,2,,na,"[0,",,,1,,+31.5dB,12.3us,"[0,",1,918.8,normal,0,valid,-11.8dB,-11.9dB,0.38us,+48.6Hz,,"[6,",1111,1
2025-07-30 13:41:35.526532,PHY,0x4601,1,0,na,"[0,",0,0,1,346.3,+11.1dB,20.2us,"[0,",1,918.9,normal,0,valid,-14.8dB,-15.1dB,na,na,,,,
2025-07-30 13:41:35.530103,PHY,0x4601,2,,na,"[0,",,,11111,,+28.2dB,13.5us,"[0,",1,918.17,normal,0,valid,-11.9dB,-12.1dB,0.38us,+28.5Hz,,"[6,",,1
2025-07-30 13:41:35.531019,PHY,0x4601,1,0,na,"[0,",0,0,1,347.7,+11.2dB,15.7us,"[0,",1,918.18,normal,0,valid,-14.7dB,-15.1dB,na,na,,,,
2025-07-30 13:41:35.531491,PHY,0x4601,1,0,na,"[0,",0,0,1,343.9,+11.1dB,16.2us,"[0,",1,918.19,normal,0,valid,-14.8dB,-15.1dB,na,na,,,,
2025-07-30 13:41:35.536006,PHY,0x4601,1,0,na,"[0,",0,0,1,415.4,+11.9dB,18.5us,"[0,",1,919.8,normal,0,valid,-14.7dB,-15.0dB,na,na,,,,
2025-07-30 13:41:35.536453,PHY,0x4601,1,0,na,"[0,",0,0,1,413.7,+11.9dB,18.3us,"[0,",1,919.9,normal,0,valid,-14.7dB,-15.0dB,na,na,,,,
2025-07-30 13:41:35.540147,PHY,0x4601,2,,na,"[0,",,,11111,,+30.7dB,16.2us,"[0,",1,919.17,normal,0,valid,-11.9dB,-12.0dB,0.37us,+66.3Hz,,"[6,",,1
2025-07-30 13:41:35.540948,PHY,0x4601,1,0,na,"[0,",0,0,1,394.4,+11.7dB,17.8us,"[0,",1,919.18,normal,0,valid,-14.7dB,-15.0dB,na,na,,,,
2025-07-30 13:41:35.541523,PHY,0x4601,1,0,na,"[0,",0,0,1,397.2,+11.7dB,16.1us,"[0,",1,919.19,normal,0,valid,-14.8dB,-15.1dB,na,na,,,,
2025-07-30 13:41:35.545606,CSI,0x4601,2,,na,"[0,",,,1,,+30.0dB,11.2us,"[0,",1,920.8,normal,0,valid,-12.1dB,-12.2dB,0.37us,-38.0Hz,,"[6,",1111,1
2025-07-30 13:41:35.546483,PHY,0x4601,1,0,na,"[0,",0,0,1,415.2,+11.9dB,16.2us,"[0,",1,920.9,normal,0,valid,-14.8dB,-15.0dB,na,na,,,,
2025-07-30 13:41:35.550036,PHY,0x4601,2,,na,"[0,",,,11111,,+30.0dB,17.9us,"[0,",1,920.17,normal,0,valid,-12.0dB,-12.1dB,0.39us,+20.9Hz,,"[6,",,1
2025-07-30 13:41:35.550979,PHY,0x4601,1,0,na,"[0,",0,0,1,346.3,+11.1dB,16.2us,"[0,",1,920.18,normal,0,valid,-14.8dB,-15.1dB,na,na,,,,
2025-07-30 13:41:35.551450,PHY,0x4601,1,0,na,"[0,",0,0,1,331.3,+11.0dB,16.5us,"[0,",1,920.19,normal,0,valid,-14.7dB,-15.0dB,na,na,,,,
2025-07-30 13:41:35.556044,PHY,0x4601,1,0,na,"[0,",0,0,1,402.5,+11.8dB,18.3us,"[0,",1,921.8,normal,0,valid,-14.7dB,-15.0dB,na,na,,,,
2025-07-30 13:41:35.556534,PHY,0x4601,1,0,na,"[0,",0,0,1,393.4,+11.7dB,17.5us,"[0,",1,921.9,normal,0,valid,-14.8dB,-15.0dB,na,na,,,,
2025-07-30 13:41:35.560102,PHY,0x4601,2,,na,"[0,",,,11111,,+26.5dB,15.1us,"[0,",1,921.17,normal,0,valid,-11.9dB,-12.1dB,0.39us,-91.8Hz,,"[6,",,1
2025-07-30 13:41:35.561010,PHY,0x4601,1,0,na,"[0,",0,0,1,405.5,+11.8dB,15.7us,"[0,",1,921.18,normal,0,valid,-14.7dB,-15.0dB,na,na,,,,
2025-07-30 13:41:35.561491,PHY,0x4601,1,0,na,"[0,",0,0,1,390.8,+11.6dB,15.3us,"[0,",1,921.19,normal,0,valid,-14.8dB,-15.1dB,na,na,,,,
2025-07-30 13:41:35.565621,CSI,0x4601,2,,na,"[0,",,,1,,+30.9dB,14.7us,"[0,",1,922.8,normal,0,valid,-11.8dB,-12.0dB,0.37us,-176.4Hz,,"[6,",1111,1
2025-07-30 13:41:35.566445,PHY,0x4601,1,0,na,"[0,",0,0,1,417.1,+11.9dB,18.7us,"[0,",1,922.9,normal,0,valid,-14.7dB,-15.0dB,na,na,,,,
2025-07-30 13:41:35.570095,PHY,0x4601,2,,na,"[0,",,,11111,,+30.1dB,22.0us,"[0,",1,922.17,normal,0,valid,-11.9dB,-12.0dB,0.37us,+53.0Hz,,"[6,",,1
2025-07-30 13:41:35.571060,PHY,0x4601,1,0,na,"[0,",0,0,1,413.1,+11.9dB,31.2us,"[0,",1,922.18,normal,0,valid,-14.7dB,-15.0dB,na,na,,,,
2025-07-30 13:41:35.571541,PHY,0x4601,1,0,na,"[0,",0,0,1,405.9,+11.8dB,17.9us,"[0,",1,922.19,normal,0,valid,-14.7dB,-15.0dB,na,na,,,,
2025-07-30 13:41:35.576018,PHY,0x4601,1,0,na,"[0,",0,0,1,422.3,+12.0dB,21.5us,"[0,",1,923.8,normal,0,valid,-14.7dB,-15.0dB,na,na,,,,
2025-07-30 13:41:35.576497,PHY,0x4601,1,0,na,"[0,",0,0,1,418.3,+12.0dB,35.2us,"[0,",1,923.9,normal,0,valid,-14.8dB,-15.0dB,na,na,,,,
2025-07-30 13:41:35.580015,PHY,0x4601,2,,na,"[0,",,,11111,,+31.1dB,19.4us,"[0,",1,923.17,normal,0,valid,-12.0dB,-12.1dB,0.37us,-109.8Hz,,"[6,",,1
2025-07-30 13:41:35.580970,PHY,0x4601,1,0,na,"[0,",0,0,1,403.1,+11.8dB,17.3us,"[0,",1,923.18,normal,0,valid,-14.7dB,-15.0dB,na,na,,,,
2025-07-30 13:41:35.581537,PHY,0x4601,1,0,na,"[0,",0,0,1,406.6,+11.8dB,15.8us,"[0,",1,923.19,normal,0,valid,-14.7dB,-15.0dB,na,na,,,,
2025-07-30 13:41:35.585592,CSI,0x4601,2,,na,"[0,",,,1,,+29.6dB,15.0us,"[0,",1,924.8,normal,0,valid,-11.9dB,-12.0dB,0.37us,-83.2Hz,,"[6,",1111,1
2025-07-30 13:41:35.586520,PHY,0x4601,1,0,na,"[0,",0,0,1,343.3,+11.1dB,16.9us,"[0,",1,924.9,normal,0,valid,-14.8dB,-15.1dB,na,na,,,,
2025-07-30 13:41:35.590052,PHY,0x4601,2,,na,"[0,",,,11111,,+30.7dB,24.4us,"[0,",1,924.17,normal,0,valid,-12.0dB,-12.1dB,0.38us,-7.3Hz,,"[6,",,1
2025-07-30 13:41:35.590997,PHY,0x4601,1,0,na,"[0,",0,0,1,342.5,+11.1dB,17.1us,"[0,",1,924.18,normal,0,valid,-14.8dB,-15.1dB,na,na,,,,
2025-07-30 13:41:35.591468,PHY,0x4601,1,0,na,"[0,",0,0,1,327.6,+10.9dB,16.0us,"[0,",1,924.19,normal,0,valid,-14.7dB,-15.1dB,na,na,,,,
2025-07-30 13:41:35.595957,PHY,0x4601,1,0,na,"[0,",0,0,1,397.8,+11.7dB,17.3us,"[0,",1,925.8,normal,0,valid,-14.7dB,-15.0dB,na,na,,,,
2025-07-30 13:41:35.596542,PHY,0x4601,1,0,na,"[0,",0,0,1,403.4,+11.8dB,16.7us,"[0,",1,925.9,normal,0,valid,-14.8dB,-15.0dB,na,na,,,,
2025-07-30 13:41:35.600129,PHY,0x4601,2,,na,"[0,",,,11111,,+30.6dB,16.3us,"[0,",1,925.17,normal,0,valid,-12.0dB,-12.1dB,0.35us,-62.2Hz,,"[6,",,1
2025-07-30 13:41:35.601020,PHY,0x4601,1,0,na,"[0,",0,0,1,344.5,+11.1dB,19.5us,"[0,",1,925.18,normal,0,valid,-14.7dB,-15.1dB,na,na,,,,
2025-07-30 13:41:35.601512,PHY,0x4601,1,0,na,"[0,",0,0,1,337.2,+11.0dB,15.5us,"[0,",1,925.19,normal,0,valid,-14.8dB,-15.1dB,na,na,,,,
2025-07-30 13:41:35.605590,CSI,0x4601,2,,na,"[0,",,,1,,+30.7dB,15.9us,"[0,",1,926.8,normal,0,valid,-11.9dB,-12.1dB,0.38us,-23.7Hz,,"[6,",1111,1
2025-07-30 13:41:35.606459,PHY,0x4601,1,0,na,"[0,",0,0,1,405.4,+11.9dB,15.8us,"[0,",1,926.9,normal,0,valid,-14.8dB,-15.0dB,na,na,,,,
2025-07-30 13:41:35.610141,PHY,0x4601,2,,na,"[0,",,,11111,,+28.3dB,15.0us,"[0,",1,926.17,normal,0,valid,-12.0dB,-12.1dB,0.36us,+64.5Hz,,"[6,",,1
2025-07-30 13:41:35.610951,PHY,0x4601,1,0,na,"[0,",0,0,1,393.8,+11.7dB,16.4us,"[0,",1,926.18,normal,0,valid,-14.8dB,-15.0dB,na,na,,,,
2025-07-30 13:41:35.611530,PHY,0x4601,1,0,na,"[0,",0,0,1,407.4,+11.8dB,21.9us,"[0,",1,926.19,normal,0,valid,-14.8dB,-15.1dB,na,na,,,,
2025-07-30 13:41:35.616016,PHY,0x4601,1,0,na,"[0,",0,0,1,389.5,+11.7dB,17.6us,"[0,",1,927.8,normal,0,valid,-14.7dB,-15.0dB,na,na,,,,
2025-07-30 13:41:35.616520,PHY,0x4601,1,0,na,"[0,",0,0,1,404.7,+11.8dB,21.8us,"[0,",1,927.9,normal,0,valid,-14.8dB,-15.0dB,na,na,,,,
2025-07-30 13:41:35.620026,PHY,0x4601,2,,na,"[0,",,,11111,,+32.1dB,15.5us,"[0,",1,927.17,normal,0,valid,-11.9dB,-12.0dB,0.38us,-93.7Hz,,"[6,",,1
2025-07-30 13:41:35.620991,PHY,0x4601,1,0,na,"[0,",0,0,1,406.9,+11.8dB,17.4us,"[0,",1,927.18,normal,0,valid,-14.8dB,-15.1dB,na,na,,,,
2025-07-30 13:41:35.621474,PHY,0x4601,1,0,na,"[0,",0,0,1,408.9,+11.9dB,17.5us,"[0,",1,927.19,normal,0,valid,-14.7dB,-15.0dB,na,na,,,,
2025-07-30 13:41:35.625598,CSI,0x4601,2,,na,"[0,",,,1,,+29.3dB,13.9us,"[0,",1,928.8,normal,0,valid,-12.0dB,-12.1dB,0.38us,+30.6Hz,,"[6,",1111,1
2025-07-30 13:41:35.626517,PHY,0x4601,1,0,na,"[0,",0,0,1,384.2,+11.6dB,16.1us,"[0,",1,928.9,normal,0,valid,-14.8dB,-15.1dB,na,na,,,,
2025-07-30 13:41:35.630085,PHY,0x4601,2,,na,"[0,",,,11111,,+28.4dB,14.4us,"[0,",1,928.17,normal,0,valid,-12.0dB,-12.1dB,0.38us,-5.9Hz,,"[6,",,1
2025-07-30 13:41:35.631014,PHY,0x4601,1,0,na,"[0,",0,0,1,397.5,+11.7dB,16.4us,"[0,",1,928.18,normal,0,valid,-14.7dB,-15.0dB,na,na,,,,
2025-07-30 13:41:35.631490,PHY,0x4601,1,0,na,"[0,",0,0,1,387.1,+11.6dB,16.4us,"[0,",1,928.19,normal,0,valid,-14.8dB,-15.0dB,na,na,,,,
2025-07-30 13:41:35.635990,PHY,0x4601,1,0,na,"[0,",0,0,1,394.4,+11.7dB,16.7us,"[0,",1,929.8,normal,0,valid,-14.8dB,-15.1dB,na,na,,,,
2025-07-30 13:41:35.636446,PHY,0x4601,1,0,na,"[0,",0,0,1,391.9,+11.7dB,14.8us,"[0,",1,929.9,normal,0,valid,-14.8dB,-15.0dB,na,na,,,,
2025-07-30 13:41:35.640127,PHY,0x4601,2,,na,"[0,",,,11111,,+28.8dB,17.9us,"[0,",1,929.17,normal,0,valid,-12.0dB,-12.1dB,0.38us,-19.6Hz,,"[6,",,1
2025-07-30 13:41:35.641044,PHY,0x4601,1,0,na,"[0,",0,0,1,343.4,+11.1dB,16.2us,"[0,",1,929.18,normal,0,valid,-14.8dB,-15.1dB,na,na,,,,
2025-07-30 13:41:35.641513,PHY,0x4601,1,0,na,"[0,",0,0,1,341.8,+11.1dB,16.5us,"[0,",1,929.19,normal,0,valid,-14.8dB,-15.1dB,na,na,,,,
2025-07-30 13:41:35.645611,CSI,0x4601,2,,na,"[0,",,,1,,+29.7dB,15.0us,"[0,",1,930.8,normal,0,valid,-12.0dB,-12.1dB,0.38us,-35.7Hz,,"[6,",1111,1
2025-07-30 13:41:35.646502,PHY,0x4601,1,0,na,"[0,",0,0,1,344.0,+11.1dB,20.8us,"[0,",1,930.9,normal,0,valid,-14.8dB,-15.1dB,na,na,,,,
2025-07-30 13:41:35.650019,PHY,0x4601,2,,na,"[0,",,,11111,,+30.8dB,16.8us,"[0,",1,930.17,normal,0,valid,-12.0dB,-12.2dB,0.37us,-4.1Hz,,"[6,",,1
2025-07-30 13:41:35.650986,PHY,0x4601,1,0,na,"[0,",0,0,1,347.7,+11.2dB,18.2us,"[0,",1,930.18,normal,0,valid,-14.8dB,-15.1dB,na,na,,,,
2025-07-30 13:41:35.651445,PHY,0x4601,1,0,na,"[0,",0,0,1,346.5,+11.1dB,16.4us,"[0,",1,930.19,normal,0,valid,-14.7dB,-15.1dB,na,na,,,,
2025-07-30 13:41:35.656032,PHY,0x4601,1,0,na,"[0,",0,0,1,410.9,+11.9dB,17.0us,"[0,",1,931.8,normal,0,valid,-14.8dB,-15.0dB,na,na,,,,
2025-07-30 13:41:35.656535,PHY,0x4601,1,0,na,"[0,",0,0,1,421.0,+12.0dB,17.7us,"[0,",1,931.9,normal,0,valid,-14.7dB,-15.0dB,na,na,,,,
2025-07-30 13:41:35.660059,PHY,0x4601,2,,na,"[0,",,,11111,,+32.4dB,17.2us,"[0,",1,931.17,normal,0,valid,-12.0dB,-12.1dB,0.37us,+125.6Hz,,"[6,",,1
2025-07-30 13:41:35.660997,PHY,0x4601,1,0,na,"[0,",0,0,1,395.1,+11.7dB,17.6us,"[0,",1,931.18,normal,0,valid,-14.8dB,-15.1dB,na,na,,,,
2025-07-30 13:41:35.661490,PHY,0x4601,1,0,na,"[0,",0,0,1,399.6,+11.8dB,14.2us,"[0,",1,931.19,normal,0,valid,-14.7dB,-15.0dB,na,na,,,,
2025-07-30 13:41:35.665606,CSI,0x4601,2,,na,"[0,",,,1,,+28.5dB,15.7us,"[0,",1,932.8,normal,0,valid,-11.9dB,-12.0dB,0.36us,-24.1Hz,,"[6,",1111,1
2025-07-30 13:41:35.666544,PHY,0x4601,1,0,na,"[0,",0,0,1,399.6,+11.8dB,21.0us,"[0,",1,932.9,normal,0,valid,-14.7dB,-15.0dB,na,na,,,,
2025-07-30 13:41:35.670125,PHY,0x4601,2,,na,"[0,",,,11111,,+28.8dB,15.9us,"[0,",1,932.17,normal,0,valid,-11.8dB,-11.9dB,0.37us,-30.3Hz,,"[6,",,1
2025-07-30 13:41:35.671023,PHY,0x4601,1,0,na,"[0,",0,0,1,339.2,+11.1dB,16.6us,"[0,",1,932.18,normal,0,valid,-14.8dB,-15.1dB,na,na,,,,
2025-07-30 13:41:35.671498,PHY,0x4601,1,0,na,"[0,",0,0,1,335.0,+11.0dB,14.0us,"[0,",1,932.19,normal,0,valid,-14.7dB,-15.1dB,na,na,,,,
2025-07-30 13:41:35.675989,PHY,0x4601,1,0,na,"[0,",0,0,1,403.3,+11.8dB,17.8us,"[0,",1,933.8,normal,0,valid,-14.8dB,-15.0dB,na,na,,,,
2025-07-30 13:41:35.676500,PHY,0x4601,1,0,na,"[0,",0,0,1,410.3,+11.9dB,35.1us,"[0,",1,933.9,normal,0,valid,-14.8dB,-15.0dB,na,na,,,,
2025-07-30 13:41:35.680159,PHY,0x4601,2,,na,"[0,",,,11111,,+32.8dB,22.1us,"[0,",1,933.17,normal,0,valid,-11.9dB,-12.0dB,0.37us,-29.3Hz,,"[6,",,1
2025-07-30 13:41:35.680972,PHY,0x4601,1,0,na,"[0,",0,0,1,401.3,+11.7dB,17.4us,"[0,",1,933.18,normal,0,valid,-14.8dB,-15.1dB,na,na,,,,
2025-07-30 13:41:35.681539,PHY,0x4601,1,0,na,"[0,",0,0,1,392.4,+11.7dB,14.3us,"[0,",1,933.19,normal,0,valid,-14.8dB,-15.1dB,na,na,,,,
2025-07-30 13:41:35.685566,CSI,0x4601,2,,na,"[0,",,,1,,+29.2dB,13.1us,"[0,",1,934.8,normal,0,valid,-11.9dB,-12.0dB,0.39us,-13.2Hz,,"[6,",1111,1
2025-07-30 13:41:35.686500,PHY,0x4601,1,0,na,"[0,",0,0,1,400.4,+11.8dB,16.3us,"[0,",1,934.9,normal,0,valid,-14.8dB,-15.1dB,na,na,,,,
2025-07-30 13:41:35.690044,PHY,0x4601,2,,na,"[0,",,,11111,,+26.9dB,15.0us,"[0,",1,934.17,normal,0,valid,-11.9dB,-12.1dB,0.39us,+48.1Hz,,"[6,",,1
2025-07-30 13:41:35.690985,PHY,0x4601,1,0,na,"[0,",0,0,1,406.2,+11.8dB,19.6us,"[0,",1,934.18,normal,0,valid,-14.7dB,-15.0dB,na,na,,,,
2025-07-30 13:41:35.691483,PHY,0x4601,1,0,na,"[0,",0,0,1,409.4,+11.9dB,14.3us,"[0,",1,934.19,normal,0,valid,-14.7dB,-15.0dB,na,na,,,,
2025-07-30 13:41:35.695974,PHY,0x4601,1,0,na,"[0,",0,0,1,408.2,+11.9dB,16.5us,"[0,",1,935.8,normal,0,valid,-14.8dB,-15.0dB,na,na,,,,
2025-07-30 13:41:35.696537,PHY,0x4601,1,0,na,"[0,",0,0,1,400.2,+11.8dB,15.9us,"[0,",1,935.9,normal,0,valid,-14.7dB,-15.0dB,na,na,,,,
2025-07-30 13:41:35.700102,PHY,0x4601,2,,na,"[0,",,,11111,,+30.5dB,14.4us,"[0,",1,935.17,normal,0,valid,-12.0dB,-12.2dB,0.38us,+8.1Hz,,"[6,",,1
2025-07-30 13:41:35.701009,PHY,0x4601,1,0,na,"[0,",0,0,1,389.4,+11.6dB,15.9us,"[0,",1,935.18,normal,0,valid,-14.8dB,-15.0dB,na,na,,,,
2025-07-30 13:41:35.701486,PHY,0x4601,1,0,na,"[0,",0,0,1,403.1,+11.8dB,15.6us,"[0,",1,935.19,normal,0,valid,-14.7dB,-15.0dB,na,na,,,,
2025-07-30 13:41:35.705642,CSI,0x4601,2,,na,"[0,",,,1,,+29.2dB,17.0us,"[0,",1,936.8,normal,0,valid,-11.9dB,-12.1dB,0.38us,-44.6Hz,,"[6,",1111,1
2025-07-30 13:41:35.706471,PHY,0x4601,1,0,na,"[0,",0,0,1,329.3,+10.9dB,17.1us,"[0,",1,936.9,normal,0,valid,-14.8dB,-15.1dB,na,na,,,,
2025-07-30 13:41:35.710130,PHY,0x4601,2,,na,"[0,",,,11111,,+31.0dB,15.1us,"[0,",1,936.17,normal,0,valid,-12.1dB,-12.2dB,0.39us,+55.5Hz,,"[6,",,1
2025-07-30 13:41:35.710966,PHY,0x4601,1,0,na,"[0,",0,0,1,351.8,+11.2dB,16.1us,"[0,",1,936.18,normal,0,valid,-14.8dB,-15.1dB,na,na,,,,
2025-07-30 13:41:35.711512,PHY,0x4601,1,0,na,"[0,",0,0,1,332.3,+11.0dB,14.3us,"[0,",1,936.19,normal,0,valid,-14.8dB,-15.1dB,na,na,,,,
2025-07-30 13:41:35.716009,PHY,0x4601,1,0,na,"[0,",0,0,1,403.0,+11.8dB,16.2us,"[0,",1,937.8,normal,0,valid,-14.7dB,-15.0dB,na,na,,,,
2025-07-30 13:41:35.716487,PHY,0x4601,1,0,na,"[0,",0,0,1,413.6,+11.9dB,25.5us,"[0,",1,937.9,normal,0,valid,-14.8dB,-15.0dB,na,na,,,,
2025-07-30 13:41:35.720041,PHY,0x4601,2,,na,"[0,",,,11111,,+29.9dB,14.5us,"[0,",1,937.17,normal,0,valid,-12.0dB,-12.1dB,0.37us,-4.8Hz,,"[6,",,1
2025-07-30 13:41:35.720975,PHY,0x4601,1,0,na,"[0,",0,0,1,409.2,+11.8dB,21.8us,"[0,",1,937.18,normal,0,valid,-14.8dB,-15.1dB,na,na,,,,
2025-07-30 13:41:35.721465,PHY,0x4601,1,0,na,"[0,",0,0,1,380.9,+11.5dB,14.0us,"[0,",1,937.19,normal,0,valid,-14.8dB,-15.0dB,na,na,,,,
2025-07-30 13:41:35.725583,CSI,0x4601,2,,na,"[0,",,,1,,+26.9dB,12.9us,"[0,",1,938.8,normal,0,valid,-11.8dB,-11.9dB,0.38us,-65.7Hz,,"[6,",1111,1
2025-07-30 13:41:35.726520,PHY,0x4601,1,0,na,"[0,",0,0,1,397.8,+11.7dB,16.3us,"[0,",1,938.9,normal,0,valid,-14.8dB,-15.1dB,na,na,,,,
2025-07-30 13:41:35.730076,PHY,0x4601,2,,na,"[0,",,,11111,,+31.3dB,15.4us,"[0,",1,938.17,normal,0,valid,-11.9dB,-12.0dB,0.38us,+37.7Hz,,"[6,",,1
2025-07-30 13:41:35.731001,PHY,0x4601,1,0,na,"[0,",0,0,1,346.3,+11.1dB,15.9us,"[0,",1,938.18,normal,0,valid,-14.8dB,-15.1dB,na,na,,,,
2025-07-30 13:41:35.731478,PHY,0x4601,1,0,na,"[0,",0,0,1,330.1,+10.9dB,16.0us,"[0,",1,938.19,normal,0,valid,-14.7dB,-15.1dB,na,na,,,,
2025-07-30 13:41:35.735967,PHY,0x4601,1,0,na,"[0,",0,0,1,408.9,+11.8dB,22.1us,"[0,",1,939.8,normal,0,valid,-14.8dB,-15.1dB,na,na,,,,
2025-07-30 13:41:35.736460,PHY,0x4601,1,0,na,"[0,",0,0,1,418.5,+12.0dB,14.2us,"[0,",1,939.9,normal,0,valid,-14.7dB,-15.0dB,na,na,,,,
2025-07-30 13:41:35.740107,PHY,0x4601,2,,na,"[0,",,,11111,,+31.8dB,14.2us,"[0,",1,939.17,normal,0,valid,-12.0dB,-12.1dB,0.39us,+1.2Hz,,"[6,",,1
2025-07-30 13:41:35.741036,PHY,0x4601,1,0,na,"[0,",0,0,1,421.9,+12.0dB,16.3us,"[0,",1,939.18,normal,0,valid,-14.8dB,-15.0dB,na,na,,,,
2025-07-30 13:41:35.741505,PHY,0x4601,1,0,na,"[0,",0,0,1,407.9,+11.8dB,14.0us,"[0,",1,939.19,normal,0,valid,-14.8dB,-15.0dB,na,na,,,,
2025-07-30 13:41:35.745613,CSI,0x4601,2,,na,"[0,",,,1,,+30.0dB,12.8us,"[0,",1,940.8,normal,0,valid,-12.0dB,-12.1dB,0.38us,-4.2Hz,,"[6,",1111,1
2025-07-30 13:41:35.746486,PHY,0x4601,1,0,na,"[0,",0,0,1,339.6,+11.1dB,16.8us,"[0,",1,940.9,normal,0,valid,-14.7dB,-15.1dB,na,na,,,,
2025-07-30 13:41:35.750018,PHY,0x4601,2,,na,"[0,",,,11111,,+30.6dB,15.1us,"[0,",1,940.17,normal,0,valid,-11.9dB,-12.1dB,0.39us,+85.2Hz,,"[6,",,1
2025-07-30 13:41:35.750967,PHY,0x4601,1,0,na,"[0,",0,0,1,408.9,+11.9dB,22.0us,"[0,",1,940.18,normal,0,valid,-14.7dB,-15.0dB,na,na,,,,
2025-07-30 13:41:35.751561,PHY,0x4601,1,0,na,"[0,",0,0,1,395.1,+11.7dB,15.1us,"[0,",1,940.19,normal,0,valid,-14.7dB,-15.0dB,na,na,,,,
2025-07-30 13:41:35.756033,PHY,0x4601,1,0,na,"[0,",0,0,1,386.9,+11.6dB,16.8us,"[0,",1,941.8,normal,0,valid,-14.7dB,-15.0dB,na,na,,,,
2025-07-30 13:41:35.756508,PHY,0x4601,1,0,na,"[0,",0,0,1,407.0,+11.8dB,15.5us,"[0,",1,941.9,normal,0,valid,-14.7dB,-15.0dB,na,na,,,,
2025-07-30 13:41:35.760052,PHY,0x4601,2,,na,"[0,",,,11111,,+30.5dB,15.5us,"[0,",1,941.17,normal,0,valid,-12.0dB,-12.1dB,0.38us,+51.1Hz,,"[6,",,1
2025-07-30 13:41:35.760990,PHY,0x4601,1,0,na,"[0,",0,0,1,403.7,+11.8dB,16.9us,"[0,",1,941.18,normal,0,valid,-14.8dB,-15.1dB,na,na,,,,
2025-07-30 13:41:35.761464,PHY,0x4601,1,0,na,"[0,",0,0,1,402.3,+11.8dB,18.7us,"[0,",1,941.19,normal,0,valid,-14.8dB,-15.0dB,na,na,,,,
2025-07-30 13:41:35.765632,CSI,0x4601,2,,na,"[0,",,,1,,+29.5dB,16.1us,"[0,",1,942.8,normal,0,valid,-11.9dB,-12.1dB,0.39us,-41.7Hz,,"[6,",1111,1
2025-07-30 13:41:35.766552,PHY,0x4601,1,0,na,"[0,",0,0,1,342.6,+11.1dB,25.6us,"[0,",1,942.9,normal,0,valid,-14.8dB,-15.1dB,na,na,,,,
2025-07-30 13:41:35.770122,PHY,0x4601,2,,na,"[0,",,,11111,,+29.8dB,23.5us,"[0,",1,942.17,normal,0,valid,-12.0dB,-12.1dB,0.37us,+129.0Hz,,"[6,",,1
2025-07-30 13:41:35.771023,PHY,0x4601,1,0,na,"[0,",0,0,1,352.3,+11.2dB,16.8us,"[0,",1,942.18,normal,0,valid,-14.8dB,-15.1dB,na,na,,,,
2025-07-30 13:41:35.771494,PHY,0x4601,1,0,na,"[0,",0,0,1,325.1,+10.9dB,14.2us,"[0,",1,942.19,normal,0,valid,-14.8dB,-15.1dB,na,na,,,,
2025-07-30 13:41:35.775992,PHY,0x4601,1,0,na,"[0,",0,0,1,389.8,+11.6dB,17.1us,"[0,",1,943.8,normal,0,valid,-14.7dB,-15.0dB,na,na,,,,
2025-07-30 13:41:35.776464,PHY,0x4601,1,0,na,"[0,",0,0,1,390.3,+11.7dB,16.9us,"[0,",1,943.9,normal,0,valid,-14.7dB,-15.0dB,na,na,,,,
2025-07-30 13:41:35.780156,PHY,0x4601,2,,na,"[0,",,,11111,,+27.4dB,27.9us,"[0,",1,943.17,normal,0,valid,-12.0dB,-12.1dB,0.38us,-13.8Hz,,"[6,",,1
2025-07-30 13:41:35.780961,PHY,0x4601,1,0,na,"[0,",0,0,1,344.1,+11.1dB,20.4us,"[0,",1,943.18,normal,0,valid,-14.7dB,-15.1dB,na,na,,,,
2025-07-30 13:41:35.781527,PHY,0x4601,1,0,na,"[0,",0,0,1,334.1,+11.0dB,14.3us,"[0,",1,943.19,normal,0,valid,-14.7dB,-15.1dB,na,na,,,,
2025-07-30 13:41:35.785677,CSI,0x4601,2,,na,"[0,",,,1,,+31.8dB,15.0us,"[0,",1,944.8,normal,0,valid,-11.9dB,-12.0dB,0.36us,-124.4Hz,,"[6,",1111,1
2025-07-30 13:41:35.786495,PHY,0x4601,1,0,na,"[0,",0,0,1,391.2,+11.7dB,17.7us,"[0,",1,944.9,normal,0,valid,-14.7dB,-15.0dB,na,na,,,,
2025-07-30 13:41:35.790035,PHY,0x4601,2,,na,"[0,",,,11111,,+28.0dB,17.2us,"[0,",1,944.17,normal,0,valid,-11.9dB,-12.1dB,0.39us,-16.6Hz,,"[6,",,1
2025-07-30 13:41:35.790984,PHY,0x4601,1,0,na,"[0,",0,0,1,398.7,+11.7dB,16.7us,"[0,",1,944.18,normal,0,valid,-14.8dB,-15.0dB,na,na,,,,
2025-07-30 13:41:35.791460,PHY,0x4601,1,0,na,"[0,",0,0,1,408.6,+11.8dB,15.8us,"[0,",1,944.19,normal,0,valid,-14.8dB,-15.1dB,na,na,,,,
2025-07-30 13:41:35.795958,PHY,0x4601,1,0,na,"[0,",0,0,1,398.8,+11.7dB,16.8us,"[0,",1,945.8,normal,0,valid,-14.8dB,-15.1dB,na,na,,,,
2025-07-30 13:41:35.796528,PHY,0x4601,1,0,na,"[0,",0,0,1,401.0,+11.8dB,15.3us,"[0,",1,945.9,normal,0,valid,-14.8dB,-15.0dB,na,na,,,,
2025-07-30 13:41:35.800110,PHY,0x4601,2,,na,"[0,",,,11111,,+32.0dB,18.3us,"[0,",1,945.17,normal,0,valid,-12.0dB,-12.1dB,0.37us,-115.6Hz,,"[6,",,1
2025-07-30 13:41:35.801016,PHY,0x4601,1,0,na,"[0,",0,0,1,406.8,+11.8dB,15.9us,"[0,",1,945.18,normal,0,valid,-14.7dB,-15.0dB,na,na,,,,
2025-07-30 13:41:35.801484,PHY,0x4601,1,0,na,"[0,",0,0,1,403.2,+11.8dB,14.1us,"[0,",1,945.19,normal,0,valid,-14.7dB,-15.0dB,na,na,,,,
2025-07-30 13:41:35.805618,CSI,0x4601,2,,na,"[0,",,,1,,+30.5dB,12.5us,"[0,",1,946.8,normal,0,valid,-12.0dB,-12.1dB,0.39us,+102.6Hz,,"[6,",1111,1
2025-07-30 13:41:35.806460,PHY,0x4601,1,0,na,"[0,",0,0,1,335.1,+11.0dB,21.4us,"[0,",1,946.9,normal,0,valid,-14.8dB,-15.1dB,na,na,,,,
2025-07-30 13:41:35.810106,PHY,0x4601,2,,na,"[0,",,,11111,,+27.6dB,15.7us,"[0,",1,946.17,normal,0,valid,-11.9dB,-12.0dB,0.38us,+109.0Hz,,"[6,",,1
2025-07-30 13:41:35.811044,PHY,0x4601,1,0,na,"[0,",0,0,1,398.4,+11.7dB,20.3us,"[0,",1,946.18,normal,0,valid,-14.7dB,-15.0dB,na,na,,,,
2025-07-30 13:41:35.811533,PHY,0x4601,1,0,na,"[0,",0,0,1,410.1,+11.8dB,25.7us,"[0,",1,946.19,normal,0,valid,-14.8dB,-15.1dB,na,na,,,,
2025-07-30 13:41:35.816037,PHY,0x4601,1,0,na,"[0,",0,0,1,399.4,+11.8dB,17.3us,"[0,",1,947.8,normal,0,valid,-14.7dB,-15.0dB,na,na,,,,
2025-07-30 13:41:35.816517,PHY,0x4601,1,0,na,"[0,",0,0,1,422.7,+12.0dB,20.5us,"[0,",1,947.9,normal,0,valid,-14.7dB,-15.0dB,na,na,,,,
2025-07-30 13:41:35.820025,PHY,0x4601,2,,na,"[0,",,,11111,,+30.5dB,23.9us,"[0,",1,947.17,normal,0,valid,-12.0dB,-12.1dB,0.38us,+85.0Hz,,"[6,",,1
2025-07-30 13:41:35.820967,PHY,0x4601,1,0,na,"[0,",0,0,1,340.2,+11.1dB,16.7us,"[0,",1,947.18,normal,0,valid,-14.8dB,-15.0dB,na,na,,,,
2025-07-30 13:41:35.821451,PHY,0x4601,1,0,na,"[0,",0,0,1,341.8,+11.1dB,18.1us,"[0,",1,947.19,normal,0,valid,-14.7dB,-15.1dB,na,na,,,,
2025-07-30 13:41:35.825604,CSI,0x4601,2,,na,"[0,",,,1,,+33.0dB,13.1us,"[0,",1,948.8,normal,0,valid,-11.8dB,-11.9dB,0.37us,-34.0Hz,,"[6,",1111,1
2025-07-30 13:41:35.826515,PHY,0x4601,1,0,na,"[0,",0,0,1,336.3,+11.0dB,18.2us,"[0,",1,948.9,normal,0,valid,-14.8dB,-15.1dB,na,na,,,,
2025-07-30 13:41:35.830087,PHY,0x4601,2,,na,"[0,",,,11111,,+30.1dB,16.3us,"[0,",1,948.17,normal,0,valid,-12.1dB,-12.2dB,0.39us,+16.6Hz,,"[6,",,1
2025-07-30 13:41:35.831015,PHY,0x4601,1,0,na,"[0,",0,0,1,338.8,+11.0dB,16.9us,"[0,",1,948.18,normal,0,valid,-14.7dB,-15.1dB,na,na,,,,
2025-07-30 13:41:35.831473,PHY,0x4601,1,0,na,"[0,",0,0,1,330.9,+10.9dB,14.1us,"[0,",1,948.19,normal,0,valid,-14.7dB,-15.1dB,na,na,,,,
2025-07-30 13:41:35.835980,PHY,0x4601,1,0,na,"[0,",0,0,1,397.0,+11.7dB,29.2us,"[0,",1,949.8,normal,0,valid,-14.7dB,-15.0dB,na,na,,,,
2025-07-30 13:41:35.836567,PHY,0x4601,1,0,na,"[0,",0,0,1,402.2,+11.8dB,25.3us,"[0,",1,949.9,normal,0,valid,-14.8dB,-15.0dB,na,na,,,,
2025-07-30 13:41:35.840106,PHY,0x4601,2,,na,"[0,",,,11111,,+32.0dB,22.5us,"[0,",1,949.17,normal,0,valid,-12.0dB,-12.1dB,0.38us,-72.9Hz,,"[6,",,1
2025-07-30 13:41:35.841025,PHY,0x4601,1,0,na,"[0,",0,0,1,348.9,+11.1dB,16.9us,"[0,",1,949.18,normal,0,valid,-14.7dB,-15.1dB,na,na,,,,
2025-07-30 13:41:35.841504,PHY,0x4601,1,0,na,"[0,",0,0,1,334.1,+10.9dB,14.2us,"[0,",1,949.19,normal,0,valid,-14.8dB,-15.1dB,na,na,,,,
2025-07-30 13:41:35.845600,CSI,0x4601,2,,na,"[0,",,,1,,+31.7dB,15.2us,"[0,",1,950.8,normal,0,valid,-11.9dB,-12.0dB,0.37us,-98.8Hz,,"[6,",1111,1
2025-07-30 13:41:35.846481,PHY,0x4601,1,0,na,"[0,",0,0,1,328.0,+10.9dB,16.3us,"[0,",1,950.9,normal,0,valid,-14.7dB,-15.1dB,na,na,,,,
2025-07-30 13:41:35.850124,PHY,0x4601,2,,na,"[0,",,,11111,,+30.5dB,14.8us,"[0,",1,950.17,normal,0,valid,-12.0dB,-12.1dB,0.36us,+41.0Hz,,"[6,",,1
2025-07-30 13:41:35.850961,PHY,0x4601,1,0,na,"[0,",0,0,1,346.4,+11.1dB,16.2us,"[0,",1,950.18,normal,0,valid,-14.7dB,-15.1dB,na,na,,,,
2025-07-30 13:41:35.851532,PHY,0x4601,1,0,na,"[0,",0,0,1,351.4,+11.2dB,14.2us,"[0,",1,950.19,normal,0,valid,-14.8dB,-15.1dB,na,na,,,,
2025-07-30 13:41:35.856023,PHY,0x4601,1,0,na,"[0,",0,0,1,402.3,+11.8dB,17.0us,"[0,",1,951.8,normal,0,valid,-14.8dB,-15.0dB,na,na,,,,
2025-07-30 13:41:35.856507,PHY,0x4601,1,0,na,"[0,",0,0,1,400.1,+11.8dB,15.1us,"[0,",1,951.9,normal,0,valid,-14.8dB,-15.1dB,na,na,,,,
2025-07-30 13:41:35.860082,PHY,0x4601,2,,na,"[0,",,,11111,,+31.6dB,15.1us,"[0,",1,951.17,normal,0,valid,-12.0dB,-12.1dB,0.38us,-85.9Hz,,"[6,",,1
2025-07-30 13:41:35.860983,PHY,0x4601,1,0,na,"[0,",0,0,1,384.5,+11.6dB,15.8us,"[0,",1,951.18,normal,0,valid,-14.8dB,-15.1dB,na,na,,,,
2025-07-30 13:41:35.861468,PHY,0x4601,1,0,na,"[0,",0,0,1,404.6,+11.8dB,14.7us,"[0,",1,951.19,normal,0,valid,-14.8dB,-15.1dB,na,na,,,,
2025-07-30 13:41:35.865586,CSI,0x4601,2,,na,"[0,",,,1,,+28.2dB,15.3us,"[0,",1,952.8,normal,0,valid,-12.0dB,-12.1dB,0.38us,-74.6Hz,,"[6,",1111,1
2025-07-30 13:41:35.866534,PHY,0x4601,1,0,na,"[0,",0,0,1,328.5,+10.9dB,23.9us,"[0,",1,952.9,normal,0,valid,-14.8dB,-15.1dB,na,na,,,,
2025-07-30 13:41:35.870082,PHY,0x4601,2,,na,"[0,",,,11111,,+28.3dB,14.9us,"[0,",1,952.17,normal,0,valid,-12.0dB,-12.1dB,0.37us,-37.5Hz,,"[6,",,1
2025-07-30 13:41:35.871013,PHY,0x4601,1,0,na,"[0,",0,0,1,411.4,+11.9dB,16.2us,"[0,",1,952.18,normal,0,valid,-14.7dB,-15.0dB,na,na,,,,
2025-07-30 13:41:35.871514,PHY,0x4601,1,0,na,"[0,",0,0,1,403.1,+11.8dB,14.1us,"[0,",1,952.19,normal,0,valid,-14.7dB,-15.0dB,na,na,,,,
2025-07-30 13:41:35.876006,PHY,0x4601,1,0,na,"[0,",0,0,1,386.8,+11.6dB,18.2us,"[0,",1,953.8,normal,0,valid,-14.7dB,-15.0dB,na,na,,,,
2025-07-30 13:41:35.876468,PHY,0x4601,1,0,na,"[0,",0,0,1,399.7,+11.7dB,16.6us,"[0,",1,953.9,normal,0,valid,-14.7dB,-15.0dB,na,na,,,,
2025-07-30 13:41:35.880105,PHY,0x4601,2,,na,"[0,",,,11111,,+30.8dB,16.3us,"[0,",1,953.17,normal,0,valid,-11.9dB,-12.0dB,0.37us,+23.6Hz,,"[6,",,1
2025-07-30 13:41:35.880958,PHY,0x4601,1,0,na,"[0,",0,0,1,327.5,+10.9dB,16.4us,"[0,",1,953.18,normal,0,valid,-14.7dB,-15.1dB,na,na,,,,
2025-07-30 13:41:35.881518,PHY,0x4601,1,0,na,"[0,",0,0,1,338.9,+11.1dB,14.9us,"[0,",1,953.19,normal,0,valid,-14.7dB,-15.1dB,na,na,,,,
2025-07-30 13:41:35.885655,CSI,0x4601,2,,na,"[0,",,,1,,+30.1dB,12.4us,"[0,",1,954.8,normal,0,valid,-12.0dB,-12.1dB,0.39us,+24.3Hz,,"[6,",1111,1
2025-07-30 13:41:35.886493,PHY,0x4601,1,0,na,"[0,",0,0,1,391.6,+11.7dB,16.0us,"[0,",1,954.9,normal,0,valid,-14.7dB,-15.0dB,na,na,,,,
2025-07-30 13:41:35.890024,PHY,0x4601,2,,na,"[0,",,,11111,,+31.3dB,14.2us,"[0,",1,954.17,normal,0,valid,-11.8dB,-11.9dB,0.38us,+65.2Hz,,"[6,",,1
2025-07-30 13:41:35.890991,PHY,0x4601,1,0,na,"[0,",0,0,1,337.7,+11.0dB,16.6us,"[0,",1,954.18,normal,0,valid,-14.8dB,-15.1dB,na,na,,,,
2025-07-30 13:41:35.891453,PHY,0x4601,1,0,na,"[0,",0,0,1,354.2,+11.2dB,16.8us,"[0,",1,954.19,normal,0,valid,-14.8dB,-15.1dB,na,na,,,,
2025-07-30 13:41:35.896065,PHY,0x4601,1,0,na,"[0,",0,0,1,402.7,+11.8dB,17.7us,"[0,",1,955.8,normal,0,valid,-14.8dB,-15.0dB,na,na,,,,
2025-07-30 13:41:35.896523,PHY,0x4601,1,0,na,"[0,",0,0,1,422.0,+12.0dB,17.9us,"[0,",1,955.9,normal,0,valid,-14.8dB,-15.0dB,na,na,,,,
2025-07-30 13:41:35.900074,PHY,0x4601,2,,na,"[0,",,,11111,,+29.8dB,28.3us,"[0,",1,955.17,normal,0,valid,-12.0dB,-12.1dB,0.37us,-10.4Hz,,"[6,",,1
2025-07-30 13:41:35.901002,PHY,0x4601,1,0,na,"[0,",0,0,1,396.5,+11.7dB,17.7us,"[0,",1,955.18,normal,0,valid,-14.7dB,-15.0dB,na,na,,,,
2025-07-30 13:41:35.901490,PHY,0x4601,1,0,na,"[0,",0,0,1,385.1,+11.6dB,13.9us,"[0,",1,955.19,normal,0,valid,-14.7dB,-15.0dB,na,na,,,,
2025-07-30 13:41:35.905616,CSI,0x4601,2,,na,"[0,",,,1,,+28.5dB,17.6us,"[0,",1,956.8,normal,0,valid,-11.9dB,-12.0dB,0.38us,-85.8Hz,,"[6,",1111,1
2025-07-30 13:41:35.906452,PHY,0x4601,1,0,na,"[0,",0,0,1,406.5,+11.9dB,20.8us,"[0,",1,956.9,normal,0,valid,-14.7dB,-15.0dB,na,na,,,,
2025-07-30 13:41:35.910100,PHY,0x4601,2,,na,"[0,",,,11111,,+32.4dB,16.3us,"[0,",1,956.17,normal,0,valid,-12.0dB,-12.1dB,0.36us,-18.2Hz,,"[6,",,1
2025-07-30 13:41:35.911076,PHY,0x4601,1,0,na,"[0,",0,0,1,412.3,+11.9dB,15.9us,"[0,",1,956.18,normal,0,valid,-14.8dB,-15.1dB,na,na,,,,
2025-07-30 13:41:35.911506,PHY,0x4601,1,0,na,"[0,",0,0,1,415.2,+11.9dB,13.9us,"[0,",1,956.19,normal,0,valid,-14.8dB,-15.1dB,na,na,,,,
2025-07-30 13:41:35.915998,PHY,0x4601,1,0,na,"[0,",0,0,1,399.5,+11.8dB,17.6us,"[0,",1,957.8,normal,0,valid,-14.8dB,-15.0dB,na,na,,,,
2025-07-30 13:41:35.916496,PHY,0x4601,1,0,na,"[0,",0,0,1,418.2,+12.0dB,34.1us,"[0,",1,957.9,normal,0,valid,-14.8dB,-15.0dB,na,na,,,,
2025-07-30 13:41:35.920015,PHY,0x4601,2,,na,"[0,",,,11111,,+29.3dB,15.2us,"[0,",1,957.17,normal,0,valid,-11.9dB,-12.0dB,0.36us,-12.4Hz,,"[6,",,1
2025-07-30 13:41:35.920983,PHY,0x4601,1,0,na,"[0,",0,0,1,400.5,+11.8dB,16.0us,"[0,",1,957.18,normal,0,valid,-14.8dB,-15.1dB,na,na,,,,
2025-07-30 13:41:35.921539,PHY,0x4601,1,0,na,"[0,",0,0,1,398.0,+11.8dB,15.0us,"[0,",1,957.19,normal,0,valid,-14.7dB,-15.0dB,na,na,,,,
2025-07-30 13:41:35.925564,CSI,0x4601,2,,na,"[0,",,,1,,+32.1dB,14.1us,"[0,",1,958.8,normal,0,valid,-11.9dB,-12.0dB,0.40us,-12.8Hz,,"[6,",1111,1
2025-07-30 13:41:35.926496,PHY,0x4601,1,0,na,"[0,",0,0,1,398.6,+11.7dB,16.2us,"[0,",1,958.9,normal,0,valid,-14.8dB,-15.1dB,na,na,,,,
2025-07-30 13:41:35.930051,PHY,0x4601,2,,na,"[0,",,,11111,,+29.5dB,12.8us,"[0,",1,958.17,normal,0,valid,-12.0dB,-12.2dB,0.36us,+100.1Hz,,"[6,",,1
2025-07-30 13:41:35.930984,PHY,0x4601,1,0,na,"[0,",0,0,1,409.1,+11.9dB,15.3us,"[0,",1,958.18,normal,0,valid,-14.7dB,-15.0dB,na,na,,,,
2025-07-30 13:41:35.931481,PHY,0x4601,1,0,na,"[0,",0,0,1,400.6,+11.8dB,14.8us,"[0,",1,958.19,normal,0,valid,-14.8dB,-15.1dB,na,na,,,,
2025-07-30 13:41:35.935981,PHY,0x4601,1,0,na,"[0,",0,0,1,403.8,+11.8dB,18.3us,"[0,",1,959.8,normal,0,valid,-14.8dB,-15.0dB,na,na,,,,
2025-07-30 13:41:35.936547,PHY,0x4601,1,0,na,"[0,",0,0,1,397.4,+11.7dB,17.6us,"[0,",1,959.9,normal,0,valid,-14.8dB,-15.1dB,na,na,,,,
2025-07-30 13:41:35.940097,PHY,0x4601,2,,na,"[0,",,,11111,,+30.8dB,15.8us,"[0,",1,959.17,normal,0,valid,-11.8dB,-11.9dB,0.36us,+44.0Hz,,"[6,",,1
2025-07-30 13:41:35.941016,PHY,0x4601,1,0,na,"[0,",0,0,1,384.5,+11.6dB,16.6us,"[0,",1,959.18,normal,0,valid,-14.8dB,-15.0dB,na,na,,,,
2025-07-30 13:41:35.941489,PHY,0x4601,1,0,na,"[0,",0,0,1,393.0,+11.7dB,14.6us,"[0,",1,959.19,normal,0,valid,-14.7dB,-15.0dB,na,na,,,,
2025-07-30 13:41:35.945596,CSI,0x4601,2,,na,"[0,",,,1,,+31.8dB,14.8us,"[0,",1,960.8,normal,0,valid,-11.9dB,-12.0dB,0.38us,-45.5Hz,,"[6,",1111,1
2025-07-30 13:41:35.946476,PHY,0x4601,1,0,na,"[0,",0,0,1,393.2,+11.7dB,16.3us,"[0,",1,960.9,normal,0,valid,-14.8dB,-15.0dB,na,na,,,,
2025-07-30 13:41:35.950130,PHY,0x4601,2,,na,"[0,",,,11111,,+26.9dB,22.5us,"[0,",1,960.17,normal,0,valid,-12.0dB,-12.1dB,0.39us,+38.0Hz,,"[6,",,1
2025-07-30 13:41:35.950968,PHY,0x4601,1,0,na,"[0,",0,0,1,343.2,+11.1dB,22.5us,"[0,",1,960.18,normal,0,valid,-14.8dB,-15.1dB,na,na,,,,
2025-07-30 13:41:35.951525,PHY,0x4601,1,0,na,"[0,",0,0,1,325.0,+10.9dB,20.5us,"[0,",1,960.19,normal,0,valid,-14.7dB,-15.1dB,na,na,,,,
2025-07-30 13:41:35.956028,PHY,0x4601,1,0,na,"[0,",0,0,1,399.2,+11.8dB,23.9us,"[0,",1,961.8,normal,0,valid,-14.7dB,-15.0dB,na,na,,,,
2025-07-30 13:41:35.956500,PHY,0x4601,1,0,na,"[0,",0,0,1,393.1,+11.7dB,15.3us,"[0,",1,961.9,normal,0,valid,-14.8dB,-15.1dB,na,na,,,,
2025-07-30 13:41:35.960042,PHY,0x4601,2,,na,"[0,",,,11111,,+30.5dB,15.8us,"[0,",1,961.17,normal,0,valid,-11.9dB,-12.0dB,0.36us,-29.8Hz,,"[6,",,1
2025-07-30 13:41:35.960976,PHY,0x4601,1,0,na,"[0,",0,0,1,342.2,+11.1dB,16.2us,"[0,",1,961.18,normal,0,valid,-14.7dB,-15.1dB,na,na,,,,
2025-07-30 13:41:35.961462,PHY,0x4601,1,0,na,"[0,",0,0,1,340.2,+11.1dB,14.2us,"[0,",1,961.19,normal,0,valid,-14.7dB,-15.1dB,na,na,,,,
2025-07-30 13:41:35.965606,CSI,0x4601,2,,na,"[0,",,,1,,+32.5dB,17.4us,"[0,",1,962.8,normal,0,valid,-12.0dB,-12.1dB,0.36us,+0.4Hz,,"[6,",1111,1
2025-07-30 13:41:35.966518,PHY,0x4601,1,0,na,"[0,",0,0,1,335.8,+11.0dB,17.1us,"[0,",1,962.9,normal,0,valid,-14.7dB,-15.0dB,na,na,,,,
2025-07-30 13:41:35.970077,PHY,0x4601,2,,na,"[0,",,,11111,,+28.6dB,14.1us,"[0,",1,962.17,normal,0,valid,-11.9dB,-12.0dB,0.38us,-15.1Hz,,"[6,",,1
2025-07-30 13:41:35.971018,PHY,0x4601,1,0,na,"[0,",0,0,1,395.3,+11.7dB,17.5us,"[0,",1,962.18,normal,0,valid,-14.7dB,-15.0dB,na,na,,,,
2025-07-30 13:41:35.971480,PHY,0x4601,1,0,na,"[0,",0,0,1,392.6,+11.6dB,15.1us,"[0,",1,962.19,normal,0,valid,-14.8dB,-15.1dB,na,na,,,,
2025-07-30 13:41:35.975972,PHY,0x4601,1,0,na,"[0,",0,0,1,407.1,+11.8dB,17.7us,"[0,",1,963.8,normal,0,valid,-14.7dB,-15.0dB,na,na,,,,
2025-07-30 13:41:35.976487,PHY,0x4601,1,0,na,"[0,",0,0,1,395.7,+11.7dB,25.9us,"[0,",1,963.9,normal,0,valid,-14.8dB,-15.0dB,na,na,,,,
2025-07-30 13:41:35.980129,PHY,0x4601,2,,na,"[0,",,,11111,,+30.6dB,15.8us,"[0,",1,963.17,normal,0,valid,-12.0dB,-12.1dB,0.38us,-61.2Hz,,"[6,",,1
2025-07-30 13:41:35.981045,PHY,0x4601,1,0,na,"[0,",0,0,1,384.5,+11.6dB,17.6us,"[0,",1,963.18,normal,0,valid,-14.8dB,-15.1dB,na,na,,,,
2025-07-30 13:41:35.981526,PHY,0x4601,1,0,na,"[0,",0,0,1,396.8,+11.7dB,15.1us,"[0,",1,963.19,normal,0,valid,-14.8dB,-15.0dB,na,na,,,,
2025-07-30 13:41:35.985610,CSI,0x4601,2,,na,"[0,",,,1,,+28.7dB,12.0us,"[0,",1,964.8,normal,0,valid,-12.0dB,-12.1dB,0.37us,-33.6Hz,,"[6,",1111,1
2025-07-30 13:41:35.986504,PHY,0x4601,1,0,na,"[0,",0,0,1,340.2,+11.1dB,23.4us,"[0,",1,964.9,normal,0,valid,-14.8dB,-15.1dB,na,na,,,,
2025-07-30 13:41:35.990024,PHY,0x4601,2,,na,"[0,",,,11111,,+29.3dB,15.4us,"[0,",1,964.17,normal,0,valid,-12.0dB,-12.1dB,0.36us,+9.0Hz,,"[6,",,1
2025-07-30 13:41:35.990965,PHY,0x4601,1,0,na,"[0,",0,0,1,337.8,+11.0dB,18.0us,"[0,",1,964.18,normal,0,valid,-14.7dB,-15.1dB,na,na,,,,
2025-07-30 13:41:35.991462,PHY,0x4601,1,0,na,"[0,",0,0,1,354.1,+11.2dB,14.7us,"[0,",1,964.19,normal,0,valid,-14.7dB,-15.1dB,na,na,,,,
2025-07-30 13:41:35.996038,PHY,0x4601,1,0,na,"[0,",0,0,1,399.8,+11.8dB,19.0us,"[0,",1,965.8,normal,0,valid,-14.7dB,-15.0dB,na,na,,,,
2025-07-30 13:41:35.996530,PHY,0x4601,1,0,na,"[0,",0,0,1,385.7,+11.6dB,17.0us,"[0,",1,965.9,normal,0,valid,-14.7dB,-15.0dB,na,na,,,,
2025-07-30 13:41:36.000074,PHY,0x4601,2,,na,"[0,",,,11111,,+32.1dB,28.8us,"[0,",1,965.17,normal,0,valid,-12.0dB,-12.1dB,0.39us,+160.4Hz,,"[6,",,1
2025-07-30 13:41:36.001006,PHY,0x4601,1,0,na,"[0,",0,0,1,330.8,+10.9dB,22.1us,"[0,",1,965.18,normal,0,valid,-14.7dB,-15.1dB,na,na,,,,
2025-07-30 13:41:36.001472,PHY,0x4601,1,0,na,"[0,",0,0,1,323.0,+10.9dB,15.1us,"[0,",1,965.19,normal,0,valid,-14.7dB,-15.1dB,na,na,,,,
2025-07-30 13:41:36.005637,CSI,0x4601,2,,na,"[0,",,,1,,+30.9dB,16.4us,"[0,",1,966.8,normal,0,valid,-11.8dB,-11.9dB,0.37us,-17.0Hz,,"[6,",1111,1
2025-07-30 13:41:36.006543,PHY,0x4601,1,0,na,"[0,",0,0,1,396.7,+11.7dB,16.8us,"[0,",1,966.9,normal,0,valid,-14.7dB,-15.1dB,na,na,,,,
2025-07-30 13:41:36.010135,PHY,0x4601,2,,na,"[0,",,,11111,,+28.0dB,18.0us,"[0,",1,966.17,normal,0,valid,-11.9dB,-12.0dB,0.37us,+78.8Hz,,"[6,",,1
2025-07-30 13:41:36.011040,PHY,0x4601,1,0,na,"[0,",0,0,1,401.8,+11.8dB,22.7us,"[0,",1,966.18,normal,0,valid,-14.8dB,-15.0dB,na,na,,,,
2025-07-30 13:41:36.011500,PHY,0x4601,1,0,na,"[0,",0,0,1,408.9,+11.9dB,14.0us,"[0,",1,966.19,normal,0,valid,-14.8dB,-15.0dB,na,na,,,,
2025-07-30 13:41:36.016009,PHY,0x4601,1,0,na,"[0,",0,0,1,407.2,+11.8dB,23.5us,"[0,",1,967.8,normal,0,valid,-14.8dB,-15.0dB,na,na,,,,
2025-07-30 13:41:36.016460,PHY,0x4601,1,0,na,"[0,",0,0,1,391.4,+11.7dB,15.5us,"[0,",1,967.9,normal,0,valid,-14.8dB,-15.0dB,na,na,,,,
2025-07-30 13:41:36.020121,PHY,0x4601,2,,na,"[0,",,,11111,,+30.3dB,19.7us,"[0,",1,967.17,normal,0,valid,-12.0dB,-12.2dB,0.37us,+22.1Hz,,"[6,",,1
2025-07-30 13:41:36.020957,PHY,0x4601,1,0,na,"[0,",0,0,1,330.3,+10.9dB,22.2us,"[0,",1,967.18,normal,0,valid,-14.8dB,-15.1dB,na,na,,,,
2025-07-30 13:41:36.021535,PHY,0x4601,1,0,na,"[0,",0,0,1,345.9,+11.1dB,14.5us,"[0,",1,967.19,normal,0,valid,-14.7dB,-15.1dB,na,na,,,,
2025-07-30 13:41:36.025587,CSI,0x4601,2,,na,"[0,",,,1,,+32.6dB,13.1us,"[0,",1,968.8,normal,0,valid,-11.9dB,-12.0dB,0.38us,-140.4Hz,,"[6,",1111,1
2025-07-30 13:41:36.026513,PHY,0x4601,1,0,na,"[0,",0,0,1,402.0,+11.8dB,17.2us,"[0,",1,968.9,normal,0,valid,-14.8dB,-15.0dB,na,na,,,,
2025-07-30 13:41:36.030040,PHY,0x4601,2,,na,"[0,",,,11111,,+31.7dB,15.7us,"[0,",1,968.17,normal,0,valid,-11.9dB,-12.0dB,0.36us,-39.3Hz,,"[6,",,1
2025-07-30 13:41:36.030992,PHY,0x4601,1,0,na,"[0,",0,0,1,336.6,+11.0dB,17.0us,"[0,",1,968.18,normal,0,valid,-14.7dB,-15.1dB,na,na,,,,
2025-07-30 13:41:36.031460,PHY,0x4601,1,0,na,"[0,",0,0,1,330.8,+11.0dB,15.8us,"[0,",1,968.19,normal,0,valid,-14.7dB,-15.1dB,na,na,,,,
2025-07-30 13:41:36.035955,PHY,0x4601,1,0,na,"[0,",0,0,1,398.1,+11.8dB,20.9us,"[0,",1,969.8,normal,0,valid,-14.8dB,-15.0dB,na,na,,,,
2025-07-30 13:41:36.036533,PHY,0x4601,1,0,na,"[0,",0,0,1,393.0,+11.7dB,14.8us,"[0,",1,969.9,normal,0,valid,-14.8dB,-15.0dB,na,na,,,,
2025-07-30 13:41:36.040099,PHY,0x4601,2,,na,"[0,",,,11111,,+31.7dB,14.9us,"[0,",1,969.17,normal,0,valid,-12.1dB,-12.2dB,0.35us,-15.5Hz,,"[6,",,1
2025-07-30 13:41:36.041019,PHY,0x4601,1,0,na,"[0,",0,0,1,392.6,+11.7dB,16.5us,"[0,",1,969.18,normal,0,valid,-14.7dB,-15.1dB,na,na,,,,
2025-07-30 13:41:36.041494,PHY,0x4601,1,0,na,"[0,",0,0,1,405.0,+11.8dB,14.2us,"[0,",1,969.19,normal,0,valid,-14.7dB,-15.0dB,na,na,,,,
2025-07-30 13:41:36.045617,CSI,0x4601,2,,na,"[0,",,,1,,+31.6dB,13.2us,"[0,",1,970.8,normal,0,valid,-11.9dB,-12.0dB,0.38us,+29.1Hz,,"[6,",1111,1
2025-07-30 13:41:36.046461,PHY,0x4601,1,0,na,"[0,",0,0,1,400.2,+11.8dB,15.9us,"[0,",1,970.9,normal,0,valid,-14.8dB,-15.0dB,na,na,,,,
2025-07-30 13:41:36.050105,PHY,0x4601,2,,na,"[0,",,,11111,,+30.5dB,15.2us,"[0,",1,970.17,normal,0,valid,-11.9dB,-12.1dB,0.40us,-40.0Hz,,"[6,",,1
2025-07-30 13:41:36.050944,PHY,0x4601,1,0,na,"[0,",0,0,1,414.8,+11.9dB,22.4us,"[0,",1,970.18,normal,0,valid,-14.7dB,-15.0dB,na,na,,,,
2025-07-30 13:41:36.051531,PHY,0x4601,1,0,na,"[0,",0,0,1,396.2,+11.7dB,16.5us,"[0,",1,970.19,normal,0,valid,-14.7dB,-15.0dB,na,na,,,,
2025-07-30 13:41:36.056028,PHY,0x4601,1,0,na,"[0,",0,0,1,409.9,+11.8dB,19.4us,"[0,",1,971.8,normal,0,valid,-14.8dB,-15.1dB,na,na,,,,
2025-07-30 13:41:36.056495,PHY,0x4601,1,0,na,"[0,",0,0,1,406.7,+11.8dB,26.8us,"[0,",1,971.9,normal,0,valid,-14.7dB,-15.0dB,na,na,,,,
2025-07-30 13:41:36.060028,PHY,0x4601,2,,na,"[0,",,,11111,,+30.1dB,17.7us,"[0,",1,971.17,normal,0,valid,-12.0dB,-12.1dB,0.37us,+73.9Hz,,"[6,",,1
2025-07-30 13:41:36.060973,PHY,0x4601,1,0,na,"[0,",0,0,1,346.1,+11.1dB,16.8us,"[0,",1,971.18,normal,0,valid,-14.8dB,-15.1dB,na,na,,,,
2025-07-30 13:41:36.061448,PHY,0x4601,1,0,na,"[0,",0,0,1,336.7,+11.0dB,14.2us,"[0,",1,971.19,normal,0,valid,-14.7dB,-15.1dB,na,na,,,,
2025-07-30 13:41:36.065607,CSI,0x4601,2,,na,"[0,",,,1,,+28.6dB,16.6us,"[0,",1,972.8,normal,0,valid,-11.9dB,-12.0dB,0.39us,+0.1Hz,,"[6,",1111,1
2025-07-30 13:41:36.066535,PHY,0x4601,1,0,na,"[0,",0,0,1,417.3,+12.0dB,20.1us,"[0,",1,972.9,normal,0,valid,-14.7dB,-15.0dB,na,na,,,,
2025-07-30 13:41:36.070084,PHY,0x4601,2,,na,"[0,",,,11111,,+34.5dB,16.0us,"[0,",1,972.17,normal,0,valid,-12.1dB,-12.2dB,0.36us,+11.4Hz,,"[6,",,1
2025-07-30 13:41:36.071011,PHY,0x4601,1,0,na,"[0,",0,0,1,385.7,+11.6dB,15.7us,"[0,",1,972.18,normal,0,valid,-14.8dB,-15.1dB,na,na,,,,
2025-07-30 13:41:36.071487,PHY,0x4601,1,0,na,"[0,",0,0,1,394.7,+11.7dB,17.9us,"[0,",1,972.19,normal,0,valid,-14.7dB,-15.0dB,na,na,,,,
2025-07-30 13:41:36.075968,PHY,0x4601,1,0,na,"[0,",0,0,1,396.1,+11.7dB,16.5us,"[0,",1,973.8,normal,0,valid,-14.8dB,-15.1dB,na,na,,,,
2025-07-30 13:41:36.076437,PHY,0x4601,1,0,na,"[0,",0,0,1,407.9,+11.8dB,14.5us,"[0,",1,973.9,normal,0,valid,-14.8dB,-15.1dB,na,na,,,,
2025-07-30 13:41:36.080093,PHY,0x4601,2,,na,"[0,",,,11111,,+30.6dB,17.2us,"[0,",1,973.17,normal,0,valid,-12.0dB,-12.1dB,0.36us,+73.0Hz,,"[6,",,1
2025-07-30 13:41:36.081041,PHY,0x4601,1,0,na,"[0,",0,0,1,405.1,+11.8dB,15.7us,"[0,",1,973.18,normal,0,valid,-14.7dB,-15.0dB,na,na,,,,
2025-07-30 13:41:36.081518,PHY,0x4601,1,0,na,"[0,",0,0,1,409.9,+11.9dB,15.0us,"[0,",1,973.19,normal,0,valid,-14.8dB,-15.1dB,na,na,,,,
2025-07-30 13:41:36.085595,CSI,0x4601,2,,na,"[0,",,,1,,+28.3dB,11.3us,"[0,",1,974.8,normal,0,valid,-12.0dB,-12.1dB,0.40us,-67.3Hz,,"[6,",1111,1
2025-07-30 13:41:36.086476,PHY,0x4601,1,0,na,"[0,",0,0,1,388.5,+11.6dB,16.7us,"[0,",1,974.9,normal,0,valid,-14.8dB,-15.1dB,na,na,,,,
2025-07-30 13:41:36.090010,PHY,0x4601,2,,na,"[0,",,,11111,,+31.6dB,15.1us,"[0,",1,974.17,normal,0,valid,-12.1dB,-12.2dB,0.39us,-7.7Hz,,"[6,",,1
2025-07-30 13:41:36.090967,PHY,0x4601,1,0,na,"[0,",0,0,1,398.6,+11.8dB,17.8us,"[0,",1,974.18,normal,0,valid,-14.8dB,-15.0dB,na,na,,,,
2025-07-30 13:41:36.091536,PHY,0x4601,1,0,na,"[0,",0,0,1,400.9,+11.8dB,14.1us,"[0,",1,974.19,normal,0,valid,-14.7dB,-15.0dB,na,na,,,,
2025-07-30 13:41:36.096033,PHY,0x4601,1,0,na,"[0,",0,0,1,396.1,+11.7dB,16.4us,"[0,",1,975.8,normal,0,valid,-14.8dB,-15.1dB,na,na,,,,
2025-07-30 13:41:36.096522,PHY,0x4601,1,0,na,"[0,",0,0,1,397.2,+11.7dB,18.7us,"[0,",1,975.9,normal,0,valid,-14.8dB,-15.1dB,na,na,,,,
2025-07-30 13:41:36.100043,PHY,0x4601,2,,na,"[0,",,,11111,,+29.3dB,14.3us,"[0,",1,975.17,normal,0,valid,-12.0dB,-12.1dB,0.37us,-4.3Hz,,"[6,",,1
2025-07-30 13:41:36.101005,PHY,0x4601,1,0,na,"[0,",0,0,1,399.1,+11.8dB,20.9us,"[0,",1,975.18,normal,0,valid,-14.8dB,-15.1dB,na,na,,,,
2025-07-30 13:41:36.101469,PHY,0x4601,1,0,na,"[0,",0,0,1,396.2,+11.7dB,14.3us,"[0,",1,975.19,normal,0,valid,-14.7dB,-15.0dB,na,na,,,,
2025-07-30 13:41:36.105593,CSI,0x4601,2,,na,"[0,",,,1,,+31.9dB,15.8us,"[0,",1,976.8,normal,0,valid,-11.8dB,-12.0dB,0.39us,-81.4Hz,,"[6,",1111,1
2025-07-30 13:41:36.106543,PHY,0x4601,1,0,na,"[0,",0,0,1,334.3,+11.0dB,26.6us,"[0,",1,976.9,normal,0,valid,-14.8dB,-15.1dB,na,na,,,,
2025-07-30 13:41:36.110082,PHY,0x4601,2,,na,"[0,",,,11111,,+30.2dB,15.3us,"[0,",1,976.17,normal,0,valid,-11.9dB,-12.1dB,0.37us,-49.4Hz,,"[6,",,1
2025-07-30 13:41:36.111023,PHY,0x4601,1,0,na,"[0,",0,0,1,345.0,+11.1dB,16.7us,"[0,",1,976.18,normal,0,valid,-14.8dB,-15.1dB,na,na,,,,
2025-07-30 13:41:36.111500,PHY,0x4601,1,0,na,"[0,",0,0,1,326.9,+10.9dB,14.5us,"[0,",1,976.19,normal,0,valid,-14.8dB,-15.1dB,na,na,,,,
2025-07-30 13:41:36.116003,PHY,0x4601,1,0,na,"[0,",0,0,1,399.1,+11.7dB,16.3us,"[0,",1,977.8,normal,0,valid,-14.7dB,-15.0dB,na,na,,,,
2025-07-30 13:41:36.116458,PHY,0x4601,1,0,na,"[0,",0,0,1,400.5,+11.8dB,13.8us,"[0,",1,977.9,normal,0,valid,-14.8dB,-15.0dB,na,na,,,,
2025-07-30 13:41:36.120110,PHY,0x4601,2,,na,"[0,",,,11111,,+31.0dB,14.1us,"[0,",1,977.17,normal,0,valid,-11.8dB,-12.0dB,0.36us,+42.8Hz,,"[6,",,1
2025-07-30 13:41:36.120961,PHY,0x4601,1,0,na,"[0,",0,0,1,334.2,+11.0dB,15.4us,"[0,",1,977.18,normal,0,valid,-14.8dB,-15.1dB,na,na,,,,
2025-07-30 13:41:36.121525,PHY,0x4601,1,0,na,"[0,",0,0,1,330.6,+10.9dB,13.9us,"[0,",1,977.19,normal,0,valid,-14.8dB,-15.1dB,na,na,,,,
2025-07-30 13:41:36.125615,CSI,0x4601,2,,na,"[0,",,,1,,+30.8dB,11.8us,"[0,",1,978.8,normal,0,valid,-11.9dB,-12.1dB,0.40us,-3.9Hz,,"[6,",1111,1
2025-07-30 13:41:36.126505,PHY,0x4601,1,0,na,"[0,",0,0,1,334.8,+11.0dB,19.9us,"[0,",1,978.9,normal,0,valid,-14.7dB,-15.1dB,na,na,,,,
2025-07-30 13:41:36.130032,PHY,0x4601,2,,na,"[0,",,,11111,,+32.3dB,18.4us,"[0,",1,978.17,normal,0,valid,-12.0dB,-12.2dB,0.39us,-78.2Hz,,"[6,",,1
2025-07-30 13:41:36.130991,PHY,0x4601,1,0,na,"[0,",0,0,1,342.2,+11.1dB,16.1us,"[0,",1,978.18,normal,0,valid,-14.7dB,-15.1dB,na,na,,,,
2025-07-30 13:41:36.131462,PHY,0x4601,1,0,na,"[0,",0,0,1,340.5,+11.1dB,14.8us,"[0,",1,978.19,normal,0,valid,-14.7dB,-15.1dB,na,na,,,,
2025-07-30 13:41:36.135946,PHY,0x4601,1,0,na,"[0,",0,0,1,404.2,+11.8dB,16.9us,"[0,",1,979.8,normal,0,valid,-14.7dB,-15.0dB,na,na,,,,
2025-07-30 13:41:36.136526,PHY,0x4601,1,0,na,"[0,",0,0,1,395.6,+11.7dB,14.3us,"[0,",1,979.9,normal,0,valid,-14.8dB,-15.0dB,na,na,,,,
2025-07-30 13:41:36.140080,PHY,0x4601,2,,na,"[0,",,,11111,,+29.1dB,15.3us,"[0,",1,979.17,normal,0,valid,-11.9dB,-12.1dB,0.38us,+32.7Hz,,"[6,",,1
2025-07-30 13:41:36.141006,PHY,0x4601,1,0,na,"[0,",0,0,1,408.3,+11.8dB,16.4us,"[0,",1,979.18,normal,0,valid,-14.7dB,-15.0dB,na,na,,,,
2025-07-30 13:41:36.141492,PHY,0x4601,1,0,na,"[0,",0,0,1,396.2,+11.7dB,14.4us,"[0,",1,979.19,normal,0,valid,-14.8dB,-15.0dB,na,na,,,,
2025-07-30 13:41:36.145636,CSI,0x4601,2,,na,"[0,",,,1,,+28.8dB,15.4us,"[0,",1,980.8,normal,0,valid,-11.9dB,-12.1dB,0.39us,+29.6Hz,,"[6,",1111,1
2025-07-30 13:41:36.146449,PHY,0x4601,1,0,na,"[0,",0,0,1,336.2,+11.0dB,16.2us,"[0,",1,980.9,normal,0,valid,-14.8dB,-15.1dB,na,na,,,,
2025-07-30 13:41:36.150108,PHY,0x4601,2,,na,"[0,",,,11111,,+26.7dB,17.6us,"[0,",1,980.17,normal,0,valid,-12.0dB,-12.1dB,0.36us,-18.7Hz,,"[6,",,1
2025-07-30 13:41:36.151045,PHY,0x4601,1,0,na,"[0,",0,0,1,403.6,+11.8dB,20.9us,"[0,",1,980.18,normal,0,valid,-14.7dB,-15.0dB,na,na,,,,
2025-07-30 13:41:36.151517,PHY,0x4601,1,0,na,"[0,",0,0,1,390.3,+11.7dB,16.8us,"[0,",1,980.19,normal,0,valid,-14.8dB,-15.1dB,na,na,,,,
2025-07-30 13:41:36.156008,PHY,0x4601,1,0,na,"[0,",0,0,1,410.9,+11.9dB,23.8us,"[0,",1,981.8,normal,0,valid,-14.7dB,-15.0dB,na,na,,,,
2025-07-30 13:41:36.156507,PHY,0x4601,1,0,na,"[0,",0,0,1,396.0,+11.7dB,14.3us,"[0,",1,981.9,normal,0,valid,-14.8dB,-15.0dB,na,na,,,,
2025-07-30 13:41:36.160017,PHY,0x4601,2,,na,"[0,",,,11111,,+29.4dB,14.5us,"[0,",1,981.17,normal,0,valid,-12.0dB,-12.1dB,0.38us,+158.1Hz,,"[6,",,1
2025-07-30 13:41:36.160989,PHY,0x4601,1,0,na,"[0,",0,0,1,327.1,+10.9dB,18.6us,"[0,",1,981.18,normal,0,valid,-14.8dB,-15.1dB,na,na,,,,
2025-07-30 13:41:36.161448,PHY,0x4601,1,0,na,"[0,",0,0,1,332.6,+10.9dB,14.1us,"[0,",1,981.19,normal,0,valid,-14.8dB,-15.1dB,na,na,,,,
2025-07-30 13:41:36.165587,CSI,0x4601,2,,na,"[0,",,,1,,+31.1dB,14.4us,"[0,",1,982.8,normal,0,valid,-11.9dB,-12.0dB,0.39us,-39.5Hz,,"[6,",1111,1
2025-07-30 13:41:36.166514,PHY,0x4601,1,0,na,"[0,",0,0,1,327.4,+10.9dB,16.2us,"[0,",1,982.9,normal,0,valid,-14.8dB,-15.1dB,na,na,,,,
2025-07-30 13:41:36.170072,PHY,0x4601,2,,na,"[0,",,,11111,,+29.8dB,23.1us,"[0,",1,982.17,normal,0,valid,-11.9dB,-12.0dB,0.36us,+32.1Hz,,"[6,",,1
2025-07-30 13:41:36.170993,PHY,0x4601,1,0,na,"[0,",0,0,1,402.6,+11.8dB,16.8us,"[0,",1,982.18,normal,0,valid,-14.8dB,-15.1dB,na,na,,,,
2025-07-30 13:41:36.171495,PHY,0x4601,1,0,na,"[0,",0,0,1,409.8,+11.9dB,16.4us,"[0,",1,982.19,normal,0,valid,-14.8dB,-15.0dB,na,na,,,,
2025-07-30 13:41:36.175992,PHY,0x4601,1,0,na,"[0,",0,0,1,398.8,+11.7dB,19.6us,"[0,",1,983.8,normal,0,valid,-14.8dB,-15.0dB,na,na,,,,
2025-07-30 13:41:36.176538,PHY,0x4601,1,0,na,"[0,",0,0,1,394.5,+11.7dB,15.1us,"[0,",1,983.9,normal,0,valid,-14.8dB,-15.1dB,na,na,,,,
2025-07-30 13:41:36.180108,PHY,0x4601,2,,na,"[0,",,,11111,,+29.6dB,18.1us,"[0,",1,983.17,normal,0,valid,-12.0dB,-12.1dB,0.39us,-14.4Hz,,"[6,",,1
2025-07-30 13:41:36.181026,PHY,0x4601,1,0,na,"[0,",0,0,1,341.4,+11.1dB,16.7us,"[0,",1,983.18,normal,0,valid,-14.8dB,-15.1dB,na,na,,,,
2025-07-30 13:41:36.181500,PHY,0x4601,1,0,na,"[0,",0,0,1,324.7,+10.9dB,16.2us,"[0,",1,983.19,normal,0,valid,-14.7dB,-15.1dB,na,na,,,,
2025-07-30 13:41:36.185594,CSI,0x4601,2,,na,"[0,",,,1,,+30.5dB,12.1us,"[0,",1,984.8,normal,0,valid,-11.9dB,-12.0dB,0.39us,+47.6Hz,,"[6,",1111,1
2025-07-30 13:41:36.186483,PHY,0x4601,1,0,na,"[0,",0,0,1,332.8,+11.0dB,15.6us,"[0,",1,984.9,normal,0,valid,-14.8dB,-15.1dB,na,na,,,,
2025-07-30 13:41:36.190135,PHY,0x4601,2,,na,"[0,",,,11111,,+30.1dB,16.7us,"[0,",1,984.17,normal,0,valid,-11.9dB,-12.0dB,0.40us,-14.3Hz,,"[6,",,1
2025-07-30 13:41:36.190968,PHY,0x4601,1,0,na,"[0,",0,0,1,341.7,+11.1dB,16.1us,"[0,",1,984.18,normal,0,valid,-14.8dB,-15.1dB,na,na,,,,
2025-07-30 13:41:36.191529,PHY,0x4601,1,0,na,"[0,",0,0,1,331.5,+10.9dB,14.9us,"[0,",1,984.19,normal,0,valid,-14.8dB,-15.1dB,na,na,,,,
2025-07-30 13:41:36.196038,PHY,0x4601,1,0,na,"[0,",0,0,1,385.9,+11.6dB,21.3us,"[0,",1,985.8,normal,0,valid,-14.7dB,-15.0dB,na,na,,,,
2025-07-30 13:41:36.196515,PHY,0x4601,1,0,na,"[0,",0,0,1,395.9,+11.7dB,15.3us,"[0,",1,985.9,normal,0,valid,-14.7dB,-15.0dB,na,na,,,,
2025-07-30 13:41:36.200043,PHY,0x4601,2,,na,"[0,",,,11111,,+30.9dB,15.4us,"[0,",1,985.17,normal,0,valid,-11.8dB,-11.9dB,0.39us,+5.9Hz,,"[6,",,1
2025-07-30 13:41:36.200979,PHY,0x4601,1,0,na,"[0,",0,0,1,403.1,+11.8dB,15.9us,"[0,",1,985.18,normal,0,valid,-14.7dB,-15.0dB,na,na,,,,
2025-07-30 13:41:36.201480,PHY,0x4601,1,0,na,"[0,",0,0,1,393.1,+11.7dB,17.8us,"[0,",1,985.19,normal,0,valid,-14.7dB,-15.0dB,na,na,,,,
2025-07-30 13:41:36.205602,CSI,0x4601,2,,na,"[0,",,,1,,+27.8dB,15.8us,"[0,",1,986.8,normal,0,valid,-11.9dB,-12.0dB,0.38us,-80.4Hz,,"[6,",1111,1
2025-07-30 13:41:36.206523,PHY,0x4601,1,0,na,"[0,",0,0,1,389.4,+11.6dB,15.7us,"[0,",1,986.9,normal,0,valid,-14.8dB,-15.1dB,na,na,,,,
2025-07-30 13:41:36.210084,PHY,0x4601,2,,na,"[0,",,,11111,,+29.2dB,13.8us,"[0,",1,986.17,normal,0,valid,-11.9dB,-12.0dB,0.38us,+38.3Hz,,"[6,",,1
2025-07-30 13:41:36.211012,PHY,0x4601,1,0,na,"[0,",0,0,1,345.0,+11.1dB,16.3us,"[0,",1,986.18,normal,0,valid,-14.8dB,-15.1dB,na,na,,,,
2025-07-30 13:41:36.211482,PHY,0x4601,1,0,na,"[0,",0,0,1,327.8,+10.9dB,14.0us,"[0,",1,986.19,normal,0,valid,-14.7dB,-15.1dB,na,na,,,,
2025-07-30 13:41:36.215990,PHY,0x4601,1,0,na,"[0,",0,0,1,399.6,+11.8dB,18.2us,"[0,",1,987.8,normal,0,valid,-14.8dB,-15.0dB,na,na,,,,
2025-07-30 13:41:36.216491,PHY,0x4601,1,0,na,"[0,",0,0,1,387.7,+11.6dB,32.5us,"[0,",1,987.9,normal,0,valid,-14.8dB,-15.1dB,na,na,,,,
2025-07-30 13:41:36.220130,PHY,0x4601,2,,na,"[0,",,,11111,,+29.7dB,15.8us,"[0,",1,987.17,normal,0,valid,-11.8dB,-12.0dB,0.39us,+12.3Hz,,"[6,",,1
2025-07-30 13:41:36.220963,PHY,0x4601,1,0,na,"[0,",0,0,1,377.5,+11.5dB,16.2us,"[0,",1,987.18,normal,0,valid,-14.8dB,-15.0dB,na,na,,,,
2025-07-30 13:41:36.221515,PHY,0x4601,1,0,na,"[0,",0,0,1,379.5,+11.5dB,14.4us,"[0,",1,987.19,normal,0,valid,-14.7dB,-15.0dB,na,na,,,,
2025-07-30 13:41:36.225618,CSI,0x4601,2,,na,"[0,",,,1,,+30.0dB,15.4us,"[0,",1,988.8,normal,0,valid,-11.8dB,-12.0dB,0.41us,-124.6Hz,,"[6,",1111,1
2025-07-30 13:41:36.226477,PHY,0x4601,1,0,na,"[0,",0,0,1,389.8,+11.7dB,15.7us,"[0,",1,988.9,normal,0,valid,-14.7dB,-15.0dB,na,na,,,,
2025-07-30 13:41:36.230033,PHY,0x4601,2,,na,"[0,",,,11111,,+29.1dB,13.8us,"[0,",1,988.17,normal,0,valid,-11.8dB,-11.9dB,0.38us,+67.5Hz,,"[6,",,1
2025-07-30 13:41:36.230968,PHY,0x4601,1,0,na,"[0,",0,0,1,400.9,+11.8dB,15.8us,"[0,",1,988.18,normal,0,valid,-14.7dB,-15.0dB,na,na,,,,
2025-07-30 13:41:36.231465,PHY,0x4601,1,0,na,"[0,",0,0,1,403.4,+11.8dB,14.3us,"[0,",1,988.19,normal,0,valid,-14.8dB,-15.0dB,na,na,,,,
2025-07-30 13:41:36.236057,PHY,0x4601,1,0,na,"[0,",0,0,1,386.9,+11.6dB,27.1us,"[0,",1,989.8,normal,0,valid,-14.8dB,-15.1dB,na,na,,,,
2025-07-30 13:41:36.236528,PHY,0x4601,1,0,na,"[0,",0,0,1,390.5,+11.7dB,17.2us,"[0,",1,989.9,normal,0,valid,-14.8dB,-15.0dB,na,na,,,,
2025-07-30 13:41:36.240065,PHY,0x4601,2,,na,"[0,",,,11111,,+27.3dB,17.7us,"[0,",1,989.17,normal,0,valid,-11.9dB,-12.1dB,0.37us,+116.4Hz,,"[6,",,1
2025-07-30 13:41:36.241000,PHY,0x4601,1,0,na,"[0,",0,0,1,330.3,+10.9dB,16.3us,"[0,",1,989.18,normal,0,valid,-14.8dB,-15.1dB,na,na,,,,
2025-07-30 13:41:36.241477,PHY,0x4601,1,0,na,"[0,",0,0,1,336.2,+11.0dB,14.7us,"[0,",1,989.19,normal,0,valid,-14.8dB,-15.1dB,na,na,,,,
2025-07-30 13:41:36.245638,CSI,0x4601,2,,na,"[0,",,,1,,+29.4dB,16.3us,"[0,",1,990.8,normal,0,valid,-11.9dB,-12.1dB,0.40us,+44.0Hz,,"[6,",1111,1
2025-07-30 13:41:36.246457,PHY,0x4601,1,0,na,"[0,",0,0,1,408.9,+11.9dB,15.5us,"[0,",1,990.9,normal,0,valid,-14.8dB,-15.0dB,na,na,,,,
2025-07-30 13:41:36.250126,PHY,0x4601,2,,na,"[0,",,,11111,,+30.1dB,14.1us,"[0,",1,990.17,normal,0,valid,-12.0dB,-12.1dB,0.38us,+9.9Hz,,"[6,",,1
2025-07-30 13:41:36.251044,PHY,0x4601,1,0,na,"[0,",0,0,1,414.0,+11.9dB,17.4us,"[0,",1,990.18,normal,0,valid,-14.8dB,-15.1dB,na,na,,,,
2025-07-30 13:41:36.251519,PHY,0x4601,1,0,na,"[0,",0,0,1,382.2,+11.5dB,15.2us,"[0,",1,990.19,normal,0,valid,-14.8dB,-15.1dB,na,na,,,,
2025-07-30 13:41:36.256010,PHY,0x4601,1,0,na,"[0,",0,0,1,397.2,+11.7dB,24.7us,"[0,",1,991.8,normal,0,valid,-14.8dB,-15.0dB,na,na,,,,
2025-07-30 13:41:36.256484,PHY,0x4601,1,0,na,"[0,",0,0,1,398.3,+11.8dB,29.2us,"[0,",1,991.9,normal,0,valid,-14.8dB,-15.0dB,na,na,,,,
2025-07-30 13:41:36.260014,PHY,0x4601,2,,na,"[0,",,,11111,,+29.8dB,14.7us,"[0,",1,991.17,normal,0,valid,-11.9dB,-12.0dB,0.35us,+65.2Hz,,"[6,",,1
2025-07-30 13:41:36.260961,PHY,0x4601,1,0,na,"[0,",0,0,1,383.8,+11.6dB,15.6us,"[0,",1,991.18,normal,0,valid,-14.8dB,-15.1dB,na,na,,,,
2025-07-30 13:41:36.261539,PHY,0x4601,1,0,na,"[0,",0,0,1,392.1,+11.7dB,14.1us,"[0,",1,991.19,normal,0,valid,-14.7dB,-15.0dB,na,na,,,,
2025-07-30 13:41:36.265590,CSI,0x4601,2,,na,"[0,",,,1,,+28.3dB,15.0us,"[0,",1,992.8,normal,0,valid,-12.0dB,-12.1dB,0.37us,-36.2Hz,,"[6,",1111,1
2025-07-30 13:41:36.266509,PHY,0x4601,1,0,na,"[0,",0,0,1,385.9,+11.6dB,25.9us,"[0,",1,992.9,normal,0,valid,-14.7dB,-15.1dB,na,na,,,,
2025-07-30 13:41:36.270047,PHY,0x4601,2,,na,"[0,",,,11111,,+29.7dB,13.9us,"[0,",1,992.17,normal,0,valid,-11.9dB,-12.1dB,0.38us,-71.1Hz,,"[6,",,1
2025-07-30 13:41:36.270992,PHY,0x4601,1,0,na,"[0,",0,0,1,404.2,+11.8dB,15.6us,"[0,",1,992.18,normal,0,valid,-14.8dB,-15.1dB,na,na,,,,
2025-07-30 13:41:36.271463,PHY,0x4601,1,0,na,"[0,",0,0,1,399.6,+11.7dB,13.8us,"[0,",1,992.19,normal,0,valid,-14.8dB,-15.1dB,na,na,,,,
2025-07-30 13:41:36.275962,PHY,0x4601,1,0,na,"[0,",0,0,1,391.8,+11.7dB,20.4us,"[0,",1,993.8,normal,0,valid,-14.7dB,-15.0dB,na,na,,,,
2025-07-30 13:41:36.276540,PHY,0x4601,1,0,na,"[0,",0,0,1,397.0,+11.7dB,14.7us,"[0,",1,993.9,normal,0,valid,-14.7dB,-15.0dB,na,na,,,,
2025-07-30 13:41:36.280104,PHY,0x4601,2,,na,"[0,",,,11111,,+30.1dB,17.8us,"[0,",1,993.17,normal,0,valid,-12.0dB,-12.1dB,0.40us,+113.8Hz,,"[6,",,1
2025-07-30 13:41:36.281024,PHY,0x4601,1,0,na,"[0,",0,0,1,400.4,+11.8dB,15.5us,"[0,",1,993.18,normal,0,valid,-14.7dB,-15.0dB,na,na,,,,
2025-07-30 13:41:36.281506,PHY,0x4601,1,0,na,"[0,",0,0,1,389.5,+11.7dB,14.8us,"[0,",1,993.19,normal,0,valid,-14.7dB,-15.0dB,na,na,,,,
2025-07-30 13:41:36.285615,CSI,0x4601,2,,na,"[0,",,,1,,+30.3dB,15.3us,"[0,",1,994.8,normal,0,valid,-12.0dB,-12.1dB,0.38us,-143.1Hz,,"[6,",1111,1
2025-07-30 13:41:36.286457,PHY,0x4601,1,0,na,"[0,",0,0,1,348.6,+11.2dB,15.9us,"[0,",1,994.9,normal,0,valid,-14.8dB,-15.1dB,na,na,,,,
2025-07-30 13:41:36.290124,PHY,0x4601,2,,na,"[0,",,,11111,,+29.2dB,16.3us,"[0,",1,994.17,normal,0,valid,-12.0dB,-12.2dB,0.40us,+52.5Hz,,"[6,",,1
2025-07-30 13:41:36.290951,PHY,0x4601,1,0,na,"[0,",0,0,1,332.9,+11.0dB,17.9us,"[0,",1,994.18,normal,0,valid,-14.8dB,-15.1dB,na,na,,,,
2025-07-30 13:41:36.291538,PHY,0x4601,1,0,na,"[0,",0,0,1,329.9,+10.9dB,13.6us,"[0,",1,994.19,normal,0,valid,-14.8dB,-15.1dB,na,na,,,,
2025-07-30 13:41:36.296023,PHY,0x4601,1,0,na,"[0,",0,0,1,398.9,+11.7dB,16.9us,"[0,",1,995.8,normal,0,valid,-14.7dB,-15.0dB,na,na,,,,
2025-07-30 13:41:36.296504,PHY,0x4601,1,0,na,"[0,",0,0,1,394.6,+11.7dB,15.0us,"[0,",1,995.9,normal,0,valid,-14.8dB,-15.0dB,na,na,,,,
2025-07-30 13:41:36.300034,PHY,0x4601,2,,na,"[0,",,,11111,,+30.2dB,15.2us,"[0,",1,995.17,normal,0,valid,-11.9dB,-12.0dB,0.37us,-55.4Hz,,"[6,",,1
2025-07-30 13:41:36.300984,PHY,0x4601,1,0,na,"[0,",0,0,1,333.4,+11.0dB,16.0us,"[0,",1,995.18,normal,0,valid,-14.7dB,-15.1dB,na,na,,,,
2025-07-30 13:41:36.301451,PHY,0x4601,1,0,na,"[0,",0,0,1,333.0,+11.0dB,14.1us,"[0,",1,995.19,normal,0,valid,-14.8dB,-15.1dB,na,na,,,,
2025-07-30 13:41:36.305614,CSI,0x4601,2,,na,"[0,",,,1,,+28.0dB,15.0us,"[0,",1,996.8,normal,0,valid,-11.9dB,-12.0dB,0.37us,+9.2Hz,,"[6,",1111,1
2025-07-30 13:41:36.306530,PHY,0x4601,1,0,na,"[0,",0,0,1,328.6,+10.9dB,18.1us,"[0,",1,996.9,normal,0,valid,-14.8dB,-15.1dB,na,na,,,,
2025-07-30 13:41:36.310100,PHY,0x4601,2,,na,"[0,",,,11111,,+30.9dB,14.9us,"[0,",1,996.17,normal,0,valid,-11.9dB,-12.0dB,0.37us,-81.2Hz,,"[6,",,1
2025-07-30 13:41:36.311017,PHY,0x4601,1,0,na,"[0,",0,0,1,330.1,+10.9dB,17.0us,"[0,",1,996.18,normal,0,valid,-14.7dB,-15.1dB,na,na,,,,
2025-07-30 13:41:36.311491,PHY,0x4601,1,0,na,"[0,",0,0,1,331.3,+11.0dB,15.7us,"[0,",1,996.19,normal,0,valid,-14.8dB,-15.1dB,na,na,,,,
2025-07-30 13:41:36.315988,PHY,0x4601,1,0,na,"[0,",0,0,1,402.1,+11.8dB,16.7us,"[0,",1,997.8,normal,0,valid,-14.8dB,-15.1dB,na,na,,,,
2025-07-30 13:41:36.316449,PHY,0x4601,1,0,na,"[0,",0,0,1,400.2,+11.8dB,16.2us,"[0,",1,997.9,normal,0,valid,-14.8dB,-15.1dB,na,na,,,,
2025-07-30 13:41:36.320108,PHY,0x4601,2,,na,"[0,",,,11111,,+32.1dB,16.1us,"[0,",1,997.17,normal,0,valid,-12.0dB,-12.2dB,0.39us,+64.6Hz,,"[6,",,1
2025-07-30 13:41:36.321040,PHY,0x4601,1,0,na,"[0,",0,0,1,329.3,+10.9dB,15.3us,"[0,",1,997.18,normal,0,valid,-14.8dB,-15.1dB,na,na,,,,
2025-07-30 13:41:36.321521,PHY,0x4601,1,0,na,"[0,",0,0,1,344.9,+11.1dB,14.3us,"[0,",1,997.19,normal,0,valid,-14.8dB,-15.1dB,na,na,,,,
2025-07-30 13:41:36.325607,CSI,0x4601,2,,na,"[0,",,,1,,+31.2dB,11.7us,"[0,",1,998.8,normal,0,valid,-11.8dB,-11.9dB,0.36us,+1.3Hz,,"[6,",1111,1
2025-07-30 13:41:36.326487,PHY,0x4601,1,0,na,"[0,",0,0,1,385.3,+11.6dB,15.6us,"[0,",1,998.9,normal,0,valid,-14.8dB,-15.0dB,na,na,,,,
2025-07-30 13:41:36.330025,PHY,0x4601,2,,na,"[0,",,,11111,,+31.4dB,23.9us,"[0,",1,998.17,normal,0,valid,-12.0dB,-12.2dB,0.38us,+29.0Hz,,"[6,",,1
2025-07-30 13:41:36.330972,PHY,0x4601,1,0,na,"[0,",0,0,1,398.2,+11.7dB,16.7us,"[0,",1,998.18,normal,0,valid,-14.7dB,-15.0dB,na,na,,,,
2025-07-30 13:41:36.331438,PHY,0x4601,1,0,na,"[0,",0,0,1,403.4,+11.8dB,14.0us,"[0,",1,998.19,normal,0,valid,-14.8dB,-15.1dB,na,na,,,,
2025-07-30 13:41:36.336041,PHY,0x4601,1,0,na,"[0,",0,0,1,395.5,+11.7dB,16.5us,"[0,",1,999.8,normal,0,valid,-14.8dB,-15.0dB,na,na,,,,
2025-07-30 13:41:36.336534,PHY,0x4601,1,0,na,"[0,",0,0,1,395.0,+11.7dB,14.9us,"[0,",1,999.9,normal,0,valid,-14.8dB,-15.1dB,na,na,,,,
2025-07-30 13:41:36.340063,PHY,0x4601,2,,na,"[0,",,,11111,,+28.3dB,16.0us,"[0,",1,999.17,normal,0,valid,-12.1dB,-12.2dB,0.36us,-41.0Hz,,"[6,",,1
2025-07-30 13:41:36.341003,PHY,0x4601,1,0,na,"[0,",0,0,1,330.0,+10.9dB,17.0us,"[0,",1,999.18,normal,0,valid,-14.7dB,-15.1dB,na,na,,,,
2025-07-30 13:41:36.341482,PHY,0x4601,1,0,na,"[0,",0,0,1,327.8,+10.9dB,14.0us,"[0,",1,999.19,normal,0,valid,-14.8dB,-15.1dB,na,na,,,,
2025-07-30 13:41:36.345594,CSI,0x4601,2,,na,"[0,",,,1,,+32.9dB,12.6us,"[0,",1,1000.8,normal,0,valid,-11.9dB,-12.0dB,0.37us,+5.6Hz,,"[6,",1111,1
2025-07-30 13:41:36.346542,PHY,0x4601,1,0,na,"[0,",0,0,1,334.1,+11.0dB,16.2us,"[0,",1,1000.9,normal,0,valid,-14.8dB,-15.1dB,na,na,,,,
2025-07-30 13:41:36.350093,PHY,0x4601,2,,na,"[0,",,,11111,,+29.8dB,17.9us,"[0,",1,1000.17,normal,0,valid,-11.9dB,-12.1dB,0.39us,+44.0Hz,,"[6,",,1
2025-07-30 13:41:36.351031,PHY,0x4601,1,0,na,"[0,",0,0,1,405.0,+11.8dB,19.5us,"[0,",1,1000.18,normal,0,valid,-14.7dB,-15.0dB,na,na,,,,
2025-07-30 13:41:36.351506,PHY,0x4601,1,0,na,"[0,",0,0,1,388.9,+11.6dB,15.4us,"[0,",1,1000.19,normal,0,valid,-14.7dB,-15.0dB,na,na,,,,
2025-07-30 13:41:36.356002,PHY,0x4601,1,0,na,"[0,",0,0,1,385.1,+11.6dB,16.2us,"[0,",1,1001.8,normal,0,valid,-14.7dB,-15.0dB,na,na,,,,
2025-07-30 13:41:36.356464,PHY,0x4601,1,0,na,"[0,",0,0,1,385.7,+11.6dB,14.4us,"[0,",1,1001.9,normal,0,valid,-14.7dB,-15.0dB,na,na,,,,
2025-07-30 13:41:36.360120,PHY,0x4601,2,,na,"[0,",,,11111,,+28.9dB,16.0us,"[0,",1,1001.17,normal,0,valid,-12.0dB,-12.1dB,0.38us,-22.1Hz,,"[6,",,1
2025-07-30 13:41:36.360962,PHY,0x4601,1,0,na,"[0,",0,0,1,334.2,+11.0dB,25.7us,"[0,",1,1001.18,normal,0,valid,-14.7dB,-15.1dB,na,na,,,,
2025-07-30 13:41:36.361533,PHY,0x4601,1,0,na,"[0,",0,0,1,335.2,+11.0dB,14.2us,"[0,",1,1001.19,normal,0,valid,-14.7dB,-15.1dB,na,na,,,,
2025-07-30 13:41:36.365553,CSI,0x4601,2,,na,"[0,",,,1,,+33.1dB,15.0us,"[0,",1,1002.8,normal,0,valid,-11.8dB,-11.9dB,0.38us,-3.5Hz,,"[6,",1111,1
2025-07-30 13:41:36.366518,PHY,0x4601,1,0,na,"[0,",0,0,1,413.3,+11.9dB,16.3us,"[0,",1,1002.9,normal,0,valid,-14.8dB,-15.1dB,na,na,,,,
2025-07-30 13:41:36.370038,PHY,0x4601,2,,na,"[0,",,,11111,,+31.6dB,15.3us,"[0,",1,1002.17,normal,0,valid,-11.9dB,-12.0dB,0.37us,-22.1Hz,,"[6,",,1
2025-07-30 13:41:36.371001,PHY,0x4601,1,0,na,"[0,",0,0,1,383.6,+11.6dB,16.3us,"[0,",1,1002.18,normal,0,valid,-14.7dB,-15.0dB,na,na,,,,
2025-07-30 13:41:36.371465,PHY,0x4601,1,0,na,"[0,",0,0,1,392.7,+11.7dB,17.1us,"[0,",1,1002.19,normal,0,valid,-14.8dB,-15.0dB,na,na,,,,
2025-07-30 13:41:36.375956,PHY,0x4601,1,0,na,"[0,",0,0,1,391.7,+11.7dB,16.9us,"[0,",1,1003.8,normal,0,valid,-14.8dB,-15.0dB,na,na,,,,
2025-07-30 13:41:36.376529,PHY,0x4601,1,0,na,"[0,",0,0,1,403.9,+11.8dB,14.0us,"[0,",1,1003.9,normal,0,valid,-14.8dB,-15.1dB,na,na,,,,
2025-07-30 13:41:36.380075,PHY,0x4601,2,,na,"[0,",,,11111,,+30.6dB,15.0us,"[0,",1,1003.17,normal,0,valid,-11.9dB,-12.1dB,0.37us,-97.7Hz,,"[6,",,1
2025-07-30 13:41:36.381012,PHY,0x4601,1,0,na,"[0,",0,0,1,413.0,+11.9dB,15.6us,"[0,",1,1003.18,normal,0,valid,-14.7dB,-15.0dB,na,na,,,,
2025-07-30 13:41:36.381498,PHY,0x4601,1,0,na,"[0,",0,0,1,391.4,+11.7dB,15.2us,"[0,",1,1003.19,normal,0,valid,-14.8dB,-15.1dB,na,na,,,,
2025-07-30 13:41:36.385619,CSI,0x4601,2,,na,"[0,",,,1,,+28.4dB,13.7us,"[0,",1,1004.8,normal,0,valid,-12.0dB,-12.1dB,0.37us,-83.6Hz,,"[6,",1111,1
2025-07-30 13:41:36.386468,PHY,0x4601,1,0,na,"[0,",0,0,1,391.9,+11.7dB,19.3us,"[0,",1,1004.9,normal,0,valid,-14.8dB,-15.0dB,na,na,,,,
2025-07-30 13:41:36.390130,PHY,0x4601,2,,na,"[0,",,,11111,,+30.5dB,13.9us,"[0,",1,1004.17,normal,0,valid,-11.9dB,-12.1dB,0.37us,+36.5Hz,,"[6,",,1
2025-07-30 13:41:36.390959,PHY,0x4601,1,0,na,"[0,",0,0,1,393.2,+11.7dB,18.2us,"[0,",1,1004.18,normal,0,valid,-14.7dB,-15.0dB,na,na,,,,
2025-07-30 13:41:36.391513,PHY,0x4601,1,0,na,"[0,",0,0,1,381.5,+11.5dB,13.9us,"[0,",1,1004.19,normal,0,valid,-14.8dB,-15.1dB,na,na,,,,
2025-07-30 13:41:36.396009,PHY,0x4601,1,0,na,"[0,",0,0,1,380.7,+11.5dB,16.4us,"[0,",1,1005.8,normal,0,valid,-14.8dB,-15.1dB,na,na,,,,
2025-07-30 13:41:36.396500,PHY,0x4601,1,0,na,"[0,",0,0,1,387.2,+11.6dB,13.9us,"[0,",1,1005.9,normal,0,valid,-14.7dB,-15.0dB,na,na,,,,
2025-07-30 13:41:36.400040,PHY,0x4601,2,,na,"[0,",,,11111,,+30.3dB,25.7us,"[0,",1,1005.17,normal,0,valid,-11.9dB,-12.1dB,0.38us,-4.2Hz,,"[6,",,1
2025-07-30 13:41:36.400992,PHY,0x4601,1,0,na,"[0,",0,0,1,340.2,+11.1dB,16.2us,"[0,",1,1005.18,normal,0,valid,-14.8dB,-15.1dB,na,na,,,,
2025-07-30 13:41:36.401454,PHY,0x4601,1,0,na,"[0,",0,0,1,344.9,+11.1dB,16.3us,"[0,",1,1005.19,normal,0,valid,-14.7dB,-15.1dB,na,na,,,,
2025-07-30 13:41:36.405589,CSI,0x4601,2,,na,"[0,",,,1,,+30.0dB,14.6us,"[0,",1,1006.8,normal,0,valid,-11.9dB,-12.0dB,0.40us,-74.0Hz,,"[6,",1111,1
2025-07-30 13:41:36.406513,PHY,0x4601,1,0,na,"[0,",0,0,1,392.8,+11.7dB,16.2us,"[0,",1,1006.9,normal,0,valid,-14.8dB,-15.0dB,na,na,,,,
2025-07-30 13:41:36.410066,PHY,0x4601,2,,na,"[0,",,,11111,,+29.6dB,16.3us,"[0,",1,1006.17,normal,0,valid,-12.0dB,-12.1dB,0.38us,-66.0Hz,,"[6,",,1
2025-07-30 13:41:36.411001,PHY,0x4601,1,0,na,"[0,",0,0,1,408.7,+11.9dB,16.1us,"[0,",1,1006.18,normal,0,valid,-14.7dB,-15.0dB,na,na,,,,
2025-07-30 13:41:36.411495,PHY,0x4601,1,0,na,"[0,",0,0,1,399.4,+11.8dB,13.8us,"[0,",1,1006.19,normal,0,valid,-14.8dB,-15.0dB,na,na,,,,
2025-07-30 13:41:36.415997,PHY,0x4601,1,0,na,"[0,",0,0,1,401.5,+11.8dB,18.3us,"[0,",1,1007.8,normal,0,valid,-14.8dB,-15.0dB,na,na,,,,
2025-07-30 13:41:36.416462,PHY,0x4601,1,0,na,"[0,",0,0,1,375.7,+11.5dB,16.5us,"[0,",1,1007.9,normal,0,valid,-14.8dB,-15.0dB,na,na,,,,
2025-07-30 13:41:36.420092,PHY,0x4601,2,,na,"[0,",,,11111,,+29.2dB,15.3us,"[0,",1,1007.17,normal,0,valid,-11.8dB,-11.9dB,0.38us,+2.8Hz,,"[6,",,1
2025-07-30 13:41:36.421040,PHY,0x4601,1,0,na,"[0,",0,0,1,340.0,+11.0dB,15.7us,"[0,",1,1007.18,normal,0,valid,-14.8dB,-15.1dB,na,na,,,,
2025-07-30 13:41:36.421499,PHY,0x4601,1,0,na,"[0,",0,0,1,327.0,+10.9dB,14.1us,"[0,",1,1007.19,normal,0,valid,-14.8dB,-15.0dB,na,na,,,,
2025-07-30 13:41:36.425609,CSI,0x4601,2,,na,"[0,",,,1,,+31.3dB,14.2us,"[0,",1,1008.8,normal,0,valid,-11.9dB,-12.0dB,0.39us,+11.2Hz,,"[6,",1111,1
2025-07-30 13:41:36.426502,PHY,0x4601,1,0,na,"[0,",0,0,1,320.1,+10.8dB,19.9us,"[0,",1,1008.9,normal,0,valid,-14.8dB,-15.1dB,na,na,,,,
2025-07-30 13:41:36.430011,PHY,0x4601,2,,na,"[0,",,,11111,,+28.8dB,15.3us,"[0,",1,1008.17,normal,0,valid,-12.0dB,-12.1dB,0.37us,-67.5Hz,,"[6,",,1
2025-07-30 13:41:36.430977,PHY,0x4601,1,0,na,"[0,",0,0,1,339.2,+11.0dB,15.8us,"[0,",1,1008.18,normal,0,valid,-14.8dB,-15.1dB,na,na,,,,
2025-07-30 13:41:36.431540,PHY,0x4601,1,0,na,"[0,",0,0,1,333.6,+11.0dB,14.1us,"[0,",1,1008.19,normal,0,valid,-14.8dB,-15.1dB,na,na,,,,
2025-07-30 13:41:36.436025,PHY,0x4601,1,0,na,"[0,",0,0,1,393.5,+11.7dB,18.8us,"[0,",1,1009.8,normal,0,valid,-14.8dB,-15.0dB,na,na,,,,
2025-07-30 13:41:36.436524,PHY,0x4601,1,0,na,"[0,",0,0,1,391.3,+11.7dB,15.3us,"[0,",1,1009.9,normal,0,valid,-14.8dB,-15.0dB,na,na,,,,
2025-07-30 13:41:36.440063,PHY,0x4601,2,,na,"[0,",,,11111,,+33.2dB,17.2us,"[0,",1,1009.17,normal,0,valid,-11.8dB,-11.9dB,0.39us,-75.0Hz,,"[6,",,1
2025-07-30 13:41:36.440985,PHY,0x4601,1,0,na,"[0,",0,0,1,325.9,+10.9dB,15.6us,"[0,",1,1009.18,normal,0,valid,-14.8dB,-15.1dB,na,na,,,,
2025-07-30 13:41:36.441488,PHY,0x4601,1,0,na,"[0,",0,0,1,330.2,+10.9dB,13.9us,"[0,",1,1009.19,normal,0,valid,-14.8dB,-15.1dB,na,na,,,,
2025-07-30 13:41:36.445599,CSI,0x4601,2,,na,"[0,",,,1,,+31.1dB,12.5us,"[0,",1,1010.8,normal,0,valid,-11.9dB,-12.0dB,0.37us,-81.3Hz,,"[6,",1111,1
2025-07-30 13:41:36.446543,PHY,0x4601,1,0,na,"[0,",0,0,1,401.4,+11.8dB,16.3us,"[0,",1,1010.9,normal,0,valid,-14.8dB,-15.1dB,na,na,,,,
2025-07-30 13:41:36.450118,PHY,0x4601,2,,na,"[0,",,,11111,,+30.1dB,24.1us,"[0,",1,1010.17,normal,0,valid,-12.0dB,-12.2dB,0.37us,+45.6Hz,,"[6,",,1
2025-07-30 13:41:36.451018,PHY,0x4601,1,0,na,"[0,",0,0,1,413.5,+11.9dB,15.6us,"[0,",1,1010.18,normal,0,valid,-14.8dB,-15.0dB,na,na,,,,
2025-07-30 13:41:36.451490,PHY,0x4601,1,0,na,"[0,",0,0,1,396.9,+11.7dB,13.5us,"[0,",1,1010.19,normal,0,valid,-14.7dB,-15.0dB,na,na,,,,
2025-07-30 13:41:36.455987,PHY,0x4601,1,0,na,"[0,",0,0,1,387.6,+11.6dB,16.1us,"[0,",1,1011.8,normal,0,valid,-14.7dB,-15.0dB,na,na,,,,
2025-07-30 13:41:36.456487,PHY,0x4601,1,0,na,"[0,",0,0,1,387.0,+11.6dB,25.0us,"[0,",1,1011.9,normal,0,valid,-14.8dB,-15.1dB,na,na,,,,
2025-07-30 13:41:36.460132,PHY,0x4601,2,,na,"[0,",,,11111,,+29.9dB,15.9us,"[0,",1,1011.17,normal,0,valid,-12.0dB,-12.1dB,0.37us,+127.6Hz,,"[6,",,1
2025-07-30 13:41:36.460969,PHY,0x4601,1,0,na,"[0,",0,0,1,380.3,+11.5dB,18.0us,"[0,",1,1011.18,normal,0,valid,-14.7dB,-15.0dB,na,na,,,,
2025-07-30 13:41:36.461526,PHY,0x4601,1,0,na,"[0,",0,0,1,380.3,+11.5dB,15.0us,"[0,",1,1011.19,normal,0,valid,-14.7dB,-15.0dB,na,na,,,,
2025-07-30 13:41:36.465621,CSI,0x4601,2,,na,"[0,",,,1,,+31.9dB,13.6us,"[0,",1,1012.8,normal,0,valid,-11.8dB,-11.9dB,0.39us,+9.9Hz,,"[6,",1111,1
2025-07-30 13:41:36.466495,PHY,0x4601,1,0,na,"[0,",0,0,1,386.1,+11.6dB,16.2us,"[0,",1,1012.9,normal,0,valid,-14.8dB,-15.1dB,na,na,,,,
2025-07-30 13:41:36.470036,PHY,0x4601,2,,na,"[0,",,,11111,,+32.6dB,15.0us,"[0,",1,1012.17,normal,0,valid,-12.0dB,-12.1dB,0.36us,+60.7Hz,,"[6,",,1
2025-07-30 13:41:36.470975,PHY,0x4601,1,0,na,"[0,",0,0,1,398.9,+11.7dB,16.3us,"[0,",1,1012.18,normal,0,valid,-14.8dB,-15.0dB,na,na,,,,
2025-07-30 13:41:36.471467,PHY,0x4601,1,0,na,"[0,",0,0,1,379.2,+11.6dB,14.1us,"[0,",1,1012.19,normal,0,valid,-14.8dB,-15.0dB,na,na,,,,
2025-07-30 13:41:36.475972,PHY,0x4601,1,0,na,"[0,",0,0,1,416.9,+11.9dB,20.6us,"[0,",1,1013.8,normal,0,valid,-14.8dB,-15.1dB,na,na,,,,
2025-07-30 13:41:36.476528,PHY,0x4601,1,0,na,"[0,",0,0,1,385.1,+11.6dB,14.5us,"[0,",1,1013.9,normal,0,valid,-14.8dB,-15.0dB,na,na,,,,
2025-07-30 13:41:36.480089,PHY,0x4601,2,,na,"[0,",,,11111,,+30.0dB,14.9us,"[0,",1,1013.17,normal,0,valid,-12.0dB,-12.1dB,0.38us,+52.6Hz,,"[6,",,1
2025-07-30 13:41:36.481018,PHY,0x4601,1,0,na,"[0,",0,0,1,330.9,+11.0dB,16.3us,"[0,",1,1013.18,normal,0,valid,-14.8dB,-15.1dB,na,na,,,,
2025-07-30 13:41:36.481477,PHY,0x4601,1,0,na,"[0,",0,0,1,333.5,+11.0dB,16.1us,"[0,",1,1013.19,normal,0,valid,-14.8dB,-15.1dB,na,na,,,,
2025-07-30 13:41:36.485637,CSI,0x4601,2,,na,"[0,",,,1,,+29.1dB,15.1us,"[0,",1,1014.8,normal,0,valid,-12.0dB,-12.1dB,0.39us,-34.2Hz,,"[6,",1111,1
2025-07-30 13:41:36.486485,PHY,0x4601,1,0,na,"[0,",0,0,1,315.1,+10.7dB,19.0us,"[0,",1,1014.9,normal,0,valid,-14.8dB,-15.1dB,na,na,,,,
2025-07-30 13:41:36.490125,PHY,0x4601,2,,na,"[0,",,,11111,,+28.6dB,16.7us,"[0,",1,1014.17,normal,0,valid,-12.0dB,-12.2dB,0.37us,-52.1Hz,,"[6,",,1
2025-07-30 13:41:36.491043,PHY,0x4601,1,0,na,"[0,",0,0,1,335.9,+11.0dB,16.3us,"[0,",1,1014.18,normal,0,valid,-14.8dB,-15.1dB,na,na,,,,
2025-07-30 13:41:36.491511,PHY,0x4601,1,0,na,"[0,",0,0,1,332.4,+11.0dB,14.5us,"[0,",1,1014.19,normal,0,valid,-14.7dB,-15.1dB,na,na,,,,
2025-07-30 13:41:36.496005,PHY,0x4601,1,0,na,"[0,",0,0,1,393.0,+11.7dB,18.3us,"[0,",1,1015.8,normal,0,valid,-14.8dB,-15.1dB,na,na,,,,
2025-07-30 13:41:36.496486,PHY,0x4601,1,0,na,"[0,",0,0,1,397.4,+11.7dB,25.5us,"[0,",1,1015.9,normal,0,valid,-14.8dB,-15.1dB,na,na,,,,
2025-07-30 13:41:36.500036,PHY,0x4601,2,,na,"[0,",,,11111,,+30.5dB,16.5us,"[0,",1,1015.17,normal,0,valid,-12.0dB,-12.2dB,0.35us,+45.2Hz,,"[6,",,1
2025-07-30 13:41:36.500970,PHY,0x4601,1,0,na,"[0,",0,0,1,328.1,+10.9dB,20.0us,"[0,",1,1015.18,normal,0,valid,-14.8dB,-15.1dB,na,na,,,,
2025-07-30 13:41:36.501464,PHY,0x4601,1,0,na,"[0,",0,0,1,337.5,+11.0dB,16.2us,"[0,",1,1015.19,normal,0,valid,-14.8dB,-15.1dB,na,na,,,,
2025-07-30 13:41:36.505586,CSI,0x4601,2,,na,"[0,",,,1,,+29.4dB,15.7us,"[0,",1,1016.8,normal,0,valid,-11.8dB,-11.9dB,0.38us,-63.3Hz,,"[6,",1111,1
2025-07-30 13:41:36.506524,PHY,0x4601,1,0,na,"[0,",0,0,1,379.8,+11.5dB,16.1us,"[0,",1,1016.9,normal,0,valid,-14.7dB,-15.0dB,na,na,,,,
2025-07-30 13:41:36.510066,PHY,0x4601,2,,na,"[0,",,,11111,,+30.0dB,15.2us,"[0,",1,1016.17,normal,0,valid,-11.9dB,-12.1dB,0.39us,+31.1Hz,,"[6,",,1
2025-07-30 13:41:36.510997,PHY,0x4601,1,0,na,"[0,",0,0,1,338.8,+11.1dB,15.8us,"[0,",1,1016.18,normal,0,valid,-14.7dB,-15.1dB,na,na,,,,
2025-07-30 13:41:36.511474,PHY,0x4601,1,0,na,"[0,",0,0,1,328.7,+10.9dB,17.4us,"[0,",1,1016.19,normal,0,valid,-14.8dB,-15.1dB,na,na,,,,
2025-07-30 13:41:36.515967,PHY,0x4601,1,0,na,"[0,",0,0,1,388.5,+11.6dB,17.3us,"[0,",1,1017.8,normal,0,valid,-14.7dB,-15.0dB,na,na,,,,
2025-07-30 13:41:36.516558,PHY,0x4601,1,0,na,"[0,",0,0,1,387.6,+11.6dB,15.1us,"[0,",1,1017.9,normal,0,valid,-14.8dB,-15.1dB,na,na,,,,
2025-07-30 13:41:36.520134,PHY,0x4601,2,,na,"[0,",,,11111,,+32.4dB,15.5us,"[0,",1,1017.17,normal,0,valid,-12.0dB,-12.1dB,0.37us,+172.4Hz,,"[6,",,1
2025-07-30 13:41:36.521033,PHY,0x4601,1,0,na,"[0,",0,0,1,337.3,+11.0dB,15.7us,"[0,",1,1017.18,normal,0,valid,-14.7dB,-15.1dB,na,na,,,,
2025-07-30 13:41:36.521508,PHY,0x4601,1,0,na,"[0,",0,0,1,332.1,+10.9dB,18.3us,"[0,",1,1017.19,normal,0,valid,-14.8dB,-15.1dB,na,na,,,,
2025-07-30 13:41:36.525619,CSI,0x4601,2,,na,"[0,",,,1,,+32.6dB,15.3us,"[0,",1,1018.8,normal,0,valid,-11.9dB,-12.1dB,0.41us,+44.2Hz,,"[6,",1111,1
2025-07-30 13:41:36.526464,PHY,0x4601,1,0,na,"[0,",0,0,1,328.4,+10.9dB,15.6us,"[0,",1,1018.9,normal,0,valid,-14.8dB,-15.1dB,na,na,,,,
2025-07-30 13:41:36.530145,PHY,0x4601,2,,na,"[0,",,,11111,,+30.0dB,14.0us,"[0,",1,1018.17,normal,0,valid,-12.0dB,-12.2dB,0.37us,+4.3Hz,,"[6,",,1
2025-07-30 13:41:36.530947,PHY,0x4601,1,0,na,"[0,",0,0,1,386.9,+11.6dB,15.5us,"[0,",1,1018.18,normal,0,valid,-14.7dB,-15.0dB,na,na,,,,
2025-07-30 13:41:36.531546,PHY,0x4601,1,0,na,"[0,",0,0,1,385.7,+11.6dB,25.7us,"[0,",1,1018.19,normal,0,valid,-14.8dB,-15.0dB,na,na,,,,
2025-07-30 13:41:36.536032,PHY,0x4601,1,0,na,"[0,",0,0,1,390.7,+11.6dB,16.9us,"[0,",1,1019.8,normal,0,valid,-14.8dB,-15.1dB,na,na,,,,
2025-07-30 13:41:36.536509,PHY,0x4601,1,0,na,"[0,",0,0,1,401.6,+11.8dB,18.2us,"[0,",1,1019.9,normal,0,valid,-14.7dB,-15.0dB,na,na,,,,
2025-07-30 13:41:36.540037,PHY,0x4601,2,,na,"[0,",,,11111,,+30.2dB,16.8us,"[0,",1,1019.17,normal,0,valid,-12.1dB,-12.2dB,0.39us,+48.8Hz,,"[6,",,1
2025-07-30 13:41:36.540990,PHY,0x4601,1,0,na,"[0,",0,0,1,393.9,+11.7dB,15.5us,"[0,",1,1019.18,normal,0,valid,-14.7dB,-15.1dB,na,na,,,,
2025-07-30 13:41:36.541462,PHY,0x4601,1,0,na,"[0,",0,0,1,396.8,+11.7dB,17.9us,"[0,",1,1019.19,normal,0,valid,-14.8dB,-15.1dB,na,na,,,,
2025-07-30 13:41:36.545617,CSI,0x4601,2,,na,"[0,",,,1,,+31.1dB,14.5us,"[0,",1,1020.8,normal,0,valid,-11.9dB,-12.0dB,0.37us,-113.2Hz,,"[6,",1111,1
2025-07-30 13:41:36.546528,PHY,0x4601,1,0,na,"[0,",0,0,1,389.9,+11.6dB,16.6us,"[0,",1,1020.9,normal,0,valid,-14.7dB,-15.0dB,na,na,,,,
2025-07-30 13:41:36.550081,PHY,0x4601,2,,na,"[0,",,,11111,,+30.4dB,15.5us,"[0,",1,1020.17,normal,0,valid,-11.9dB,-12.0dB,0.36us,-30.8Hz,,"[6,",,1
2025-07-30 13:41:36.551027,PHY,0x4601,1,0,na,"[0,",0,0,1,340.9,+11.1dB,17.8us,"[0,",1,1020.18,normal,0,valid,-14.7dB,-15.1dB,na,na,,,,
2025-07-30 13:41:36.551510,PHY,0x4601,1,0,na,"[0,",0,0,1,333.6,+11.0dB,18.4us,"[0,",1,1020.19,normal,0,valid,-14.7dB,-15.1dB,na,na,,,,
2025-07-30 13:41:36.555992,PHY,0x4601,1,0,na,"[0,",0,0,1,392.3,+11.7dB,18.4us,"[0,",1,1021.8,normal,0,valid,-14.8dB,-15.1dB,na,na,,,,
2025-07-30 13:41:36.556481,PHY,0x4601,1,0,na,"[0,",0,0,1,376.9,+11.5dB,24.4us,"[0,",1,1021.9,normal,0,valid,-14.7dB,-15.0dB,na,na,,,,
2025-07-30 13:41:36.560117,PHY,0x4601,2,,na,"[0,",,,11111,,+28.1dB,16.0us,"[0,",1,1021.17,normal,0,valid,-11.9dB,-12.1dB,0.39us,+108.2Hz,,"[6,",,1
2025-07-30 13:41:36.560948,PHY,0x4601,1,0,na,"[0,",0,0,1,384.2,+11.5dB,16.0us,"[0,",1,1021.18,normal,0,valid,-14.7dB,-15.1dB,na,na,,,,
2025-07-30 13:41:36.561524,PHY,0x4601,1,0,na,"[0,",0,0,1,389.8,+11.7dB,16.2us,"[0,",1,1021.19,normal,0,valid,-14.7dB,-15.0dB,na,na,,,,
2025-07-30 13:41:36.565615,CSI,0x4601,2,,na,"[0,",,,1,,+32.3dB,13.6us,"[0,",1,1022.8,normal,0,valid,-12.0dB,-12.1dB,0.40us,-14.6Hz,,"[6,",1111,1
2025-07-30 13:41:36.566482,PHY,0x4601,1,0,na,"[0,",0,0,1,308.8,+10.6dB,16.0us,"[0,",1,1022.9,normal,0,valid,-14.7dB,-15.1dB,na,na,,,,
2025-07-30 13:41:36.570027,PHY,0x4601,2,,na,"[0,",,,10111,,+29.3dB,15.2us,"[0,",1,1022.17,normal,0,valid,-11.9dB,-12.0dB,0.39us,-131.1Hz,,"[6,",,1
2025-07-30 13:41:36.570974,PHY,0x4601,1,0,na,"[0,",0,0,1,334.9,+11.0dB,16.0us,"[0,",1,1022.18,normal,0,valid,-14.7dB,-15.1dB,na,na,,,,
2025-07-30 13:41:36.571456,PHY,0x4601,1,0,na,"[0,",0,0,1,328.4,+10.9dB,17.7us,"[0,",1,1022.19,normal,0,valid,-14.7dB,-15.1dB,na,na,,,,
2025-07-30 13:41:36.576046,PHY,0x4601,1,0,na,"[0,",0,0,1,385.2,+11.6dB,16.1us,"[0,",1,1023.8,normal,0,valid,-14.8dB,-15.0dB,na,na,,,,
2025-07-30 13:41:36.576530,PHY,0x4601,1,0,na,"[0,",0,0,1,390.7,+11.7dB,14.9us,"[0,",1,1023.9,normal,0,valid,-14.8dB,-15.0dB,na,na,,,,
2025-07-30 13:41:36.580092,PHY,0x4601,2,,na,"[0,",,,11111,,+28.4dB,16.1us,"[0,",1,1023.17,normal,0,valid,-12.0dB,-12.1dB,0.38us,-80.7Hz,,"[6,",,1
2025-07-30 13:41:36.581008,PHY,0x4601,1,0,na,"[0,",0,0,1,405.6,+11.8dB,16.0us,"[0,",1,1023.18,normal,0,valid,-14.8dB,-15.1dB,na,na,,,,
2025-07-30 13:41:36.581485,PHY,0x4601,1,0,na,"[0,",0,0,1,384.0,+11.6dB,18.1us,"[0,",1,1023.19,normal,0,valid,-14.8dB,-15.1dB,na,na,,,,
2025-07-30 13:41:36.585599,CSI,0x4601,2,,na,"[0,",,,1,,+28.4dB,15.4us,"[0,",1,0.8,normal,0,valid,-12.0dB,-12.2dB,0.37us,-146.1Hz,,"[6,",1111,1
2025-07-30 13:41:36.586451,PHY,0x4601,1,0,na,"[0,",0,0,1,400.5,+11.8dB,23.4us,"[0,",1,0.9,normal,0,valid,-14.8dB,-15.0dB,na,na,,,,
2025-07-30 13:41:36.590098,PHY,0x4601,2,,na,"[0,",,,11111,,+28.9dB,18.3us,"[0,",1,0.17,normal,0,valid,-12.0dB,-12.2dB,0.37us,+27.8Hz,,"[6,",,1
2025-07-30 13:41:36.591033,PHY,0x4601,1,0,na,"[0,",0,0,1,323.4,+10.8dB,18.1us,"[0,",1,0.18,normal,0,valid,-14.8dB,-15.1dB,na,na,,,,
2025-07-30 13:41:36.591529,PHY,0x4601,1,0,na,"[0,",0,0,1,334.6,+11.0dB,18.0us,"[0,",1,0.19,normal,0,valid,-14.8dB,-15.1dB,na,na,,,,
2025-07-30 13:41:36.596030,PHY,0x4601,1,0,na,"[0,",0,0,1,407.5,+11.9dB,17.0us,"[0,",1,1.8,normal,0,valid,-14.8dB,-15.0dB,na,na,,,,
2025-07-30 13:41:36.596494,PHY,0x4601,1,0,na,"[0,",0,0,1,381.6,+11.5dB,23.9us,"[0,",1,1.9,normal,0,valid,-14.8dB,-15.1dB,na,na,,,,
2025-07-30 13:41:36.600008,PHY,0x4601,2,,na,"[0,",,,11111,,+30.4dB,15.9us,"[0,",1,1.17,normal,0,valid,-11.9dB,-12.0dB,0.38us,+58.0Hz,,"[6,",,1
2025-07-30 13:41:36.600961,PHY,0x4601,1,0,na,"[0,",0,0,1,335.4,+11.0dB,16.0us,"[0,",1,1.18,normal,0,valid,-14.7dB,-15.1dB,na,na,,,,
2025-07-30 13:41:36.601538,PHY,0x4601,1,0,na,"[0,",0,0,1,328.1,+10.9dB,14.6us,"[0,",1,1.19,normal,0,valid,-14.8dB,-15.1dB,na,na,,,,
2025-07-30 13:41:36.605609,CSI,0x4601,2,,na,"[0,",,,1,,+30.4dB,14.7us,"[0,",1,2.8,normal,0,valid,-11.9dB,-12.1dB,0.39us,+71.7Hz,,"[6,",1111,1
2025-07-30 13:41:36.606506,PHY,0x4601,1,0,na,"[0,",0,0,1,325.7,+10.8dB,16.4us,"[0,",1,2.9,normal,0,valid,-14.8dB,-15.1dB,na,na,,,,
2025-07-30 13:41:36.610042,PHY,0x4601,2,,na,"[0,",,,11111,,+29.2dB,16.4us,"[0,",1,2.17,normal,0,valid,-11.9dB,-12.0dB,0.38us,-8.7Hz,,"[6,",,1
2025-07-30 13:41:36.611000,PHY,0x4601,1,0,na,"[0,",0,0,1,333.6,+11.0dB,15.5us,"[0,",1,2.18,normal,0,valid,-14.8dB,-15.1dB,na,na,,,,
2025-07-30 13:41:36.611468,PHY,0x4601,1,0,na,"[0,",0,0,1,320.8,+10.8dB,15.7us,"[0,",1,2.19,normal,0,valid,-14.7dB,-15.0dB,na,na,,,,
2025-07-30 13:41:36.615961,PHY,0x4601,1,0,na,"[0,",0,0,1,387.5,+11.6dB,16.7us,"[0,",1,3.8,normal,0,valid,-14.7dB,-15.0dB,na,na,,,,
2025-07-30 13:41:36.616535,PHY,0x4601,1,0,na,"[0,",0,0,1,392.0,+11.7dB,15.6us,"[0,",1,3.9,normal,0,valid,-14.8dB,-15.0dB,na,na,,,,
2025-07-30 13:41:36.620122,PHY,0x4601,2,,na,"[0,",,,11111,,+34.2dB,15.9us,"[0,",1,3.17,normal,0,valid,-11.9dB,-12.0dB,0.37us,-8.4Hz,,"[6,",,1
2025-07-30 13:41:36.621023,PHY,0x4601,1,0,na,"[0,",0,0,1,338.5,+11.0dB,16.3us,"[0,",1,3.18,normal,0,valid,-14.8dB,-15.1dB,na,na,,,,
2025-07-30 13:41:36.621524,PHY,0x4601,1,0,na,"[0,",0,0,1,328.7,+10.9dB,18.7us,"[0,",1,3.19,normal,0,valid,-14.7dB,-15.1dB,na,na,,,,
2025-07-30 13:41:36.625580,CSI,0x4601,2,,na,"[0,",,,1,,+31.1dB,12.1us,"[0,",1,4.8,normal,0,valid,-11.9dB,-12.0dB,0.40us,-12.6Hz,,"[6,",1111,1
2025-07-30 13:41:36.626459,PHY,0x4601,1,0,na,"[0,",0,0,1,383.3,+11.6dB,15.2us,"[0,",1,4.9,normal,0,valid,-14.8dB,-15.1dB,na,na,,,,
2025-07-30 13:41:36.630128,PHY,0x4601,2,,na,"[0,",,,11111,,+30.1dB,14.2us,"[0,",1,4.17,normal,0,valid,-12.0dB,-12.1dB,0.36us,-45.5Hz,,"[6,",,1
2025-07-30 13:41:36.630950,PHY,0x4601,1,0,na,"[0,",0,0,1,322.6,+10.8dB,15.6us,"[0,",1,4.18,normal,0,valid,-14.8dB,-15.1dB,na,na,,,,
2025-07-30 13:41:36.631524,PHY,0x4601,1,0,na,"[0,",0,0,1,332.7,+11.0dB,15.6us,"[0,",1,4.19,normal,0,valid,-14.8dB,-15.1dB,na,na,,,,
2025-07-30 13:41:36.636024,PHY,0x4601,1,0,na,"[0,",0,0,1,392.0,+11.7dB,19.3us,"[0,",1,5.8,normal,0,valid,-14.7dB,-15.0dB,na,na,,,,
2025-07-30 13:41:36.636506,PHY,0x4601,1,0,na,"[0,",0,0,1,394.0,+11.7dB,15.2us,"[0,",1,5.9,normal,0,valid,-14.7dB,-15.0dB,na,na,,,,
2025-07-30 13:41:36.640036,PHY,0x4601,2,,na,"[0,",,,11111,,+27.4dB,15.6us,"[0,",1,5.17,normal,0,valid,-12.2dB,-12.3dB,0.38us,+58.9Hz,,"[6,",,1
2025-07-30 13:41:36.640997,PHY,0x4601,1,0,na,"[0,",0,0,1,332.1,+11.0dB,16.3us,"[0,",1,5.18,normal,0,valid,-14.8dB,-15.1dB,na,na,,,,
2025-07-30 13:41:36.641451,PHY,0x4601,1,0,na,"[0,",0,0,1,332.0,+11.0dB,13.6us,"[0,",1,5.19,normal,0,valid,-14.8dB,-15.1dB,na,na,,,,
2025-07-30 13:41:36.645591,CSI,0x4601,2,,na,"[0,",,,1,,+26.5dB,14.6us,"[0,",1,6.8,normal,0,valid,-12.0dB,-12.1dB,0.36us,-13.7Hz,,"[6,",1111,1
2025-07-30 13:41:36.646528,PHY,0x4601,1,0,na,"[0,",0,0,1,334.9,+11.0dB,16.9us,"[0,",1,6.9,normal,0,valid,-14.7dB,-15.1dB,na,na,,,,
2025-07-30 13:41:36.650077,PHY,0x4601,2,,na,"[0,",,,11111,,+30.9dB,15.8us,"[0,",1,6.17,normal,0,valid,-12.0dB,-12.2dB,0.39us,+15.8Hz,,"[6,",,1
2025-07-30 13:41:36.651008,PHY,0x4601,1,0,na,"[0,",0,0,1,342.4,+11.1dB,19.3us,"[0,",1,6.18,normal,0,valid,-14.7dB,-15.0dB,na,na,,,,
2025-07-30 13:41:36.651495,PHY,0x4601,1,0,na,"[0,",0,0,1,316.9,+10.8dB,15.1us,"[0,",1,6.19,normal,0,valid,-14.7dB,-15.1dB,na,na,,,,
2025-07-30 13:41:36.656010,PHY,0x4601,1,0,na,"[0,",0,0,1,386.2,+11.6dB,23.3us,"[0,",1,7.8,normal,0,valid,-14.8dB,-15.1dB,na,na,,,,
2025-07-30 13:41:36.656467,PHY,0x4601,1,0,na,"[0,",0,0,1,369.5,+11.4dB,19.6us,"[0,",1,7.9,normal,0,valid,-14.8dB,-15.0dB,na,na,,,,
2025-07-30 13:41:36.660110,PHY,0x4601,2,,na,"[0,",,,11111,,+30.9dB,18.1us,"[0,",1,7.17,normal,0,valid,-12.1dB,-12.3dB,0.36us,-6.4Hz,,"[6,",,1
2025-07-30 13:41:36.661043,PHY,0x4601,1,0,na,"[0,",0,0,1,327.2,+10.9dB,16.8us,"[0,",1,7.18,normal,0,valid,-14.8dB,-15.1dB,na,na,,,,
2025-07-30 13:41:36.661522,PHY,0x4601,1,0,na,"[0,",0,0,1,327.5,+10.9dB,19.1us,"[0,",1,7.19,normal,0,valid,-14.7dB,-15.0dB,na,na,,,,
2025-07-30 13:41:36.665615,CSI,0x4601,2,,na,"[0,",,,1,,+28.9dB,13.8us,"[0,",1,8.8,normal,0,valid,-11.9dB,-12.0dB,0.40us,+78.9Hz,,"[6,",1111,1
2025-07-30 13:41:36.666493,PHY,0x4601,1,0,na,"[0,",0,0,1,333.8,+11.0dB,18.4us,"[0,",1,8.9,normal,0,valid,-14.8dB,-15.1dB,na,na,,,,
2025-07-30 13:41:36.670027,PHY,0x4601,2,,na,"[0,",,,11111,,+30.7dB,15.6us,"[0,",1,8.17,normal,0,valid,-11.9dB,-12.0dB,0.38us,-26.9Hz,,"[6,",,1
2025-07-30 13:41:36.670987,PHY,0x4601,1,0,na,"[0,",0,0,1,338.3,+11.0dB,18.5us,"[0,",1,8.18,normal,0,valid,-14.7dB,-15.1dB,na,na,,,,
2025-07-30 13:41:36.671451,PHY,0x4601,1,0,na,"[0,",0,0,1,337.1,+11.0dB,20.2us,"[0,",1,8.19,normal,0,valid,-14.7dB,-15.1dB,na,na,,,,
2025-07-30 13:41:36.676034,PHY,0x4601,1,0,na,"[0,",0,0,1,386.5,+11.6dB,16.8us,"[0,",1,9.8,normal,0,valid,-14.7dB,-15.0dB,na,na,,,,
2025-07-30 13:41:36.676520,PHY,0x4601,1,0,na,"[0,",0,0,1,383.3,+11.6dB,15.4us,"[0,",1,9.9,normal,0,valid,-14.7dB,-15.0dB,na,na,,,,
2025-07-30 13:41:36.680092,PHY,0x4601,2,,na,"[0,",,,11111,,+28.7dB,19.9us,"[0,",1,9.17,normal,0,valid,-12.1dB,-12.2dB,0.37us,-57.1Hz,,"[6,",,1
2025-07-30 13:41:36.681003,PHY,0x4601,1,0,na,"[0,",0,0,1,326.8,+10.9dB,17.1us,"[0,",1,9.18,normal,0,valid,-14.7dB,-15.1dB,na,na,,,,
2025-07-30 13:41:36.681490,PHY,0x4601,1,0,na,"[0,",0,0,1,323.7,+10.9dB,15.2us,"[0,",1,9.19,normal,0,valid,-14.8dB,-15.1dB,na,na,,,,
2025-07-30 13:41:36.685602,CSI,0x4601,2,,na,"[0,",,,1,,+30.4dB,13.3us,"[0,",1,10.8,normal,0,valid,-12.0dB,-12.1dB,0.39us,-78.6Hz,,"[6,",1111,1
2025-07-30 13:41:36.686544,PHY,0x4601,1,0,na,"[0,",0,0,1,376.1,+11.5dB,16.8us,"[0,",1,10.9,normal,0,valid,-14.8dB,-15.0dB,na,na,,,,
2025-07-30 13:41:36.690100,PHY,0x4601,2,,na,"[0,",,,11111,,+28.3dB,20.0us,"[0,",1,10.17,normal,0,valid,-12.0dB,-12.1dB,0.39us,-12.2Hz,,"[6,",,1
2025-07-30 13:41:36.691026,PHY,0x4601,1,0,na,"[0,",0,0,1,413.6,+11.9dB,16.2us,"[0,",1,10.18,normal,0,valid,-14.7dB,-15.0dB,na,na,,,,
2025-07-30 13:41:36.691508,PHY,0x4601,1,0,na,"[0,",0,0,1,391.7,+11.7dB,14.4us,"[0,",1,10.19,normal,0,valid,-14.8dB,-15.1dB,na,na,,,,
2025-07-30 13:41:36.695999,PHY,0x4601,1,0,na,"[0,",0,0,1,385.3,+11.6dB,21.5us,"[0,",1,11.8,normal,0,valid,-14.7dB,-15.0dB,na,na,,,,
2025-07-30 13:41:36.696494,PHY,0x4601,1,0,na,"[0,",0,0,1,374.2,+11.5dB,28.3us,"[0,",1,11.9,normal,0,valid,-14.7dB,-15.0dB,na,na,,,,
2025-07-30 13:41:36.700149,PHY,0x4601,2,,na,"[0,",,,11111,,+31.6dB,15.1us,"[0,",1,11.17,normal,0,valid,-12.0dB,-12.1dB,0.37us,+118.2Hz,,"[6,",,1
2025-07-30 13:41:36.700977,PHY,0x4601,1,0,na,"[0,",0,0,1,325.3,+10.9dB,18.0us,"[0,",1,11.18,normal,0,valid,-14.8dB,-15.1dB,na,na,,,,
2025-07-30 13:41:36.701545,PHY,0x4601,1,0,na,"[0,",0,0,1,324.0,+10.9dB,18.2us,"[0,",1,11.19,normal,0,valid,-14.8dB,-15.1dB,na,na,,,,
2025-07-30 13:41:36.705553,CSI,0x4601,2,,na,"[0,",,,1,,+31.8dB,13.2us,"[0,",1,12.8,normal,0,valid,-11.8dB,-12.0dB,0.39us,+5.3Hz,,"[6,",1111,1
2025-07-30 13:41:36.706499,PHY,0x4601,1,0,na,"[0,",0,0,1,328.3,+10.9dB,17.3us,"[0,",1,12.9,normal,0,valid,-14.8dB,-15.1dB,na,na,,,,
2025-07-30 13:41:36.710045,PHY,0x4601,2,,na,"[0,",,,11111,,+28.5dB,15.6us,"[0,",1,12.17,normal,0,valid,-12.1dB,-12.2dB,0.40us,-0.5Hz,,"[6,",,1
2025-07-30 13:41:36.710981,PHY,0x4601,1,0,na,"[0,",0,0,1,389.4,+11.6dB,16.3us,"[0,",1,12.18,normal,0,valid,-14.7dB,-15.0dB,na,na,,,,
2025-07-30 13:41:36.711487,PHY,0x4601,1,0,na,"[0,",0,0,1,381.4,+11.6dB,17.7us,"[0,",1,12.19,normal,0,valid,-14.8dB,-15.1dB,na,na,,,,
2025-07-30 13:41:36.715966,PHY,0x4601,1,0,na,"[0,",0,0,1,389.0,+11.6dB,17.1us,"[0,",1,13.8,normal,0,valid,-14.7dB,-15.1dB,na,na,,,,
2025-07-30 13:41:36.716536,PHY,0x4601,1,0,na,"[0,",0,0,1,387.3,+11.6dB,15.1us,"[0,",1,13.9,normal,0,valid,-14.7dB,-15.0dB,na,na,,,,
2025-07-30 13:41:36.720090,PHY,0x4601,2,,na,"[0,",,,11111,,+30.9dB,21.0us,"[0,",1,13.17,normal,0,valid,-12.0dB,-12.1dB,0.39us,+47.1Hz,,"[6,",,1
2025-07-30 13:41:36.721018,PHY,0x4601,1,0,na,"[0,",0,0,1,317.0,+10.7dB,16.2us,"[0,",1,13.18,normal,0,valid,-14.7dB,-15.1dB,na,na,,,,
2025-07-30 13:41:36.721486,PHY,0x4601,1,0,na,"[0,",0,0,1,328.2,+10.9dB,15.6us,"[0,",1,13.19,normal,0,valid,-14.8dB,-15.1dB,na,na,,,,
2025-07-30 13:41:36.725652,CSI,0x4601,2,,na,"[0,",,,1,,+30.3dB,15.8us,"[0,",1,14.8,normal,0,valid,-12.0dB,-12.1dB,0.39us,-83.5Hz,,"[6,",1111,1
2025-07-30 13:41:36.726483,PHY,0x4601,1,0,na,"[0,",0,0,1,390.9,+11.7dB,20.0us,"[0,",1,14.9,normal,0,valid,-14.8dB,-15.1dB,na,na,,,,
2025-07-30 13:41:36.730133,PHY,0x4601,2,,na,"[0,",,,11111,,+31.0dB,15.3us,"[0,",1,14.17,normal,0,valid,-12.0dB,-12.1dB,0.38us,-73.5Hz,,"[6,",,1
2025-07-30 13:41:36.730972,PHY,0x4601,1,0,na,"[0,",0,0,1,337.3,+11.0dB,19.4us,"[0,",1,14.18,normal,0,valid,-14.7dB,-15.1dB,na,na,,,,
2025-07-30 13:41:36.731529,PHY,0x4601,1,0,na,"[0,",0,0,1,322.5,+10.8dB,18.5us,"[0,",1,14.19,normal,0,valid,-14.8dB,-15.1dB,na,na,,,,
2025-07-30 13:41:36.736009,PHY,0x4601,1,0,na,"[0,",0,0,1,388.7,+11.6dB,17.3us,"[0,",1,15.8,normal,0,valid,-14.7dB,-15.0dB,na,na,,,,
2025-07-30 13:41:36.736497,PHY,0x4601,1,0,na,"[0,",0,0,1,382.6,+11.6dB,14.9us,"[0,",1,15.9,normal,0,valid,-14.8dB,-15.0dB,na,na,,,,
2025-07-30 13:41:36.740030,PHY,0x4601,2,,na,"[0,",,,11111,,+28.8dB,15.2us,"[0,",1,15.17,normal,0,valid,-12.0dB,-12.1dB,0.38us,-14.9Hz,,"[6,",,1
2025-07-30 13:41:36.740978,PHY,0x4601,1,0,na,"[0,",0,0,1,369.5,+11.4dB,18.8us,"[0,",1,15.18,normal,0,valid,-14.8dB,-15.1dB,na,na,,,,
2025-07-30 13:41:36.741475,PHY,0x4601,1,0,na,"[0,",0,0,1,374.7,+11.5dB,22.1us,"[0,",1,15.19,normal,0,valid,-14.7dB,-15.0dB,na,na,,,,
2025-07-30 13:41:36.745582,CSI,0x4601,2,,na,"[0,",,,1,,+30.2dB,17.3us,"[0,",1,16.8,normal,0,valid,-12.1dB,-12.2dB,0.39us,-100.0Hz,,"[6,",1111,1
2025-07-30 13:41:36.746514,PHY,0x4601,1,0,na,"[0,",0,0,1,381.6,+11.6dB,16.1us,"[0,",1,16.9,normal,0,valid,-14.8dB,-15.1dB,na,na,,,,
2025-07-30 13:41:36.750073,PHY,0x4601,2,,na,"[0,",,,11111,,+29.9dB,16.2us,"[0,",1,16.17,normal,0,valid,-11.9dB,-12.1dB,0.39us,+59.3Hz,,"[6,",,1
2025-07-30 13:41:36.751002,PHY,0x4601,1,0,na,"[0,",0,0,1,393.7,+11.7dB,15.6us,"[0,",1,16.18,normal,0,valid,-14.7dB,-15.0dB,na,na,,,,
2025-07-30 13:41:36.751476,PHY,0x4601,1,0,na,"[0,",0,0,1,384.4,+11.6dB,14.1us,"[0,",1,16.19,normal,0,valid,-14.8dB,-15.0dB,na,na,,,,
2025-07-30 13:41:36.755964,PHY,0x4601,1,0,na,"[0,",0,0,1,384.8,+11.6dB,16.8us,"[0,",1,17.8,normal,0,valid,-14.7dB,-15.0dB,na,na,,,,
2025-07-30 13:41:36.756458,PHY,0x4601,1,0,na,"[0,",0,0,1,390.1,+11.7dB,13.9us,"[0,",1,17.9,normal,0,valid,-14.7dB,-15.0dB,na,na,,,,
2025-07-30 13:41:36.760113,PHY,0x4601,2,,na,"[0,",,,11111,,+30.2dB,13.9us,"[0,",1,17.17,normal,0,valid,-11.9dB,-12.0dB,0.36us,+177.9Hz,,"[6,",,1
2025-07-30 13:41:36.761035,PHY,0x4601,1,0,na,"[0,",0,0,1,337.6,+11.0dB,16.1us,"[0,",1,17.18,normal,0,valid,-14.8dB,-15.1dB,na,na,,,,
2025-07-30 13:41:36.761502,PHY,0x4601,1,0,na,"[0,",0,0,1,324.0,+10.8dB,13.9us,"[0,",1,17.19,normal,0,valid,-14.8dB,-15.1dB,na,na,,,,
2025-07-30 13:41:36.765615,CSI,0x4601,2,,na,"[0,",,,1,,+28.5dB,12.2us,"[0,",1,18.8,normal,0,valid,-11.9dB,-12.0dB,0.37us,+25.2Hz,,"[6,",1111,1
2025-07-30 13:41:36.766482,PHY,0x4601,1,0,na,"[0,",0,0,1,325.7,+10.9dB,16.2us,"[0,",1,18.9,normal,0,valid,-14.8dB,-15.1dB,na,na,,,,
2025-07-30 13:41:36.770022,PHY,0x4601,2,,na,"[0,",,,11111,,+31.0dB,14.8us,"[0,",1,18.17,normal,0,valid,-11.9dB,-12.0dB,0.38us,-43.7Hz,,"[6,",,1
2025-07-30 13:41:36.770959,PHY,0x4601,1,0,na,"[0,",0,0,1,378.9,+11.5dB,16.2us,"[0,",1,18.18,normal,0,valid,-14.8dB,-15.1dB,na,na,,,,
2025-07-30 13:41:36.771548,PHY,0x4601,1,0,na,"[0,",0,0,1,383.4,+11.6dB,19.0us,"[0,",1,18.19,normal,0,valid,-14.7dB,-15.0dB,na,na,,,,
2025-07-30 13:41:36.776031,PHY,0x4601,1,0,na,"[0,",0,0,1,387.8,+11.6dB,18.8us,"[0,",1,19.8,normal,0,valid,-14.7dB,-15.0dB,na,na,,,,
2025-07-30 13:41:36.776529,PHY,0x4601,1,0,na,"[0,",0,0,1,383.4,+11.6dB,27.9us,"[0,",1,19.9,normal,0,valid,-14.8dB,-15.0dB,na,na,,,,
2025-07-30 13:41:36.780052,PHY,0x4601,2,,na,"[0,",,,11111,,+32.9dB,15.0us,"[0,",1,19.17,normal,0,valid,-11.9dB,-12.0dB,0.38us,-42.6Hz,,"[6,",,1
2025-07-30 13:41:36.781010,PHY,0x4601,1,0,na,"[0,",0,0,1,388.9,+11.6dB,15.5us,"[0,",1,19.18,normal,0,valid,-14.8dB,-15.0dB,na,na,,,,
2025-07-30 13:41:36.781463,PHY,0x4601,1,0,na,"[0,",0,0,1,399.3,+11.8dB,14.0us,"[0,",1,19.19,normal,0,valid,-14.8dB,-15.0dB,na,na,,,,
2025-07-30 13:41:36.785620,CSI,0x4601,2,,na,"[0,",,,1,,+31.0dB,13.2us,"[0,",1,20.8,normal,0,valid,-11.8dB,-11.9dB,0.37us,-75.6Hz,,"[6,",1111,1
2025-07-30 13:41:36.786542,PHY,0x4601,1,0,na,"[0,",0,0,1,394.5,+11.7dB,16.1us,"[0,",1,20.9,normal,0,valid,-14.8dB,-15.1dB,na,na,,,,
2025-07-30 13:41:36.790126,PHY,0x4601,2,,na,"[0,",,,11111,,+26.5dB,14.5us,"[0,",1,20.17,normal,0,valid,-12.0dB,-12.2dB,0.38us,-14.0Hz,,"[6,",,1
2025-07-30 13:41:36.791027,PHY,0x4601,1,0,na,"[0,",0,0,1,334.0,+11.0dB,19.5us,"[0,",1,20.18,normal,0,valid,-14.8dB,-15.1dB,na,na,,,,
2025-07-30 13:41:36.791496,PHY,0x4601,1,0,na,"[0,",0,0,1,327.0,+10.9dB,15.0us,"[0,",1,20.19,normal,0,valid,-14.8dB,-15.1dB,na,na,,,,
2025-07-30 13:41:36.795990,PHY,0x4601,1,0,na,"[0,",0,0,1,382.2,+11.5dB,16.7us,"[0,",1,21.8,normal,0,valid,-14.7dB,-15.0dB,na,na,,,,
2025-07-30 13:41:36.796455,PHY,0x4601,1,0,na,"[0,",0,0,1,380.8,+11.6dB,13.5us,"[0,",1,21.9,normal,0,valid,-14.7dB,-15.0dB,na,na,,,,
2025-07-30 13:41:36.800140,PHY,0x4601,2,,na,"[0,",,,11111,,+32.2dB,14.5us,"[0,",1,21.17,normal,0,valid,-12.1dB,-12.2dB,0.36us,-47.9Hz,,"[6,",,1
2025-07-30 13:41:36.800945,PHY,0x4601,1,0,na,"[0,",0,0,1,373.1,+11.5dB,17.1us,"[0,",1,21.18,normal,0,valid,-14.8dB,-15.1dB,na,na,,,,
2025-07-30 13:41:36.801535,PHY,0x4601,1,0,na,"[0,",0,0,1,381.8,+11.6dB,18.5us,"[0,",1,21.19,normal,0,valid,-14.7dB,-15.0dB,na,na,,,,
2025-07-30 13:41:36.805619,CSI,0x4601,2,,na,"[0,",,,1,,+28.4dB,12.4us,"[0,",1,22.8,normal,0,valid,-11.9dB,-12.1dB,0.38us,-0.2Hz,,"[6,",1111,1
2025-07-30 13:41:36.806494,PHY,0x4601,1,0,na,"[0,",0,0,1,382.4,+11.6dB,16.0us,"[0,",1,22.9,normal,0,valid,-14.8dB,-15.1dB,na,na,,,,
2025-07-30 13:41:36.810034,PHY,0x4601,2,,na,"[0,",,,11111,,+28.5dB,15.6us,"[0,",1,22.17,normal,0,valid,-11.9dB,-12.0dB,0.37us,+65.0Hz,,"[6,",,1
2025-07-30 13:41:36.810983,PHY,0x4601,1,0,na,"[0,",0,0,1,378.7,+11.5dB,17.3us,"[0,",1,22.18,normal,0,valid,-14.7dB,-15.1dB,na,na,,,,
2025-07-30 13:41:36.811463,PHY,0x4601,1,0,na,"[0,",0,0,1,380.5,+11.6dB,16.2us,"[0,",1,22.19,normal,0,valid,-14.7dB,-15.0dB,na,na,,,,
2025-07-30 13:41:36.815937,PHY,0x4601,1,0,na,"[0,",0,0,1,392.5,+11.7dB,16.5us,"[0,",1,23.8,normal,0,valid,-14.7dB,-15.0dB,na,na,,,,
2025-07-30 13:41:36.816543,PHY,0x4601,1,0,na,"[0,",0,0,1,388.7,+11.6dB,16.0us,"[0,",1,23.9,normal,0,valid,-14.7dB,-15.0dB,na,na,,,,
2025-07-30 13:41:36.820084,PHY,0x4601,2,,na,"[0,",,,11111,,+29.6dB,15.3us,"[0,",1,23.17,normal,0,valid,-11.9dB,-12.1dB,0.38us,-34.4Hz,,"[6,",,1
2025-07-30 13:41:36.821019,PHY,0x4601,1,0,na,"[0,",0,0,1,383.2,+11.6dB,16.9us,"[0,",1,23.18,normal,0,valid,-14.8dB,-15.1dB,na,na,,,,
2025-07-30 13:41:36.821488,PHY,0x4601,1,0,na,"[0,",0,0,1,379.6,+11.5dB,20.3us,"[0,",1,23.19,normal,0,valid,-14.8dB,-15.0dB,na,na,,,,
2025-07-30 13:41:36.825614,CSI,0x4601,2,,na,"[0,",,,1,,+30.9dB,12.9us,"[0,",1,24.8,normal,0,valid,-12.0dB,-12.1dB,0.38us,-78.9Hz,,"[6,",1111,1
2025-07-30 13:41:36.826455,PHY,0x4601,1,0,na,"[0,",0,0,1,405.7,+11.8dB,16.3us,"[0,",1,24.9,normal,0,valid,-14.8dB,-15.0dB,na,na,,,,
2025-07-30 13:41:36.830095,PHY,0x4601,2,,na,"[0,",,,11111,,+28.6dB,16.0us,"[0,",1,24.17,normal,0,valid,-12.0dB,-12.2dB,0.39us,-107.1Hz,,"[6,",,1
2025-07-30 13:41:36.831040,PHY,0x4601,1,0,na,"[0,",0,0,1,336.5,+11.0dB,16.2us,"[0,",1,24.18,normal,0,valid,-14.7dB,-15.1dB,na,na,,,,
2025-07-30 13:41:36.831514,PHY,0x4601,1,0,na,"[0,",0,0,1,316.7,+10.7dB,14.3us,"[0,",1,24.19,normal,0,valid,-14.8dB,-15.1dB,na,na,,,,
2025-07-30 13:41:36.836020,PHY,0x4601,1,0,na,"[0,",0,0,1,397.6,+11.8dB,23.0us,"[0,",1,25.8,normal,0,valid,-14.8dB,-15.0dB,na,na,,,,
2025-07-30 13:41:36.836485,PHY,0x4601,1,0,na,"[0,",0,0,1,376.0,+11.5dB,23.5us,"[0,",1,25.9,normal,0,valid,-14.7dB,-15.0dB,na,na,,,,
2025-07-30 13:41:36.840018,PHY,0x4601,2,,na,"[0,",,,11111,,+29.6dB,13.4us,"[0,",1,25.17,normal,0,valid,-12.0dB,-12.2dB,0.40us,+8.9Hz,,"[6,",,1
2025-07-30 13:41:36.840964,PHY,0x4601,1,0,na,"[0,",0,0,1,379.3,+11.5dB,15.5us,"[0,",1,25.18,normal,0,valid,-14.8dB,-15.1dB,na,na,,,,
2025-07-30 13:41:36.841451,PHY,0x4601,1,0,na,"[0,",0,0,1,377.0,+11.5dB,17.5us,"[0,",1,25.19,normal,0,valid,-14.8dB,-15.1dB,na,na,,,,
2025-07-30 13:41:36.845603,CSI,0x4601,2,,na,"[0,",,,1,,+28.4dB,12.7us,"[0,",1,26.8,normal,0,valid,-11.9dB,-12.1dB,0.40us,-31.8Hz,,"[6,",1111,1
2025-07-30 13:41:36.846522,PHY,0x4601,1,0,na,"[0,",0,0,1,394.4,+11.7dB,15.9us,"[0,",1,26.9,normal,0,valid,-14.8dB,-15.1dB,na,na,,,,
2025-07-30 13:41:36.850055,PHY,0x4601,2,,na,"[0,",,,11111,,+28.3dB,15.9us,"[0,",1,26.17,normal,0,valid,-11.9dB,-12.0dB,0.38us,-34.8Hz,,"[6,",,1
2025-07-30 13:41:36.851002,PHY,0x4601,1,0,na,"[0,",0,0,1,400.2,+11.8dB,15.5us,"[0,",1,26.18,normal,0,valid,-14.8dB,-15.1dB,na,na,,,,
2025-07-30 13:41:36.851477,PHY,0x4601,1,0,na,"[0,",0,0,1,400.3,+11.8dB,18.0us,"[0,",1,26.19,normal,0,valid,-14.8dB,-15.0dB,na,na,,,,
2025-07-30 13:41:36.855972,PHY,0x4601,1,0,na,"[0,",0,0,1,390.7,+11.7dB,22.4us,"[0,",1,27.8,normal,0,valid,-14.8dB,-15.0dB,na,na,,,,
2025-07-30 13:41:36.856561,PHY,0x4601,1,0,na,"[0,",0,0,1,387.6,+11.6dB,15.1us,"[0,",1,27.9,normal,0,valid,-14.8dB,-15.1dB,na,na,,,,
2025-07-30 13:41:36.860092,PHY,0x4601,2,,na,"[0,",,,11111,,+29.2dB,17.5us,"[0,",1,27.17,normal,0,valid,-12.0dB,-12.1dB,0.37us,+14.3Hz,,"[6,",,1
2025-07-30 13:41:36.861030,PHY,0x4601,1,0,na,"[0,",0,0,1,328.1,+10.9dB,17.6us,"[0,",1,27.18,normal,0,valid,-14.7dB,-15.1dB,na,na,,,,
2025-07-30 13:41:36.861505,PHY,0x4601,1,0,na,"[0,",0,0,1,334.6,+11.0dB,14.2us,"[0,",1,27.19,normal,0,valid,-14.7dB,-15.1dB,na,na,,,,
2025-07-30 13:41:36.865592,CSI,0x4601,2,,na,"[0,",,,1,,+31.5dB,13.5us,"[0,",1,28.8,normal,0,valid,-11.9dB,-12.0dB,0.37us,+27.2Hz,,"[6,",1111,1
2025-07-30 13:41:36.866491,PHY,0x4601,1,0,na,"[0,",0,0,1,389.4,+11.7dB,17.3us,"[0,",1,28.9,normal,0,valid,-14.8dB,-15.0dB,na,na,,,,
2025-07-30 13:41:36.870134,PHY,0x4601,2,,na,"[0,",,,11111,,+28.8dB,16.3us,"[0,",1,28.17,normal,0,valid,-12.0dB,-12.1dB,0.40us,+43.2Hz,,"[6,",,1
2025-07-30 13:41:36.870954,PHY,0x4601,1,0,na,"[0,",0,0,1,392.0,+11.7dB,17.7us,"[0,",1,28.18,normal,0,valid,-14.7dB,-15.0dB,na,na,,,,
2025-07-30 13:41:36.871528,PHY,0x4601,1,0,na,"[0,",0,0,1,383.9,+11.6dB,13.7us,"[0,",1,28.19,normal,0,valid,-14.8dB,-15.1dB,na,na,,,,
2025-07-30 13:41:36.876020,PHY,0x4601,1,0,na,"[0,",0,0,1,379.7,+11.5dB,16.4us,"[0,",1,29.8,normal,0,valid,-14.7dB,-15.0dB,na,na,,,,
2025-07-30 13:41:36.876516,PHY,0x4601,1,0,na,"[0,",0,0,1,374.6,+11.5dB,16.3us,"[0,",1,29.9,normal,0,valid,-14.7dB,-15.0dB,na,na,,,,
2025-07-30 13:41:36.880038,PHY,0x4601,2,,na,"[0,",,,11111,,+30.3dB,15.3us,"[0,",1,29.17,normal,0,valid,-12.1dB,-12.2dB,0.36us,+54.5Hz,,"[6,",,1
2025-07-30 13:41:36.880999,PHY,0x4601,1,0,na,"[0,",0,0,1,372.1,+11.5dB,16.0us,"[0,",1,29.18,normal,0,valid,-14.7dB,-15.0dB,na,na,,,,
2025-07-30 13:41:36.881463,PHY,0x4601,1,0,na,"[0,",0,0,1,395.9,+11.7dB,15.0us,"[0,",1,29.19,normal,0,valid,-14.7dB,-15.0dB,na,na,,,,
2025-07-30 13:41:36.885611,CSI,0x4601,2,,na,"[0,",,,1,,+29.7dB,15.1us,"[0,",1,30.8,normal,0,valid,-12.0dB,-12.1dB,0.38us,-124.9Hz,,"[6,",1111,1
2025-07-30 13:41:36.886530,PHY,0x4601,1,0,na,"[0,",0,0,1,337.5,+11.0dB,15.9us,"[0,",1,30.9,normal,0,valid,-14.7dB,-15.1dB,na,na,,,,
2025-07-30 13:41:36.890081,PHY,0x4601,2,,na,"[0,",,,11111,,+28.5dB,14.8us,"[0,",1,30.17,normal,0,valid,-12.0dB,-12.1dB,0.36us,+15.3Hz,,"[6,",,1
2025-07-30 13:41:36.891011,PHY,0x4601,1,0,na,"[0,",0,0,1,373.8,+11.5dB,15.3us,"[0,",1,30.18,normal,0,valid,-14.8dB,-15.1dB,na,na,,,,
2025-07-30 13:41:36.891493,PHY,0x4601,1,0,na,"[0,",0,0,1,384.8,+11.6dB,13.7us,"[0,",1,30.19,normal,0,valid,-14.8dB,-15.1dB,na,na,,,,
2025-07-30 13:41:36.896009,PHY,0x4601,1,0,na,"[0,",0,0,1,389.2,+11.6dB,19.2us,"[0,",1,31.8,normal,0,valid,-14.7dB,-15.0dB,na,na,,,,
2025-07-30 13:41:36.896459,PHY,0x4601,1,0,na,"[0,",0,0,1,383.6,+11.6dB,16.8us,"[0,",1,31.9,normal,0,valid,-14.8dB,-15.1dB,na,na,,,,
2025-07-30 13:41:36.900112,PHY,0x4601,2,,na,"[0,",,,11111,,+28.8dB,16.5us,"[0,",1,31.17,normal,0,valid,-12.1dB,-12.2dB,0.39us,+79.0Hz,,"[6,",,1
2025-07-30 13:41:36.900943,PHY,0x4601,1,0,na,"[0,",0,0,1,330.7,+10.9dB,17.1us,"[0,",1,31.18,normal,0,valid,-14.8dB,-15.1dB,na,na,,,,
2025-07-30 13:41:36.901517,PHY,0x4601,1,0,na,"[0,",0,0,1,329.9,+10.9dB,14.9us,"[0,",1,31.19,normal,0,valid,-14.8dB,-15.1dB,na,na,,,,
2025-07-30 13:41:36.905608,CSI,0x4601,2,,na,"[0,",,,1,,+30.5dB,12.5us,"[0,",1,32.8,normal,0,valid,-11.9dB,-12.0dB,0.37us,-110.7Hz,,"[6,",1111,1
2025-07-30 13:41:36.906493,PHY,0x4601,1,0,na,"[0,",0,0,1,386.4,+11.6dB,15.5us,"[0,",1,32.9,normal,0,valid,-14.7dB,-15.0dB,na,na,,,,
2025-07-30 13:41:36.910025,PHY,0x4601,2,,na,"[0,",,,11111,,+30.2dB,13.7us,"[0,",1,32.17,normal,0,valid,-12.0dB,-12.1dB,0.37us,+0.2Hz,,"[6,",,1
2025-07-30 13:41:36.910999,PHY,0x4601,1,0,na,"[0,",0,0,1,382.1,+11.6dB,15.7us,"[0,",1,32.18,normal,0,valid,-14.8dB,-15.0dB,na,na,,,,
2025-07-30 13:41:36.911461,PHY,0x4601,1,0,na,"[0,",0,0,1,394.8,+11.7dB,13.3us,"[0,",1,32.19,normal,0,valid,-14.7dB,-15.0dB,na,na,,,,
2025-07-30 13:41:36.916095,PHY,0x4601,1,0,na,"[0,",0,0,1,390.8,+11.7dB,17.4us,"[0,",1,33.8,normal,0,valid,-14.8dB,-15.1dB,na,na,,,,
2025-07-30 13:41:36.916518,PHY,0x4601,1,0,na,"[0,",0,0,1,378.5,+11.5dB,14.8us,"[0,",1,33.9,normal,0,valid,-14.7dB,-15.1dB,na,na,,,,
2025-07-30 13:41:36.920081,PHY,0x4601,2,,na,"[0,",,,11111,,+31.1dB,15.7us,"[0,",1,33.17,normal,0,valid,-12.0dB,-12.2dB,0.37us,-170.2Hz,,"[6,",,1
2025-07-30 13:41:36.920999,PHY,0x4601,1,0,na,"[0,",0,0,1,331.7,+10.9dB,15.8us,"[0,",1,33.18,normal,0,valid,-14.8dB,-15.2dB,na,na,,,,
2025-07-30 13:41:36.921510,PHY,0x4601,1,0,na,"[0,",0,0,1,330.8,+10.9dB,25.1us,"[0,",1,33.19,normal,0,valid,-14.8dB,-15.1dB,na,na,,,,
2025-07-30 13:41:36.925603,CSI,0x4601,2,,na,"[0,",,,1,,+28.9dB,12.9us,"[0,",1,34.8,normal,0,valid,-11.9dB,-12.0dB,0.39us,-88.7Hz,,"[6,",1111,1
2025-07-30 13:41:36.926455,PHY,0x4601,1,0,na,"[0,",0,0,1,383.2,+11.6dB,21.8us,"[0,",1,34.9,normal,0,valid,-14.8dB,-15.1dB,na,na,,,,
2025-07-30 13:41:36.930104,PHY,0x4601,2,,na,"[0,",,,11111,,+30.9dB,16.4us,"[0,",1,34.17,normal,0,valid,-12.0dB,-12.2dB,0.39us,+31.2Hz,,"[6,",,1
2025-07-30 13:41:36.931040,PHY,0x4601,1,0,na,"[0,",0,0,1,331.7,+10.9dB,21.2us,"[0,",1,34.18,normal,0,valid,-14.8dB,-15.1dB,na,na,,,,
2025-07-30 13:41:36.931512,PHY,0x4601,1,0,na,"[0,",0,0,1,320.9,+10.8dB,21.9us,"[0,",1,34.19,normal,0,valid,-14.8dB,-15.1dB,na,na,,,,
2025-07-30 13:41:36.936005,PHY,0x4601,1,0,na,"[0,",0,0,1,374.0,+11.5dB,18.6us,"[0,",1,35.8,normal,0,valid,-14.8dB,-15.0dB,na,na,,,,
2025-07-30 13:41:36.936496,PHY,0x4601,1,0,na,"[0,",0,0,1,417.8,+11.9dB,14.7us,"[0,",1,35.9,normal,0,valid,-14.8dB,-15.1dB,na,na,,,,
2025-07-30 13:41:36.940013,PHY,0x4601,2,,na,"[0,",,,11111,,+31.7dB,15.5us,"[0,",1,35.17,normal,0,valid,-11.9dB,-12.1dB,0.38us,+47.3Hz,,"[6,",,1
2025-07-30 13:41:36.940985,PHY,0x4601,1,0,na,"[0,",0,0,1,383.3,+11.6dB,23.4us,"[0,",1,35.18,normal,0,valid,-14.8dB,-15.1dB,na,na,,,,
2025-07-30 13:41:36.941588,PHY,0x4601,1,0,na,"[0,",0,0,1,385.3,+11.6dB,14.6us,"[0,",1,35.19,normal,0,valid,-14.8dB,-15.1dB,na,na,,,,
2025-07-30 13:41:36.945563,CSI,0x4601,2,,na,"[0,",,,1,,+28.6dB,12.5us,"[0,",1,36.8,normal,0,valid,-12.0dB,-12.1dB,0.37us,+28.7Hz,,"[6,",1111,1
2025-07-30 13:41:36.946501,PHY,0x4601,1,0,na,"[0,",0,0,1,319.9,+10.8dB,15.9us,"[0,",1,36.9,normal,0,valid,-14.8dB,-15.1dB,na,na,,,,
2025-07-30 13:41:36.950049,PHY,0x4601,2,,na,"[0,",,,11111,,+30.4dB,15.3us,"[0,",1,36.17,normal,0,valid,-12.0dB,-12.2dB,0.38us,-20.1Hz,,"[6,",,1
2025-07-30 13:41:36.950986,PHY,0x4601,1,0,na,"[0,",0,0,1,340.3,+11.1dB,17.1us,"[0,",1,36.18,normal,0,valid,-14.7dB,-15.1dB,na,na,,,,
2025-07-30 13:41:36.951488,PHY,0x4601,1,0,na,"[0,",0,0,1,323.1,+10.8dB,13.6us,"[0,",1,36.19,normal,0,valid,-14.8dB,-15.1dB,na,na,,,,
2025-07-30 13:41:36.955971,PHY,0x4601,1,0,na,"[0,",0,0,1,385.5,+11.6dB,16.7us,"[0,",1,37.8,normal,0,valid,-14.8dB,-15.1dB,na,na,,,,
2025-07-30 13:41:36.956541,PHY,0x4601,1,0,na,"[0,",0,0,1,379.7,+11.5dB,19.3us,"[0,",1,37.9,normal,0,valid,-14.8dB,-15.1dB,na,na,,,,
2025-07-30 13:41:36.960104,PHY,0x4601,2,,na,"[0,",,,11111,,+29.2dB,16.0us,"[0,",1,37.17,normal,0,valid,-11.9dB,-12.0dB,0.36us,+43.9Hz,,"[6,",,1
2025-07-30 13:41:36.961016,PHY,0x4601,1,0,na,"[0,",0,0,1,379.7,+11.5dB,16.6us,"[0,",1,37.18,normal,0,valid,-14.8dB,-15.1dB,na,na,,,,
2025-07-30 13:41:36.961498,PHY,0x4601,1,0,na,"[0,",0,0,1,398.6,+11.7dB,16.3us,"[0,",1,37.19,normal,0,valid,-14.7dB,-15.0dB,na,na,,,,
2025-07-30 13:41:36.965600,CSI,0x4601,2,,na,"[0,",,,1,,+30.9dB,11.9us,"[0,",1,38.8,normal,0,valid,-11.9dB,-12.0dB,0.39us,-18.1Hz,,"[6,",1111,1
2025-07-30 13:41:36.966478,PHY,0x4601,1,0,na,"[0,",0,0,1,334.8,+11.0dB,18.0us,"[0,",1,38.9,normal,0,valid,-14.8dB,-15.1dB,na,na,,,,
2025-07-30 13:41:36.970135,PHY,0x4601,2,,na,"[0,",,,11111,,+30.1dB,16.8us,"[0,",1,38.17,normal,0,valid,-12.0dB,-12.2dB,0.38us,-30.9Hz,,"[6,",,1
2025-07-30 13:41:36.970965,PHY,0x4601,1,0,na,"[0,",0,0,1,396.7,+11.7dB,17.5us,"[0,",1,38.18,normal,0,valid,-14.8dB,-15.0dB,na,na,,,,
2025-07-30 13:41:36.971526,PHY,0x4601,1,0,na,"[0,",0,0,1,384.3,+11.6dB,16.0us,"[0,",1,38.19,normal,0,valid,-14.8dB,-15.1dB,na,na,,,,
2025-07-30 13:41:36.976057,PHY,0x4601,1,0,na,"[0,",0,0,1,381.5,+11.6dB,16.6us,"[0,",1,39.8,normal,0,valid,-14.8dB,-15.0dB,na,na,,,,
2025-07-30 13:41:36.976507,PHY,0x4601,1,0,na,"[0,",0,0,1,372.5,+11.5dB,19.5us,"[0,",1,39.9,normal,0,valid,-14.7dB,-15.0dB,na,na,,,,
2025-07-30 13:41:36.980039,PHY,0x4601,2,,na,"[0,",,,11111,,+32.0dB,16.4us,"[0,",1,39.17,normal,0,valid,-11.9dB,-12.0dB,0.37us,+108.9Hz,,"[6,",,1
2025-07-30 13:41:36.980975,PHY,0x4601,1,0,na,"[0,",0,0,1,329.8,+10.9dB,15.4us,"[0,",1,39.18,normal,0,valid,-14.8dB,-15.1dB,na,na,,,,
2025-07-30 13:41:36.981468,PHY,0x4601,1,0,na,"[0,",0,0,1,324.7,+10.9dB,13.8us,"[0,",1,39.19,normal,0,valid,-14.7dB,-15.1dB,na,na,,,,
2025-07-30 13:41:36.985598,CSI,0x4601,2,,na,"[0,",,,1,,+28.6dB,15.2us,"[0,",1,40.8,normal,0,valid,-11.8dB,-12.0dB,0.39us,-8.5Hz,,"[6,",1111,1
2025-07-30 13:41:36.986519,PHY,0x4601,1,0,na,"[0,",0,0,1,324.1,+10.8dB,18.0us,"[0,",1,40.9,normal,0,valid,-14.8dB,-15.1dB,na,na,,,,
2025-07-30 13:41:36.990110,PHY,0x4601,2,,na,"[0,",,,11111,,+32.0dB,14.5us,"[0,",1,40.17,normal,0,valid,-11.8dB,-12.0dB,0.40us,-24.7Hz,,"[6,",,1
2025-07-30 13:41:36.991010,PHY,0x4601,1,0,na,"[0,",0,0,1,340.8,+11.1dB,16.9us,"[0,",1,40.18,normal,0,valid,-14.8dB,-15.1dB,na,na,,,,
2025-07-30 13:41:36.991488,PHY,0x4601,1,0,na,"[0,",0,0,1,322.0,+10.8dB,22.5us,"[0,",1,40.19,normal,0,valid,-14.8dB,-15.1dB,na,na,,,,
2025-07-30 13:41:36.995994,PHY,0x4601,1,0,na,"[0,",0,0,1,389.1,+11.6dB,19.1us,"[0,",1,41.8,normal,0,valid,-14.7dB,-15.0dB,na,na,,,,
2025-07-30 13:41:36.996480,PHY,0x4601,1,0,na,"[0,",0,0,1,383.4,+11.5dB,16.0us,"[0,",1,41.9,normal,0,valid,-14.8dB,-15.1dB,na,na,,,,
2025-07-30 13:41:37.000120,PHY,0x4601,2,,na,"[0,",,,11111,,+31.9dB,17.1us,"[0,",1,41.17,normal,0,valid,-11.9dB,-12.0dB,0.39us,+123.6Hz,,"[6,",,1
2025-07-30 13:41:37.001048,PHY,0x4601,1,0,na,"[0,",0,0,1,322.4,+10.8dB,16.9us,"[0,",1,41.18,normal,0,valid,-14.8dB,-15.1dB,na,na,,,,
2025-07-30 13:41:37.001521,PHY,0x4601,1,0,na,"[0,",0,0,1,328.5,+10.9dB,17.1us,"[0,",1,41.19,normal,0,valid,-14.8dB,-15.1dB,na,na,,,,
2025-07-30 13:41:37.005629,CSI,0x4601,2,,na,"[0,",,,1,,+31.8dB,13.1us,"[0,",1,42.8,normal,0,valid,-11.9dB,-12.0dB,0.38us,-9.7Hz,,"[6,",1111,1
2025-07-30 13:41:37.006477,PHY,0x4601,1,0,na,"[0,",0,0,1,385.5,+11.6dB,18.1us,"[0,",1,42.9,normal,0,valid,-14.7dB,-15.0dB,na,na,,,,
2025-07-30 13:41:37.010017,PHY,0x4601,2,,na,"[0,",,,11111,,+29.6dB,14.2us,"[0,",1,42.17,normal,0,valid,-11.9dB,-12.1dB,0.37us,-72.5Hz,,"[6,",,1
2025-07-30 13:41:37.010968,PHY,0x4601,1,0,na,"[0,",0,0,1,394.6,+11.7dB,17.8us,"[0,",1,42.18,normal,0,valid,-14.7dB,-15.0dB,na,na,,,,
2025-07-30 13:41:37.011469,PHY,0x4601,1,0,na,"[0,",0,0,1,383.6,+11.6dB,14.2us,"[0,",1,42.19,normal,0,valid,-14.7dB,-15.0dB,na,na,,,,
2025-07-30 13:41:37.016043,PHY,0x4601,1,0,na,"[0,",0,0,1,396.9,+11.7dB,17.4us,"[0,",1,43.8,normal,0,valid,-14.7dB,-15.0dB,na,na,,,,
2025-07-30 13:41:37.016533,PHY,0x4601,1,0,na,"[0,",0,0,1,388.8,+11.6dB,18.3us,"[0,",1,43.9,normal,0,valid,-14.8dB,-15.1dB,na,na,,,,
2025-07-30 13:41:37.020094,PHY,0x4601,2,,na,"[0,",,,11111,,+30.7dB,16.8us,"[0,",1,43.17,normal,0,valid,-11.9dB,-12.0dB,0.37us,-65.0Hz,,"[6,",,1
2025-07-30 13:41:37.021004,PHY,0x4601,1,0,na,"[0,",0,0,1,329.6,+10.9dB,16.6us,"[0,",1,43.18,normal,0,valid,-14.7dB,-15.1dB,na,na,,,,
2025-07-30 13:41:37.021474,PHY,0x4601,1,0,na,"[0,",0,0,1,331.2,+11.0dB,17.3us,"[0,",1,43.19,normal,0,valid,-14.7dB,-15.1dB,na,na,,,,
2025-07-30 13:41:37.025633,CSI,0x4601,2,,na,"[0,",,,1,,+30.9dB,14.0us,"[0,",1,44.8,normal,0,valid,-11.9dB,-12.0dB,0.39us,-181.7Hz,,"[6,",1111,1
2025-07-30 13:41:37.026550,PHY,0x4601,1,0,na,"[0,",0,0,1,328.5,+10.9dB,17.2us,"[0,",1,44.9,normal,0,valid,-14.8dB,-15.1dB,na,na,,,,
2025-07-30 13:41:37.030128,PHY,0x4601,2,,na,"[0,",,,11111,,+32.8dB,22.2us,"[0,",1,44.17,normal,0,valid,-11.9dB,-12.0dB,0.38us,+25.7Hz,,"[6,",,1
2025-07-30 13:41:37.031033,PHY,0x4601,1,0,na,"[0,",0,0,1,340.6,+11.1dB,16.4us,"[0,",1,44.18,normal,0,valid,-14.7dB,-15.0dB,na,na,,,,
2025-07-30 13:41:37.031512,PHY,0x4601,1,0,na,"[0,",0,0,1,321.1,+10.8dB,15.1us,"[0,",1,44.19,normal,0,valid,-14.7dB,-15.1dB,na,na,,,,
2025-07-30 13:41:37.035990,PHY,0x4601,1,0,na,"[0,",0,0,1,388.1,+11.6dB,16.5us,"[0,",1,45.8,normal,0,valid,-14.7dB,-15.1dB,na,na,,,,
2025-07-30 13:41:37.036464,PHY,0x4601,1,0,na,"[0,",0,0,1,376.2,+11.5dB,16.3us,"[0,",1,45.9,normal,0,valid,-14.7dB,-15.0dB,na,na,,,,
2025-07-30 13:41:37.040120,PHY,0x4601,2,,na,"[0,",,,11111,,+29.8dB,14.6us,"[0,",1,45.17,normal,0,valid,-11.9dB,-12.0dB,0.37us,-21.8Hz,,"[6,",,1
2025-07-30 13:41:37.040953,PHY,0x4601,1,0,na,"[0,",0,0,1,328.6,+10.9dB,17.3us,"[0,",1,45.18,normal,0,valid,-14.7dB,-15.1dB,na,na,,,,
2025-07-30 13:41:37.041546,PHY,0x4601,1,0,na,"[0,",0,0,1,325.8,+10.9dB,13.5us,"[0,",1,45.19,normal,0,valid,-14.7dB,-15.1dB,na,na,,,,
2025-07-30 13:41:37.045562,CSI,0x4601,2,,na,"[0,",,,1,,+26.4dB,14.5us,"[0,",1,46.8,normal,0,valid,-11.9dB,-12.0dB,0.41us,-65.0Hz,,"[6,",1111,1
2025-07-30 13:41:37.046498,PHY,0x4601,1,0,na,"[0,",0,0,1,316.3,+10.7dB,16.6us,"[0,",1,46.9,normal,0,valid,-14.8dB,-15.1dB,na,na,,,,
2025-07-30 13:41:37.050036,PHY,0x4601,2,,na,"[0,",,,11111,,+30.4dB,14.6us,"[0,",1,46.17,normal,0,valid,-12.0dB,-12.1dB,0.40us,-39.2Hz,,"[6,",,1
2025-07-30 13:41:37.050984,PHY,0x4601,1,0,na,"[0,",0,0,1,325.4,+10.9dB,18.4us,"[0,",1,46.18,normal,0,valid,-14.7dB,-15.1dB,na,na,,,,
2025-07-30 13:41:37.051466,PHY,0x4601,1,0,na,"[0,",0,0,1,322.1,+10.8dB,15.0us,"[0,",1,46.19,normal,0,valid,-14.7dB,-15.1dB,na,na,,,,
2025-07-30 13:41:37.055954,PHY,0x4601,1,0,na,"[0,",0,0,1,386.4,+11.6dB,17.6us,"[0,",1,47.8,normal,0,valid,-14.8dB,-15.1dB,na,na,,,,
2025-07-30 13:41:37.056540,PHY,0x4601,1,0,na,"[0,",0,0,1,370.2,+11.4dB,15.4us,"[0,",1,47.9,normal,0,valid,-14.7dB,-15.1dB,na,na,,,,
2025-07-30 13:41:37.060111,PHY,0x4601,2,,na,"[0,",,,11111,,+29.8dB,17.3us,"[0,",1,47.17,normal,0,valid,-12.0dB,-12.1dB,0.37us,+5.8Hz,,"[6,",,1
2025-07-30 13:41:37.061022,PHY,0x4601,1,0,na,"[0,",0,0,1,374.1,+11.5dB,15.6us,"[0,",1,47.18,normal,0,valid,-14.7dB,-15.0dB,na,na,,,,
2025-07-30 13:41:37.061493,PHY,0x4601,1,0,na,"[0,",0,0,1,377.6,+11.5dB,14.3us,"[0,",1,47.19,normal,0,valid,-14.8dB,-15.1dB,na,na,,,,
2025-07-30 13:41:37.065627,CSI,0x4601,2,,na,"[0,",,,1,,+29.9dB,16.5us,"[0,",1,48.8,normal,0,valid,-11.9dB,-12.0dB,0.38us,-34.6Hz,,"[6,",1111,1
2025-07-30 13:41:37.066465,PHY,0x4601,1,0,na,"[0,",0,0,1,316.4,+10.7dB,18.0us,"[0,",1,48.9,normal,0,valid,-14.8dB,-15.1dB,na,na,,,,
2025-07-30 13:41:37.070134,PHY,0x4601,2,,na,"[0,",,,11111,,+31.9dB,16.6us,"[0,",1,48.17,normal,0,valid,-11.9dB,-12.0dB,0.37us,-45.5Hz,,"[6,",,1
2025-07-30 13:41:37.070947,PHY,0x4601,1,0,na,"[0,",0,0,1,366.3,+11.4dB,17.7us,"[0,",1,48.18,normal,0,valid,-14.8dB,-15.1dB,na,na,,,,
2025-07-30 13:41:37.071523,PHY,0x4601,1,0,na,"[0,",0,0,1,374.0,+11.5dB,14.6us,"[0,",1,48.19,normal,0,valid,-14.8dB,-15.1dB,na,na,,,,
2025-07-30 13:41:37.076027,PHY,0x4601,1,0,na,"[0,",0,0,1,392.8,+11.7dB,18.8us,"[0,",1,49.8,normal,0,valid,-14.8dB,-15.1dB,na,na,,,,
2025-07-30 13:41:37.076496,PHY,0x4601,1,0,na,"[0,",0,0,1,383.4,+11.6dB,14.6us,"[0,",1,49.9,normal,0,valid,-14.8dB,-15.1dB,na,na,,,,
2025-07-30 13:41:37.080025,PHY,0x4601,2,,na,"[0,",,,11111,,+30.9dB,16.5us,"[0,",1,49.17,normal,0,valid,-12.0dB,-12.2dB,0.38us,+57.8Hz,,"[6,",,1
2025-07-30 13:41:37.080972,PHY,0x4601,1,0,na,"[0,",0,0,1,377.0,+11.5dB,15.8us,"[0,",1,49.18,normal,0,valid,-14.8dB,-15.1dB,na,na,,,,
2025-07-30 13:41:37.081447,PHY,0x4601,1,0,na,"[0,",0,0,1,389.4,+11.7dB,14.6us,"[0,",1,49.19,normal,0,valid,-14.8dB,-15.0dB,na,na,,,,
2025-07-30 13:41:37.085621,CSI,0x4601,2,,na,"[0,",,,1,,+30.4dB,15.6us,"[0,",1,50.8,normal,0,valid,-11.9dB,-12.0dB,0.39us,+31.4Hz,,"[6,",1111,1
2025-07-30 13:41:37.086522,PHY,0x4601,1,0,na,"[0,",0,0,1,316.9,+10.8dB,16.8us,"[0,",1,50.9,normal,0,valid,-14.8dB,-15.1dB,na,na,,,,
2025-07-30 13:41:37.090097,PHY,0x4601,2,,na,"[0,",,,11111,,+30.2dB,17.3us,"[0,",1,50.17,normal,0,valid,-12.0dB,-12.1dB,0.39us,+30.4Hz,,"[6,",,1
2025-07-30 13:41:37.091016,PHY,0x4601,1,0,na,"[0,",0,0,1,330.4,+10.9dB,21.2us,"[0,",1,50.18,normal,0,valid,-14.7dB,-15.1dB,na,na,,,,
2025-07-30 13:41:37.091484,PHY,0x4601,1,0,na,"[0,",0,0,1,327.5,+10.9dB,15.6us,"[0,",1,50.19,normal,0,valid,-14.7dB,-15.1dB,na,na,,,,
2025-07-30 13:41:37.095990,PHY,0x4601,1,0,na,"[0,",0,0,1,398.8,+11.8dB,23.6us,"[0,",1,51.8,normal,0,valid,-14.8dB,-15.0dB,na,na,,,,
2025-07-30 13:41:37.096442,PHY,0x4601,1,0,na,"[0,",0,0,1,387.3,+11.6dB,14.6us,"[0,",1,51.9,normal,0,valid,-14.7dB,-15.1dB,na,na,,,,
2025-07-30 13:41:37.100088,PHY,0x4601,2,,na,"[0,",,,11111,,+30.0dB,19.7us,"[0,",1,51.17,normal,0,valid,-12.0dB,-12.1dB,0.39us,-35.6Hz,,"[6,",,1
2025-07-30 13:41:37.101032,PHY,0x4601,1,0,na,"[0,",0,0,1,317.7,+10.8dB,17.2us,"[0,",1,51.18,normal,0,valid,-14.7dB,-15.1dB,na,na,,,,
2025-07-30 13:41:37.101511,PHY,0x4601,1,0,na,"[0,",0,0,1,321.9,+10.8dB,14.1us,"[0,",1,51.19,normal,0,valid,-14.7dB,-15.1dB,na,na,,,,
2025-07-30 13:41:37.105608,CSI,0x4601,2,,na,"[0,",,,1,,+33.3dB,15.3us,"[0,",1,52.8,normal,0,valid,-12.0dB,-12.1dB,0.39us,+4.7Hz,,"[6,",1111,1
2025-07-30 13:41:37.106484,PHY,0x4601,1,0,na,"[0,",0,0,1,373.4,+11.5dB,17.2us,"[0,",1,52.9,normal,0,valid,-14.8dB,-15.0dB,na,na,,,,
2025-07-30 13:41:37.110012,PHY,0x4601,2,,na,"[0,",,,11111,,+26.8dB,16.2us,"[0,",1,52.17,normal,0,valid,-12.0dB,-12.1dB,0.39us,+91.9Hz,,"[6,",,1
2025-07-30 13:41:37.110961,PHY,0x4601,1,0,na,"[0,",0,0,1,389.1,+11.7dB,17.2us,"[0,",1,52.18,normal,0,valid,-14.7dB,-15.0dB,na,na,,,,
2025-07-30 13:41:37.111543,PHY,0x4601,1,0,na,"[0,",0,0,1,378.1,+11.5dB,13.8us,"[0,",1,52.19,normal,0,valid,-14.7dB,-15.0dB,na,na,,,,
2025-07-30 13:41:37.116024,PHY,0x4601,1,0,na,"[0,",0,0,1,395.1,+11.7dB,17.1us,"[0,",1,53.8,normal,0,valid,-14.7dB,-15.0dB,na,na,,,,
2025-07-30 13:41:37.116522,PHY,0x4601,1,0,na,"[0,",0,0,1,381.4,+11.5dB,17.3us,"[0,",1,53.9,normal,0,valid,-14.7dB,-15.0dB,na,na,,,,
2025-07-30 13:41:37.120040,PHY,0x4601,2,,na,"[0,",,,11111,,+30.9dB,14.9us,"[0,",1,53.17,normal,0,valid,-11.9dB,-12.1dB,0.38us,+7.8Hz,,"[6,",,1
2025-07-30 13:41:37.121002,PHY,0x4601,1,0,na,"[0,",0,0,1,328.5,+10.9dB,16.3us,"[0,",1,53.18,normal,0,valid,-14.7dB,-15.1dB,na,na,,,,
2025-07-30 13:41:37.121466,PHY,0x4601,1,0,na,"[0,",0,0,1,322.4,+10.8dB,14.1us,"[0,",1,53.19,normal,0,valid,-14.8dB,-15.1dB,na,na,,,,
2025-07-30 13:41:37.125606,CSI,0x4601,2,,na,"[0,",,,1,,+31.9dB,12.2us,"[0,",1,54.8,normal,0,valid,-11.9dB,-12.0dB,0.39us,-71.8Hz,,"[6,",1111,1
2025-07-30 13:41:37.126539,PHY,0x4601,1,0,na,"[0,",0,0,1,385.7,+11.6dB,19.4us,"[0,",1,54.9,normal,0,valid,-14.8dB,-15.1dB,na,na,,,,
2025-07-30 13:41:37.130085,PHY,0x4601,2,,na,"[0,",,,11111,,+29.3dB,15.4us,"[0,",1,54.17,normal,0,valid,-11.9dB,-12.1dB,0.38us,+62.3Hz,,"[6,",,1
2025-07-30 13:41:37.131029,PHY,0x4601,1,0,na,"[0,",0,0,1,321.8,+10.8dB,27.7us,"[0,",1,54.18,normal,0,valid,-14.7dB,-15.1dB,na,na,,,,
2025-07-30 13:41:37.131521,PHY,0x4601,1,0,na,"[0,",0,0,1,336.4,+11.0dB,17.2us,"[0,",1,54.19,normal,0,valid,-14.7dB,-15.1dB,na,na,,,,
2025-07-30 13:41:37.136010,PHY,0x4601,1,0,na,"[0,",0,0,1,377.2,+11.5dB,25.6us,"[0,",1,55.8,normal,0,valid,-14.7dB,-15.0dB,na,na,,,,
2025-07-30 13:41:37.136462,PHY,0x4601,1,0,na,"[0,",0,0,1,385.3,+11.6dB,14.8us,"[0,",1,55.9,normal,0,valid,-14.8dB,-15.0dB,na,na,,,,
2025-07-30 13:41:37.140142,PHY,0x4601,2,,na,"[0,",,,11111,,+29.4dB,17.5us,"[0,",1,55.17,normal,0,valid,-12.0dB,-12.1dB,0.37us,-34.4Hz,,"[6,",,1
2025-07-30 13:41:37.140971,PHY,0x4601,1,0,na,"[0,",0,0,1,329.3,+10.9dB,16.6us,"[0,",1,55.18,normal,0,valid,-14.7dB,-15.1dB,na,na,,,,
2025-07-30 13:41:37.141534,PHY,0x4601,1,0,na,"[0,",0,0,1,310.2,+10.7dB,17.2us,"[0,",1,55.19,normal,0,valid,-14.8dB,-15.1dB,na,na,,,,
2025-07-30 13:41:37.145638,CSI,0x4601,2,,na,"[0,",,,1,,+27.2dB,15.5us,"[0,",1,56.8,normal,0,valid,-11.9dB,-12.0dB,0.39us,-39.6Hz,,"[6,",1111,1
2025-07-30 13:41:37.146499,PHY,0x4601,1,0,na,"[0,",0,0,1,393.2,+11.7dB,17.7us,"[0,",1,56.9,normal,0,valid,-14.8dB,-15.1dB,na,na,,,,
2025-07-30 13:41:37.150032,PHY,0x4601,2,,na,"[0,",,,11111,,+30.5dB,15.6us,"[0,",1,56.17,normal,0,valid,-11.9dB,-12.0dB,0.37us,+103.9Hz,,"[6,",,1
2025-07-30 13:41:37.150998,PHY,0x4601,1,0,na,"[0,",0,0,1,396.6,+11.7dB,17.6us,"[0,",1,56.18,normal,0,valid,-14.8dB,-15.1dB,na,na,,,,
2025-07-30 13:41:37.151460,PHY,0x4601,1,0,na,"[0,",0,0,1,382.2,+11.6dB,14.6us,"[0,",1,56.19,normal,0,valid,-14.7dB,-15.0dB,na,na,,,,
2025-07-30 13:41:37.155952,PHY,0x4601,1,0,na,"[0,",0,0,1,384.3,+11.6dB,16.7us,"[0,",1,57.8,normal,0,valid,-14.8dB,-15.1dB,na,na,,,,
2025-07-30 13:41:37.156541,PHY,0x4601,1,0,na,"[0,",0,0,1,389.5,+11.6dB,13.8us,"[0,",1,57.9,normal,0,valid,-14.7dB,-15.1dB,na,na,,,,
2025-07-30 13:41:37.160073,PHY,0x4601,2,,na,"[0,",,,11111,,+29.5dB,22.2us,"[0,",1,57.17,normal,0,valid,-12.0dB,-12.2dB,0.37us,+52.6Hz,,"[6,",,1
2025-07-30 13:41:37.161005,PHY,0x4601,1,0,na,"[0,",0,0,1,331.8,+10.9dB,18.4us,"[0,",1,57.18,normal,0,valid,-14.7dB,-15.1dB,na,na,,,,
2025-07-30 13:41:37.161505,PHY,0x4601,1,0,na,"[0,",0,0,1,328.8,+10.9dB,16.0us,"[0,",1,57.19,normal,0,valid,-14.7dB,-15.1dB,na,na,,,,
2025-07-30 13:41:37.165626,CSI,0x4601,2,,na,"[0,",,,1,,+31.2dB,13.0us,"[0,",1,58.8,normal,0,valid,-12.0dB,-12.2dB,0.39us,+29.4Hz,,"[6,",1111,1
2025-07-30 13:41:37.166466,PHY,0x4601,1,0,na,"[0,",0,0,1,316.1,+10.7dB,18.6us,"[0,",1,58.9,normal,0,valid,-14.8dB,-15.1dB,na,na,,,,
2025-07-30 13:41:37.170126,PHY,0x4601,2,,na,"[0,",,,11111,,+28.5dB,17.7us,"[0,",1,58.17,normal,0,valid,-12.0dB,-12.2dB,0.40us,+17.2Hz,,"[6,",,1
2025-07-30 13:41:37.171087,PHY,0x4601,1,0,na,"[0,",0,0,1,323.9,+10.9dB,17.9us,"[0,",1,58.18,normal,0,valid,-14.8dB,-15.1dB,na,na,,,,
2025-07-30 13:41:37.171509,PHY,0x4601,1,0,na,"[0,",0,0,1,324.7,+10.8dB,14.7us,"[0,",1,58.19,normal,0,valid,-14.8dB,-15.1dB,na,na,,,,
2025-07-30 13:41:37.176005,PHY,0x4601,1,0,na,"[0,",0,0,1,385.7,+11.6dB,20.9us,"[0,",1,59.8,normal,0,valid,-14.7dB,-15.0dB,na,na,,,,
2025-07-30 13:41:37.176506,PHY,0x4601,1,0,na,"[0,",0,0,1,389.2,+11.7dB,16.1us,"[0,",1,59.9,normal,0,valid,-14.7dB,-15.0dB,na,na,,,,
2025-07-30 13:41:37.180025,PHY,0x4601,2,,na,"[0,",,,11111,,+30.5dB,20.5us,"[0,",1,59.17,normal,0,valid,-11.9dB,-12.1dB,0.37us,+30.3Hz,,"[6,",,1
2025-07-30 13:41:37.180984,PHY,0x4601,1,0,na,"[0,",0,0,1,381.8,+11.6dB,15.6us,"[0,",1,59.18,normal,0,valid,-14.8dB,-15.0dB,na,na,,,,
2025-07-30 13:41:37.181445,PHY,0x4601,1,0,na,"[0,",0,0,1,394.1,+11.7dB,14.4us,"[0,",1,59.19,normal,0,valid,-14.7dB,-15.0dB,na,na,,,,
2025-07-30 13:41:37.185570,CSI,0x4601,2,,na,"[0,",,,1,,+32.2dB,12.8us,"[0,",1,60.8,normal,0,valid,-11.9dB,-12.0dB,0.39us,-19.2Hz,,"[6,",1111,1
2025-07-30 13:41:37.186521,PHY,0x4601,1,0,na,"[0,",0,0,1,389.6,+11.6dB,23.9us,"[0,",1,60.9,normal,0,valid,-14.8dB,-15.1dB,na,na,,,,
2025-07-30 13:41:37.190067,PHY,0x4601,2,,na,"[0,",,,11111,,+28.3dB,15.0us,"[0,",1,60.17,normal,0,valid,-11.9dB,-12.0dB,0.38us,+42.1Hz,,"[6,",,1
2025-07-30 13:41:37.190998,PHY,0x4601,1,0,na,"[0,",0,0,1,398.6,+11.7dB,16.6us,"[0,",1,60.18,normal,0,valid,-14.8dB,-15.1dB,na,na,,,,
2025-07-30 13:41:37.191483,PHY,0x4601,1,0,na,"[0,",0,0,1,368.4,+11.4dB,13.7us,"[0,",1,60.19,normal,0,valid,-14.7dB,-15.0dB,na,na,,,,
2025-07-30 13:41:37.195991,PHY,0x4601,1,0,na,"[0,",0,0,1,388.1,+11.6dB,17.0us,"[0,",1,61.8,normal,0,valid,-14.8dB,-15.1dB,na,na,,,,
2025-07-30 13:41:37.196543,PHY,0x4601,1,0,na,"[0,",0,0,1,385.0,+11.6dB,14.8us,"[0,",1,61.9,normal,0,valid,-14.8dB,-15.1dB,na,na,,,,
2025-07-30 13:41:37.200103,PHY,0x4601,2,,na,"[0,",,,11111,,+29.4dB,15.0us,"[0,",1,61.17,normal,0,valid,-12.0dB,-12.2dB,0.38us,-92.0Hz,,"[6,",,1
2025-07-30 13:41:37.201027,PHY,0x4601,1,0,na,"[0,",0,0,1,317.5,+10.8dB,16.0us,"[0,",1,61.18,normal,0,valid,-14.8dB,-15.1dB,na,na,,,,
2025-07-30 13:41:37.201500,PHY,0x4601,1,0,na,"[0,",0,0,1,317.0,+10.7dB,14.3us,"[0,",1,61.19,normal,0,valid,-14.7dB,-15.1dB,na,na,,,,
2025-07-30 13:41:37.205593,CSI,0x4601,2,,na,"[0,",,,1,,+31.7dB,12.9us,"[0,",1,62.8,normal,0,valid,-11.8dB,-12.0dB,0.39us,-126.0Hz,,"[6,",1111,1
2025-07-30 13:41:37.206483,PHY,0x4601,1,0,na,"[0,",0,0,1,322.2,+10.8dB,16.1us,"[0,",1,62.9,normal,0,valid,-14.7dB,-15.1dB,na,na,,,,
2025-07-30 13:41:37.210146,PHY,0x4601,2,,na,"[0,",,,11111,,+32.6dB,13.3us,"[0,",1,62.17,normal,0,valid,-12.0dB,-12.1dB,0.38us,+19.7Hz,,"[6,",,1
2025-07-30 13:41:37.210971,PHY,0x4601,1,0,na,"[0,",0,0,1,324.6,+10.8dB,16.3us,"[0,",1,62.18,normal,0,valid,-14.7dB,-15.1dB,na,na,,,,
2025-07-30 13:41:37.211540,PHY,0x4601,1,0,na,"[0,",0,0,1,315.0,+10.7dB,25.4us,"[0,",1,62.19,normal,0,valid,-14.8dB,-15.1dB,na,na,,,,
2025-07-30 13:41:37.216024,PHY,0x4601,1,0,na,"[0,",0,0,1,383.5,+11.6dB,17.4us,"[0,",1,63.8,normal,0,valid,-14.7dB,-15.0dB,na,na,,,,
2025-07-30 13:41:37.216505,PHY,0x4601,1,0,na,"[0,",0,0,1,370.1,+11.4dB,15.5us,"[0,",1,63.9,normal,0,valid,-14.7dB,-15.0dB,na,na,,,,
2025-07-30 13:41:37.220048,PHY,0x4601,2,,na,"[0,",,,11111,,+29.7dB,15.7us,"[0,",1,63.17,normal,0,valid,-12.0dB,-12.1dB,0.37us,+17.6Hz,,"[6,",,1
2025-07-30 13:41:37.220981,PHY,0x4601,1,0,na,"[0,",0,0,1,382.6,+11.6dB,16.4us,"[0,",1,63.18,normal,0,valid,-14.8dB,-15.1dB,na,na,,,,
2025-07-30 13:41:37.221485,PHY,0x4601,1,0,na,"[0,",0,0,1,385.9,+11.6dB,15.3us,"[0,",1,63.19,normal,0,valid,-14.8dB,-15.1dB,na,na,,,,
2025-07-30 13:41:37.225634,CSI,0x4601,2,,na,"[0,",,,1,,+32.8dB,12.6us,"[0,",1,64.8,normal,0,valid,-12.0dB,-12.1dB,0.39us,-162.4Hz,,"[6,",1111,1
2025-07-30 13:41:37.226529,PHY,0x4601,1,0,na,"[0,",0,0,1,396.6,+11.7dB,16.2us,"[0,",1,64.9,normal,0,valid,-14.8dB,-15.0dB,na,na,,,,
2025-07-30 13:41:37.230083,PHY,0x4601,2,,na,"[0,",,,11111,,+31.8dB,13.9us,"[0,",1,64.17,normal,0,valid,-12.0dB,-12.2dB,0.38us,+23.6Hz,,"[6,",,1
2025-07-30 13:41:37.231017,PHY,0x4601,1,0,na,"[0,",0,0,1,381.8,+11.6dB,15.5us,"[0,",1,64.18,normal,0,valid,-14.8dB,-15.1dB,na,na,,,,
2025-07-30 13:41:37.231494,PHY,0x4601,1,0,na,"[0,",0,0,1,403.8,+11.8dB,18.2us,"[0,",1,64.19,normal,0,valid,-14.7dB,-15.0dB,na,na,,,,
2025-07-30 13:41:37.235997,PHY,0x4601,1,0,na,"[0,",0,0,1,392.4,+11.7dB,18.9us,"[0,",1,65.8,normal,0,valid,-14.8dB,-15.1dB,na,na,,,,
2025-07-30 13:41:37.236482,PHY,0x4601,1,0,na,"[0,",0,0,1,378.6,+11.5dB,27.0us,"[0,",1,65.9,normal,0,valid,-14.7dB,-15.1dB,na,na,,,,
2025-07-30 13:41:37.240130,PHY,0x4601,2,,na,"[0,",,,11111,,+30.4dB,19.3us,"[0,",1,65.17,normal,0,valid,-12.0dB,-12.1dB,0.37us,+53.8Hz,,"[6,",,1
2025-07-30 13:41:37.240963,PHY,0x4601,1,0,na,"[0,",0,0,1,385.8,+11.6dB,15.7us,"[0,",1,65.18,normal,0,valid,-14.8dB,-15.1dB,na,na,,,,
2025-07-30 13:41:37.241523,PHY,0x4601,1,0,na,"[0,",0,0,1,381.7,+11.5dB,18.1us,"[0,",1,65.19,normal,0,valid,-14.7dB,-15.0dB,na,na,,,,
2025-07-30 13:41:37.245628,CSI,0x4601,2,,na,"[0,",,,1,,+31.1dB,14.8us,"[0,",1,66.8,normal,0,valid,-11.9dB,-12.0dB,0.39us,-61.0Hz,,"[6,",1111,1
2025-07-30 13:41:37.246483,PHY,0x4601,1,0,na,"[0,",0,0,1,384.0,+11.6dB,21.3us,"[0,",1,66.9,normal,0,valid,-14.8dB,-15.1dB,na,na,,,,
2025-07-30 13:41:37.250032,PHY,0x4601,2,,na,"[0,",,,11111,,+28.9dB,14.4us,"[0,",1,66.17,normal,0,valid,-11.9dB,-12.1dB,0.37us,+26.0Hz,,"[6,",,1
2025-07-30 13:41:37.250971,PHY,0x4601,1,0,na,"[0,",0,0,1,323.4,+10.8dB,16.5us,"[0,",1,66.18,normal,0,valid,-14.8dB,-15.1dB,na,na,,,,
2025-07-30 13:41:37.251468,PHY,0x4601,1,0,na,"[0,",0,0,1,323.2,+10.9dB,14.8us,"[0,",1,66.19,normal,0,valid,-14.8dB,-15.1dB,na,na,,,,
2025-07-30 13:41:37.256048,PHY,0x4601,1,0,na,"[0,",0,0,1,377.2,+11.5dB,17.2us,"[0,",1,67.8,normal,0,valid,-14.8dB,-15.1dB,na,na,,,,
2025-07-30 13:41:37.256526,PHY,0x4601,1,0,na,"[0,",0,0,1,380.5,+11.6dB,15.8us,"[0,",1,67.9,normal,0,valid,-14.8dB,-15.0dB,na,na,,,,
2025-07-30 13:41:37.260072,PHY,0x4601,2,,na,"[0,",,,11111,,+30.8dB,16.0us,"[0,",1,67.17,normal,0,valid,-12.0dB,-12.1dB,0.37us,-123.5Hz,,"[6,",,1
2025-07-30 13:41:37.261005,PHY,0x4601,1,0,na,"[0,",0,0,1,327.6,+10.9dB,17.0us,"[0,",1,67.18,normal,0,valid,-14.8dB,-15.1dB,na,na,,,,
2025-07-30 13:41:37.261477,PHY,0x4601,1,0,na,"[0,",0,0,1,329.2,+10.9dB,14.2us,"[0,",1,67.19,normal,0,valid,-14.7dB,-15.1dB,na,na,,,,
2025-07-30 13:41:37.265651,CSI,0x4601,2,,na,"[0,",,,1,,+29.3dB,24.8us,"[0,",1,68.8,normal,0,valid,-12.0dB,-12.1dB,0.38us,+20.0Hz,,"[6,",1111,1
2025-07-30 13:41:37.266458,PHY,0x4601,1,0,na,"[0,",0,0,1,376.8,+11.5dB,16.4us,"[0,",1,68.9,normal,0,valid,-14.8dB,-15.1dB,na,na,,,,
2025-07-30 13:41:37.270122,PHY,0x4601,2,,na,"[0,",,,11111,,+28.7dB,16.8us,"[0,",1,68.17,normal,0,valid,-12.1dB,-12.3dB,0.39us,+42.8Hz,,"[6,",,1
2025-07-30 13:41:37.271045,PHY,0x4601,1,0,na,"[0,",0,0,1,330.3,+10.9dB,18.3us,"[0,",1,68.18,normal,0,valid,-14.7dB,-15.1dB,na,na,,,,
2025-07-30 13:41:37.271506,PHY,0x4601,1,0,na,"[0,",0,0,1,322.4,+10.9dB,15.0us,"[0,",1,68.19,normal,0,valid,-14.8dB,-15.1dB,na,na,,,,
2025-07-30 13:41:37.276002,PHY,0x4601,1,0,na,"[0,",0,0,1,377.4,+11.5dB,18.5us,"[0,",1,69.8,normal,0,valid,-14.8dB,-15.0dB,na,na,,,,
2025-07-30 13:41:37.276491,PHY,0x4601,1,0,na,"[0,",0,0,1,371.7,+11.4dB,31.2us,"[0,",1,69.9,normal,0,valid,-14.8dB,-15.1dB,na,na,,,,
2025-07-30 13:41:37.280023,PHY,0x4601,2,,na,"[0,",,,11111,,+29.2dB,14.7us,"[0,",1,69.17,normal,0,valid,-11.9dB,-12.0dB,0.39us,+55.9Hz,,"[6,",,1
2025-07-30 13:41:37.280960,PHY,0x4601,1,0,na,"[0,",0,0,1,323.5,+10.8dB,15.3us,"[0,",1,69.18,normal,0,valid,-14.7dB,-15.1dB,na,na,,,,
2025-07-30 13:41:37.281551,PHY,0x4601,1,0,na,"[0,",0,0,1,324.0,+10.8dB,18.2us,"[0,",1,69.19,normal,0,valid,-14.7dB,-15.1dB,na,na,,,,
2025-07-30 13:41:37.285561,CSI,0x4601,2,,na,"[0,",,,1,,+28.5dB,15.2us,"[0,",1,70.8,normal,0,valid,-11.9dB,-12.1dB,0.40us,+16.1Hz,,"[6,",1111,1
2025-07-30 13:41:37.286506,PHY,0x4601,1,0,na,"[0,",0,0,1,368.1,+11.4dB,16.8us,"[0,",1,70.9,normal,0,valid,-14.8dB,-15.1dB,na,na,,,,
2025-07-30 13:41:37.290047,PHY,0x4601,2,,na,"[0,",,,11111,,+28.7dB,13.9us,"[0,",1,70.17,normal,0,valid,-12.0dB,-12.2dB,0.39us,+3.4Hz,,"[6,",,1
2025-07-30 13:41:37.290990,PHY,0x4601,1,0,na,"[0,",0,0,1,321.1,+10.8dB,15.5us,"[0,",1,70.18,normal,0,valid,-14.8dB,-15.1dB,na,na,,,,
2025-07-30 13:41:37.291468,PHY,0x4601,1,0,na,"[0,",0,0,1,326.0,+10.9dB,16.4us,"[0,",1,70.19,normal,0,valid,-14.7dB,-15.1dB,na,na,,,,
2025-07-30 13:41:37.295961,PHY,0x4601,1,0,na,"[0,",0,0,1,381.7,+11.5dB,16.2us,"[0,",1,71.8,normal,0,valid,-14.7dB,-15.1dB,na,na,,,,
2025-07-30 13:41:37.296550,PHY,0x4601,1,0,na,"[0,",0,0,1,370.2,+11.4dB,14.6us,"[0,",1,71.9,normal,0,valid,-14.7dB,-15.0dB,na,na,,,,
2025-07-30 13:41:37.300122,PHY,0x4601,2,,na,"[0,",,,11111,,+29.5dB,14.7us,"[0,",1,71.17,normal,0,valid,-11.9dB,-12.1dB,0.37us,+36.3Hz,,"[6,",,1
2025-07-30 13:41:37.301026,PHY,0x4601,1,0,na,"[0,",0,0,1,320.6,+10.8dB,21.0us,"[0,",1,71.18,normal,0,valid,-14.7dB,-15.1dB,na,na,,,,
2025-07-30 13:41:37.301493,PHY,0x4601,1,0,na,"[0,",0,0,1,317.4,+10.7dB,13.4us,"[0,",1,71.19,normal,0,valid,-14.8dB,-15.1dB,na,na,,,,
2025-07-30 13:41:37.305596,CSI,0x4601,2,,na,"[0,",,,1,,+28.0dB,11.0us,"[0,",1,72.8,normal,0,valid,-11.8dB,-12.0dB,0.40us,+35.4Hz,,"[6,",1111,1
2025-07-30 13:41:37.306463,PHY,0x4601,1,0,na,"[0,",0,0,1,319.2,+10.8dB,20.0us,"[0,",1,72.9,normal,0,valid,-14.8dB,-15.1dB,na,na,,,,
2025-07-30 13:41:37.310117,PHY,0x4601,2,,na,"[0,",,,11111,,+28.5dB,15.9us,"[0,",1,72.17,normal,0,valid,-11.9dB,-12.1dB,0.40us,+57.5Hz,,"[6,",,1
2025-07-30 13:41:37.310951,PHY,0x4601,1,0,na,"[0,",0,0,1,380.9,+11.6dB,16.7us,"[0,",1,72.18,normal,0,valid,-14.8dB,-15.0dB,na,na,,,,
2025-07-30 13:41:37.311530,PHY,0x4601,1,0,na,"[0,",0,0,1,398.2,+11.8dB,14.7us,"[0,",1,72.19,normal,0,valid,-14.8dB,-15.0dB,na,na,,,,
2025-07-30 13:41:37.316027,PHY,0x4601,1,0,na,"[0,",0,0,1,378.7,+11.5dB,17.0us,"[0,",1,73.8,normal,0,valid,-14.7dB,-15.0dB,na,na,,,,
2025-07-30 13:41:37.316517,PHY,0x4601,1,0,na,"[0,",0,0,1,387.4,+11.6dB,15.9us,"[0,",1,73.9,normal,0,valid,-14.8dB,-15.0dB,na,na,,,,
2025-07-30 13:41:37.320031,PHY,0x4601,2,,na,"[0,",,,11111,,+30.5dB,15.8us,"[0,",1,73.17,normal,0,valid,-11.9dB,-12.0dB,0.36us,+24.8Hz,,"[6,",,1
2025-07-30 13:41:37.320986,PHY,0x4601,1,0,na,"[0,",0,0,1,318.5,+10.8dB,16.4us,"[0,",1,73.18,normal,0,valid,-14.7dB,-15.1dB,na,na,,,,
2025-07-30 13:41:37.321450,PHY,0x4601,1,0,na,"[0,",0,0,1,336.4,+11.0dB,15.1us,"[0,",1,73.19,normal,0,valid,-14.7dB,-15.1dB,na,na,,,,
2025-07-30 13:41:37.325586,CSI,0x4601,2,,na,"[0,",,,1,,+28.7dB,13.9us,"[0,",1,74.8,normal,0,valid,-11.9dB,-12.1dB,0.39us,+37.5Hz,,"[6,",1111,1
2025-07-30 13:41:37.326522,PHY,0x4601,1,0,na,"[0,",0,0,1,367.1,+11.4dB,17.3us,"[0,",1,74.9,normal,0,valid,-14.8dB,-15.1dB,na,na,,,,
2025-07-30 13:41:37.330092,PHY,0x4601,2,,na,"[0,",,,11111,,+28.6dB,17.0us,"[0,",1,74.17,normal,0,valid,-11.9dB,-12.1dB,0.38us,-45.7Hz,,"[6,",,1
2025-07-30 13:41:37.331019,PHY,0x4601,1,0,na,"[0,",0,0,1,334.1,+11.0dB,15.9us,"[0,",1,74.18,normal,0,valid,-14.7dB,-15.1dB,na,na,,,,
2025-07-30 13:41:37.331484,PHY,0x4601,1,0,na,"[0,",0,0,1,315.4,+10.7dB,16.0us,"[0,",1,74.19,normal,0,valid,-14.8dB,-15.1dB,na,na,,,,
2025-07-30 13:41:37.335968,PHY,0x4601,1,0,na,"[0,",0,0,1,379.1,+11.5dB,17.1us,"[0,",1,75.8,normal,0,valid,-14.7dB,-15.0dB,na,na,,,,
2025-07-30 13:41:37.336441,PHY,0x4601,1,0,na,"[0,",0,0,1,379.5,+11.5dB,15.9us,"[0,",1,75.9,normal,0,valid,-14.8dB,-15.0dB,na,na,,,,
2025-07-30 13:41:37.340126,PHY,0x4601,2,,na,"[0,",,,11111,,+33.0dB,15.4us,"[0,",1,75.17,normal,0,valid,-12.1dB,-12.2dB,0.38us,+8.0Hz,,"[6,",,1
2025-07-30 13:41:37.341042,PHY,0x4601,1,0,na,"[0,",0,0,1,334.1,+11.0dB,21.4us,"[0,",1,75.18,normal,0,valid,-14.8dB,-15.1dB,na,na,,,,
2025-07-30 13:41:37.341511,PHY,0x4601,1,0,na,"[0,",0,0,1,311.4,+10.7dB,13.8us,"[0,",1,75.19,normal,0,valid,-14.8dB,-15.1dB,na,na,,,,
2025-07-30 13:41:37.345616,CSI,0x4601,2,,na,"[0,",,,1,,+28.2dB,12.6us,"[0,",1,76.8,normal,0,valid,-11.8dB,-12.0dB,0.39us,-78.2Hz,,"[6,",1111,1
2025-07-30 13:41:37.346484,PHY,0x4601,1,0,na,"[0,",0,0,1,322.7,+10.8dB,15.9us,"[0,",1,76.9,normal,0,valid,-14.7dB,-15.1dB,na,na,,,,
2025-07-30 13:41:37.350011,PHY,0x4601,2,,na,"[0,",,,11111,,+29.7dB,14.3us,"[0,",1,76.17,normal,0,valid,-12.0dB,-12.2dB,0.39us,-11.0Hz,,"[6,",,1
2025-07-30 13:41:37.350960,PHY,0x4601,1,0,na,"[0,",0,0,1,320.1,+10.8dB,16.1us,"[0,",1,76.18,normal,0,valid,-14.8dB,-15.1dB,na,na,,,,
2025-07-30 13:41:37.351437,PHY,0x4601,1,0,na,"[0,",0,0,1,321.1,+10.8dB,14.3us,"[0,",1,76.19,normal,0,valid,-14.7dB,-15.1dB,na,na,,,,
2025-07-30 13:41:37.356033,PHY,0x4601,1,0,na,"[0,",0,0,1,391.7,+11.7dB,18.7us,"[0,",1,77.8,normal,0,valid,-14.7dB,-15.0dB,na,na,,,,
2025-07-30 13:41:37.356520,PHY,0x4601,1,0,na,"[0,",0,0,1,375.9,+11.5dB,15.2us,"[0,",1,77.9,normal,0,valid,-14.7dB,-15.0dB,na,na,,,,
2025-07-30 13:41:37.360094,PHY,0x4601,2,,na,"[0,",,,11111,,+27.7dB,15.7us,"[0,",1,77.17,normal,0,valid,-11.9dB,-12.0dB,0.38us,-1.0Hz,,"[6,",,1
2025-07-30 13:41:37.361012,PHY,0x4601,1,0,na,"[0,",0,0,1,329.9,+10.9dB,16.5us,"[0,",1,77.18,normal,0,valid,-14.7dB,-15.1dB,na,na,,,,
2025-07-30 13:41:37.361477,PHY,0x4601,1,0,na,"[0,",0,0,1,315.5,+10.7dB,17.1us,"[0,",1,77.19,normal,0,valid,-14.8dB,-15.1dB,na,na,,,,
2025-07-30 13:41:37.365609,CSI,0x4601,2,,na,"[0,",,,1,,+33.3dB,15.0us,"[0,",1,78.8,normal,0,valid,-12.0dB,-12.1dB,0.38us,-39.7Hz,,"[6,",1111,1
2025-07-30 13:41:37.366538,PHY,0x4601,1,0,na,"[0,",0,0,1,317.5,+10.8dB,18.1us,"[0,",1,78.9,normal,0,valid,-14.8dB,-15.1dB,na,na,,,,
2025-07-30 13:41:37.370099,PHY,0x4601,2,,na,"[0,",,,11111,,+29.3dB,15.2us,"[0,",1,78.17,normal,0,valid,-11.9dB,-12.1dB,0.40us,-8.3Hz,,"[6,",,1
2025-07-30 13:41:37.371025,PHY,0x4601,1,0,na,"[0,",0,0,1,322.3,+10.8dB,18.6us,"[0,",1,78.18,normal,0,valid,-14.7dB,-15.1dB,na,na,,,,
2025-07-30 13:41:37.371509,PHY,0x4601,1,0,na,"[0,",0,0,1,318.9,+10.7dB,14.1us,"[0,",1,78.19,normal,0,valid,-14.8dB,-15.2dB,na,na,,,,
2025-07-30 13:41:37.376016,PHY,0x4601,1,0,na,"[0,",0,0,1,381.6,+11.6dB,20.2us,"[0,",1,79.8,normal,0,valid,-14.8dB,-15.0dB,na,na,,,,
2025-07-30 13:41:37.376486,PHY,0x4601,1,0,na,"[0,",0,0,1,380.9,+11.5dB,27.7us,"[0,",1,79.9,normal,0,valid,-14.7dB,-15.0dB,na,na,,,,
2025-07-30 13:41:37.380117,PHY,0x4601,2,,na,"[0,",,,11111,,+29.9dB,16.7us,"[0,",1,79.17,normal,0,valid,-11.9dB,-12.0dB,0.38us,+85.5Hz,,"[6,",,1
2025-07-30 13:41:37.380950,PHY,0x4601,1,0,na,"[0,",0,0,1,321.6,+10.8dB,19.4us,"[0,",1,79.18,normal,0,valid,-14.7dB,-15.1dB,na,na,,,,
2025-07-30 13:41:37.381529,PHY,0x4601,1,0,na,"[0,",0,0,1,330.0,+10.9dB,18.7us,"[0,",1,79.19,normal,0,valid,-14.7dB,-15.1dB,na,na,,,,
2025-07-30 13:41:37.385607,CSI,0x4601,2,,na,"[0,",,,1,,+28.8dB,13.2us,"[0,",1,80.8,normal,0,valid,-11.9dB,-12.0dB,0.39us,+23.7Hz,,"[6,",1111,1
2025-07-30 13:41:37.386524,PHY,0x4601,1,0,na,"[0,",0,0,1,378.5,+11.5dB,17.1us,"[0,",1,80.9,normal,0,valid,-14.8dB,-15.1dB,na,na,,,,
2025-07-30 13:41:37.390070,PHY,0x4601,2,,na,"[0,",,,11111,,+30.8dB,14.3us,"[0,",1,80.17,normal,0,valid,-11.9dB,-12.0dB,0.39us,-34.7Hz,,"[6,",,1
2025-07-30 13:41:37.390994,PHY,0x4601,1,0,na,"[0,",0,0,1,383.7,+11.6dB,16.8us,"[0,",1,80.18,normal,0,valid,-14.7dB,-15.0dB,na,na,,,,
2025-07-30 13:41:37.391466,PHY,0x4601,1,0,na,"[0,",0,0,1,365.2,+11.4dB,16.6us,"[0,",1,80.19,normal,0,valid,-14.7dB,-15.0dB,na,na,,,,
2025-07-30 13:41:37.395945,PHY,0x4601,1,0,na,"[0,",0,0,1,373.1,+11.5dB,16.5us,"[0,",1,81.8,normal,0,valid,-14.7dB,-15.0dB,na,na,,,,
2025-07-30 13:41:37.396526,PHY,0x4601,1,0,na,"[0,",0,0,1,379.8,+11.5dB,14.4us,"[0,",1,81.9,normal,0,valid,-14.7dB,-15.0dB,na,na,,,,
2025-07-30 13:41:37.400077,PHY,0x4601,2,,na,"[0,",,,11111,,+30.3dB,14.1us,"[0,",1,81.17,normal,0,valid,-11.9dB,-12.0dB,0.39us,-4.0Hz,,"[6,",,1
2025-07-30 13:41:37.401006,PHY,0x4601,1,0,na,"[0,",0,0,1,325.4,+10.9dB,15.8us,"[0,",1,81.18,normal,0,valid,-14.8dB,-15.1dB,na,na,,,,
2025-07-30 13:41:37.401487,PHY,0x4601,1,0,na,"[0,",0,0,1,321.6,+10.8dB,13.7us,"[0,",1,81.19,normal,0,valid,-14.7dB,-15.1dB,na,na,,,,
2025-07-30 13:41:37.405619,CSI,0x4601,2,,na,"[0,",,,1,,+30.8dB,12.7us,"[0,",1,82.8,normal,0,valid,-11.8dB,-11.9dB,0.38us,+80.0Hz,,"[6,",1111,1
2025-07-30 13:41:37.406462,PHY,0x4601,1,0,na,"[0,",0,0,1,311.8,+10.7dB,16.4us,"[0,",1,82.9,normal,0,valid,-14.8dB,-15.1dB,na,na,,,,
2025-07-30 13:41:37.410123,PHY,0x4601,2,,na,"[0,",,,11111,,+30.9dB,17.6us,"[0,",1,82.17,normal,0,valid,-11.9dB,-12.1dB,0.41us,+71.8Hz,,"[6,",,1
2025-07-30 13:41:37.410944,PHY,0x4601,1,0,na,"[0,",0,0,1,388.3,+11.6dB,19.4us,"[0,",1,82.18,normal,0,valid,-14.8dB,-15.1dB,na,na,,,,
2025-07-30 13:41:37.411513,PHY,0x4601,1,0,na,"[0,",0,0,1,380.6,+11.5dB,16.0us,"[0,",1,82.19,normal,0,valid,-14.8dB,-15.0dB,na,na,,,,
2025-07-30 13:41:37.416013,PHY,0x4601,1,0,na,"[0,",0,0,1,379.1,+11.5dB,16.5us,"[0,",1,83.8,normal,0,valid,-14.7dB,-15.0dB,na,na,,,,
2025-07-30 13:41:37.416497,PHY,0x4601,1,0,na,"[0,",0,0,1,393.3,+11.7dB,16.1us,"[0,",1,83.9,normal,0,valid,-14.7dB,-15.0dB,na,na,,,,
2025-07-30 13:41:37.420023,PHY,0x4601,2,,na,"[0,",,,11111,,+30.5dB,14.8us,"[0,",1,83.17,normal,0,valid,-12.0dB,-12.1dB,0.38us,-72.6Hz,,"[6,",,1
2025-07-30 13:41:37.420994,PHY,0x4601,1,0,na,"[0,",0,0,1,317.7,+10.7dB,15.7us,"[0,",1,83.18,normal,0,valid,-14.8dB,-15.1dB,na,na,,,,
2025-07-30 13:41:37.421450,PHY,0x4601,1,0,na,"[0,",0,0,1,328.1,+10.9dB,14.3us,"[0,",1,83.19,normal,0,valid,-14.7dB,-15.0dB,na,na,,,,
2025-07-30 13:41:37.425566,CSI,0x4601,2,,na,"[0,",,,1,,+33.0dB,15.4us,"[0,",1,84.8,normal,0,valid,-12.0dB,-12.1dB,0.38us,+81.1Hz,,"[6,",1111,1
2025-07-30 13:41:37.426516,PHY,0x4601,1,0,na,"[0,",0,0,1,370.8,+11.5dB,16.2us,"[0,",1,84.9,normal,0,valid,-14.8dB,-15.0dB,na,na,,,,
2025-07-30 13:41:37.430071,PHY,0x4601,2,,na,"[0,",,,11111,,+30.9dB,18.7us,"[0,",1,84.17,normal,0,valid,-12.0dB,-12.1dB,0.37us,+18.2Hz,,"[6,",,1
2025-07-30 13:41:37.431001,PHY,0x4601,1,0,na,"[0,",0,0,1,408.9,+11.9dB,17.0us,"[0,",1,84.18,normal,0,valid,-14.7dB,-15.0dB,na,na,,,,
2025-07-30 13:41:37.431495,PHY,0x4601,1,0,na,"[0,",0,0,1,393.7,+11.7dB,13.9us,"[0,",1,84.19,normal,0,valid,-14.7dB,-15.0dB,na,na,,,,
2025-07-30 13:41:37.435988,PHY,0x4601,1,0,na,"[0,",0,0,1,387.0,+11.6dB,15.9us,"[0,",1,85.8,normal,0,valid,-14.8dB,-15.1dB,na,na,,,,
2025-07-30 13:41:37.436446,PHY,0x4601,1,0,na,"[0,",0,0,1,391.4,+11.7dB,17.6us,"[0,",1,85.9,normal,0,valid,-14.8dB,-15.1dB,na,na,,,,
2025-07-30 13:41:37.440108,PHY,0x4601,2,,na,"[0,",,,11111,,+30.7dB,16.0us,"[0,",1,85.17,normal,0,valid,-12.0dB,-12.1dB,0.38us,-39.5Hz,,"[6,",,1
2025-07-30 13:41:37.441071,PHY,0x4601,1,0,na,"[0,",0,0,1,314.2,+10.7dB,15.7us,"[0,",1,85.18,normal,0,valid,-14.8dB,-15.1dB,na,na,,,,
2025-07-30 13:41:37.441525,PHY,0x4601,1,0,na,"[0,",0,0,1,325.7,+10.9dB,26.0us,"[0,",1,85.19,normal,0,valid,-14.7dB,-15.1dB,na,na,,,,
2025-07-30 13:41:37.445601,CSI,0x4601,2,,na,"[0,",,,1,,+30.2dB,12.4us,"[0,",1,86.8,normal,0,valid,-12.0dB,-12.1dB,0.40us,-32.0Hz,,"[6,",1111,1
2025-07-30 13:41:37.446502,PHY,0x4601,1,0,na,"[0,",0,0,1,313.7,+10.7dB,18.2us,"[0,",1,86.9,normal,0,valid,-14.7dB,-15.1dB,na,na,,,,
2025-07-30 13:41:37.450017,PHY,0x4601,2,,na,"[0,",,,11111,,+27.4dB,14.6us,"[0,",1,86.17,normal,0,valid,-12.1dB,-12.2dB,0.37us,+24.9Hz,,"[6,",,1
2025-07-30 13:41:37.450981,PHY,0x4601,1,0,na,"[0,",0,0,1,328.3,+10.9dB,16.1us,"[0,",1,86.18,normal,0,valid,-14.8dB,-15.1dB,na,na,,,,
2025-07-30 13:41:37.451541,PHY,0x4601,1,0,na,"[0,",0,0,1,313.9,+10.7dB,14.6us,"[0,",1,86.19,normal,0,valid,-14.7dB,-15.0dB,na,na,,,,
2025-07-30 13:41:37.456032,PHY,0x4601,1,0,na,"[0,",0,0,1,378.8,+11.5dB,18.7us,"[0,",1,87.8,normal,0,valid,-14.7dB,-15.0dB,na,na,,,,
2025-07-30 13:41:37.456513,PHY,0x4601,1,0,na,"[0,",0,0,1,361.2,+11.3dB,17.1us,"[0,",1,87.9,normal,0,valid,-14.8dB,-15.0dB,na,na,,,,
2025-07-30 13:41:37.460056,PHY,0x4601,2,,na,"[0,",,,11111,,+30.0dB,14.7us,"[0,",1,87.17,normal,0,valid,-11.9dB,-12.1dB,0.38us,+189.3Hz,,"[6,",,1
2025-07-30 13:41:37.460987,PHY,0x4601,1,0,na,"[0,",0,0,1,360.0,+11.3dB,16.6us,"[0,",1,87.18,normal,0,valid,-14.8dB,-15.1dB,na,na,,,,
2025-07-30 13:41:37.461486,PHY,0x4601,1,0,na,"[0,",0,0,1,392.2,+11.7dB,14.8us,"[0,",1,87.19,normal,0,valid,-14.8dB,-15.1dB,na,na,,,,
2025-07-30 13:41:37.465599,CSI,0x4601,2,,na,"[0,",,,1,,+27.4dB,16.1us,"[0,",1,88.8,normal,0,valid,-11.9dB,-12.1dB,0.40us,-118.2Hz,,"[6,",1111,1
2025-07-30 13:41:37.466549,PHY,0x4601,1,0,na,"[0,",0,0,1,329.9,+10.9dB,27.1us,"[0,",1,88.9,normal,0,valid,-14.8dB,-15.1dB,na,na,,,,
2025-07-30 13:41:37.470088,PHY,0x4601,2,,na,"[0,",,,11111,,+31.8dB,17.5us,"[0,",1,88.17,normal,0,valid,-12.1dB,-12.2dB,0.38us,+30.3Hz,,"[6,",,1
2025-07-30 13:41:37.471026,PHY,0x4601,1,0,na,"[0,",0,0,1,391.0,+11.7dB,16.9us,"[0,",1,88.18,normal,0,valid,-14.8dB,-15.0dB,na,na,,,,
2025-07-30 13:41:37.471495,PHY,0x4601,1,0,na,"[0,",0,0,1,369.9,+11.5dB,13.8us,"[0,",1,88.19,normal,0,valid,-14.7dB,-15.0dB,na,na,,,,
2025-07-30 13:41:37.475986,PHY,0x4601,1,0,na,"[0,",0,0,1,385.0,+11.6dB,15.8us,"[0,",1,89.8,normal,0,valid,-14.8dB,-15.1dB,na,na,,,,
2025-07-30 13:41:37.476484,PHY,0x4601,1,0,na,"[0,",0,0,1,370.5,+11.4dB,23.5us,"[0,",1,89.9,normal,0,valid,-14.8dB,-15.1dB,na,na,,,,
2025-07-30 13:41:37.480152,PHY,0x4601,2,,na,"[0,",,,11111,,+32.8dB,14.2us,"[0,",1,89.17,normal,0,valid,-12.0dB,-12.1dB,0.38us,+39.4Hz,,"[6,",,1
2025-07-30 13:41:37.480969,PHY,0x4601,1,0,na,"[0,",0,0,1,379.1,+11.5dB,16.9us,"[0,",1,89.18,normal,0,valid,-14.8dB,-15.1dB,na,na,,,,
2025-07-30 13:41:37.481534,PHY,0x4601,1,0,na,"[0,",0,0,1,372.5,+11.5dB,21.6us,"[0,",1,89.19,normal,0,valid,-14.7dB,-15.0dB,na,na,,,,
2025-07-30 13:41:37.485630,CSI,0x4601,2,,na,"[0,",,,1,,+30.2dB,14.8us,"[0,",1,90.8,normal,0,valid,-11.8dB,-12.0dB,0.39us,+59.4Hz,,"[6,",1111,1
2025-07-30 13:41:37.486505,PHY,0x4601,1,0,na,"[0,",0,0,1,308.2,+10.6dB,17.4us,"[0,",1,90.9,normal,0,valid,-14.7dB,-15.1dB,na,na,,,,
2025-07-30 13:41:37.490037,PHY,0x4601,2,,na,"[0,",,,11111,,+28.6dB,15.5us,"[0,",1,90.17,normal,0,valid,-12.0dB,-12.1dB,0.38us,-53.6Hz,,"[6,",,1
2025-07-30 13:41:37.490976,PHY,0x4601,1,0,na,"[0,",0,0,1,379.6,+11.5dB,15.8us,"[0,",1,90.18,normal,0,valid,-14.7dB,-15.0dB,na,na,,,,
2025-07-30 13:41:37.491467,PHY,0x4601,1,0,na,"[0,",0,0,1,376.0,+11.5dB,14.0us,"[0,",1,90.19,normal,0,valid,-14.8dB,-15.1dB,na,na,,,,
2025-07-30 13:41:37.495976,PHY,0x4601,1,0,na,"[0,",0,0,1,382.5,+11.5dB,16.4us,"[0,",1,91.8,normal,0,valid,-14.8dB,-15.1dB,na,na,,,,
2025-07-30 13:41:37.496529,PHY,0x4601,1,0,na,"[0,",0,0,1,359.9,+11.3dB,14.2us,"[0,",1,91.9,normal,0,valid,-14.8dB,-15.1dB,na,na,,,,
2025-07-30 13:41:37.500098,PHY,0x4601,2,,na,"[0,",,,11111,,+30.9dB,14.5us,"[0,",1,91.17,normal,0,valid,-11.9dB,-12.1dB,0.38us,-30.9Hz,,"[6,",,1
2025-07-30 13:41:37.501013,PHY,0x4601,1,0,na,"[0,",0,0,1,377.7,+11.5dB,18.2us,"[0,",1,91.18,normal,0,valid,-14.8dB,-15.1dB,na,na,,,,
2025-07-30 13:41:37.501480,PHY,0x4601,1,0,na,"[0,",0,0,1,382.4,+11.6dB,15.6us,"[0,",1,91.19,normal,0,valid,-14.8dB,-15.0dB,na,na,,,,
2025-07-30 13:41:37.505637,CSI,0x4601,2,,na,"[0,",,,1,,+28.9dB,13.7us,"[0,",1,92.8,normal,0,valid,-12.0dB,-12.1dB,0.38us,+33.4Hz,,"[6,",1111,1
2025-07-30 13:41:37.506480,PHY,0x4601,1,0,na,"[0,",0,0,1,331.8,+10.9dB,17.9us,"[0,",1,92.9,normal,0,valid,-14.8dB,-15.1dB,na,na,,,,
2025-07-30 13:41:37.510101,PHY,0x4601,2,,na,"[0,",,,11111,,+29.6dB,15.4us,"[0,",1,92.17,normal,0,valid,-11.9dB,-12.1dB,0.38us,-42.8Hz,,"[6,",,1
2025-07-30 13:41:37.511046,PHY,0x4601,1,0,na,"[0,",0,0,1,386.7,+11.6dB,16.3us,"[0,",1,92.18,normal,0,valid,-14.8dB,-15.1dB,na,na,,,,
2025-07-30 13:41:37.511517,PHY,0x4601,1,0,na,"[0,",0,0,1,369.7,+11.4dB,19.0us,"[0,",1,92.19,normal,0,valid,-14.8dB,-15.0dB,na,na,,,,
2025-07-30 13:41:37.516007,PHY,0x4601,1,0,na,"[0,",0,0,1,378.5,+11.5dB,16.2us,"[0,",1,93.8,normal,0,valid,-14.7dB,-15.0dB,na,na,,,,
2025-07-30 13:41:37.516483,PHY,0x4601,1,0,na,"[0,",0,0,1,386.6,+11.6dB,23.5us,"[0,",1,93.9,normal,0,valid,-14.8dB,-15.1dB,na,na,,,,
2025-07-30 13:41:37.520026,PHY,0x4601,2,,na,"[0,",,,11111,,+28.8dB,14.8us,"[0,",1,93.17,normal,0,valid,-12.0dB,-12.2dB,0.41us,-33.4Hz,,"[6,",,1
2025-07-30 13:41:37.520978,PHY,0x4601,1,0,na,"[0,",0,0,1,323.2,+10.8dB,22.2us,"[0,",1,93.18,normal,0,valid,-14.7dB,-15.1dB,na,na,,,,
2025-07-30 13:41:37.521465,PHY,0x4601,1,0,na,"[0,",0,0,1,322.2,+10.8dB,18.8us,"[0,",1,93.19,normal,0,valid,-14.8dB,-15.1dB,na,na,,,,
2025-07-30 13:41:37.525565,CSI,0x4601,2,,na,"[0,",,,1,,+31.0dB,14.2us,"[0,",1,94.8,normal,0,valid,-11.9dB,-12.0dB,0.39us,+55.8Hz,,"[6,",1111,1
2025-07-30 13:41:37.526530,PHY,0x4601,1,0,na,"[0,",0,0,1,316.0,+10.7dB,16.3us,"[0,",1,94.9,normal,0,valid,-14.7dB,-15.1dB,na,na,,,,
2025-07-30 13:41:37.530063,PHY,0x4601,2,,na,"[0,",,,11111,,+31.1dB,18.4us,"[0,",1,94.17,normal,0,valid,-11.9dB,-12.0dB,0.38us,+75.9Hz,,"[6,",,1
2025-07-30 13:41:37.531021,PHY,0x4601,1,0,na,"[0,",0,0,1,385.7,+11.6dB,23.2us,"[0,",1,94.18,normal,0,valid,-14.8dB,-15.1dB,na,na,,,,
2025-07-30 13:41:37.531476,PHY,0x4601,1,0,na,"[0,",0,0,1,381.9,+11.5dB,16.8us,"[0,",1,94.19,normal,0,valid,-14.7dB,-15.1dB,na,na,,,,
2025-07-30 13:41:37.535962,PHY,0x4601,1,0,na,"[0,",0,0,1,369.6,+11.4dB,17.0us,"[0,",1,95.8,normal,0,valid,-14.7dB,-15.0dB,na,na,,,,
2025-07-30 13:41:37.536552,PHY,0x4601,1,0,na,"[0,",0,0,1,373.9,+11.5dB,14.4us,"[0,",1,95.9,normal,0,valid,-14.8dB,-15.1dB,na,na,,,,
2025-07-30 13:41:37.540099,PHY,0x4601,2,,na,"[0,",,,11111,,+29.9dB,17.0us,"[0,",1,95.17,normal,0,valid,-12.0dB,-12.2dB,0.40us,-115.4Hz,,"[6,",,1
2025-07-30 13:41:37.541035,PHY,0x4601,1,0,na,"[0,",0,0,1,331.4,+11.0dB,18.8us,"[0,",1,95.18,normal,0,valid,-14.8dB,-15.1dB,na,na,,,,
2025-07-30 13:41:37.541505,PHY,0x4601,1,0,na,"[0,",0,0,1,313.9,+10.7dB,15.2us,"[0,",1,95.19,normal,0,valid,-14.7dB,-15.1dB,na,na,,,,
2025-07-30 13:41:37.545599,CSI,0x4601,2,,na,"[0,",,,1,,+30.4dB,12.0us,"[0,",1,96.8,normal,0,valid,-11.9dB,-12.1dB,0.40us,-36.9Hz,,"[6,",1111,1
2025-07-30 13:41:37.546466,PHY,0x4601,1,0,na,"[0,",0,0,1,374.3,+11.5dB,16.8us,"[0,",1,96.9,normal,0,valid,-14.8dB,-15.0dB,na,na,,,,
2025-07-30 13:41:37.550127,PHY,0x4601,2,,na,"[0,",,,11111,,+28.9dB,17.9us,"[0,",1,96.17,normal,0,valid,-12.0dB,-12.1dB,0.37us,+118.7Hz,,"[6,",,1
2025-07-30 13:41:37.550954,PHY,0x4601,1,0,na,"[0,",0,0,1,376.6,+11.5dB,16.6us,"[0,",1,96.18,normal,0,valid,-14.8dB,-15.1dB,na,na,,,,
2025-07-30 13:41:37.551537,PHY,0x4601,1,0,na,"[0,",0,0,1,383.2,+11.6dB,15.4us,"[0,",1,96.19,normal,0,valid,-14.7dB,-15.1dB,na,na,,,,
2025-07-30 13:41:37.556037,PHY,0x4601,1,0,na,"[0,",0,0,1,378.7,+11.5dB,18.8us,"[0,",1,97.8,normal,0,valid,-14.7dB,-15.0dB,na,na,,,,
2025-07-30 13:41:37.556517,PHY,0x4601,1,0,na,"[0,",0,0,1,370.1,+11.4dB,15.9us,"[0,",1,97.9,normal,0,valid,-14.8dB,-15.1dB,na,na,,,,
2025-07-30 13:41:37.560037,PHY,0x4601,2,,na,"[0,",,,11111,,+29.7dB,15.1us,"[0,",1,97.17,normal,0,valid,-12.0dB,-12.1dB,0.40us,+75.1Hz,,"[6,",,1
2025-07-30 13:41:37.560985,PHY,0x4601,1,0,na,"[0,",0,0,1,362.3,+11.3dB,15.6us,"[0,",1,97.18,normal,0,valid,-14.8dB,-15.1dB,na,na,,,,
2025-07-30 13:41:37.561466,PHY,0x4601,1,0,na,"[0,",0,0,1,364.2,+11.3dB,14.6us,"[0,",1,97.19,normal,0,valid,-14.8dB,-15.1dB,na,na,,,,
2025-07-30 13:41:37.565621,CSI,0x4601,2,,na,"[0,",,,1,,+30.8dB,13.2us,"[0,",1,98.8,normal,0,valid,-11.9dB,-12.0dB,0.39us,-73.8Hz,,"[6,",1111,1
2025-07-30 13:41:37.566531,PHY,0x4601,1,0,na,"[0,",0,0,1,312.0,+10.7dB,16.7us,"[0,",1,98.9,normal,0,valid,-14.8dB,-15.2dB,na,na,,,,
2025-07-30 13:41:37.570085,PHY,0x4601,2,,na,"[0,",,,11111,,+30.8dB,15.0us,"[0,",1,98.17,normal,0,valid,-12.1dB,-12.2dB,0.38us,-1.4Hz,,"[6,",,1
2025-07-30 13:41:37.571030,PHY,0x4601,1,0,na,"[0,",0,0,1,364.3,+11.4dB,17.2us,"[0,",1,98.18,normal,0,valid,-14.8dB,-15.0dB,na,na,,,,
2025-07-30 13:41:37.571495,PHY,0x4601,1,0,na,"[0,",0,0,1,368.2,+11.4dB,18.2us,"[0,",1,98.19,normal,0,valid,-14.8dB,-15.1dB,na,na,,,,
2025-07-30 13:41:37.575997,PHY,0x4601,1,0,na,"[0,",0,0,1,369.5,+11.4dB,19.6us,"[0,",1,99.8,normal,0,valid,-14.7dB,-15.0dB,na,na,,,,
2025-07-30 13:41:37.576479,PHY,0x4601,1,0,na,"[0,",0,0,1,367.2,+11.4dB,20.3us,"[0,",1,99.9,normal,0,valid,-14.7dB,-15.0dB,na,na,,,,
2025-07-30 13:41:37.580128,PHY,0x4601,2,,na,"[0,",,,11111,,+31.2dB,17.8us,"[0,",1,99.17,normal,0,valid,-11.9dB,-12.1dB,0.39us,-55.1Hz,,"[6,",,1
2025-07-30 13:41:37.580942,PHY,0x4601,1,0,na,"[0,",0,0,1,376.9,+11.5dB,18.8us,"[0,",1,99.18,normal,0,valid,-14.7dB,-15.0dB,na,na,,,,
2025-07-30 13:41:37.581527,PHY,0x4601,1,0,na,"[0,",0,0,1,382.0,+11.6dB,18.2us,"[0,",1,99.19,normal,0,valid,-14.8dB,-15.1dB,na,na,,,,
2025-07-30 13:41:37.585611,CSI,0x4601,2,,na,"[0,",,,1,,+29.8dB,13.9us,"[0,",1,100.8,normal,0,valid,-11.9dB,-12.1dB,0.42us,-31.0Hz,,"[6,",1111,1
2025-07-30 13:41:37.586485,PHY,0x4601,1,0,na,"[0,",0,0,1,374.6,+11.5dB,16.0us,"[0,",1,100.9,normal,0,valid,-14.8dB,-15.0dB,na,na,,,,
2025-07-30 13:41:37.590025,PHY,0x4601,2,,na,"[0,",,,11111,,+28.5dB,14.5us,"[0,",1,100.17,normal,0,valid,-12.0dB,-12.1dB,0.39us,+2.2Hz,,"[6,",,1
2025-07-30 13:41:37.590972,PHY,0x4601,1,0,na,"[0,",0,0,1,377.0,+11.5dB,15.2us,"[0,",1,100.18,normal,0,valid,-14.7dB,-15.0dB,na,na,,,,
2025-07-30 13:41:37.591453,PHY,0x4601,1,0,na,"[0,",0,0,1,369.1,+11.4dB,15.9us,"[0,",1,100.19,normal,0,valid,-14.8dB,-15.1dB,na,na,,,,
2025-07-30 13:41:37.596046,PHY,0x4601,1,0,na,"[0,",0,0,1,372.1,+11.4dB,18.6us,"[0,",1,101.8,normal,0,valid,-14.7dB,-15.1dB,na,na,,,,
2025-07-30 13:41:37.596528,PHY,0x4601,1,0,na,"[0,",0,0,1,363.9,+11.4dB,14.9us,"[0,",1,101.9,normal,0,valid,-14.7dB,-15.0dB,na,na,,,,
2025-07-30 13:41:37.600094,PHY,0x4601,2,,na,"[0,",,,11111,,+31.6dB,16.1us,"[0,",1,101.17,normal,0,valid,-12.0dB,-12.1dB,0.37us,+13.6Hz,,"[6,",,1
2025-07-30 13:41:37.601015,PHY,0x4601,1,0,na,"[0,",0,0,1,322.1,+10.8dB,15.6us,"[0,",1,101.18,normal,0,valid,-14.8dB,-15.1dB,na,na,,,,
2025-07-30 13:41:37.601480,PHY,0x4601,1,0,na,"[0,",0,0,1,318.8,+10.8dB,14.2us,"[0,",1,101.19,normal,0,valid,-14.7dB,-15.1dB,na,na,,,,
2025-07-30 13:41:37.605606,CSI,0x4601,2,,na,"[0,",,,1,,+31.1dB,17.3us,"[0,",1,102.8,normal,0,valid,-11.9dB,-12.1dB,0.41us,+217.3Hz,,"[6,",1111,1
2025-07-30 13:41:37.606446,PHY,0x4601,1,0,na,"[0,",0,0,1,314.1,+10.7dB,20.3us,"[0,",1,102.9,normal,0,valid,-14.8dB,-15.1dB,na,na,,,,
2025-07-30 13:41:37.610112,PHY,0x4601,2,,na,"[0,",,,11111,,+28.9dB,23.1us,"[0,",1,102.17,normal,0,valid,-12.0dB,-12.2dB,0.40us,-26.1Hz,,"[6,",,1
2025-07-30 13:41:37.611036,PHY,0x4601,1,0,na,"[0,",0,0,1,387.4,+11.7dB,18.9us,"[0,",1,102.18,normal,0,valid,-14.7dB,-15.0dB,na,na,,,,
2025-07-30 13:41:37.611522,PHY,0x4601,1,0,na,"[0,",0,0,1,379.9,+11.5dB,14.2us,"[0,",1,102.19,normal,0,valid,-14.7dB,-15.0dB,na,na,,,,
2025-07-30 13:41:37.616028,PHY,0x4601,1,0,na,"[0,",0,0,1,383.1,+11.6dB,19.7us,"[0,",1,103.8,normal,0,valid,-14.8dB,-15.1dB,na,na,,,,
2025-07-30 13:41:37.616487,PHY,0x4601,1,0,na,"[0,",0,0,1,373.2,+11.5dB,24.3us,"[0,",1,103.9,normal,0,valid,-14.8dB,-15.0dB,na,na,,,,
2025-07-30 13:41:37.620015,PHY,0x4601,2,,na,"[0,",,,11111,,+33.7dB,17.9us,"[0,",1,103.17,normal,0,valid,-11.9dB,-11.9dB,0.12us,+19.5Hz,,"[6,",,1
2025-07-30 13:41:37.620966,PHY,0x4601,1,0,na,"[0,",0,0,1,2648.5,+20.0dB,21.5us,"[0,",1,103.18,normal,0,valid,-14.8dB,-14.8dB,na,na,,,,
2025-07-30 13:41:37.621540,PHY,0x4601,1,0,na,"[0,",0,0,1,2733.4,+20.1dB,15.8us,"[0,",1,103.19,normal,0,valid,-14.8dB,-14.8dB,na,na,,,,
2025-07-30 13:41:37.625599,CSI,0x4601,2,,na,"[0,",,,1,,+30.7dB,16.1us,"[0,",1,104.8,normal,0,valid,-11.9dB,-11.9dB,0.12us,+15.8Hz,,"[6,",1111,1
2025-07-30 13:41:37.626516,PHY,0x4601,1,0,na,"[0,",0,0,1,1874.1,+18.5dB,17.6us,"[0,",1,104.9,normal,0,valid,-14.8dB,-14.8dB,na,na,,,,
2025-07-30 13:41:37.630048,PHY,0x4601,2,,na,"[0,",,,11111,,+30.6dB,15.6us,"[0,",1,104.17,normal,0,valid,-12.0dB,-12.1dB,0.14us,+14.3Hz,,"[6,",,1
2025-07-30 13:41:37.631008,PHY,0x4601,1,0,na,"[0,",0,0,1,2811.1,+20.2dB,15.8us,"[0,",1,104.18,normal,0,valid,-14.8dB,-14.8dB,na,na,,,,
2025-07-30 13:41:37.631475,PHY,0x4601,1,0,na,"[0,",0,0,1,2728.4,+20.1dB,18.2us,"[0,",1,104.19,normal,0,valid,-14.7dB,-14.8dB,na,na,,,,
2025-07-30 13:41:37.635961,PHY,0x4601,1,0,na,"[0,",0,0,1,3167.4,+20.7dB,16.5us,"[0,",1,105.8,normal,0,valid,-14.8dB,-14.8dB,na,na,,,,
2025-07-30 13:41:37.636540,PHY,0x4601,1,0,na,"[0,",0,0,1,3168.9,+20.8dB,19.2us,"[0,",1,105.9,normal,0,valid,-14.8dB,-14.8dB,na,na,,,,
2025-07-30 13:41:37.640083,PHY,0x4601,2,,na,"[0,",,,11111,,+30.1dB,15.8us,"[0,",1,105.17,normal,0,valid,-11.9dB,-11.9dB,0.11us,+33.0Hz,,"[6,",,1
2025-07-30 13:41:37.641017,PHY,0x4601,1,0,na,"[0,",0,0,1,1929.9,+18.6dB,15.3us,"[0,",1,105.18,normal,0,valid,-14.8dB,-14.8dB,na,na,,,,
2025-07-30 13:41:37.641507,PHY,0x4601,1,0,na,"[0,",0,0,1,1980.4,+18.7dB,18.1us,"[0,",1,105.19,normal,0,valid,-14.7dB,-14.8dB,na,na,,,,
2025-07-30 13:41:37.645580,CSI,0x4601,2,,na,"[0,",,,1,,+30.4dB,10.6us,"[0,",1,106.8,normal,0,valid,-11.8dB,-11.8dB,0.13us,+37.2Hz,,"[6,",1111,1
2025-07-30 13:41:37.646461,PHY,0x4601,1,0,na,"[0,",0,0,1,2809.9,+20.2dB,16.6us,"[0,",1,106.9,normal,0,valid,-14.8dB,-14.8dB,na,na,,,,
2025-07-30 13:41:37.650127,PHY,0x4601,2,,na,"[0,",,,11111,,+32.6dB,14.0us,"[0,",1,106.17,normal,0,valid,-11.9dB,-11.9dB,0.12us,+47.0Hz,,"[6,",,1
2025-07-30 13:41:37.650961,PHY,0x4601,1,0,na,"[0,",0,0,1,2824.5,+20.3dB,18.4us,"[0,",1,106.18,normal,0,valid,-14.8dB,-14.8dB,na,na,,,,
2025-07-30 13:41:37.651532,PHY,0x4601,1,0,na,"[0,",0,0,1,2714.0,+20.1dB,18.2us,"[0,",1,106.19,normal,0,valid,-14.8dB,-14.8dB,na,na,,,,
2025-07-30 13:41:37.656022,PHY,0x4601,1,0,na,"[0,",0,0,1,3004.8,+20.5dB,16.3us,"[0,",1,107.8,normal,0,valid,-14.8dB,-14.8dB,na,na,,,,
2025-07-30 13:41:37.656520,PHY,0x4601,1,0,na,"[0,",0,0,1,2681.4,+20.0dB,15.0us,"[0,",1,107.9,normal,0,valid,-14.8dB,-14.8dB,na,na,,,,
2025-07-30 13:41:37.660031,PHY,0x4601,2,,na,"[0,",,,11111,,+30.4dB,14.8us,"[0,",1,107.17,normal,0,valid,-11.9dB,-12.1dB,0.37us,-38.7Hz,,"[6,",,1
2025-07-30 13:41:37.660999,PHY,0x4601,1,0,na,"[0,",0,0,1,313.2,+10.7dB,15.3us,"[0,",1,107.18,normal,0,valid,-14.7dB,-15.1dB,na,na,,,,
2025-07-30 13:41:37.661456,PHY,0x4601,1,0,na,"[0,",0,0,1,309.6,+10.6dB,17.3us,"[0,",1,107.19,normal,0,valid,-14.7dB,-15.1dB,na,na,,,,
2025-07-30 13:41:37.665582,CSI,0x4601,2,,na,"[0,",,,1,,+29.8dB,12.2us,"[0,",1,108.8,normal,0,valid,-12.0dB,-12.2dB,0.41us,-11.5Hz,,"[6,",1111,1
2025-07-30 13:41:37.666522,PHY,0x4601,1,0,na,"[0,",0,0,1,390.2,+11.7dB,16.2us,"[0,",1,108.9,normal,0,valid,-14.8dB,-15.0dB,na,na,,,,
2025-07-30 13:41:37.670068,PHY,0x4601,2,,na,"[0,",,,11111,,+27.9dB,14.5us,"[0,",1,108.17,normal,0,valid,-12.0dB,-12.2dB,0.40us,+12.4Hz,,"[6,",,1
2025-07-30 13:41:37.671005,PHY,0x4601,1,0,na,"[0,",0,0,1,320.2,+10.8dB,15.2us,"[0,",1,108.18,normal,0,valid,-14.8dB,-15.1dB,na,na,,,,
2025-07-30 13:41:37.671502,PHY,0x4601,1,0,na,"[0,",0,0,1,315.9,+10.8dB,17.6us,"[0,",1,108.19,normal,0,valid,-14.8dB,-15.1dB,na,na,,,,
2025-07-30 13:41:37.675993,PHY,0x4601,1,0,na,"[0,",0,0,1,367.4,+11.4dB,15.9us,"[0,",1,109.8,normal,0,valid,-14.7dB,-15.0dB,na,na,,,,
2025-07-30 13:41:37.676452,PHY,0x4601,1,0,na,"[0,",0,0,1,374.9,+11.5dB,14.5us,"[0,",1,109.9,normal,0,valid,-14.8dB,-15.1dB,na,na,,,,
2025-07-30 13:41:37.680108,PHY,0x4601,2,,na,"[0,",,,11111,,+28.5dB,19.5us,"[0,",1,109.17,normal,0,valid,-12.0dB,-12.1dB,0.38us,-14.6Hz,,"[6,",,1
2025-07-30 13:41:37.681048,PHY,0x4601,1,0,na,"[0,",0,0,1,382.9,+11.6dB,16.4us,"[0,",1,109.18,normal,0,valid,-14.8dB,-15.1dB,na,na,,,,
2025-07-30 13:41:37.681508,PHY,0x4601,1,0,na,"[0,",0,0,1,381.2,+11.6dB,14.2us,"[0,",1,109.19,normal,0,valid,-14.8dB,-15.0dB,na,na,,,,
2025-07-30 13:41:37.685605,CSI,0x4601,2,,na,"[0,",,,1,,+29.0dB,11.7us,"[0,",1,110.8,normal,0,valid,-11.9dB,-12.0dB,0.40us,-64.3Hz,,"[6,",1111,1
2025-07-30 13:41:37.686504,PHY,0x4601,1,0,na,"[0,",0,0,1,321.6,+10.8dB,16.0us,"[0,",1,110.9,normal,0,valid,-14.8dB,-15.1dB,na,na,,,,
2025-07-30 13:41:37.690016,PHY,0x4601,2,,na,"[0,",,,11111,,+29.6dB,13.2us,"[0,",1,110.17,normal,0,valid,-12.1dB,-12.2dB,0.39us,+149.5Hz,,"[6,",,1
2025-07-30 13:41:37.690980,PHY,0x4601,1,0,na,"[0,",0,0,1,369.2,+11.4dB,16.7us,"[0,",1,110.18,normal,0,valid,-14.8dB,-15.1dB,na,na,,,,
2025-07-30 13:41:37.691444,PHY,0x4601,1,0,na,"[0,",0,0,1,371.6,+11.5dB,15.1us,"[0,",1,110.19,normal,0,valid,-14.8dB,-15.0dB,na,na,,,,
2025-07-30 13:41:37.696045,PHY,0x4601,1,0,na,"[0,",0,0,1,369.5,+11.4dB,18.7us,"[0,",1,111.8,normal,0,valid,-14.8dB,-15.1dB,na,na,,,,
2025-07-30 13:41:37.696531,PHY,0x4601,1,0,na,"[0,",0,0,1,369.7,+11.4dB,15.9us,"[0,",1,111.9,normal,0,valid,-14.8dB,-15.1dB,na,na,,,,
2025-07-30 13:41:37.700080,PHY,0x4601,2,,na,"[0,",,,11111,,+32.1dB,16.9us,"[0,",1,111.17,normal,0,valid,-12.1dB,-12.2dB,0.37us,-60.8Hz,,"[6,",,1
2025-07-30 13:41:37.700996,PHY,0x4601,1,0,na,"[0,",0,0,1,317.5,+10.8dB,17.3us,"[0,",1,111.18,normal,0,valid,-14.7dB,-15.1dB,na,na,,,,
2025-07-30 13:41:37.701489,PHY,0x4601,1,0,na,"[0,",0,0,1,310.1,+10.7dB,14.9us,"[0,",1,111.19,normal,0,valid,-14.7dB,-15.1dB,na,na,,,,
2025-07-30 13:41:37.705591,CSI,0x4601,2,,na,"[0,",,,1,,+30.3dB,12.7us,"[0,",1,112.8,normal,0,valid,-11.8dB,-12.0dB,0.38us,-45.6Hz,,"[6,",1111,1
2025-07-30 13:41:37.706536,PHY,0x4601,1,0,na,"[0,",0,0,1,316.2,+10.7dB,16.0us,"[0,",1,112.9,normal,0,valid,-14.7dB,-15.1dB,na,na,,,,
2025-07-30 13:41:37.710103,PHY,0x4601,2,,na,"[0,",,,11111,,+28.9dB,17.9us,"[0,",1,112.17,normal,0,valid,-11.9dB,-12.1dB,0.39us,+83.1Hz,,"[6,",,1
2025-07-30 13:41:37.711027,PHY,0x4601,1,0,na,"[0,",0,0,1,374.1,+11.5dB,15.8us,"[0,",1,112.18,normal,0,valid,-14.7dB,-15.0dB,na,na,,,,
2025-07-30 13:41:37.711505,PHY,0x4601,1,0,na,"[0,",0,0,1,379.4,+11.5dB,21.2us,"[0,",1,112.19,normal,0,valid,-14.7dB,-15.0dB,na,na,,,,
2025-07-30 13:41:37.716002,PHY,0x4601,1,0,na,"[0,",0,0,1,387.9,+11.6dB,16.4us,"[0,",1,113.8,normal,0,valid,-14.8dB,-15.1dB,na,na,,,,
2025-07-30 13:41:37.716511,PHY,0x4601,1,0,na,"[0,",0,0,1,387.7,+11.6dB,39.9us,"[0,",1,113.9,normal,0,valid,-14.7dB,-15.0dB,na,na,,,,
2025-07-30 13:41:37.720142,PHY,0x4601,2,,na,"[0,",,,11111,,+31.7dB,18.8us,"[0,",1,113.17,normal,0,valid,-12.1dB,-12.2dB,0.36us,+41.2Hz,,"[6,",,1
2025-07-30 13:41:37.720977,PHY,0x4601,1,0,na,"[0,",0,0,1,372.5,+11.4dB,23.1us,"[0,",1,113.18,normal,0,valid,-14.8dB,-15.1dB,na,na,,,,
2025-07-30 13:41:37.721534,PHY,0x4601,1,0,na,"[0,",0,0,1,377.9,+11.5dB,14.5us,"[0,",1,113.19,normal,0,valid,-14.8dB,-15.1dB,na,na,,,,
2025-07-30 13:41:37.725563,CSI,0x4601,2,,na,"[0,",,,1,,+30.6dB,14.1us,"[0,",1,114.8,normal,0,valid,-11.9dB,-12.0dB,0.40us,+4.6Hz,,"[6,",1111,1
2025-07-30 13:41:37.726512,PHY,0x4601,1,0,na,"[0,",0,0,1,360.5,+11.3dB,18.4us,"[0,",1,114.9,normal,0,valid,-14.8dB,-15.1dB,na,na,,,,
2025-07-30 13:41:37.730042,PHY,0x4601,2,,na,"[0,",,,11111,,+29.5dB,15.1us,"[0,",1,114.17,normal,0,valid,-12.0dB,-12.1dB,0.40us,+50.3Hz,,"[6,",,1
2025-07-30 13:41:37.730981,PHY,0x4601,1,0,na,"[0,",0,0,1,374.8,+11.5dB,16.4us,"[0,",1,114.18,normal,0,valid,-14.7dB,-15.0dB,na,na,,,,
2025-07-30 13:41:37.731494,PHY,0x4601,1,0,na,"[0,",0,0,1,365.8,+11.4dB,20.2us,"[0,",1,114.19,normal,0,valid,-14.8dB,-15.1dB,na,na,,,,
2025-07-30 13:41:37.735967,PHY,0x4601,1,0,na,"[0,",0,0,1,366.4,+11.4dB,16.7us,"[0,",1,115.8,normal,0,valid,-14.7dB,-15.1dB,na,na,,,,
2025-07-30 13:41:37.736535,PHY,0x4601,1,0,na,"[0,",0,0,1,377.1,+11.5dB,15.5us,"[0,",1,115.9,normal,0,valid,-14.8dB,-15.0dB,na,na,,,,
2025-07-30 13:41:37.740123,PHY,0x4601,2,,na,"[0,",,,11111,,+32.2dB,15.0us,"[0,",1,115.17,normal,0,valid,-11.9dB,-12.1dB,0.40us,+32.6Hz,,"[6,",,1
2025-07-30 13:41:37.741010,PHY,0x4601,1,0,na,"[0,",0,0,1,312.3,+10.7dB,15.9us,"[0,",1,115.18,normal,0,valid,-14.7dB,-15.1dB,na,na,,,,
2025-07-30 13:41:37.741487,PHY,0x4601,1,0,na,"[0,",0,0,1,314.7,+10.7dB,13.5us,"[0,",1,115.19,normal,0,valid,-14.7dB,-15.1dB,na,na,,,,
2025-07-30 13:41:37.745669,CSI,0x4601,2,,na,"[0,",,,1,,+28.9dB,16.1us,"[0,",1,116.8,normal,0,valid,-12.0dB,-12.1dB,0.36us,-68.5Hz,,"[6,",1111,1
2025-07-30 13:41:37.746486,PHY,0x4601,1,0,na,"[0,",0,0,1,449.6,+12.3dB,18.2us,"[0,",1,116.9,normal,0,valid,-14.7dB,-15.0dB,na,na,,,,
2025-07-30 13:41:37.750141,PHY,0x4601,2,,na,"[0,",,,11111,,+29.1dB,16.0us,"[0,",1,116.17,normal,0,valid,-12.0dB,-12.1dB,0.41us,+25.6Hz,,"[6,",,1
2025-07-30 13:41:37.750975,PHY,0x4601,1,0,na,"[0,",0,0,1,455.2,+12.3dB,18.2us,"[0,",1,116.18,normal,0,valid,-14.8dB,-15.0dB,na,na,,,,
2025-07-30 13:41:37.751523,PHY,0x4601,1,0,na,"[0,",0,0,1,435.7,+12.1dB,17.9us,"[0,",1,116.19,normal,0,valid,-14.8dB,-15.0dB,na,na,,,,
2025-07-30 13:41:37.756021,PHY,0x4601,1,0,na,"[0,",0,0,1,378.7,+11.6dB,17.9us,"[0,",1,117.8,normal,0,valid,-14.7dB,-15.0dB,na,na,,,,
2025-07-30 13:41:37.756496,PHY,0x4601,1,0,na,"[0,",0,0,1,376.7,+11.5dB,25.3us,"[0,",1,117.9,normal,0,valid,-14.8dB,-15.1dB,na,na,,,,
2025-07-30 13:41:37.760036,PHY,0x4601,2,,na,"[0,",,,11111,,+30.1dB,18.7us,"[0,",1,117.17,normal,0,valid,-11.9dB,-12.0dB,0.39us,+34.6Hz,,"[6,",,1
2025-07-30 13:41:37.760972,PHY,0x4601,1,0,na,"[0,",0,0,1,359.8,+11.3dB,16.9us,"[0,",1,117.18,normal,0,valid,-14.7dB,-15.1dB,na,na,,,,
2025-07-30 13:41:37.761475,PHY,0x4601,1,0,na,"[0,",0,0,1,369.7,+11.4dB,21.3us,"[0,",1,117.19,normal,0,valid,-14.7dB,-15.0dB,na,na,,,,
2025-07-30 13:41:37.765577,CSI,0x4601,2,,na,"[0,",,,1,,+31.7dB,16.0us,"[0,",1,118.8,normal,0,valid,-11.9dB,-12.0dB,0.38us,-116.6Hz,,"[6,",1111,1
2025-07-30 13:41:37.766517,PHY,0x4601,1,0,na,"[0,",0,0,1,443.0,+12.2dB,17.5us,"[0,",1,118.9,normal,0,valid,-14.8dB,-15.0dB,na,na,,,,
2025-07-30 13:41:37.770072,PHY,0x4601,2,,na,"[0,",,,11111,,+30.2dB,21.1us,"[0,",1,118.17,normal,0,valid,-11.9dB,-12.0dB,0.39us,-38.8Hz,,"[6,",,1
2025-07-30 13:41:37.771008,PHY,0x4601,1,0,na,"[0,",0,0,1,457.2,+12.4dB,17.1us,"[0,",1,118.18,normal,0,valid,-14.8dB,-15.0dB,na,na,,,,
2025-07-30 13:41:37.771480,PHY,0x4601,1,0,na,"[0,",0,0,1,455.0,+12.3dB,15.3us,"[0,",1,118.19,normal,0,valid,-14.8dB,-15.0dB,na,na,,,,
2025-07-30 13:41:37.775969,PHY,0x4601,1,0,na,"[0,",0,0,1,375.2,+11.5dB,19.3us,"[0,",1,119.8,normal,0,valid,-14.8dB,-15.0dB,na,na,,,,
2025-07-30 13:41:37.776459,PHY,0x4601,1,0,na,"[0,",0,0,1,373.4,+11.5dB,15.8us,"[0,",1,119.9,normal,0,valid,-14.8dB,-15.1dB,na,na,,,,
2025-07-30 13:41:37.780120,PHY,0x4601,2,,na,"[0,",,,11111,,+32.4dB,19.3us,"[0,",1,119.17,normal,0,valid,-11.9dB,-12.0dB,0.40us,+86.4Hz,,"[6,",,1
2025-07-30 13:41:37.781043,PHY,0x4601,1,0,na,"[0,",0,0,1,436.0,+12.1dB,19.6us,"[0,",1,119.18,normal,0,valid,-14.8dB,-15.0dB,na,na,,,,
2025-07-30 13:41:37.781521,PHY,0x4601,1,0,na,"[0,",0,0,1,4485.6,+22.3dB,15.5us,"[0,",1,119.19,normal,0,valid,-14.7dB,-14.8dB,na,na,,,,
2025-07-30 13:41:37.785597,CSI,0x4601,2,,na,"[0,",,,1,,+31.8dB,12.2us,"[0,",1,120.8,normal,0,valid,-12.0dB,-12.0dB,0.14us,-55.9Hz,,"[6,",1111,1
2025-07-30 13:41:37.786482,PHY,0x4601,1,0,na,"[0,",0,0,1,2797.3,+20.2dB,18.9us,"[0,",1,120.9,normal,0,valid,-14.8dB,-14.8dB,na,na,,,,
2025-07-30 13:41:37.790033,PHY,0x4601,2,,na,"[0,",,,11111,,+32.6dB,15.5us,"[0,",1,120.17,normal,0,valid,-11.8dB,-11.9dB,0.12us,+31.4Hz,,"[6,",,1
2025-07-30 13:41:37.790962,PHY,0x4601,1,0,na,"[0,",0,0,1,5091.0,+22.8dB,22.5us,"[0,",1,120.18,normal,0,valid,-14.7dB,-14.7dB,na,na,,,,
2025-07-30 13:41:37.791550,PHY,0x4601,1,0,na,"[0,",0,0,1,4283.3,+22.0dB,14.2us,"[0,",1,120.19,normal,0,valid,-14.8dB,-14.8dB,na,na,,,,
2025-07-30 13:41:37.796033,PHY,0x4601,1,0,na,"[0,",0,0,1,2964.1,+20.5dB,16.9us,"[0,",1,121.8,normal,0,valid,-14.7dB,-14.8dB,na,na,,,,
2025-07-30 13:41:37.796516,PHY,0x4601,1,0,na,"[0,",0,0,1,3139.1,+20.7dB,14.5us,"[0,",1,121.9,normal,0,valid,-14.8dB,-14.8dB,na,na,,,,
2025-07-30 13:41:37.800045,PHY,0x4601,2,,na,"[0,",,,11111,,+32.3dB,16.1us,"[0,",1,121.17,normal,0,valid,-12.0dB,-12.0dB,0.11us,+74.1Hz,,"[6,",,1
2025-07-30 13:41:37.800991,PHY,0x4601,1,0,na,"[0,",0,0,1,4356.1,+22.1dB,16.4us,"[0,",1,121.18,normal,0,valid,-14.8dB,-14.8dB,na,na,,,,
2025-07-30 13:41:37.801470,PHY,0x4601,1,0,na,"[0,",0,0,1,4491.1,+22.3dB,15.7us,"[0,",1,121.19,normal,0,valid,-14.7dB,-14.8dB,na,na,,,,
2025-07-30 13:41:37.805641,CSI,0x4601,2,,na,"[0,",,,1,,+29.8dB,15.9us,"[0,",1,122.8,normal,0,valid,-11.8dB,-11.8dB,0.14us,+33.0Hz,,"[6,",1111,1
2025-07-30 13:41:37.806547,PHY,0x4601,1,0,na,"[0,",0,0,1,2519.9,+19.7dB,16.4us,"[0,",1,122.9,normal,0,valid,-14.8dB,-14.8dB,na,na,,,,
2025-07-30 13:41:37.810091,PHY,0x4601,2,,na,"[0,",,,11111,,+32.5dB,20.7us,"[0,",1,122.17,normal,0,valid,-12.2dB,-12.2dB,0.12us,-89.3Hz,,"[6,",,1
2025-07-30 13:41:37.811029,PHY,0x4601,1,0,na,"[0,",0,0,1,2865.9,+20.3dB,16.2us,"[0,",1,122.18,normal,0,valid,-14.8dB,-14.8dB,na,na,,,,
2025-07-30 13:41:37.811506,PHY,0x4601,1,0,na,"[0,",0,0,1,2839.0,+20.3dB,18.3us,"[0,",1,122.19,normal,0,valid,-14.8dB,-14.8dB,na,na,,,,
2025-07-30 13:41:37.816006,PHY,0x4601,1,0,na,"[0,",0,0,1,2756.2,+20.1dB,21.4us,"[0,",1,123.8,normal,0,valid,-14.8dB,-14.8dB,na,na,,,,
2025-07-30 13:41:37.816467,PHY,0x4601,1,0,na,"[0,",0,0,1,2895.8,+20.4dB,17.9us,"[0,",1,123.9,normal,0,valid,-14.8dB,-14.8dB,na,na,,,,
2025-07-30 13:41:37.820164,PHY,0x4601,2,,na,"[0,",,,11111,,+30.6dB,25.7us,"[0,",1,123.17,normal,0,valid,-11.8dB,-11.8dB,0.12us,-47.3Hz,,"[6,",,1
2025-07-30 13:41:37.820963,PHY,0x4601,1,0,na,"[0,",0,0,1,2876.3,+20.3dB,25.9us,"[0,",1,123.18,normal,0,valid,-14.8dB,-14.9dB,na,na,,,,
2025-07-30 13:41:37.821552,PHY,0x4601,1,0,na,"[0,",0,0,1,2643.4,+20.0dB,28.9us,"[0,",1,123.19,normal,0,valid,-14.8dB,-14.8dB,na,na,,,,
2025-07-30 13:41:37.825641,CSI,0x4601,2,,na,"[0,",,,1,,+29.6dB,14.1us,"[0,",1,124.8,normal,0,valid,-11.9dB,-12.0dB,0.39us,+5.3Hz,,"[6,",1111,1
2025-07-30 13:41:37.826498,PHY,0x4601,1,0,na,"[0,",0,0,1,377.2,+11.5dB,19.6us,"[0,",1,124.9,normal,0,valid,-14.7dB,-15.0dB,na,na,,,,
2025-07-30 13:41:37.830034,PHY,0x4601,2,,na,"[0,",,,11111,,+32.2dB,18.4us,"[0,",1,124.17,normal,0,valid,-12.1dB,-12.2dB,0.39us,+75.7Hz,,"[6,",,1
2025-07-30 13:41:37.830985,PHY,0x4601,1,0,na,"[0,",0,0,1,432.6,+12.1dB,16.7us,"[0,",1,124.18,normal,0,valid,-14.8dB,-15.0dB,na,na,,,,
2025-07-30 13:41:37.831456,PHY,0x4601,1,0,na,"[0,",0,0,1,437.8,+12.2dB,16.8us,"[0,",1,124.19,normal,0,valid,-14.8dB,-15.0dB,na,na,,,,
2025-07-30 13:41:37.835947,PHY,0x4601,1,0,na,"[0,",0,0,1,368.3,+11.4dB,20.2us,"[0,",1,125.8,normal,0,valid,-14.7dB,-15.1dB,na,na,,,,
2025-07-30 13:41:37.836536,PHY,0x4601,1,0,na,"[0,",0,0,1,359.8,+11.3dB,15.0us,"[0,",1,125.9,normal,0,valid,-14.8dB,-15.1dB,na,na,,,,
2025-07-30 13:41:37.840091,PHY,0x4601,2,,na,"[0,",,,11111,,+29.3dB,19.7us,"[0,",1,125.17,normal,0,valid,-11.9dB,-12.1dB,0.39us,+41.2Hz,,"[6,",,1
2025-07-30 13:41:37.841020,PHY,0x4601,1,0,na,"[0,",0,0,1,370.2,+11.4dB,21.8us,"[0,",1,125.18,normal,0,valid,-14.8dB,-15.1dB,na,na,,,,
2025-07-30 13:41:37.841489,PHY,0x4601,1,0,na,"[0,",0,0,1,378.4,+11.5dB,16.0us,"[0,",1,125.19,normal,0,valid,-14.8dB,-15.0dB,na,na,,,,
2025-07-30 13:41:37.845605,CSI,0x4601,2,,na,"[0,",,,1,,+28.1dB,13.8us,"[0,",1,126.8,normal,0,valid,-12.0dB,-12.1dB,0.39us,-71.0Hz,,"[6,",1111,1
2025-07-30 13:41:37.846459,PHY,0x4601,1,0,na,"[0,",0,0,1,371.4,+11.4dB,28.7us,"[0,",1,126.9,normal,0,valid,-14.8dB,-15.1dB,na,na,,,,
2025-07-30 13:41:37.850093,PHY,0x4601,2,,na,"[0,",,,11111,,+30.1dB,15.6us,"[0,",1,126.17,normal,0,valid,-12.0dB,-12.2dB,0.40us,-56.0Hz,,"[6,",,1
2025-07-30 13:41:37.851053,PHY,0x4601,1,0,na,"[0,",0,0,1,447.7,+12.2dB,27.2us,"[0,",1,126.18,normal,0,valid,-14.8dB,-15.0dB,na,na,,,,
2025-07-30 13:41:37.851520,PHY,0x4601,1,0,na,"[0,",0,0,1,457.0,+12.3dB,16.6us,"[0,",1,126.19,normal,0,valid,-14.8dB,-15.0dB,na,na,,,,
2025-07-30 13:41:37.856014,PHY,0x4601,1,0,na,"[0,",0,0,1,357.6,+11.3dB,15.9us,"[0,",1,127.8,normal,0,valid,-14.8dB,-15.1dB,na,na,,,,
2025-07-30 13:41:37.856494,PHY,0x4601,1,0,na,"[0,",0,0,1,366.8,+11.4dB,28.2us,"[0,",1,127.9,normal,0,valid,-14.8dB,-15.1dB,na,na,,,,
2025-07-30 13:41:37.860015,PHY,0x4601,2,,na,"[0,",,,11111,,+29.8dB,15.7us,"[0,",1,127.17,normal,0,valid,-11.9dB,-12.0dB,0.37us,-34.8Hz,,"[6,",,1
2025-07-30 13:41:37.860973,PHY,0x4601,1,0,na,"[0,",0,0,1,459.2,+12.4dB,16.3us,"[0,",1,127.18,normal,0,valid,-14.8dB,-15.0dB,na,na,,,,
2025-07-30 13:41:37.861441,PHY,0x4601,1,0,na,"[0,",0,0,1,440.2,+12.2dB,15.1us,"[0,",1,127.19,normal,0,valid,-14.7dB,-15.0dB,na,na,,,,
2025-07-30 13:41:37.865600,CSI,0x4601,2,,na,"[0,",,,1,,+30.7dB,14.2us,"[0,",1,128.8,normal,0,valid,-11.9dB,-12.0dB,0.38us,-34.5Hz,,"[6,",1111,1
2025-07-30 13:41:37.866532,PHY,0x4601,1,0,na,"[0,",0,0,1,460.8,+12.4dB,16.0us,"[0,",1,128.9,normal,0,valid,-14.8dB,-15.0dB,na,na,,,,
2025-07-30 13:41:37.870060,PHY,0x4601,2,,na,"[0,",,,11111,,+31.5dB,17.1us,"[0,",1,128.17,normal,0,valid,-12.0dB,-12.1dB,0.37us,+110.1Hz,,"[6,",,1
2025-07-30 13:41:37.871002,PHY,0x4601,1,0,na,"[0,",0,0,1,366.2,+11.4dB,16.1us,"[0,",1,128.18,normal,0,valid,-14.8dB,-15.1dB,na,na,,,,
2025-07-30 13:41:37.871477,PHY,0x4601,1,0,na,"[0,",0,0,1,375.2,+11.5dB,14.8us,"[0,",1,128.19,normal,0,valid,-14.8dB,-15.1dB,na,na,,,,
2025-07-30 13:41:37.875961,PHY,0x4601,1,0,na,"[0,",0,0,1,367.0,+11.4dB,16.1us,"[0,",1,129.8,normal,0,valid,-14.7dB,-15.0dB,na,na,,,,
2025-07-30 13:41:37.876538,PHY,0x4601,1,0,na,"[0,",0,0,1,371.1,+11.4dB,13.9us,"[0,",1,129.9,normal,0,valid,-14.8dB,-15.1dB,na,na,,,,
2025-07-30 13:41:37.880096,PHY,0x4601,2,,na,"[0,",,,11111,,+31.5dB,15.2us,"[0,",1,129.17,normal,0,valid,-11.9dB,-12.1dB,0.41us,+113.6Hz,,"[6,",,1
2025-07-30 13:41:37.881026,PHY,0x4601,1,0,na,"[0,",0,0,1,433.5,+12.1dB,16.5us,"[0,",1,129.18,normal,0,valid,-14.8dB,-15.0dB,na,na,,,,
2025-07-30 13:41:37.881513,PHY,0x4601,1,0,na,"[0,",0,0,1,441.2,+12.2dB,15.0us,"[0,",1,129.19,normal,0,valid,-14.8dB,-15.0dB,na,na,,,,
2025-07-30 13:41:37.885600,CSI,0x4601,2,,na,"[0,",,,1,,+31.2dB,14.6us,"[0,",1,130.8,normal,0,valid,-11.9dB,-12.0dB,0.40us,-115.2Hz,,"[6,",1111,1
2025-07-30 13:41:37.886473,PHY,0x4601,1,0,na,"[0,",0,0,1,376.7,+11.5dB,17.8us,"[0,",1,130.9,normal,0,valid,-14.7dB,-15.1dB,na,na,,,,
2025-07-30 13:41:37.890129,PHY,0x4601,2,,na,"[0,",,,11111,,+28.2dB,25.1us,"[0,",1,130.17,normal,0,valid,-12.0dB,-12.1dB,0.38us,+64.7Hz,,"[6,",,1
2025-07-30 13:41:37.890959,PHY,0x4601,1,0,na,"[0,",0,0,1,361.8,+11.3dB,22.2us,"[0,",1,130.18,normal,0,valid,-14.7dB,-15.1dB,na,na,,,,
2025-07-30 13:41:37.891541,PHY,0x4601,1,0,na,"[0,",0,0,1,359.6,+11.3dB,20.4us,"[0,",1,130.19,normal,0,valid,-14.7dB,-15.0dB,na,na,,,,
2025-07-30 13:41:37.896022,PHY,0x4601,1,0,na,"[0,",0,0,1,375.4,+11.5dB,17.0us,"[0,",1,131.8,normal,0,valid,-14.8dB,-15.1dB,na,na,,,,
2025-07-30 13:41:37.896514,PHY,0x4601,1,0,na,"[0,",0,0,1,359.4,+11.3dB,15.4us,"[0,",1,131.9,normal,0,valid,-14.8dB,-15.0dB,na,na,,,,
2025-07-30 13:41:37.900039,PHY,0x4601,2,,na,"[0,",,,11111,,+28.9dB,16.0us,"[0,",1,131.17,normal,0,valid,-11.9dB,-12.1dB,0.38us,-40.2Hz,,"[6,",,1
2025-07-30 13:41:37.901002,PHY,0x4601,1,0,na,"[0,",0,0,1,374.0,+11.5dB,17.5us,"[0,",1,131.18,normal,0,valid,-14.7dB,-15.1dB,na,na,,,,
2025-07-30 13:41:37.901465,PHY,0x4601,1,0,na,"[0,",0,0,1,380.9,+11.6dB,18.3us,"[0,",1,131.19,normal,0,valid,-14.7dB,-15.0dB,na,na,,,,
2025-07-30 13:41:37.905591,CSI,0x4601,2,,na,"[0,",,,1,,+29.9dB,14.6us,"[0,",1,132.8,normal,0,valid,-11.9dB,-12.0dB,0.39us,+62.3Hz,,"[6,",1111,1
2025-07-30 13:41:37.906527,PHY,0x4601,1,0,na,"[0,",0,0,1,437.0,+12.1dB,16.0us,"[0,",1,132.9,normal,0,valid,-14.8dB,-15.0dB,na,na,,,,
2025-07-30 13:41:37.910081,PHY,0x4601,2,,na,"[0,",,,11111,,+30.7dB,13.0us,"[0,",1,132.17,normal,0,valid,-12.0dB,-12.1dB,0.37us,-15.0Hz,,"[6,",,1
2025-07-30 13:41:37.911012,PHY,0x4601,1,0,na,"[0,",0,0,1,447.2,+12.2dB,15.8us,"[0,",1,132.18,normal,0,valid,-14.8dB,-15.0dB,na,na,,,,
2025-07-30 13:41:37.911509,PHY,0x4601,1,0,na,"[0,",0,0,1,445.8,+12.2dB,17.2us,"[0,",1,132.19,normal,0,valid,-14.8dB,-15.0dB,na,na,,,,
2025-07-30 13:41:37.916010,PHY,0x4601,1,0,na,"[0,",0,0,1,366.3,+11.4dB,18.9us,"[0,",1,133.8,normal,0,valid,-14.8dB,-15.0dB,na,na,,,,
2025-07-30 13:41:37.916462,PHY,0x4601,1,0,na,"[0,",0,0,1,367.5,+11.4dB,17.5us,"[0,",1,133.9,normal,0,valid,-14.8dB,-15.1dB,na,na,,,,
2025-07-30 13:41:37.920106,PHY,0x4601,2,,na,"[0,",,,11111,,+31.2dB,18.4us,"[0,",1,133.17,normal,0,valid,-11.9dB,-12.1dB,0.39us,-0.9Hz,,"[6,",,1
2025-07-30 13:41:37.920946,PHY,0x4601,1,0,na,"[0,",0,0,1,355.4,+11.2dB,16.5us,"[0,",1,133.18,normal,0,valid,-14.8dB,-15.1dB,na,na,,,,
2025-07-30 13:41:37.921523,PHY,0x4601,1,0,na,"[0,",0,0,1,366.7,+11.4dB,15.3us,"[0,",1,133.19,normal,0,valid,-14.7dB,-15.0dB,na,na,,,,
2025-07-30 13:41:37.925620,CSI,0x4601,2,,na,"[0,",,,1,,+32.3dB,12.1us,"[0,",1,134.8,normal,0,valid,-11.9dB,-12.0dB,0.39us,+1.4Hz,,"[6,",1111,1
2025-07-30 13:41:37.926508,PHY,0x4601,1,0,na,"[0,",0,0,1,446.1,+12.2dB,19.5us,"[0,",1,134.9,normal,0,valid,-14.8dB,-15.0dB,na,na,,,,
2025-07-30 13:41:37.930037,PHY,0x4601,2,,na,"[0,",,,11111,,+29.4dB,16.9us,"[0,",1,134.17,normal,0,valid,-11.9dB,-12.1dB,0.40us,+72.5Hz,,"[6,",,1
2025-07-30 13:41:37.930987,PHY,0x4601,1,0,na,"[0,",0,0,1,436.7,+12.1dB,16.7us,"[0,",1,134.18,normal,0,valid,-14.8dB,-15.0dB,na,na,,,,
2025-07-30 13:41:37.931452,PHY,0x4601,1,0,na,"[0,",0,0,1,439.3,+12.2dB,15.6us,"[0,",1,134.19,normal,0,valid,-14.7dB,-15.0dB,na,na,,,,
2025-07-30 13:41:37.936054,PHY,0x4601,1,0,na,"[0,",0,0,1,371.8,+11.4dB,17.3us,"[0,",1,135.8,normal,0,valid,-14.8dB,-15.1dB,na,na,,,,
2025-07-30 13:41:37.936522,PHY,0x4601,1,0,na,"[0,",0,0,1,370.1,+11.4dB,14.5us,"[0,",1,135.9,normal,0,valid,-14.7dB,-15.1dB,na,na,,,,
2025-07-30 13:41:37.940068,PHY,0x4601,2,,na,"[0,",,,11111,,+30.7dB,17.5us,"[0,",1,135.17,normal,0,valid,-11.9dB,-12.0dB,0.37us,+41.8Hz,,"[6,",,1
2025-07-30 13:41:37.941001,PHY,0x4601,1,0,na,"[0,",0,0,1,438.0,+12.1dB,16.9us,"[0,",1,135.18,normal,0,valid,-14.8dB,-15.0dB,na,na,,,,
2025-07-30 13:41:37.941495,PHY,0x4601,1,0,na,"[0,",0,0,1,445.5,+12.2dB,14.3us,"[0,",1,135.19,normal,0,valid,-14.8dB,-15.0dB,na,na,,,,
2025-07-30 13:41:37.945608,CSI,0x4601,2,,na,"[0,",,,1,,+29.9dB,14.0us,"[0,",1,136.8,normal,0,valid,-11.8dB,-11.9dB,0.14us,+5.6Hz,,"[6,",1111,1
2025-07-30 13:41:37.946443,PHY,0x4601,1,0,na,"[0,",0,0,1,2656.6,+20.0dB,15.8us,"[0,",1,136.9,normal,0,valid,-14.8dB,-14.8dB,na,na,,,,
2025-07-30 13:41:37.950094,PHY,0x4601,2,,na,"[0,",,,11111,,+29.7dB,14.0us,"[0,",1,136.17,normal,0,valid,-12.0dB,-12.1dB,0.14us,+6.4Hz,,"[6,",,1
2025-07-30 13:41:37.951035,PHY,0x4601,1,0,na,"[0,",0,0,1,4128.2,+21.9dB,15.8us,"[0,",1,136.18,normal,0,valid,-14.8dB,-14.8dB,na,na,,,,
2025-07-30 13:41:37.951510,PHY,0x4601,1,0,na,"[0,",0,0,1,4688.6,+22.4dB,16.0us,"[0,",1,136.19,normal,0,valid,-14.8dB,-14.9dB,na,na,,,,
2025-07-30 13:41:37.956024,PHY,0x4601,1,0,na,"[0,",0,0,1,3008.8,+20.5dB,20.7us,"[0,",1,137.8,normal,0,valid,-14.7dB,-14.8dB,na,na,,,,
2025-07-30 13:41:37.956519,PHY,0x4601,1,0,na,"[0,",0,0,1,2943.3,+20.4dB,18.5us,"[0,",1,137.9,normal,0,valid,-14.8dB,-14.8dB,na,na,,,,
2025-07-30 13:41:37.960017,PHY,0x4601,2,,na,"[0,",,,11111,,+32.9dB,14.7us,"[0,",1,137.17,normal,0,valid,-12.1dB,-12.1dB,0.10us,+62.5Hz,,"[6,",,1
2025-07-30 13:41:37.960977,PHY,0x4601,1,0,na,"[0,",0,0,1,2569.0,+19.9dB,15.8us,"[0,",1,137.18,normal,0,valid,-14.8dB,-14.8dB,na,na,,,,
2025-07-30 13:41:37.961544,PHY,0x4601,1,0,na,"[0,",0,0,1,2567.0,+19.8dB,14.1us,"[0,",1,137.19,normal,0,valid,-14.8dB,-14.8dB,na,na,,,,
2025-07-30 13:41:37.965574,CSI,0x4601,2,,na,"[0,",,,1,,+30.6dB,21.0us,"[0,",1,138.8,normal,0,valid,-11.9dB,-11.9dB,0.13us,+146.0Hz,,"[6,",1111,1
2025-07-30 13:41:37.966509,PHY,0x4601,1,0,na,"[0,",0,0,1,2901.6,+20.4dB,21.3us,"[0,",1,138.9,normal,0,valid,-14.8dB,-14.8dB,na,na,,,,
2025-07-30 13:41:37.970047,PHY,0x4601,2,,na,"[0,",,,11111,,+31.4dB,14.0us,"[0,",1,138.17,normal,0,valid,-11.9dB,-11.9dB,0.14us,-14.3Hz,,"[6,",,1
2025-07-30 13:41:37.970986,PHY,0x4601,1,0,na,"[0,",0,0,1,2850.0,+20.3dB,15.8us,"[0,",1,138.18,normal,0,valid,-14.8dB,-14.9dB,na,na,,,,
2025-07-30 13:41:37.971483,PHY,0x4601,1,0,na,"[0,",0,0,1,2738.7,+20.1dB,14.5us,"[0,",1,138.19,normal,0,valid,-14.8dB,-14.8dB,na,na,,,,
2025-07-30 13:41:37.975978,PHY,0x4601,1,0,na,"[0,",0,0,1,2656.5,+20.0dB,17.3us,"[0,",1,139.8,normal,0,valid,-14.7dB,-14.8dB,na,na,,,,
2025-07-30 13:41:37.976556,PHY,0x4601,1,0,na,"[0,",0,0,1,2856.3,+20.3dB,16.9us,"[0,",1,139.9,normal,0,valid,-14.8dB,-14.9dB,na,na,,,,
2025-07-30 13:41:37.980122,PHY,0x4601,2,,na,"[0,",,,11111,,+29.7dB,15.9us,"[0,",1,139.17,normal,0,valid,-12.1dB,-12.1dB,0.12us,-123.6Hz,,"[6,",,1
2025-07-30 13:41:37.981020,PHY,0x4601,1,0,na,"[0,",0,0,1,2360.3,+19.4dB,16.1us,"[0,",1,139.18,normal,0,valid,-14.8dB,-14.8dB,na,na,,,,
2025-07-30 13:41:37.981498,PHY,0x4601,1,0,na,"[0,",0,0,1,2775.3,+20.2dB,17.0us,"[0,",1,139.19,normal,0,valid,-14.7dB,-14.8dB,na,na,,,,
2025-07-30 13:41:37.985608,CSI,0x4601,2,,na,"[0,",,,1,,+30.0dB,15.0us,"[0,",1,140.8,normal,0,valid,-11.9dB,-12.0dB,0.40us,-83.3Hz,,"[6,",1111,1
2025-07-30 13:41:37.986487,PHY,0x4601,1,0,na,"[0,",0,0,1,435.4,+12.1dB,17.4us,"[0,",1,140.9,normal,0,valid,-14.8dB,-15.0dB,na,na,,,,
2025-07-30 13:41:37.990133,PHY,0x4601,2,,na,"[0,",,,11111,,+28.4dB,17.2us,"[0,",1,140.17,normal,0,valid,-12.0dB,-12.1dB,0.40us,-19.9Hz,,"[6,",,1
2025-07-30 13:41:37.990976,PHY,0x4601,1,0,na,"[0,",0,0,1,361.1,+11.3dB,18.7us,"[0,",1,140.18,normal,0,valid,-14.7dB,-15.1dB,na,na,,,,
2025-07-30 13:41:37.991540,PHY,0x4601,1,0,na,"[0,",0,0,1,366.1,+11.4dB,15.9us,"[0,",1,140.19,normal,0,valid,-14.8dB,-15.1dB,na,na,,,,
2025-07-30 13:41:37.996020,PHY,0x4601,1,0,na,"[0,",0,0,1,353.7,+11.2dB,19.5us,"[0,",1,141.8,normal,0,valid,-14.7dB,-15.1dB,na,na,,,,
2025-07-30 13:41:37.996505,PHY,0x4601,1,0,na,"[0,",0,0,1,353.7,+11.2dB,14.9us,"[0,",1,141.9,normal,0,valid,-14.8dB,-15.1dB,na,na,,,,
2025-07-30 13:41:38.000056,PHY,0x4601,2,,na,"[0,",,,11111,,+28.1dB,25.9us,"[0,",1,141.17,normal,0,valid,-11.9dB,-12.1dB,0.40us,+12.3Hz,,"[6,",,1
2025-07-30 13:41:38.000988,PHY,0x4601,1,0,na,"[0,",0,0,1,443.2,+12.2dB,16.4us,"[0,",1,141.18,normal,0,valid,-14.8dB,-15.1dB,na,na,,,,
2025-07-30 13:41:38.001475,PHY,0x4601,1,0,na,"[0,",0,0,1,442.9,+12.2dB,20.3us,"[0,",1,141.19,normal,0,valid,-14.8dB,-15.0dB,na,na,,,,
2025-07-30 13:41:38.005573,CSI,0x4601,2,,na,"[0,",,,1,,+29.3dB,12.7us,"[0,",1,142.8,normal,0,valid,-11.9dB,-12.0dB,0.40us,+1.4Hz,,"[6,",1111,1
2025-07-30 13:41:38.006522,PHY,0x4601,1,0,na,"[0,",0,0,1,418.9,+11.9dB,17.1us,"[0,",1,142.9,normal,0,valid,-14.8dB,-15.1dB,na,na,,,,
2025-07-30 13:41:38.010084,PHY,0x4601,2,,na,"[0,",,,11111,,+29.3dB,17.8us,"[0,",1,142.17,normal,0,valid,-12.0dB,-12.2dB,0.38us,+87.2Hz,,"[6,",,1
2025-07-30 13:41:38.011014,PHY,0x4601,1,0,na,"[0,",0,0,1,377.5,+11.5dB,17.7us,"[0,",1,142.18,normal,0,valid,-14.7dB,-15.1dB,na,na,,,,
2025-07-30 13:41:38.011496,PHY,0x4601,1,0,na,"[0,",0,0,1,362.9,+11.4dB,22.1us,"[0,",1,142.19,normal,0,valid,-14.7dB,-15.0dB,na,na,,,,
2025-07-30 13:41:38.015985,PHY,0x4601,1,0,na,"[0,",0,0,1,380.3,+11.6dB,20.2us,"[0,",1,143.8,normal,0,valid,-14.7dB,-15.0dB,na,na,,,,
2025-07-30 13:41:38.016469,PHY,0x4601,1,0,na,"[0,",0,0,1,376.1,+11.5dB,15.6us,"[0,",1,143.9,normal,0,valid,-14.7dB,-15.0dB,na,na,,,,
2025-07-30 13:41:38.020128,PHY,0x4601,2,,na,"[0,",,,11111,,+28.6dB,16.0us,"[0,",1,143.17,normal,0,valid,-12.0dB,-12.1dB,0.41us,-40.6Hz,,"[6,",,1
2025-07-30 13:41:38.021045,PHY,0x4601,1,0,na,"[0,",0,0,1,363.9,+11.3dB,17.4us,"[0,",1,143.18,normal,0,valid,-14.8dB,-15.1dB,na,na,,,,
2025-07-30 13:41:38.021521,PHY,0x4601,1,0,na,"[0,",0,0,1,359.7,+11.3dB,16.6us,"[0,",1,143.19,normal,0,valid,-14.8dB,-15.1dB,na,na,,,,
2025-07-30 13:41:38.025615,CSI,0x4601,2,,na,"[0,",,,1,,+30.3dB,13.0us,"[0,",1,144.8,normal,0,valid,-11.9dB,-12.0dB,0.15us,+55.3Hz,,"[6,",1111,1
2025-07-30 13:41:38.026479,PHY,0x4601,1,0,na,"[0,",0,0,1,2620.6,+19.9dB,16.7us,"[0,",1,144.9,normal,0,valid,-14.7dB,-14.8dB,na,na,,,,
2025-07-30 13:41:38.030028,PHY,0x4601,2,,na,"[0,",,,11111,,+31.3dB,14.8us,"[0,",1,144.17,normal,0,valid,-12.1dB,-12.1dB,0.15us,+20.1Hz,,"[6,",,1
2025-07-30 13:41:38.030969,PHY,0x4601,1,0,na,"[0,",0,0,1,2975.8,+20.5dB,16.8us,"[0,",1,144.18,normal,0,valid,-14.8dB,-14.8dB,na,na,,,,
2025-07-30 13:41:38.031464,PHY,0x4601,1,0,na,"[0,",0,0,1,2653.5,+20.0dB,13.8us,"[0,",1,144.19,normal,0,valid,-14.7dB,-14.8dB,na,na,,,,
2025-07-30 13:41:38.036046,PHY,0x4601,1,0,na,"[0,",0,0,1,2701.1,+20.0dB,16.5us,"[0,",1,145.8,normal,0,valid,-14.8dB,-14.8dB,na,na,,,,
2025-07-30 13:41:38.036544,PHY,0x4601,1,0,na,"[0,",0,0,1,2532.1,+19.8dB,21.0us,"[0,",1,145.9,normal,0,valid,-14.7dB,-14.8dB,na,na,,,,
2025-07-30 13:41:38.040091,PHY,0x4601,2,,na,"[0,",,,11111,,+33.2dB,15.2us,"[0,",1,145.17,normal,0,valid,-12.1dB,-12.1dB,0.13us,-91.1Hz,,"[6,",,1
2025-07-30 13:41:38.041003,PHY,0x4601,1,0,na,"[0,",0,0,1,4105.1,+21.9dB,16.8us,"[0,",1,145.18,normal,0,valid,-14.8dB,-14.8dB,na,na,,,,
2025-07-30 13:41:38.041475,PHY,0x4601,1,0,na,"[0,",0,0,1,4166.6,+21.9dB,16.9us,"[0,",1,145.19,normal,0,valid,-14.8dB,-14.8dB,na,na,,,,
2025-07-30 13:41:38.045625,CSI,0x4601,2,,na,"[0,",,,1,,+34.4dB,13.3us,"[0,",1,146.8,normal,0,valid,-11.9dB,-11.9dB,0.17us,-8.3Hz,,"[6,",1111,1
2025-07-30 13:41:38.046542,PHY,0x4601,1,0,na,"[0,",0,0,1,2497.1,+19.7dB,15.3us,"[0,",1,146.9,normal,0,valid,-14.8dB,-14.8dB,na,na,,,,
2025-07-30 13:41:38.050116,PHY,0x4601,2,,na,"[0,",,,11111,,+30.9dB,13.7us,"[0,",1,146.17,normal,0,valid,-12.0dB,-12.0dB,0.14us,-94.9Hz,,"[6,",,1
2025-07-30 13:41:38.051034,PHY,0x4601,1,0,na,"[0,",0,0,1,2652.2,+20.0dB,16.2us,"[0,",1,146.18,normal,0,valid,-14.8dB,-14.8dB,na,na,,,,
2025-07-30 13:41:38.051507,PHY,0x4601,1,0,na,"[0,",0,0,1,3003.1,+20.5dB,14.3us,"[0,",1,146.19,normal,0,valid,-14.8dB,-14.8dB,na,na,,,,
2025-07-30 13:41:38.056001,PHY,0x4601,1,0,na,"[0,",0,0,1,2479.7,+19.7dB,16.8us,"[0,",1,147.8,normal,0,valid,-14.7dB,-14.8dB,na,na,,,,
2025-07-30 13:41:38.056469,PHY,0x4601,1,0,na,"[0,",0,0,1,2761.3,+20.2dB,17.9us,"[0,",1,147.9,normal,0,valid,-14.8dB,-14.8dB,na,na,,,,
2025-07-30 13:41:38.060122,PHY,0x4601,2,,na,"[0,",,,11111,,+29.9dB,18.2us,"[0,",1,147.17,normal,0,valid,-12.0dB,-12.0dB,0.13us,+28.1Hz,,"[6,",,1
2025-07-30 13:41:38.060952,PHY,0x4601,1,0,na,"[0,",0,0,1,4518.9,+22.3dB,17.4us,"[0,",1,147.18,normal,0,valid,-14.8dB,-14.8dB,na,na,,,,
2025-07-30 13:41:38.061535,PHY,0x4601,1,0,na,"[0,",0,0,1,4158.9,+21.9dB,14.4us,"[0,",1,147.19,normal,0,valid,-14.7dB,-14.8dB,na,na,,,,
2025-07-30 13:41:38.065557,CSI,0x4601,2,,na,"[0,",,,1,,+31.2dB,14.8us,"[0,",1,148.8,normal,0,valid,-11.9dB,-11.9dB,0.15us,-37.1Hz,,"[6,",1111,1
2025-07-30 13:41:38.066503,PHY,0x4601,1,0,na,"[0,",0,0,1,2778.3,+20.2dB,16.6us,"[0,",1,148.9,normal,0,valid,-14.8dB,-14.8dB,na,na,,,,
2025-07-30 13:41:38.070038,PHY,0x4601,2,,na,"[0,",,,11111,,+33.4dB,15.3us,"[0,",1,148.17,normal,0,valid,-12.0dB,-12.0dB,0.12us,+43.9Hz,,"[6,",,1
2025-07-30 13:41:38.070999,PHY,0x4601,1,0,na,"[0,",0,0,1,4634.6,+22.4dB,15.7us,"[0,",1,148.18,normal,0,valid,-14.7dB,-14.8dB,na,na,,,,
2025-07-30 13:41:38.071473,PHY,0x4601,1,0,na,"[0,",0,0,1,4757.0,+22.5dB,16.0us,"[0,",1,148.19,normal,0,valid,-14.8dB,-14.8dB,na,na,,,,
2025-07-30 13:41:38.075946,PHY,0x4601,1,0,na,"[0,",0,0,1,2680.1,+20.0dB,17.0us,"[0,",1,149.8,normal,0,valid,-14.8dB,-14.8dB,na,na,,,,
2025-07-30 13:41:38.076536,PHY,0x4601,1,0,na,"[0,",0,0,1,2708.0,+20.1dB,14.4us,"[0,",1,149.9,normal,0,valid,-14.8dB,-14.8dB,na,na,,,,
2025-07-30 13:41:38.080131,PHY,0x4601,2,,na,"[0,",,,11111,,+27.8dB,14.1us,"[0,",1,149.17,normal,0,valid,-12.0dB,-12.0dB,0.11us,-13.5Hz,,"[6,",,1
2025-07-30 13:41:38.081019,PHY,0x4601,1,0,na,"[0,",0,0,1,2592.9,+19.9dB,16.1us,"[0,",1,149.18,normal,0,valid,-14.8dB,-14.8dB,na,na,,,,
2025-07-30 13:41:38.081501,PHY,0x4601,1,0,na,"[0,",0,0,1,2767.1,+20.2dB,13.8us,"[0,",1,149.19,normal,0,valid,-14.7dB,-14.8dB,na,na,,,,
2025-07-30 13:41:38.085613,CSI,0x4601,2,,na,"[0,",,,1,,+32.9dB,13.2us,"[0,",1,150.8,normal,0,valid,-11.8dB,-11.9dB,0.15us,-31.8Hz,,"[6,",1111,1
2025-07-30 13:41:38.086481,PHY,0x4601,1,0,na,"[0,",0,0,1,4444.8,+22.2dB,19.1us,"[0,",1,150.9,normal,0,valid,-14.8dB,-14.8dB,na,na,,,,
2025-07-30 13:41:38.090143,PHY,0x4601,2,,na,"[0,",,,11111,,+33.3dB,21.3us,"[0,",1,150.17,normal,0,valid,-12.1dB,-12.1dB,0.13us,-43.0Hz,,"[6,",,1
2025-07-30 13:41:38.090940,PHY,0x4601,1,0,na,"[0,",0,0,1,2795.7,+20.2dB,16.9us,"[0,",1,150.18,normal,0,valid,-14.8dB,-14.8dB,na,na,,,,
2025-07-30 13:41:38.091528,PHY,0x4601,1,0,na,"[0,",0,0,1,2481.1,+19.7dB,13.5us,"[0,",1,150.19,normal,0,valid,-14.8dB,-14.8dB,na,na,,,,
2025-07-30 13:41:38.096030,PHY,0x4601,1,0,na,"[0,",0,0,1,2789.0,+20.2dB,17.7us,"[0,",1,151.8,normal,0,valid,-14.8dB,-14.8dB,na,na,,,,
2025-07-30 13:41:38.096492,PHY,0x4601,1,0,na,"[0,",0,0,1,2659.3,+20.0dB,25.1us,"[0,",1,151.9,normal,0,valid,-14.8dB,-14.8dB,na,na,,,,
2025-07-30 13:41:38.100032,PHY,0x4601,2,,na,"[0,",,,11111,,+32.7dB,15.2us,"[0,",1,151.17,normal,0,valid,-12.1dB,-12.1dB,0.12us,-39.9Hz,,"[6,",,1
2025-07-30 13:41:38.100994,PHY,0x4601,1,0,na,"[0,",0,0,1,3674.5,+21.4dB,17.1us,"[0,",1,151.18,normal,0,valid,-14.8dB,-14.8dB,na,na,,,,
2025-07-30 13:41:38.101448,PHY,0x4601,1,0,na,"[0,",0,0,1,4126.6,+21.9dB,14.7us,"[0,",1,151.19,normal,0,valid,-14.8dB,-14.8dB,na,na,,,,
2025-07-30 13:41:38.105576,CSI,0x4601,2,,na,"[0,",,,1,,+30.7dB,17.6us,"[0,",1,152.8,normal,0,valid,-11.9dB,-12.1dB,0.38us,-29.4Hz,,"[6,",1111,1
2025-07-30 13:41:38.106542,PHY,0x4601,1,0,na,"[0,",0,0,1,376.5,+11.5dB,18.3us,"[0,",1,152.9,normal,0,valid,-14.8dB,-15.1dB,na,na,,,,
2025-07-30 13:41:38.110084,PHY,0x4601,2,,na,"[0,",,,11111,,+29.9dB,16.9us,"[0,",1,152.17,normal,0,valid,-11.9dB,-12.1dB,0.40us,+98.8Hz,,"[6,",,1
2025-07-30 13:41:38.111014,PHY,0x4601,1,0,na,"[0,",0,0,1,381.3,+11.5dB,17.8us,"[0,",1,152.18,normal,0,valid,-14.7dB,-15.1dB,na,na,,,,
2025-07-30 13:41:38.111486,PHY,0x4601,1,0,na,"[0,",0,0,1,365.2,+11.4dB,19.6us,"[0,",1,152.19,normal,0,valid,-14.8dB,-15.1dB,na,na,,,,
2025-07-30 13:41:38.115968,PHY,0x4601,1,0,na,"[0,",0,0,1,360.4,+11.3dB,16.7us,"[0,",1,153.8,normal,0,valid,-14.8dB,-15.1dB,na,na,,,,
2025-07-30 13:41:38.116438,PHY,0x4601,1,0,na,"[0,",0,0,1,359.3,+11.3dB,16.4us,"[0,",1,153.9,normal,0,valid,-14.8dB,-15.1dB,na,na,,,,
2025-07-30 13:41:38.120093,PHY,0x4601,2,,na,"[0,",,,11111,,+30.6dB,15.5us,"[0,",1,153.17,normal,0,valid,-11.9dB,-12.0dB,0.38us,+95.4Hz,,"[6,",,1
2025-07-30 13:41:38.121035,PHY,0x4601,1,0,na,"[0,",0,0,1,429.6,+12.0dB,15.7us,"[0,",1,153.18,normal,0,valid,-14.7dB,-15.0dB,na,na,,,,
2025-07-30 13:41:38.121522,PHY,0x4601,1,0,na,"[0,",0,0,1,447.0,+12.3dB,13.6us,"[0,",1,153.19,normal,0,valid,-14.8dB,-15.0dB,na,na,,,,
2025-07-30 13:41:38.125619,CSI,0x4601,2,,na,"[0,",,,1,,+28.8dB,16.5us,"[0,",1,154.8,normal,0,valid,-12.0dB,-12.1dB,0.39us,+70.0Hz,,"[6,",1111,1
2025-07-30 13:41:38.126481,PHY,0x4601,1,0,na,"[0,",0,0,1,368.7,+11.4dB,16.1us,"[0,",1,154.9,normal,0,valid,-14.8dB,-15.1dB,na,na,,,,
2025-07-30 13:41:38.130015,PHY,0x4601,2,,na,"[0,",,,11111,,+31.1dB,17.9us,"[0,",1,154.17,normal,0,valid,-12.0dB,-12.1dB,0.38us,-15.2Hz,,"[6,",,1
2025-07-30 13:41:38.130961,PHY,0x4601,1,0,na,"[0,",0,0,1,374.5,+11.5dB,17.4us,"[0,",1,154.18,normal,0,valid,-14.8dB,-15.1dB,na,na,,,,
2025-07-30 13:41:38.131535,PHY,0x4601,1,0,na,"[0,",0,0,1,369.0,+11.4dB,15.0us,"[0,",1,154.19,normal,0,valid,-14.8dB,-15.1dB,na,na,,,,
2025-07-30 13:41:38.136025,PHY,0x4601,1,0,na,"[0,",0,0,1,356.7,+11.3dB,15.6us,"[0,",1,155.8,normal,0,valid,-14.7dB,-15.0dB,na,na,,,,
2025-07-30 13:41:38.136531,PHY,0x4601,1,0,na,"[0,",0,0,1,367.4,+11.4dB,16.0us,"[0,",1,155.9,normal,0,valid,-14.7dB,-15.0dB,na,na,,,,
2025-07-30 13:41:38.140053,PHY,0x4601,2,,na,"[0,",,,11111,,+30.4dB,14.4us,"[0,",1,155.17,normal,0,valid,-12.0dB,-12.2dB,0.39us,-36.5Hz,,"[6,",,1
2025-07-30 13:41:38.141012,PHY,0x4601,1,0,na,"[0,",0,0,1,433.5,+12.1dB,16.9us,"[0,",1,155.18,normal,0,valid,-14.8dB,-15.0dB,na,na,,,,
2025-07-30 13:41:38.141465,PHY,0x4601,1,0,na,"[0,",0,0,1,434.4,+12.1dB,14.1us,"[0,",1,155.19,normal,0,valid,-14.8dB,-15.0dB,na,na,,,,
2025-07-30 13:41:38.145599,CSI,0x4601,2,,na,"[0,",,,1,,+28.9dB,14.6us,"[0,",1,156.8,normal,0,valid,-11.8dB,-11.9dB,0.39us,+27.3Hz,,"[6,",1111,1
2025-07-30 13:41:38.146533,PHY,0x4601,1,0,na,"[0,",0,0,1,348.9,+11.1dB,17.0us,"[0,",1,156.9,normal,0,valid,-14.8dB,-15.1dB,na,na,,,,
2025-07-30 13:41:38.150091,PHY,0x4601,2,,na,"[0,",,,11111,,+30.1dB,15.3us,"[0,",1,156.17,normal,0,valid,-12.0dB,-12.2dB,0.39us,+75.4Hz,,"[6,",,1
2025-07-30 13:41:38.151022,PHY,0x4601,1,0,na,"[0,",0,0,1,436.5,+12.1dB,18.1us,"[0,",1,156.18,normal,0,valid,-14.8dB,-15.0dB,na,na,,,,
2025-07-30 13:41:38.151514,PHY,0x4601,1,0,na,"[0,",0,0,1,445.3,+12.2dB,15.4us,"[0,",1,156.19,normal,0,valid,-14.7dB,-15.0dB,na,na,,,,
2025-07-30 13:41:38.156003,PHY,0x4601,1,0,na,"[0,",0,0,1,394.0,+11.7dB,17.1us,"[0,",1,157.8,normal,0,valid,-14.7dB,-15.0dB,na,na,,,,
2025-07-30 13:41:38.156459,PHY,0x4601,1,0,na,"[0,",0,0,1,369.0,+11.5dB,14.2us,"[0,",1,157.9,normal,0,valid,-14.8dB,-15.0dB,na,na,,,,
2025-07-30 13:41:38.160139,PHY,0x4601,2,,na,"[0,",,,11111,,+29.3dB,14.3us,"[0,",1,157.17,normal,0,valid,-12.1dB,-12.3dB,0.39us,+142.8Hz,,"[6,",,1
2025-07-30 13:41:38.160954,PHY,0x4601,1,0,na,"[0,",0,0,1,375.2,+11.5dB,16.3us,"[0,",1,157.18,normal,0,valid,-14.8dB,-15.1dB,na,na,,,,
2025-07-30 13:41:38.161532,PHY,0x4601,1,0,na,"[0,",0,0,1,359.2,+11.3dB,13.8us,"[0,",1,157.19,normal,0,valid,-14.7dB,-15.1dB,na,na,,,,
2025-07-30 13:41:38.165622,CSI,0x4601,2,,na,"[0,",,,1,,+33.5dB,11.7us,"[0,",1,158.8,normal,0,valid,-11.8dB,-11.9dB,0.39us,+37.6Hz,,"[6,",1111,1
2025-07-30 13:41:38.166518,PHY,0x4601,1,0,na,"[0,",0,0,1,375.1,+11.5dB,20.8us,"[0,",1,158.9,normal,0,valid,-14.8dB,-15.1dB,na,na,,,,
2025-07-30 13:41:38.170047,PHY,0x4601,2,,na,"[0,",,,11111,,+29.2dB,18.0us,"[0,",1,158.17,normal,0,valid,-12.0dB,-12.1dB,0.40us,+44.0Hz,,"[6,",,1
2025-07-30 13:41:38.171007,PHY,0x4601,1,0,na,"[0,",0,0,1,368.9,+11.4dB,27.2us,"[0,",1,158.18,normal,0,valid,-14.8dB,-15.1dB,na,na,,,,
2025-07-30 13:41:38.171464,PHY,0x4601,1,0,na,"[0,",0,0,1,374.3,+11.5dB,17.2us,"[0,",1,158.19,normal,0,valid,-14.8dB,-15.1dB,na,na,,,,
2025-07-30 13:41:38.175953,PHY,0x4601,1,0,na,"[0,",0,0,1,364.4,+11.4dB,18.0us,"[0,",1,159.8,normal,0,valid,-14.8dB,-15.0dB,na,na,,,,
2025-07-30 13:41:38.176542,PHY,0x4601,1,0,na,"[0,",0,0,1,368.4,+11.4dB,22.3us,"[0,",1,159.9,normal,0,valid,-14.8dB,-15.1dB,na,na,,,,
2025-07-30 13:41:38.180073,PHY,0x4601,2,,na,"[0,",,,11111,,+30.7dB,18.6us,"[0,",1,159.17,normal,0,valid,-12.0dB,-12.1dB,0.41us,+36.8Hz,,"[6,",,1
2025-07-30 13:41:38.181018,PHY,0x4601,1,0,na,"[0,",0,0,1,439.8,+12.2dB,24.7us,"[0,",1,159.18,normal,0,valid,-14.7dB,-15.0dB,na,na,,,,
2025-07-30 13:41:38.181496,PHY,0x4601,1,0,na,"[0,",0,0,1,437.9,+12.1dB,18.6us,"[0,",1,159.19,normal,0,valid,-14.7dB,-15.0dB,na,na,,,,
2025-07-30 13:41:38.185621,CSI,0x4601,2,,na,"[0,",,,1,,+29.0dB,16.9us,"[0,",1,160.8,normal,0,valid,-11.8dB,-12.0dB,0.41us,-16.6Hz,,"[6,",1111,1
2025-07-30 13:41:38.186455,PHY,0x4601,1,0,na,"[0,",0,0,1,2843.9,+20.3dB,17.7us,"[0,",1,160.9,normal,0,valid,-14.8dB,-14.8dB,na,na,,,,
2025-07-30 13:41:38.190135,PHY,0x4601,2,,na,"[0,",,,11111,,+31.3dB,23.4us,"[0,",1,160.17,normal,0,valid,-12.1dB,-12.1dB,0.14us,+23.1Hz,,"[6,",,1
2025-07-30 13:41:38.191039,PHY,0x4601,1,0,na,"[0,",0,0,1,2667.6,+20.0dB,17.9us,"[0,",1,160.18,normal,0,valid,-14.8dB,-14.8dB,na,na,,,,
2025-07-30 13:41:38.191525,PHY,0x4601,1,0,na,"[0,",0,0,1,2832.3,+20.2dB,14.6us,"[0,",1,160.19,normal,0,valid,-14.8dB,-14.8dB,na,na,,,,
2025-07-30 13:41:38.196004,PHY,0x4601,1,0,na,"[0,",0,0,1,2680.0,+20.0dB,16.7us,"[0,",1,161.8,normal,0,valid,-14.7dB,-14.8dB,na,na,,,,
2025-07-30 13:41:38.196519,PHY,0x4601,1,0,na,"[0,",0,0,1,2568.7,+19.8dB,21.3us,"[0,",1,161.9,normal,0,valid,-14.8dB,-14.8dB,na,na,,,,
2025-07-30 13:41:38.200021,PHY,0x4601,2,,na,"[0,",,,11111,,+28.0dB,14.9us,"[0,",1,161.17,normal,0,valid,-12.1dB,-12.2dB,0.14us,-40.9Hz,,"[6,",,1
2025-07-30 13:41:38.200983,PHY,0x4601,1,0,na,"[0,",0,0,1,2572.5,+19.9dB,17.8us,"[0,",1,161.18,normal,0,valid,-14.7dB,-14.8dB,na,na,,,,
2025-07-30 13:41:38.201443,PHY,0x4601,1,0,na,"[0,",0,0,1,2994.4,+20.5dB,14.8us,"[0,",1,161.19,normal,0,valid,-14.8dB,-14.8dB,na,na,,,,
2025-07-30 13:41:38.205571,CSI,0x4601,2,,na,"[0,",,,1,,+31.7dB,13.2us,"[0,",1,162.8,normal,0,valid,-11.8dB,-11.8dB,0.13us,-24.7Hz,,"[6,",1111,1
2025-07-30 13:41:38.206517,PHY,0x4601,1,0,na,"[0,",0,0,1,2780.1,+20.2dB,24.1us,"[0,",1,162.9,normal,0,valid,-14.8dB,-14.8dB,na,na,,,,
2025-07-30 13:41:38.210075,PHY,0x4601,2,,na,"[0,",,,11111,,+29.1dB,15.5us,"[0,",1,162.17,normal,0,valid,-11.9dB,-11.9dB,0.12us,+45.5Hz,,"[6,",,1
2025-07-30 13:41:38.210998,PHY,0x4601,1,0,na,"[0,",0,0,1,2657.7,+20.0dB,17.6us,"[0,",1,162.18,normal,0,valid,-14.8dB,-14.8dB,na,na,,,,
2025-07-30 13:41:38.211493,PHY,0x4601,1,0,na,"[0,",0,0,1,2720.7,+20.1dB,14.7us,"[0,",1,162.19,normal,0,valid,-14.8dB,-14.8dB,na,na,,,,
2025-07-30 13:41:38.215980,PHY,0x4601,1,0,na,"[0,",0,0,1,3019.0,+20.5dB,18.5us,"[0,",1,163.8,normal,0,valid,-14.8dB,-14.8dB,na,na,,,,
2025-07-30 13:41:38.216543,PHY,0x4601,1,0,na,"[0,",0,0,1,2509.0,+19.7dB,15.2us,"[0,",1,163.9,normal,0,valid,-14.8dB,-14.8dB,na,na,,,,
2025-07-30 13:41:38.220094,PHY,0x4601,2,,na,"[0,",,,11111,,+34.9dB,14.7us,"[0,",1,163.17,normal,0,valid,-12.0dB,-12.0dB,0.12us,+24.4Hz,,"[6,",,1
2025-07-30 13:41:38.221030,PHY,0x4601,1,0,na,"[0,",0,0,1,2642.0,+19.9dB,18.0us,"[0,",1,163.18,normal,0,valid,-14.8dB,-14.8dB,na,na,,,,
2025-07-30 13:41:38.221501,PHY,0x4601,1,0,na,"[0,",0,0,1,2890.4,+20.4dB,16.0us,"[0,",1,163.19,normal,0,valid,-14.8dB,-14.8dB,na,na,,,,
2025-07-30 13:41:38.225609,CSI,0x4601,2,,na,"[0,",,,1,,+32.9dB,13.5us,"[0,",1,164.8,normal,0,valid,-11.9dB,-12.0dB,0.15us,-17.0Hz,,"[6,",1111,1
2025-07-30 13:41:38.226506,PHY,0x4601,1,0,na,"[0,",0,0,1,2992.8,+20.5dB,20.7us,"[0,",1,164.9,normal,0,valid,-14.8dB,-14.8dB,na,na,,,,
2025-07-30 13:41:38.230135,PHY,0x4601,2,,na,"[0,",,,11111,,+32.5dB,17.3us,"[0,",1,164.17,normal,0,valid,-12.1dB,-12.2dB,0.40us,-137.2Hz,,"[6,",,1
2025-07-30 13:41:38.230975,PHY,0x4601,1,0,na,"[0,",0,0,1,372.9,+11.5dB,16.6us,"[0,",1,164.18,normal,0,valid,-14.7dB,-15.0dB,na,na,,,,
2025-07-30 13:41:38.231534,PHY,0x4601,1,0,na,"[0,",0,0,1,376.5,+11.5dB,14.5us,"[0,",1,164.19,normal,0,valid,-14.8dB,-15.1dB,na,na,,,,
2025-07-30 13:41:38.236018,PHY,0x4601,1,0,na,"[0,",0,0,1,369.8,+11.4dB,16.1us,"[0,",1,165.8,normal,0,valid,-14.8dB,-15.1dB,na,na,,,,
2025-07-30 13:41:38.236505,PHY,0x4601,1,0,na,"[0,",0,0,1,357.7,+11.3dB,19.5us,"[0,",1,165.9,normal,0,valid,-14.8dB,-15.1dB,na,na,,,,
2025-07-30 13:41:38.240050,PHY,0x4601,2,,na,"[0,",,,11111,,+31.1dB,14.5us,"[0,",1,165.17,normal,0,valid,-12.0dB,-12.1dB,0.38us,+61.7Hz,,"[6,",,1
2025-07-30 13:41:38.240982,PHY,0x4601,1,0,na,"[0,",0,0,1,379.6,+11.5dB,16.1us,"[0,",1,165.18,normal,0,valid,-14.8dB,-15.1dB,na,na,,,,
2025-07-30 13:41:38.241481,PHY,0x4601,1,0,na,"[0,",0,0,1,365.6,+11.4dB,14.2us,"[0,",1,165.19,normal,0,valid,-14.8dB,-15.1dB,na,na,,,,
2025-07-30 13:41:38.245590,CSI,0x4601,2,,na,"[0,",,,1,,+30.1dB,13.3us,"[0,",1,166.8,normal,0,valid,-12.1dB,-12.2dB,0.39us,-78.2Hz,,"[6,",1111,1
2025-07-30 13:41:38.246534,PHY,0x4601,1,0,na,"[0,",0,0,1,437.0,+12.2dB,15.8us,"[0,",1,166.9,normal,0,valid,-14.8dB,-15.0dB,na,na,,,,
2025-07-30 13:41:38.250096,PHY,0x4601,2,,na,"[0,",,,11111,,+28.5dB,22.7us,"[0,",1,166.17,normal,0,valid,-11.9dB,-12.0dB,0.39us,+24.4Hz,,"[6,",,1
2025-07-30 13:41:38.251018,PHY,0x4601,1,0,na,"[0,",0,0,1,368.8,+11.4dB,21.7us,"[0,",1,166.18,normal,0,valid,-14.8dB,-15.1dB,na,na,,,,
2025-07-30 13:41:38.251495,PHY,0x4601,1,0,na,"[0,",0,0,1,371.8,+11.5dB,13.4us,"[0,",1,166.19,normal,0,valid,-14.8dB,-15.0dB,na,na,,,,
2025-07-30 13:41:38.255983,PHY,0x4601,1,0,na,"[0,",0,0,1,368.8,+11.4dB,17.7us,"[0,",1,167.8,normal,0,valid,-14.8dB,-15.0dB,na,na,,,,
2025-07-30 13:41:38.256486,PHY,0x4601,1,0,na,"[0,",0,0,1,377.0,+11.5dB,23.6us,"[0,",1,167.9,normal,0,valid,-14.8dB,-15.0dB,na,na,,,,
2025-07-30 13:41:38.260134,PHY,0x4601,2,,na,"[0,",,,11111,,+31.7dB,15.5us,"[0,",1,167.17,normal,0,valid,-11.9dB,-12.1dB,0.38us,-9.3Hz,,"[6,",,1
2025-07-30 13:41:38.260964,PHY,0x4601,1,0,na,"[0,",0,0,1,362.0,+11.4dB,15.7us,"[0,",1,167.18,normal,0,valid,-14.7dB,-15.0dB,na,na,,,,
2025-07-30 13:41:38.261520,PHY,0x4601,1,0,na,"[0,",0,0,1,378.5,+11.5dB,14.6us,"[0,",1,167.19,normal,0,valid,-14.7dB,-15.1dB,na,na,,,,
2025-07-30 13:41:38.265618,CSI,0x4601,2,,na,"[0,",,,1,,+31.9dB,12.2us,"[0,",1,168.8,normal,0,valid,-11.9dB,-12.1dB,0.40us,+31.5Hz,,"[6,",1111,1
2025-07-30 13:41:38.266486,PHY,0x4601,1,0,na,"[0,",0,0,1,361.9,+11.3dB,15.1us,"[0,",1,168.9,normal,0,valid,-14.8dB,-15.1dB,na,na,,,,
2025-07-30 13:41:38.270041,PHY,0x4601,2,,na,"[0,",,,11111,,+34.7dB,21.8us,"[0,",1,168.17,normal,0,valid,-12.0dB,-12.1dB,0.38us,+132.1Hz,,"[6,",,1
2025-07-30 13:41:38.270973,PHY,0x4601,1,0,na,"[0,",0,0,1,442.1,+12.2dB,16.4us,"[0,",1,168.18,normal,0,valid,-14.8dB,-15.0dB,na,na,,,,
2025-07-30 13:41:38.271470,PHY,0x4601,1,0,na,"[0,",0,0,1,442.9,+12.2dB,15.8us,"[0,",1,168.19,normal,0,valid,-14.7dB,-15.0dB,na,na,,,,
2025-07-30 13:41:38.276056,PHY,0x4601,1,0,na,"[0,",0,0,1,363.9,+11.4dB,16.7us,"[0,",1,169.8,normal,0,valid,-14.8dB,-15.1dB,na,na,,,,
2025-07-30 13:41:38.276540,PHY,0x4601,1,0,na,"[0,",0,0,1,370.9,+11.4dB,26.7us,"[0,",1,169.9,normal,0,valid,-14.7dB,-15.0dB,na,na,,,,
2025-07-30 13:41:38.280080,PHY,0x4601,2,,na,"[0,",,,11111,,+30.8dB,18.3us,"[0,",1,169.17,normal,0,valid,-11.8dB,-12.0dB,0.37us,-25.6Hz,,"[6,",,1
2025-07-30 13:41:38.281009,PHY,0x4601,1,0,na,"[0,",0,0,1,426.5,+12.1dB,17.5us,"[0,",1,169.18,normal,0,valid,-14.7dB,-15.0dB,na,na,,,,
2025-07-30 13:41:38.281477,PHY,0x4601,1,0,na,"[0,",0,0,1,440.6,+12.2dB,14.5us,"[0,",1,169.19,normal,0,valid,-14.8dB,-15.0dB,na,na,,,,
2025-07-30 13:41:38.285652,CSI,0x4601,2,,na,"[0,",,,1,,+29.8dB,14.3us,"[0,",1,170.8,normal,0,valid,-11.8dB,-12.0dB,0.39us,-22.2Hz,,"[6,",1111,1
2025-07-30 13:41:38.286470,PHY,0x4601,1,0,na,"[0,",0,0,1,365.9,+11.4dB,16.1us,"[0,",1,170.9,normal,0,valid,-14.8dB,-15.1dB,na,na,,,,
2025-07-30 13:41:38.290121,PHY,0x4601,2,,na,"[0,",,,11111,,+28.0dB,13.8us,"[0,",1,170.17,normal,0,valid,-11.9dB,-12.1dB,0.40us,-12.2Hz,,"[6,",,1
2025-07-30 13:41:38.291041,PHY,0x4601,1,0,na,"[0,",0,0,1,418.7,+12.0dB,18.2us,"[0,",1,170.18,normal,0,valid,-14.8dB,-15.0dB,na,na,,,,
2025-07-30 13:41:38.291534,PHY,0x4601,1,0,na,"[0,",0,0,1,423.8,+12.0dB,14.0us,"[0,",1,170.19,normal,0,valid,-14.8dB,-15.0dB,na,na,,,,
2025-07-30 13:41:38.296012,PHY,0x4601,1,0,na,"[0,",0,0,1,372.2,+11.4dB,20.9us,"[0,",1,171.8,normal,0,valid,-14.7dB,-15.1dB,na,na,,,,
2025-07-30 13:41:38.296475,PHY,0x4601,1,0,na,"[0,",0,0,1,354.4,+11.2dB,15.2us,"[0,",1,171.9,normal,0,valid,-14.8dB,-15.1dB,na,na,,,,
2025-07-30 13:41:38.300028,PHY,0x4601,2,,na,"[0,",,,11111,,+31.0dB,15.3us,"[0,",1,171.17,normal,0,valid,-12.0dB,-12.1dB,0.39us,+38.3Hz,,"[6,",,1
2025-07-30 13:41:38.300965,PHY,0x4601,1,0,na,"[0,",0,0,1,370.2,+11.4dB,16.5us,"[0,",1,171.18,normal,0,valid,-14.8dB,-15.1dB,na,na,,,,
2025-07-30 13:41:38.301549,PHY,0x4601,1,0,na,"[0,",0,0,1,377.0,+11.5dB,16.0us,"[0,",1,171.19,normal,0,valid,-14.8dB,-15.1dB,na,na,,,,
2025-07-30 13:41:38.305572,CSI,0x4601,2,,na,"[0,",,,1,,+28.3dB,19.2us,"[0,",1,172.8,normal,0,valid,-11.9dB,-12.1dB,0.40us,+39.5Hz,,"[6,",1111,1
2025-07-30 13:41:38.306512,PHY,0x4601,1,0,na,"[0,",0,0,1,369.6,+11.4dB,22.0us,"[0,",1,172.9,normal,0,valid,-14.8dB,-15.1dB,na,na,,,,
2025-07-30 13:41:38.310050,PHY,0x4601,2,,na,"[0,",,,11111,,+30.7dB,14.5us,"[0,",1,172.17,normal,0,valid,-12.1dB,-12.1dB,0.14us,-54.9Hz,,"[6,",,1
2025-07-30 13:41:38.310991,PHY,0x4601,1,0,na,"[0,",0,0,1,4316.7,+22.1dB,17.1us,"[0,",1,172.18,normal,0,valid,-14.7dB,-14.8dB,na,na,,,,
2025-07-30 13:41:38.311464,PHY,0x4601,1,0,na,"[0,",0,0,1,4680.7,+22.4dB,15.8us,"[0,",1,172.19,normal,0,valid,-14.8dB,-14.8dB,na,na,,,,
2025-07-30 13:41:38.315959,PHY,0x4601,1,0,na,"[0,",0,0,1,2740.6,+20.1dB,16.5us,"[0,",1,173.8,normal,0,valid,-14.8dB,-14.9dB,na,na,,,,
2025-07-30 13:41:38.316538,PHY,0x4601,1,0,na,"[0,",0,0,1,2505.7,+19.7dB,15.2us,"[0,",1,173.9,normal,0,valid,-14.8dB,-14.9dB,na,na,,,,
2025-07-30 13:41:38.320108,PHY,0x4601,2,,na,"[0,",,,11111,,+30.0dB,15.2us,"[0,",1,173.17,normal,0,valid,-11.9dB,-11.9dB,0.11us,+28.8Hz,,"[6,",,1
2025-07-30 13:41:38.321030,PHY,0x4601,1,0,na,"[0,",0,0,1,2555.2,+19.8dB,16.5us,"[0,",1,173.18,normal,0,valid,-14.7dB,-14.8dB,na,na,,,,
2025-07-30 13:41:38.321504,PHY,0x4601,1,0,na,"[0,",0,0,1,2562.4,+19.8dB,14.3us,"[0,",1,173.19,normal,0,valid,-14.8dB,-14.8dB,na,na,,,,
2025-07-30 13:41:38.325605,CSI,0x4601,2,,na,"[0,",,,1,,+32.1dB,12.7us,"[0,",1,174.8,normal,0,valid,-11.8dB,-11.8dB,0.13us,-46.8Hz,,"[6,",1111,1
2025-07-30 13:41:38.326463,PHY,0x4601,1,0,na,"[0,",0,0,1,2602.7,+19.9dB,16.7us,"[0,",1,174.9,normal,0,valid,-14.8dB,-14.9dB,na,na,,,,
2025-07-30 13:41:38.330116,PHY,0x4601,2,,na,"[0,",,,11111,,+31.5dB,14.4us,"[0,",1,174.17,normal,0,valid,-12.0dB,-12.0dB,0.12us,-25.4Hz,,"[6,",,1
2025-07-30 13:41:38.330946,PHY,0x4601,1,0,na,"[0,",0,0,1,4475.1,+22.2dB,15.8us,"[0,",1,174.18,normal,0,valid,-14.8dB,-14.8dB,na,na,,,,
2025-07-30 13:41:38.331529,PHY,0x4601,1,0,na,"[0,",0,0,1,3928.0,+21.6dB,13.7us,"[0,",1,174.19,normal,0,valid,-14.8dB,-14.8dB,na,na,,,,
2025-07-30 13:41:38.336038,PHY,0x4601,1,0,na,"[0,",0,0,1,2753.5,+20.1dB,16.3us,"[0,",1,175.8,normal,0,valid,-14.7dB,-14.8dB,na,na,,,,
2025-07-30 13:41:38.336506,PHY,0x4601,1,0,na,"[0,",0,0,1,2467.6,+19.7dB,14.3us,"[0,",1,175.9,normal,0,valid,-14.8dB,-14.8dB,na,na,,,,
2025-07-30 13:41:38.340034,PHY,0x4601,2,,na,"[0,",,,11111,,+29.1dB,14.9us,"[0,",1,175.17,normal,0,valid,-12.0dB,-12.0dB,0.12us,+10.7Hz,,"[6,",,1
2025-07-30 13:41:38.340983,PHY,0x4601,1,0,na,"[0,",0,0,1,4552.6,+22.3dB,15.5us,"[0,",1,175.18,normal,0,valid,-14.8dB,-14.8dB,na,na,,,,
2025-07-30 13:41:38.341455,PHY,0x4601,1,0,na,"[0,",0,0,1,4159.1,+21.9dB,14.0us,"[0,",1,175.19,normal,0,valid,-14.8dB,-14.8dB,na,na,,,,
2025-07-30 13:41:38.345637,CSI,0x4601,2,,na,"[0,",,,1,,+30.7dB,18.1us,"[0,",1,176.8,normal,0,valid,-11.9dB,-11.9dB,0.13us,-16.7Hz,,"[6,",1111,1
2025-07-30 13:41:38.346535,PHY,0x4601,1,0,na,"[0,",0,0,1,4369.4,+22.2dB,17.6us,"[0,",1,176.9,normal,0,valid,-14.7dB,-14.8dB,na,na,,,,
2025-07-30 13:41:38.350071,PHY,0x4601,2,,na,"[0,",,,11111,,+28.7dB,14.4us,"[0,",1,176.17,normal,0,valid,-12.0dB,-12.2dB,0.41us,+51.0Hz,,"[6,",,1
2025-07-30 13:41:38.351020,PHY,0x4601,1,0,na,"[0,",0,0,1,365.9,+11.4dB,16.9us,"[0,",1,176.18,normal,0,valid,-14.8dB,-15.1dB,na,na,,,,
2025-07-30 13:41:38.351483,PHY,0x4601,1,0,na,"[0,",0,0,1,374.1,+11.5dB,13.6us,"[0,",1,176.19,normal,0,valid,-14.8dB,-15.1dB,na,na,,,,
2025-07-30 13:41:38.355988,PHY,0x4601,1,0,na,"[0,",0,0,1,367.8,+11.4dB,17.7us,"[0,",1,177.8,normal,0,valid,-14.8dB,-15.1dB,na,na,,,,
2025-07-30 13:41:38.356444,PHY,0x4601,1,0,na,"[0,",0,0,1,362.2,+11.4dB,14.9us,"[0,",1,177.9,normal,0,valid,-14.8dB,-15.1dB,na,na,,,,
2025-07-30 13:41:38.360104,PHY,0x4601,2,,na,"[0,",,,11111,,+29.4dB,15.2us,"[0,",1,177.17,normal,0,valid,-11.9dB,-12.1dB,0.39us,-77.8Hz,,"[6,",,1
2025-07-30 13:41:38.361039,PHY,0x4601,1,0,na,"[0,",0,0,1,366.0,+11.4dB,16.5us,"[0,",1,177.18,normal,0,valid,-14.8dB,-15.1dB,na,na,,,,
2025-07-30 13:41:38.361517,PHY,0x4601,1,0,na,"[0,",0,0,1,359.2,+11.3dB,14.2us,"[0,",1,177.19,normal,0,valid,-14.8dB,-15.1dB,na,na,,,,
2025-07-30 13:41:38.365612,CSI,0x4601,2,,na,"[0,",,,1,,+28.0dB,14.5us,"[0,",1,178.8,normal,0,valid,-12.0dB,-12.1dB,0.41us,-100.4Hz,,"[6,",1111,1
2025-07-30 13:41:38.366503,PHY,0x4601,1,0,na,"[0,",0,0,1,373.0,+11.4dB,16.7us,"[0,",1,178.9,normal,0,valid,-14.8dB,-15.1dB,na,na,,,,
2025-07-30 13:41:38.370014,PHY,0x4601,2,,na,"[0,",,,11111,,+30.4dB,14.3us,"[0,",1,178.17,normal,0,valid,-12.0dB,-12.1dB,0.39us,-13.0Hz,,"[6,",,1
2025-07-30 13:41:38.370969,PHY,0x4601,1,0,na,"[0,",0,0,1,354.8,+11.2dB,16.1us,"[0,",1,178.18,normal,0,valid,-14.8dB,-15.1dB,na,na,,,,
2025-07-30 13:41:38.371441,PHY,0x4601,1,0,na,"[0,",0,0,1,369.8,+11.4dB,13.7us,"[0,",1,178.19,normal,0,valid,-14.7dB,-15.0dB,na,na,,,,
2025-07-30 13:41:38.376050,PHY,0x4601,1,0,na,"[0,",0,0,1,363.4,+11.4dB,16.7us,"[0,",1,179.8,normal,0,valid,-14.8dB,-15.1dB,na,na,,,,
2025-07-30 13:41:38.376526,PHY,0x4601,1,0,na,"[0,",0,0,1,368.4,+11.4dB,16.1us,"[0,",1,179.9,normal,0,valid,-14.8dB,-15.1dB,na,na,,,,
2025-07-30 13:41:38.380064,PHY,0x4601,2,,na,"[0,",,,11111,,+31.7dB,19.1us,"[0,",1,179.17,normal,0,valid,-11.9dB,-12.1dB,0.39us,-2.2Hz,,"[6,",,1
2025-07-30 13:41:38.381007,PHY,0x4601,1,0,na,"[0,",0,0,1,430.9,+12.1dB,16.0us,"[0,",1,179.18,normal,0,valid,-14.8dB,-15.0dB,na,na,,,,
2025-07-30 13:41:38.381477,PHY,0x4601,1,0,na,"[0,",0,0,1,431.0,+12.1dB,13.8us,"[0,",1,179.19,normal,0,valid,-14.8dB,-15.0dB,na,na,,,,
2025-07-30 13:41:38.385599,CSI,0x4601,2,,na,"[0,",,,1,,+27.9dB,16.0us,"[0,",1,180.8,normal,0,valid,-11.9dB,-12.0dB,0.38us,-145.1Hz,,"[6,",1111,1
2025-07-30 13:41:38.386537,PHY,0x4601,1,0,na,"[0,",0,0,1,432.3,+12.1dB,16.6us,"[0,",1,180.9,normal,0,valid,-14.8dB,-15.0dB,na,na,,,,
2025-07-30 13:41:38.390104,PHY,0x4601,2,,na,"[0,",,,11111,,+33.5dB,21.8us,"[0,",1,180.17,normal,0,valid,-12.1dB,-12.1dB,0.12us,+69.8Hz,,"[6,",,1
2025-07-30 13:41:38.391026,PHY,0x4601,1,0,na,"[0,",0,0,1,2722.6,+20.1dB,16.6us,"[0,",1,180.18,normal,0,valid,-14.8dB,-14.8dB,na,na,,,,
2025-07-30 13:41:38.391571,PHY,0x4601,1,0,na,"[0,",0,0,1,2876.5,+20.3dB,17.4us,"[0,",1,180.19,normal,0,valid,-14.7dB,-14.8dB,na,na,,,,
2025-07-30 13:41:38.396014,PHY,0x4601,1,0,na,"[0,",0,0,1,2728.4,+20.1dB,19.3us,"[0,",1,181.8,normal,0,valid,-14.8dB,-14.8dB,na,na,,,,
2025-07-30 13:41:38.396485,PHY,0x4601,1,0,na,"[0,",0,0,1,2455.2,+19.7dB,25.1us,"[0,",1,181.9,normal,0,valid,-14.8dB,-14.8dB,na,na,,,,
2025-07-30 13:41:38.400116,PHY,0x4601,2,,na,"[0,",,,11111,,+34.8dB,14.9us,"[0,",1,181.17,normal,0,valid,-12.0dB,-12.0dB,0.12us,+17.7Hz,,"[6,",,1
2025-07-30 13:41:38.400952,PHY,0x4601,1,0,na,"[0,",0,0,1,4578.0,+22.4dB,16.7us,"[0,",1,181.18,normal,0,valid,-14.8dB,-14.8dB,na,na,,,,
2025-07-30 13:41:38.401530,PHY,0x4601,1,0,na,"[0,",0,0,1,4288.1,+22.1dB,14.0us,"[0,",1,181.19,normal,0,valid,-14.7dB,-14.8dB,na,na,,,,
2025-07-30 13:41:38.405595,CSI,0x4601,2,,na,"[0,",,,1,,+30.6dB,15.8us,"[0,",1,182.8,normal,0,valid,-11.9dB,-12.0dB,0.14us,-70.0Hz,,"[6,",1111,1
2025-07-30 13:41:38.406510,PHY,0x4601,1,0,na,"[0,",0,0,1,4381.8,+22.2dB,18.2us,"[0,",1,182.9,normal,0,valid,-14.8dB,-14.8dB,na,na,,,,
2025-07-30 13:41:38.410037,PHY,0x4601,2,,na,"[0,",,,11111,,+31.8dB,15.5us,"[0,",1,182.17,normal,0,valid,-12.0dB,-12.0dB,0.09us,-5.8Hz,,"[6,",,1
2025-07-30 13:41:38.410997,PHY,0x4601,1,0,na,"[0,",0,0,1,4226.0,+22.0dB,16.1us,"[0,",1,182.18,normal,0,valid,-14.8dB,-14.8dB,na,na,,,,
2025-07-30 13:41:38.411460,PHY,0x4601,1,0,na,"[0,",0,0,1,4148.1,+21.9dB,16.7us,"[0,",1,182.19,normal,0,valid,-14.8dB,-14.8dB,na,na,,,,
2025-07-30 13:41:38.415953,PHY,0x4601,1,0,na,"[0,",0,0,1,2595.8,+19.9dB,18.3us,"[0,",1,183.8,normal,0,valid,-14.8dB,-14.8dB,na,na,,,,
2025-07-30 13:41:38.416528,PHY,0x4601,1,0,na,"[0,",0,0,1,2668.5,+20.0dB,15.9us,"[0,",1,183.9,normal,0,valid,-14.8dB,-14.8dB,na,na,,,,
2025-07-30 13:41:38.420079,PHY,0x4601,2,,na,"[0,",,,11111,,+31.7dB,16.7us,"[0,",1,183.17,normal,0,valid,-12.0dB,-12.0dB,0.12us,+137.1Hz,,"[6,",,1
2025-07-30 13:41:38.421008,PHY,0x4601,1,0,na,"[0,",0,0,1,2689.6,+20.1dB,16.7us,"[0,",1,183.18,normal,0,valid,-14.8dB,-14.8dB,na,na,,,,
2025-07-30 13:41:38.421491,PHY,0x4601,1,0,na,"[0,",0,0,1,2531.1,+19.8dB,14.9us,"[0,",1,183.19,normal,0,valid,-14.8dB,-14.8dB,na,na,,,,
2025-07-30 13:41:38.425623,CSI,0x4601,2,,na,"[0,",,,1,,+33.1dB,17.3us,"[0,",1,184.8,normal,0,valid,-11.9dB,-12.0dB,0.14us,-80.3Hz,,"[6,",1111,1
2025-07-30 13:41:38.426460,PHY,0x4601,1,0,na,"[0,",0,0,1,2745.2,+20.1dB,16.0us,"[0,",1,184.9,normal,0,valid,-14.8dB,-14.9dB,na,na,,,,
2025-07-30 13:41:38.430138,PHY,0x4601,2,,na,"[0,",,,11111,,+31.2dB,16.4us,"[0,",1,184.17,normal,0,valid,-12.0dB,-12.2dB,0.40us,-13.5Hz,,"[6,",,1
2025-07-30 13:41:38.430948,PHY,0x4601,1,0,na,"[0,",0,0,1,361.1,+11.3dB,19.6us,"[0,",1,184.18,normal,0,valid,-14.8dB,-15.1dB,na,na,,,,
2025-07-30 13:41:38.431509,PHY,0x4601,1,0,na,"[0,",0,0,1,353.9,+11.2dB,14.3us,"[0,",1,184.19,normal,0,valid,-14.8dB,-15.1dB,na,na,,,,
2025-07-30 13:41:38.436013,PHY,0x4601,1,0,na,"[0,",0,0,1,379.7,+11.6dB,21.5us,"[0,",1,185.8,normal,0,valid,-14.7dB,-15.0dB,na,na,,,,
2025-07-30 13:41:38.436500,PHY,0x4601,1,0,na,"[0,",0,0,1,373.6,+11.5dB,14.5us,"[0,",1,185.9,normal,0,valid,-14.8dB,-15.1dB,na,na,,,,
2025-07-30 13:41:38.440021,PHY,0x4601,2,,na,"[0,",,,11111,,+31.0dB,15.8us,"[0,",1,185.17,normal,0,valid,-12.0dB,-12.1dB,0.41us,+127.1Hz,,"[6,",,1
2025-07-30 13:41:38.440986,PHY,0x4601,1,0,na,"[0,",0,0,1,435.6,+12.1dB,16.2us,"[0,",1,185.18,normal,0,valid,-14.7dB,-15.0dB,na,na,,,,
2025-07-30 13:41:38.441448,PHY,0x4601,1,0,na,"[0,",0,0,1,444.0,+12.2dB,14.9us,"[0,",1,185.19,normal,0,valid,-14.7dB,-15.0dB,na,na,,,,
2025-07-30 13:41:38.445575,CSI,0x4601,2,,na,"[0,",,,1,,+30.3dB,12.3us,"[0,",1,186.8,normal,0,valid,-11.9dB,-12.0dB,0.40us,+18.0Hz,,"[6,",1111,1
2025-07-30 13:41:38.446515,PHY,0x4601,1,0,na,"[0,",0,0,1,374.5,+11.5dB,15.9us,"[0,",1,186.9,normal,0,valid,-14.8dB,-15.1dB,na,na,,,,
2025-07-30 13:41:38.450060,PHY,0x4601,2,,na,"[0,",,,11111,,+28.6dB,14.3us,"[0,",1,186.17,normal,0,valid,-11.9dB,-12.1dB,0.40us,+23.3Hz,,"[6,",,1
2025-07-30 13:41:38.451003,PHY,0x4601,1,0,na,"[0,",0,0,1,364.1,+11.4dB,17.3us,"[0,",1,186.18,normal,0,valid,-14.7dB,-15.0dB,na,na,,,,
2025-07-30 13:41:38.451488,PHY,0x4601,1,0,na,"[0,",0,0,1,353.4,+11.2dB,13.8us,"[0,",1,186.19,normal,0,valid,-14.8dB,-15.0dB,na,na,,,,
2025-07-30 13:41:38.455982,PHY,0x4601,1,0,na,"[0,",0,0,1,374.6,+11.5dB,16.3us,"[0,",1,187.8,normal,0,valid,-14.8dB,-15.1dB,na,na,,,,
2025-07-30 13:41:38.456436,PHY,0x4601,1,0,na,"[0,",0,0,1,355.8,+11.3dB,14.1us,"[0,",1,187.9,normal,0,valid,-14.7dB,-15.1dB,na,na,,,,
2025-07-30 13:41:38.460095,PHY,0x4601,2,,na,"[0,",,,11111,,+29.9dB,14.2us,"[0,",1,187.17,normal,0,valid,-11.9dB,-12.1dB,0.38us,-101.0Hz,,"[6,",,1
2025-07-30 13:41:38.461028,PHY,0x4601,1,0,na,"[0,",0,0,1,359.1,+11.3dB,15.6us,"[0,",1,187.18,normal,0,valid,-14.8dB,-15.1dB,na,na,,,,
2025-07-30 13:41:38.461504,PHY,0x4601,1,0,na,"[0,",0,0,1,369.9,+11.4dB,14.7us,"[0,",1,187.19,normal,0,valid,-14.8dB,-15.1dB,na,na,,,,
2025-07-30 13:41:38.465597,CSI,0x4601,2,,na,"[0,",,,1,,+31.4dB,13.5us,"[0,",1,188.8,normal,0,valid,-11.9dB,-12.0dB,0.38us,-97.7Hz,,"[6,",1111,1
2025-07-30 13:41:38.466487,PHY,0x4601,1,0,na,"[0,",0,0,1,360.3,+11.3dB,16.6us,"[0,",1,188.9,normal,0,valid,-14.8dB,-15.1dB,na,na,,,,
2025-07-30 13:41:38.470021,PHY,0x4601,2,,na,"[0,",,,11111,,+30.8dB,17.2us,"[0,",1,188.17,normal,0,valid,-11.9dB,-11.9dB,0.14us,-18.0Hz,,"[6,",,1
2025-07-30 13:41:38.470970,PHY,0x4601,1,0,na,"[0,",0,0,1,2432.8,+19.6dB,15.6us,"[0,",1,188.18,normal,0,valid,-14.8dB,-14.8dB,na,na,,,,
2025-07-30 13:41:38.471535,PHY,0x4601,1,0,na,"[0,",0,0,1,2487.6,+19.7dB,13.7us,"[0,",1,188.19,normal,0,valid,-14.8dB,-14.8dB,na,na,,,,
2025-07-30 13:41:38.476026,PHY,0x4601,1,0,na,"[0,",0,0,1,2677.4,+20.0dB,16.5us,"[0,",1,189.8,normal,0,valid,-14.7dB,-14.8dB,na,na,,,,
2025-07-30 13:41:38.476518,PHY,0x4601,1,0,na,"[0,",0,0,1,2513.7,+19.7dB,20.0us,"[0,",1,189.9,normal,0,valid,-14.8dB,-14.8dB,na,na,,,,
2025-07-30 13:41:38.480050,PHY,0x4601,2,,na,"[0,",,,11111,,+32.0dB,14.7us,"[0,",1,189.17,normal,0,valid,-11.9dB,-11.9dB,0.14us,+58.4Hz,,"[6,",,1
2025-07-30 13:41:38.480987,PHY,0x4601,1,0,na,"[0,",0,0,1,2792.4,+20.2dB,15.7us,"[0,",1,189.18,normal,0,valid,-14.8dB,-14.8dB,na,na,,,,
2025-07-30 13:41:38.481484,PHY,0x4601,1,0,na,"[0,",0,0,1,2423.8,+19.6dB,13.5us,"[0,",1,189.19,normal,0,valid,-14.8dB,-14.8dB,na,na,,,,
2025-07-30 13:41:38.485597,CSI,0x4601,2,,na,"[0,",,,1,,+35.2dB,14.9us,"[0,",1,190.8,normal,0,valid,-11.9dB,-11.9dB,0.15us,-18.6Hz,,"[6,",1111,1
2025-07-30 13:41:38.486539,PHY,0x4601,1,0,na,"[0,",0,0,1,3968.0,+21.7dB,16.4us,"[0,",1,190.9,normal,0,valid,-14.8dB,-14.8dB,na,na,,,,
2025-07-30 13:41:38.490101,PHY,0x4601,2,,na,"[0,",,,11111,,+27.6dB,17.4us,"[0,",1,190.17,normal,0,valid,-11.9dB,-11.9dB,0.14us,-10.4Hz,,"[6,",,1
2025-07-30 13:41:38.491023,PHY,0x4601,1,0,na,"[0,",0,0,1,3786.1,+21.5dB,17.0us,"[0,",1,190.18,normal,0,valid,-14.8dB,-14.8dB,na,na,,,,
2025-07-30 13:41:38.491504,PHY,0x4601,1,0,na,"[0,",0,0,1,3923.1,+21.7dB,17.0us,"[0,",1,190.19,normal,0,valid,-14.7dB,-14.7dB,na,na,,,,
2025-07-30 13:41:38.495996,PHY,0x4601,1,0,na,"[0,",0,0,1,2976.7,+20.5dB,22.9us,"[0,",1,191.8,normal,0,valid,-14.8dB,-14.8dB,na,na,,,,
2025-07-30 13:41:38.496488,PHY,0x4601,1,0,na,"[0,",0,0,1,2511.7,+19.7dB,26.8us,"[0,",1,191.9,normal,0,valid,-14.8dB,-14.8dB,na,na,,,,
2025-07-30 13:41:38.500146,PHY,0x4601,2,,na,"[0,",,,11111,,+30.5dB,22.0us,"[0,",1,191.17,normal,0,valid,-11.9dB,-12.0dB,0.11us,+6.3Hz,,"[6,",,1
2025-07-30 13:41:38.500974,PHY,0x4601,1,0,na,"[0,",0,0,1,4218.1,+22.0dB,16.6us,"[0,",1,191.18,normal,0,valid,-14.8dB,-14.8dB,na,na,,,,
2025-07-30 13:41:38.501526,PHY,0x4601,1,0,na,"[0,",0,0,1,3947.5,+21.7dB,15.0us,"[0,",1,191.19,normal,0,valid,-14.8dB,-14.8dB,na,na,,,,
2025-07-30 13:41:38.505624,CSI,0x4601,2,,na,"[0,",,,1,,+33.2dB,13.1us,"[0,",1,192.8,normal,0,valid,-11.9dB,-11.9dB,0.14us,-35.2Hz,,"[6,",1111,1
2025-07-30 13:41:38.506499,PHY,0x4601,1,0,na,"[0,",0,0,1,2692.5,+20.0dB,20.4us,"[0,",1,192.9,normal,0,valid,-14.8dB,-14.8dB,na,na,,,,
2025-07-30 13:41:38.510037,PHY,0x4601,2,,na,"[0,",,,11111,,+30.4dB,14.1us,"[0,",1,192.17,normal,0,valid,-11.9dB,-11.9dB,0.13us,+69.3Hz,,"[6,",,1
2025-07-30 13:41:38.510987,PHY,0x4601,1,0,na,"[0,",0,0,1,4165.9,+21.9dB,17.1us,"[0,",1,192.18,normal,0,valid,-14.8dB,-14.8dB,na,na,,,,
2025-07-30 13:41:38.511478,PHY,0x4601,1,0,na,"[0,",0,0,1,3918.1,+21.7dB,13.8us,"[0,",1,192.19,normal,0,valid,-14.7dB,-14.8dB,na,na,,,,
2025-07-30 13:41:38.515974,PHY,0x4601,1,0,na,"[0,",0,0,1,2837.8,+20.2dB,16.3us,"[0,",1,193.8,normal,0,valid,-14.8dB,-14.9dB,na,na,,,,
2025-07-30 13:41:38.516524,PHY,0x4601,1,0,na,"[0,",0,0,1,2827.9,+20.2dB,14.3us,"[0,",1,193.9,normal,0,valid,-14.8dB,-14.8dB,na,na,,,,
2025-07-30 13:41:38.520077,PHY,0x4601,2,,na,"[0,",,,11111,,+30.4dB,14.5us,"[0,",1,193.17,normal,0,valid,-11.9dB,-11.9dB,0.12us,+103.9Hz,,"[6,",,1
2025-07-30 13:41:38.521019,PHY,0x4601,1,0,na,"[0,",0,0,1,4031.7,+21.8dB,22.9us,"[0,",1,193.18,normal,0,valid,-14.8dB,-14.8dB,na,na,,,,
2025-07-30 13:41:38.521484,PHY,0x4601,1,0,na,"[0,",0,0,1,4342.7,+22.1dB,17.6us,"[0,",1,193.19,normal,0,valid,-14.8dB,-14.8dB,na,na,,,,
2025-07-30 13:41:38.525646,CSI,0x4601,2,,na,"[0,",,,1,,+32.1dB,15.0us,"[0,",1,194.8,normal,0,valid,-11.8dB,-11.9dB,0.13us,-9.5Hz,,"[6,",1111,1
2025-07-30 13:41:38.526471,PHY,0x4601,1,0,na,"[0,",0,0,1,3783.4,+21.5dB,18.2us,"[0,",1,194.9,normal,0,valid,-14.8dB,-14.8dB,na,na,,,,
2025-07-30 13:41:38.530123,PHY,0x4601,2,,na,"[0,",,,11111,,+33.9dB,14.7us,"[0,",1,194.17,normal,0,valid,-12.0dB,-12.0dB,0.13us,-92.9Hz,,"[6,",,1
2025-07-30 13:41:38.531048,PHY,0x4601,1,0,na,"[0,",0,0,1,2617.5,+19.9dB,17.7us,"[0,",1,194.18,normal,0,valid,-14.8dB,-14.8dB,na,na,,,,
2025-07-30 13:41:38.531509,PHY,0x4601,1,0,na,"[0,",0,0,1,2541.8,+19.8dB,14.4us,"[0,",1,194.19,normal,0,valid,-14.8dB,-14.8dB,na,na,,,,
2025-07-30 13:41:38.536006,PHY,0x4601,1,0,na,"[0,",0,0,1,2613.0,+19.9dB,18.0us,"[0,",1,195.8,normal,0,valid,-14.8dB,-14.8dB,na,na,,,,
2025-07-30 13:41:38.536487,PHY,0x4601,1,0,na,"[0,",0,0,1,2596.0,+19.9dB,24.3us,"[0,",1,195.9,normal,0,valid,-14.8dB,-14.8dB,na,na,,,,
2025-07-30 13:41:38.540029,PHY,0x4601,2,,na,"[0,",,,11111,,+30.9dB,15.9us,"[0,",1,195.17,normal,0,valid,-12.0dB,-12.0dB,0.13us,-1.7Hz,,"[6,",,1
2025-07-30 13:41:38.540966,PHY,0x4601,1,0,na,"[0,",0,0,1,2697.2,+20.1dB,16.0us,"[0,",1,195.18,normal,0,valid,-14.7dB,-14.8dB,na,na,,,,
2025-07-30 13:41:38.541465,PHY,0x4601,1,0,na,"[0,",0,0,1,2740.1,+20.1dB,15.4us,"[0,",1,195.19,normal,0,valid,-14.7dB,-14.8dB,na,na,,,,
2025-07-30 13:41:38.545567,CSI,0x4601,2,,na,"[0,",,,1,,+28.5dB,15.4us,"[0,",1,196.8,normal,0,valid,-12.0dB,-12.0dB,0.14us,-91.0Hz,,"[6,",1111,1
2025-07-30 13:41:38.546516,PHY,0x4601,1,0,na,"[0,",0,0,1,2436.8,+19.6dB,15.8us,"[0,",1,196.9,normal,0,valid,-14.8dB,-14.8dB,na,na,,,,
2025-07-30 13:41:38.550089,PHY,0x4601,2,,na,"[0,",,,11111,,+30.9dB,16.3us,"[0,",1,196.17,normal,0,valid,-12.0dB,-12.0dB,0.14us,-29.5Hz,,"[6,",,1
2025-07-30 13:41:38.550997,PHY,0x4601,1,0,na,"[0,",0,0,1,2460.5,+19.7dB,15.8us,"[0,",1,196.18,normal,0,valid,-14.7dB,-14.8dB,na,na,,,,
2025-07-30 13:41:38.551473,PHY,0x4601,1,0,na,"[0,",0,0,1,2872.5,+20.3dB,14.1us,"[0,",1,196.19,normal,0,valid,-14.8dB,-14.8dB,na,na,,,,
2025-07-30 13:41:38.555956,PHY,0x4601,1,0,na,"[0,",0,0,1,2833.1,+20.3dB,16.1us,"[0,",1,197.8,normal,0,valid,-14.8dB,-14.8dB,na,na,,,,
2025-07-30 13:41:38.556546,PHY,0x4601,1,0,na,"[0,",0,0,1,2647.7,+20.0dB,13.9us,"[0,",1,197.9,normal,0,valid,-14.8dB,-14.8dB,na,na,,,,
2025-07-30 13:41:38.560104,PHY,0x4601,2,,na,"[0,",,,11111,,+29.9dB,15.7us,"[0,",1,197.17,normal,0,valid,-12.0dB,-12.0dB,0.14us,+88.6Hz,,"[6,",,1
2025-07-30 13:41:38.561038,PHY,0x4601,1,0,na,"[0,",0,0,1,2607.4,+19.9dB,20.4us,"[0,",1,197.18,normal,0,valid,-14.8dB,-14.8dB,na,na,,,,
2025-07-30 13:41:38.561507,PHY,0x4601,1,0,na,"[0,",0,0,1,2533.0,+19.8dB,15.3us,"[0,",1,197.19,normal,0,valid,-14.8dB,-14.8dB,na,na,,,,
2025-07-30 13:41:38.565612,CSI,0x4601,2,,na,"[0,",,,1,,+30.5dB,15.9us,"[0,",1,198.8,normal,0,valid,-11.9dB,-11.9dB,0.14us,-45.6Hz,,"[6,",1111,1
2025-07-30 13:41:38.566475,PHY,0x4601,1,0,na,"[0,",0,0,1,4076.8,+21.8dB,19.3us,"[0,",1,198.9,normal,0,valid,-14.8dB,-14.8dB,na,na,,,,
2025-07-30 13:41:38.570116,PHY,0x4601,2,,na,"[0,",,,11111,,+33.5dB,19.0us,"[0,",1,198.17,normal,0,valid,-11.9dB,-12.0dB,0.15us,+250.9Hz,,"[6,",,1
2025-07-30 13:41:38.570957,PHY,0x4601,1,0,na,"[0,",0,0,1,2747.1,+20.1dB,19.3us,"[0,",1,198.18,normal,0,valid,-14.8dB,-14.8dB,na,na,,,,
2025-07-30 13:41:38.571539,PHY,0x4601,1,0,na,"[0,",0,0,1,2492.9,+19.7dB,15.5us,"[0,",1,198.19,normal,0,valid,-14.7dB,-14.8dB,na,na,,,,
2025-07-30 13:41:38.576035,PHY,0x4601,1,0,na,"[0,",0,0,1,2660.0,+20.0dB,19.0us,"[0,",1,199.8,normal,0,valid,-14.8dB,-14.8dB,na,na,,,,
2025-07-30 13:41:38.576525,PHY,0x4601,1,0,na,"[0,",0,0,1,2676.4,+20.0dB,16.5us,"[0,",1,199.9,normal,0,valid,-14.8dB,-14.8dB,na,na,,,,
2025-07-30 13:41:38.580044,PHY,0x4601,2,,na,"[0,",,,11111,,+31.6dB,15.4us,"[0,",1,199.17,normal,0,valid,-12.0dB,-12.0dB,0.12us,-47.4Hz,,"[6,",,1
2025-07-30 13:41:38.580989,PHY,0x4601,1,0,na,"[0,",0,0,1,4180.9,+21.9dB,17.4us,"[0,",1,199.18,normal,0,valid,-14.7dB,-14.8dB,na,na,,,,
2025-07-30 13:41:38.581462,PHY,0x4601,1,0,na,"[0,",0,0,1,4093.3,+21.9dB,15.1us,"[0,",1,199.19,normal,0,valid,-14.8dB,-14.8dB,na,na,,,,
2025-07-30 13:41:38.585624,CSI,0x4601,2,,na,"[0,",,,1,,+32.3dB,16.5us,"[0,",1,200.8,normal,0,valid,-11.9dB,-12.0dB,0.15us,-14.2Hz,,"[6,",1111,1
2025-07-30 13:41:38.586532,PHY,0x4601,1,0,na,"[0,",0,0,1,4063.8,+21.8dB,16.0us,"[0,",1,200.9,normal,0,valid,-14.8dB,-14.8dB,na,na,,,,
2025-07-30 13:41:38.590110,PHY,0x4601,2,,na,"[0,",,,11111,,+27.7dB,24.5us,"[0,",1,200.17,normal,0,valid,-12.0dB,-12.1dB,0.14us,-7.6Hz,,"[6,",,1
2025-07-30 13:41:38.591020,PHY,0x4601,1,0,na,"[0,",0,0,1,2637.6,+19.9dB,15.6us,"[0,",1,200.18,normal,0,valid,-14.8dB,-14.8dB,na,na,,,,
2025-07-30 13:41:38.591507,PHY,0x4601,1,0,na,"[0,",0,0,1,2591.3,+19.9dB,26.2us,"[0,",1,200.19,normal,0,valid,-14.8dB,-14.8dB,na,na,,,,
2025-07-30 13:41:38.595986,PHY,0x4601,1,0,na,"[0,",0,0,1,2672.2,+20.0dB,18.3us,"[0,",1,201.8,normal,0,valid,-14.8dB,-14.8dB,na,na,,,,
2025-07-30 13:41:38.596451,PHY,0x4601,1,0,na,"[0,",0,0,1,2800.9,+20.2dB,15.6us,"[0,",1,201.9,normal,0,valid,-14.8dB,-14.8dB,na,na,,,,
2025-07-30 13:41:38.600108,PHY,0x4601,2,,na,"[0,",,,11111,,+34.7dB,18.5us,"[0,",1,201.17,normal,0,valid,-11.9dB,-11.9dB,0.14us,-1.3Hz,,"[6,",,1
2025-07-30 13:41:38.600942,PHY,0x4601,1,0,na,"[0,",0,0,1,3857.8,+21.6dB,15.9us,"[0,",1,201.18,normal,0,valid,-14.8dB,-14.8dB,na,na,,,,
2025-07-30 13:41:38.601534,PHY,0x4601,1,0,na,"[0,",0,0,1,4297.8,+22.1dB,18.3us,"[0,",1,201.19,normal,0,valid,-14.7dB,-14.8dB,na,na,,,,
2025-07-30 13:41:38.605618,CSI,0x4601,2,,na,"[0,",,,1,,+29.6dB,12.0us,"[0,",1,202.8,normal,0,valid,-11.9dB,-11.9dB,0.16us,-88.4Hz,,"[6,",1111,1
2025-07-30 13:41:38.606484,PHY,0x4601,1,0,na,"[0,",0,0,1,3861.6,+21.6dB,16.5us,"[0,",1,202.9,normal,0,valid,-14.8dB,-14.8dB,na,na,,,,
2025-07-30 13:41:38.610022,PHY,0x4601,2,,na,"[0,",,,11111,,+30.9dB,13.5us,"[0,",1,202.17,normal,0,valid,-12.0dB,-12.1dB,0.12us,-22.1Hz,,"[6,",,1
2025-07-30 13:41:38.610973,PHY,0x4601,1,0,na,"[0,",0,0,1,2906.3,+20.4dB,15.2us,"[0,",1,202.18,normal,0,valid,-14.8dB,-14.8dB,na,na,,,,
2025-07-30 13:41:38.611451,PHY,0x4601,1,0,na,"[0,",0,0,1,2638.6,+20.0dB,17.5us,"[0,",1,202.19,normal,0,valid,-14.8dB,-14.8dB,na,na,,,,
2025-07-30 13:41:38.616054,PHY,0x4601,1,0,na,"[0,",0,0,1,2849.6,+20.3dB,20.2us,"[0,",1,203.8,normal,0,valid,-14.7dB,-14.8dB,na,na,,,,
2025-07-30 13:41:38.616525,PHY,0x4601,1,0,na,"[0,",0,0,1,2445.4,+19.6dB,15.2us,"[0,",1,203.9,normal,0,valid,-14.8dB,-14.8dB,na,na,,,,
2025-07-30 13:41:38.620079,PHY,0x4601,2,,na,"[0,",,,11111,,+31.1dB,16.1us,"[0,",1,203.17,normal,0,valid,-12.0dB,-12.0dB,0.14us,+23.2Hz,,"[6,",,1
2025-07-30 13:41:38.621015,PHY,0x4601,1,0,na,"[0,",0,0,1,3946.9,+21.7dB,17.6us,"[0,",1,203.18,normal,0,valid,-14.7dB,-14.7dB,na,na,,,,
2025-07-30 13:41:38.621483,PHY,0x4601,1,0,na,"[0,",0,0,1,3750.7,+21.5dB,15.2us,"[0,",1,203.19,normal,0,valid,-14.7dB,-14.8dB,na,na,,,,
2025-07-30 13:41:38.625618,CSI,0x4601,2,,na,"[0,",,,1,,+31.8dB,18.8us,"[0,",1,204.8,normal,0,valid,-11.9dB,-11.9dB,0.17us,-2.7Hz,,"[6,",1111,1
2025-07-30 13:41:38.626440,PHY,0x4601,1,0,na,"[0,",0,0,1,2693.7,+20.0dB,15.7us,"[0,",1,204.9,normal,0,valid,-14.7dB,-14.8dB,na,na,,,,
2025-07-30 13:41:38.630105,PHY,0x4601,2,,na,"[0,",,,11111,,+30.8dB,16.1us,"[0,",1,204.17,normal,0,valid,-12.1dB,-12.1dB,0.14us,-61.4Hz,,"[6,",,1
2025-07-30 13:41:38.631031,PHY,0x4601,1,0,na,"[0,",0,0,1,2601.1,+19.9dB,16.0us,"[0,",1,204.18,normal,0,valid,-14.7dB,-14.8dB,na,na,,,,
2025-07-30 13:41:38.631521,PHY,0x4601,1,0,na,"[0,",0,0,1,2535.0,+19.8dB,14.8us,"[0,",1,204.19,normal,0,valid,-14.8dB,-14.8dB,na,na,,,,
2025-07-30 13:41:38.636035,PHY,0x4601,1,0,na,"[0,",0,0,1,2710.1,+20.1dB,21.2us,"[0,",1,205.8,normal,0,valid,-14.8dB,-14.8dB,na,na,,,,
2025-07-30 13:41:38.636488,PHY,0x4601,1,0,na,"[0,",0,0,1,2525.5,+19.8dB,29.4us,"[0,",1,205.9,normal,0,valid,-14.8dB,-14.8dB,na,na,,,,
2025-07-30 13:41:38.640011,PHY,0x4601,2,,na,"[0,",,,11111,,+32.3dB,15.3us,"[0,",1,205.17,normal,0,valid,-11.9dB,-11.9dB,0.13us,+92.1Hz,,"[6,",,1
2025-07-30 13:41:38.640959,PHY,0x4601,1,0,na,"[0,",0,0,1,3835.6,+21.6dB,16.1us,"[0,",1,205.18,normal,0,valid,-14.8dB,-14.8dB,na,na,,,,
2025-07-30 13:41:38.641539,PHY,0x4601,1,0,na,"[0,",0,0,1,4085.3,+21.8dB,14.0us,"[0,",1,205.19,normal,0,valid,-14.7dB,-14.8dB,na,na,,,,
2025-07-30 13:41:38.645560,CSI,0x4601,2,,na,"[0,",,,1,,+31.4dB,14.6us,"[0,",1,206.8,normal,0,valid,-11.9dB,-11.9dB,0.14us,-104.3Hz,,"[6,",1111,1
2025-07-30 13:41:38.646521,PHY,0x4601,1,0,na,"[0,",0,0,1,4233.4,+22.0dB,16.2us,"[0,",1,206.9,normal,0,valid,-14.7dB,-14.7dB,na,na,,,,
2025-07-30 13:41:38.650043,PHY,0x4601,2,,na,"[0,",,,11111,,+30.9dB,13.4us,"[0,",1,206.17,normal,0,valid,-11.9dB,-11.9dB,0.15us,-18.5Hz,,"[6,",,1
2025-07-30 13:41:38.651007,PHY,0x4601,1,0,na,"[0,",0,0,1,2664.6,+20.0dB,16.6us,"[0,",1,206.18,normal,0,valid,-14.8dB,-14.8dB,na,na,,,,
2025-07-30 13:41:38.651471,PHY,0x4601,1,0,na,"[0,",0,0,1,2798.9,+20.2dB,14.0us,"[0,",1,206.19,normal,0,valid,-14.8dB,-14.8dB,na,na,,,,
2025-07-30 13:41:38.655960,PHY,0x4601,1,0,na,"[0,",0,0,1,2763.8,+20.1dB,18.9us,"[0,",1,207.8,normal,0,valid,-14.7dB,-14.8dB,na,na,,,,
2025-07-30 13:41:38.656543,PHY,0x4601,1,0,na,"[0,",0,0,1,2610.3,+19.9dB,16.6us,"[0,",1,207.9,normal,0,valid,-14.8dB,-14.8dB,na,na,,,,
2025-07-30 13:41:38.660086,PHY,0x4601,2,,na,"[0,",,,11111,,+31.0dB,15.1us,"[0,",1,207.17,normal,0,valid,-12.0dB,-12.0dB,0.14us,+42.5Hz,,"[6,",,1
2025-07-30 13:41:38.661019,PHY,0x4601,1,0,na,"[0,",0,0,1,2358.0,+19.4dB,17.4us,"[0,",1,207.18,normal,0,valid,-14.7dB,-14.8dB,na,na,,,,
2025-07-30 13:41:38.661515,PHY,0x4601,1,0,na,"[0,",0,0,1,2807.7,+20.2dB,14.4us,"[0,",1,207.19,normal,0,valid,-14.7dB,-14.8dB,na,na,,,,
2025-07-30 13:41:38.665597,CSI,0x4601,2,,na,"[0,",,,1,,+31.6dB,14.5us,"[0,",1,208.8,normal,0,valid,-11.7dB,-11.7dB,0.13us,-69.9Hz,,"[6,",1111,1
2025-07-30 13:41:38.666460,PHY,0x4601,1,0,na,"[0,",0,0,1,4202.8,+22.0dB,15.6us,"[0,",1,208.9,normal,0,valid,-14.7dB,-14.7dB,na,na,,,,
2025-07-30 13:41:38.670129,PHY,0x4601,2,,na,"[0,",,,11111,,+35.1dB,13.8us,"[0,",1,208.17,normal,0,valid,-11.9dB,-12.0dB,0.13us,+22.6Hz,,"[6,",,1
2025-07-30 13:41:38.670950,PHY,0x4601,1,0,na,"[0,",0,0,1,4547.0,+22.3dB,18.9us,"[0,",1,208.18,normal,0,valid,-14.7dB,-14.8dB,na,na,,,,
2025-07-30 13:41:38.671523,PHY,0x4601,1,0,na,"[0,",0,0,1,4170.4,+21.9dB,14.0us,"[0,",1,208.19,normal,0,valid,-14.8dB,-14.8dB,na,na,,,,
2025-07-30 13:41:38.676019,PHY,0x4601,1,0,na,"[0,",0,0,1,2624.4,+19.9dB,18.3us,"[0,",1,209.8,normal,0,valid,-14.7dB,-14.8dB,na,na,,,,
2025-07-30 13:41:38.676520,PHY,0x4601,1,0,na,"[0,",0,0,1,2506.7,+19.7dB,17.9us,"[0,",1,209.9,normal,0,valid,-14.8dB,-14.8dB,na,na,,,,
2025-07-30 13:41:38.680034,PHY,0x4601,2,,na,"[0,",,,11111,,+34.3dB,16.0us,"[0,",1,209.17,normal,0,valid,-11.9dB,-11.9dB,0.14us,+137.6Hz,,"[6,",,1
2025-07-30 13:41:38.680995,PHY,0x4601,1,0,na,"[0,",0,0,1,2568.8,+19.9dB,16.0us,"[0,",1,209.18,normal,0,valid,-14.7dB,-14.8dB,na,na,,,,
2025-07-30 13:41:38.681455,PHY,0x4601,1,0,na,"[0,",0,0,1,2695.0,+20.1dB,16.6us,"[0,",1,209.19,normal,0,valid,-14.8dB,-14.8dB,na,na,,,,
2025-07-30 13:41:38.685667,CSI,0x4601,2,,na,"[0,",,,1,,+34.1dB,13.3us,"[0,",1,210.8,normal,0,valid,-11.9dB,-12.0dB,0.13us,-89.1Hz,,"[6,",1111,1
2025-07-30 13:41:38.686514,PHY,0x4601,1,0,na,"[0,",0,0,1,3759.1,+21.5dB,16.0us,"[0,",1,210.9,normal,0,valid,-14.8dB,-14.8dB,na,na,,,,
2025-07-30 13:41:38.690069,PHY,0x4601,2,,na,"[0,",,,11111,,+31.0dB,13.9us,"[0,",1,210.17,normal,0,valid,-12.1dB,-12.1dB,0.13us,+62.5Hz,,"[6,",,1
2025-07-30 13:41:38.691009,PHY,0x4601,1,0,na,"[0,",0,0,1,2623.1,+19.9dB,16.6us,"[0,",1,210.18,normal,0,valid,-14.7dB,-14.8dB,na,na,,,,
2025-07-30 13:41:38.691493,PHY,0x4601,1,0,na,"[0,",0,0,1,2458.0,+19.7dB,15.3us,"[0,",1,210.19,normal,0,valid,-14.8dB,-14.8dB,na,na,,,,
2025-07-30 13:41:38.695998,PHY,0x4601,1,0,na,"[0,",0,0,1,2523.7,+19.8dB,15.9us,"[0,",1,211.8,normal,0,valid,-14.8dB,-14.8dB,na,na,,,,
2025-07-30 13:41:38.696446,PHY,0x4601,1,0,na,"[0,",0,0,1,2474.8,+19.7dB,15.3us,"[0,",1,211.9,normal,0,valid,-14.8dB,-14.8dB,na,na,,,,
2025-07-30 13:41:38.700115,PHY,0x4601,2,,na,"[0,",,,11111,,+33.4dB,16.1us,"[0,",1,211.17,normal,0,valid,-12.1dB,-12.1dB,0.11us,-21.3Hz,,"[6,",,1
2025-07-30 13:41:38.701045,PHY,0x4601,1,0,na,"[0,",0,0,1,2736.2,+20.1dB,16.1us,"[0,",1,211.18,normal,0,valid,-14.8dB,-14.8dB,na,na,,,,
2025-07-30 13:41:38.701508,PHY,0x4601,1,0,na,"[0,",0,0,1,2613.3,+19.9dB,13.7us,"[0,",1,211.19,normal,0,valid,-14.7dB,-14.8dB,na,na,,,,
2025-07-30 13:41:38.705616,CSI,0x4601,2,,na,"[0,",,,1,,+28.7dB,12.8us,"[0,",1,212.8,normal,0,valid,-11.9dB,-11.9dB,0.15us,-8.4Hz,,"[6,",1111,1
2025-07-30 13:41:38.706520,PHY,0x4601,1,0,na,"[0,",0,0,1,4185.3,+22.0dB,30.2us,"[0,",1,212.9,normal,0,valid,-14.8dB,-14.8dB,na,na,,,,
2025-07-30 13:41:38.710029,PHY,0x4601,2,,na,"[0,",,,11111,,+30.7dB,17.3us,"[0,",1,212.17,normal,0,valid,-11.9dB,-11.9dB,0.13us,+20.1Hz,,"[6,",,1
2025-07-30 13:41:38.710990,PHY,0x4601,1,0,na,"[0,",0,0,1,2614.1,+19.9dB,18.3us,"[0,",1,212.18,normal,0,valid,-14.8dB,-14.8dB,na,na,,,,
2025-07-30 13:41:38.711444,PHY,0x4601,1,0,na,"[0,",0,0,1,2463.5,+19.6dB,14.7us,"[0,",1,212.19,normal,0,valid,-14.8dB,-14.8dB,na,na,,,,
2025-07-30 13:41:38.716054,PHY,0x4601,1,0,na,"[0,",0,0,1,2482.6,+19.7dB,21.2us,"[0,",1,213.8,normal,0,valid,-14.7dB,-14.8dB,na,na,,,,
2025-07-30 13:41:38.716527,PHY,0x4601,1,0,na,"[0,",0,0,1,2662.0,+20.0dB,15.8us,"[0,",1,213.9,normal,0,valid,-14.8dB,-14.8dB,na,na,,,,
2025-07-30 13:41:38.720058,PHY,0x4601,2,,na,"[0,",,,11111,,+29.5dB,15.8us,"[0,",1,213.17,normal,0,valid,-11.9dB,-11.9dB,0.15us,-8.4Hz,,"[6,",,1
2025-07-30 13:41:38.720998,PHY,0x4601,1,0,na,"[0,",0,0,1,4344.4,+22.1dB,15.8us,"[0,",1,213.18,normal,0,valid,-14.8dB,-14.8dB,na,na,,,,
2025-07-30 13:41:38.721495,PHY,0x4601,1,0,na,"[0,",0,0,1,4019.1,+21.8dB,15.3us,"[0,",1,213.19,normal,0,valid,-14.7dB,-14.8dB,na,na,,,,
2025-07-30 13:41:38.725609,CSI,0x4601,2,,na,"[0,",,,1,,+32.7dB,16.7us,"[0,",1,214.8,normal,0,valid,-11.9dB,-11.9dB,0.13us,-59.7Hz,,"[6,",1111,1
2025-07-30 13:41:38.726545,PHY,0x4601,1,0,na,"[0,",0,0,1,2793.6,+20.2dB,18.5us,"[0,",1,214.9,normal,0,valid,-14.8dB,-14.8dB,na,na,,,,
2025-07-30 13:41:38.730101,PHY,0x4601,2,,na,"[0,",,,11111,,+30.6dB,14.1us,"[0,",1,214.17,normal,0,valid,-11.9dB,-12.0dB,0.14us,+85.3Hz,,"[6,",,1
2025-07-30 13:41:38.731036,PHY,0x4601,1,0,na,"[0,",0,0,1,2569.7,+19.8dB,17.3us,"[0,",1,214.18,normal,0,valid,-14.8dB,-14.8dB,na,na,,,,
2025-07-30 13:41:38.731499,PHY,0x4601,1,0,na,"[0,",0,0,1,2443.7,+19.6dB,13.9us,"[0,",1,214.19,normal,0,valid,-14.7dB,-14.8dB,na,na,,,,
2025-07-30 13:41:38.735998,PHY,0x4601,1,0,na,"[0,",0,0,1,2329.2,+19.4dB,16.7us,"[0,",1,215.8,normal,0,valid,-14.8dB,-14.8dB,na,na,,,,
2025-07-30 13:41:38.736502,PHY,0x4601,1,0,na,"[0,",0,0,1,2546.1,+19.8dB,16.1us,"[0,",1,215.9,normal,0,valid,-14.8dB,-14.8dB,na,na,,,,
2025-07-30 13:41:38.740135,PHY,0x4601,2,,na,"[0,",,,11111,,+28.6dB,14.6us,"[0,",1,215.17,normal,0,valid,-11.9dB,-11.9dB,0.13us,-23.0Hz,,"[6,",,1
2025-07-30 13:41:38.740981,PHY,0x4601,1,0,na,"[0,",0,0,1,4170.3,+22.0dB,22.1us,"[0,",1,215.18,normal,0,valid,-14.7dB,-14.7dB,na,na,,,,
2025-07-30 13:41:38.741541,PHY,0x4601,1,0,na,"[0,",0,0,1,4386.3,+22.2dB,20.2us,"[0,",1,215.19,normal,0,valid,-14.7dB,-14.8dB,na,na,,,,
2025-07-30 13:41:38.745563,CSI,0x4601,2,,na,"[0,",,,1,,+30.5dB,12.9us,"[0,",1,216.8,normal,0,valid,-11.8dB,-11.8dB,0.14us,+54.8Hz,,"[6,",1111,1
2025-07-30 13:41:38.746493,PHY,0x4601,1,0,na,"[0,",0,0,1,2545.0,+19.8dB,15.7us,"[0,",1,216.9,normal,0,valid,-14.8dB,-14.8dB,na,na,,,,
2025-07-30 13:41:38.750041,PHY,0x4601,2,,na,"[0,",,,11111,,+31.2dB,13.2us,"[0,",1,216.17,normal,0,valid,-12.0dB,-12.0dB,0.13us,+29.1Hz,,"[6,",,1
2025-07-30 13:41:38.750992,PHY,0x4601,1,0,na,"[0,",0,0,1,2678.1,+20.0dB,23.6us,"[0,",1,216.18,normal,0,valid,-14.7dB,-14.8dB,na,na,,,,
2025-07-30 13:41:38.751500,PHY,0x4601,1,0,na,"[0,",0,0,1,2881.8,+20.4dB,28.9us,"[0,",1,216.19,normal,0,valid,-14.8dB,-14.8dB,na,na,,,,
2025-07-30 13:41:38.755990,PHY,0x4601,1,0,na,"[0,",0,0,1,2554.7,+19.8dB,18.7us,"[0,",1,217.8,normal,0,valid,-14.7dB,-14.8dB,na,na,,,,
2025-07-30 13:41:38.756544,PHY,0x4601,1,0,na,"[0,",0,0,1,2658.2,+20.0dB,15.1us,"[0,",1,217.9,normal,0,valid,-14.8dB,-14.8dB,na,na,,,,
2025-07-30 13:41:38.760104,PHY,0x4601,2,,na,"[0,",,,11111,,+30.9dB,14.5us,"[0,",1,217.17,normal,0,valid,-11.9dB,-11.9dB,0.13us,+60.3Hz,,"[6,",,1
2025-07-30 13:41:38.761014,PHY,0x4601,1,0,na,"[0,",0,0,1,2671.3,+20.0dB,15.9us,"[0,",1,217.18,normal,0,valid,-14.7dB,-14.8dB,na,na,,,,
2025-07-30 13:41:38.761492,PHY,0x4601,1,0,na,"[0,",0,0,1,2685.1,+20.0dB,17.9us,"[0,",1,217.19,normal,0,valid,-14.7dB,-14.8dB,na,na,,,,
2025-07-30 13:41:38.765654,CSI,0x4601,2,,na,"[0,",,,1,,+30.1dB,16.2us,"[0,",1,218.8,normal,0,valid,-11.9dB,-11.9dB,0.15us,-118.5Hz,,"[6,",1111,1
2025-07-30 13:41:38.766479,PHY,0x4601,1,0,na,"[0,",0,0,1,3543.5,+21.2dB,16.3us,"[0,",1,218.9,normal,0,valid,-14.8dB,-14.8dB,na,na,,,,
2025-07-30 13:41:38.770131,PHY,0x4601,2,,na,"[0,",,,11111,,+34.7dB,16.1us,"[0,",1,218.17,normal,0,valid,-12.0dB,-12.0dB,0.15us,+144.5Hz,,"[6,",,1
2025-07-30 13:41:38.770974,PHY,0x4601,1,0,na,"[0,",0,0,1,4138.2,+21.9dB,22.6us,"[0,",1,218.18,normal,0,valid,-14.8dB,-14.8dB,na,na,,,,
2025-07-30 13:41:38.771527,PHY,0x4601,1,0,na,"[0,",0,0,1,3916.3,+21.7dB,18.6us,"[0,",1,218.19,normal,0,valid,-14.7dB,-14.8dB,na,na,,,,
2025-07-30 13:41:38.776020,PHY,0x4601,1,0,na,"[0,",0,0,1,2789.8,+20.2dB,18.6us,"[0,",1,219.8,normal,0,valid,-14.7dB,-14.8dB,na,na,,,,
2025-07-30 13:41:38.776488,PHY,0x4601,1,0,na,"[0,",0,0,1,2432.5,+19.6dB,23.7us,"[0,",1,219.9,normal,0,valid,-14.8dB,-14.8dB,na,na,,,,
2025-07-30 13:41:38.780032,PHY,0x4601,2,,na,"[0,",,,11111,,+28.3dB,14.7us,"[0,",1,219.17,normal,0,valid,-12.0dB,-12.0dB,0.14us,+140.1Hz,,"[6,",,1
2025-07-30 13:41:38.780981,PHY,0x4601,1,0,na,"[0,",0,0,1,4009.1,+21.7dB,17.2us,"[0,",1,219.18,normal,0,valid,-14.7dB,-14.8dB,na,na,,,,
2025-07-30 13:41:38.781477,PHY,0x4601,1,0,na,"[0,",0,0,1,4467.9,+22.2dB,20.9us,"[0,",1,219.19,normal,0,valid,-14.7dB,-14.8dB,na,na,,,,
2025-07-30 13:41:38.785582,CSI,0x4601,2,,na,"[0,",,,1,,+32.4dB,15.1us,"[0,",1,220.8,normal,0,valid,-11.9dB,-12.0dB,0.14us,-8.2Hz,,"[6,",1111,1
2025-07-30 13:41:38.786519,PHY,0x4601,1,0,na,"[0,",0,0,1,3900.9,+21.6dB,16.3us,"[0,",1,220.9,normal,0,valid,-14.8dB,-14.8dB,na,na,,,,
2025-07-30 13:41:38.790066,PHY,0x4601,2,,na,"[0,",,,11111,,+29.0dB,16.4us,"[0,",1,220.17,normal,0,valid,-11.9dB,-11.9dB,0.14us,-35.5Hz,,"[6,",,1
2025-07-30 13:41:38.791008,PHY,0x4601,1,0,na,"[0,",0,0,1,4232.3,+22.0dB,17.3us,"[0,",1,220.18,normal,0,valid,-14.8dB,-14.8dB,na,na,,,,
2025-07-30 13:41:38.791482,PHY,0x4601,1,0,na,"[0,",0,0,1,3949.5,+21.7dB,16.5us,"[0,",1,220.19,normal,0,valid,-14.7dB,-14.8dB,na,na,,,,
2025-07-30 13:41:38.795966,PHY,0x4601,1,0,na,"[0,",0,0,1,2450.8,+19.7dB,18.1us,"[0,",1,221.8,normal,0,valid,-14.8dB,-14.8dB,na,na,,,,
2025-07-30 13:41:38.796463,PHY,0x4601,1,0,na,"[0,",0,0,1,2520.8,+19.8dB,14.3us,"[0,",1,221.9,normal,0,valid,-14.8dB,-14.8dB,na,na,,,,
2025-07-30 13:41:38.800131,PHY,0x4601,2,,na,"[0,",,,11111,,+34.2dB,15.7us,"[0,",1,221.17,normal,0,valid,-11.9dB,-11.9dB,0.15us,-104.6Hz,,"[6,",,1
2025-07-30 13:41:38.801036,PHY,0x4601,1,0,na,"[0,",0,0,1,2672.3,+20.0dB,16.7us,"[0,",1,221.18,normal,0,valid,-14.8dB,-14.8dB,na,na,,,,
2025-07-30 13:41:38.801517,PHY,0x4601,1,0,na,"[0,",0,0,1,2186.2,+19.1dB,20.2us,"[0,",1,221.19,normal,0,valid,-14.8dB,-14.8dB,na,na,,,,
2025-07-30 13:41:38.805624,CSI,0x4601,2,,na,"[0,",,,1,,+32.9dB,12.4us,"[0,",1,222.8,normal,0,valid,-11.8dB,-11.8dB,0.16us,+13.4Hz,,"[6,",1111,1
2025-07-30 13:41:38.806480,PHY,0x4601,1,0,na,"[0,",0,0,1,2567.9,+19.8dB,17.2us,"[0,",1,222.9,normal,0,valid,-14.8dB,-14.8dB,na,na,,,,
2025-07-30 13:41:38.810039,PHY,0x4601,2,,na,"[0,",,,11111,,+34.4dB,23.0us,"[0,",1,222.17,normal,0,valid,-11.9dB,-11.9dB,0.15us,+44.0Hz,,"[6,",,1
2025-07-30 13:41:38.810954,PHY,0x4601,1,0,na,"[0,",0,0,1,4137.1,+21.9dB,16.8us,"[0,",1,222.18,normal,0,valid,-14.8dB,-14.8dB,na,na,,,,
2025-07-30 13:41:38.811559,PHY,0x4601,1,0,na,"[0,",0,0,1,3624.1,+21.3dB,22.1us,"[0,",1,222.19,normal,0,valid,-14.8dB,-14.8dB,na,na,,,,
2025-07-30 13:41:38.816044,PHY,0x4601,1,0,na,"[0,",0,0,1,2492.3,+19.7dB,19.7us,"[0,",1,223.8,normal,0,valid,-14.8dB,-14.9dB,na,na,,,,
2025-07-30 13:41:38.816523,PHY,0x4601,1,0,na,"[0,",0,0,1,2701.7,+20.0dB,14.6us,"[0,",1,223.9,normal,0,valid,-14.8dB,-14.8dB,na,na,,,,
2025-07-30 13:41:38.820044,PHY,0x4601,2,,na,"[0,",,,11111,,+28.4dB,15.0us,"[0,",1,223.17,normal,0,valid,-12.0dB,-12.0dB,0.13us,-6.2Hz,,"[6,",,1
2025-07-30 13:41:38.820995,PHY,0x4601,1,0,na,"[0,",0,0,1,2511.5,+19.8dB,16.9us,"[0,",1,223.18,normal,0,valid,-14.8dB,-14.8dB,na,na,,,,
2025-07-30 13:41:38.821471,PHY,0x4601,1,0,na,"[0,",0,0,1,2388.7,+19.5dB,14.5us,"[0,",1,223.19,normal,0,valid,-14.7dB,-14.8dB,na,na,,,,
2025-07-30 13:41:38.825623,CSI,0x4601,2,,na,"[0,",,,1,,+32.9dB,16.2us,"[0,",1,224.8,normal,0,valid,-11.9dB,-11.9dB,0.16us,+44.7Hz,,"[6,",1111,1
2025-07-30 13:41:38.826541,PHY,0x4601,1,0,na,"[0,",0,0,1,3933.9,+21.7dB,17.0us,"[0,",1,224.9,normal,0,valid,-14.8dB,-14.8dB,na,na,,,,
2025-07-30 13:41:38.830103,PHY,0x4601,2,,na,"[0,",,,11111,,+30.2dB,17.2us,"[0,",1,224.17,normal,0,valid,-11.9dB,-12.0dB,0.15us,-18.2Hz,,"[6,",,1
2025-07-30 13:41:38.831031,PHY,0x4601,1,0,na,"[0,",0,0,1,2594.7,+19.9dB,19.1us,"[0,",1,224.18,normal,0,valid,-14.8dB,-14.8dB,na,na,,,,
2025-07-30 13:41:38.831499,PHY,0x4601,1,0,na,"[0,",0,0,1,2394.1,+19.5dB,14.8us,"[0,",1,224.19,normal,0,valid,-14.8dB,-14.8dB,na,na,,,,
2025-07-30 13:41:38.835988,PHY,0x4601,1,0,na,"[0,",0,0,1,2556.6,+19.8dB,22.9us,"[0,",1,225.8,normal,0,valid,-14.8dB,-14.8dB,na,na,,,,
2025-07-30 13:41:38.836463,PHY,0x4601,1,0,na,"[0,",0,0,1,2398.6,+19.5dB,16.7us,"[0,",1,225.9,normal,0,valid,-14.8dB,-14.8dB,na,na,,,,
2025-07-30 13:41:38.840112,PHY,0x4601,2,,na,"[0,",,,11111,,+32.2dB,18.3us,"[0,",1,225.17,normal,0,valid,-11.9dB,-11.9dB,0.14us,+24.6Hz,,"[6,",,1
2025-07-30 13:41:38.840946,PHY,0x4601,1,0,na,"[0,",0,0,1,3969.0,+21.8dB,15.7us,"[0,",1,225.18,normal,0,valid,-14.8dB,-14.8dB,na,na,,,,
2025-07-30 13:41:38.841542,PHY,0x4601,1,0,na,"[0,",0,0,1,3866.8,+21.6dB,13.5us,"[0,",1,225.19,normal,0,valid,-14.8dB,-14.8dB,na,na,,,,
2025-07-30 13:41:38.845622,CSI,0x4601,2,,na,"[0,",,,1,,+34.7dB,15.5us,"[0,",1,226.8,normal,0,valid,-11.9dB,-11.9dB,0.13us,-8.2Hz,,"[6,",1111,1
2025-07-30 13:41:38.846496,PHY,0x4601,1,0,na,"[0,",0,0,1,2499.8,+19.7dB,16.4us,"[0,",1,226.9,normal,0,valid,-14.8dB,-14.9dB,na,na,,,,
2025-07-30 13:41:38.850033,PHY,0x4601,2,,na,"[0,",,,11111,,+29.5dB,15.8us,"[0,",1,226.17,normal,0,valid,-11.9dB,-11.9dB,0.13us,-46.7Hz,,"[6,",,1
2025-07-30 13:41:38.850987,PHY,0x4601,1,0,na,"[0,",0,0,1,3588.4,+21.3dB,22.2us,"[0,",1,226.18,normal,0,valid,-14.7dB,-14.8dB,na,na,,,,
2025-07-30 13:41:38.851450,PHY,0x4601,1,0,na,"[0,",0,0,1,4304.2,+22.1dB,14.3us,"[0,",1,226.19,normal,0,valid,-14.7dB,-14.8dB,na,na,,,,
2025-07-30 13:41:38.855940,PHY,0x4601,1,0,na,"[0,",0,0,1,2761.2,+20.2dB,18.1us,"[0,",1,227.8,normal,0,valid,-14.7dB,-14.8dB,na,na,,,,
2025-07-30 13:41:38.856540,PHY,0x4601,1,0,na,"[0,",0,0,1,2454.3,+19.6dB,21.6us,"[0,",1,227.9,normal,0,valid,-14.8dB,-14.8dB,na,na,,,,
2025-07-30 13:41:38.860076,PHY,0x4601,2,,na,"[0,",,,11111,,+28.6dB,17.5us,"[0,",1,227.17,normal,0,valid,-11.8dB,-11.8dB,0.12us,+90.0Hz,,"[6,",,1
2025-07-30 13:41:38.861023,PHY,0x4601,1,0,na,"[0,",0,0,1,2448.3,+19.6dB,17.9us,"[0,",1,227.18,normal,0,valid,-14.8dB,-14.8dB,na,na,,,,
2025-07-30 13:41:38.861488,PHY,0x4601,1,0,na,"[0,",0,0,1,2498.5,+19.7dB,16.6us,"[0,",1,227.19,normal,0,valid,-14.7dB,-14.8dB,na,na,,,,
2025-07-30 13:41:38.865622,CSI,0x4601,2,,na,"[0,",,,1,,+33.5dB,15.7us,"[0,",1,228.8,normal,0,valid,-11.9dB,-11.9dB,0.14us,-60.0Hz,,"[6,",1111,1
2025-07-30 13:41:38.866447,PHY,0x4601,1,0,na,"[0,",0,0,1,2428.4,+19.6dB,17.1us,"[0,",1,228.9,normal,0,valid,-14.8dB,-14.8dB,na,na,,,,
2025-07-30 13:41:38.870099,PHY,0x4601,2,,na,"[0,",,,11111,,+32.6dB,17.4us,"[0,",1,228.17,normal,0,valid,-12.1dB,-12.1dB,0.13us,+100.8Hz,,"[6,",,1
2025-07-30 13:41:38.871044,PHY,0x4601,1,0,na,"[0,",0,0,1,2425.1,+19.6dB,20.4us,"[0,",1,228.18,normal,0,valid,-14.7dB,-14.8dB,na,na,,,,
2025-07-30 13:41:38.871534,PHY,0x4601,1,0,na,"[0,",0,0,1,2734.2,+20.1dB,15.6us,"[0,",1,228.19,normal,0,valid,-14.7dB,-14.8dB,na,na,,,,
2025-07-30 13:41:38.876023,PHY,0x4601,1,0,na,"[0,",0,0,1,2592.1,+19.9dB,17.7us,"[0,",1,229.8,normal,0,valid,-14.8dB,-14.8dB,na,na,,,,
2025-07-30 13:41:38.876492,PHY,0x4601,1,0,na,"[0,",0,0,1,2634.3,+19.9dB,28.2us,"[0,",1,229.9,normal,0,valid,-14.7dB,-14.8dB,na,na,,,,
2025-07-30 13:41:38.880023,PHY,0x4601,2,,na,"[0,",,,11111,,+31.8dB,15.5us,"[0,",1,229.17,normal,0,valid,-12.0dB,-12.0dB,0.12us,-96.0Hz,,"[6,",,1
2025-07-30 13:41:38.880972,PHY,0x4601,1,0,na,"[0,",0,0,1,2849.8,+20.3dB,16.0us,"[0,",1,229.18,normal,0,valid,-14.8dB,-14.8dB,na,na,,,,
2025-07-30 13:41:38.881452,PHY,0x4601,1,0,na,"[0,",0,0,1,2308.0,+19.4dB,16.5us,"[0,",1,229.19,normal,0,valid,-14.8dB,-14.8dB,na,na,,,,
2025-07-30 13:41:38.885565,CSI,0x4601,2,,na,"[0,",,,1,,+32.9dB,12.8us,"[0,",1,230.8,normal,0,valid,-12.0dB,-12.0dB,0.16us,-37.9Hz,,"[6,",1111,1
2025-07-30 13:41:38.886547,PHY,0x4601,1,0,na,"[0,",0,0,1,3468.4,+21.1dB,17.8us,"[0,",1,230.9,normal,0,valid,-14.8dB,-14.8dB,na,na,,,,
2025-07-30 13:41:38.890057,PHY,0x4601,2,,na,"[0,",,,11111,,+31.6dB,18.4us,"[0,",1,230.17,normal,0,valid,-12.0dB,-12.0dB,0.14us,-24.6Hz,,"[6,",,1
2025-07-30 13:41:38.891022,PHY,0x4601,1,0,na,"[0,",0,0,1,4049.0,+21.8dB,21.7us,"[0,",1,230.18,normal,0,valid,-14.7dB,-14.7dB,na,na,,,,
2025-07-30 13:41:38.891485,PHY,0x4601,1,0,na,"[0,",0,0,1,3767.6,+21.5dB,13.7us,"[0,",1,230.19,normal,0,valid,-14.8dB,-14.8dB,na,na,,,,
2025-07-30 13:41:38.895969,PHY,0x4601,1,0,na,"[0,",0,0,1,2740.2,+20.1dB,17.4us,"[0,",1,231.8,normal,0,valid,-14.7dB,-14.8dB,na,na,,,,
2025-07-30 13:41:38.896540,PHY,0x4601,1,0,na,"[0,",0,0,1,2471.1,+19.7dB,13.9us,"[0,",1,231.9,normal,0,valid,-14.7dB,-14.8dB,na,na,,,,
2025-07-30 13:41:38.900095,PHY,0x4601,2,,na,"[0,",,,11111,,+30.6dB,16.8us,"[0,",1,231.17,normal,0,valid,-12.1dB,-12.1dB,0.14us,-55.0Hz,,"[6,",,1
2025-07-30 13:41:38.901027,PHY,0x4601,1,0,na,"[0,",0,0,1,2726.1,+20.1dB,18.6us,"[0,",1,231.18,normal,0,valid,-14.7dB,-14.8dB,na,na,,,,
2025-07-30 13:41:38.901525,PHY,0x4601,1,0,na,"[0,",0,0,1,2577.4,+19.8dB,14.8us,"[0,",1,231.19,normal,0,valid,-14.7dB,-14.8dB,na,na,,,,
2025-07-30 13:41:38.905601,CSI,0x4601,2,,na,"[0,",,,1,,+31.8dB,12.1us,"[0,",1,232.8,normal,0,valid,-11.9dB,-11.9dB,0.12us,-26.7Hz,,"[6,",1111,1
2025-07-30 13:41:38.906469,PHY,0x4601,1,0,na,"[0,",0,0,1,3731.6,+21.5dB,16.1us,"[0,",1,232.9,normal,0,valid,-14.7dB,-14.8dB,na,na,,,,
2025-07-30 13:41:38.910122,PHY,0x4601,2,,na,"[0,",,,11111,,+30.7dB,17.7us,"[0,",1,232.17,normal,0,valid,-12.0dB,-12.0dB,0.14us,+92.6Hz,,"[6,",,1
2025-07-30 13:41:38.910960,PHY,0x4601,1,0,na,"[0,",0,0,1,4188.1,+22.0dB,21.9us,"[0,",1,232.18,normal,0,valid,-14.8dB,-14.8dB,na,na,,,,
2025-07-30 13:41:38.911532,PHY,0x4601,1,0,na,"[0,",0,0,1,4050.0,+21.8dB,14.6us,"[0,",1,232.19,normal,0,valid,-14.7dB,-14.7dB,na,na,,,,
2025-07-30 13:41:38.916028,PHY,0x4601,1,0,na,"[0,",0,0,1,356.6,+11.2dB,25.8us,"[0,",1,233.8,normal,0,valid,-14.8dB,-15.1dB,na,na,,,,
2025-07-30 13:41:38.916525,PHY,0x4601,1,0,na,"[0,",0,0,1,356.1,+11.3dB,15.6us,"[0,",1,233.9,normal,0,valid,-14.7dB,-15.1dB,na,na,,,,
2025-07-30 13:41:38.920044,PHY,0x4601,2,,na,"[0,",,,11111,,+28.9dB,15.3us,"[0,",1,233.17,normal,0,valid,-12.0dB,-12.2dB,0.38us,+79.7Hz,,"[6,",,1
2025-07-30 13:41:38.920999,PHY,0x4601,1,0,na,"[0,",0,0,1,423.3,+12.0dB,16.1us,"[0,",1,233.18,normal,0,valid,-14.8dB,-15.0dB,na,na,,,,
2025-07-30 13:41:38.921460,PHY,0x4601,1,0,na,"[0,",0,0,1,420.1,+12.0dB,13.7us,"[0,",1,233.19,normal,0,valid,-14.7dB,-15.0dB,na,na,,,,
2025-07-30 13:41:38.925594,CSI,0x4601,2,,na,"[0,",,,1,,+30.0dB,14.3us,"[0,",1,234.8,normal,0,valid,-11.9dB,-12.1dB,0.40us,+18.0Hz,,"[6,",1111,1
2025-07-30 13:41:38.926524,PHY,0x4601,1,0,na,"[0,",0,0,1,368.5,+11.4dB,15.7us,"[0,",1,234.9,normal,0,valid,-14.8dB,-15.1dB,na,na,,,,
2025-07-30 13:41:38.930087,PHY,0x4601,2,,na,"[0,",,,11111,,+28.7dB,13.4us,"[0,",1,234.17,normal,0,valid,-12.0dB,-12.1dB,0.39us,+2.3Hz,,"[6,",,1
2025-07-30 13:41:38.931009,PHY,0x4601,1,0,na,"[0,",0,0,1,356.6,+11.3dB,16.1us,"[0,",1,234.18,normal,0,valid,-14.7dB,-15.0dB,na,na,,,,
2025-07-30 13:41:38.931498,PHY,0x4601,1,0,na,"[0,",0,0,1,354.5,+11.2dB,13.9us,"[0,",1,234.19,normal,0,valid,-14.8dB,-15.1dB,na,na,,,,
2025-07-30 13:41:38.936002,PHY,0x4601,1,0,na,"[0,",0,0,1,364.2,+11.4dB,16.0us,"[0,",1,235.8,normal,0,valid,-14.8dB,-15.1dB,na,na,,,,
2025-07-30 13:41:38.936458,PHY,0x4601,1,0,na,"[0,",0,0,1,362.8,+11.3dB,15.6us,"[0,",1,235.9,normal,0,valid,-14.8dB,-15.1dB,na,na,,,,
2025-07-30 13:41:38.940106,PHY,0x4601,2,,na,"[0,",,,11111,,+30.4dB,14.6us,"[0,",1,235.17,normal,0,valid,-12.0dB,-12.1dB,0.41us,+10.0Hz,,"[6,",,1
2025-07-30 13:41:38.940973,PHY,0x4601,1,0,na,"[0,",0,0,1,422.7,+12.0dB,15.9us,"[0,",1,235.18,normal,0,valid,-14.7dB,-15.0dB,na,na,,,,
2025-07-30 13:41:38.941515,PHY,0x4601,1,0,na,"[0,",0,0,1,422.1,+12.0dB,13.9us,"[0,",1,235.19,normal,0,valid,-14.7dB,-15.0dB,na,na,,,,
2025-07-30 13:41:38.945621,CSI,0x4601,2,,na,"[0,",,,1,,+28.5dB,11.9us,"[0,",1,236.8,normal,0,valid,-11.9dB,-12.1dB,0.40us,+3.2Hz,,"[6,",1111,1
2025-07-30 13:41:38.946525,PHY,0x4601,1,0,na,"[0,",0,0,1,416.8,+11.9dB,19.8us,"[0,",1,236.9,normal,0,valid,-14.8dB,-15.1dB,na,na,,,,
2025-07-30 13:41:38.950026,PHY,0x4601,2,,na,"[0,",,,11111,,+29.2dB,14.8us,"[0,",1,236.17,normal,0,valid,-12.0dB,-12.1dB,0.39us,+128.6Hz,,"[6,",,1
2025-07-30 13:41:38.950992,PHY,0x4601,1,0,na,"[0,",0,0,1,423.7,+12.0dB,16.6us,"[0,",1,236.18,normal,0,valid,-14.7dB,-15.0dB,na,na,,,,
2025-07-30 13:41:38.951450,PHY,0x4601,1,0,na,"[0,",0,0,1,415.4,+11.9dB,13.7us,"[0,",1,236.19,normal,0,valid,-14.8dB,-15.0dB,na,na,,,,
2025-07-30 13:41:38.956053,PHY,0x4601,1,0,na,"[0,",0,0,1,2679.9,+20.0dB,17.1us,"[0,",1,237.8,normal,0,valid,-14.7dB,-14.8dB,na,na,,,,
2025-07-30 13:41:38.956535,PHY,0x4601,1,0,na,"[0,",0,0,1,2442.3,+19.6dB,15.0us,"[0,",1,237.9,normal,0,valid,-14.7dB,-14.8dB,na,na,,,,
2025-07-30 13:41:38.960080,PHY,0x4601,2,,na,"[0,",,,11111,,+29.9dB,26.0us,"[0,",1,237.17,normal,0,valid,-12.0dB,-12.0dB,0.15us,+14.5Hz,,"[6,",,1
2025-07-30 13:41:38.961005,PHY,0x4601,1,0,na,"[0,",0,0,1,4029.3,+21.8dB,16.7us,"[0,",1,237.18,normal,0,valid,-14.7dB,-14.8dB,na,na,,,,
2025-07-30 13:41:38.961498,PHY,0x4601,1,0,na,"[0,",0,0,1,4114.0,+21.9dB,14.5us,"[0,",1,237.19,normal,0,valid,-14.7dB,-14.7dB,na,na,,,,
2025-07-30 13:41:38.965612,CSI,0x4601,2,,na,"[0,",,,1,,+30.6dB,17.3us,"[0,",1,238.8,normal,0,valid,-11.8dB,-11.8dB,0.14us,-25.7Hz,,"[6,",1111,1
2025-07-30 13:41:38.966444,PHY,0x4601,1,0,na,"[0,",0,0,1,2531.9,+19.8dB,16.2us,"[0,",1,238.9,normal,0,valid,-14.8dB,-14.8dB,na,na,,,,
2025-07-30 13:41:38.970098,PHY,0x4601,2,,na,"[0,",,,11111,,+28.3dB,17.5us,"[0,",1,238.17,normal,0,valid,-12.1dB,-12.1dB,0.13us,-34.4Hz,,"[6,",,1
2025-07-30 13:41:38.971033,PHY,0x4601,1,0,na,"[0,",0,0,1,2625.8,+19.9dB,16.5us,"[0,",1,238.18,normal,0,valid,-14.8dB,-14.8dB,na,na,,,,
2025-07-30 13:41:38.971516,PHY,0x4601,1,0,na,"[0,",0,0,1,2221.1,+19.2dB,15.6us,"[0,",1,238.19,normal,0,valid,-14.7dB,-14.8dB,na,na,,,,
2025-07-30 13:41:38.976003,PHY,0x4601,1,0,na,"[0,",0,0,1,2608.1,+19.9dB,18.0us,"[0,",1,239.8,normal,0,valid,-14.8dB,-14.8dB,na,na,,,,
2025-07-30 13:41:38.976505,PHY,0x4601,1,0,na,"[0,",0,0,1,2426.9,+19.6dB,16.8us,"[0,",1,239.9,normal,0,valid,-14.8dB,-14.8dB,na,na,,,,
2025-07-30 13:41:38.980025,PHY,0x4601,2,,na,"[0,",,,11111,,+31.9dB,22.1us,"[0,",1,239.17,normal,0,valid,-12.0dB,-12.0dB,0.13us,+31.4Hz,,"[6,",,1
2025-07-30 13:41:38.980979,PHY,0x4601,1,0,na,"[0,",0,0,1,2800.1,+20.2dB,16.2us,"[0,",1,239.18,normal,0,valid,-14.7dB,-14.8dB,na,na,,,,
2025-07-30 13:41:38.981541,PHY,0x4601,1,0,na,"[0,",0,0,1,2490.9,+19.7dB,14.5us,"[0,",1,239.19,normal,0,valid,-14.8dB,-14.8dB,na,na,,,,
2025-07-30 13:41:38.985570,CSI,0x4601,2,,na,"[0,",,,1,,+34.8dB,15.1us,"[0,",1,240.8,normal,0,valid,-11.8dB,-11.8dB,0.14us,-74.3Hz,,"[6,",1111,1
2025-07-30 13:41:38.986503,PHY,0x4601,1,0,na,"[0,",0,0,1,3698.3,+21.4dB,17.3us,"[0,",1,240.9,normal,0,valid,-14.7dB,-14.8dB,na,na,,,,
2025-07-30 13:41:38.990064,PHY,0x4601,2,,na,"[0,",,,11111,,+30.6dB,16.0us,"[0,",1,240.17,normal,0,valid,-11.9dB,-11.9dB,0.15us,-30.0Hz,,"[6,",,1
2025-07-30 13:41:38.990988,PHY,0x4601,1,0,na,"[0,",0,0,1,3674.2,+21.4dB,15.9us,"[0,",1,240.18,normal,0,valid,-14.7dB,-14.7dB,na,na,,,,
2025-07-30 13:41:38.991486,PHY,0x4601,1,0,na,"[0,",0,0,1,3800.2,+21.5dB,16.9us,"[0,",1,240.19,normal,0,valid,-14.8dB,-14.8dB,na,na,,,,
2025-07-30 13:41:38.996009,PHY,0x4601,1,0,na,"[0,",0,0,1,2640.2,+19.9dB,25.3us,"[0,",1,241.8,normal,0,valid,-14.8dB,-14.8dB,na,na,,,,
2025-07-30 13:41:38.996540,PHY,0x4601,1,0,na,"[0,",0,0,1,2577.1,+19.9dB,14.3us,"[0,",1,241.9,normal,0,valid,-14.8dB,-14.8dB,na,na,,,,
2025-07-30 13:41:39.000105,PHY,0x4601,2,,na,"[0,",,,11111,,+33.5dB,28.0us,"[0,",1,241.17,normal,0,valid,-12.0dB,-12.0dB,0.14us,+10.9Hz,,"[6,",,1
2025-07-30 13:41:39.001026,PHY,0x4601,1,0,na,"[0,",0,0,1,2503.9,+19.7dB,23.4us,"[0,",1,241.18,normal,0,valid,-14.8dB,-14.9dB,na,na,,,,
2025-07-30 13:41:39.001503,PHY,0x4601,1,0,na,"[0,",0,0,1,2504.6,+19.7dB,19.8us,"[0,",1,241.19,normal,0,valid,-14.8dB,-14.8dB,na,na,,,,
2025-07-30 13:41:39.005600,CSI,0x4601,2,,na,"[0,",,,1,,+30.7dB,16.1us,"[0,",1,242.8,normal,0,valid,-11.8dB,-11.8dB,0.13us,+10.3Hz,,"[6,",1111,1
2025-07-30 13:41:39.006473,PHY,0x4601,1,0,na,"[0,",0,0,1,2448.8,+19.6dB,16.4us,"[0,",1,242.9,normal,0,valid,-14.8dB,-14.9dB,na,na,,,,
2025-07-30 13:41:39.010118,PHY,0x4601,2,,na,"[0,",,,11111,,+29.9dB,14.1us,"[0,",1,242.17,normal,0,valid,-12.0dB,-12.1dB,0.14us,-18.3Hz,,"[6,",,1
2025-07-30 13:41:39.010961,PHY,0x4601,1,0,na,"[0,",0,0,1,3831.3,+21.6dB,16.7us,"[0,",1,242.18,normal,0,valid,-14.7dB,-14.8dB,na,na,,,,
2025-07-30 13:41:39.011537,PHY,0x4601,1,0,na,"[0,",0,0,1,3819.0,+21.6dB,26.6us,"[0,",1,242.19,normal,0,valid,-14.8dB,-14.8dB,na,na,,,,
2025-07-30 13:41:39.016095,PHY,0x4601,1,0,na,"[0,",0,0,1,2494.0,+19.7dB,20.0us,"[0,",1,243.8,normal,0,valid,-14.7dB,-14.8dB,na,na,,,,
2025-07-30 13:41:39.016510,PHY,0x4601,1,0,na,"[0,",0,0,1,2413.4,+19.6dB,17.2us,"[0,",1,243.9,normal,0,valid,-14.8dB,-14.8dB,na,na,,,,
2025-07-30 13:41:39.020044,PHY,0x4601,2,,na,"[0,",,,11111,,+33.5dB,15.2us,"[0,",1,243.17,normal,0,valid,-12.1dB,-12.1dB,0.12us,+5.4Hz,,"[6,",,1
2025-07-30 13:41:39.020975,PHY,0x4601,1,0,na,"[0,",0,0,1,2436.2,+19.6dB,17.0us,"[0,",1,243.18,normal,0,valid,-14.8dB,-14.8dB,na,na,,,,
2025-07-30 13:41:39.021475,PHY,0x4601,1,0,na,"[0,",0,0,1,2512.1,+19.7dB,19.4us,"[0,",1,243.19,normal,0,valid,-14.8dB,-14.8dB,na,na,,,,
2025-07-30 13:41:39.025609,CSI,0x4601,2,,na,"[0,",,,1,,+31.6dB,19.3us,"[0,",1,244.8,normal,0,valid,-12.0dB,-12.0dB,0.14us,+60.6Hz,,"[6,",1111,1
2025-07-30 13:41:39.026516,PHY,0x4601,1,0,na,"[0,",0,0,1,3872.6,+21.6dB,16.6us,"[0,",1,244.9,normal,0,valid,-14.8dB,-14.8dB,na,na,,,,
2025-07-30 13:41:39.030083,PHY,0x4601,2,,na,"[0,",,,11111,,+32.0dB,16.1us,"[0,",1,244.17,normal,0,valid,-11.8dB,-11.9dB,0.12us,-44.6Hz,,"[6,",,1
2025-07-30 13:41:39.031008,PHY,0x4601,1,0,na,"[0,",0,0,1,2551.5,+19.8dB,18.2us,"[0,",1,244.18,normal,0,valid,-14.8dB,-14.8dB,na,na,,,,
2025-07-30 13:41:39.031480,PHY,0x4601,1,0,na,"[0,",0,0,1,2583.9,+19.9dB,15.8us,"[0,",1,244.19,normal,0,valid,-14.7dB,-14.8dB,na,na,,,,
2025-07-30 13:41:39.035977,PHY,0x4601,1,0,na,"[0,",0,0,1,2681.1,+20.0dB,17.6us,"[0,",1,245.8,normal,0,valid,-14.7dB,-14.8dB,na,na,,,,
2025-07-30 13:41:39.036468,PHY,0x4601,1,0,na,"[0,",0,0,1,2628.9,+20.0dB,16.5us,"[0,",1,245.9,normal,0,valid,-14.7dB,-14.8dB,na,na,,,,
2025-07-30 13:41:39.040126,PHY,0x4601,2,,na,"[0,",,,11111,,+29.6dB,18.8us,"[0,",1,245.17,normal,0,valid,-11.9dB,-12.0dB,0.11us,+43.7Hz,,"[6,",,1
2025-07-30 13:41:39.041043,PHY,0x4601,1,0,na,"[0,",0,0,1,2381.5,+19.5dB,18.1us,"[0,",1,245.18,normal,0,valid,-14.8dB,-14.8dB,na,na,,,,
2025-07-30 13:41:39.041507,PHY,0x4601,1,0,na,"[0,",0,0,1,2393.0,+19.5dB,14.3us,"[0,",1,245.19,normal,0,valid,-14.8dB,-14.8dB,na,na,,,,
2025-07-30 13:41:39.045615,CSI,0x4601,2,,na,"[0,",,,1,,+29.8dB,12.6us,"[0,",1,246.8,normal,0,valid,-12.0dB,-12.0dB,0.14us,-8.6Hz,,"[6,",1111,1
2025-07-30 13:41:39.046472,PHY,0x4601,1,0,na,"[0,",0,0,1,2239.9,+19.2dB,16.4us,"[0,",1,246.9,normal,0,valid,-14.7dB,-14.8dB,na,na,,,,
2025-07-30 13:41:39.050020,PHY,0x4601,2,,na,"[0,",,,11111,,+37.0dB,14.8us,"[0,",1,246.17,normal,0,valid,-11.9dB,-11.9dB,0.14us,-13.1Hz,,"[6,",,1
2025-07-30 13:41:39.050969,PHY,0x4601,1,0,na,"[0,",0,0,1,3564.9,+21.3dB,16.9us,"[0,",1,246.18,normal,0,valid,-14.8dB,-14.8dB,na,na,,,,
2025-07-30 13:41:39.051455,PHY,0x4601,1,0,na,"[0,",0,0,1,4186.1,+22.0dB,14.2us,"[0,",1,246.19,normal,0,valid,-14.8dB,-14.8dB,na,na,,,,
2025-07-30 13:41:39.056049,PHY,0x4601,1,0,na,"[0,",0,0,1,2413.1,+19.6dB,24.5us,"[0,",1,247.8,normal,0,valid,-14.7dB,-14.8dB,na,na,,,,
2025-07-30 13:41:39.056538,PHY,0x4601,1,0,na,"[0,",0,0,1,2567.8,+19.8dB,18.0us,"[0,",1,247.9,normal,0,valid,-14.7dB,-14.8dB,na,na,,,,
2025-07-30 13:41:39.060092,PHY,0x4601,2,,na,"[0,",,,11111,,+32.6dB,16.0us,"[0,",1,247.17,normal,0,valid,-12.0dB,-12.0dB,0.12us,-56.3Hz,,"[6,",,1
2025-07-30 13:41:39.061005,PHY,0x4601,1,0,na,"[0,",0,0,1,2743.1,+20.1dB,19.9us,"[0,",1,247.18,normal,0,valid,-14.7dB,-14.8dB,na,na,,,,
2025-07-30 13:41:39.061474,PHY,0x4601,1,0,na,"[0,",0,0,1,2755.8,+20.2dB,22.6us,"[0,",1,247.19,normal,0,valid,-14.7dB,-14.8dB,na,na,,,,
2025-07-30 13:41:39.065625,CSI,0x4601,2,,na,"[0,",,,1,,+33.6dB,13.2us,"[0,",1,248.8,normal,0,valid,-11.9dB,-11.9dB,0.15us,+68.6Hz,,"[6,",1111,1
2025-07-30 13:41:39.066541,PHY,0x4601,1,0,na,"[0,",0,0,1,4334.1,+22.1dB,17.3us,"[0,",1,248.9,normal,0,valid,-14.8dB,-14.8dB,na,na,,,,
2025-07-30 13:41:39.070119,PHY,0x4601,2,,na,"[0,",,,11111,,+30.8dB,13.9us,"[0,",1,248.17,normal,0,valid,-12.0dB,-12.0dB,0.13us,-17.0Hz,,"[6,",,1
2025-07-30 13:41:39.071028,PHY,0x4601,1,0,na,"[0,",0,0,1,2408.0,+19.6dB,16.2us,"[0,",1,248.18,normal,0,valid,-14.7dB,-14.8dB,na,na,,,,
2025-07-30 13:41:39.071502,PHY,0x4601,1,0,na,"[0,",0,0,1,2531.3,+19.8dB,19.0us,"[0,",1,248.19,normal,0,valid,-14.7dB,-14.8dB,na,na,,,,
2025-07-30 13:41:39.075997,PHY,0x4601,1,0,na,"[0,",0,0,1,2334.8,+19.4dB,16.4us,"[0,",1,249.8,normal,0,valid,-14.7dB,-14.8dB,na,na,,,,
2025-07-30 13:41:39.076487,PHY,0x4601,1,0,na,"[0,",0,0,1,2427.4,+19.6dB,29.6us,"[0,",1,249.9,normal,0,valid,-14.8dB,-14.8dB,na,na,,,,
2025-07-30 13:41:39.080150,PHY,0x4601,2,,na,"[0,",,,11111,,+28.2dB,15.9us,"[0,",1,249.17,normal,0,valid,-12.0dB,-12.0dB,0.15us,+31.3Hz,,"[6,",,1
2025-07-30 13:41:39.080968,PHY,0x4601,1,0,na,"[0,",0,0,1,2766.9,+20.2dB,30.2us,"[0,",1,249.18,normal,0,valid,-14.8dB,-14.8dB,na,na,,,,
2025-07-30 13:41:39.081541,PHY,0x4601,1,0,na,"[0,",0,0,1,2400.8,+19.5dB,14.8us,"[0,",1,249.19,normal,0,valid,-14.7dB,-14.8dB,na,na,,,,
2025-07-30 13:41:39.085554,CSI,0x4601,2,,na,"[0,",,,1,,+33.4dB,16.5us,"[0,",1,250.8,normal,0,valid,-11.9dB,-12.0dB,0.15us,-47.3Hz,,"[6,",1111,1
2025-07-30 13:41:39.086526,PHY,0x4601,1,0,na,"[0,",0,0,1,3798.6,+21.5dB,16.7us,"[0,",1,250.9,normal,0,valid,-14.8dB,-14.8dB,na,na,,,,
2025-07-30 13:41:39.090043,PHY,0x4601,2,,na,"[0,",,,11111,,+30.3dB,15.9us,"[0,",1,250.17,normal,0,valid,-12.0dB,-12.0dB,0.11us,+22.7Hz,,"[6,",,1
2025-07-30 13:41:39.090989,PHY,0x4601,1,0,na,"[0,",0,0,1,2264.0,+19.3dB,17.5us,"[0,",1,250.18,normal,0,valid,-14.7dB,-14.8dB,na,na,,,,
2025-07-30 13:41:39.091461,PHY,0x4601,1,0,na,"[0,",0,0,1,2770.9,+20.1dB,17.5us,"[0,",1,250.19,normal,0,valid,-14.8dB,-14.8dB,na,na,,,,
2025-07-30 13:41:39.095952,PHY,0x4601,1,0,na,"[0,",0,0,1,2253.1,+19.3dB,16.6us,"[0,",1,251.8,normal,0,valid,-14.8dB,-14.8dB,na,na,,,,
2025-07-30 13:41:39.096540,PHY,0x4601,1,0,na,"[0,",0,0,1,2660.3,+20.0dB,14.1us,"[0,",1,251.9,normal,0,valid,-14.8dB,-14.8dB,na,na,,,,
2025-07-30 13:41:39.100082,PHY,0x4601,2,,na,"[0,",,,11111,,+32.6dB,15.4us,"[0,",1,251.17,normal,0,valid,-12.0dB,-12.0dB,0.15us,-71.2Hz,,"[6,",,1
2025-07-30 13:41:39.101018,PHY,0x4601,1,0,na,"[0,",0,0,1,3957.3,+21.7dB,16.2us,"[0,",1,251.18,normal,0,valid,-14.8dB,-14.8dB,na,na,,,,
2025-07-30 13:41:39.101491,PHY,0x4601,1,0,na,"[0,",0,0,1,4150.3,+22.0dB,13.7us,"[0,",1,251.19,normal,0,valid,-14.8dB,-14.8dB,na,na,,,,
2025-07-30 13:41:39.105620,CSI,0x4601,2,,na,"[0,",,,1,,+32.7dB,15.0us,"[0,",1,252.8,normal,0,valid,-11.9dB,-12.0dB,0.15us,+19.9Hz,,"[6,",1111,1
2025-07-30 13:41:39.106451,PHY,0x4601,1,0,na,"[0,",0,0,1,3542.8,+21.2dB,19.5us,"[0,",1,252.9,normal,0,valid,-14.8dB,-14.8dB,na,na,,,,
2025-07-30 13:41:39.110102,PHY,0x4601,2,,na,"[0,",,,11111,,+32.4dB,13.6us,"[0,",1,252.17,normal,0,valid,-12.1dB,-12.1dB,0.16us,-59.0Hz,,"[6,",,1
2025-07-30 13:41:39.110951,PHY,0x4601,1,0,na,"[0,",0,0,1,3909.3,+21.7dB,16.4us,"[0,",1,252.18,normal,0,valid,-14.8dB,-14.8dB,na,na,,,,
2025-07-30 13:41:39.111529,PHY,0x4601,1,0,na,"[0,",0,0,1,4204.1,+22.0dB,13.5us,"[0,",1,252.19,normal,0,valid,-14.8dB,-14.8dB,na,na,,,,
2025-07-30 13:41:39.116020,PHY,0x4601,1,0,na,"[0,",0,0,1,2831.2,+20.3dB,16.7us,"[0,",1,253.8,normal,0,valid,-14.8dB,-14.8dB,na,na,,,,
2025-07-30 13:41:39.116498,PHY,0x4601,1,0,na,"[0,",0,0,1,2493.4,+19.7dB,15.7us,"[0,",1,253.9,normal,0,valid,-14.8dB,-14.8dB,na,na,,,,
2025-07-30 13:41:39.120028,PHY,0x4601,2,,na,"[0,",,,11111,,+30.2dB,17.3us,"[0,",1,253.17,normal,0,valid,-12.0dB,-12.0dB,0.13us,-75.6Hz,,"[6,",,1
2025-07-30 13:41:39.120973,PHY,0x4601,1,0,na,"[0,",0,0,1,3880.1,+21.6dB,15.4us,"[0,",1,253.18,normal,0,valid,-14.8dB,-14.8dB,na,na,,,,
2025-07-30 13:41:39.121446,PHY,0x4601,1,0,na,"[0,",0,0,1,3775.1,+21.5dB,14.9us,"[0,",1,253.19,normal,0,valid,-14.7dB,-14.8dB,na,na,,,,
2025-07-30 13:41:39.125572,CSI,0x4601,2,,na,"[0,",,,1,,+28.8dB,13.6us,"[0,",1,254.8,normal,0,valid,-11.9dB,-12.0dB,0.15us,-88.7Hz,,"[6,",1111,1
2025-07-30 13:41:39.126531,PHY,0x4601,1,0,na,"[0,",0,0,1,3452.4,+21.1dB,17.0us,"[0,",1,254.9,normal,0,valid,-14.8dB,-14.8dB,na,na,,,,
2025-07-30 13:41:39.130089,PHY,0x4601,2,,na,"[0,",,,11111,,+30.7dB,15.9us,"[0,",1,254.17,normal,0,valid,-12.1dB,-12.1dB,0.14us,-139.6Hz,,"[6,",,1
2025-07-30 13:41:39.131022,PHY,0x4601,1,0,na,"[0,",0,0,1,2437.8,+19.6dB,16.2us,"[0,",1,254.18,normal,0,valid,-14.8dB,-14.8dB,na,na,,,,
2025-07-30 13:41:39.131488,PHY,0x4601,1,0,na,"[0,",0,0,1,2493.6,+19.7dB,14.9us,"[0,",1,254.19,normal,0,valid,-14.7dB,-14.8dB,na,na,,,,
2025-07-30 13:41:39.135974,PHY,0x4601,1,0,na,"[0,",0,0,1,2651.0,+20.0dB,18.5us,"[0,",1,255.8,normal,0,valid,-14.8dB,-14.8dB,na,na,,,,
2025-07-30 13:41:39.136445,PHY,0x4601,1,0,na,"[0,",0,0,1,2713.2,+20.1dB,17.8us,"[0,",1,255.9,normal,0,valid,-14.8dB,-14.8dB,na,na,,,,
2025-07-30 13:41:39.140097,PHY,0x4601,2,,na,"[0,",,,11111,,+29.1dB,23.2us,"[0,",1,255.17,normal,0,valid,-12.0dB,-12.1dB,0.16us,-49.2Hz,,"[6,",,1
2025-07-30 13:41:39.141036,PHY,0x4601,1,0,na,"[0,",0,0,1,3698.9,+21.4dB,21.4us,"[0,",1,255.18,normal,0,valid,-14.8dB,-14.8dB,na,na,,,,
2025-07-30 13:41:39.141520,PHY,0x4601,1,0,na,"[0,",0,0,1,3546.5,+21.2dB,14.9us,"[0,",1,255.19,normal,0,valid,-14.7dB,-14.8dB,na,na,,,,
2025-07-30 13:41:39.145601,CSI,0x4601,2,,na,"[0,",,,1,,+34.6dB,13.5us,"[0,",1,256.8,normal,0,valid,-12.0dB,-12.0dB,0.14us,+91.4Hz,,"[6,",1111,1
2025-07-30 13:41:39.146479,PHY,0x4601,1,0,na,"[0,",0,0,1,3733.4,+21.5dB,16.4us,"[0,",1,256.9,normal,0,valid,-14.8dB,-14.8dB,na,na,,,,
2025-07-30 13:41:39.150018,PHY,0x4601,2,,na,"[0,",,,11111,,+33.9dB,14.4us,"[0,",1,256.17,normal,0,valid,-12.0dB,-12.0dB,0.14us,-4.8Hz,,"[6,",,1
2025-07-30 13:41:39.150963,PHY,0x4601,1,0,na,"[0,",0,0,1,2310.5,+19.4dB,17.1us,"[0,",1,256.18,normal,0,valid,-14.7dB,-14.8dB,na,na,,,,
2025-07-30 13:41:39.151537,PHY,0x4601,1,0,na,"[0,",0,0,1,2497.8,+19.7dB,14.5us,"[0,",1,256.19,normal,0,valid,-14.8dB,-14.8dB,na,na,,,,
2025-07-30 13:41:39.156030,PHY,0x4601,1,0,na,"[0,",0,0,1,2411.8,+19.5dB,18.6us,"[0,",1,257.8,normal,0,valid,-14.7dB,-14.8dB,na,na,,,,
2025-07-30 13:41:39.156530,PHY,0x4601,1,0,na,"[0,",0,0,1,2446.9,+19.6dB,14.6us,"[0,",1,257.9,normal,0,valid,-14.7dB,-14.8dB,na,na,,,,
2025-07-30 13:41:39.160044,PHY,0x4601,2,,na,"[0,",,,11111,,+33.0dB,14.3us,"[0,",1,257.17,normal,0,valid,-11.9dB,-11.9dB,0.13us,-9.2Hz,,"[6,",,1
2025-07-30 13:41:39.161008,PHY,0x4601,1,0,na,"[0,",0,0,1,2603.2,+19.9dB,22.3us,"[0,",1,257.18,normal,0,valid,-14.8dB,-14.8dB,na,na,,,,
2025-07-30 13:41:39.161468,PHY,0x4601,1,0,na,"[0,",0,0,1,2429.3,+19.6dB,16.0us,"[0,",1,257.19,normal,0,valid,-14.7dB,-14.8dB,na,na,,,,
2025-07-30 13:41:39.165608,CSI,0x4601,2,,na,"[0,",,,1,,+33.3dB,15.0us,"[0,",1,258.8,normal,0,valid,-11.9dB,-11.9dB,0.14us,-46.9Hz,,"[6,",1111,1
2025-07-30 13:41:39.166533,PHY,0x4601,1,0,na,"[0,",0,0,1,2708.1,+20.1dB,16.1us,"[0,",1,258.9,normal,0,valid,-14.8dB,-14.8dB,na,na,,,,
2025-07-30 13:41:39.170085,PHY,0x4601,2,,na,"[0,",,,11111,,+30.7dB,14.8us,"[0,",1,258.17,normal,0,valid,-12.0dB,-12.0dB,0.14us,+73.2Hz,,"[6,",,1
2025-07-30 13:41:39.171017,PHY,0x4601,1,0,na,"[0,",0,0,1,4319.6,+22.1dB,16.6us,"[0,",1,258.18,normal,0,valid,-14.8dB,-14.8dB,na,na,,,,
2025-07-30 13:41:39.171523,PHY,0x4601,1,0,na,"[0,",0,0,1,4112.1,+21.9dB,16.1us,"[0,",1,258.19,normal,0,valid,-14.7dB,-14.7dB,na,na,,,,
2025-07-30 13:41:39.176009,PHY,0x4601,1,0,na,"[0,",0,0,1,2435.7,+19.6dB,25.7us,"[0,",1,259.8,normal,0,valid,-14.8dB,-14.8dB,na,na,,,,
2025-07-30 13:41:39.176461,PHY,0x4601,1,0,na,"[0,",0,0,1,2582.3,+19.9dB,16.1us,"[0,",1,259.9,normal,0,valid,-14.7dB,-14.8dB,na,na,,,,
2025-07-30 13:41:39.180185,PHY,0x4601,2,,na,"[0,",,,11111,,+30.7dB,15.0us,"[0,",1,259.17,normal,0,valid,-12.0dB,-12.0dB,0.13us,+111.6Hz,,"[6,",,1
2025-07-30 13:41:39.180953,PHY,0x4601,1,0,na,"[0,",0,0,1,3739.3,+21.5dB,16.9us,"[0,",1,259.18,normal,0,valid,-14.8dB,-14.8dB,na,na,,,,
2025-07-30 13:41:39.181528,PHY,0x4601,1,0,na,"[0,",0,0,1,3886.6,+21.6dB,16.5us,"[0,",1,259.19,normal,0,valid,-14.8dB,-14.8dB,na,na,,,,
2025-07-30 13:41:39.185631,CSI,0x4601,2,,na,"[0,",,,1,,+33.8dB,11.6us,"[0,",1,260.8,normal,0,valid,-11.9dB,-11.9dB,0.16us,-60.4Hz,,"[6,",1111,1
2025-07-30 13:41:39.186522,PHY,0x4601,1,0,na,"[0,",0,0,1,2565.7,+19.8dB,18.6us,"[0,",1,260.9,normal,0,valid,-14.8dB,-14.8dB,na,na,,,,
2025-07-30 13:41:39.190035,PHY,0x4601,2,,na,"[0,",,,11111,,+33.2dB,14.6us,"[0,",1,260.17,normal,0,valid,-12.2dB,-12.2dB,0.15us,-17.8Hz,,"[6,",,1
2025-07-30 13:41:39.191007,PHY,0x4601,1,0,na,"[0,",0,0,1,2414.5,+19.6dB,18.1us,"[0,",1,260.18,normal,0,valid,-14.8dB,-14.8dB,na,na,,,,
2025-07-30 13:41:39.191463,PHY,0x4601,1,0,na,"[0,",0,0,1,2352.7,+19.5dB,24.2us,"[0,",1,260.19,normal,0,valid,-14.8dB,-14.8dB,na,na,,,,
2025-07-30 13:41:39.195956,PHY,0x4601,1,0,na,"[0,",0,0,1,2354.3,+19.4dB,26.5us,"[0,",1,261.8,normal,0,valid,-14.8dB,-14.9dB,na,na,,,,
2025-07-30 13:41:39.196526,PHY,0x4601,1,0,na,"[0,",0,0,1,2516.7,+19.7dB,16.6us,"[0,",1,261.9,normal,0,valid,-14.8dB,-14.8dB,na,na,,,,
2025-07-30 13:41:39.200092,PHY,0x4601,2,,na,"[0,",,,11111,,+32.1dB,20.7us,"[0,",1,261.17,normal,0,valid,-11.9dB,-11.9dB,0.15us,-28.2Hz,,"[6,",,1
2025-07-30 13:41:39.201015,PHY,0x4601,1,0,na,"[0,",0,0,1,3705.3,+21.4dB,22.9us,"[0,",1,261.18,normal,0,valid,-14.8dB,-14.8dB,na,na,,,,
2025-07-30 13:41:39.201516,PHY,0x4601,1,0,na,"[0,",0,0,1,3753.0,+21.5dB,22.6us,"[0,",1,261.19,normal,0,valid,-14.8dB,-14.8dB,na,na,,,,
2025-07-30 13:41:39.205623,CSI,0x4601,2,,na,"[0,",,,1,,+32.9dB,14.9us,"[0,",1,262.8,normal,0,valid,-12.0dB,-12.0dB,0.14us,+34.9Hz,,"[6,",1111,1
2025-07-30 13:41:39.206464,PHY,0x4601,1,0,na,"[0,",0,0,1,4008.7,+21.8dB,20.3us,"[0,",1,262.9,normal,0,valid,-14.8dB,-14.8dB,na,na,,,,
2025-07-30 13:41:39.210105,PHY,0x4601,2,,na,"[0,",,,11111,,+31.5dB,18.1us,"[0,",1,262.17,normal,0,valid,-12.0dB,-12.0dB,0.12us,+53.4Hz,,"[6,",,1
2025-07-30 13:41:39.211043,PHY,0x4601,1,0,na,"[0,",0,0,1,2250.6,+19.2dB,15.8us,"[0,",1,262.18,normal,0,valid,-14.8dB,-14.8dB,na,na,,,,
2025-07-30 13:41:39.211515,PHY,0x4601,1,0,na,"[0,",0,0,1,2597.5,+19.9dB,16.2us,"[0,",1,262.19,normal,0,valid,-14.8dB,-14.8dB,na,na,,,,
2025-07-30 13:41:39.216001,PHY,0x4601,1,0,na,"[0,",0,0,1,2299.5,+19.4dB,16.0us,"[0,",1,263.8,normal,0,valid,-14.7dB,-14.8dB,na,na,,,,
2025-07-30 13:41:39.216517,PHY,0x4601,1,0,na,"[0,",0,0,1,2608.1,+19.9dB,15.0us,"[0,",1,263.9,normal,0,valid,-14.8dB,-14.8dB,na,na,,,,
2025-07-30 13:41:39.220021,PHY,0x4601,2,,na,"[0,",,,11111,,+27.2dB,14.8us,"[0,",1,263.17,normal,0,valid,-12.0dB,-12.1dB,0.16us,+31.4Hz,,"[6,",,1
2025-07-30 13:41:39.220981,PHY,0x4601,1,0,na,"[0,",0,0,1,3771.6,+21.5dB,16.1us,"[0,",1,263.18,normal,0,valid,-14.8dB,-14.8dB,na,na,,,,
2025-07-30 13:41:39.221441,PHY,0x4601,1,0,na,"[0,",0,0,1,3650.2,+21.4dB,14.6us,"[0,",1,263.19,normal,0,valid,-14.8dB,-14.8dB,na,na,,,,
2025-07-30 13:41:39.225589,CSI,0x4601,2,,na,"[0,",,,1,,+30.3dB,15.8us,"[0,",1,264.8,normal,0,valid,-11.9dB,-11.9dB,0.16us,-12.6Hz,,"[6,",1111,1
2025-07-30 13:41:39.226531,PHY,0x4601,1,0,na,"[0,",0,0,1,3785.8,+21.5dB,20.5us,"[0,",1,264.9,normal,0,valid,-14.8dB,-14.8dB,na,na,,,,
2025-07-30 13:41:39.230062,PHY,0x4601,2,,na,"[0,",,,11111,,+31.7dB,15.3us,"[0,",1,264.17,normal,0,valid,-12.0dB,-12.0dB,0.14us,-66.8Hz,,"[6,",,1
2025-07-30 13:41:39.230999,PHY,0x4601,1,0,na,"[0,",0,0,1,2658.5,+20.0dB,18.5us,"[0,",1,264.18,normal,0,valid,-14.8dB,-14.8dB,na,na,,,,
2025-07-30 13:41:39.231490,PHY,0x4601,1,0,na,"[0,",0,0,1,2866.9,+20.3dB,13.8us,"[0,",1,264.19,normal,0,valid,-14.7dB,-14.7dB,na,na,,,,
2025-07-30 13:41:39.235982,PHY,0x4601,1,0,na,"[0,",0,0,1,2407.3,+19.6dB,16.9us,"[0,",1,265.8,normal,0,valid,-14.7dB,-14.8dB,na,na,,,,
2025-07-30 13:41:39.236544,PHY,0x4601,1,0,na,"[0,",0,0,1,2343.1,+19.4dB,15.6us,"[0,",1,265.9,normal,0,valid,-14.8dB,-14.8dB,na,na,,,,
2025-07-30 13:41:39.240100,PHY,0x4601,2,,na,"[0,",,,11111,,+29.9dB,15.9us,"[0,",1,265.17,normal,0,valid,-11.8dB,-11.9dB,0.12us,+76.3Hz,,"[6,",,1
2025-07-30 13:41:39.241037,PHY,0x4601,1,0,na,"[0,",0,0,1,2435.9,+19.6dB,16.1us,"[0,",1,265.18,normal,0,valid,-14.7dB,-14.8dB,na,na,,,,
2025-07-30 13:41:39.241499,PHY,0x4601,1,0,na,"[0,",0,0,1,2501.7,+19.7dB,15.1us,"[0,",1,265.19,normal,0,valid,-14.8dB,-14.8dB,na,na,,,,
2025-07-30 13:41:39.245614,CSI,0x4601,2,,na,"[0,",,,1,,+32.2dB,14.4us,"[0,",1,266.8,normal,0,valid,-11.9dB,-11.9dB,0.16us,+118.8Hz,,"[6,",1111,1
2025-07-30 13:41:39.246502,PHY,0x4601,1,0,na,"[0,",0,0,1,4035.0,+21.8dB,28.7us,"[0,",1,266.9,normal,0,valid,-14.8dB,-14.8dB,na,na,,,,
2025-07-30 13:41:39.250133,PHY,0x4601,2,,na,"[0,",,,11111,,+30.6dB,16.5us,"[0,",1,266.17,normal,0,valid,-11.9dB,-11.9dB,0.14us,+146.0Hz,,"[6,",,1
2025-07-30 13:41:39.250970,PHY,0x4601,1,0,na,"[0,",0,0,1,3819.9,+21.6dB,16.5us,"[0,",1,266.18,normal,0,valid,-14.8dB,-14.8dB,na,na,,,,
2025-07-30 13:41:39.251534,PHY,0x4601,1,0,na,"[0,",0,0,1,3910.6,+21.7dB,14.2us,"[0,",1,266.19,normal,0,valid,-14.7dB,-14.8dB,na,na,,,,
2025-07-30 13:41:39.256023,PHY,0x4601,1,0,na,"[0,",0,0,1,2405.4,+19.5dB,16.9us,"[0,",1,267.8,normal,0,valid,-14.7dB,-14.8dB,na,na,,,,
2025-07-30 13:41:39.256512,PHY,0x4601,1,0,na,"[0,",0,0,1,2690.1,+20.0dB,16.2us,"[0,",1,267.9,normal,0,valid,-14.8dB,-14.8dB,na,na,,,,
2025-07-30 13:41:39.260047,PHY,0x4601,2,,na,"[0,",,,11111,,+30.2dB,16.3us,"[0,",1,267.17,normal,0,valid,-12.1dB,-12.1dB,0.13us,+127.6Hz,,"[6,",,1
2025-07-30 13:41:39.260984,PHY,0x4601,1,0,na,"[0,",0,0,1,2735.6,+20.1dB,16.3us,"[0,",1,267.18,normal,0,valid,-14.8dB,-14.8dB,na,na,,,,
2025-07-30 13:41:39.261487,PHY,0x4601,1,0,na,"[0,",0,0,1,2583.9,+19.8dB,20.6us,"[0,",1,267.19,normal,0,valid,-14.8dB,-14.9dB,na,na,,,,
2025-07-30 13:41:39.265604,CSI,0x4601,2,,na,"[0,",,,1,,+30.6dB,15.9us,"[0,",1,268.8,normal,0,valid,-11.9dB,-11.9dB,0.14us,-114.1Hz,,"[6,",1111,1
2025-07-30 13:41:39.266539,PHY,0x4601,1,0,na,"[0,",0,0,1,2358.5,+19.4dB,19.2us,"[0,",1,268.9,normal,0,valid,-14.7dB,-14.8dB,na,na,,,,
2025-07-30 13:41:39.270113,PHY,0x4601,2,,na,"[0,",,,11111,,+33.0dB,24.1us,"[0,",1,268.17,normal,0,valid,-12.1dB,-12.1dB,0.13us,-92.4Hz,,"[6,",,1
2025-07-30 13:41:39.271019,PHY,0x4601,1,0,na,"[0,",0,0,1,2455.1,+19.6dB,16.1us,"[0,",1,268.18,normal,0,valid,-14.8dB,-14.9dB,na,na,,,,
2025-07-30 13:41:39.271491,PHY,0x4601,1,0,na,"[0,",0,0,1,2441.6,+19.6dB,14.4us,"[0,",1,268.19,normal,0,valid,-14.7dB,-14.8dB,na,na,,,,
2025-07-30 13:41:39.275991,PHY,0x4601,1,0,na,"[0,",0,0,1,2343.8,+19.4dB,18.2us,"[0,",1,269.8,normal,0,valid,-14.8dB,-14.8dB,na,na,,,,
2025-07-30 13:41:39.276481,PHY,0x4601,1,0,na,"[0,",0,0,1,2321.7,+19.4dB,25.0us,"[0,",1,269.9,normal,0,valid,-14.7dB,-14.8dB,na,na,,,,
2025-07-30 13:41:39.280134,PHY,0x4601,2,,na,"[0,",,,11111,,+29.4dB,17.0us,"[0,",1,269.17,normal,0,valid,-12.0dB,-12.0dB,0.11us,+136.2Hz,,"[6,",,1
2025-07-30 13:41:39.280969,PHY,0x4601,1,0,na,"[0,",0,0,1,4231.2,+22.0dB,16.5us,"[0,",1,269.18,normal,0,valid,-14.8dB,-14.8dB,na,na,,,,
2025-07-30 13:41:39.281518,PHY,0x4601,1,0,na,"[0,",0,0,1,3623.2,+21.3dB,14.3us,"[0,",1,269.19,normal,0,valid,-14.7dB,-14.7dB,na,na,,,,
2025-07-30 13:41:39.285624,CSI,0x4601,2,,na,"[0,",,,1,,+31.4dB,15.6us,"[0,",1,270.8,normal,0,valid,-11.9dB,-12.0dB,0.13us,-36.0Hz,,"[6,",1111,1
2025-07-30 13:41:39.286481,PHY,0x4601,1,0,na,"[0,",0,0,1,3462.6,+21.1dB,15.3us,"[0,",1,270.9,normal,0,valid,-14.7dB,-14.8dB,na,na,,,,
2025-07-30 13:41:39.290040,PHY,0x4601,2,,na,"[0,",,,11111,,+34.4dB,20.8us,"[0,",1,270.17,normal,0,valid,-11.9dB,-12.0dB,0.15us,-16.9Hz,,"[6,",,1
2025-07-30 13:41:39.290979,PHY,0x4601,1,0,na,"[0,",0,0,1,2623.2,+19.9dB,21.3us,"[0,",1,270.18,normal,0,valid,-14.7dB,-14.8dB,na,na,,,,
2025-07-30 13:41:39.291473,PHY,0x4601,1,0,na,"[0,",0,0,1,2593.9,+19.9dB,13.8us,"[0,",1,270.19,normal,0,valid,-14.8dB,-14.8dB,na,na,,,,
2025-07-30 13:41:39.296053,PHY,0x4601,1,0,na,"[0,",0,0,1,2349.6,+19.5dB,17.4us,"[0,",1,271.8,normal,0,valid,-14.7dB,-14.8dB,na,na,,,,
2025-07-30 13:41:39.296546,PHY,0x4601,1,0,na,"[0,",0,0,1,2666.3,+20.0dB,15.3us,"[0,",1,271.9,normal,0,valid,-14.8dB,-14.8dB,na,na,,,,
2025-07-30 13:41:39.300083,PHY,0x4601,2,,na,"[0,",,,11111,,+33.5dB,17.3us,"[0,",1,271.17,normal,0,valid,-11.9dB,-11.9dB,0.15us,-8.7Hz,,"[6,",,1
2025-07-30 13:41:39.301027,PHY,0x4601,1,0,na,"[0,",0,0,1,3866.8,+21.6dB,17.4us,"[0,",1,271.18,normal,0,valid,-14.8dB,-14.8dB,na,na,,,,
2025-07-30 13:41:39.301490,PHY,0x4601,1,0,na,"[0,",0,0,1,3809.3,+21.5dB,17.5us,"[0,",1,271.19,normal,0,valid,-14.7dB,-14.8dB,na,na,,,,
2025-07-30 13:41:39.305653,CSI,0x4601,2,,na,"[0,",,,1,,+31.8dB,16.3us,"[0,",1,272.8,normal,0,valid,-11.8dB,-11.8dB,0.17us,-65.9Hz,,"[6,",1111,1
2025-07-30 13:41:39.306471,PHY,0x4601,1,0,na,"[0,",0,0,1,3702.8,+21.4dB,19.6us,"[0,",1,272.9,normal,0,valid,-14.8dB,-14.8dB,na,na,,,,
2025-07-30 13:41:39.310109,PHY,0x4601,2,,na,"[0,",,,11111,,+40.5dB,14.2us,"[0,",1,272.17,normal,0,valid,-11.9dB,-11.9dB,0.15us,+0.4Hz,,"[6,",,1
2025-07-30 13:41:39.311046,PHY,0x4601,1,0,na,"[0,",0,0,1,2383.3,+19.5dB,23.3us,"[0,",1,272.18,normal,0,valid,-14.8dB,-14.8dB,na,na,,,,
2025-07-30 13:41:39.311516,PHY,0x4601,1,0,na,"[0,",0,0,1,2553.5,+19.8dB,19.6us,"[0,",1,272.19,normal,0,valid,-14.8dB,-14.8dB,na,na,,,,
2025-07-30 13:41:39.316015,PHY,0x4601,1,0,na,"[0,",0,0,1,2362.4,+19.5dB,22.4us,"[0,",1,273.8,normal,0,valid,-14.7dB,-14.8dB,na,na,,,,
2025-07-30 13:41:39.316504,PHY,0x4601,1,0,na,"[0,",0,0,1,2460.2,+19.6dB,17.5us,"[0,",1,273.9,normal,0,valid,-14.8dB,-14.8dB,na,na,,,,
2025-07-30 13:41:39.320031,PHY,0x4601,2,,na,"[0,",,,11111,,+31.1dB,15.1us,"[0,",1,273.17,normal,0,valid,-12.1dB,-12.1dB,0.12us,+11.9Hz,,"[6,",,1
2025-07-30 13:41:39.320959,PHY,0x4601,1,0,na,"[0,",0,0,1,2366.1,+19.5dB,18.3us,"[0,",1,273.18,normal,0,valid,-14.8dB,-14.8dB,na,na,,,,
2025-07-30 13:41:39.321547,PHY,0x4601,1,0,na,"[0,",0,0,1,2420.7,+19.6dB,18.6us,"[0,",1,273.19,normal,0,valid,-14.8dB,-14.8dB,na,na,,,,
2025-07-30 13:41:39.325561,CSI,0x4601,2,,na,"[0,",,,1,,+32.3dB,12.5us,"[0,",1,274.8,normal,0,valid,-11.9dB,-11.9dB,0.12us,-147.3Hz,,"[6,",1111,1
2025-07-30 13:41:39.326508,PHY,0x4601,1,0,na,"[0,",0,0,1,2493.6,+19.7dB,17.1us,"[0,",1,274.9,normal,0,valid,-14.8dB,-14.8dB,na,na,,,,
2025-07-30 13:41:39.330043,PHY,0x4601,2,,na,"[0,",,,11111,,+30.5dB,13.8us,"[0,",1,274.17,normal,0,valid,-11.9dB,-11.9dB,0.14us,+40.9Hz,,"[6,",,1
2025-07-30 13:41:39.330995,PHY,0x4601,1,0,na,"[0,",0,0,1,3770.2,+21.5dB,15.7us,"[0,",1,274.18,normal,0,valid,-14.7dB,-14.8dB,na,na,,,,
2025-07-30 13:41:39.331470,PHY,0x4601,1,0,na,"[0,",0,0,1,3744.5,+21.5dB,17.4us,"[0,",1,274.19,normal,0,valid,-14.7dB,-14.8dB,na,na,,,,
2025-07-30 13:41:39.335959,PHY,0x4601,1,0,na,"[0,",0,0,1,2368.4,+19.5dB,17.6us,"[0,",1,275.8,normal,0,valid,-14.7dB,-14.8dB,na,na,,,,
2025-07-30 13:41:39.336544,PHY,0x4601,1,0,na,"[0,",0,0,1,2334.5,+19.4dB,14.6us,"[0,",1,275.9,normal,0,valid,-14.8dB,-14.8dB,na,na,,,,
2025-07-30 13:41:39.340103,PHY,0x4601,2,,na,"[0,",,,11111,,+33.2dB,15.5us,"[0,",1,275.17,normal,0,valid,-12.0dB,-12.1dB,0.13us,+9.0Hz,,"[6,",,1
2025-07-30 13:41:39.341027,PHY,0x4601,1,0,na,"[0,",0,0,1,4198.8,+22.0dB,15.7us,"[0,",1,275.18,normal,0,valid,-14.8dB,-14.8dB,na,na,,,,
2025-07-30 13:41:39.341501,PHY,0x4601,1,0,na,"[0,",0,0,1,3475.6,+21.1dB,18.2us,"[0,",1,275.19,normal,0,valid,-14.7dB,-14.8dB,na,na,,,,
2025-07-30 13:41:39.345600,CSI,0x4601,2,,na,"[0,",,,1,,+32.2dB,10.5us,"[0,",1,276.8,normal,0,valid,-11.9dB,-11.9dB,0.13us,-16.7Hz,,"[6,",1111,1
2025-07-30 13:41:39.346463,PHY,0x4601,1,0,na,"[0,",0,0,1,2371.7,+19.5dB,18.2us,"[0,",1,276.9,normal,0,valid,-14.8dB,-14.8dB,na,na,,,,
2025-07-30 13:41:39.350111,PHY,0x4601,2,,na,"[0,",,,11111,,+34.1dB,14.3us,"[0,",1,276.17,normal,0,valid,-12.0dB,-12.1dB,0.13us,+2.0Hz,,"[6,",,1
2025-07-30 13:41:39.350947,PHY,0x4601,1,0,na,"[0,",0,0,1,3996.9,+21.7dB,18.5us,"[0,",1,276.18,normal,0,valid,-14.7dB,-14.8dB,na,na,,,,
2025-07-30 13:41:39.351535,PHY,0x4601,1,0,na,"[0,",0,0,1,4071.8,+21.9dB,14.3us,"[0,",1,276.19,normal,0,valid,-14.7dB,-14.7dB,na,na,,,,
2025-07-30 13:41:39.356040,PHY,0x4601,1,0,na,"[0,",0,0,1,2435.4,+19.6dB,17.4us,"[0,",1,277.8,normal,0,valid,-14.7dB,-14.8dB,na,na,,,,
2025-07-30 13:41:39.356546,PHY,0x4601,1,0,na,"[0,",0,0,1,2484.2,+19.7dB,15.8us,"[0,",1,277.9,normal,0,valid,-14.8dB,-14.8dB,na,na,,,,
2025-07-30 13:41:39.360036,PHY,0x4601,2,,na,"[0,",,,11111,,+31.1dB,14.8us,"[0,",1,277.17,normal,0,valid,-11.9dB,-11.9dB,0.15us,+35.7Hz,,"[6,",,1
2025-07-30 13:41:39.360984,PHY,0x4601,1,0,na,"[0,",0,0,1,435.5,+12.1dB,19.0us,"[0,",1,277.18,normal,0,valid,-14.8dB,-15.0dB,na,na,,,,
2025-07-30 13:41:39.361452,PHY,0x4601,1,0,na,"[0,",0,0,1,409.7,+11.9dB,17.2us,"[0,",1,277.19,normal,0,valid,-14.8dB,-15.0dB,na,na,,,,
2025-07-30 13:41:39.365620,CSI,0x4601,2,,na,"[0,",,,1,,+32.2dB,16.8us,"[0,",1,278.8,normal,0,valid,-11.9dB,-12.0dB,0.40us,-107.6Hz,,"[6,",1111,1
2025-07-30 13:41:39.366520,PHY,0x4601,1,0,na,"[0,",0,0,1,408.6,+11.8dB,16.0us,"[0,",1,278.9,normal,0,valid,-14.4dB,-14.7dB,na,na,,,,
2025-07-30 13:41:39.370083,PHY,0x4601,2,,na,"[0,",,,11111,,+28.9dB,16.8us,"[0,",1,278.17,normal,0,valid,-11.6dB,-11.7dB,0.40us,-8.0Hz,,"[6,",,1
2025-07-30 13:41:39.371009,PHY,0x4601,1,0,na,"[0,",0,0,1,361.4,+11.3dB,16.3us,"[0,",1,278.18,normal,0,valid,-14.4dB,-14.8dB,na,na,,,,
2025-07-30 13:41:39.371490,PHY,0x4601,1,0,na,"[0,",0,0,1,349.4,+11.2dB,19.9us,"[0,",1,278.19,normal,0,valid,-14.4dB,-14.8dB,na,na,,,,
2025-07-30 13:41:39.375980,PHY,0x4601,1,0,na,"[0,",0,0,1,357.2,+11.3dB,16.7us,"[0,",1,279.8,normal,0,valid,-14.4dB,-14.8dB,na,na,,,,
2025-07-30 13:41:39.376571,PHY,0x4601,1,0,na,"[0,",0,0,1,358.1,+11.3dB,15.2us,"[0,",1,279.9,normal,0,valid,-14.4dB,-14.8dB,na,na,,,,
2025-07-30 13:41:39.380101,PHY,0x4601,2,,na,"[0,",,,11111,,+31.1dB,15.8us,"[0,",1,279.17,normal,0,valid,-11.6dB,-11.7dB,0.40us,-22.1Hz,,"[6,",,1
2025-07-30 13:41:39.381042,PHY,0x4601,1,0,na,"[0,",0,0,1,346.3,+11.2dB,16.2us,"[0,",1,279.18,normal,0,valid,-14.4dB,-14.7dB,na,na,,,,
2025-07-30 13:41:39.381524,PHY,0x4601,1,0,na,"[0,",0,0,1,343.0,+11.1dB,19.1us,"[0,",1,279.19,normal,0,valid,-14.5dB,-14.8dB,na,na,,,,
2025-07-30 13:41:39.385637,CSI,0x4601,2,,na,"[0,",,,1,,+29.8dB,14.2us,"[0,",1,280.8,normal,0,valid,-11.6dB,-11.7dB,0.41us,+78.3Hz,,"[6,",1111,1
2025-07-30 13:41:39.386481,PHY,0x4601,1,0,na,"[0,",0,0,1,409.8,+11.9dB,16.3us,"[0,",1,280.9,normal,0,valid,-14.5dB,-14.8dB,na,na,,,,
2025-07-30 13:41:39.390023,PHY,0x4601,2,,na,"[0,",,,11111,,+29.5dB,14.5us,"[0,",1,280.17,normal,0,valid,-11.6dB,-11.7dB,0.40us,+7.7Hz,,"[6,",,1
2025-07-30 13:41:39.390970,PHY,0x4601,1,0,na,"[0,",0,0,1,352.3,+11.2dB,15.7us,"[0,",1,280.18,normal,0,valid,-14.5dB,-14.8dB,na,na,,,,
2025-07-30 13:41:39.391447,PHY,0x4601,1,0,na,"[0,",0,0,1,341.2,+11.1dB,18.5us,"[0,",1,280.19,normal,0,valid,-14.5dB,-14.7dB,na,na,,,,
2025-07-30 13:41:39.396044,PHY,0x4601,1,0,na,"[0,",0,0,1,348.4,+11.2dB,17.1us,"[0,",1,281.8,normal,0,valid,-14.4dB,-14.7dB,na,na,,,,
2025-07-30 13:41:39.396530,PHY,0x4601,1,0,na,"[0,",0,0,1,342.9,+11.1dB,15.0us,"[0,",1,281.9,normal,0,valid,-14.4dB,-14.8dB,na,na,,,,
2025-07-30 13:41:39.400099,PHY,0x4601,2,,na,"[0,",,,11111,,+28.1dB,19.5us,"[0,",1,281.17,normal,0,valid,-11.7dB,-11.9dB,0.41us,+59.7Hz,,"[6,",,1
2025-07-30 13:41:39.400998,PHY,0x4601,1,0,na,"[0,",0,0,1,423.5,+12.0dB,16.5us,"[0,",1,281.18,normal,0,valid,-14.5dB,-14.7dB,na,na,,,,
2025-07-30 13:41:39.401477,PHY,0x4601,1,0,na,"[0,",0,0,1,3639.6,+21.4dB,14.9us,"[0,",1,281.19,normal,0,valid,-14.4dB,-14.5dB,na,na,,,,
2025-07-30 13:41:39.405629,CSI,0x4601,2,,na,"[0,",,,1,,+31.1dB,14.0us,"[0,",1,282.8,normal,0,valid,-11.5dB,-11.5dB,0.14us,-29.8Hz,,"[6,",1111,1
2025-07-30 13:41:39.406544,PHY,0x4601,1,0,na,"[0,",0,0,1,2293.3,+19.3dB,17.6us,"[0,",1,282.9,normal,0,valid,-14.5dB,-14.5dB,na,na,,,,
2025-07-30 13:41:39.410123,PHY,0x4601,2,,na,"[0,",,,11111,,+32.3dB,18.3us,"[0,",1,282.17,normal,0,valid,-11.5dB,-11.5dB,0.13us,+7.8Hz,,"[6,",,1
2025-07-30 13:41:39.411042,PHY,0x4601,1,0,na,"[0,",0,0,1,2335.4,+19.4dB,21.8us,"[0,",1,282.18,normal,0,valid,-14.5dB,-14.5dB,na,na,,,,
2025-07-30 13:41:39.411509,PHY,0x4601,1,0,na,"[0,",0,0,1,2390.9,+19.5dB,14.9us,"[0,",1,282.19,normal,0,valid,-14.5dB,-14.5dB,na,na,,,,
2025-07-30 13:41:39.416026,PHY,0x4601,1,0,na,"[0,",0,0,1,2749.9,+20.1dB,33.1us,"[0,",1,283.8,normal,0,valid,-14.4dB,-14.5dB,na,na,,,,
2025-07-30 13:41:39.416498,PHY,0x4601,1,0,na,"[0,",0,0,1,2444.3,+19.6dB,30.8us,"[0,",1,283.9,normal,0,valid,-14.5dB,-14.5dB,na,na,,,,
2025-07-30 13:41:39.420146,PHY,0x4601,2,,na,"[0,",,,11111,,+31.1dB,26.3us,"[0,",1,283.17,normal,0,valid,-11.6dB,-11.6dB,0.12us,-28.5Hz,,"[6,",,1
2025-07-30 13:41:39.420956,PHY,0x4601,1,0,na,"[0,",0,0,1,2480.4,+19.7dB,19.2us,"[0,",1,283.18,normal,0,valid,-14.4dB,-14.5dB,na,na,,,,
2025-07-30 13:41:39.421551,PHY,0x4601,1,0,na,"[0,",0,0,1,2510.3,+19.8dB,28.6us,"[0,",1,283.19,normal,0,valid,-14.4dB,-14.4dB,na,na,,,,
2025-07-30 13:41:39.425582,CSI,0x4601,2,,na,"[0,",,,1,,+34.7dB,22.0us,"[0,",1,284.8,normal,0,valid,-11.5dB,-11.5dB,0.15us,-13.4Hz,,"[6,",1111,1
2025-07-30 13:41:39.426517,PHY,0x4601,1,0,na,"[0,",0,0,1,2388.6,+19.5dB,24.5us,"[0,",1,284.9,normal,0,valid,-14.5dB,-14.5dB,na,na,,,,
2025-07-30 13:41:39.430067,PHY,0x4601,2,,na,"[0,",,,11111,,+30.3dB,25.9us,"[0,",1,284.17,normal,0,valid,-11.6dB,-11.6dB,0.15us,+5.2Hz,,"[6,",,1
2025-07-30 13:41:39.430990,PHY,0x4601,1,0,na,"[0,",0,0,1,2545.8,+19.8dB,19.0us,"[0,",1,284.18,normal,0,valid,-14.5dB,-14.5dB,na,na,,,,
2025-07-30 13:41:39.431469,PHY,0x4601,1,0,na,"[0,",0,0,1,2292.8,+19.3dB,19.4us,"[0,",1,284.19,normal,0,valid,-14.5dB,-14.5dB,na,na,,,,
2025-07-30 13:41:39.435958,PHY,0x4601,1,0,na,"[0,",0,0,1,2388.5,+19.5dB,19.8us,"[0,",1,285.8,normal,0,valid,-14.5dB,-14.5dB,na,na,,,,
2025-07-30 13:41:39.436538,PHY,0x4601,1,0,na,"[0,",0,0,1,2312.8,+19.4dB,16.6us,"[0,",1,285.9,normal,0,valid,-14.5dB,-14.5dB,na,na,,,,
2025-07-30 13:41:39.440100,PHY,0x4601,2,,na,"[0,",,,11111,,+30.9dB,24.4us,"[0,",1,285.17,normal,0,valid,-11.6dB,-11.6dB,0.15us,+72.5Hz,,"[6,",,1
2025-07-30 13:41:39.441026,PHY,0x4601,1,0,na,"[0,",0,0,1,2741.9,+20.1dB,22.2us,"[0,",1,285.18,normal,0,valid,-14.5dB,-14.5dB,na,na,,,,
2025-07-30 13:41:39.441505,PHY,0x4601,1,0,na,"[0,",0,0,1,2451.2,+19.6dB,22.6us,"[0,",1,285.19,normal,0,valid,-14.4dB,-14.5dB,na,na,,,,
2025-07-30 13:41:39.445634,CSI,0x4601,2,,na,"[0,",,,1,,+32.5dB,17.9us,"[0,",1,286.8,normal,0,valid,-11.5dB,-11.5dB,0.16us,-1.6Hz,,"[6,",1111,1
2025-07-30 13:41:39.446474,PHY,0x4601,1,0,na,"[0,",0,0,1,3372.8,+21.0dB,23.1us,"[0,",1,286.9,normal,0,valid,-14.5dB,-14.5dB,na,na,,,,
2025-07-30 13:41:39.450121,PHY,0x4601,2,,na,"[0,",,,11111,,+30.0dB,25.1us,"[0,",1,286.17,normal,0,valid,-11.6dB,-11.6dB,0.14us,+50.4Hz,,"[6,",,1
2025-07-30 13:41:39.450948,PHY,0x4601,1,0,na,"[0,",0,0,1,3401.9,+21.1dB,19.6us,"[0,",1,286.18,normal,0,valid,-14.4dB,-14.5dB,na,na,,,,
2025-07-30 13:41:39.451534,PHY,0x4601,1,0,na,"[0,",0,0,1,4016.8,+21.8dB,20.5us,"[0,",1,286.19,normal,0,valid,-14.4dB,-14.5dB,na,na,,,,
2025-07-30 13:41:39.456017,PHY,0x4601,1,0,na,"[0,",0,0,1,2354.5,+19.4dB,18.5us,"[0,",1,287.8,normal,0,valid,-14.5dB,-14.5dB,na,na,,,,
2025-07-30 13:41:39.456494,PHY,0x4601,1,0,na,"[0,",0,0,1,2298.3,+19.4dB,26.6us,"[0,",1,287.9,normal,0,valid,-14.5dB,-14.5dB,na,na,,,,
2025-07-30 13:41:39.460034,PHY,0x4601,2,,na,"[0,",,,11111,,+33.2dB,19.1us,"[0,",1,287.17,normal,0,valid,-11.4dB,-11.4dB,0.14us,+200.2Hz,,"[6,",,1
2025-07-30 13:41:39.460974,PHY,0x4601,1,0,na,"[0,",0,0,1,3883.6,+21.6dB,17.2us,"[0,",1,287.18,normal,0,valid,-14.4dB,-14.5dB,na,na,,,,
2025-07-30 13:41:39.461459,PHY,0x4601,1,0,na,"[0,",0,0,1,3658.8,+21.4dB,18.7us,"[0,",1,287.19,normal,0,valid,-14.4dB,-14.4dB,na,na,,,,
2025-07-30 13:41:39.465581,CSI,0x4601,2,,na,"[0,",,,1,,+32.7dB,15.4us,"[0,",1,288.8,normal,0,valid,-11.7dB,-11.7dB,0.15us,-26.2Hz,,"[6,",1111,1
2025-07-30 13:41:39.466521,PHY,0x4601,1,0,na,"[0,",0,0,1,3321.6,+21.0dB,17.4us,"[0,",1,288.9,normal,0,valid,-14.5dB,-14.5dB,na,na,,,,
2025-07-30 13:41:39.470073,PHY,0x4601,2,,na,"[0,",,,11111,,+29.6dB,16.8us,"[0,",1,288.17,normal,0,valid,-11.6dB,-11.6dB,0.15us,+58.9Hz,,"[6,",,1
2025-07-30 13:41:39.471006,PHY,0x4601,1,0,na,"[0,",0,0,1,3880.8,+21.6dB,17.6us,"[0,",1,288.18,normal,0,valid,-14.5dB,-14.5dB,na,na,,,,
2025-07-30 13:41:39.471485,PHY,0x4601,1,0,na,"[0,",0,0,1,3710.2,+21.4dB,15.3us,"[0,",1,288.19,normal,0,valid,-14.4dB,-14.4dB,na,na,,,,
2025-07-30 13:41:39.475967,PHY,0x4601,1,0,na,"[0,",0,0,1,2376.9,+19.5dB,16.5us,"[0,",1,289.8,normal,0,valid,-14.4dB,-14.5dB,na,na,,,,
2025-07-30 13:41:39.476439,PHY,0x4601,1,0,na,"[0,",0,0,1,2413.2,+19.6dB,14.1us,"[0,",1,289.9,normal,0,valid,-14.5dB,-14.5dB,na,na,,,,
2025-07-30 13:41:39.480091,PHY,0x4601,2,,na,"[0,",,,11111,,+29.7dB,16.3us,"[0,",1,289.17,normal,0,valid,-11.5dB,-11.5dB,0.14us,-35.7Hz,,"[6,",,1
2025-07-30 13:41:39.481033,PHY,0x4601,1,0,na,"[0,",0,0,1,3352.7,+21.0dB,15.3us,"[0,",1,289.18,normal,0,valid,-14.5dB,-14.5dB,na,na,,,,
2025-07-30 13:41:39.481509,PHY,0x4601,1,0,na,"[0,",0,0,1,3461.0,+21.1dB,14.8us,"[0,",1,289.19,normal,0,valid,-14.4dB,-14.5dB,na,na,,,,
2025-07-30 13:41:39.485613,CSI,0x4601,2,,na,"[0,",,,1,,+35.0dB,15.9us,"[0,",1,290.8,normal,0,valid,-11.4dB,-11.5dB,0.16us,-5.2Hz,,"[6,",1111,1
2025-07-30 13:41:39.486486,PHY,0x4601,1,0,na,"[0,",0,0,1,2461.4,+19.7dB,19.3us,"[0,",1,290.9,normal,0,valid,-14.5dB,-14.5dB,na,na,,,,
2025-07-30 13:41:39.490011,PHY,0x4601,2,,na,"[0,",,,11111,,+30.5dB,13.5us,"[0,",1,290.17,normal,0,valid,-11.6dB,-11.6dB,0.15us,+116.1Hz,,"[6,",,1
2025-07-30 13:41:39.490957,PHY,0x4601,1,0,na,"[0,",0,0,1,3595.7,+21.3dB,15.2us,"[0,",1,290.18,normal,0,valid,-14.5dB,-14.5dB,na,na,,,,
2025-07-30 13:41:39.491544,PHY,0x4601,1,0,na,"[0,",0,0,1,3477.8,+21.1dB,13.7us,"[0,",1,290.19,normal,0,valid,-14.5dB,-14.5dB,na,na,,,,
2025-07-30 13:41:39.496032,PHY,0x4601,1,0,na,"[0,",0,0,1,2574.1,+19.8dB,16.0us,"[0,",1,291.8,normal,0,valid,-14.5dB,-14.5dB,na,na,,,,
2025-07-30 13:41:39.496548,PHY,0x4601,1,0,na,"[0,",0,0,1,2363.8,+19.5dB,14.8us,"[0,",1,291.9,normal,0,valid,-14.4dB,-14.5dB,na,na,,,,
2025-07-30 13:41:39.500048,PHY,0x4601,2,,na,"[0,",,,11111,,+29.5dB,14.2us,"[0,",1,291.17,normal,0,valid,-11.9dB,-11.9dB,0.14us,-118.0Hz,,"[6,",,1
2025-07-30 13:41:39.500992,PHY,0x4601,1,0,na,"[0,",0,0,1,2272.9,+19.3dB,15.2us,"[0,",1,291.18,normal,0,valid,-14.7dB,-14.7dB,na,na,,,,
2025-07-30 13:41:39.501471,PHY,0x4601,1,0,na,"[0,",0,0,1,2381.7,+19.5dB,14.5us,"[0,",1,291.19,normal,0,valid,-14.6dB,-14.7dB,na,na,,,,
2025-07-30 13:41:39.505610,CSI,0x4601,2,,na,"[0,",,,1,,+34.4dB,12.4us,"[0,",1,292.8,normal,0,valid,-11.7dB,-11.7dB,0.16us,+33.8Hz,,"[6,",1111,1
2025-07-30 13:41:39.506539,PHY,0x4601,1,0,na,"[0,",0,0,1,2332.5,+19.4dB,17.8us,"[0,",1,292.9,normal,0,valid,-14.6dB,-14.7dB,na,na,,,,
2025-07-30 13:41:39.510104,PHY,0x4601,2,,na,"[0,",,,11111,,+31.4dB,27.1us,"[0,",1,292.17,normal,0,valid,-11.8dB,-11.8dB,0.13us,-26.4Hz,,"[6,",,1
2025-07-30 13:41:39.511022,PHY,0x4601,1,0,na,"[0,",0,0,1,2431.3,+19.6dB,15.9us,"[0,",1,292.18,normal,0,valid,-14.7dB,-14.7dB,na,na,,,,
2025-07-30 13:41:39.511506,PHY,0x4601,1,0,na,"[0,",0,0,1,2309.2,+19.4dB,20.8us,"[0,",1,292.19,normal,0,valid,-14.7dB,-14.7dB,na,na,,,,
2025-07-30 13:41:39.515984,PHY,0x4601,1,0,na,"[0,",0,0,1,2349.1,+19.4dB,15.9us,"[0,",1,293.8,normal,0,valid,-14.6dB,-14.7dB,na,na,,,,
2025-07-30 13:41:39.516458,PHY,0x4601,1,0,na,"[0,",0,0,1,2298.6,+19.3dB,14.4us,"[0,",1,293.9,normal,0,valid,-14.6dB,-14.7dB,na,na,,,,
2025-07-30 13:41:39.520110,PHY,0x4601,2,,na,"[0,",,,11111,,+28.5dB,14.1us,"[0,",1,293.17,normal,0,valid,-11.8dB,-11.8dB,0.14us,+164.2Hz,,"[6,",,1
2025-07-30 13:41:39.520954,PHY,0x4601,1,0,na,"[0,",0,0,1,3404.8,+21.1dB,15.5us,"[0,",1,293.18,normal,0,valid,-14.6dB,-14.7dB,na,na,,,,
2025-07-30 13:41:39.521530,PHY,0x4601,1,0,na,"[0,",0,0,1,3286.4,+20.9dB,15.0us,"[0,",1,293.19,normal,0,valid,-14.7dB,-14.7dB,na,na,,,,
2025-07-30 13:41:39.525617,CSI,0x4601,2,,na,"[0,",,,1,,+33.0dB,11.7us,"[0,",1,294.8,normal,0,valid,-11.6dB,-11.6dB,0.14us,-72.6Hz,,"[6,",1111,1
2025-07-30 13:41:39.526495,PHY,0x4601,1,0,na,"[0,",0,0,1,3956.0,+21.7dB,16.1us,"[0,",1,294.9,normal,0,valid,-14.7dB,-14.7dB,na,na,,,,
2025-07-30 13:41:39.530031,PHY,0x4601,2,,na,"[0,",,,11111,,+31.1dB,13.1us,"[0,",1,294.17,normal,0,valid,-11.7dB,-11.7dB,0.13us,-44.7Hz,,"[6,",,1
2025-07-30 13:41:39.530977,PHY,0x4601,1,0,na,"[0,",0,0,1,2473.7,+19.7dB,15.3us,"[0,",1,294.18,normal,0,valid,-14.7dB,-14.7dB,na,na,,,,
2025-07-30 13:41:39.531451,PHY,0x4601,1,0,na,"[0,",0,0,1,2321.0,+19.4dB,13.8us,"[0,",1,294.19,normal,0,valid,-14.7dB,-14.7dB,na,na,,,,
2025-07-30 13:41:39.535941,PHY,0x4601,1,0,na,"[0,",0,0,1,2296.1,+19.3dB,15.7us,"[0,",1,295.8,normal,0,valid,-14.6dB,-14.7dB,na,na,,,,
2025-07-30 13:41:39.536528,PHY,0x4601,1,0,na,"[0,",0,0,1,2342.7,+19.4dB,13.8us,"[0,",1,295.9,normal,0,valid,-14.6dB,-14.7dB,na,na,,,,
2025-07-30 13:41:39.540085,PHY,0x4601,2,,na,"[0,",,,11111,,+38.8dB,16.9us,"[0,",1,295.17,normal,0,valid,-11.6dB,-11.7dB,0.15us,-43.4Hz,,"[6,",,1
2025-07-30 13:41:39.541011,PHY,0x4601,1,0,na,"[0,",0,0,1,3279.0,+20.9dB,14.9us,"[0,",1,295.18,normal,0,valid,-14.7dB,-14.7dB,na,na,,,,
2025-07-30 13:41:39.541487,PHY,0x4601,1,0,na,"[0,",0,0,1,3622.9,+21.4dB,15.0us,"[0,",1,295.19,normal,0,valid,-14.7dB,-14.7dB,na,na,,,,
2025-07-30 13:41:39.545609,CSI,0x4601,2,,na,"[0,",,,1,,+32.8dB,12.7us,"[0,",1,296.8,normal,0,valid,-11.6dB,-11.6dB,0.14us,-112.1Hz,,"[6,",1111,1
2025-07-30 13:41:39.546645,PHY,0x4601,1,0,na,"[0,",0,0,1,2274.1,+19.3dB,22.4us,"[0,",1,296.9,normal,0,valid,-14.7dB,-14.7dB,na,na,,,,
2025-07-30 13:41:39.550101,PHY,0x4601,2,,na,"[0,",,,11111,,+30.5dB,14.2us,"[0,",1,296.17,normal,0,valid,-11.7dB,-11.8dB,0.15us,-2.8Hz,,"[6,",,1
2025-07-30 13:41:39.551043,PHY,0x4601,1,0,na,"[0,",0,0,1,4345.1,+22.1dB,15.6us,"[0,",1,296.18,normal,0,valid,-14.7dB,-14.7dB,na,na,,,,
2025-07-30 13:41:39.551524,PHY,0x4601,1,0,na,"[0,",0,0,1,3435.9,+21.1dB,14.4us,"[0,",1,296.19,normal,0,valid,-14.6dB,-14.7dB,na,na,,,,
2025-07-30 13:41:39.556008,PHY,0x4601,1,0,na,"[0,",0,0,1,2200.3,+19.2dB,18.6us,"[0,",1,297.8,normal,0,valid,-14.6dB,-14.7dB,na,na,,,,
2025-07-30 13:41:39.556487,PHY,0x4601,1,0,na,"[0,",0,0,1,2295.6,+19.4dB,24.1us,"[0,",1,297.9,normal,0,valid,-14.6dB,-14.7dB,na,na,,,,
2025-07-30 13:41:39.560025,PHY,0x4601,2,,na,"[0,",,,11111,,+32.0dB,15.8us,"[0,",1,297.17,normal,0,valid,-11.8dB,-11.8dB,0.12us,+7.7Hz,,"[6,",,1
2025-07-30 13:41:39.560969,PHY,0x4601,1,0,na,"[0,",0,0,1,2340.6,+19.4dB,16.9us,"[0,",1,297.18,normal,0,valid,-14.6dB,-14.7dB,na,na,,,,
2025-07-30 13:41:39.561446,PHY,0x4601,1,0,na,"[0,",0,0,1,2352.8,+19.5dB,15.2us,"[0,",1,297.19,normal,0,valid,-14.7dB,-14.7dB,na,na,,,,
2025-07-30 13:41:39.565573,CSI,0x4601,2,,na,"[0,",,,1,,+30.3dB,12.7us,"[0,",1,298.8,normal,0,valid,-11.7dB,-11.8dB,0.13us,+60.6Hz,,"[6,",1111,1
2025-07-30 13:41:39.566513,PHY,0x4601,1,0,na,"[0,",0,0,1,2373.2,+19.5dB,15.7us,"[0,",1,298.9,normal,0,valid,-14.7dB,-14.7dB,na,na,,,,
2025-07-30 13:41:39.570062,PHY,0x4601,2,,na,"[0,",,,11111,,+29.6dB,15.6us,"[0,",1,298.17,normal,0,valid,-11.7dB,-11.8dB,0.16us,+38.7Hz,,"[6,",,1
2025-07-30 13:41:39.570997,PHY,0x4601,1,0,na,"[0,",0,0,1,2349.8,+19.5dB,16.2us,"[0,",1,298.18,normal,0,valid,-14.7dB,-14.7dB,na,na,,,,
2025-07-30 13:41:39.571474,PHY,0x4601,1,0,na,"[0,",0,0,1,2192.1,+19.1dB,15.1us,"[0,",1,298.19,normal,0,valid,-14.6dB,-14.7dB,na,na,,,,
2025-07-30 13:41:39.575962,PHY,0x4601,1,0,na,"[0,",0,0,1,2339.3,+19.4dB,16.2us,"[0,",1,299.8,normal,0,valid,-14.6dB,-14.7dB,na,na,,,,
2025-07-30 13:41:39.576543,PHY,0x4601,1,0,na,"[0,",0,0,1,2256.1,+19.3dB,14.1us,"[0,",1,299.9,normal,0,valid,-14.7dB,-14.7dB,na,na,,,,
2025-07-30 13:41:39.580106,PHY,0x4601,2,,na,"[0,",,,11111,,+28.9dB,14.7us,"[0,",1,299.17,normal,0,valid,-11.8dB,-11.9dB,0.14us,+62.6Hz,,"[6,",,1
2025-07-30 13:41:39.581033,PHY,0x4601,1,0,na,"[0,",0,0,1,3262.1,+20.9dB,17.8us,"[0,",1,299.18,normal,0,valid,-14.7dB,-14.7dB,na,na,,,,
2025-07-30 13:41:39.581514,PHY,0x4601,1,0,na,"[0,",0,0,1,3745.1,+21.5dB,14.0us,"[0,",1,299.19,normal,0,valid,-14.6dB,-14.7dB,na,na,,,,
2025-07-30 13:41:39.585596,CSI,0x4601,2,,na,"[0,",,,1,,+31.7dB,11.5us,"[0,",1,300.8,normal,0,valid,-11.7dB,-11.7dB,0.15us,-49.2Hz,,"[6,",1111,1
2025-07-30 13:41:39.586482,PHY,0x4601,1,0,na,"[0,",0,0,1,2457.4,+19.6dB,28.0us,"[0,",1,300.9,normal,0,valid,-14.7dB,-14.7dB,na,na,,,,
2025-07-30 13:41:39.590139,PHY,0x4601,2,,na,"[0,",,,11111,,+32.5dB,13.7us,"[0,",1,300.17,normal,0,valid,-11.8dB,-11.8dB,0.13us,-1.0Hz,,"[6,",,1
2025-07-30 13:41:39.590952,PHY,0x4601,1,0,na,"[0,",0,0,1,2282.6,+19.3dB,15.8us,"[0,",1,300.18,normal,0,valid,-14.6dB,-14.7dB,na,na,,,,
2025-07-30 13:41:39.591532,PHY,0x4601,1,0,na,"[0,",0,0,1,2358.8,+19.5dB,13.3us,"[0,",1,300.19,normal,0,valid,-14.6dB,-14.7dB,na,na,,,,
2025-07-30 13:41:39.596036,PHY,0x4601,1,0,na,"[0,",0,0,1,2255.6,+19.3dB,20.0us,"[0,",1,301.8,normal,0,valid,-14.6dB,-14.7dB,na,na,,,,
2025-07-30 13:41:39.596515,PHY,0x4601,1,0,na,"[0,",0,0,1,2123.9,+19.0dB,21.4us,"[0,",1,301.9,normal,0,valid,-14.7dB,-14.7dB,na,na,,,,
2025-07-30 13:41:39.600047,PHY,0x4601,2,,na,"[0,",,,11111,,+31.4dB,14.2us,"[0,",1,301.17,normal,0,valid,-11.9dB,-11.9dB,0.14us,-53.4Hz,,"[6,",,1
2025-07-30 13:41:39.600983,PHY,0x4601,1,0,na,"[0,",0,0,1,2317.0,+19.4dB,15.9us,"[0,",1,301.18,normal,0,valid,-14.6dB,-14.7dB,na,na,,,,
2025-07-30 13:41:39.601461,PHY,0x4601,1,0,na,"[0,",0,0,1,2288.7,+19.3dB,13.5us,"[0,",1,301.19,normal,0,valid,-14.6dB,-14.7dB,na,na,,,,
2025-07-30 13:41:39.605633,CSI,0x4601,2,,na,"[0,",,,1,,+29.7dB,15.1us,"[0,",1,302.8,normal,0,valid,-11.6dB,-11.6dB,0.16us,-43.6Hz,,"[6,",1111,1
2025-07-30 13:41:39.606529,PHY,0x4601,1,0,na,"[0,",0,0,1,2245.9,+19.3dB,15.4us,"[0,",1,302.9,normal,0,valid,-14.7dB,-14.7dB,na,na,,,,
2025-07-30 13:41:39.610107,PHY,0x4601,2,,na,"[0,",,,11111,,+30.5dB,16.2us,"[0,",1,302.17,normal,0,valid,-11.7dB,-11.8dB,0.15us,-95.7Hz,,"[6,",,1
2025-07-30 13:41:39.611017,PHY,0x4601,1,0,na,"[0,",0,0,1,3500.1,+21.2dB,16.3us,"[0,",1,302.18,normal,0,valid,-14.6dB,-14.7dB,na,na,,,,
2025-07-30 13:41:39.611502,PHY,0x4601,1,0,na,"[0,",0,0,1,3535.3,+21.2dB,14.9us,"[0,",1,302.19,normal,0,valid,-14.7dB,-14.7dB,na,na,,,,
2025-07-30 13:41:39.615997,PHY,0x4601,1,0,na,"[0,",0,0,1,2424.8,+19.6dB,23.1us,"[0,",1,303.8,normal,0,valid,-14.6dB,-14.7dB,na,na,,,,
2025-07-30 13:41:39.616451,PHY,0x4601,1,0,na,"[0,",0,0,1,2352.0,+19.5dB,14.0us,"[0,",1,303.9,normal,0,valid,-14.7dB,-14.7dB,na,na,,,,
2025-07-30 13:41:39.620117,PHY,0x4601,2,,na,"[0,",,,11111,,+32.0dB,14.6us,"[0,",1,303.17,normal,0,valid,-11.7dB,-11.8dB,0.13us,+61.4Hz,,"[6,",,1
2025-07-30 13:41:39.620944,PHY,0x4601,1,0,na,"[0,",0,0,1,2477.1,+19.7dB,17.8us,"[0,",1,303.18,normal,0,valid,-14.6dB,-14.7dB,na,na,,,,
2025-07-30 13:41:39.621527,PHY,0x4601,1,0,na,"[0,",0,0,1,2161.5,+19.1dB,20.2us,"[0,",1,303.19,normal,0,valid,-14.6dB,-14.7dB,na,na,,,,
2025-07-30 13:41:39.625607,CSI,0x4601,2,,na,"[0,",,,1,,+31.7dB,11.3us,"[0,",1,304.8,normal,0,valid,-11.7dB,-11.7dB,0.16us,-20.5Hz,,"[6,",1111,1
2025-07-30 13:41:39.626489,PHY,0x4601,1,0,na,"[0,",0,0,1,3783.0,+21.5dB,21.3us,"[0,",1,304.9,normal,0,valid,-14.7dB,-14.7dB,na,na,,,,
2025-07-30 13:41:39.630025,PHY,0x4601,2,,na,"[0,",,,11111,,+31.6dB,13.8us,"[0,",1,304.17,normal,0,valid,-11.8dB,-11.8dB,0.16us,+5.5Hz,,"[6,",,1
2025-07-30 13:41:39.630979,PHY,0x4601,1,0,na,"[0,",0,0,1,2491.8,+19.7dB,22.7us,"[0,",1,304.18,normal,0,valid,-14.7dB,-14.7dB,na,na,,,,
2025-07-30 13:41:39.631452,PHY,0x4601,1,0,na,"[0,",0,0,1,2323.6,+19.4dB,15.7us,"[0,",1,304.19,normal,0,valid,-14.7dB,-14.7dB,na,na,,,,
2025-07-30 13:41:39.636053,PHY,0x4601,1,0,na,"[0,",0,0,1,2409.0,+19.6dB,20.3us,"[0,",1,305.8,normal,0,valid,-14.6dB,-14.7dB,na,na,,,,
2025-07-30 13:41:39.636526,PHY,0x4601,1,0,na,"[0,",0,0,1,2442.9,+19.6dB,14.9us,"[0,",1,305.9,normal,0,valid,-14.6dB,-14.7dB,na,na,,,,
2025-07-30 13:41:39.640086,PHY,0x4601,2,,na,"[0,",,,11111,,+32.3dB,17.0us,"[0,",1,305.17,normal,0,valid,-11.7dB,-11.7dB,0.15us,+88.6Hz,,"[6,",,1
2025-07-30 13:41:39.641003,PHY,0x4601,1,0,na,"[0,",0,0,1,3460.1,+21.2dB,15.5us,"[0,",1,305.18,normal,0,valid,-14.7dB,-14.7dB,na,na,,,,
2025-07-30 13:41:39.641479,PHY,0x4601,1,0,na,"[0,",0,0,1,3674.1,+21.4dB,14.5us,"[0,",1,305.19,normal,0,valid,-14.7dB,-14.7dB,na,na,,,,
2025-07-30 13:41:39.645614,CSI,0x4601,2,,na,"[0,",,,1,,+29.2dB,14.9us,"[0,",1,306.8,normal,0,valid,-11.7dB,-11.7dB,0.14us,+92.0Hz,,"[6,",1111,1
2025-07-30 13:41:39.646440,PHY,0x4601,1,0,na,"[0,",0,0,1,3072.8,+20.6dB,14.9us,"[0,",1,306.9,normal,0,valid,-14.7dB,-14.7dB,na,na,,,,
2025-07-30 13:41:39.650091,PHY,0x4601,2,,na,"[0,",,,11111,,+30.0dB,13.0us,"[0,",1,306.17,normal,0,valid,-11.6dB,-11.7dB,0.15us,+1.6Hz,,"[6,",,1
2025-07-30 13:41:39.651039,PHY,0x4601,1,0,na,"[0,",0,0,1,3848.5,+21.6dB,16.1us,"[0,",1,306.18,normal,0,valid,-14.6dB,-14.7dB,na,na,,,,
2025-07-30 13:41:39.651528,PHY,0x4601,1,0,na,"[0,",0,0,1,3245.1,+20.9dB,15.2us,"[0,",1,306.19,normal,0,valid,-14.6dB,-14.7dB,na,na,,,,
2025-07-30 13:41:39.656004,PHY,0x4601,1,0,na,"[0,",0,0,1,2367.3,+19.5dB,20.3us,"[0,",1,307.8,normal,0,valid,-14.7dB,-14.7dB,na,na,,,,
2025-07-30 13:41:39.656498,PHY,0x4601,1,0,na,"[0,",0,0,1,2174.2,+19.1dB,28.7us,"[0,",1,307.9,normal,0,valid,-14.6dB,-14.7dB,na,na,,,,
2025-07-30 13:41:39.660014,PHY,0x4601,2,,na,"[0,",,,11111,,+31.3dB,14.5us,"[0,",1,307.17,normal,0,valid,-11.7dB,-11.7dB,0.14us,+70.8Hz,,"[6,",,1
2025-07-30 13:41:39.660964,PHY,0x4601,1,0,na,"[0,",0,0,1,3487.6,+21.2dB,19.9us,"[0,",1,307.18,normal,0,valid,-14.6dB,-14.7dB,na,na,,,,
2025-07-30 13:41:39.661545,PHY,0x4601,1,0,na,"[0,",0,0,1,3704.2,+21.4dB,15.4us,"[0,",1,307.19,normal,0,valid,-14.6dB,-14.7dB,na,na,,,,
2025-07-30 13:41:39.665579,CSI,0x4601,2,,na,"[0,",,,1,,+33.0dB,12.7us,"[0,",1,308.8,normal,0,valid,-11.7dB,-11.8dB,0.14us,-142.5Hz,,"[6,",1111,1
2025-07-30 13:41:39.666504,PHY,0x4601,1,0,na,"[0,",0,0,1,2389.0,+19.5dB,15.2us,"[0,",1,308.9,normal,0,valid,-14.7dB,-14.7dB,na,na,,,,
2025-07-30 13:41:39.670061,PHY,0x4601,2,,na,"[0,",,,11111,,+34.0dB,23.6us,"[0,",1,308.17,normal,0,valid,-11.7dB,-11.7dB,0.12us,-31.8Hz,,"[6,",,1
2025-07-30 13:41:39.670992,PHY,0x4601,1,0,na,"[0,",0,0,1,2192.4,+19.1dB,16.4us,"[0,",1,308.18,normal,0,valid,-14.6dB,-14.7dB,na,na,,,,
2025-07-30 13:41:39.671465,PHY,0x4601,1,0,na,"[0,",0,0,1,2474.9,+19.7dB,13.3us,"[0,",1,308.19,normal,0,valid,-14.6dB,-14.7dB,na,na,,,,
2025-07-30 13:41:39.675983,PHY,0x4601,1,0,na,"[0,",0,0,1,2660.7,+20.0dB,16.6us,"[0,",1,309.8,normal,0,valid,-14.6dB,-14.7dB,na,na,,,,
2025-07-30 13:41:39.676539,PHY,0x4601,1,0,na,"[0,",0,0,1,2430.1,+19.6dB,14.4us,"[0,",1,309.9,normal,0,valid,-14.6dB,-14.7dB,na,na,,,,
2025-07-30 13:41:39.680090,PHY,0x4601,2,,na,"[0,",,,11111,,+35.2dB,14.6us,"[0,",1,309.17,normal,0,valid,-11.6dB,-11.7dB,0.13us,-101.9Hz,,"[6,",,1
2025-07-30 13:41:39.681020,PHY,0x4601,1,0,na,"[0,",0,0,1,3445.7,+21.1dB,15.0us,"[0,",1,309.18,normal,0,valid,-14.7dB,-14.7dB,na,na,,,,
2025-07-30 13:41:39.681495,PHY,0x4601,1,0,na,"[0,",0,0,1,3549.6,+21.3dB,13.7us,"[0,",1,309.19,normal,0,valid,-14.7dB,-14.7dB,na,na,,,,
2025-07-30 13:41:39.685611,CSI,0x4601,2,,na,"[0,",,,1,,+31.4dB,14.8us,"[0,",1,310.8,normal,0,valid,-11.6dB,-11.7dB,0.14us,+8.5Hz,,"[6,",1111,1
2025-07-30 13:41:39.686459,PHY,0x4601,1,0,na,"[0,",0,0,1,2314.6,+19.4dB,15.1us,"[0,",1,310.9,normal,0,valid,-14.7dB,-14.7dB,na,na,,,,
2025-07-30 13:41:39.690141,PHY,0x4601,2,,na,"[0,",,,11111,,+30.7dB,14.1us,"[0,",1,310.17,normal,0,valid,-11.7dB,-11.7dB,0.15us,+40.8Hz,,"[6,",,1
2025-07-30 13:41:39.690950,PHY,0x4601,1,0,na,"[0,",0,0,1,2525.9,+19.8dB,15.8us,"[0,",1,310.18,normal,0,valid,-14.7dB,-14.7dB,na,na,,,,
2025-07-30 13:41:39.691542,PHY,0x4601,1,0,na,"[0,",0,0,1,2355.4,+19.5dB,21.2us,"[0,",1,310.19,normal,0,valid,-14.7dB,-14.7dB,na,na,,,,
2025-07-30 13:41:39.696051,PHY,0x4601,1,0,na,"[0,",0,0,1,2281.0,+19.3dB,21.0us,"[0,",1,311.8,normal,0,valid,-14.6dB,-14.7dB,na,na,,,,
2025-07-30 13:41:39.696519,PHY,0x4601,1,0,na,"[0,",0,0,1,2249.6,+19.2dB,17.5us,"[0,",1,311.9,normal,0,valid,-14.7dB,-14.7dB,na,na,,,,
2025-07-30 13:41:39.700042,PHY,0x4601,2,,na,"[0,",,,11111,,+37.4dB,18.6us,"[0,",1,311.17,normal,0,valid,-11.8dB,-11.8dB,0.15us,+58.0Hz,,"[6,",,1
2025-07-30 13:41:39.700981,PHY,0x4601,1,0,na,"[0,",0,0,1,2368.7,+19.5dB,16.7us,"[0,",1,311.18,normal,0,valid,-14.6dB,-14.7dB,na,na,,,,
2025-07-30 13:41:39.701458,PHY,0x4601,1,0,na,"[0,",0,0,1,2868.5,+20.3dB,18.6us,"[0,",1,311.19,normal,0,valid,-14.6dB,-14.7dB,na,na,,,,
2025-07-30 13:41:39.705601,CSI,0x4601,2,,na,"[0,",,,1,,+32.8dB,14.6us,"[0,",1,312.8,normal,0,valid,-11.8dB,-11.8dB,0.15us,-36.5Hz,,"[6,",1111,1
2025-07-30 13:41:39.706524,PHY,0x4601,1,0,na,"[0,",0,0,1,3332.6,+21.0dB,16.5us,"[0,",1,312.9,normal,0,valid,-14.6dB,-14.7dB,na,na,,,,
2025-07-30 13:41:39.710080,PHY,0x4601,2,,na,"[0,",,,11111,,+31.3dB,15.7us,"[0,",1,312.17,normal,0,valid,-11.8dB,-11.8dB,0.14us,+25.1Hz,,"[6,",,1
2025-07-30 13:41:39.711014,PHY,0x4601,1,0,na,"[0,",0,0,1,2379.1,+19.5dB,17.4us,"[0,",1,312.18,normal,0,valid,-14.7dB,-14.7dB,na,na,,,,
2025-07-30 13:41:39.711491,PHY,0x4601,1,0,na,"[0,",0,0,1,2456.3,+19.7dB,14.3us,"[0,",1,312.19,normal,0,valid,-14.7dB,-14.7dB,na,na,,,,
2025-07-30 13:41:39.716008,PHY,0x4601,1,0,na,"[0,",0,0,1,2357.6,+19.5dB,21.0us,"[0,",1,313.8,normal,0,valid,-14.7dB,-14.7dB,na,na,,,,
2025-07-30 13:41:39.716485,PHY,0x4601,1,0,na,"[0,",0,0,1,2259.8,+19.3dB,31.6us,"[0,",1,313.9,normal,0,valid,-14.6dB,-14.7dB,na,na,,,,
2025-07-30 13:41:39.720109,PHY,0x4601,2,,na,"[0,",,,11111,,+29.8dB,16.5us,"[0,",1,313.17,normal,0,valid,-11.9dB,-11.9dB,0.13us,-12.3Hz,,"[6,",,1
2025-07-30 13:41:39.721046,PHY,0x4601,1,0,na,"[0,",0,0,1,3594.0,+21.3dB,16.2us,"[0,",1,313.18,normal,0,valid,-14.7dB,-14.7dB,na,na,,,,
2025-07-30 13:41:39.721520,PHY,0x4601,1,0,na,"[0,",0,0,1,3154.9,+20.7dB,15.0us,"[0,",1,313.19,normal,0,valid,-14.7dB,-14.7dB,na,na,,,,
2025-07-30 13:41:39.725605,CSI,0x4601,2,,na,"[0,",,,1,,+29.4dB,11.9us,"[0,",1,314.8,normal,0,valid,-11.8dB,-11.8dB,0.15us,+40.7Hz,,"[6,",1111,1
2025-07-30 13:41:39.726481,PHY,0x4601,1,0,na,"[0,",0,0,1,3623.8,+21.3dB,17.0us,"[0,",1,314.9,normal,0,valid,-14.7dB,-14.7dB,na,na,,,,
2025-07-30 13:41:39.730026,PHY,0x4601,2,,na,"[0,",,,11111,,+30.6dB,13.5us,"[0,",1,314.17,normal,0,valid,-11.7dB,-11.8dB,0.16us,-0.3Hz,,"[6,",,1
2025-07-30 13:41:39.730963,PHY,0x4601,1,0,na,"[0,",0,0,1,3313.6,+20.9dB,15.6us,"[0,",1,314.18,normal,0,valid,-14.7dB,-14.7dB,na,na,,,,
2025-07-30 13:41:39.731442,PHY,0x4601,1,0,na,"[0,",0,0,1,3317.1,+21.0dB,14.3us,"[0,",1,314.19,normal,0,valid,-14.6dB,-14.7dB,na,na,,,,
2025-07-30 13:41:39.736047,PHY,0x4601,1,0,na,"[0,",0,0,1,2244.3,+19.2dB,20.9us,"[0,",1,315.8,normal,0,valid,-14.6dB,-14.7dB,na,na,,,,
2025-07-30 13:41:39.736523,PHY,0x4601,1,0,na,"[0,",0,0,1,2467.3,+19.7dB,15.0us,"[0,",1,315.9,normal,0,valid,-14.6dB,-14.6dB,na,na,,,,
2025-07-30 13:41:39.740114,PHY,0x4601,2,,na,"[0,",,,11111,,+30.4dB,30.6us,"[0,",1,315.17,normal,0,valid,-11.8dB,-11.8dB,0.15us,+16.4Hz,,"[6,",,1
2025-07-30 13:41:39.741002,PHY,0x4601,1,0,na,"[0,",0,0,1,3949.1,+21.7dB,17.6us,"[0,",1,315.18,normal,0,valid,-14.9dB,-14.9dB,na,na,,,,
2025-07-30 13:41:39.741476,PHY,0x4601,1,0,na,"[0,",0,0,1,3747.2,+21.5dB,15.2us,"[0,",1,315.19,normal,0,valid,-14.8dB,-14.9dB,na,na,,,,
2025-07-30 13:41:39.745612,CSI,0x4601,2,,na,"[0,",,,1,,+31.1dB,16.0us,"[0,",1,316.8,normal,0,valid,-11.9dB,-11.9dB,0.15us,-35.5Hz,,"[6,",1111,1
2025-07-30 13:41:39.746544,PHY,0x4601,1,0,na,"[0,",0,0,1,2214.6,+19.2dB,15.4us,"[0,",1,316.9,normal,0,valid,-14.8dB,-14.9dB,na,na,,,,
2025-07-30 13:41:39.750096,PHY,0x4601,2,,na,"[0,",,,11111,,+30.5dB,13.8us,"[0,",1,316.17,normal,0,valid,-12.1dB,-12.1dB,0.14us,+91.1Hz,,"[6,",,1
2025-07-30 13:41:39.751038,PHY,0x4601,1,0,na,"[0,",0,0,1,3505.4,+21.2dB,16.6us,"[0,",1,316.18,normal,0,valid,-14.8dB,-14.9dB,na,na,,,,
2025-07-30 13:41:39.751513,PHY,0x4601,1,0,na,"[0,",0,0,1,3566.8,+21.3dB,15.6us,"[0,",1,316.19,normal,0,valid,-14.9dB,-14.9dB,na,na,,,,
2025-07-30 13:41:39.756000,PHY,0x4601,1,0,na,"[0,",0,0,1,2274.0,+19.3dB,19.4us,"[0,",1,317.8,normal,0,valid,-14.9dB,-14.9dB,na,na,,,,
2025-07-30 13:41:39.756479,PHY,0x4601,1,0,na,"[0,",0,0,1,2348.1,+19.4dB,14.0us,"[0,",1,317.9,normal,0,valid,-14.9dB,-14.9dB,na,na,,,,
2025-07-30 13:41:39.760141,PHY,0x4601,2,,na,"[0,",,,11111,,+30.0dB,13.4us,"[0,",1,317.17,normal,0,valid,-11.8dB,-11.8dB,0.11us,+47.8Hz,,"[6,",,1
2025-07-30 13:41:39.760952,PHY,0x4601,1,0,na,"[0,",0,0,1,2281.8,+19.3dB,15.3us,"[0,",1,317.18,normal,0,valid,-14.8dB,-14.9dB,na,na,,,,
2025-07-30 13:41:39.761534,PHY,0x4601,1,0,na,"[0,",0,0,1,2470.5,+19.7dB,14.2us,"[0,",1,317.19,normal,0,valid,-14.8dB,-14.9dB,na,na,,,,
2025-07-30 13:41:39.765562,CSI,0x4601,2,,na,"[0,",,,1,,+29.0dB,15.8us,"[0,",1,318.8,normal,0,valid,-12.0dB,-12.0dB,0.16us,-134.9Hz,,"[6,",1111,1
2025-07-30 13:41:39.766508,PHY,0x4601,1,0,na,"[0,",0,0,1,3454.6,+21.1dB,17.5us,"[0,",1,318.9,normal,0,valid,-14.8dB,-14.9dB,na,na,,,,
2025-07-30 13:41:39.770059,PHY,0x4601,2,,na,"[0,",,,11111,,+32.3dB,15.4us,"[0,",1,318.17,normal,0,valid,-11.8dB,-11.8dB,0.16us,+25.0Hz,,"[6,",,1
2025-07-30 13:41:39.770984,PHY,0x4601,1,0,na,"[0,",0,0,1,2326.7,+19.4dB,16.3us,"[0,",1,318.18,normal,0,valid,-14.9dB,-14.9dB,na,na,,,,
2025-07-30 13:41:39.771465,PHY,0x4601,1,0,na,"[0,",0,0,1,2492.9,+19.7dB,16.3us,"[0,",1,318.19,normal,0,valid,-14.9dB,-14.9dB,na,na,,,,
2025-07-30 13:41:39.775947,PHY,0x4601,1,0,na,"[0,",0,0,1,2209.3,+19.2dB,16.1us,"[0,",1,319.8,normal,0,valid,-14.9dB,-14.9dB,na,na,,,,
2025-07-30 13:41:39.776527,PHY,0x4601,1,0,na,"[0,",0,0,1,2399.4,+19.6dB,13.8us,"[0,",1,319.9,normal,0,valid,-14.9dB,-14.9dB,na,na,,,,
2025-07-30 13:41:39.780127,PHY,0x4601,2,,na,"[0,",,,11111,,+31.0dB,15.3us,"[0,",1,319.17,normal,0,valid,-11.9dB,-11.9dB,0.12us,+200.2Hz,,"[6,",,1
2025-07-30 13:41:39.781019,PHY,0x4601,1,0,na,"[0,",0,0,1,3564.9,+21.3dB,15.1us,"[0,",1,319.18,normal,0,valid,-14.9dB,-14.9dB,na,na,,,,
2025-07-30 13:41:39.781497,PHY,0x4601,1,0,na,"[0,",0,0,1,3464.6,+21.1dB,14.1us,"[0,",1,319.19,normal,0,valid,-14.8dB,-14.9dB,na,na,,,,
2025-07-30 13:41:39.785628,CSI,0x4601,2,,na,"[0,",,,1,,+30.0dB,15.4us,"[0,",1,320.8,normal,0,valid,-11.9dB,-11.9dB,0.15us,-150.1Hz,,"[6,",1111,1
2025-07-30 13:41:39.786465,PHY,0x4601,1,0,na,"[0,",0,0,1,2126.2,+19.0dB,16.0us,"[0,",1,320.9,normal,0,valid,-14.8dB,-14.9dB,na,na,,,,
2025-07-30 13:41:39.790104,PHY,0x4601,2,,na,"[0,",,,11111,,+32.1dB,13.6us,"[0,",1,320.17,normal,0,valid,-12.0dB,-12.0dB,0.15us,+35.5Hz,,"[6,",,1
2025-07-30 13:41:39.790940,PHY,0x4601,1,0,na,"[0,",0,0,1,2270.2,+19.3dB,15.4us,"[0,",1,320.18,normal,0,valid,-14.8dB,-14.9dB,na,na,,,,
2025-07-30 13:41:39.791522,PHY,0x4601,1,0,na,"[0,",0,0,1,2291.7,+19.4dB,15.4us,"[0,",1,320.19,normal,0,valid,-14.9dB,-14.9dB,na,na,,,,
2025-07-30 13:41:39.796012,PHY,0x4601,1,0,na,"[0,",0,0,1,2490.1,+19.7dB,16.0us,"[0,",1,321.8,normal,0,valid,-14.9dB,-14.9dB,na,na,,,,
2025-07-30 13:41:39.796489,PHY,0x4601,1,0,na,"[0,",0,0,1,2236.3,+19.2dB,23.8us,"[0,",1,321.9,normal,0,valid,-14.9dB,-14.9dB,na,na,,,,
2025-07-30 13:41:39.800025,PHY,0x4601,2,,na,"[0,",,,11111,,+30.5dB,13.2us,"[0,",1,321.17,normal,0,valid,-12.1dB,-12.1dB,0.12us,+138.1Hz,,"[6,",,1
2025-07-30 13:41:39.800990,PHY,0x4601,1,0,na,"[0,",0,0,1,3375.1,+21.0dB,21.0us,"[0,",1,321.18,normal,0,valid,-14.8dB,-14.9dB,na,na,,,,
2025-07-30 13:41:39.801451,PHY,0x4601,1,0,na,"[0,",0,0,1,3800.6,+21.5dB,13.9us,"[0,",1,321.19,normal,0,valid,-14.8dB,-14.9dB,na,na,,,,
2025-07-30 13:41:39.805576,CSI,0x4601,2,,na,"[0,",,,1,,+31.7dB,12.8us,"[0,",1,322.8,normal,0,valid,-11.8dB,-11.9dB,0.14us,-55.7Hz,,"[6,",1111,1
2025-07-30 13:41:39.806534,PHY,0x4601,1,0,na,"[0,",0,0,1,2088.0,+19.0dB,15.2us,"[0,",1,322.9,normal,0,valid,-14.8dB,-14.9dB,na,na,,,,
2025-07-30 13:41:39.810074,PHY,0x4601,2,,na,"[0,",,,11111,,+28.6dB,14.2us,"[0,",1,322.17,normal,0,valid,-11.9dB,-12.0dB,0.16us,-7.2Hz,,"[6,",,1
2025-07-30 13:41:39.811009,PHY,0x4601,1,0,na,"[0,",0,0,1,2200.6,+19.2dB,16.3us,"[0,",1,322.18,normal,0,valid,-14.8dB,-14.9dB,na,na,,,,
2025-07-30 13:41:39.811490,PHY,0x4601,1,0,na,"[0,",0,0,1,2346.7,+19.4dB,14.8us,"[0,",1,322.19,normal,0,valid,-14.9dB,-14.9dB,na,na,,,,
2025-07-30 13:41:39.815967,PHY,0x4601,1,0,na,"[0,",0,0,1,2225.0,+19.2dB,16.9us,"[0,",1,323.8,normal,0,valid,-14.9dB,-14.9dB,na,na,,,,
2025-07-30 13:41:39.816440,PHY,0x4601,1,0,na,"[0,",0,0,1,2319.3,+19.4dB,16.3us,"[0,",1,323.9,normal,0,valid,-14.9dB,-14.9dB,na,na,,,,
2025-07-30 13:41:39.820122,PHY,0x4601,2,,na,"[0,",,,11111,,+31.3dB,16.1us,"[0,",1,323.17,normal,0,valid,-12.0dB,-12.0dB,0.12us,-91.4Hz,,"[6,",,1
2025-07-30 13:41:39.821037,PHY,0x4601,1,0,na,"[0,",0,0,1,2223.9,+19.2dB,17.8us,"[0,",1,323.18,normal,0,valid,-14.8dB,-14.9dB,na,na,,,,
2025-07-30 13:41:39.821512,PHY,0x4601,1,0,na,"[0,",0,0,1,2347.8,+19.5dB,14.4us,"[0,",1,323.19,normal,0,valid,-14.9dB,-14.9dB,na,na,,,,
2025-07-30 13:41:39.825606,CSI,0x4601,2,,na,"[0,",,,1,,+32.9dB,11.9us,"[0,",1,324.8,normal,0,valid,-11.9dB,-11.9dB,0.13us,-6.5Hz,,"[6,",1111,1
2025-07-30 13:41:39.826477,PHY,0x4601,1,0,na,"[0,",0,0,1,2238.7,+19.2dB,16.1us,"[0,",1,324.9,normal,0,valid,-14.9dB,-14.9dB,na,na,,,,
2025-07-30 13:41:39.830021,PHY,0x4601,2,,na,"[0,",,,11111,,+29.9dB,21.1us,"[0,",1,324.17,normal,0,valid,-12.0dB,-12.0dB,0.12us,+38.7Hz,,"[6,",,1
2025-07-30 13:41:39.830960,PHY,0x4601,1,0,na,"[0,",0,0,1,3202.3,+20.8dB,15.9us,"[0,",1,324.18,normal,0,valid,-14.9dB,-15.0dB,na,na,,,,
2025-07-30 13:41:39.831541,PHY,0x4601,1,0,na,"[0,",0,0,1,3874.7,+21.6dB,14.4us,"[0,",1,324.19,normal,0,valid,-14.8dB,-14.9dB,na,na,,,,
2025-07-30 13:41:39.836033,PHY,0x4601,1,0,na,"[0,",0,0,1,2393.9,+19.5dB,19.3us,"[0,",1,325.8,normal,0,valid,-14.9dB,-14.9dB,na,na,,,,
2025-07-30 13:41:39.836527,PHY,0x4601,1,0,na,"[0,",0,0,1,2336.4,+19.4dB,15.7us,"[0,",1,325.9,normal,0,valid,-14.9dB,-14.9dB,na,na,,,,
2025-07-30 13:41:39.840052,PHY,0x4601,2,,na,"[0,",,,11111,,+29.9dB,18.2us,"[0,",1,325.17,normal,0,valid,-11.9dB,-12.0dB,0.14us,-16.8Hz,,"[6,",,1
2025-07-30 13:41:39.840992,PHY,0x4601,1,0,na,"[0,",0,0,1,3467.4,+21.1dB,16.9us,"[0,",1,325.18,normal,0,valid,-14.8dB,-14.9dB,na,na,,,,
2025-07-30 13:41:39.841464,PHY,0x4601,1,0,na,"[0,",0,0,1,3375.3,+21.0dB,13.7us,"[0,",1,325.19,normal,0,valid,-14.8dB,-14.9dB,na,na,,,,
2025-07-30 13:41:39.845591,CSI,0x4601,2,,na,"[0,",,,1,,+30.9dB,15.0us,"[0,",1,326.8,normal,0,valid,-11.9dB,-11.9dB,0.15us,-7.3Hz,,"[6,",1111,1
2025-07-30 13:41:39.846546,PHY,0x4601,1,0,na,"[0,",0,0,1,2050.4,+18.8dB,16.9us,"[0,",1,326.9,normal,0,valid,-14.9dB,-14.9dB,na,na,,,,
2025-07-30 13:41:39.850115,PHY,0x4601,2,,na,"[0,",,,11111,,+32.3dB,17.1us,"[0,",1,326.17,normal,0,valid,-12.0dB,-12.0dB,0.16us,+59.1Hz,,"[6,",,1
2025-07-30 13:41:39.851028,PHY,0x4601,1,0,na,"[0,",0,0,1,3756.5,+21.5dB,23.7us,"[0,",1,326.18,normal,0,valid,-14.8dB,-14.9dB,na,na,,,,
2025-07-30 13:41:39.851497,PHY,0x4601,1,0,na,"[0,",0,0,1,3611.3,+21.4dB,14.4us,"[0,",1,326.19,normal,0,valid,-14.8dB,-14.8dB,na,na,,,,
2025-07-30 13:41:39.855983,PHY,0x4601,1,0,na,"[0,",0,0,1,2440.2,+19.6dB,16.1us,"[0,",1,327.8,normal,0,valid,-14.9dB,-14.9dB,na,na,,,,
2025-07-30 13:41:39.856455,PHY,0x4601,1,0,na,"[0,",0,0,1,2614.5,+19.9dB,13.2us,"[0,",1,327.9,normal,0,valid,-14.9dB,-14.9dB,na,na,,,,
2025-07-30 13:41:39.860122,PHY,0x4601,2,,na,"[0,",,,11111,,+28.4dB,17.2us,"[0,",1,327.17,normal,0,valid,-12.0dB,-12.0dB,0.15us,-16.8Hz,,"[6,",,1
2025-07-30 13:41:39.860950,PHY,0x4601,1,0,na,"[0,",0,0,1,2322.1,+19.4dB,15.6us,"[0,",1,327.18,normal,0,valid,-14.9dB,-14.9dB,na,na,,,,
2025-07-30 13:41:39.861530,PHY,0x4601,1,0,na,"[0,",0,0,1,2253.9,+19.3dB,14.9us,"[0,",1,327.19,normal,0,valid,-14.9dB,-14.9dB,na,na,,,,
2025-07-30 13:41:39.865618,CSI,0x4601,2,,na,"[0,",,,1,,+32.9dB,13.2us,"[0,",1,328.8,normal,0,valid,-11.8dB,-11.9dB,0.17us,-160.5Hz,,"[6,",1111,1
2025-07-30 13:41:39.866500,PHY,0x4601,1,0,na,"[0,",0,0,1,3473.0,+21.1dB,16.2us,"[0,",1,328.9,normal,0,valid,-14.9dB,-14.9dB,na,na,,,,
2025-07-30 13:41:39.870030,PHY,0x4601,2,,na,"[0,",,,11111,,+33.5dB,13.4us,"[0,",1,328.17,normal,0,valid,-12.0dB,-12.0dB,0.14us,+126.3Hz,,"[6,",,1
2025-07-30 13:41:39.870980,PHY,0x4601,1,0,na,"[0,",0,0,1,2092.4,+19.0dB,16.4us,"[0,",1,328.18,normal,0,valid,-14.9dB,-14.9dB,na,na,,,,
2025-07-30 13:41:39.871456,PHY,0x4601,1,0,na,"[0,",0,0,1,2507.8,+19.7dB,17.3us,"[0,",1,328.19,normal,0,valid,-14.8dB,-14.9dB,na,na,,,,
2025-07-30 13:41:39.875943,PHY,0x4601,1,0,na,"[0,",0,0,1,2263.8,+19.3dB,16.5us,"[0,",1,329.8,normal,0,valid,-14.9dB,-14.9dB,na,na,,,,
2025-07-30 13:41:39.876535,PHY,0x4601,1,0,na,"[0,",0,0,1,2489.6,+19.7dB,13.6us,"[0,",1,329.9,normal,0,valid,-14.9dB,-15.0dB,na,na,,,,
2025-07-30 13:41:39.880080,PHY,0x4601,2,,na,"[0,",,,11111,,+30.6dB,14.8us,"[0,",1,329.17,normal,0,valid,-12.0dB,-12.0dB,0.14us,-36.0Hz,,"[6,",,1
2025-07-30 13:41:39.881015,PHY,0x4601,1,0,na,"[0,",0,0,1,3545.8,+21.2dB,20.0us,"[0,",1,329.18,normal,0,valid,-14.9dB,-14.9dB,na,na,,,,
2025-07-30 13:41:39.881494,PHY,0x4601,1,0,na,"[0,",0,0,1,3038.1,+20.6dB,14.2us,"[0,",1,329.19,normal,0,valid,-14.9dB,-14.9dB,na,na,,,,
2025-07-30 13:41:39.885622,CSI,0x4601,2,,na,"[0,",,,1,,+30.2dB,12.5us,"[0,",1,330.8,normal,0,valid,-11.8dB,-11.8dB,0.14us,-42.7Hz,,"[6,",1111,1
2025-07-30 13:41:39.886457,PHY,0x4601,1,0,na,"[0,",0,0,1,3322.1,+20.9dB,15.8us,"[0,",1,330.9,normal,0,valid,-14.9dB,-14.9dB,na,na,,,,
2025-07-30 13:41:39.890124,PHY,0x4601,2,,na,"[0,",,,11111,,+32.6dB,14.2us,"[0,",1,330.17,normal,0,valid,-11.9dB,-11.9dB,0.15us,+58.8Hz,,"[6,",,1
2025-07-30 13:41:39.891047,PHY,0x4601,1,0,na,"[0,",0,0,1,2178.0,+19.1dB,19.9us,"[0,",1,330.18,normal,0,valid,-14.8dB,-14.9dB,na,na,,,,
2025-07-30 13:41:39.891516,PHY,0x4601,1,0,na,"[0,",0,0,1,2368.2,+19.5dB,14.6us,"[0,",1,330.19,normal,0,valid,-14.8dB,-14.9dB,na,na,,,,
2025-07-30 13:41:39.896007,PHY,0x4601,1,0,na,"[0,",0,0,1,2378.1,+19.5dB,16.4us,"[0,",1,331.8,normal,0,valid,-14.9dB,-14.9dB,na,na,,,,
2025-07-30 13:41:39.896492,PHY,0x4601,1,0,na,"[0,",0,0,1,2150.0,+19.0dB,23.0us,"[0,",1,331.9,normal,0,valid,-14.8dB,-14.9dB,na,na,,,,
2025-07-30 13:41:39.900021,PHY,0x4601,2,,na,"[0,",,,11111,,+30.3dB,13.7us,"[0,",1,331.17,normal,0,valid,-12.0dB,-12.0dB,0.14us,-79.2Hz,,"[6,",,1
2025-07-30 13:41:39.900968,PHY,0x4601,1,0,na,"[0,",0,0,1,2076.2,+18.9dB,16.0us,"[0,",1,331.18,normal,0,valid,-14.8dB,-14.8dB,na,na,,,,
2025-07-30 13:41:39.901450,PHY,0x4601,1,0,na,"[0,",0,0,1,2428.0,+19.6dB,17.1us,"[0,",1,331.19,normal,0,valid,-14.9dB,-14.9dB,na,na,,,,
2025-07-30 13:41:39.905579,CSI,0x4601,2,,na,"[0,",,,1,,+30.5dB,16.3us,"[0,",1,332.8,normal,0,valid,-11.8dB,-11.9dB,0.15us,-28.0Hz,,"[6,",1111,1
2025-07-30 13:41:39.906516,PHY,0x4601,1,0,na,"[0,",0,0,1,2412.5,+19.6dB,15.9us,"[0,",1,332.9,normal,0,valid,-14.9dB,-14.9dB,na,na,,,,
2025-07-30 13:41:39.910081,PHY,0x4601,2,,na,"[0,",,,11111,,+30.5dB,14.5us,"[0,",1,332.17,normal,0,valid,-11.9dB,-11.9dB,0.15us,-11.6Hz,,"[6,",,1
2025-07-30 13:41:39.911001,PHY,0x4601,1,0,na,"[0,",0,0,1,3414.3,+21.0dB,16.0us,"[0,",1,332.18,normal,0,valid,-14.8dB,-14.9dB,na,na,,,,
2025-07-30 13:41:39.911489,PHY,0x4601,1,0,na,"[0,",0,0,1,3524.4,+21.2dB,13.8us,"[0,",1,332.19,normal,0,valid,-14.8dB,-14.9dB,na,na,,,,
2025-07-30 13:41:39.915964,PHY,0x4601,1,0,na,"[0,",0,0,1,2369.7,+19.5dB,16.7us,"[0,",1,333.8,normal,0,valid,-14.9dB,-14.9dB,na,na,,,,
2025-07-30 13:41:39.916543,PHY,0x4601,1,0,na,"[0,",0,0,1,2317.2,+19.4dB,13.3us,"[0,",1,333.9,normal,0,valid,-14.9dB,-14.9dB,na,na,,,,
2025-07-30 13:41:39.920088,PHY,0x4601,2,,na,"[0,",,,11111,,+33.1dB,13.3us,"[0,",1,333.17,normal,0,valid,-12.0dB,-12.1dB,0.16us,-33.8Hz,,"[6,",,1
2025-07-30 13:41:39.921026,PHY,0x4601,1,0,na,"[0,",0,0,1,3707.5,+21.4dB,16.1us,"[0,",1,333.18,normal,0,valid,-14.8dB,-14.8dB,na,na,,,,
2025-07-30 13:41:39.921511,PHY,0x4601,1,0,na,"[0,",0,0,1,3043.1,+20.6dB,18.3us,"[0,",1,333.19,normal,0,valid,-14.9dB,-14.9dB,na,na,,,,
2025-07-30 13:41:39.925597,CSI,0x4601,2,,na,"[0,",,,1,,+32.6dB,13.3us,"[0,",1,334.8,normal,0,valid,-11.8dB,-11.9dB,0.17us,-90.7Hz,,"[6,",1111,1
2025-07-30 13:41:39.926471,PHY,0x4601,1,0,na,"[0,",0,0,1,3219.6,+20.8dB,16.7us,"[0,",1,334.9,normal,0,valid,-14.9dB,-14.9dB,na,na,,,,
2025-07-30 13:41:39.930117,PHY,0x4601,2,,na,"[0,",,,11111,,+31.5dB,15.6us,"[0,",1,334.17,normal,0,valid,-12.0dB,-12.0dB,0.16us,-37.6Hz,,"[6,",,1
2025-07-30 13:41:39.930954,PHY,0x4601,1,0,na,"[0,",0,0,1,3669.7,+21.4dB,15.9us,"[0,",1,334.18,normal,0,valid,-14.9dB,-15.0dB,na,na,,,,
2025-07-30 13:41:39.931542,PHY,0x4601,1,0,na,"[0,",0,0,1,3306.2,+20.9dB,13.9us,"[0,",1,334.19,normal,0,valid,-14.9dB,-14.9dB,na,na,,,,
2025-07-30 13:41:39.936031,PHY,0x4601,1,0,na,"[0,",0,0,1,2353.0,+19.5dB,16.3us,"[0,",1,335.8,normal,0,valid,-14.9dB,-14.9dB,na,na,,,,
2025-07-30 13:41:39.936511,PHY,0x4601,1,0,na,"[0,",0,0,1,2161.4,+19.1dB,17.6us,"[0,",1,335.9,normal,0,valid,-14.9dB,-15.0dB,na,na,,,,
2025-07-30 13:41:39.940043,PHY,0x4601,2,,na,"[0,",,,11111,,+31.1dB,15.7us,"[0,",1,335.17,normal,0,valid,-11.9dB,-11.9dB,0.15us,+11.1Hz,,"[6,",,1
2025-07-30 13:41:39.940984,PHY,0x4601,1,0,na,"[0,",0,0,1,3643.6,+21.4dB,16.2us,"[0,",1,335.18,normal,0,valid,-14.8dB,-14.9dB,na,na,,,,
2025-07-30 13:41:39.941465,PHY,0x4601,1,0,na,"[0,",0,0,1,3455.7,+21.1dB,18.3us,"[0,",1,335.19,normal,0,valid,-14.8dB,-14.8dB,na,na,,,,
2025-07-30 13:41:39.945592,CSI,0x4601,2,,na,"[0,",,,1,,+29.8dB,15.4us,"[0,",1,336.8,normal,0,valid,-11.8dB,-11.8dB,0.14us,-11.1Hz,,"[6,",1111,1
2025-07-30 13:41:39.946525,PHY,0x4601,1,0,na,"[0,",0,0,1,2179.2,+19.1dB,15.8us,"[0,",1,336.9,normal,0,valid,-14.9dB,-14.9dB,na,na,,,,
2025-07-30 13:41:39.950082,PHY,0x4601,2,,na,"[0,",,,11111,,+28.1dB,17.0us,"[0,",1,336.17,normal,0,valid,-11.9dB,-11.9dB,0.14us,-1.1Hz,,"[6,",,1
2025-07-30 13:41:39.951020,PHY,0x4601,1,0,na,"[0,",0,0,1,3420.8,+21.1dB,15.9us,"[0,",1,336.18,normal,0,valid,-14.8dB,-14.9dB,na,na,,,,
2025-07-30 13:41:39.951492,PHY,0x4601,1,0,na,"[0,",0,0,1,3772.8,+21.5dB,15.9us,"[0,",1,336.19,normal,0,valid,-14.8dB,-14.9dB,na,na,,,,
2025-07-30 13:41:39.955983,PHY,0x4601,1,0,na,"[0,",0,0,1,2303.0,+19.4dB,17.2us,"[0,",1,337.8,normal,0,valid,-14.9dB,-14.9dB,na,na,,,,
2025-07-30 13:41:39.956457,PHY,0x4601,1,0,na,"[0,",0,0,1,2366.8,+19.5dB,14.2us,"[0,",1,337.9,normal,0,valid,-14.9dB,-14.9dB,na,na,,,,
2025-07-30 13:41:39.960113,PHY,0x4601,2,,na,"[0,",,,11111,,+34.2dB,17.8us,"[0,",1,337.17,normal,0,valid,-12.0dB,-12.0dB,0.15us,+47.9Hz,,"[6,",,1
2025-07-30 13:41:39.960941,PHY,0x4601,1,0,na,"[0,",0,0,1,2109.1,+19.0dB,15.9us,"[0,",1,337.18,normal,0,valid,-14.9dB,-14.9dB,na,na,,,,
2025-07-30 13:41:39.961525,PHY,0x4601,1,0,na,"[0,",0,0,1,2324.2,+19.4dB,16.6us,"[0,",1,337.19,normal,0,valid,-14.8dB,-14.9dB,na,na,,,,
2025-07-30 13:41:39.965614,CSI,0x4601,2,,na,"[0,",,,1,,+30.7dB,14.5us,"[0,",1,338.8,normal,0,valid,-11.9dB,-11.9dB,0.16us,+100.1Hz,,"[6,",1111,1
2025-07-30 13:41:39.966484,PHY,0x4601,1,0,na,"[0,",0,0,1,2655.2,+19.9dB,16.0us,"[0,",1,338.9,normal,0,valid,-14.9dB,-15.0dB,na,na,,,,
2025-07-30 13:41:39.970026,PHY,0x4601,2,,na,"[0,",,,11111,,+32.4dB,12.2us,"[0,",1,338.17,normal,0,valid,-11.9dB,-11.9dB,0.15us,+112.2Hz,,"[6,",,1
2025-07-30 13:41:39.970975,PHY,0x4601,1,0,na,"[0,",0,0,1,3106.4,+20.6dB,14.8us,"[0,",1,338.18,normal,0,valid,-14.8dB,-14.9dB,na,na,,,,
2025-07-30 13:41:39.971448,PHY,0x4601,1,0,na,"[0,",0,0,1,3415.5,+21.1dB,13.4us,"[0,",1,338.19,normal,0,valid,-14.9dB,-14.9dB,na,na,,,,
2025-07-30 13:41:39.976046,PHY,0x4601,1,0,na,"[0,",0,0,1,2351.4,+19.5dB,19.4us,"[0,",1,339.8,normal,0,valid,-14.9dB,-14.9dB,na,na,,,,
2025-07-30 13:41:39.976522,PHY,0x4601,1,0,na,"[0,",0,0,1,2195.5,+19.1dB,14.0us,"[0,",1,339.9,normal,0,valid,-14.9dB,-15.0dB,na,na,,,,
2025-07-30 13:41:39.980057,PHY,0x4601,2,,na,"[0,",,,11111,,+31.5dB,13.5us,"[0,",1,339.17,normal,0,valid,-12.0dB,-12.0dB,0.12us,-4.7Hz,,"[6,",,1
2025-07-30 13:41:39.981006,PHY,0x4601,1,0,na,"[0,",0,0,1,2160.0,+19.1dB,15.6us,"[0,",1,339.18,normal,0,valid,-14.9dB,-14.9dB,na,na,,,,
2025-07-30 13:41:39.981480,PHY,0x4601,1,0,na,"[0,",0,0,1,2272.2,+19.3dB,13.3us,"[0,",1,339.19,normal,0,valid,-14.9dB,-14.9dB,na,na,,,,
2025-07-30 13:41:39.985601,CSI,0x4601,2,,na,"[0,",,,1,,+28.6dB,10.9us,"[0,",1,340.8,normal,0,valid,-12.0dB,-12.0dB,0.16us,-170.3Hz,,"[6,",1111,1
2025-07-30 13:41:39.986444,PHY,0x4601,1,0,na,"[0,",0,0,1,2496.0,+19.7dB,17.7us,"[0,",1,340.9,normal,0,valid,-15.0dB,-15.1dB,na,na,,,,
2025-07-30 13:41:39.990100,PHY,0x4601,2,,na,"[0,",,,11111,,+28.1dB,24.6us,"[0,",1,340.17,normal,0,valid,-12.0dB,-12.0dB,0.15us,+46.5Hz,,"[6,",,1
2025-07-30 13:41:39.991039,PHY,0x4601,1,0,na,"[0,",0,0,1,2396.5,+19.5dB,16.1us,"[0,",1,340.18,normal,0,valid,-15.0dB,-15.0dB,na,na,,,,
2025-07-30 13:41:39.991515,PHY,0x4601,1,0,na,"[0,",0,0,1,2097.2,+19.0dB,14.1us,"[0,",1,340.19,normal,0,valid,-15.0dB,-15.0dB,na,na,,,,
2025-07-30 13:41:39.996005,PHY,0x4601,1,0,na,"[0,",0,0,1,2362.7,+19.5dB,15.9us,"[0,",1,341.8,normal,0,valid,-15.0dB,-15.0dB,na,na,,,,
2025-07-30 13:41:39.996497,PHY,0x4601,1,0,na,"[0,",0,0,1,2035.9,+18.8dB,29.1us,"[0,",1,341.9,normal,0,valid,-15.0dB,-15.1dB,na,na,,,,
2025-07-30 13:41:40.000021,PHY,0x4601,2,,na,"[0,",,,11111,,+33.4dB,14.2us,"[0,",1,341.17,normal,0,valid,-12.0dB,-12.0dB,0.16us,+142.6Hz,,"[6,",,1
2025-07-30 13:41:40.000958,PHY,0x4601,1,0,na,"[0,",0,0,1,3505.3,+21.2dB,15.7us,"[0,",1,341.18,normal,0,valid,-15.0dB,-15.0dB,na,na,,,,
2025-07-30 13:41:40.001544,PHY,0x4601,1,0,na,"[0,",0,0,1,3227.1,+20.8dB,14.4us,"[0,",1,341.19,normal,0,valid,-15.0dB,-15.0dB,na,na,,,,
2025-07-30 13:41:40.005557,CSI,0x4601,2,,na,"[0,",,,1,,+32.1dB,13.0us,"[0,",1,342.8,normal,0,valid,-12.0dB,-12.0dB,0.17us,+117.1Hz,,"[6,",1111,1
2025-07-30 13:41:40.006512,PHY,0x4601,1,0,na,"[0,",0,0,1,1991.5,+18.7dB,19.6us,"[0,",1,342.9,normal,0,valid,-15.0dB,-15.0dB,na,na,,,,
2025-07-30 13:41:40.010046,PHY,0x4601,2,,na,"[0,",,,11111,,+30.5dB,13.6us,"[0,",1,342.17,normal,0,valid,-12.0dB,-12.0dB,0.14us,+97.0Hz,,"[6,",,1
2025-07-30 13:41:40.010991,PHY,0x4601,1,0,na,"[0,",0,0,1,2236.2,+19.3dB,15.8us,"[0,",1,342.18,normal,0,valid,-15.0dB,-15.0dB,na,na,,,,
2025-07-30 13:41:40.011470,PHY,0x4601,1,0,na,"[0,",0,0,1,2396.8,+19.5dB,15.7us,"[0,",1,342.19,normal,0,valid,-14.9dB,-15.0dB,na,na,,,,
2025-07-30 13:41:40.015956,PHY,0x4601,1,0,na,"[0,",0,0,1,2441.6,+19.6dB,17.4us,"[0,",1,343.8,normal,0,valid,-15.0dB,-15.0dB,na,na,,,,
2025-07-30 13:41:40.016547,PHY,0x4601,1,0,na,"[0,",0,0,1,2375.7,+19.5dB,16.8us,"[0,",1,343.9,normal,0,valid,-15.0dB,-15.1dB,na,na,,,,
2025-07-30 13:41:40.020100,PHY,0x4601,2,,na,"[0,",,,11111,,+29.1dB,14.7us,"[0,",1,343.17,normal,0,valid,-12.1dB,-12.1dB,0.14us,+78.7Hz,,"[6,",,1
2025-07-30 13:41:40.021022,PHY,0x4601,1,0,na,"[0,",0,0,1,3431.6,+21.1dB,16.4us,"[0,",1,343.18,normal,0,valid,-14.9dB,-15.0dB,na,na,,,,
2025-07-30 13:41:40.021495,PHY,0x4601,1,0,na,"[0,",0,0,1,3213.2,+20.8dB,14.2us,"[0,",1,343.19,normal,0,valid,-15.0dB,-15.0dB,na,na,,,,
2025-07-30 13:41:40.025605,CSI,0x4601,2,,na,"[0,",,,1,,+32.6dB,13.0us,"[0,",1,344.8,normal,0,valid,-11.9dB,-11.9dB,0.17us,-24.6Hz,,"[6,",1111,1
2025-07-30 13:41:40.026462,PHY,0x4601,1,0,na,"[0,",0,0,1,2287.0,+19.3dB,17.8us,"[0,",1,344.9,normal,0,valid,-15.0dB,-15.0dB,na,na,,,,
2025-07-30 13:41:40.030128,PHY,0x4601,2,,na,"[0,",,,11111,,+30.9dB,16.6us,"[0,",1,344.17,normal,0,valid,-12.0dB,-12.1dB,0.15us,+34.7Hz,,"[6,",,1
2025-07-30 13:41:40.030952,PHY,0x4601,1,0,na,"[0,",0,0,1,2392.9,+19.5dB,16.3us,"[0,",1,344.18,normal,0,valid,-14.9dB,-15.0dB,na,na,,,,
2025-07-30 13:41:40.031528,PHY,0x4601,1,0,na,"[0,",0,0,1,2292.7,+19.3dB,14.2us,"[0,",1,344.19,normal,0,valid,-14.9dB,-15.0dB,na,na,,,,
2025-07-30 13:41:40.036027,PHY,0x4601,1,0,na,"[0,",0,0,1,2346.2,+19.4dB,21.7us,"[0,",1,345.8,normal,0,valid,-15.0dB,-15.0dB,na,na,,,,
2025-07-30 13:41:40.036502,PHY,0x4601,1,0,na,"[0,",0,0,1,2305.5,+19.4dB,14.2us,"[0,",1,345.9,normal,0,valid,-15.0dB,-15.0dB,na,na,,,,
2025-07-30 13:41:40.040029,PHY,0x4601,2,,na,"[0,",,,11111,,+34.1dB,13.8us,"[0,",1,345.17,normal,0,valid,-12.1dB,-12.1dB,0.15us,-92.1Hz,,"[6,",,1
2025-07-30 13:41:40.040982,PHY,0x4601,1,0,na,"[0,",0,0,1,3519.4,+21.2dB,15.6us,"[0,",1,345.18,normal,0,valid,-14.9dB,-15.0dB,na,na,,,,
2025-07-30 13:41:40.041458,PHY,0x4601,1,0,na,"[0,",0,0,1,3428.7,+21.1dB,19.9us,"[0,",1,345.19,normal,0,valid,-14.9dB,-15.0dB,na,na,,,,
2025-07-30 13:41:40.045592,CSI,0x4601,2,,na,"[0,",,,1,,+29.7dB,18.0us,"[0,",1,346.8,normal,0,valid,-11.9dB,-11.9dB,0.17us,-14.7Hz,,"[6,",1111,1
2025-07-30 13:41:40.046522,PHY,0x4601,1,0,na,"[0,",0,0,1,3040.6,+20.6dB,15.9us,"[0,",1,346.9,normal,0,valid,-15.0dB,-15.0dB,na,na,,,,
2025-07-30 13:41:40.050084,PHY,0x4601,2,,na,"[0,",,,11111,,+32.1dB,13.4us,"[0,",1,346.17,normal,0,valid,-12.2dB,-12.2dB,0.14us,-26.3Hz,,"[6,",,1
2025-07-30 13:41:40.051013,PHY,0x4601,1,0,na,"[0,",0,0,1,2089.9,+18.9dB,17.6us,"[0,",1,346.18,normal,0,valid,-14.9dB,-15.0dB,na,na,,,,
2025-07-30 13:41:40.051489,PHY,0x4601,1,0,na,"[0,",0,0,1,2143.4,+19.1dB,14.0us,"[0,",1,346.19,normal,0,valid,-14.9dB,-15.0dB,na,na,,,,
2025-07-30 13:41:40.055974,PHY,0x4601,1,0,na,"[0,",0,0,1,2269.4,+19.3dB,16.4us,"[0,",1,347.8,normal,0,valid,-14.9dB,-14.9dB,na,na,,,,
2025-07-30 13:41:40.056457,PHY,0x4601,1,0,na,"[0,",0,0,1,2125.8,+19.0dB,20.3us,"[0,",1,347.9,normal,0,valid,-15.0dB,-15.0dB,na,na,,,,
2025-07-30 13:41:40.060111,PHY,0x4601,2,,na,"[0,",,,11111,,+31.5dB,13.8us,"[0,",1,347.17,normal,0,valid,-12.1dB,-12.1dB,0.15us,-51.4Hz,,"[6,",,1
2025-07-30 13:41:40.061044,PHY,0x4601,1,0,na,"[0,",0,0,1,2398.7,+19.6dB,15.1us,"[0,",1,347.18,normal,0,valid,-15.0dB,-15.0dB,na,na,,,,
2025-07-30 13:41:40.061524,PHY,0x4601,1,0,na,"[0,",0,0,1,2350.2,+19.4dB,18.8us,"[0,",1,347.19,normal,0,valid,-15.0dB,-15.0dB,na,na,,,,
2025-07-30 13:41:40.065643,CSI,0x4601,2,,na,"[0,",,,1,,+31.4dB,17.9us,"[0,",1,348.8,normal,0,valid,-11.9dB,-11.9dB,0.13us,-82.6Hz,,"[6,",1111,1
2025-07-30 13:41:40.066485,PHY,0x4601,1,0,na,"[0,",0,0,1,2366.3,+19.5dB,19.0us,"[0,",1,348.9,normal,0,valid,-14.9dB,-14.9dB,na,na,,,,
2025-07-30 13:41:40.070026,PHY,0x4601,2,,na,"[0,",,,11111,,+31.0dB,17.0us,"[0,",1,348.17,normal,0,valid,-12.1dB,-12.1dB,0.16us,+78.1Hz,,"[6,",,1
2025-07-30 13:41:40.070973,PHY,0x4601,1,0,na,"[0,",0,0,1,3555.7,+21.3dB,21.7us,"[0,",1,348.18,normal,0,valid,-14.9dB,-15.0dB,na,na,,,,
2025-07-30 13:41:40.071458,PHY,0x4601,1,0,na,"[0,",0,0,1,3565.9,+21.3dB,17.1us,"[0,",1,348.19,normal,0,valid,-14.9dB,-14.9dB,na,na,,,,
2025-07-30 13:41:40.076044,PHY,0x4601,1,0,na,"[0,",0,0,1,2150.3,+19.1dB,20.1us,"[0,",1,349.8,normal,0,valid,-15.0dB,-15.0dB,na,na,,,,
2025-07-30 13:41:40.076524,PHY,0x4601,1,0,na,"[0,",0,0,1,2250.8,+19.3dB,15.0us,"[0,",1,349.9,normal,0,valid,-15.0dB,-15.0dB,na,na,,,,
2025-07-30 13:41:40.080058,PHY,0x4601,2,,na,"[0,",,,11111,,+31.1dB,16.8us,"[0,",1,349.17,normal,0,valid,-12.0dB,-12.0dB,0.15us,+7.1Hz,,"[6,",,1
2025-07-30 13:41:40.080998,PHY,0x4601,1,0,na,"[0,",0,0,1,3448.0,+21.1dB,16.9us,"[0,",1,349.18,normal,0,valid,-15.0dB,-15.0dB,na,na,,,,
2025-07-30 13:41:40.081480,PHY,0x4601,1,0,na,"[0,",0,0,1,3346.3,+21.0dB,20.2us,"[0,",1,349.19,normal,0,valid,-14.9dB,-15.0dB,na,na,,,,
2025-07-30 13:41:40.085618,CSI,0x4601,2,,na,"[0,",,,1,,+33.1dB,17.9us,"[0,",1,350.8,normal,0,valid,-12.0dB,-12.0dB,0.15us,-23.7Hz,,"[6,",1111,1
2025-07-30 13:41:40.086544,PHY,0x4601,1,0,na,"[0,",0,0,1,2376.0,+19.5dB,17.0us,"[0,",1,350.9,normal,0,valid,-15.0dB,-15.0dB,na,na,,,,
2025-07-30 13:41:40.090105,PHY,0x4601,2,,na,"[0,",,,11111,,+28.9dB,17.9us,"[0,",1,350.17,normal,0,valid,-12.1dB,-12.1dB,0.15us,-90.8Hz,,"[6,",,1
2025-07-30 13:41:40.091023,PHY,0x4601,1,0,na,"[0,",0,0,1,3518.9,+21.2dB,16.2us,"[0,",1,350.18,normal,0,valid,-14.9dB,-14.9dB,na,na,,,,
2025-07-30 13:41:40.091504,PHY,0x4601,1,0,na,"[0,",0,0,1,3589.5,+21.3dB,15.5us,"[0,",1,350.19,normal,0,valid,-14.9dB,-14.9dB,na,na,,,,
2025-07-30 13:41:40.096554,PHY,0x4601,1,0,na,"[0,",0,0,1,2304.9,+19.4dB,21.0us,"[0,",1,351.9,normal,0,valid,-14.8dB,-14.9dB,na,na,,,,
2025-07-30 13:41:40.100157,PHY,0x4601,2,,na,"[0,",,,11111,,+30.1dB,27.5us,"[0,",1,351.17,normal,0,valid,-12.1dB,-12.1dB,0.16us,+45.0Hz,,"[6,",,1
2025-07-30 13:41:40.100955,PHY,0x4601,1,0,na,"[0,",0,0,1,2374.6,+19.5dB,17.8us,"[0,",1,351.18,normal,0,valid,-14.9dB,-15.0dB,na,na,,,,
2025-07-30 13:41:40.101535,PHY,0x4601,1,0,na,"[0,",0,0,1,2208.9,+19.2dB,15.4us,"[0,",1,351.19,normal,0,valid,-14.9dB,-15.0dB,na,na,,,,
2025-07-30 13:41:40.105559,CSI,0x4601,2,,na,"[0,",,,1,,+30.1dB,15.4us,"[0,",1,352.8,normal,0,valid,-12.0dB,-12.0dB,0.17us,-111.6Hz,,"[6,",1111,1
2025-07-30 13:41:40.106506,PHY,0x4601,1,0,na,"[0,",0,0,1,2062.4,+18.9dB,16.5us,"[0,",1,352.9,normal,0,valid,-15.0dB,-15.0dB,na,na,,,,
2025-07-30 13:41:40.110042,PHY,0x4601,2,,na,"[0,",,,11111,,+30.0dB,14.8us,"[0,",1,352.17,normal,0,valid,-12.1dB,-12.2dB,0.16us,+41.0Hz,,"[6,",,1
2025-07-30 13:41:40.110987,PHY,0x4601,1,0,na,"[0,",0,0,1,3252.9,+20.9dB,17.4us,"[0,",1,352.18,normal,0,valid,-14.9dB,-14.9dB,na,na,,,,
2025-07-30 13:41:40.111459,PHY,0x4601,1,0,na,"[0,",0,0,1,3300.7,+20.9dB,15.3us,"[0,",1,352.19,normal,0,valid,-14.9dB,-15.0dB,na,na,,,,
2025-07-30 13:41:40.115958,PHY,0x4601,1,0,na,"[0,",0,0,1,2198.7,+19.2dB,21.6us,"[0,",1,353.8,normal,0,valid,-15.0dB,-15.0dB,na,na,,,,
2025-07-30 13:41:40.116540,PHY,0x4601,1,0,na,"[0,",0,0,1,2113.5,+19.0dB,15.5us,"[0,",1,353.9,normal,0,valid,-15.0dB,-15.1dB,na,na,,,,
2025-07-30 13:41:40.120087,PHY,0x4601,2,,na,"[0,",,,11111,,+33.3dB,17.5us,"[0,",1,353.17,normal,0,valid,-12.1dB,-12.1dB,0.14us,-62.1Hz,,"[6,",,1
2025-07-30 13:41:40.121017,PHY,0x4601,1,0,na,"[0,",0,0,1,3108.9,+20.7dB,17.6us,"[0,",1,353.18,normal,0,valid,-14.9dB,-15.0dB,na,na,,,,
2025-07-30 13:41:40.121490,PHY,0x4601,1,0,na,"[0,",0,0,1,3532.3,+21.2dB,14.3us,"[0,",1,353.19,normal,0,valid,-14.9dB,-15.0dB,na,na,,,,
2025-07-30 13:41:40.125627,CSI,0x4601,2,,na,"[0,",,,1,,+30.8dB,16.4us,"[0,",1,354.8,normal,0,valid,-11.9dB,-11.9dB,0.15us,-53.6Hz,,"[6,",1111,1
2025-07-30 13:41:40.126463,PHY,0x4601,1,0,na,"[0,",0,0,1,3092.0,+20.7dB,19.2us,"[0,",1,354.9,normal,0,valid,-15.0dB,-15.0dB,na,na,,,,
2025-07-30 13:41:40.130113,PHY,0x4601,2,,na,"[0,",,,11111,,+30.0dB,21.3us,"[0,",1,354.17,normal,0,valid,-12.2dB,-12.2dB,0.14us,-36.5Hz,,"[6,",,1
2025-07-30 13:41:40.130948,PHY,0x4601,1,0,na,"[0,",0,0,1,2312.1,+19.4dB,15.9us,"[0,",1,354.18,normal,0,valid,-14.9dB,-15.0dB,na,na,,,,
2025-07-30 13:41:40.131519,PHY,0x4601,1,0,na,"[0,",0,0,1,2219.9,+19.2dB,14.0us,"[0,",1,354.19,normal,0,valid,-15.0dB,-15.0dB,na,na,,,,
2025-07-30 13:41:40.136015,PHY,0x4601,1,0,na,"[0,",0,0,1,2274.8,+19.3dB,17.5us,"[0,",1,355.8,normal,0,valid,-15.0dB,-15.0dB,na,na,,,,
2025-07-30 13:41:40.136496,PHY,0x4601,1,0,na,"[0,",0,0,1,2101.7,+19.0dB,27.4us,"[0,",1,355.9,normal,0,valid,-15.0dB,-15.1dB,na,na,,,,
2025-07-30 13:41:40.140038,PHY,0x4601,2,,na,"[0,",,,11111,,+29.7dB,14.2us,"[0,",1,355.17,normal,0,valid,-12.0dB,-12.0dB,0.14us,+117.8Hz,,"[6,",,1
2025-07-30 13:41:40.140975,PHY,0x4601,1,0,na,"[0,",0,0,1,2197.5,+19.2dB,16.4us,"[0,",1,355.18,normal,0,valid,-14.9dB,-15.0dB,na,na,,,,
2025-07-30 13:41:40.141450,PHY,0x4601,1,0,na,"[0,",0,0,1,2180.8,+19.1dB,14.1us,"[0,",1,355.19,normal,0,valid,-15.0dB,-15.0dB,na,na,,,,
2025-07-30 13:41:40.145584,CSI,0x4601,2,,na,"[0,",,,1,,+31.3dB,12.5us,"[0,",1,356.8,normal,0,valid,-11.9dB,-11.9dB,0.16us,+52.9Hz,,"[6,",1111,1
2025-07-30 13:41:40.146519,PHY,0x4601,1,0,na,"[0,",0,0,1,3550.1,+21.2dB,16.5us,"[0,",1,356.9,normal,0,valid,-15.0dB,-15.0dB,na,na,,,,
2025-07-30 13:41:40.150061,PHY,0x4601,2,,na,"[0,",,,11111,,+28.3dB,12.9us,"[0,",1,356.17,normal,0,valid,-12.0dB,-12.0dB,0.13us,+41.2Hz,,"[6,",,1
2025-07-30 13:41:40.151006,PHY,0x4601,1,0,na,"[0,",0,0,1,2370.9,+19.5dB,16.4us,"[0,",1,356.18,normal,0,valid,-14.9dB,-15.0dB,na,na,,,,
2025-07-30 13:41:40.151484,PHY,0x4601,1,0,na,"[0,",0,0,1,2302.3,+19.4dB,14.8us,"[0,",1,356.19,normal,0,valid,-14.9dB,-15.0dB,na,na,,,,
2025-07-30 13:41:40.155970,PHY,0x4601,1,0,na,"[0,",0,0,1,2180.0,+19.1dB,17.2us,"[0,",1,357.8,normal,0,valid,-15.0dB,-15.0dB,na,na,,,,
2025-07-30 13:41:40.156441,PHY,0x4601,1,0,na,"[0,",0,0,1,2323.4,+19.4dB,13.5us,"[0,",1,357.9,normal,0,valid,-15.0dB,-15.0dB,na,na,,,,
2025-07-30 13:41:40.160108,PHY,0x4601,2,,na,"[0,",,,11111,,+32.0dB,14.9us,"[0,",1,357.17,normal,0,valid,-12.2dB,-12.2dB,0.13us,+99.6Hz,,"[6,",,1
2025-07-30 13:41:40.161035,PHY,0x4601,1,0,na,"[0,",0,0,1,2984.7,+20.5dB,15.3us,"[0,",1,357.18,normal,0,valid,-14.9dB,-15.0dB,na,na,,,,
2025-07-30 13:41:40.161511,PHY,0x4601,1,0,na,"[0,",0,0,1,3497.1,+21.2dB,13.9us,"[0,",1,357.19,normal,0,valid,-15.0dB,-15.0dB,na,na,,,,
2025-07-30 13:41:40.165610,CSI,0x4601,2,,na,"[0,",,,1,,+28.9dB,14.2us,"[0,",1,358.8,normal,0,valid,-11.9dB,-11.9dB,0.14us,-5.3Hz,,"[6,",1111,1
2025-07-30 13:41:40.166472,PHY,0x4601,1,0,na,"[0,",0,0,1,3056.9,+20.6dB,15.3us,"[0,",1,358.9,normal,0,valid,-14.9dB,-14.9dB,na,na,,,,
2025-07-30 13:41:40.170014,PHY,0x4601,2,,na,"[0,",,,11111,,+29.7dB,13.9us,"[0,",1,358.17,normal,0,valid,-12.1dB,-12.1dB,0.16us,+23.1Hz,,"[6,",,1
2025-07-30 13:41:40.170958,PHY,0x4601,1,0,na,"[0,",0,0,1,2294.7,+19.3dB,14.8us,"[0,",1,358.18,normal,0,valid,-14.9dB,-15.0dB,na,na,,,,
2025-07-30 13:41:40.171542,PHY,0x4601,1,0,na,"[0,",0,0,1,2205.0,+19.2dB,13.2us,"[0,",1,358.19,normal,0,valid,-14.9dB,-15.0dB,na,na,,,,
2025-07-30 13:41:40.176026,PHY,0x4601,1,0,na,"[0,",0,0,1,2271.9,+19.3dB,16.8us,"[0,",1,359.8,normal,0,valid,-15.0dB,-15.0dB,na,na,,,,
2025-07-30 13:41:40.176518,PHY,0x4601,1,0,na,"[0,",0,0,1,2278.7,+19.3dB,14.8us,"[0,",1,359.9,normal,0,valid,-15.0dB,-15.0dB,na,na,,,,
2025-07-30 13:41:40.180050,PHY,0x4601,2,,na,"[0,",,,11111,,+32.9dB,16.9us,"[0,",1,359.17,normal,0,valid,-12.1dB,-12.1dB,0.13us,+35.8Hz,,"[6,",,1
2025-07-30 13:41:40.180992,PHY,0x4601,1,0,na,"[0,",0,0,1,3224.3,+20.8dB,15.9us,"[0,",1,359.18,normal,0,valid,-14.9dB,-15.0dB,na,na,,,,
2025-07-30 13:41:40.181466,PHY,0x4601,1,0,na,"[0,",0,0,1,3293.4,+20.9dB,14.5us,"[0,",1,359.19,normal,0,valid,-14.9dB,-14.9dB,na,na,,,,
2025-07-30 13:41:40.185606,CSI,0x4601,2,,na,"[0,",,,1,,+30.6dB,16.8us,"[0,",1,360.8,normal,0,valid,-11.9dB,-11.9dB,0.16us,-69.2Hz,,"[6,",1111,1
2025-07-30 13:41:40.186538,PHY,0x4601,1,0,na,"[0,",0,0,1,2221.7,+19.2dB,15.9us,"[0,",1,360.9,normal,0,valid,-15.0dB,-15.0dB,na,na,,,,
2025-07-30 13:41:40.190090,PHY,0x4601,2,,na,"[0,",,,11111,,+34.3dB,15.3us,"[0,",1,360.17,normal,0,valid,-12.0dB,-12.1dB,0.13us,+25.5Hz,,"[6,",,1
2025-07-30 13:41:40.191023,PHY,0x4601,1,0,na,"[0,",0,0,1,3452.9,+21.1dB,17.4us,"[0,",1,360.18,normal,0,valid,-15.0dB,-15.0dB,na,na,,,,
2025-07-30 13:41:40.191503,PHY,0x4601,1,0,na,"[0,",0,0,1,3147.0,+20.7dB,18.3us,"[0,",1,360.19,normal,0,valid,-15.0dB,-15.0dB,na,na,,,,
2025-07-30 13:41:40.195984,PHY,0x4601,1,0,na,"[0,",0,0,1,2408.1,+19.5dB,16.3us,"[0,",1,361.8,normal,0,valid,-14.9dB,-15.0dB,na,na,,,,
2025-07-30 13:41:40.196455,PHY,0x4601,1,0,na,"[0,",0,0,1,2238.3,+19.3dB,13.8us,"[0,",1,361.9,normal,0,valid,-15.0dB,-15.0dB,na,na,,,,
2025-07-30 13:41:40.200125,PHY,0x4601,2,,na,"[0,",,,11111,,+32.6dB,14.5us,"[0,",1,361.17,normal,0,valid,-12.0dB,-12.0dB,0.15us,+34.2Hz,,"[6,",,1
2025-07-30 13:41:40.200958,PHY,0x4601,1,0,na,"[0,",0,0,1,2102.9,+19.0dB,16.8us,"[0,",1,361.18,normal,0,valid,-15.0dB,-15.0dB,na,na,,,,
2025-07-30 13:41:40.201530,PHY,0x4601,1,0,na,"[0,",0,0,1,2227.7,+19.2dB,14.2us,"[0,",1,361.19,normal,0,valid,-15.0dB,-15.0dB,na,na,,,,
2025-07-30 13:41:40.205635,CSI,0x4601,2,,na,"[0,",,,1,,+32.7dB,11.9us,"[0,",1,362.8,normal,0,valid,-11.9dB,-11.9dB,0.14us,+34.6Hz,,"[6,",1111,1
2025-07-30 13:41:40.206496,PHY,0x4601,1,0,na,"[0,",0,0,1,3409.0,+21.1dB,15.7us,"[0,",1,362.9,normal,0,valid,-15.0dB,-15.0dB,na,na,,,,
2025-07-30 13:41:40.210039,PHY,0x4601,2,,na,"[0,",,,11111,,+32.3dB,21.5us,"[0,",1,362.17,normal,0,valid,-12.1dB,-12.1dB,0.17us,-169.1Hz,,"[6,",,1
2025-07-30 13:41:40.210983,PHY,0x4601,1,0,na,"[0,",0,0,1,2079.9,+18.9dB,16.6us,"[0,",1,362.18,normal,0,valid,-14.9dB,-15.0dB,na,na,,,,
2025-07-30 13:41:40.211458,PHY,0x4601,1,0,na,"[0,",0,0,1,2155.5,+19.1dB,19.3us,"[0,",1,362.19,normal,0,valid,-14.9dB,-15.0dB,na,na,,,,
2025-07-30 13:41:40.215943,PHY,0x4601,1,0,na,"[0,",0,0,1,2031.2,+18.8dB,17.6us,"[0,",1,363.8,normal,0,valid,-15.0dB,-15.0dB,na,na,,,,
2025-07-30 13:41:40.216534,PHY,0x4601,1,0,na,"[0,",0,0,1,2273.1,+19.3dB,14.6us,"[0,",1,363.9,normal,0,valid,-15.0dB,-15.0dB,na,na,,,,
2025-07-30 13:41:40.220093,PHY,0x4601,2,,na,"[0,",,,11111,,+30.4dB,21.4us,"[0,",1,363.17,normal,0,valid,-12.1dB,-12.1dB,0.16us,-87.1Hz,,"[6,",,1
2025-07-30 13:41:40.221012,PHY,0x4601,1,0,na,"[0,",0,0,1,2400.8,+19.6dB,15.2us,"[0,",1,363.18,normal,0,valid,-14.9dB,-14.9dB,na,na,,,,
2025-07-30 13:41:40.221491,PHY,0x4601,1,0,na,"[0,",0,0,1,2085.0,+18.9dB,18.0us,"[0,",1,363.19,normal,0,valid,-15.0dB,-15.0dB,na,na,,,,
2025-07-30 13:41:40.225645,CSI,0x4601,2,,na,"[0,",,,1,,+33.9dB,15.8us,"[0,",1,364.8,normal,0,valid,-12.0dB,-12.0dB,0.15us,+36.2Hz,,"[6,",1111,1
2025-07-30 13:41:40.226455,PHY,0x4601,1,0,na,"[0,",0,0,1,2477.1,+19.7dB,15.3us,"[0,",1,364.9,normal,0,valid,-15.0dB,-15.0dB,na,na,,,,
2025-07-30 13:41:40.230135,PHY,0x4601,2,,na,"[0,",,,11111,,+31.6dB,24.1us,"[0,",1,364.17,normal,0,valid,-12.2dB,-12.2dB,0.15us,+15.3Hz,,"[6,",,1
2025-07-30 13:41:40.231044,PHY,0x4601,1,0,na,"[0,",0,0,1,3170.8,+20.8dB,16.1us,"[0,",1,364.18,normal,0,valid,-15.0dB,-15.0dB,na,na,,,,
2025-07-30 13:41:40.231516,PHY,0x4601,1,0,na,"[0,",0,0,1,3252.7,+20.9dB,13.9us,"[0,",1,364.19,normal,0,valid,-14.9dB,-14.9dB,na,na,,,,
2025-07-30 13:41:40.236005,PHY,0x4601,1,0,na,"[0,",0,0,1,2140.6,+19.0dB,16.1us,"[0,",1,365.8,normal,0,valid,-15.0dB,-15.0dB,na,na,,,,
2025-07-30 13:41:40.236492,PHY,0x4601,1,0,na,"[0,",0,0,1,2048.3,+18.9dB,27.2us,"[0,",1,365.9,normal,0,valid,-15.0dB,-15.0dB,na,na,,,,
2025-07-30 13:41:40.240024,PHY,0x4601,2,,na,"[0,",,,11111,,+28.4dB,13.7us,"[0,",1,365.17,normal,0,valid,-12.1dB,-12.1dB,0.15us,+143.2Hz,,"[6,",,1
2025-07-30 13:41:40.240965,PHY,0x4601,1,0,na,"[0,",0,0,1,3306.1,+20.9dB,15.5us,"[0,",1,365.18,normal,0,valid,-15.0dB,-15.0dB,na,na,,,,
2025-07-30 13:41:40.241442,PHY,0x4601,1,0,na,"[0,",0,0,1,3384.4,+21.0dB,14.3us,"[0,",1,365.19,normal,0,valid,-14.9dB,-15.0dB,na,na,,,,
2025-07-30 13:41:40.245578,CSI,0x4601,2,,na,"[0,",,,1,,+32.9dB,15.5us,"[0,",1,366.8,normal,0,valid,-12.0dB,-12.1dB,0.15us,-17.8Hz,,"[6,",1111,1
2025-07-30 13:41:40.246520,PHY,0x4601,1,0,na,"[0,",0,0,1,3697.5,+21.4dB,16.4us,"[0,",1,366.9,normal,0,valid,-15.0dB,-15.0dB,na,na,,,,
2025-07-30 13:41:40.250059,PHY,0x4601,2,,na,"[0,",,,11111,,+31.6dB,16.1us,"[0,",1,366.17,normal,0,valid,-12.0dB,-12.0dB,0.14us,-13.0Hz,,"[6,",,1
2025-07-30 13:41:40.250999,PHY,0x4601,1,0,na,"[0,",0,0,1,3233.7,+20.8dB,16.9us,"[0,",1,366.18,normal,0,valid,-15.0dB,-15.0dB,na,na,,,,
2025-07-30 13:41:40.251473,PHY,0x4601,1,0,na,"[0,",0,0,1,3415.9,+21.1dB,13.7us,"[0,",1,366.19,normal,0,valid,-14.9dB,-14.9dB,na,na,,,,
2025-07-30 13:41:40.255961,PHY,0x4601,1,0,na,"[0,",0,0,1,2163.6,+19.1dB,15.5us,"[0,",1,367.8,normal,0,valid,-15.0dB,-15.0dB,na,na,,,,
2025-07-30 13:41:40.256546,PHY,0x4601,1,0,na,"[0,",0,0,1,2147.7,+19.1dB,14.9us,"[0,",1,367.9,normal,0,valid,-15.0dB,-15.0dB,na,na,,,,
2025-07-30 13:41:40.260115,PHY,0x4601,2,,na,"[0,",,,11111,,+28.1dB,13.4us,"[0,",1,367.17,normal,0,valid,-12.0dB,-12.0dB,0.14us,-1.9Hz,,"[6,",,1
2025-07-30 13:41:40.261024,PHY,0x4601,1,0,na,"[0,",0,0,1,2198.5,+19.1dB,15.1us,"[0,",1,367.18,normal,0,valid,-15.0dB,-15.0dB,na,na,,,,
2025-07-30 13:41:40.261513,PHY,0x4601,1,0,na,"[0,",0,0,1,2238.1,+19.3dB,18.3us,"[0,",1,367.19,normal,0,valid,-15.0dB,-15.0dB,na,na,,,,
2025-07-30 13:41:40.265594,CSI,0x4601,2,,na,"[0,",,,1,,+28.4dB,11.3us,"[0,",1,368.8,normal,0,valid,-12.0dB,-12.0dB,0.15us,+8.8Hz,,"[6,",1111,1
2025-07-30 13:41:40.266485,PHY,0x4601,1,0,na,"[0,",0,0,1,2217.0,+19.2dB,19.8us,"[0,",1,368.9,normal,0,valid,-14.9dB,-15.0dB,na,na,,,,
2025-07-30 13:41:40.270135,PHY,0x4601,2,,na,"[0,",,,11111,,+28.8dB,17.3us,"[0,",1,368.17,normal,0,valid,-12.1dB,-12.1dB,0.13us,+52.2Hz,,"[6,",,1
2025-07-30 13:41:40.270954,PHY,0x4601,1,0,na,"[0,",0,0,1,3084.4,+20.6dB,16.4us,"[0,",1,368.18,normal,0,valid,-14.9dB,-14.9dB,na,na,,,,
2025-07-30 13:41:40.271551,PHY,0x4601,1,0,na,"[0,",0,0,1,3344.2,+21.0dB,18.1us,"[0,",1,368.19,normal,0,valid,-14.9dB,-15.0dB,na,na,,,,
2025-07-30 13:41:40.276023,PHY,0x4601,1,0,na,"[0,",0,0,1,2176.5,+19.1dB,16.2us,"[0,",1,369.8,normal,0,valid,-15.0dB,-15.0dB,na,na,,,,
2025-07-30 13:41:40.276504,PHY,0x4601,1,0,na,"[0,",0,0,1,2355.9,+19.4dB,13.8us,"[0,",1,369.9,normal,0,valid,-15.0dB,-15.1dB,na,na,,,,
2025-07-30 13:41:40.280042,PHY,0x4601,2,,na,"[0,",,,11111,,+29.5dB,14.0us,"[0,",1,369.17,normal,0,valid,-12.1dB,-12.1dB,0.14us,+12.0Hz,,"[6,",,1
2025-07-30 13:41:40.280985,PHY,0x4601,1,0,na,"[0,",0,0,1,3285.5,+20.9dB,17.8us,"[0,",1,369.18,normal,0,valid,-15.0dB,-15.0dB,na,na,,,,
2025-07-30 13:41:40.281466,PHY,0x4601,1,0,na,"[0,",0,0,1,3255.7,+20.9dB,16.7us,"[0,",1,369.19,normal,0,valid,-14.9dB,-15.0dB,na,na,,,,
2025-07-30 13:41:40.285595,CSI,0x4601,2,,na,"[0,",,,1,,+30.2dB,17.9us,"[0,",1,370.8,normal,0,valid,-12.0dB,-12.0dB,0.15us,-38.3Hz,,"[6,",1111,1
2025-07-30 13:41:40.286528,PHY,0x4601,1,0,na,"[0,",0,0,1,2054.6,+18.9dB,16.0us,"[0,",1,370.9,normal,0,valid,-15.0dB,-15.0dB,na,na,,,,
2025-07-30 13:41:40.290075,PHY,0x4601,2,,na,"[0,",,,11111,,+29.1dB,14.2us,"[0,",1,370.17,normal,0,valid,-12.1dB,-12.1dB,0.16us,+121.0Hz,,"[6,",,1
2025-07-30 13:41:40.291014,PHY,0x4601,1,0,na,"[0,",0,0,1,2155.4,+19.1dB,15.5us,"[0,",1,370.18,normal,0,valid,-15.0dB,-15.0dB,na,na,,,,
2025-07-30 13:41:40.291493,PHY,0x4601,1,0,na,"[0,",0,0,1,2113.9,+19.0dB,15.6us,"[0,",1,370.19,normal,0,valid,-14.9dB,-15.0dB,na,na,,,,
2025-07-30 13:41:40.295984,PHY,0x4601,1,0,na,"[0,",0,0,1,2135.6,+19.0dB,16.6us,"[0,",1,371.8,normal,0,valid,-15.0dB,-15.0dB,na,na,,,,
2025-07-30 13:41:40.296461,PHY,0x4601,1,0,na,"[0,",0,0,1,2218.8,+19.2dB,14.6us,"[0,",1,371.9,normal,0,valid,-15.0dB,-15.0dB,na,na,,,,
2025-07-30 13:41:40.300109,PHY,0x4601,2,,na,"[0,",,,11111,,+35.4dB,15.0us,"[0,",1,371.17,normal,0,valid,-12.0dB,-12.0dB,0.15us,-71.8Hz,,"[6,",,1
2025-07-30 13:41:40.300947,PHY,0x4601,1,0,na,"[0,",0,0,1,2453.3,+19.7dB,15.5us,"[0,",1,371.18,normal,0,valid,-14.9dB,-15.0dB,na,na,,,,
2025-07-30 13:41:40.301522,PHY,0x4601,1,0,na,"[0,",0,0,1,2116.5,+19.0dB,14.0us,"[0,",1,371.19,normal,0,valid,-15.0dB,-15.0dB,na,na,,,,
2025-07-30 13:41:40.305613,CSI,0x4601,2,,na,"[0,",,,1,,+30.7dB,11.4us,"[0,",1,372.8,normal,0,valid,-12.0dB,-12.0dB,0.13us,-38.2Hz,,"[6,",1111,1
2025-07-30 13:41:40.306486,PHY,0x4601,1,0,na,"[0,",0,0,1,3365.6,+21.0dB,17.3us,"[0,",1,372.9,normal,0,valid,-15.0dB,-15.0dB,na,na,,,,
2025-07-30 13:41:40.310026,PHY,0x4601,2,,na,"[0,",,,11111,,+27.0dB,12.6us,"[0,",1,372.17,normal,0,valid,-12.2dB,-12.3dB,0.15us,-47.1Hz,,"[6,",,1
2025-07-30 13:41:40.310976,PHY,0x4601,1,0,na,"[0,",0,0,1,3813.9,+21.5dB,15.2us,"[0,",1,372.18,normal,0,valid,-14.9dB,-14.9dB,na,na,,,,
2025-07-30 13:41:40.311450,PHY,0x4601,1,0,na,"[0,",0,0,1,3270.3,+20.9dB,14.1us,"[0,",1,372.19,normal,0,valid,-14.9dB,-15.0dB,na,na,,,,
2025-07-30 13:41:40.316049,PHY,0x4601,1,0,na,"[0,",0,0,1,2398.1,+19.5dB,16.9us,"[0,",1,373.8,normal,0,valid,-15.0dB,-15.0dB,na,na,,,,
2025-07-30 13:41:40.316533,PHY,0x4601,1,0,na,"[0,",0,0,1,2254.9,+19.3dB,14.5us,"[0,",1,373.9,normal,0,valid,-15.0dB,-15.0dB,na,na,,,,
2025-07-30 13:41:40.320079,PHY,0x4601,2,,na,"[0,",,,11111,,+27.5dB,15.7us,"[0,",1,373.17,normal,0,valid,-12.0dB,-12.0dB,0.12us,-0.6Hz,,"[6,",,1
2025-07-30 13:41:40.321005,PHY,0x4601,1,0,na,"[0,",0,0,1,2214.0,+19.2dB,16.2us,"[0,",1,373.18,normal,0,valid,-15.0dB,-15.1dB,na,na,,,,
2025-07-30 13:41:40.321480,PHY,0x4601,1,0,na,"[0,",0,0,1,2185.7,+19.1dB,14.0us,"[0,",1,373.19,normal,0,valid,-14.9dB,-15.0dB,na,na,,,,
2025-07-30 13:41:40.325614,CSI,0x4601,2,,na,"[0,",,,1,,+32.6dB,15.4us,"[0,",1,374.8,normal,0,valid,-12.1dB,-12.1dB,0.15us,-118.0Hz,,"[6,",1111,1
2025-07-30 13:41:40.326442,PHY,0x4601,1,0,na,"[0,",0,0,1,2199.5,+19.2dB,15.1us,"[0,",1,374.9,normal,0,valid,-15.0dB,-15.0dB,na,na,,,,
2025-07-30 13:41:40.330109,PHY,0x4601,2,,na,"[0,",,,11111,,+30.5dB,16.7us,"[0,",1,374.17,normal,0,valid,-12.1dB,-12.1dB,0.15us,-3.7Hz,,"[6,",,1
2025-07-30 13:41:40.331036,PHY,0x4601,1,0,na,"[0,",0,0,1,2245.7,+19.2dB,15.8us,"[0,",1,374.18,normal,0,valid,-15.0dB,-15.0dB,na,na,,,,
2025-07-30 13:41:40.331515,PHY,0x4601,1,0,na,"[0,",0,0,1,2265.0,+19.3dB,13.5us,"[0,",1,374.19,normal,0,valid,-14.9dB,-15.0dB,na,na,,,,
2025-07-30 13:41:40.336002,PHY,0x4601,1,0,na,"[0,",0,0,1,2373.4,+19.5dB,15.8us,"[0,",1,375.8,normal,0,valid,-15.0dB,-15.0dB,na,na,,,,
2025-07-30 13:41:40.336483,PHY,0x4601,1,0,na,"[0,",0,0,1,2004.2,+18.8dB,24.9us,"[0,",1,375.9,normal,0,valid,-15.0dB,-15.0dB,na,na,,,,
2025-07-30 13:41:40.340016,PHY,0x4601,2,,na,"[0,",,,11111,,+32.8dB,14.8us,"[0,",1,375.17,normal,0,valid,-12.1dB,-12.1dB,0.13us,+15.0Hz,,"[6,",,1
2025-07-30 13:41:40.340963,PHY,0x4601,1,0,na,"[0,",0,0,1,2266.7,+19.3dB,17.2us,"[0,",1,375.18,normal,0,valid,-15.0dB,-15.0dB,na,na,,,,
2025-07-30 13:41:40.341546,PHY,0x4601,1,0,na,"[0,",0,0,1,2225.0,+19.2dB,13.5us,"[0,",1,375.19,normal,0,valid,-14.9dB,-15.0dB,na,na,,,,
2025-07-30 13:41:40.345589,CSI,0x4601,2,,na,"[0,",,,1,,+32.8dB,11.6us,"[0,",1,376.8,normal,0,valid,-12.2dB,-12.2dB,0.16us,-116.2Hz,,"[6,",1111,1
2025-07-30 13:41:40.346511,PHY,0x4601,1,0,na,"[0,",0,0,1,2132.6,+19.0dB,14.7us,"[0,",1,376.9,normal,0,valid,-14.9dB,-15.0dB,na,na,,,,
2025-07-30 13:41:40.350046,PHY,0x4601,2,,na,"[0,",,,11111,,+31.1dB,12.9us,"[0,",1,376.17,normal,0,valid,-12.0dB,-12.0dB,0.17us,-29.3Hz,,"[6,",,1
2025-07-30 13:41:40.350994,PHY,0x4601,1,0,na,"[0,",0,0,1,3016.2,+20.5dB,21.1us,"[0,",1,376.18,normal,0,valid,-14.9dB,-15.0dB,na,na,,,,
2025-07-30 13:41:40.351468,PHY,0x4601,1,0,na,"[0,",0,0,1,3152.8,+20.7dB,13.8us,"[0,",1,376.19,normal,0,valid,-14.9dB,-15.0dB,na,na,,,,
2025-07-30 13:41:40.355957,PHY,0x4601,1,0,na,"[0,",0,0,1,2251.6,+19.3dB,15.4us,"[0,",1,377.8,normal,0,valid,-15.0dB,-15.0dB,na,na,,,,
2025-07-30 13:41:40.356537,PHY,0x4601,1,0,na,"[0,",0,0,1,2219.2,+19.2dB,14.4us,"[0,",1,377.9,normal,0,valid,-15.0dB,-15.1dB,na,na,,,,
2025-07-30 13:41:40.360112,PHY,0x4601,2,,na,"[0,",,,11111,,+28.8dB,13.6us,"[0,",1,377.17,normal,0,valid,-12.1dB,-12.1dB,0.14us,+19.1Hz,,"[6,",,1
2025-07-30 13:41:40.361030,PHY,0x4601,1,0,na,"[0,",0,0,1,2115.2,+19.0dB,23.1us,"[0,",1,377.18,normal,0,valid,-14.9dB,-15.0dB,na,na,,,,
2025-07-30 13:41:40.361502,PHY,0x4601,1,0,na,"[0,",0,0,1,2287.6,+19.3dB,13.7us,"[0,",1,377.19,normal,0,valid,-14.9dB,-15.0dB,na,na,,,,
2025-07-30 13:41:40.365595,CSI,0x4601,2,,na,"[0,",,,1,,+32.2dB,11.7us,"[0,",1,378.8,normal,0,valid,-12.0dB,-12.0dB,0.14us,-124.8Hz,,"[6,",1111,1
2025-07-30 13:41:40.366462,PHY,0x4601,1,0,na,"[0,",0,0,1,3399.1,+21.1dB,17.7us,"[0,",1,378.9,normal,0,valid,-15.0dB,-15.0dB,na,na,,,,
2025-07-30 13:41:40.370118,PHY,0x4601,2,,na,"[0,",,,11111,,+32.4dB,16.8us,"[0,",1,378.17,normal,0,valid,-12.1dB,-12.1dB,0.16us,+49.1Hz,,"[6,",,1
2025-07-30 13:41:40.370952,PHY,0x4601,1,0,na,"[0,",0,0,1,2054.1,+18.9dB,15.9us,"[0,",1,378.18,normal,0,valid,-14.9dB,-15.0dB,na,na,,,,
2025-07-30 13:41:40.371534,PHY,0x4601,1,0,na,"[0,",0,0,1,2025.3,+18.8dB,14.7us,"[0,",1,378.19,normal,0,valid,-14.9dB,-15.0dB,na,na,,,,
2025-07-30 13:41:40.376023,PHY,0x4601,1,0,na,"[0,",0,0,1,2155.2,+19.1dB,21.6us,"[0,",1,379.8,normal,0,valid,-15.0dB,-15.0dB,na,na,,,,
2025-07-30 13:41:40.376518,PHY,0x4601,1,0,na,"[0,",0,0,1,2196.3,+19.2dB,14.4us,"[0,",1,379.9,normal,0,valid,-15.0dB,-15.0dB,na,na,,,,
2025-07-30 13:41:40.380028,PHY,0x4601,2,,na,"[0,",,,11111,,+29.5dB,13.6us,"[0,",1,379.17,normal,0,valid,-12.1dB,-12.2dB,0.15us,+108.7Hz,,"[6,",,1
2025-07-30 13:41:40.380982,PHY,0x4601,1,0,na,"[0,",0,0,1,2111.8,+19.0dB,15.9us,"[0,",1,379.18,normal,0,valid,-15.0dB,-15.0dB,na,na,,,,
2025-07-30 13:41:40.381456,PHY,0x4601,1,0,na,"[0,",0,0,1,2218.5,+19.2dB,17.2us,"[0,",1,379.19,normal,0,valid,-14.9dB,-15.0dB,na,na,,,,
2025-07-30 13:41:40.385597,CSI,0x4601,2,,na,"[0,",,,1,,+30.0dB,26.0us,"[0,",1,380.8,normal,0,valid,-11.9dB,-11.9dB,0.16us,-118.4Hz,,"[6,",1111,1
2025-07-30 13:41:40.386532,PHY,0x4601,1,0,na,"[0,",0,0,1,2123.7,+19.0dB,15.1us,"[0,",1,380.9,normal,0,valid,-15.0dB,-15.0dB,na,na,,,,
2025-07-30 13:41:40.390097,PHY,0x4601,2,,na,"[0,",,,11111,,+33.4dB,21.4us,"[0,",1,380.17,normal,0,valid,-12.1dB,-12.1dB,0.14us,+30.8Hz,,"[6,",,1
2025-07-30 13:41:40.391017,PHY,0x4601,1,0,na,"[0,",0,0,1,2284.3,+19.3dB,16.6us,"[0,",1,380.18,normal,0,valid,-14.9dB,-15.0dB,na,na,,,,
2025-07-30 13:41:40.391500,PHY,0x4601,1,0,na,"[0,",0,0,1,2213.4,+19.2dB,18.6us,"[0,",1,380.19,normal,0,valid,-14.9dB,-15.0dB,na,na,,,,
2025-07-30 13:41:40.396532,PHY,0x4601,1,0,na,"[0,",0,0,1,2191.7,+19.2dB,23.7us,"[0,",1,381.8,normal,0,valid,-15.0dB,-15.0dB,na,na,,,,
2025-07-30 13:41:40.396587,PHY,0x4601,1,0,na,"[0,",0,0,1,2369.8,+19.5dB,12.9us,"[0,",1,381.9,normal,0,valid,-15.0dB,-15.0dB,na,na,,,,
2025-07-30 13:41:40.400135,PHY,0x4601,2,,na,"[0,",,,11111,,+32.6dB,15.6us,"[0,",1,381.17,normal,0,valid,-12.2dB,-12.2dB,0.12us,-42.4Hz,,"[6,",,1
2025-07-30 13:41:40.401047,PHY,0x4601,1,0,na,"[0,",0,0,1,3225.1,+20.8dB,17.9us,"[0,",1,381.18,normal,0,valid,-15.0dB,-15.0dB,na,na,,,,
2025-07-30 13:41:40.401518,PHY,0x4601,1,0,na,"[0,",0,0,1,3216.5,+20.8dB,18.7us,"[0,",1,381.19,normal,0,valid,-15.0dB,-15.0dB,na,na,,,,
2025-07-30 13:41:40.405630,CSI,0x4601,2,,na,"[0,",,,1,,+32.6dB,15.2us,"[0,",1,382.8,normal,0,valid,-12.1dB,-12.1dB,0.13us,-169.1Hz,,"[6,",1111,1
2025-07-30 13:41:40.406481,PHY,0x4601,1,0,na,"[0,",0,0,1,2859.5,+20.3dB,17.5us,"[0,",1,382.9,normal,0,valid,-15.0dB,-15.0dB,na,na,,,,
2025-07-30 13:41:40.410022,PHY,0x4601,2,,na,"[0,",,,11111,,+30.0dB,17.8us,"[0,",1,382.17,normal,0,valid,-12.0dB,-12.1dB,0.15us,-49.2Hz,,"[6,",,1
2025-07-30 13:41:40.410968,PHY,0x4601,1,0,na,"[0,",0,0,1,3169.4,+20.7dB,17.4us,"[0,",1,382.18,normal,0,valid,-15.0dB,-15.0dB,na,na,,,,
2025-07-30 13:41:40.411447,PHY,0x4601,1,0,na,"[0,",0,0,1,3564.2,+21.2dB,17.9us,"[0,",1,382.19,normal,0,valid,-14.9dB,-15.0dB,na,na,,,,
2025-07-30 13:41:40.416049,PHY,0x4601,1,0,na,"[0,",0,0,1,2070.4,+18.9dB,15.9us,"[0,",1,383.8,normal,0,valid,-15.0dB,-15.0dB,na,na,,,,
2025-07-30 13:41:40.416522,PHY,0x4601,1,0,na,"[0,",0,0,1,2145.0,+19.1dB,14.3us,"[0,",1,383.9,normal,0,valid,-15.0dB,-15.1dB,na,na,,,,
2025-07-30 13:41:40.420066,PHY,0x4601,2,,na,"[0,",,,11111,,+34.3dB,13.8us,"[0,",1,383.17,normal,0,valid,-11.9dB,-12.0dB,0.15us,-11.9Hz,,"[6,",,1
2025-07-30 13:41:40.420997,PHY,0x4601,1,0,na,"[0,",0,0,1,1865.2,+18.5dB,15.4us,"[0,",1,383.18,normal,0,valid,-14.9dB,-15.0dB,na,na,,,,
2025-07-30 13:41:40.421478,PHY,0x4601,1,0,na,"[0,",0,0,1,2229.4,+19.2dB,17.0us,"[0,",1,383.19,normal,0,valid,-14.9dB,-15.0dB,na,na,,,,
2025-07-30 13:41:40.425608,CSI,0x4601,2,,na,"[0,",,,1,,+29.5dB,15.1us,"[0,",1,384.8,normal,0,valid,-12.0dB,-12.0dB,0.16us,-71.0Hz,,"[6,",1111,1
2025-07-30 13:41:40.426543,PHY,0x4601,1,0,na,"[0,",0,0,1,3233.9,+20.8dB,15.8us,"[0,",1,384.9,normal,0,valid,-15.0dB,-15.0dB,na,na,,,,
2025-07-30 13:41:40.430100,PHY,0x4601,2,,na,"[0,",,,11111,,+32.3dB,13.3us,"[0,",1,384.17,normal,0,valid,-12.2dB,-12.2dB,0.13us,+44.5Hz,,"[6,",,1
2025-07-30 13:41:40.431023,PHY,0x4601,1,0,na,"[0,",0,0,1,2179.1,+19.1dB,15.2us,"[0,",1,384.18,normal,0,valid,-14.9dB,-15.0dB,na,na,,,,
2025-07-30 13:41:40.431514,PHY,0x4601,1,0,na,"[0,",0,0,1,2036.1,+18.8dB,18.2us,"[0,",1,384.19,normal,0,valid,-14.9dB,-15.0dB,na,na,,,,
2025-07-30 13:41:40.436015,PHY,0x4601,1,0,na,"[0,",0,0,1,2213.0,+19.2dB,19.6us,"[0,",1,385.8,normal,0,valid,-15.0dB,-15.0dB,na,na,,,,
2025-07-30 13:41:40.436486,PHY,0x4601,1,0,na,"[0,",0,0,1,2063.2,+18.9dB,28.4us,"[0,",1,385.9,normal,0,valid,-15.0dB,-15.0dB,na,na,,,,
2025-07-30 13:41:40.440126,PHY,0x4601,2,,na,"[0,",,,11111,,+29.3dB,13.8us,"[0,",1,385.17,normal,0,valid,-12.0dB,-12.0dB,0.14us,-91.1Hz,,"[6,",,1
2025-07-30 13:41:40.440957,PHY,0x4601,1,0,na,"[0,",0,0,1,3193.4,+20.8dB,21.4us,"[0,",1,385.18,normal,0,valid,-15.0dB,-15.0dB,na,na,,,,
2025-07-30 13:41:40.441540,PHY,0x4601,1,0,na,"[0,",0,0,1,3150.9,+20.7dB,18.3us,"[0,",1,385.19,normal,0,valid,-14.9dB,-15.0dB,na,na,,,,
2025-07-30 13:41:40.445554,CSI,0x4601,2,,na,"[0,",,,1,,+32.8dB,12.1us,"[0,",1,386.8,normal,0,valid,-12.0dB,-12.0dB,0.16us,-148.3Hz,,"[6,",1111,1
2025-07-30 13:41:40.446499,PHY,0x4601,1,0,na,"[0,",0,0,1,2174.1,+19.1dB,15.3us,"[0,",1,386.9,normal,0,valid,-15.0dB,-15.0dB,na,na,,,,
2025-07-30 13:41:40.450038,PHY,0x4601,2,,na,"[0,",,,11111,,+31.1dB,13.4us,"[0,",1,386.17,normal,0,valid,-12.1dB,-12.1dB,0.16us,+37.0Hz,,"[6,",,1
2025-07-30 13:41:40.450983,PHY,0x4601,1,0,na,"[0,",0,0,1,1995.2,+18.7dB,15.0us,"[0,",1,386.18,normal,0,valid,-15.0dB,-15.0dB,na,na,,,,
2025-07-30 13:41:40.451464,PHY,0x4601,1,0,na,"[0,",0,0,1,2246.0,+19.2dB,17.3us,"[0,",1,386.19,normal,0,valid,-15.0dB,-15.0dB,na,na,,,,
2025-07-30 13:41:40.455948,PHY,0x4601,1,0,na,"[0,",0,0,1,2242.9,+19.2dB,16.5us,"[0,",1,387.8,normal,0,valid,-15.0dB,-15.0dB,na,na,,,,
2025-07-30 13:41:40.456532,PHY,0x4601,1,0,na,"[0,",0,0,1,2098.1,+19.0dB,14.4us,"[0,",1,387.9,normal,0,valid,-15.0dB,-15.1dB,na,na,,,,
2025-07-30 13:41:40.460084,PHY,0x4601,2,,na,"[0,",,,11111,,+29.1dB,13.1us,"[0,",1,387.17,normal,0,valid,-12.1dB,-12.1dB,0.14us,-67.2Hz,,"[6,",,1
2025-07-30 13:41:40.461015,PHY,0x4601,1,0,na,"[0,",0,0,1,2059.1,+18.9dB,15.7us,"[0,",1,387.18,normal,0,valid,-15.0dB,-15.1dB,na,na,,,,
2025-07-30 13:41:40.461493,PHY,0x4601,1,0,na,"[0,",0,0,1,2083.5,+18.9dB,16.6us,"[0,",1,387.19,normal,0,valid,-15.0dB,-15.0dB,na,na,,,,
2025-07-30 13:41:40.465624,CSI,0x4601,2,,na,"[0,",,,1,,+36.1dB,14.3us,"[0,",1,388.8,normal,0,valid,-12.0dB,-12.0dB,0.13us,+20.6Hz,,"[6,",1111,1
2025-07-30 13:41:40.466456,PHY,0x4601,1,0,na,"[0,",0,0,1,3092.5,+20.7dB,17.9us,"[0,",1,388.9,normal,0,valid,-15.0dB,-15.0dB,na,na,,,,
2025-07-30 13:41:40.470116,PHY,0x4601,2,,na,"[0,",,,11111,,+27.5dB,13.9us,"[0,",1,388.17,normal,0,valid,-12.1dB,-12.1dB,0.16us,-0.3Hz,,"[6,",,1
2025-07-30 13:41:40.470949,PHY,0x4601,1,0,na,"[0,",0,0,1,3606.9,+21.3dB,16.0us,"[0,",1,388.18,normal,0,valid,-14.9dB,-15.0dB,na,na,,,,
2025-07-30 13:41:40.471523,PHY,0x4601,1,0,na,"[0,",0,0,1,3442.7,+21.1dB,18.2us,"[0,",1,388.19,normal,0,valid,-14.9dB,-15.0dB,na,na,,,,
2025-07-30 13:41:40.476013,PHY,0x4601,1,0,na,"[0,",0,0,1,2203.2,+19.2dB,17.2us,"[0,",1,389.8,normal,0,valid,-15.0dB,-15.0dB,na,na,,,,
2025-07-30 13:41:40.476494,PHY,0x4601,1,0,na,"[0,",0,0,1,2093.1,+19.0dB,23.5us,"[0,",1,389.9,normal,0,valid,-15.0dB,-15.1dB,na,na,,,,
2025-07-30 13:41:40.480032,PHY,0x4601,2,,na,"[0,",,,11111,,+28.8dB,15.5us,"[0,",1,389.17,normal,0,valid,-12.0dB,-12.1dB,0.13us,+66.1Hz,,"[6,",,1
2025-07-30 13:41:40.480973,PHY,0x4601,1,0,na,"[0,",0,0,1,2131.7,+19.0dB,16.7us,"[0,",1,389.18,normal,0,valid,-15.0dB,-15.1dB,na,na,,,,
2025-07-30 13:41:40.481460,PHY,0x4601,1,0,na,"[0,",0,0,1,2206.9,+19.2dB,18.1us,"[0,",1,389.19,normal,0,valid,-15.0dB,-15.0dB,na,na,,,,
2025-07-30 13:41:40.485583,CSI,0x4601,2,,na,"[0,",,,1,,+33.1dB,14.9us,"[0,",1,390.8,normal,0,valid,-12.0dB,-12.0dB,0.14us,-29.4Hz,,"[6,",1111,1
2025-07-30 13:41:40.486518,PHY,0x4601,1,0,na,"[0,",0,0,1,3443.6,+21.1dB,15.8us,"[0,",1,390.9,normal,0,valid,-14.9dB,-15.0dB,na,na,,,,
2025-07-30 13:41:40.490073,PHY,0x4601,2,,na,"[0,",,,11111,,+29.8dB,17.4us,"[0,",1,390.17,normal,0,valid,-12.0dB,-12.0dB,0.15us,+41.9Hz,,"[6,",,1
2025-07-30 13:41:40.491005,PHY,0x4601,1,0,na,"[0,",0,0,1,2278.1,+19.3dB,17.0us,"[0,",1,390.18,normal,0,valid,-15.0dB,-15.0dB,na,na,,,,
2025-07-30 13:41:40.491479,PHY,0x4601,1,0,na,"[0,",0,0,1,2193.7,+19.2dB,13.7us,"[0,",1,390.19,normal,0,valid,-15.0dB,-15.0dB,na,na,,,,
2025-07-30 13:41:40.495966,PHY,0x4601,1,0,na,"[0,",0,0,1,2328.2,+19.4dB,15.8us,"[0,",1,391.8,normal,0,valid,-15.0dB,-15.0dB,na,na,,,,
2025-07-30 13:41:40.496440,PHY,0x4601,1,0,na,"[0,",0,0,1,2183.4,+19.1dB,15.9us,"[0,",1,391.9,normal,0,valid,-15.0dB,-15.1dB,na,na,,,,
2025-07-30 13:41:40.500111,PHY,0x4601,2,,na,"[0,",,,11111,,+29.0dB,15.0us,"[0,",1,391.17,normal,0,valid,-12.0dB,-12.1dB,0.14us,+21.1Hz,,"[6,",,1
2025-07-30 13:41:40.501036,PHY,0x4601,1,0,na,"[0,",0,0,1,2193.6,+19.2dB,15.8us,"[0,",1,391.18,normal,0,valid,-14.9dB,-15.0dB,na,na,,,,
2025-07-30 13:41:40.501520,PHY,0x4601,1,0,na,"[0,",0,0,1,2071.4,+18.9dB,25.3us,"[0,",1,391.19,normal,0,valid,-14.9dB,-15.0dB,na,na,,,,
2025-07-30 13:41:40.505596,CSI,0x4601,2,,na,"[0,",,,1,,+28.7dB,11.7us,"[0,",1,392.8,normal,0,valid,-11.8dB,-11.9dB,0.14us,-69.2Hz,,"[6,",1111,1
2025-07-30 13:41:40.506485,PHY,0x4601,1,0,na,"[0,",0,0,1,3113.7,+20.7dB,16.4us,"[0,",1,392.9,normal,0,valid,-15.0dB,-15.0dB,na,na,,,,
2025-07-30 13:41:40.510019,PHY,0x4601,2,,na,"[0,",,,11111,,+33.0dB,14.4us,"[0,",1,392.17,normal,0,valid,-12.1dB,-12.1dB,0.15us,+44.7Hz,,"[6,",,1
2025-07-30 13:41:40.510960,PHY,0x4601,1,0,na,"[0,",0,0,1,2188.3,+19.1dB,15.7us,"[0,",1,392.18,normal,0,valid,-15.0dB,-15.0dB,na,na,,,,
2025-07-30 13:41:40.511544,PHY,0x4601,1,0,na,"[0,",0,0,1,2263.5,+19.3dB,18.0us,"[0,",1,392.19,normal,0,valid,-14.9dB,-15.0dB,na,na,,,,
2025-07-30 13:41:40.516024,PHY,0x4601,1,0,na,"[0,",0,0,1,2264.8,+19.3dB,15.9us,"[0,",1,393.8,normal,0,valid,-15.0dB,-15.1dB,na,na,,,,
2025-07-30 13:41:40.516522,PHY,0x4601,1,0,na,"[0,",0,0,1,2229.7,+19.2dB,15.1us,"[0,",1,393.9,normal,0,valid,-15.0dB,-15.0dB,na,na,,,,
2025-07-30 13:41:40.520053,PHY,0x4601,2,,na,"[0,",,,11111,,+29.3dB,15.2us,"[0,",1,393.17,normal,0,valid,-12.1dB,-12.1dB,0.12us,+40.5Hz,,"[6,",,1
2025-07-30 13:41:40.520992,PHY,0x4601,1,0,na,"[0,",0,0,1,3064.0,+20.6dB,15.4us,"[0,",1,393.18,normal,0,valid,-15.0dB,-15.0dB,na,na,,,,
2025-07-30 13:41:40.521470,PHY,0x4601,1,0,na,"[0,",0,0,1,3032.6,+20.6dB,16.9us,"[0,",1,393.19,normal,0,valid,-15.0dB,-15.0dB,na,na,,,,
2025-07-30 13:41:40.525600,CSI,0x4601,2,,na,"[0,",,,1,,+29.6dB,16.1us,"[0,",1,394.8,normal,0,valid,-11.9dB,-11.9dB,0.15us,-24.5Hz,,"[6,",1111,1
2025-07-30 13:41:40.526541,PHY,0x4601,1,0,na,"[0,",0,0,1,2171.0,+19.1dB,15.3us,"[0,",1,394.9,normal,0,valid,-15.0dB,-15.0dB,na,na,,,,
2025-07-30 13:41:40.530098,PHY,0x4601,2,,na,"[0,",,,11111,,+28.1dB,16.3us,"[0,",1,394.17,normal,0,valid,-12.1dB,-12.1dB,0.14us,+8.8Hz,,"[6,",,1
2025-07-30 13:41:40.531022,PHY,0x4601,1,0,na,"[0,",0,0,1,3073.0,+20.6dB,17.4us,"[0,",1,394.18,normal,0,valid,-14.9dB,-14.9dB,na,na,,,,
2025-07-30 13:41:40.531495,PHY,0x4601,1,0,na,"[0,",0,0,1,3710.3,+21.4dB,14.0us,"[0,",1,394.19,normal,0,valid,-14.9dB,-15.0dB,na,na,,,,
2025-07-30 13:41:40.535990,PHY,0x4601,1,0,na,"[0,",0,0,1,2166.4,+19.1dB,15.7us,"[0,",1,395.8,normal,0,valid,-15.0dB,-15.0dB,na,na,,,,
2025-07-30 13:41:40.536456,PHY,0x4601,1,0,na,"[0,",0,0,1,2175.6,+19.1dB,13.1us,"[0,",1,395.9,normal,0,valid,-15.0dB,-15.0dB,na,na,,,,
2025-07-30 13:41:40.540112,PHY,0x4601,2,,na,"[0,",,,11111,,+34.2dB,16.3us,"[0,",1,395.17,normal,0,valid,-12.0dB,-12.0dB,0.17us,+2.9Hz,,"[6,",,1
2025-07-30 13:41:40.540949,PHY,0x4601,1,0,na,"[0,",0,0,1,3703.2,+21.4dB,15.6us,"[0,",1,395.18,normal,0,valid,-14.9dB,-15.0dB,na,na,,,,
2025-07-30 13:41:40.541533,PHY,0x4601,1,0,na,"[0,",0,0,1,3239.3,+20.8dB,14.4us,"[0,",1,395.19,normal,0,valid,-14.9dB,-15.0dB,na,na,,,,
2025-07-30 13:41:40.545626,CSI,0x4601,2,,na,"[0,",,,1,,+29.8dB,14.2us,"[0,",1,396.8,normal,0,valid,-12.0dB,-12.0dB,0.14us,-42.5Hz,,"[6,",1111,1
2025-07-30 13:41:40.546507,PHY,0x4601,1,0,na,"[0,",0,0,1,2067.5,+18.9dB,29.0us,"[0,",1,396.9,normal,0,valid,-14.9dB,-15.0dB,na,na,,,,
2025-07-30 13:41:40.550029,PHY,0x4601,2,,na,"[0,",,,11111,,+31.0dB,14.3us,"[0,",1,396.17,normal,0,valid,-12.2dB,-12.2dB,0.16us,-4.4Hz,,"[6,",,1
2025-07-30 13:41:40.550980,PHY,0x4601,1,0,na,"[0,",0,0,1,2056.3,+18.9dB,15.5us,"[0,",1,396.18,normal,0,valid,-14.9dB,-15.0dB,na,na,,,,
2025-07-30 13:41:40.551455,PHY,0x4601,1,0,na,"[0,",0,0,1,2177.6,+19.1dB,14.1us,"[0,",1,396.19,normal,0,valid,-15.0dB,-15.0dB,na,na,,,,
2025-07-30 13:41:40.555942,PHY,0x4601,1,0,na,"[0,",0,0,1,2204.2,+19.2dB,16.2us,"[0,",1,397.8,normal,0,valid,-15.0dB,-15.1dB,na,na,,,,
2025-07-30 13:41:40.556528,PHY,0x4601,1,0,na,"[0,",0,0,1,2243.1,+19.2dB,15.1us,"[0,",1,397.9,normal,0,valid,-15.0dB,-15.1dB,na,na,,,,
2025-07-30 13:41:40.560080,PHY,0x4601,2,,na,"[0,",,,11111,,+28.3dB,16.8us,"[0,",1,397.17,normal,0,valid,-12.2dB,-12.2dB,0.15us,+102.3Hz,,"[6,",,1
2025-07-30 13:41:40.561015,PHY,0x4601,1,0,na,"[0,",0,0,1,3306.2,+20.9dB,17.5us,"[0,",1,397.18,normal,0,valid,-14.9dB,-15.0dB,na,na,,,,
2025-07-30 13:41:40.561490,PHY,0x4601,1,0,na,"[0,",0,0,1,3140.4,+20.7dB,20.4us,"[0,",1,397.19,normal,0,valid,-14.9dB,-15.0dB,na,na,,,,
2025-07-30 13:41:40.565628,CSI,0x4601,2,,na,"[0,",,,1,,+27.8dB,15.1us,"[0,",1,398.8,normal,0,valid,-12.0dB,-12.0dB,0.15us,-31.4Hz,,"[6,",1111,1
2025-07-30 13:41:40.566453,PHY,0x4601,1,0,na,"[0,",0,0,1,2107.4,+19.0dB,16.2us,"[0,",1,398.9,normal,0,valid,-14.9dB,-15.0dB,na,na,,,,
2025-07-30 13:41:40.570105,PHY,0x4601,2,,na,"[0,",,,11111,,+32.8dB,17.0us,"[0,",1,398.17,normal,0,valid,-12.1dB,-12.2dB,0.13us,+67.7Hz,,"[6,",,1
2025-07-30 13:41:40.571053,PHY,0x4601,1,0,na,"[0,",0,0,1,3318.0,+20.9dB,26.7us,"[0,",1,398.18,normal,0,valid,-14.9dB,-15.0dB,na,na,,,,
2025-07-30 13:41:40.571516,PHY,0x4601,1,0,na,"[0,",0,0,1,3113.8,+20.7dB,15.2us,"[0,",1,398.19,normal,0,valid,-14.9dB,-15.0dB,na,na,,,,
2025-07-30 13:41:40.576008,PHY,0x4601,1,0,na,"[0,",0,0,1,2155.4,+19.1dB,16.5us,"[0,",1,399.8,normal,0,valid,-15.0dB,-15.0dB,na,na,,,,
2025-07-30 13:41:40.576496,PHY,0x4601,1,0,na,"[0,",0,0,1,2143.8,+19.0dB,30.4us,"[0,",1,399.9,normal,0,valid,-15.0dB,-15.0dB,na,na,,,,
2025-07-30 13:41:40.580020,PHY,0x4601,2,,na,"[0,",,,11111,,+34.5dB,13.4us,"[0,",1,399.17,normal,0,valid,-12.1dB,-12.1dB,0.16us,+19.2Hz,,"[6,",,1
2025-07-30 13:41:40.580967,PHY,0x4601,1,0,na,"[0,",0,0,1,3115.5,+20.7dB,15.4us,"[0,",1,399.18,normal,0,valid,-14.9dB,-15.0dB,na,na,,,,
2025-07-30 13:41:40.581444,PHY,0x4601,1,0,na,"[0,",0,0,1,3690.8,+21.4dB,15.6us,"[0,",1,399.19,normal,0,valid,-14.9dB,-15.0dB,na,na,,,,
2025-07-30 13:41:40.585590,CSI,0x4601,2,,na,"[0,",,,1,,+31.1dB,27.5us,"[0,",1,400.8,normal,0,valid,-12.1dB,-12.1dB,0.15us,+54.3Hz,,"[6,",1111,1
2025-07-30 13:41:40.586515,PHY,0x4601,1,0,na,"[0,",0,0,1,2806.7,+20.2dB,16.2us,"[0,",1,400.9,normal,0,valid,-15.0dB,-15.0dB,na,na,,,,
2025-07-30 13:41:40.590067,PHY,0x4601,2,,na,"[0,",,,11111,,+32.6dB,16.1us,"[0,",1,400.17,normal,0,valid,-12.2dB,-12.2dB,0.15us,-53.0Hz,,"[6,",,1
2025-07-30 13:41:40.590997,PHY,0x4601,1,0,na,"[0,",0,0,1,3441.1,+21.1dB,15.8us,"[0,",1,400.18,normal,0,valid,-15.0dB,-15.0dB,na,na,,,,
2025-07-30 13:41:40.591472,PHY,0x4601,1,0,na,"[0,",0,0,1,3553.0,+21.2dB,14.3us,"[0,",1,400.19,normal,0,valid,-14.9dB,-15.0dB,na,na,,,,
2025-07-30 13:41:40.595964,PHY,0x4601,1,0,na,"[0,",0,0,1,2144.4,+19.1dB,16.9us,"[0,",1,401.8,normal,0,valid,-15.0dB,-15.0dB,na,na,,,,
2025-07-30 13:41:40.596542,PHY,0x4601,1,0,na,"[0,",0,0,1,2328.0,+19.4dB,13.9us,"[0,",1,401.9,normal,0,valid,-15.0dB,-15.1dB,na,na,,,,
2025-07-30 13:41:40.600089,PHY,0x4601,2,,na,"[0,",,,11111,,+30.3dB,13.4us,"[0,",1,401.17,normal,0,valid,-12.0dB,-12.1dB,0.15us,-25.5Hz,,"[6,",,1
2025-07-30 13:41:40.601029,PHY,0x4601,1,0,na,"[0,",0,0,1,3291.1,+20.9dB,16.3us,"[0,",1,401.18,normal,0,valid,-14.9dB,-15.0dB,na,na,,,,
2025-07-30 13:41:40.601506,PHY,0x4601,1,0,na,"[0,",0,0,1,3038.7,+20.6dB,17.9us,"[0,",1,401.19,normal,0,valid,-15.0dB,-15.0dB,na,na,,,,
2025-07-30 13:41:40.605599,CSI,0x4601,2,,na,"[0,",,,1,,+29.5dB,14.4us,"[0,",1,402.8,normal,0,valid,-12.0dB,-12.0dB,0.17us,-80.3Hz,,"[6,",1111,1
2025-07-30 13:41:40.606469,PHY,0x4601,1,0,na,"[0,",0,0,1,3252.6,+20.9dB,15.8us,"[0,",1,402.9,normal,0,valid,-15.0dB,-15.0dB,na,na,,,,
2025-07-30 13:41:40.610119,PHY,0x4601,2,,na,"[0,",,,11111,,+28.9dB,13.5us,"[0,",1,402.17,normal,0,valid,-12.1dB,-12.1dB,0.15us,+34.0Hz,,"[6,",,1
2025-07-30 13:41:40.610952,PHY,0x4601,1,0,na,"[0,",0,0,1,2165.6,+19.1dB,15.3us,"[0,",1,402.18,normal,0,valid,-15.0dB,-15.0dB,na,na,,,,
2025-07-30 13:41:40.611538,PHY,0x4601,1,0,na,"[0,",0,0,1,2150.6,+19.0dB,15.9us,"[0,",1,402.19,normal,0,valid,-14.9dB,-15.0dB,na,na,,,,
2025-07-30 13:41:40.616023,PHY,0x4601,1,0,na,"[0,",0,0,1,2391.8,+19.5dB,15.4us,"[0,",1,403.8,normal,0,valid,-15.0dB,-15.0dB,na,na,,,,
2025-07-30 13:41:40.616505,PHY,0x4601,1,0,na,"[0,",0,0,1,2152.4,+19.1dB,13.5us,"[0,",1,403.9,normal,0,valid,-15.0dB,-15.1dB,na,na,,,,
2025-07-30 13:41:40.620040,PHY,0x4601,2,,na,"[0,",,,11111,,+31.7dB,12.8us,"[0,",1,403.17,normal,0,valid,-12.1dB,-12.2dB,0.16us,-3.9Hz,,"[6,",,1
2025-07-30 13:41:40.620983,PHY,0x4601,1,0,na,"[0,",0,0,1,3398.9,+21.1dB,15.3us,"[0,",1,403.18,normal,0,valid,-15.0dB,-15.0dB,na,na,,,,
2025-07-30 13:41:40.621466,PHY,0x4601,1,0,na,"[0,",0,0,1,3558.8,+21.3dB,18.7us,"[0,",1,403.19,normal,0,valid,-14.9dB,-15.0dB,na,na,,,,
2025-07-30 13:41:40.625601,CSI,0x4601,2,,na,"[0,",,,1,,+31.6dB,14.2us,"[0,",1,404.8,normal,0,valid,-12.0dB,-12.0dB,0.18us,-15.8Hz,,"[6,",1111,1
2025-07-30 13:41:40.626532,PHY,0x4601,1,0,na,"[0,",0,0,1,2103.8,+19.0dB,15.0us,"[0,",1,404.9,normal,0,valid,-15.0dB,-15.0dB,na,na,,,,
2025-07-30 13:41:40.630096,PHY,0x4601,2,,na,"[0,",,,11111,,+32.6dB,12.8us,"[0,",1,404.17,normal,0,valid,-12.1dB,-12.1dB,0.14us,+68.3Hz,,"[6,",,1
2025-07-30 13:41:40.631019,PHY,0x4601,1,0,na,"[0,",0,0,1,3296.9,+20.9dB,21.0us,"[0,",1,404.18,normal,0,valid,-15.0dB,-15.0dB,na,na,,,,
2025-07-30 13:41:40.631490,PHY,0x4601,1,0,na,"[0,",0,0,1,3050.1,+20.6dB,15.1us,"[0,",1,404.19,normal,0,valid,-15.0dB,-15.0dB,na,na,,,,
2025-07-30 13:41:40.635979,PHY,0x4601,1,0,na,"[0,",0,0,1,2189.2,+19.2dB,15.4us,"[0,",1,405.8,normal,0,valid,-15.0dB,-15.0dB,na,na,,,,
2025-07-30 13:41:40.636448,PHY,0x4601,1,0,na,"[0,",0,0,1,2118.9,+19.0dB,13.9us,"[0,",1,405.9,normal,0,valid,-15.0dB,-15.0dB,na,na,,,,
2025-07-30 13:41:40.640122,PHY,0x4601,2,,na,"[0,",,,11111,,+30.3dB,13.0us,"[0,",1,405.17,normal,0,valid,-12.1dB,-12.1dB,0.13us,-56.5Hz,,"[6,",,1
2025-07-30 13:41:40.640944,PHY,0x4601,1,0,na,"[0,",0,0,1,3427.8,+21.1dB,15.5us,"[0,",1,405.18,normal,0,valid,-15.0dB,-15.0dB,na,na,,,,
2025-07-30 13:41:40.641527,PHY,0x4601,1,0,na,"[0,",0,0,1,3148.3,+20.7dB,13.5us,"[0,",1,405.19,normal,0,valid,-14.9dB,-15.0dB,na,na,,,,
2025-07-30 13:41:40.645612,CSI,0x4601,2,,na,"[0,",,,1,,+31.3dB,11.2us,"[0,",1,406.8,normal,0,valid,-12.0dB,-12.0dB,0.15us,+4.6Hz,,"[6,",1111,1
2025-07-30 13:41:40.646489,PHY,0x4601,1,0,na,"[0,",0,0,1,2886.9,+20.3dB,16.1us,"[0,",1,406.9,normal,0,valid,-14.9dB,-15.0dB,na,na,,,,
2025-07-30 13:41:40.650031,PHY,0x4601,2,,na,"[0,",,,11111,,+28.8dB,14.8us,"[0,",1,406.17,normal,0,valid,-12.1dB,-12.1dB,0.16us,+7.8Hz,,"[6,",,1
2025-07-30 13:41:40.650972,PHY,0x4601,1,0,na,"[0,",0,0,1,2052.4,+18.9dB,16.0us,"[0,",1,406.18,normal,0,valid,-14.9dB,-15.0dB,na,na,,,,
2025-07-30 13:41:40.651459,PHY,0x4601,1,0,na,"[0,",0,0,1,2246.8,+19.3dB,20.2us,"[0,",1,406.19,normal,0,valid,-14.9dB,-15.0dB,na,na,,,,
2025-07-30 13:41:40.656047,PHY,0x4601,1,0,na,"[0,",0,0,1,2347.9,+19.5dB,16.3us,"[0,",1,407.8,normal,0,valid,-15.0dB,-15.0dB,na,na,,,,
2025-07-30 13:41:40.656530,PHY,0x4601,1,0,na,"[0,",0,0,1,2289.5,+19.3dB,18.3us,"[0,",1,407.9,normal,0,valid,-15.0dB,-15.0dB,na,na,,,,
2025-07-30 13:41:40.660059,PHY,0x4601,2,,na,"[0,",,,11111,,+31.6dB,15.7us,"[0,",1,407.17,normal,0,valid,-11.9dB,-12.0dB,0.15us,-45.9Hz,,"[6,",,1
2025-07-30 13:41:40.661005,PHY,0x4601,1,0,na,"[0,",0,0,1,2232.1,+19.2dB,16.8us,"[0,",1,407.18,normal,0,valid,-14.9dB,-15.0dB,na,na,,,,
2025-07-30 13:41:40.661481,PHY,0x4601,1,0,na,"[0,",0,0,1,2163.4,+19.1dB,15.3us,"[0,",1,407.19,normal,0,valid,-14.9dB,-15.0dB,na,na,,,,
2025-07-30 13:41:40.665621,CSI,0x4601,2,,na,"[0,",,,1,,+29.9dB,13.2us,"[0,",1,408.8,normal,0,valid,-12.0dB,-12.0dB,0.16us,+1.0Hz,,"[6,",1111,1
2025-07-30 13:41:40.666449,PHY,0x4601,1,0,na,"[0,",0,0,1,2993.8,+20.5dB,14.9us,"[0,",1,408.9,normal,0,valid,-15.0dB,-15.0dB,na,na,,,,
2025-07-30 13:41:40.670106,PHY,0x4601,2,,na,"[0,",,,11111,,+30.4dB,11.6us,"[0,",1,408.17,normal,0,valid,-12.1dB,-12.2dB,0.15us,+29.4Hz,,"[6,",,1
2025-07-30 13:41:40.671038,PHY,0x4601,1,0,na,"[0,",0,0,1,3740.3,+21.5dB,15.9us,"[0,",1,408.18,normal,0,valid,-14.9dB,-14.9dB,na,na,,,,
2025-07-30 13:41:40.671516,PHY,0x4601,1,0,na,"[0,",0,0,1,3409.6,+21.0dB,13.3us,"[0,",1,408.19,normal,0,valid,-14.9dB,-15.0dB,na,na,,,,
2025-07-30 13:41:40.676007,PHY,0x4601,1,0,na,"[0,",0,0,1,2046.6,+18.9dB,16.0us,"[0,",1,409.8,normal,0,valid,-15.0dB,-15.0dB,na,na,,,,
2025-07-30 13:41:40.676482,PHY,0x4601,1,0,na,"[0,",0,0,1,2072.4,+18.9dB,22.7us,"[0,",1,409.9,normal,0,valid,-15.0dB,-15.1dB,na,na,,,,
2025-07-30 13:41:40.680020,PHY,0x4601,2,,na,"[0,",,,11111,,+32.2dB,14.7us,"[0,",1,409.17,normal,0,valid,-12.0dB,-12.0dB,0.15us,-34.4Hz,,"[6,",,1
2025-07-30 13:41:40.680963,PHY,0x4601,1,0,na,"[0,",0,0,1,3264.1,+20.9dB,16.2us,"[0,",1,409.18,normal,0,valid,-15.0dB,-15.0dB,na,na,,,,
2025-07-30 13:41:40.681548,PHY,0x4601,1,0,na,"[0,",0,0,1,3225.4,+20.8dB,13.7us,"[0,",1,409.19,normal,0,valid,-15.0dB,-15.0dB,na,na,,,,
2025-07-30 13:41:40.685570,CSI,0x4601,2,,na,"[0,",,,1,,+31.3dB,16.1us,"[0,",1,410.8,normal,0,valid,-12.1dB,-12.1dB,0.16us,+2.6Hz,,"[6,",1111,1
2025-07-30 13:41:40.686511,PHY,0x4601,1,0,na,"[0,",0,0,1,2206.0,+19.2dB,24.0us,"[0,",1,410.9,normal,0,valid,-15.0dB,-15.0dB,na,na,,,,
2025-07-30 13:41:40.690058,PHY,0x4601,2,,na,"[0,",,,11111,,+32.5dB,17.1us,"[0,",1,410.17,normal,0,valid,-12.2dB,-12.2dB,0.17us,-24.1Hz,,"[6,",,1
2025-07-30 13:41:40.690991,PHY,0x4601,1,0,na,"[0,",0,0,1,3276.6,+20.9dB,16.8us,"[0,",1,410.18,normal,0,valid,-15.0dB,-15.0dB,na,na,,,,
2025-07-30 13:41:40.691465,PHY,0x4601,1,0,na,"[0,",0,0,1,3068.0,+20.6dB,14.3us,"[0,",1,410.19,normal,0,valid,-14.9dB,-14.9dB,na,na,,,,
2025-07-30 13:41:40.695960,PHY,0x4601,1,0,na,"[0,",0,0,1,2315.1,+19.4dB,16.0us,"[0,",1,411.8,normal,0,valid,-15.0dB,-15.0dB,na,na,,,,
2025-07-30 13:41:40.696545,PHY,0x4601,1,0,na,"[0,",0,0,1,2331.2,+19.4dB,15.9us,"[0,",1,411.9,normal,0,valid,-15.0dB,-15.1dB,na,na,,,,
2025-07-30 13:41:40.700097,PHY,0x4601,2,,na,"[0,",,,11111,,+30.5dB,16.1us,"[0,",1,411.17,normal,0,valid,-12.1dB,-12.1dB,0.13us,+54.7Hz,,"[6,",,1
2025-07-30 13:41:40.701029,PHY,0x4601,1,0,na,"[0,",0,0,1,3335.7,+21.0dB,20.8us,"[0,",1,411.18,normal,0,valid,-15.0dB,-15.0dB,na,na,,,,
2025-07-30 13:41:40.701503,PHY,0x4601,1,0,na,"[0,",0,0,1,3527.5,+21.2dB,15.9us,"[0,",1,411.19,normal,0,valid,-15.0dB,-15.0dB,na,na,,,,
2025-07-30 13:41:40.705602,CSI,0x4601,2,,na,"[0,",,,1,,+30.0dB,15.2us,"[0,",1,412.8,normal,0,valid,-12.0dB,-12.0dB,0.17us,-40.7Hz,,"[6,",1111,1
2025-07-30 13:41:40.706461,PHY,0x4601,1,0,na,"[0,",0,0,1,3261.3,+20.8dB,15.7us,"[0,",1,412.9,normal,0,valid,-14.9dB,-15.0dB,na,na,,,,
2025-07-30 13:41:40.710114,PHY,0x4601,2,,na,"[0,",,,11111,,+33.8dB,14.0us,"[0,",1,412.17,normal,0,valid,-12.1dB,-12.1dB,0.16us,+15.1Hz,,"[6,",,1
2025-07-30 13:41:40.710959,PHY,0x4601,1,0,na,"[0,",0,0,1,2314.5,+19.4dB,15.5us,"[0,",1,412.18,normal,0,valid,-14.9dB,-15.0dB,na,na,,,,
2025-07-30 13:41:40.711532,PHY,0x4601,1,0,na,"[0,",0,0,1,2213.2,+19.2dB,17.3us,"[0,",1,412.19,normal,0,valid,-14.9dB,-15.0dB,na,na,,,,
2025-07-30 13:41:40.716028,PHY,0x4601,1,0,na,"[0,",0,0,1,2215.0,+19.2dB,17.1us,"[0,",1,413.8,normal,0,valid,-15.0dB,-15.0dB,na,na,,,,
2025-07-30 13:41:40.716506,PHY,0x4601,1,0,na,"[0,",0,0,1,2191.7,+19.1dB,14.4us,"[0,",1,413.9,normal,0,valid,-15.0dB,-15.1dB,na,na,,,,
2025-07-30 13:41:40.720038,PHY,0x4601,2,,na,"[0,",,,11111,,+29.0dB,14.5us,"[0,",1,413.17,normal,0,valid,-12.1dB,-12.1dB,0.15us,+94.4Hz,,"[6,",,1
2025-07-30 13:41:40.720982,PHY,0x4601,1,0,na,"[0,",0,0,1,1977.9,+18.7dB,15.9us,"[0,",1,413.18,normal,0,valid,-14.9dB,-15.0dB,na,na,,,,
2025-07-30 13:41:40.721455,PHY,0x4601,1,0,na,"[0,",0,0,1,2233.7,+19.2dB,15.5us,"[0,",1,413.19,normal,0,valid,-14.9dB,-15.0dB,na,na,,,,
2025-07-30 13:41:40.725578,CSI,0x4601,2,,na,"[0,",,,1,,+32.0dB,13.0us,"[0,",1,414.8,normal,0,valid,-12.0dB,-12.0dB,0.15us,-72.0Hz,,"[6,",1111,1
2025-07-30 13:41:40.726522,PHY,0x4601,1,0,na,"[0,",0,0,1,3076.8,+20.6dB,16.0us,"[0,",1,414.9,normal,0,valid,-15.0dB,-15.0dB,na,na,,,,
2025-07-30 13:41:40.730075,PHY,0x4601,2,,na,"[0,",,,11111,,+34.4dB,15.6us,"[0,",1,414.17,normal,0,valid,-12.0dB,-12.0dB,0.15us,-37.7Hz,,"[6,",,1
2025-07-30 13:41:40.731012,PHY,0x4601,1,0,na,"[0,",0,0,1,2285.9,+19.3dB,15.8us,"[0,",1,414.18,normal,0,valid,-15.0dB,-15.0dB,na,na,,,,
2025-07-30 13:41:40.731488,PHY,0x4601,1,0,na,"[0,",0,0,1,2175.2,+19.1dB,18.5us,"[0,",1,414.19,normal,0,valid,-14.9dB,-15.0dB,na,na,,,,
2025-07-30 13:41:40.735983,PHY,0x4601,1,0,na,"[0,",0,0,1,2282.2,+19.3dB,16.4us,"[0,",1,415.8,normal,0,valid,-15.0dB,-15.0dB,na,na,,,,
2025-07-30 13:41:40.736450,PHY,0x4601,1,0,na,"[0,",0,0,1,1906.4,+18.5dB,16.0us,"[0,",1,415.9,normal,0,valid,-15.0dB,-15.0dB,na,na,,,,
2025-07-30 13:41:40.740112,PHY,0x4601,2,,na,"[0,",,,11111,,+32.9dB,24.0us,"[0,",1,415.17,normal,0,valid,-12.0dB,-12.0dB,0.16us,-33.3Hz,,"[6,",,1
2025-07-30 13:41:40.741044,PHY,0x4601,1,0,na,"[0,",0,0,1,2144.3,+19.1dB,16.7us,"[0,",1,415.18,normal,0,valid,-15.0dB,-15.0dB,na,na,,,,
2025-07-30 13:41:40.741520,PHY,0x4601,1,0,na,"[0,",0,0,1,2189.2,+19.2dB,18.1us,"[0,",1,415.19,normal,0,valid,-15.0dB,-15.0dB,na,na,,,,
2025-07-30 13:41:40.745645,CSI,0x4601,2,,na,"[0,",,,1,,+29.9dB,21.8us,"[0,",1,416.8,normal,0,valid,-11.9dB,-12.0dB,0.15us,-82.8Hz,,"[6,",1111,1
2025-07-30 13:41:40.746483,PHY,0x4601,1,0,na,"[0,",0,0,1,2152.1,+19.1dB,15.4us,"[0,",1,416.9,normal,0,valid,-15.0dB,-15.0dB,na,na,,,,
2025-07-30 13:41:40.750019,PHY,0x4601,2,,na,"[0,",,,11111,,+28.8dB,13.2us,"[0,",1,416.17,normal,0,valid,-12.0dB,-12.0dB,0.17us,+57.5Hz,,"[6,",,1
2025-07-30 13:41:40.750967,PHY,0x4601,1,0,na,"[0,",0,0,1,2128.5,+19.0dB,15.7us,"[0,",1,416.18,normal,0,valid,-14.9dB,-15.0dB,na,na,,,,
2025-07-30 13:41:40.751448,PHY,0x4601,1,0,na,"[0,",0,0,1,2197.1,+19.2dB,17.6us,"[0,",1,416.19,normal,0,valid,-14.9dB,-15.0dB,na,na,,,,
2025-07-30 13:41:40.756062,PHY,0x4601,1,0,na,"[0,",0,0,1,2178.8,+19.1dB,20.2us,"[0,",1,417.8,normal,0,valid,-15.0dB,-15.0dB,na,na,,,,
2025-07-30 13:41:40.756542,PHY,0x4601,1,0,na,"[0,",0,0,1,2111.4,+19.0dB,18.9us,"[0,",1,417.9,normal,0,valid,-15.0dB,-15.0dB,na,na,,,,
2025-07-30 13:41:40.760060,PHY,0x4601,2,,na,"[0,",,,11111,,+29.0dB,20.3us,"[0,",1,417.17,normal,0,valid,-12.1dB,-12.1dB,0.15us,-15.4Hz,,"[6,",,1
2025-07-30 13:41:40.760997,PHY,0x4601,1,0,na,"[0,",0,0,1,2917.9,+20.4dB,16.5us,"[0,",1,417.18,normal,0,valid,-15.0dB,-15.0dB,na,na,,,,
2025-07-30 13:41:40.761473,PHY,0x4601,1,0,na,"[0,",0,0,1,3029.0,+20.6dB,14.3us,"[0,",1,417.19,normal,0,valid,-14.9dB,-15.0dB,na,na,,,,
2025-07-30 13:41:40.765609,CSI,0x4601,2,,na,"[0,",,,1,,+29.8dB,15.3us,"[0,",1,418.8,normal,0,valid,-12.1dB,-12.1dB,0.16us,+1.4Hz,,"[6,",1111,1
2025-07-30 13:41:40.766544,PHY,0x4601,1,0,na,"[0,",0,0,1,2840.2,+20.2dB,17.2us,"[0,",1,418.9,normal,0,valid,-15.0dB,-15.1dB,na,na,,,,
2025-07-30 13:41:40.770132,PHY,0x4601,2,,na,"[0,",,,11111,,+28.8dB,23.4us,"[0,",1,418.17,normal,0,valid,-12.1dB,-12.1dB,0.15us,+18.5Hz,,"[6,",,1
2025-07-30 13:41:40.771037,PHY,0x4601,1,0,na,"[0,",0,0,1,3064.0,+20.6dB,22.9us,"[0,",1,418.18,normal,0,valid,-14.9dB,-15.0dB,na,na,,,,
2025-07-30 13:41:40.771518,PHY,0x4601,1,0,na,"[0,",0,0,1,2994.3,+20.5dB,19.9us,"[0,",1,418.19,normal,0,valid,-14.9dB,-15.0dB,na,na,,,,
2025-07-30 13:41:40.775997,PHY,0x4601,1,0,na,"[0,",0,0,1,2206.9,+19.2dB,16.6us,"[0,",1,419.8,normal,0,valid,-15.0dB,-15.0dB,na,na,,,,
2025-07-30 13:41:40.776484,PHY,0x4601,1,0,na,"[0,",0,0,1,2038.3,+18.8dB,26.0us,"[0,",1,419.9,normal,0,valid,-15.0dB,-15.0dB,na,na,,,,
2025-07-30 13:41:40.780144,PHY,0x4601,2,,na,"[0,",,,11111,,+30.3dB,24.3us,"[0,",1,419.17,normal,0,valid,-12.1dB,-12.2dB,0.16us,+70.0Hz,,"[6,",,1
2025-07-30 13:41:40.780954,PHY,0x4601,1,0,na,"[0,",0,0,1,3607.2,+21.3dB,18.6us,"[0,",1,419.18,normal,0,valid,-14.9dB,-15.0dB,na,na,,,,
2025-07-30 13:41:40.781541,PHY,0x4601,1,0,na,"[0,",0,0,1,3189.6,+20.8dB,17.9us,"[0,",1,419.19,normal,0,valid,-15.0dB,-15.0dB,na,na,,,,
2025-07-30 13:41:40.785576,CSI,0x4601,2,,na,"[0,",,,1,,+28.0dB,27.7us,"[0,",1,420.8,normal,0,valid,-12.0dB,-12.0dB,0.16us,-57.1Hz,,"[6,",1111,1
2025-07-30 13:41:40.786496,PHY,0x4601,1,0,na,"[0,",0,0,1,2767.0,+20.2dB,15.4us,"[0,",1,420.9,normal,0,valid,-15.0dB,-15.0dB,na,na,,,,
2025-07-30 13:41:40.790033,PHY,0x4601,2,,na,"[0,",,,11111,,+30.3dB,13.0us,"[0,",1,420.17,normal,0,valid,-12.1dB,-12.1dB,0.15us,+133.7Hz,,"[6,",,1
2025-07-30 13:41:40.790983,PHY,0x4601,1,0,na,"[0,",0,0,1,2093.1,+18.9dB,15.6us,"[0,",1,420.18,normal,0,valid,-15.0dB,-15.0dB,na,na,,,,
2025-07-30 13:41:40.791463,PHY,0x4601,1,0,na,"[0,",0,0,1,2424.7,+19.6dB,17.1us,"[0,",1,420.19,normal,0,valid,-15.0dB,-15.0dB,na,na,,,,
2025-07-30 13:41:40.795954,PHY,0x4601,1,0,na,"[0,",0,0,1,2248.6,+19.2dB,16.4us,"[0,",1,421.8,normal,0,valid,-15.0dB,-15.1dB,na,na,,,,
2025-07-30 13:41:40.796533,PHY,0x4601,1,0,na,"[0,",0,0,1,2042.0,+18.8dB,15.7us,"[0,",1,421.9,normal,0,valid,-15.0dB,-15.1dB,na,na,,,,
2025-07-30 13:41:40.800086,PHY,0x4601,2,,na,"[0,",,,11111,,+29.8dB,15.4us,"[0,",1,421.17,normal,0,valid,-12.0dB,-12.1dB,0.15us,+71.2Hz,,"[6,",,1
2025-07-30 13:41:40.801020,PHY,0x4601,1,0,na,"[0,",0,0,1,3621.6,+21.3dB,18.5us,"[0,",1,421.18,normal,0,valid,-14.9dB,-15.0dB,na,na,,,,
2025-07-30 13:41:40.801492,PHY,0x4601,1,0,na,"[0,",0,0,1,3552.6,+21.3dB,16.4us,"[0,",1,421.19,normal,0,valid,-15.0dB,-15.0dB,na,na,,,,
2025-07-30 13:41:40.805631,CSI,0x4601,2,,na,"[0,",,,1,,+27.9dB,17.8us,"[0,",1,422.8,normal,0,valid,-11.9dB,-12.0dB,0.14us,-15.7Hz,,"[6,",1111,1
2025-07-30 13:41:40.806460,PHY,0x4601,1,0,na,"[0,",0,0,1,3214.9,+20.8dB,16.2us,"[0,",1,422.9,normal,0,valid,-14.9dB,-15.0dB,na,na,,,,
2025-07-30 13:41:40.810119,PHY,0x4601,2,,na,"[0,",,,11111,,+30.8dB,14.0us,"[0,",1,422.17,normal,0,valid,-12.0dB,-12.0dB,0.13us,+4.7Hz,,"[6,",,1
2025-07-30 13:41:40.810942,PHY,0x4601,1,0,na,"[0,",0,0,1,2586.3,+19.9dB,16.0us,"[0,",1,422.18,normal,0,valid,-14.9dB,-15.0dB,na,na,,,,
2025-07-30 13:41:40.811528,PHY,0x4601,1,0,na,"[0,",0,0,1,2136.9,+19.0dB,13.7us,"[0,",1,422.19,normal,0,valid,-14.9dB,-15.0dB,na,na,,,,
2025-07-30 13:41:40.816012,PHY,0x4601,1,0,na,"[0,",0,0,1,2262.0,+19.3dB,16.3us,"[0,",1,423.8,normal,0,valid,-15.0dB,-15.0dB,na,na,,,,
2025-07-30 13:41:40.816498,PHY,0x4601,1,0,na,"[0,",0,0,1,2316.0,+19.4dB,27.5us,"[0,",1,423.9,normal,0,valid,-15.0dB,-15.0dB,na,na,,,,
2025-07-30 13:41:40.820027,PHY,0x4601,2,,na,"[0,",,,11111,,+31.8dB,13.7us,"[0,",1,423.17,normal,0,valid,-12.0dB,-12.0dB,0.14us,-59.0Hz,,"[6,",,1
2025-07-30 13:41:40.820975,PHY,0x4601,1,0,na,"[0,",0,0,1,2962.7,+20.5dB,16.0us,"[0,",1,423.18,normal,0,valid,-14.9dB,-15.0dB,na,na,,,,
2025-07-30 13:41:40.821449,PHY,0x4601,1,0,na,"[0,",0,0,1,3090.8,+20.6dB,15.0us,"[0,",1,423.19,normal,0,valid,-15.0dB,-15.0dB,na,na,,,,
2025-07-30 13:41:40.825582,CSI,0x4601,2,,na,"[0,",,,1,,+32.4dB,19.5us,"[0,",1,424.8,normal,0,valid,-12.1dB,-12.1dB,0.14us,+7.9Hz,,"[6,",1111,1
2025-07-30 13:41:40.826525,PHY,0x4601,1,0,na,"[0,",0,0,1,2135.4,+19.0dB,16.6us,"[0,",1,424.9,normal,0,valid,-14.9dB,-15.0dB,na,na,,,,
2025-07-30 13:41:40.830096,PHY,0x4601,2,,na,"[0,",,,11111,,+29.6dB,15.3us,"[0,",1,424.17,normal,0,valid,-12.1dB,-12.1dB,0.14us,-69.9Hz,,"[6,",,1
2025-07-30 13:41:40.831008,PHY,0x4601,1,0,na,"[0,",0,0,1,3285.9,+20.9dB,19.6us,"[0,",1,424.18,normal,0,valid,-14.9dB,-15.0dB,na,na,,,,
2025-07-30 13:41:40.831485,PHY,0x4601,1,0,na,"[0,",0,0,1,3172.7,+20.8dB,13.7us,"[0,",1,424.19,normal,0,valid,-14.9dB,-15.0dB,na,na,,,,
2025-07-30 13:41:40.835967,PHY,0x4601,1,0,na,"[0,",0,0,1,2193.3,+19.2dB,16.2us,"[0,",1,425.8,normal,0,valid,-15.0dB,-15.0dB,na,na,,,,
2025-07-30 13:41:40.836438,PHY,0x4601,1,0,na,"[0,",0,0,0,2137.1,+19.0dB,13.9us,"[0,",1,425.9,normal,0,valid,-15.0dB,-15.0dB,na,na,,,,
2025-07-30 13:41:40.840098,PHY,0x4601,2,,na,"[0,",,,11111,,+29.1dB,14.7us,"[0,",1,425.17,normal,0,valid,-12.0dB,-12.1dB,0.16us,+85.3Hz,,"[6,",,1
2025-07-30 13:41:40.841039,PHY,0x4601,1,0,na,"[0,",0,0,1,2170.6,+19.1dB,15.6us,"[0,",1,425.18,normal,0,valid,-14.9dB,-15.0dB,na,na,,,,
2025-07-30 13:41:40.841512,PHY,0x4601,1,0,na,"[0,",0,0,1,2092.6,+19.0dB,14.5us,"[0,",1,425.19,normal,0,valid,-14.9dB,-15.0dB,na,na,,,,
2025-07-30 13:41:40.845592,CSI,0x4601,2,,na,"[0,",,,1,,+30.3dB,11.4us,"[0,",1,426.8,normal,0,valid,-12.0dB,-12.0dB,0.15us,+37.9Hz,,"[6,",1111,1
2025-07-30 13:41:40.846476,PHY,0x4601,1,0,na,"[0,",0,0,1,2797.7,+20.2dB,16.1us,"[0,",1,426.9,normal,0,valid,-14.9dB,-15.0dB,na,na,,,,
2025-07-30 13:41:40.850011,PHY,0x4601,2,,na,"[0,",,,11111,,+29.3dB,13.2us,"[0,",1,426.17,normal,0,valid,-12.1dB,-12.1dB,0.16us,-94.4Hz,,"[6,",,1
2025-07-30 13:41:40.850959,PHY,0x4601,1,0,na,"[0,",0,0,1,2652.3,+20.0dB,16.1us,"[0,",1,426.18,normal,0,valid,-14.9dB,-15.0dB,na,na,,,,
2025-07-30 13:41:40.851543,PHY,0x4601,1,0,na,"[0,",0,0,1,3256.8,+20.9dB,15.8us,"[0,",1,426.19,normal,0,valid,-14.9dB,-15.0dB,na,na,,,,
2025-07-30 13:41:40.856031,PHY,0x4601,1,0,na,"[0,",0,0,1,2181.9,+19.1dB,16.7us,"[0,",1,427.8,normal,0,valid,-15.0dB,-15.0dB,na,na,,,,
2025-07-30 13:41:40.856519,PHY,0x4601,1,0,na,"[0,",0,0,1,2116.4,+19.0dB,15.9us,"[0,",1,427.9,normal,0,valid,-15.0dB,-15.0dB,na,na,,,,
2025-07-30 13:41:40.860057,PHY,0x4601,2,,na,"[0,",,,11111,,+36.9dB,14.7us,"[0,",1,427.17,normal,0,valid,-12.1dB,-12.1dB,0.14us,+4.8Hz,,"[6,",,1
2025-07-30 13:41:40.860991,PHY,0x4601,1,0,na,"[0,",0,0,1,3213.4,+20.8dB,16.2us,"[0,",1,427.18,normal,0,valid,-15.0dB,-15.0dB,na,na,,,,
2025-07-30 13:41:40.861469,PHY,0x4601,1,0,na,"[0,",0,0,1,3301.4,+20.9dB,13.7us,"[0,",1,427.19,normal,0,valid,-14.9dB,-15.0dB,na,na,,,,
2025-07-30 13:41:40.865597,CSI,0x4601,2,,na,"[0,",,,1,,+30.4dB,16.4us,"[0,",1,428.8,normal,0,valid,-11.9dB,-12.0dB,0.16us,+2.4Hz,,"[6,",1111,1
2025-07-30 13:41:40.866543,PHY,0x4601,1,0,na,"[0,",0,0,1,2832.1,+20.3dB,16.4us,"[0,",1,428.9,normal,0,valid,-15.0dB,-15.0dB,na,na,,,,
2025-07-30 13:41:40.870080,PHY,0x4601,2,,na,"[0,",,,11111,,+29.8dB,13.6us,"[0,",1,428.17,normal,0,valid,-11.9dB,-12.0dB,0.18us,-54.5Hz,,"[6,",,1
2025-07-30 13:41:40.871023,PHY,0x4601,1,0,na,"[0,",0,0,1,2885.5,+20.3dB,16.0us,"[0,",1,428.18,normal,0,valid,-14.9dB,-15.0dB,na,na,,,,
2025-07-30 13:41:40.871519,PHY,0x4601,1,0,na,"[0,",0,0,1,2915.3,+20.4dB,20.9us,"[0,",1,428.19,normal,0,valid,-15.0dB,-15.0dB,na,na,,,,
2025-07-30 13:41:40.875985,PHY,0x4601,1,0,na,"[0,",0,0,1,2247.7,+19.3dB,17.5us,"[0,",1,429.8,normal,0,valid,-15.0dB,-15.0dB,na,na,,,,
2025-07-30 13:41:40.876456,PHY,0x4601,1,0,na,"[0,",0,0,1,2163.4,+19.1dB,14.3us,"[0,",1,429.9,normal,0,valid,-15.0dB,-15.1dB,na,na,,,,
2025-07-30 13:41:40.880111,PHY,0x4601,2,,na,"[0,",,,11111,,+31.0dB,16.4us,"[0,",1,429.17,normal,0,valid,-12.0dB,-12.0dB,0.14us,-42.9Hz,,"[6,",,1
2025-07-30 13:41:40.880950,PHY,0x4601,1,0,na,"[0,",0,0,1,3012.0,+20.5dB,15.8us,"[0,",1,429.18,normal,0,valid,-14.9dB,-15.0dB,na,na,,,,
2025-07-30 13:41:40.881536,PHY,0x4601,1,0,na,"[0,",0,0,1,3453.4,+21.2dB,14.7us,"[0,",1,429.19,normal,0,valid,-14.9dB,-14.9dB,na,na,,,,
2025-07-30 13:41:40.885626,CSI,0x4601,2,,na,"[0,",,,1,,+31.8dB,12.4us,"[0,",1,430.8,normal,0,valid,-11.9dB,-11.9dB,0.14us,-12.5Hz,,"[6,",1111,1
2025-07-30 13:41:40.886494,PHY,0x4601,1,0,na,"[0,",0,0,1,2957.6,+20.4dB,16.2us,"[0,",1,430.9,normal,0,valid,-15.0dB,-15.0dB,na,na,,,,
2025-07-30 13:41:40.890033,PHY,0x4601,2,,na,"[0,",,,11111,,+33.9dB,13.4us,"[0,",1,430.17,normal,0,valid,-12.1dB,-12.1dB,0.16us,-60.3Hz,,"[6,",,1
2025-07-30 13:41:40.890982,PHY,0x4601,1,0,na,"[0,",0,0,1,2896.9,+20.4dB,16.0us,"[0,",1,430.18,normal,0,valid,-14.9dB,-14.9dB,na,na,,,,
2025-07-30 13:41:40.891457,PHY,0x4601,1,0,na,"[0,",0,0,1,3005.0,+20.5dB,16.5us,"[0,",1,430.19,normal,0,valid,-14.9dB,-15.0dB,na,na,,,,
2025-07-30 13:41:40.895944,PHY,0x4601,1,0,na,"[0,",0,0,1,2145.4,+19.1dB,16.1us,"[0,",1,431.8,normal,0,valid,-15.0dB,-15.0dB,na,na,,,,
2025-07-30 13:41:40.896532,PHY,0x4601,1,0,na,"[0,",0,0,1,2187.8,+19.1dB,13.9us,"[0,",1,431.9,normal,0,valid,-15.0dB,-15.0dB,na,na,,,,
2025-07-30 13:41:40.900095,PHY,0x4601,2,,na,"[0,",,,11111,,+31.9dB,13.2us,"[0,",1,431.17,normal,0,valid,-12.1dB,-12.2dB,0.13us,-54.2Hz,,"[6,",,1
2025-07-30 13:41:40.901010,PHY,0x4601,1,0,na,"[0,",0,0,1,2097.8,+19.0dB,14.8us,"[0,",1,431.18,normal,0,valid,-14.9dB,-15.0dB,na,na,,,,
2025-07-30 13:41:40.901484,PHY,0x4601,1,0,na,"[0,",0,0,1,2074.1,+18.9dB,13.4us,"[0,",1,431.19,normal,0,valid,-14.9dB,-15.0dB,na,na,,,,
2025-07-30 13:41:40.905621,CSI,0x4601,2,,na,"[0,",,,1,,+30.6dB,14.9us,"[0,",1,432.8,normal,0,valid,-12.0dB,-12.0dB,0.16us,+38.2Hz,,"[6,",1111,1
2025-07-30 13:41:40.906454,PHY,0x4601,1,0,na,"[0,",0,0,1,2025.1,+18.8dB,16.2us,"[0,",1,432.9,normal,0,valid,-15.0dB,-15.0dB,na,na,,,,
2025-07-30 13:41:40.910111,PHY,0x4601,2,,na,"[0,",,,11111,,+28.1dB,14.7us,"[0,",1,432.17,normal,0,valid,-12.0dB,-12.1dB,0.15us,-22.1Hz,,"[6,",,1
2025-07-30 13:41:40.911049,PHY,0x4601,1,0,na,"[0,",0,0,1,3264.7,+20.9dB,15.9us,"[0,",1,432.18,normal,0,valid,-14.9dB,-15.0dB,na,na,,,,
2025-07-30 13:41:40.911524,PHY,0x4601,1,0,na,"[0,",0,0,1,3023.4,+20.5dB,13.6us,"[0,",1,432.19,normal,0,valid,-14.9dB,-15.0dB,na,na,,,,
2025-07-30 13:41:40.916011,PHY,0x4601,1,0,na,"[0,",0,0,1,2140.9,+19.1dB,22.3us,"[0,",1,433.8,normal,0,valid,-15.0dB,-15.0dB,na,na,,,,
2025-07-30 13:41:40.916490,PHY,0x4601,1,0,na,"[0,",0,0,1,2121.9,+19.0dB,24.6us,"[0,",1,433.9,normal,0,valid,-15.0dB,-15.0dB,na,na,,,,
2025-07-30 13:41:40.920020,PHY,0x4601,2,,na,"[0,",,,11111,,+27.6dB,14.5us,"[0,",1,433.17,normal,0,valid,-12.1dB,-12.1dB,0.13us,+65.0Hz,,"[6,",,1
2025-07-30 13:41:40.920967,PHY,0x4601,1,0,na,"[0,",0,0,1,2885.0,+20.3dB,16.5us,"[0,",1,433.18,normal,0,valid,-14.9dB,-15.0dB,na,na,,,,
2025-07-30 13:41:40.921440,PHY,0x4601,1,0,na,"[0,",0,0,1,2942.7,+20.4dB,14.4us,"[0,",1,433.19,normal,0,valid,-14.9dB,-14.9dB,na,na,,,,
2025-07-30 13:41:40.925578,CSI,0x4601,2,,na,"[0,",,,1,,+32.7dB,14.0us,"[0,",1,434.8,normal,0,valid,-12.0dB,-12.1dB,0.14us,+10.2Hz,,"[6,",1111,1
2025-07-30 13:41:40.926514,PHY,0x4601,1,0,na,"[0,",0,0,1,2864.5,+20.3dB,16.6us,"[0,",1,434.9,normal,0,valid,-15.0dB,-15.0dB,na,na,,,,
2025-07-30 13:41:40.930061,PHY,0x4601,2,,na,"[0,",,,11111,,+26.4dB,13.5us,"[0,",1,434.17,normal,0,valid,-12.1dB,-12.2dB,0.17us,-15.5Hz,,"[6,",,1
2025-07-30 13:41:40.930998,PHY,0x4601,1,0,na,"[0,",0,0,1,2318.8,+19.4dB,16.4us,"[0,",1,434.18,normal,0,valid,-15.0dB,-15.0dB,na,na,,,,
2025-07-30 13:41:40.931473,PHY,0x4601,1,0,na,"[0,",0,0,1,2186.5,+19.2dB,13.5us,"[0,",1,434.19,normal,0,valid,-14.9dB,-15.0dB,na,na,,,,
2025-07-30 13:41:40.935962,PHY,0x4601,1,0,na,"[0,",0,0,1,2220.0,+19.2dB,16.7us,"[0,",1,435.8,normal,0,valid,-15.0dB,-15.0dB,na,na,,,,
2025-07-30 13:41:40.936543,PHY,0x4601,1,0,na,"[0,",0,0,1,2067.7,+18.9dB,13.7us,"[0,",1,435.9,normal,0,valid,-15.0dB,-15.0dB,na,na,,,,
2025-07-30 13:41:40.940114,PHY,0x4601,2,,na,"[0,",,,11111,,+34.3dB,15.0us,"[0,",1,435.17,normal,0,valid,-12.1dB,-12.1dB,0.15us,-19.1Hz,,"[6,",,1
2025-07-30 13:41:40.941031,PHY,0x4601,1,0,na,"[0,",0,0,1,2953.6,+20.5dB,15.9us,"[0,",1,435.18,normal,0,valid,-14.9dB,-15.0dB,na,na,,,,
2025-07-30 13:41:40.941511,PHY,0x4601,1,0,na,"[0,",0,0,1,3069.5,+20.6dB,14.0us,"[0,",1,435.19,normal,0,valid,-14.9dB,-15.0dB,na,na,,,,
2025-07-30 13:41:40.945605,CSI,0x4601,2,,na,"[0,",,,1,,+28.2dB,14.6us,"[0,",1,436.8,normal,0,valid,-12.1dB,-12.1dB,0.16us,-43.1Hz,,"[6,",1111,1
2025-07-30 13:41:40.946485,PHY,0x4601,1,0,na,"[0,",0,0,1,3193.5,+20.8dB,23.6us,"[0,",1,436.9,normal,0,valid,-15.0dB,-15.0dB,na,na,,,,
2025-07-30 13:41:40.950127,PHY,0x4601,2,,na,"[0,",,,11111,,+32.0dB,22.6us,"[0,",1,436.17,normal,0,valid,-12.0dB,-12.0dB,0.16us,-105.2Hz,,"[6,",,1
2025-07-30 13:41:40.950954,PHY,0x4601,1,0,na,"[0,",0,0,1,2043.2,+18.8dB,15.5us,"[0,",1,436.18,normal,0,valid,-14.9dB,-15.0dB,na,na,,,,
2025-07-30 13:41:40.951541,PHY,0x4601,1,0,na,"[0,",0,0,1,2253.9,+19.3dB,16.6us,"[0,",1,436.19,normal,0,valid,-15.0dB,-15.0dB,na,na,,,,
2025-07-30 13:41:40.956024,PHY,0x4601,1,0,na,"[0,",0,0,1,2176.9,+19.1dB,16.3us,"[0,",1,437.8,normal,0,valid,-15.0dB,-15.1dB,na,na,,,,
2025-07-30 13:41:40.956512,PHY,0x4601,1,0,na,"[0,",0,0,1,1978.8,+18.7dB,17.5us,"[0,",1,437.9,normal,0,valid,-15.0dB,-15.0dB,na,na,,,,
2025-07-30 13:41:40.960036,PHY,0x4601,2,,na,"[0,",,,11111,,+35.8dB,14.1us,"[0,",1,437.17,normal,0,valid,-12.1dB,-12.1dB,0.15us,+91.9Hz,,"[6,",,1
2025-07-30 13:41:40.960991,PHY,0x4601,1,0,na,"[0,",0,0,1,2817.5,+20.2dB,18.5us,"[0,",1,437.18,normal,0,valid,-14.9dB,-15.0dB,na,na,,,,
2025-07-30 13:41:40.961459,PHY,0x4601,1,0,na,"[0,",0,0,1,2909.5,+20.4dB,14.7us,"[0,",1,437.19,normal,0,valid,-14.9dB,-15.0dB,na,na,,,,
2025-07-30 13:41:40.965608,CSI,0x4601,2,,na,"[0,",,,1,,+31.3dB,16.9us,"[0,",1,438.8,normal,0,valid,-11.9dB,-11.9dB,0.15us,-23.5Hz,,"[6,",1111,1
2025-07-30 13:41:40.966538,PHY,0x4601,1,0,na,"[0,",0,0,1,1952.1,+18.6dB,22.3us,"[0,",1,438.9,normal,0,valid,-15.0dB,-15.0dB,na,na,,,,
2025-07-30 13:41:40.970098,PHY,0x4601,2,,na,"[0,",,,11111,,+29.9dB,13.2us,"[0,",1,438.17,normal,0,valid,-12.1dB,-12.1dB,0.16us,-38.6Hz,,"[6,",,1
2025-07-30 13:41:40.971014,PHY,0x4601,1,0,na,"[0,",0,0,1,3146.9,+20.7dB,15.6us,"[0,",1,438.18,normal,0,valid,-14.9dB,-15.0dB,na,na,,,,
2025-07-30 13:41:40.971487,PHY,0x4601,1,0,na,"[0,",0,0,1,3067.8,+20.6dB,13.4us,"[0,",1,438.19,normal,0,valid,-14.9dB,-15.0dB,na,na,,,,
2025-07-30 13:41:40.975984,PHY,0x4601,1,0,na,"[0,",0,0,1,2132.9,+19.0dB,18.0us,"[0,",1,439.8,normal,0,valid,-15.0dB,-15.0dB,na,na,,,,
2025-07-30 13:41:40.976455,PHY,0x4601,1,0,na,"[0,",0,0,1,2084.9,+18.9dB,15.7us,"[0,",1,439.9,normal,0,valid,-15.0dB,-15.1dB,na,na,,,,
2025-07-30 13:41:40.980117,PHY,0x4601,2,,na,"[0,",,,11111,,+30.2dB,17.4us,"[0,",1,439.17,normal,0,valid,-12.1dB,-12.1dB,0.15us,+15.3Hz,,"[6,",,1
2025-07-30 13:41:40.980941,PHY,0x4601,1,0,na,"[0,",0,0,1,2778.6,+20.2dB,15.3us,"[0,",1,439.18,normal,0,valid,-14.9dB,-15.0dB,na,na,,,,
2025-07-30 13:41:40.981523,PHY,0x4601,1,0,na,"[0,",0,0,1,3109.9,+20.7dB,15.9us,"[0,",1,439.19,normal,0,valid,-14.9dB,-15.0dB,na,na,,,,
2025-07-30 13:41:40.985610,CSI,0x4601,2,,na,"[0,",,,1,,+32.3dB,14.8us,"[0,",1,440.8,normal,0,valid,-12.0dB,-12.0dB,0.16us,-66.7Hz,,"[6,",1111,1
2025-07-30 13:41:40.986500,PHY,0x4601,1,0,na,"[0,",0,0,1,2108.8,+19.0dB,16.8us,"[0,",1,440.9,normal,0,valid,-14.9dB,-15.0dB,na,na,,,,
2025-07-30 13:41:40.990032,PHY,0x4601,2,,na,"[0,",,,11111,,+29.8dB,15.5us,"[0,",1,440.17,normal,0,valid,-12.1dB,-12.1dB,0.16us,+74.3Hz,,"[6,",,1
2025-07-30 13:41:40.990975,PHY,0x4601,1,0,na,"[0,",0,0,1,2256.3,+19.3dB,17.2us,"[0,",1,440.18,normal,0,valid,-14.9dB,-15.0dB,na,na,,,,
2025-07-30 13:41:40.991460,PHY,0x4601,1,0,na,"[0,",0,0,1,2103.7,+19.0dB,18.4us,"[0,",1,440.19,normal,0,valid,-14.9dB,-15.0dB,na,na,,,,
2025-07-30 13:41:40.996050,PHY,0x4601,1,0,na,"[0,",0,0,1,2008.9,+18.8dB,19.1us,"[0,",1,441.8,normal,0,valid,-15.0dB,-15.0dB,na,na,,,,
2025-07-30 13:41:40.996533,PHY,0x4601,1,0,na,"[0,",0,0,1,2056.8,+18.9dB,16.4us,"[0,",1,441.9,normal,0,valid,-15.0dB,-15.0dB,na,na,,,,
2025-07-30 13:41:41.000075,PHY,0x4601,2,,na,"[0,",,,11111,,+29.6dB,21.9us,"[0,",1,441.17,normal,0,valid,-12.0dB,-12.1dB,0.17us,-54.8Hz,,"[6,",,1
2025-07-30 13:41:41.001017,PHY,0x4601,1,0,na,"[0,",0,0,1,3064.4,+20.6dB,18.3us,"[0,",1,441.18,normal,0,valid,-15.0dB,-15.0dB,na,na,,,,
2025-07-30 13:41:41.001489,PHY,0x4601,1,0,na,"[0,",0,0,1,2776.0,+20.2dB,20.7us,"[0,",1,441.19,normal,0,valid,-14.9dB,-15.0dB,na,na,,,,
2025-07-30 13:41:41.005634,CSI,0x4601,2,,na,"[0,",,,1,,+29.7dB,17.0us,"[0,",1,442.8,normal,0,valid,-12.0dB,-12.0dB,0.15us,-97.9Hz,,"[6,",1111,1
2025-07-30 13:41:41.006453,PHY,0x4601,1,0,na,"[0,",0,0,1,1914.8,+18.6dB,25.7us,"[0,",1,442.9,normal,0,valid,-14.9dB,-15.0dB,na,na,,,,
2025-07-30 13:41:41.010092,PHY,0x4601,2,,na,"[0,",,,11111,,+30.9dB,13.2us,"[0,",1,442.17,normal,0,valid,-12.0dB,-12.0dB,0.12us,-18.1Hz,,"[6,",,1
2025-07-30 13:41:41.011032,PHY,0x4601,1,0,na,"[0,",0,0,1,2180.9,+19.1dB,17.8us,"[0,",1,442.18,normal,0,valid,-14.9dB,-15.0dB,na,na,,,,
2025-07-30 13:41:41.011517,PHY,0x4601,1,0,na,"[0,",0,0,1,2139.4,+19.0dB,14.1us,"[0,",1,442.19,normal,0,valid,-14.9dB,-15.0dB,na,na,,,,
2025-07-30 13:41:41.016026,PHY,0x4601,1,0,na,"[0,",0,0,1,2096.1,+18.9dB,26.9us,"[0,",1,443.8,normal,0,valid,-14.9dB,-15.0dB,na,na,,,,
2025-07-30 13:41:41.016490,PHY,0x4601,1,0,na,"[0,",0,0,1,2163.2,+19.1dB,31.3us,"[0,",1,443.9,normal,0,valid,-15.0dB,-15.0dB,na,na,,,,
2025-07-30 13:41:41.020014,PHY,0x4601,2,,na,"[0,",,,11111,,+30.3dB,14.4us,"[0,",1,443.17,normal,0,valid,-12.1dB,-12.1dB,0.15us,-32.6Hz,,"[6,",,1
2025-07-30 13:41:41.020963,PHY,0x4601,1,0,na,"[0,",0,0,1,3250.3,+20.9dB,19.6us,"[0,",1,443.18,normal,0,valid,-14.9dB,-15.0dB,na,na,,,,
2025-07-30 13:41:41.021554,PHY,0x4601,1,0,na,"[0,",0,0,1,3283.4,+20.9dB,19.0us,"[0,",1,443.19,normal,0,valid,-14.9dB,-14.9dB,na,na,,,,
2025-07-30 13:41:41.025566,CSI,0x4601,2,,na,"[0,",,,1,,+28.2dB,15.3us,"[0,",1,444.8,normal,0,valid,-12.0dB,-12.0dB,0.15us,+59.2Hz,,"[6,",1111,1
2025-07-30 13:41:41.026506,PHY,0x4601,1,0,na,"[0,",0,0,1,2184.9,+19.1dB,16.1us,"[0,",1,444.9,normal,0,valid,-15.0dB,-15.0dB,na,na,,,,
2025-07-30 13:41:41.030048,PHY,0x4601,2,,na,"[0,",,,11111,,+33.4dB,14.4us,"[0,",1,444.17,normal,0,valid,-12.2dB,-12.2dB,0.16us,+52.6Hz,,"[6,",,1
2025-07-30 13:41:41.030989,PHY,0x4601,1,0,na,"[0,",0,0,1,3204.0,+20.8dB,15.2us,"[0,",1,444.18,normal,0,valid,-14.9dB,-15.0dB,na,na,,,,
2025-07-30 13:41:41.031464,PHY,0x4601,1,0,na,"[0,",0,0,1,3184.3,+20.8dB,13.1us,"[0,",1,444.19,normal,0,valid,-14.9dB,-15.0dB,na,na,,,,
2025-07-30 13:41:41.035963,PHY,0x4601,1,0,na,"[0,",0,0,1,2138.9,+19.1dB,16.3us,"[0,",1,445.8,normal,0,valid,-15.0dB,-15.0dB,na,na,,,,
2025-07-30 13:41:41.036544,PHY,0x4601,1,0,na,"[0,",0,0,1,1998.2,+18.7dB,15.4us,"[0,",1,445.9,normal,0,valid,-15.0dB,-15.1dB,na,na,,,,
2025-07-30 13:41:41.040088,PHY,0x4601,2,,na,"[0,",,,11111,,+35.4dB,16.4us,"[0,",1,445.17,normal,0,valid,-12.0dB,-12.1dB,0.14us,+121.3Hz,,"[6,",,1
2025-07-30 13:41:41.041022,PHY,0x4601,1,0,na,"[0,",0,0,1,2161.3,+19.1dB,15.2us,"[0,",1,445.18,normal,0,valid,-15.0dB,-15.0dB,na,na,,,,
2025-07-30 13:41:41.041496,PHY,0x4601,1,0,na,"[0,",0,0,1,2047.6,+18.8dB,13.8us,"[0,",1,445.19,normal,0,valid,-14.9dB,-15.0dB,na,na,,,,
2025-07-30 13:41:41.045593,CSI,0x4601,2,,na,"[0,",,,1,,+34.4dB,10.8us,"[0,",1,446.8,normal,0,valid,-11.9dB,-11.9dB,0.14us,-18.2Hz,,"[6,",1111,1
2025-07-30 13:41:41.046461,PHY,0x4601,1,0,na,"[0,",0,0,1,2121.0,+19.0dB,16.0us,"[0,",1,446.9,normal,0,valid,-15.0dB,-15.0dB,na,na,,,,
2025-07-30 13:41:41.050122,PHY,0x4601,2,,na,"[0,",,,11111,,+31.5dB,14.5us,"[0,",1,446.17,normal,0,valid,-12.0dB,-12.0dB,0.15us,-30.1Hz,,"[6,",,1
2025-07-30 13:41:41.050951,PHY,0x4601,1,0,na,"[0,",0,0,1,3037.6,+20.5dB,16.6us,"[0,",1,446.18,normal,0,valid,-14.9dB,-15.0dB,na,na,,,,
2025-07-30 13:41:41.051528,PHY,0x4601,1,0,na,"[0,",0,0,1,2793.7,+20.2dB,14.4us,"[0,",1,446.19,normal,0,valid,-14.9dB,-15.0dB,na,na,,,,
2025-07-30 13:41:41.056028,PHY,0x4601,1,0,na,"[0,",0,0,1,2329.9,+19.4dB,15.8us,"[0,",1,447.8,normal,0,valid,-15.0dB,-15.0dB,na,na,,,,
2025-07-30 13:41:41.056514,PHY,0x4601,1,0,na,"[0,",0,0,1,2124.5,+19.0dB,19.2us,"[0,",1,447.9,normal,0,valid,-15.0dB,-15.1dB,na,na,,,,
2025-07-30 13:41:41.060044,PHY,0x4601,2,,na,"[0,",,,11111,,+31.2dB,26.6us,"[0,",1,447.17,normal,0,valid,-12.1dB,-12.1dB,0.15us,+25.1Hz,,"[6,",,1
2025-07-30 13:41:41.060981,PHY,0x4601,1,0,na,"[0,",0,0,1,3228.6,+20.8dB,16.8us,"[0,",1,447.18,normal,0,valid,-14.9dB,-14.9dB,na,na,,,,
2025-07-30 13:41:41.061460,PHY,0x4601,1,0,na,"[0,",0,0,1,3162.3,+20.8dB,16.5us,"[0,",1,447.19,normal,0,valid,-14.9dB,-14.9dB,na,na,,,,
2025-07-30 13:41:41.065597,CSI,0x4601,2,,na,"[0,",,,1,,+33.6dB,15.5us,"[0,",1,448.8,normal,0,valid,-12.0dB,-12.0dB,0.17us,-30.2Hz,,"[6,",1111,1
2025-07-30 13:41:41.066522,PHY,0x4601,1,0,na,"[0,",0,0,1,2172.6,+19.1dB,16.5us,"[0,",1,448.9,normal,0,valid,-14.9dB,-15.0dB,na,na,,,,
2025-07-30 13:41:41.070110,PHY,0x4601,2,,na,"[0,",,,11111,,+33.4dB,23.8us,"[0,",1,448.17,normal,0,valid,-12.0dB,-12.0dB,0.13us,+68.7Hz,,"[6,",,1
2025-07-30 13:41:41.071015,PHY,0x4601,1,0,na,"[0,",0,0,1,2809.1,+20.2dB,18.6us,"[0,",1,448.18,normal,0,valid,-14.9dB,-15.0dB,na,na,,,,
2025-07-30 13:41:41.071486,PHY,0x4601,1,0,na,"[0,",0,0,1,3001.5,+20.5dB,14.6us,"[0,",1,448.19,normal,0,valid,-14.9dB,-15.0dB,na,na,,,,
2025-07-30 13:41:41.075979,PHY,0x4601,1,0,na,"[0,",0,0,1,2042.5,+18.8dB,18.9us,"[0,",1,449.8,normal,0,valid,-15.0dB,-15.0dB,na,na,,,,
2025-07-30 13:41:41.076454,PHY,0x4601,1,0,na,"[0,",0,0,1,1960.1,+18.7dB,15.5us,"[0,",1,449.9,normal,0,valid,-15.0dB,-15.1dB,na,na,,,,
2025-07-30 13:41:41.080123,PHY,0x4601,2,,na,"[0,",,,11111,,+29.8dB,15.7us,"[0,",1,449.17,normal,0,valid,-12.2dB,-12.2dB,0.13us,-89.9Hz,,"[6,",,1
2025-07-30 13:41:41.081052,PHY,0x4601,1,0,na,"[0,",0,0,1,3215.9,+20.8dB,25.3us,"[0,",1,449.18,normal,0,valid,-14.9dB,-15.0dB,na,na,,,,
2025-07-30 13:41:41.081515,PHY,0x4601,1,0,na,"[0,",0,0,1,3123.6,+20.7dB,15.0us,"[0,",1,449.19,normal,0,valid,-14.9dB,-14.9dB,na,na,,,,
2025-07-30 13:41:41.085603,CSI,0x4601,2,,na,"[0,",,,1,,+32.2dB,13.7us,"[0,",1,450.8,normal,0,valid,-12.0dB,-12.0dB,0.17us,-87.9Hz,,"[6,",1111,1
2025-07-30 13:41:41.086488,PHY,0x4601,1,0,na,"[0,",0,0,1,3181.9,+20.8dB,17.2us,"[0,",1,450.9,normal,0,valid,-15.0dB,-15.0dB,na,na,,,,
2025-07-30 13:41:41.090022,PHY,0x4601,2,,na,"[0,",,,11111,,+30.2dB,15.7us,"[0,",1,450.17,normal,0,valid,-12.1dB,-12.1dB,0.17us,+83.2Hz,,"[6,",,1
2025-07-30 13:41:41.090971,PHY,0x4601,1,0,na,"[0,",0,0,1,2834.3,+20.3dB,16.4us,"[0,",1,450.18,normal,0,valid,-14.9dB,-15.0dB,na,na,,,,
2025-07-30 13:41:41.091462,PHY,0x4601,1,0,na,"[0,",0,0,1,2999.6,+20.5dB,17.7us,"[0,",1,450.19,normal,0,valid,-14.9dB,-15.0dB,na,na,,,,
2025-07-30 13:41:41.096049,PHY,0x4601,1,0,na,"[0,",0,0,1,2159.4,+19.1dB,16.7us,"[0,",1,451.8,normal,0,valid,-14.9dB,-15.0dB,na,na,,,,
2025-07-30 13:41:41.096536,PHY,0x4601,1,0,na,"[0,",0,0,1,2063.4,+18.9dB,15.0us,"[0,",1,451.9,normal,0,valid,-15.0dB,-15.1dB,na,na,,,,
2025-07-30 13:41:41.100066,PHY,0x4601,2,,na,"[0,",,,11111,,+34.0dB,17.0us,"[0,",1,451.17,normal,0,valid,-12.0dB,-12.0dB,0.14us,-41.0Hz,,"[6,",,1
2025-07-30 13:41:41.101003,PHY,0x4601,1,0,na,"[0,",0,0,1,2960.4,+20.4dB,22.2us,"[0,",1,451.18,normal,0,valid,-14.9dB,-15.0dB,na,na,,,,
2025-07-30 13:41:41.101471,PHY,0x4601,1,0,na,"[0,",0,0,1,3028.5,+20.5dB,13.7us,"[0,",1,451.19,normal,0,valid,-14.9dB,-15.0dB,na,na,,,,
2025-07-30 13:41:41.105599,CSI,0x4601,2,,na,"[0,",,,1,,+27.8dB,12.1us,"[0,",1,452.8,normal,0,valid,-12.0dB,-12.0dB,0.15us,+3.5Hz,,"[6,",1111,1
2025-07-30 13:41:41.106544,PHY,0x4601,1,0,na,"[0,",0,0,1,1992.2,+18.7dB,15.3us,"[0,",1,452.9,normal,0,valid,-14.9dB,-15.0dB,na,na,,,,
2025-07-30 13:41:41.110109,PHY,0x4601,2,,na,"[0,",,,11111,,+34.3dB,14.1us,"[0,",1,452.17,normal,0,valid,-12.0dB,-12.0dB,0.15us,-3.6Hz,,"[6,",,1
2025-07-30 13:41:41.111029,PHY,0x4601,1,0,na,"[0,",0,0,1,2927.3,+20.4dB,17.1us,"[0,",1,452.18,normal,0,valid,-14.9dB,-15.0dB,na,na,,,,
2025-07-30 13:41:41.111501,PHY,0x4601,1,0,na,"[0,",0,0,1,2835.5,+20.3dB,13.1us,"[0,",1,452.19,normal,0,valid,-15.0dB,-15.0dB,na,na,,,,
2025-07-30 13:41:41.116007,PHY,0x4601,1,0,na,"[0,",0,0,1,2263.6,+19.3dB,21.0us,"[0,",1,453.8,normal,0,valid,-15.0dB,-15.0dB,na,na,,,,
2025-07-30 13:41:41.116485,PHY,0x4601,1,0,na,"[0,",0,0,1,2019.1,+18.8dB,24.6us,"[0,",1,453.9,normal,0,valid,-15.0dB,-15.0dB,na,na,,,,
2025-07-30 13:41:41.120139,PHY,0x4601,2,,na,"[0,",,,11111,,+30.9dB,17.6us,"[0,",1,453.17,normal,0,valid,-12.0dB,-12.0dB,0.13us,+74.9Hz,,"[6,",,1
2025-07-30 13:41:41.120964,PHY,0x4601,1,0,na,"[0,",0,0,1,2087.6,+18.9dB,22.7us,"[0,",1,453.18,normal,0,valid,-14.9dB,-15.0dB,na,na,,,,
2025-07-30 13:41:41.121535,PHY,0x4601,1,0,na,"[0,",0,0,1,2054.1,+18.9dB,15.5us,"[0,",1,453.19,normal,0,valid,-14.9dB,-15.0dB,na,na,,,,
2025-07-30 13:41:41.125559,CSI,0x4601,2,,na,"[0,",,,1,,+30.7dB,12.3us,"[0,",1,454.8,normal,0,valid,-12.0dB,-12.0dB,0.15us,-8.6Hz,,"[6,",1111,1
2025-07-30 13:41:41.126500,PHY,0x4601,1,0,na,"[0,",0,0,1,2128.8,+19.0dB,17.4us,"[0,",1,454.9,normal,0,valid,-15.0dB,-15.0dB,na,na,,,,
2025-07-30 13:41:41.130033,PHY,0x4601,2,,na,"[0,",,,11111,,+34.3dB,12.2us,"[0,",1,454.17,normal,0,valid,-12.1dB,-12.1dB,0.12us,+11.2Hz,,"[6,",,1
2025-07-30 13:41:41.130986,PHY,0x4601,1,0,na,"[0,",0,0,1,2117.8,+19.0dB,18.8us,"[0,",1,454.18,normal,0,valid,-14.9dB,-15.0dB,na,na,,,,
2025-07-30 13:41:41.131460,PHY,0x4601,1,0,na,"[0,",0,0,1,2075.2,+18.9dB,15.3us,"[0,",1,454.19,normal,0,valid,-14.9dB,-15.0dB,na,na,,,,
2025-07-30 13:41:41.135952,PHY,0x4601,1,0,na,"[0,",0,0,1,2061.5,+18.9dB,18.2us,"[0,",1,455.8,normal,0,valid,-15.0dB,-15.0dB,na,na,,,,
2025-07-30 13:41:41.136541,PHY,0x4601,1,0,na,"[0,",0,0,1,2262.2,+19.3dB,15.7us,"[0,",1,455.9,normal,0,valid,-15.0dB,-15.0dB,na,na,,,,
2025-07-30 13:41:41.140082,PHY,0x4601,2,,na,"[0,",,,11111,,+34.1dB,13.6us,"[0,",1,455.17,normal,0,valid,-12.0dB,-12.1dB,0.14us,-42.9Hz,,"[6,",,1
2025-07-30 13:41:41.141015,PHY,0x4601,1,0,na,"[0,",0,0,1,3083.6,+20.6dB,16.6us,"[0,",1,455.18,normal,0,valid,-14.9dB,-15.0dB,na,na,,,,
2025-07-30 13:41:41.141489,PHY,0x4601,1,0,na,"[0,",0,0,1,2910.2,+20.4dB,13.8us,"[0,",1,455.19,normal,0,valid,-14.9dB,-15.0dB,na,na,,,,
2025-07-30 13:41:41.145620,CSI,0x4601,2,,na,"[0,",,,1,,+34.7dB,13.5us,"[0,",1,456.8,normal,0,valid,-11.9dB,-11.9dB,0.15us,-60.1Hz,,"[6,",1111,1
2025-07-30 13:41:41.146457,PHY,0x4601,1,0,na,"[0,",0,0,1,2881.4,+20.4dB,16.2us,"[0,",1,456.9,normal,0,valid,-15.0dB,-15.0dB,na,na,,,,
2025-07-30 13:41:41.150117,PHY,0x4601,2,,na,"[0,",,,11111,,+29.4dB,11.7us,"[0,",1,456.17,normal,0,valid,-12.2dB,-12.2dB,0.17us,-15.3Hz,,"[6,",,1
2025-07-30 13:41:41.150952,PHY,0x4601,1,0,na,"[0,",0,0,1,2918.8,+20.4dB,19.2us,"[0,",1,456.18,normal,0,valid,-14.9dB,-15.0dB,na,na,,,,
2025-07-30 13:41:41.151521,PHY,0x4601,1,0,na,"[0,",0,0,1,2882.3,+20.3dB,13.6us,"[0,",1,456.19,normal,0,valid,-14.9dB,-15.0dB,na,na,,,,
2025-07-30 13:41:41.156025,PHY,0x4601,1,0,na,"[0,",0,0,1,1993.5,+18.7dB,20.4us,"[0,",1,457.8,normal,0,valid,-15.0dB,-15.1dB,na,na,,,,
2025-07-30 13:41:41.156538,PHY,0x4601,1,0,na,"[0,",0,0,1,2170.9,+19.1dB,16.7us,"[0,",1,457.9,normal,0,valid,-15.0dB,-15.0dB,na,na,,,,
2025-07-30 13:41:41.160030,PHY,0x4601,2,,na,"[0,",,,11111,,+32.7dB,14.7us,"[0,",1,457.17,normal,0,valid,-12.1dB,-12.1dB,0.15us,-32.3Hz,,"[6,",,1
2025-07-30 13:41:41.160974,PHY,0x4601,1,0,na,"[0,",0,0,1,2856.0,+20.3dB,16.9us,"[0,",1,457.18,normal,0,valid,-14.9dB,-14.9dB,na,na,,,,
2025-07-30 13:41:41.161456,PHY,0x4601,1,0,na,"[0,",0,0,1,2768.7,+20.1dB,19.9us,"[0,",1,457.19,normal,0,valid,-15.0dB,-15.0dB,na,na,,,,
2025-07-30 13:41:41.165590,CSI,0x4601,2,,na,"[0,",,,1,,+32.0dB,14.8us,"[0,",1,458.8,normal,0,valid,-12.0dB,-12.0dB,0.16us,-53.9Hz,,"[6,",1111,1
2025-07-30 13:41:41.166524,PHY,0x4601,1,0,na,"[0,",0,0,1,2879.8,+20.3dB,19.8us,"[0,",1,458.9,normal,0,valid,-14.9dB,-15.0dB,na,na,,,,
2025-07-30 13:41:41.170066,PHY,0x4601,2,,na,"[0,",,,11111,,+32.3dB,16.4us,"[0,",1,458.17,normal,0,valid,-12.0dB,-12.0dB,0.14us,-42.2Hz,,"[6,",,1
2025-07-30 13:41:41.171004,PHY,0x4601,1,0,na,"[0,",0,0,1,2069.0,+18.9dB,15.7us,"[0,",1,458.18,normal,0,valid,-14.9dB,-15.0dB,na,na,,,,
2025-07-30 13:41:41.171495,PHY,0x4601,1,0,na,"[0,",0,0,1,2077.1,+18.9dB,13.3us,"[0,",1,458.19,normal,0,valid,-14.9dB,-15.0dB,na,na,,,,
2025-07-30 13:41:41.175973,PHY,0x4601,1,0,na,"[0,",0,0,1,2098.7,+19.0dB,17.6us,"[0,",1,459.8,normal,0,valid,-15.0dB,-15.0dB,na,na,,,,
2025-07-30 13:41:41.176440,PHY,0x4601,1,0,na,"[0,",0,0,1,1974.1,+18.7dB,15.3us,"[0,",1,459.9,normal,0,valid,-15.0dB,-15.0dB,na,na,,,,
2025-07-30 13:41:41.180083,PHY,0x4601,2,,na,"[0,",,,11111,,+32.0dB,14.2us,"[0,",1,459.17,normal,0,valid,-12.1dB,-12.2dB,0.15us,-57.6Hz,,"[6,",,1
2025-07-30 13:41:41.181030,PHY,0x4601,1,0,na,"[0,",0,0,1,2164.1,+19.1dB,16.1us,"[0,",1,459.18,normal,0,valid,-15.0dB,-15.0dB,na,na,,,,
2025-07-30 13:41:41.181513,PHY,0x4601,1,0,na,"[0,",0,0,1,2174.1,+19.1dB,13.3us,"[0,",1,459.19,normal,0,valid,-14.9dB,-15.0dB,na,na,,,,
2025-07-30 13:41:41.185622,CSI,0x4601,2,,na,"[0,",,,1,,+39.0dB,12.9us,"[0,",1,460.8,normal,0,valid,-11.9dB,-11.9dB,0.15us,-61.6Hz,,"[6,",1111,1
2025-07-30 13:41:41.186486,PHY,0x4601,1,0,na,"[0,",0,0,1,1858.8,+18.5dB,15.9us,"[0,",1,460.9,normal,0,valid,-14.9dB,-15.0dB,na,na,,,,
2025-07-30 13:41:41.190017,PHY,0x4601,2,,na,"[0,",,,11111,,+30.6dB,19.7us,"[0,",1,460.17,normal,0,valid,-12.1dB,-12.1dB,0.15us,+5.3Hz,,"[6,",,1
2025-07-30 13:41:41.190962,PHY,0x4601,1,0,na,"[0,",0,0,1,2899.9,+20.4dB,15.4us,"[0,",1,460.18,normal,0,valid,-14.9dB,-14.9dB,na,na,,,,
2025-07-30 13:41:41.191540,PHY,0x4601,1,0,na,"[0,",0,0,1,2538.2,+19.8dB,13.2us,"[0,",1,460.19,normal,0,valid,-14.9dB,-15.0dB,na,na,,,,
2025-07-30 13:41:41.196032,PHY,0x4601,1,0,na,"[0,",0,0,1,1996.4,+18.7dB,15.6us,"[0,",1,461.8,normal,0,valid,-15.0dB,-15.1dB,na,na,,,,
2025-07-30 13:41:41.196519,PHY,0x4601,1,0,na,"[0,",0,0,1,2030.1,+18.8dB,14.8us,"[0,",1,461.9,normal,0,valid,-15.0dB,-15.0dB,na,na,,,,
2025-07-30 13:41:41.200049,PHY,0x4601,2,,na,"[0,",,,11111,,+30.5dB,14.0us,"[0,",1,461.17,normal,0,valid,-12.1dB,-12.1dB,0.15us,-93.0Hz,,"[6,",,1
2025-07-30 13:41:41.200991,PHY,0x4601,1,0,na,"[0,",0,0,1,2009.7,+18.8dB,16.5us,"[0,",1,461.18,normal,0,valid,-14.9dB,-15.0dB,na,na,,,,
2025-07-30 13:41:41.201470,PHY,0x4601,1,0,na,"[0,",0,0,1,2230.8,+19.2dB,13.6us,"[0,",1,461.19,normal,0,valid,-14.9dB,-15.0dB,na,na,,,,
2025-07-30 13:41:41.205595,CSI,0x4601,2,,na,"[0,",,,1,,+30.4dB,11.4us,"[0,",1,462.8,normal,0,valid,-12.0dB,-12.0dB,0.15us,-89.8Hz,,"[6,",1111,1
2025-07-30 13:41:41.206532,PHY,0x4601,1,0,na,"[0,",0,0,1,2815.4,+20.2dB,15.6us,"[0,",1,462.9,normal,0,valid,-15.0dB,-15.0dB,na,na,,,,
2025-07-30 13:41:41.210089,PHY,0x4601,2,,na,"[0,",,,11111,,+31.1dB,17.6us,"[0,",1,462.17,normal,0,valid,-12.1dB,-12.1dB,0.16us,-31.8Hz,,"[6,",,1
2025-07-30 13:41:41.211020,PHY,0x4601,1,0,na,"[0,",0,0,1,2147.2,+19.1dB,15.7us,"[0,",1,462.18,normal,0,valid,-14.9dB,-15.0dB,na,na,,,,
2025-07-30 13:41:41.211507,PHY,0x4601,1,0,na,"[0,",0,0,1,2216.2,+19.2dB,14.9us,"[0,",1,462.19,normal,0,valid,-15.0dB,-15.0dB,na,na,,,,
2025-07-30 13:41:41.215989,PHY,0x4601,1,0,na,"[0,",0,0,1,2123.3,+19.0dB,16.6us,"[0,",1,463.8,normal,0,valid,-15.0dB,-15.0dB,na,na,,,,
2025-07-30 13:41:41.216458,PHY,0x4601,1,0,na,"[0,",0,0,1,1992.3,+18.7dB,15.6us,"[0,",1,463.9,normal,0,valid,-15.0dB,-15.1dB,na,na,,,,
2025-07-30 13:41:41.220128,PHY,0x4601,2,,na,"[0,",,,11111,,+33.1dB,16.0us,"[0,",1,463.17,normal,0,valid,-12.1dB,-12.1dB,0.15us,+16.9Hz,,"[6,",,1
2025-07-30 13:41:41.220954,PHY,0x4601,1,0,na,"[0,",0,0,1,3084.2,+20.6dB,17.0us,"[0,",1,463.18,normal,0,valid,-14.9dB,-14.9dB,na,na,,,,
2025-07-30 13:41:41.221527,PHY,0x4601,1,0,na,"[0,",0,0,1,3141.7,+20.7dB,15.9us,"[0,",1,463.19,normal,0,valid,-14.9dB,-15.0dB,na,na,,,,
2025-07-30 13:41:41.225633,CSI,0x4601,2,,na,"[0,",,,1,,+32.2dB,15.9us,"[0,",1,464.8,normal,0,valid,-12.1dB,-12.1dB,0.15us,+126.1Hz,,"[6,",1111,1
2025-07-30 13:41:41.226515,PHY,0x4601,1,0,na,"[0,",0,0,1,3048.7,+20.6dB,21.7us,"[0,",1,464.9,normal,0,valid,-14.9dB,-15.0dB,na,na,,,,
2025-07-30 13:41:41.230041,PHY,0x4601,2,,na,"[0,",,,11111,,+32.0dB,17.1us,"[0,",1,464.17,normal,0,valid,-12.0dB,-12.0dB,0.15us,+15.4Hz,,"[6,",,1
2025-07-30 13:41:41.230991,PHY,0x4601,1,0,na,"[0,",0,0,1,2037.7,+18.8dB,19.8us,"[0,",1,464.18,normal,0,valid,-14.9dB,-15.0dB,na,na,,,,
2025-07-30 13:41:41.231459,PHY,0x4601,1,0,na,"[0,",0,0,1,1926.5,+18.6dB,16.6us,"[0,",1,464.19,normal,0,valid,-15.0dB,-15.0dB,na,na,,,,
2025-07-30 13:41:41.235942,PHY,0x4601,1,0,na,"[0,",0,0,1,2105.8,+19.0dB,16.1us,"[0,",1,465.8,normal,0,valid,-14.9dB,-15.0dB,na,na,,,,
2025-07-30 13:41:41.236537,PHY,0x4601,1,0,na,"[0,",0,0,1,2071.4,+18.9dB,14.9us,"[0,",1,465.9,normal,0,valid,-15.0dB,-15.0dB,na,na,,,,
2025-07-30 13:41:41.240080,PHY,0x4601,2,,na,"[0,",,,11111,,+29.7dB,16.4us,"[0,",1,465.17,normal,0,valid,-12.0dB,-12.0dB,0.17us,+82.0Hz,,"[6,",,1
2025-07-30 13:41:41.241015,PHY,0x4601,1,0,na,"[0,",0,0,1,2981.0,+20.5dB,18.4us,"[0,",1,465.18,normal,0,valid,-15.0dB,-15.0dB,na,na,,,,
2025-07-30 13:41:41.241482,PHY,0x4601,1,0,na,"[0,",0,0,1,3044.0,+20.6dB,15.5us,"[0,",1,465.19,normal,0,valid,-15.0dB,-15.0dB,na,na,,,,
2025-07-30 13:41:41.245618,CSI,0x4601,2,,na,"[0,",,,1,,+32.1dB,15.9us,"[0,",1,466.8,normal,0,valid,-12.0dB,-12.0dB,0.16us,+64.1Hz,,"[6,",1111,1
2025-07-30 13:41:41.246466,PHY,0x4601,1,0,na,"[0,",0,0,1,2758.9,+20.1dB,16.7us,"[0,",1,466.9,normal,0,valid,-14.9dB,-15.0dB,na,na,,,,
2025-07-30 13:41:41.250094,PHY,0x4601,2,,na,"[0,",,,11111,,+31.2dB,14.9us,"[0,",1,466.17,normal,0,valid,-12.0dB,-12.1dB,0.15us,+84.5Hz,,"[6,",,1
2025-07-30 13:41:41.251044,PHY,0x4601,1,0,na,"[0,",0,0,1,2329.8,+19.4dB,16.4us,"[0,",1,466.18,normal,0,valid,-15.0dB,-15.0dB,na,na,,,,
2025-07-30 13:41:41.251518,PHY,0x4601,1,0,na,"[0,",0,0,1,2284.4,+19.3dB,19.2us,"[0,",1,466.19,normal,0,valid,-14.9dB,-14.9dB,na,na,,,,
2025-07-30 13:41:41.256005,PHY,0x4601,1,0,na,"[0,",0,0,1,2036.9,+18.8dB,16.2us,"[0,",1,467.8,normal,0,valid,-15.0dB,-15.0dB,na,na,,,,
2025-07-30 13:41:41.256494,PHY,0x4601,1,0,na,"[0,",0,0,1,2184.3,+19.1dB,26.1us,"[0,",1,467.9,normal,0,valid,-15.0dB,-15.0dB,na,na,,,,
2025-07-30 13:41:41.260021,PHY,0x4601,2,,na,"[0,",,,11111,,+29.3dB,13.9us,"[0,",1,467.17,normal,0,valid,-12.1dB,-12.1dB,0.16us,-52.5Hz,,"[6,",,1
2025-07-30 13:41:41.260969,PHY,0x4601,1,0,na,"[0,",0,0,1,3112.4,+20.6dB,17.1us,"[0,",1,467.18,normal,0,valid,-15.0dB,-15.0dB,na,na,,,,
2025-07-30 13:41:41.261442,PHY,0x4601,1,0,na,"[0,",0,0,1,2788.0,+20.2dB,13.8us,"[0,",1,467.19,normal,0,valid,-14.9dB,-15.0dB,na,na,,,,
2025-07-30 13:41:41.265598,CSI,0x4601,2,,na,"[0,",,,1,,+30.9dB,12.7us,"[0,",1,468.8,normal,0,valid,-11.9dB,-11.9dB,0.14us,-64.0Hz,,"[6,",1111,1
2025-07-30 13:41:41.266517,PHY,0x4601,1,0,na,"[0,",0,0,1,2901.3,+20.4dB,15.4us,"[0,",1,468.9,normal,0,valid,-14.9dB,-15.0dB,na,na,,,,
2025-07-30 13:41:41.270063,PHY,0x4601,2,,na,"[0,",,,11111,,+31.5dB,14.0us,"[0,",1,468.17,normal,0,valid,-12.0dB,-12.0dB,0.16us,-81.6Hz,,"[6,",,1
2025-07-30 13:41:41.271007,PHY,0x4601,1,0,na,"[0,",0,0,1,2099.6,+19.0dB,22.9us,"[0,",1,468.18,normal,0,valid,-14.9dB,-15.0dB,na,na,,,,
2025-07-30 13:41:41.271479,PHY,0x4601,1,0,na,"[0,",0,0,1,1911.7,+18.6dB,14.0us,"[0,",1,468.19,normal,0,valid,-14.9dB,-15.0dB,na,na,,,,
2025-07-30 13:41:41.275960,PHY,0x4601,1,0,na,"[0,",0,0,1,1999.9,+18.7dB,15.3us,"[0,",1,469.8,normal,0,valid,-15.0dB,-15.1dB,na,na,,,,
2025-07-30 13:41:41.276545,PHY,0x4601,1,0,na,"[0,",0,0,1,2218.2,+19.2dB,15.8us,"[0,",1,469.9,normal,0,valid,-15.0dB,-15.0dB,na,na,,,,
2025-07-30 13:41:41.280094,PHY,0x4601,2,,na,"[0,",,,11111,,+29.5dB,13.8us,"[0,",1,469.17,normal,0,valid,-12.0dB,-12.1dB,0.14us,+77.4Hz,,"[6,",,1
2025-07-30 13:41:41.281030,PHY,0x4601,1,0,na,"[0,",0,0,1,2079.1,+18.9dB,16.1us,"[0,",1,469.18,normal,0,valid,-14.9dB,-15.0dB,na,na,,,,
2025-07-30 13:41:41.281512,PHY,0x4601,1,0,na,"[0,",0,0,1,2153.2,+19.1dB,14.4us,"[0,",1,469.19,normal,0,valid,-15.0dB,-15.1dB,na,na,,,,
2025-07-30 13:41:41.285602,CSI,0x4601,2,,na,"[0,",,,1,,+29.5dB,13.7us,"[0,",1,470.8,normal,0,valid,-11.9dB,-11.9dB,0.15us,-200.9Hz,,"[6,",1111,1
2025-07-30 13:41:41.286484,PHY,0x4601,1,0,na,"[0,",0,0,1,2210.9,+19.2dB,15.7us,"[0,",1,470.9,normal,0,valid,-15.0dB,-15.0dB,na,na,,,,
2025-07-30 13:41:41.290150,PHY,0x4601,2,,na,"[0,",,,11111,,+30.9dB,13.9us,"[0,",1,470.17,normal,0,valid,-12.2dB,-12.2dB,0.16us,+130.8Hz,,"[6,",,1
2025-07-30 13:41:41.290952,PHY,0x4601,1,0,na,"[0,",0,0,1,3090.6,+20.6dB,16.7us,"[0,",1,470.18,normal,0,valid,-14.9dB,-15.0dB,na,na,,,,
2025-07-30 13:41:41.291540,PHY,0x4601,1,0,na,"[0,",0,0,1,3007.4,+20.5dB,16.0us,"[0,",1,470.19,normal,0,valid,-15.0dB,-15.0dB,na,na,,,,
2025-07-30 13:41:41.296026,PHY,0x4601,1,0,na,"[0,",0,0,1,2101.6,+19.0dB,15.7us,"[0,",1,471.8,normal,0,valid,-15.0dB,-15.0dB,na,na,,,,
2025-07-30 13:41:41.296514,PHY,0x4601,1,0,na,"[0,",0,0,1,1907.5,+18.6dB,18.9us,"[0,",1,471.9,normal,0,valid,-15.0dB,-15.1dB,na,na,,,,
2025-07-30 13:41:41.300037,PHY,0x4601,2,,na,"[0,",,,11111,,+31.4dB,14.9us,"[0,",1,471.17,normal,0,valid,-12.0dB,-12.1dB,0.14us,+208.8Hz,,"[6,",,1
2025-07-30 13:41:41.300984,PHY,0x4601,1,0,na,"[0,",0,0,1,2040.1,+18.8dB,16.8us,"[0,",1,471.18,normal,0,valid,-14.9dB,-15.0dB,na,na,,,,
2025-07-30 13:41:41.301463,PHY,0x4601,1,0,na,"[0,",0,0,1,2041.1,+18.8dB,13.9us,"[0,",1,471.19,normal,0,valid,-15.0dB,-15.0dB,na,na,,,,
2025-07-30 13:41:41.305604,CSI,0x4601,2,,na,"[0,",,,1,,+30.6dB,14.9us,"[0,",1,472.8,normal,0,valid,-12.1dB,-12.1dB,0.18us,-54.3Hz,,"[6,",1111,1
2025-07-30 13:41:41.306533,PHY,0x4601,1,0,na,"[0,",0,0,1,2884.1,+20.4dB,16.3us,"[0,",1,472.9,normal,0,valid,-14.9dB,-14.9dB,na,na,,,,
2025-07-30 13:41:41.310086,PHY,0x4601,2,,na,"[0,",,,11111,,+31.7dB,14.6us,"[0,",1,472.17,normal,0,valid,-12.1dB,-12.1dB,0.15us,+61.3Hz,,"[6,",,1
2025-07-30 13:41:41.311015,PHY,0x4601,1,0,na,"[0,",0,0,1,1991.8,+18.8dB,15.7us,"[0,",1,472.18,normal,0,valid,-14.9dB,-15.0dB,na,na,,,,
2025-07-30 13:41:41.311498,PHY,0x4601,1,0,na,"[0,",0,0,1,1911.4,+18.5dB,15.3us,"[0,",1,472.19,normal,0,valid,-15.0dB,-15.0dB,na,na,,,,
2025-07-30 13:41:41.315979,PHY,0x4601,1,0,na,"[0,",0,0,1,2158.0,+19.1dB,15.7us,"[0,",1,473.8,normal,0,valid,-15.0dB,-15.0dB,na,na,,,,
2025-07-30 13:41:41.316449,PHY,0x4601,1,0,na,"[0,",0,0,1,1941.3,+18.6dB,13.9us,"[0,",1,473.9,normal,0,valid,-15.0dB,-15.0dB,na,na,,,,
2025-07-30 13:41:41.320108,PHY,0x4601,2,,na,"[0,",,,11111,,+33.0dB,13.5us,"[0,",1,473.17,normal,0,valid,-12.1dB,-12.1dB,0.14us,-4.4Hz,,"[6,",,1
2025-07-30 13:41:41.320943,PHY,0x4601,1,0,na,"[0,",0,0,1,2123.5,+19.0dB,15.8us,"[0,",1,473.18,normal,0,valid,-14.9dB,-15.0dB,na,na,,,,
2025-07-30 13:41:41.321520,PHY,0x4601,1,0,na,"[0,",0,0,1,2380.0,+19.5dB,14.0us,"[0,",1,473.19,normal,0,valid,-14.9dB,-15.0dB,na,na,,,,
2025-07-30 13:41:41.325603,CSI,0x4601,2,,na,"[0,",,,1,,+29.7dB,14.4us,"[0,",1,474.8,normal,0,valid,-12.1dB,-12.1dB,0.15us,-34.8Hz,,"[6,",1111,1
2025-07-30 13:41:41.326491,PHY,0x4601,1,0,na,"[0,",0,0,1,2082.6,+18.9dB,17.1us,"[0,",1,474.9,normal,0,valid,-14.9dB,-15.0dB,na,na,,,,
2025-07-30 13:41:41.330032,PHY,0x4601,2,,na,"[0,",,,11111,,+30.3dB,15.1us,"[0,",1,474.17,normal,0,valid,-12.1dB,-12.1dB,0.15us,+64.7Hz,,"[6,",,1
2025-07-30 13:41:41.330975,PHY,0x4601,1,0,na,"[0,",0,0,1,2086.2,+18.9dB,16.9us,"[0,",1,474.18,normal,0,valid,-14.9dB,-15.0dB,na,na,,,,
2025-07-30 13:41:41.331449,PHY,0x4601,1,0,na,"[0,",0,0,1,1982.1,+18.7dB,14.1us,"[0,",1,474.19,normal,0,valid,-14.9dB,-15.0dB,na,na,,,,
2025-07-30 13:41:41.336042,PHY,0x4601,1,0,na,"[0,",0,0,1,2288.0,+19.3dB,15.7us,"[0,",1,475.8,normal,0,valid,-14.9dB,-15.0dB,na,na,,,,
2025-07-30 13:41:41.336533,PHY,0x4601,1,0,na,"[0,",0,0,1,2042.4,+18.9dB,15.9us,"[0,",1,475.9,normal,0,valid,-15.0dB,-15.0dB,na,na,,,,
2025-07-30 13:41:41.340063,PHY,0x4601,2,,na,"[0,",,,11111,,+32.6dB,13.2us,"[0,",1,475.17,normal,0,valid,-12.1dB,-12.1dB,0.15us,-39.0Hz,,"[6,",,1
2025-07-30 13:41:41.341006,PHY,0x4601,1,0,na,"[0,",0,0,1,3043.8,+20.5dB,16.1us,"[0,",1,475.18,normal,0,valid,-15.0dB,-15.0dB,na,na,,,,
2025-07-30 13:41:41.341480,PHY,0x4601,1,0,na,"[0,",0,0,1,3096.7,+20.7dB,14.1us,"[0,",1,475.19,normal,0,valid,-14.9dB,-15.0dB,na,na,,,,
2025-07-30 13:41:41.345615,CSI,0x4601,2,,na,"[0,",,,1,,+30.5dB,13.2us,"[0,",1,476.8,normal,0,valid,-11.9dB,-11.9dB,0.14us,+1.7Hz,,"[6,",1111,1
2025-07-30 13:41:41.346449,PHY,0x4601,1,0,na,"[0,",0,0,1,3241.0,+20.8dB,17.9us,"[0,",1,476.9,normal,0,valid,-15.0dB,-15.0dB,na,na,,,,
2025-07-30 13:41:41.350109,PHY,0x4601,2,,na,"[0,",,,11111,,+29.1dB,16.5us,"[0,",1,476.17,normal,0,valid,-12.0dB,-12.1dB,0.14us,+26.6Hz,,"[6,",,1
2025-07-30 13:41:41.351028,PHY,0x4601,1,0,na,"[0,",0,0,1,2937.2,+20.4dB,15.1us,"[0,",1,476.18,normal,0,valid,-14.9dB,-15.0dB,na,na,,,,
2025-07-30 13:41:41.351508,PHY,0x4601,1,0,na,"[0,",0,0,1,2922.6,+20.4dB,13.6us,"[0,",1,476.19,normal,0,valid,-14.9dB,-14.9dB,na,na,,,,
2025-07-30 13:41:41.355997,PHY,0x4601,1,0,na,"[0,",0,0,1,2137.9,+19.1dB,16.2us,"[0,",1,477.8,normal,0,valid,-15.0dB,-15.0dB,na,na,,,,
2025-07-30 13:41:41.356469,PHY,0x4601,1,0,na,"[0,",0,0,1,2035.7,+18.8dB,13.5us,"[0,",1,477.9,normal,0,valid,-15.0dB,-15.1dB,na,na,,,,
2025-07-30 13:41:41.360013,PHY,0x4601,2,,na,"[0,",,,11111,,+35.4dB,13.2us,"[0,",1,477.17,normal,0,valid,-12.0dB,-12.0dB,0.13us,+107.2Hz,,"[6,",,1
2025-07-30 13:41:41.360963,PHY,0x4601,1,0,na,"[0,",0,0,1,2008.3,+18.8dB,16.9us,"[0,",1,477.18,normal,0,valid,-15.0dB,-15.0dB,na,na,,,,
2025-07-30 13:41:41.361541,PHY,0x4601,1,0,na,"[0,",0,0,1,1934.5,+18.6dB,13.2us,"[0,",1,477.19,normal,0,valid,-15.0dB,-15.0dB,na,na,,,,
2025-07-30 13:41:41.365570,CSI,0x4601,2,,na,"[0,",,,1,,+32.1dB,15.2us,"[0,",1,478.8,normal,0,valid,-12.0dB,-12.0dB,0.15us,-77.4Hz,,"[6,",1111,1
2025-07-30 13:41:41.366514,PHY,0x4601,1,0,na,"[0,",0,0,1,2754.7,+20.1dB,17.2us,"[0,",1,478.9,normal,0,valid,-15.0dB,-15.0dB,na,na,,,,
2025-07-30 13:41:41.370050,PHY,0x4601,2,,na,"[0,",,,11111,,+32.8dB,14.0us,"[0,",1,478.17,normal,0,valid,-12.0dB,-12.0dB,0.16us,+112.1Hz,,"[6,",,1
2025-07-30 13:41:41.370991,PHY,0x4601,1,0,na,"[0,",0,0,1,2192.8,+19.1dB,15.9us,"[0,",1,478.18,normal,0,valid,-15.0dB,-15.0dB,na,na,,,,
2025-07-30 13:41:41.371470,PHY,0x4601,1,0,na,"[0,",0,0,1,1946.0,+18.6dB,13.9us,"[0,",1,478.19,normal,0,valid,-15.0dB,-15.0dB,na,na,,,,
2025-07-30 13:41:41.375956,PHY,0x4601,1,0,na,"[0,",0,0,1,2170.1,+19.1dB,16.3us,"[0,",1,479.8,normal,0,valid,-15.0dB,-15.0dB,na,na,,,,
2025-07-30 13:41:41.376550,PHY,0x4601,1,0,na,"[0,",0,0,1,1887.5,+18.5dB,14.6us,"[0,",1,479.9,normal,0,valid,-15.0dB,-15.0dB,na,na,,,,
2025-07-30 13:41:41.380092,PHY,0x4601,2,,na,"[0,",,,11111,,+32.2dB,14.9us,"[0,",1,479.17,normal,0,valid,-12.1dB,-12.1dB,0.13us,-76.6Hz,,"[6,",,1
2025-07-30 13:41:41.381032,PHY,0x4601,1,0,na,"[0,",0,0,1,3099.8,+20.7dB,22.1us,"[0,",1,479.18,normal,0,valid,-14.9dB,-15.0dB,na,na,,,,
2025-07-30 13:41:41.381499,PHY,0x4601,1,0,na,"[0,",0,0,1,3181.8,+20.8dB,14.6us,"[0,",1,479.19,normal,0,valid,-14.9dB,-15.0dB,na,na,,,,
2025-07-30 13:41:41.385589,CSI,0x4601,2,,na,"[0,",,,1,,+31.3dB,11.2us,"[0,",1,480.8,normal,0,valid,-12.2dB,-12.2dB,0.16us,+30.4Hz,,"[6,",1111,1
2025-07-30 13:41:41.386458,PHY,0x4601,1,0,na,"[0,",0,0,1,2936.3,+20.4dB,15.3us,"[0,",1,480.9,normal,0,valid,-15.0dB,-15.0dB,na,na,,,,
2025-07-30 13:41:41.390112,PHY,0x4601,2,,na,"[0,",,,11111,,+32.0dB,12.5us,"[0,",1,480.17,normal,0,valid,-11.9dB,-12.0dB,0.16us,+111.0Hz,,"[6,",,1
2025-07-30 13:41:41.390956,PHY,0x4601,1,0,na,"[0,",0,0,1,2948.8,+20.4dB,14.5us,"[0,",1,480.18,normal,0,valid,-15.0dB,-15.0dB,na,na,,,,
2025-07-30 13:41:41.391526,PHY,0x4601,1,0,na,"[0,",0,0,1,2707.9,+20.1dB,13.8us,"[0,",1,480.19,normal,0,valid,-15.0dB,-15.0dB,na,na,,,,
2025-07-30 13:41:41.396036,PHY,0x4601,1,0,na,"[0,",0,0,1,2236.4,+19.3dB,26.1us,"[0,",1,481.8,normal,0,valid,-15.0dB,-15.0dB,na,na,,,,
2025-07-30 13:41:41.396501,PHY,0x4601,1,0,na,"[0,",0,0,1,2176.4,+19.1dB,14.1us,"[0,",1,481.9,normal,0,valid,-15.0dB,-15.1dB,na,na,,,,
2025-07-30 13:41:41.400041,PHY,0x4601,2,,na,"[0,",,,11111,,+31.4dB,15.7us,"[0,",1,481.17,normal,0,valid,-12.0dB,-12.1dB,0.16us,+41.1Hz,,"[6,",,1
2025-07-30 13:41:41.400987,PHY,0x4601,1,0,na,"[0,",0,0,1,2844.7,+20.3dB,21.4us,"[0,",1,481.18,normal,0,valid,-14.9dB,-15.0dB,na,na,,,,
2025-07-30 13:41:41.401453,PHY,0x4601,1,0,na,"[0,",0,0,1,3112.9,+20.7dB,14.0us,"[0,",1,481.19,normal,0,valid,-14.9dB,-15.0dB,na,na,,,,
2025-07-30 13:41:41.405594,CSI,0x4601,2,,na,"[0,",,,1,,+32.0dB,15.9us,"[0,",1,482.8,normal,0,valid,-11.9dB,-12.0dB,0.15us,-6.2Hz,,"[6,",1111,1
2025-07-30 13:41:41.406529,PHY,0x4601,1,0,na,"[0,",0,0,1,2066.0,+18.9dB,18.0us,"[0,",1,482.9,normal,0,valid,-15.0dB,-15.0dB,na,na,,,,
2025-07-30 13:41:41.410094,PHY,0x4601,2,,na,"[0,",,,11111,,+30.9dB,13.6us,"[0,",1,482.17,normal,0,valid,-12.0dB,-12.1dB,0.18us,+79.9Hz,,"[6,",,1
2025-07-30 13:41:41.411014,PHY,0x4601,1,0,na,"[0,",0,0,1,2068.8,+18.9dB,16.2us,"[0,",1,482.18,normal,0,valid,-15.0dB,-15.0dB,na,na,,,,
2025-07-30 13:41:41.411485,PHY,0x4601,1,0,na,"[0,",0,0,1,2183.4,+19.1dB,18.0us,"[0,",1,482.19,normal,0,valid,-14.9dB,-15.0dB,na,na,,,,
2025-07-30 13:41:41.415989,PHY,0x4601,1,0,na,"[0,",0,0,1,2064.2,+18.9dB,16.7us,"[0,",1,483.8,normal,0,valid,-15.0dB,-15.0dB,na,na,,,,
2025-07-30 13:41:41.416449,PHY,0x4601,1,0,na,"[0,",0,0,1,2129.2,+19.0dB,14.4us,"[0,",1,483.9,normal,0,valid,-15.0dB,-15.0dB,na,na,,,,
2025-07-30 13:41:41.420105,PHY,0x4601,2,,na,"[0,",,,11111,,+30.3dB,16.7us,"[0,",1,483.17,normal,0,valid,-12.1dB,-12.1dB,0.15us,+45.3Hz,,"[6,",,1
2025-07-30 13:41:41.421043,PHY,0x4601,1,0,na,"[0,",0,0,1,2812.6,+20.2dB,14.9us,"[0,",1,483.18,normal,0,valid,-14.9dB,-15.0dB,na,na,,,,
2025-07-30 13:41:41.421520,PHY,0x4601,1,0,na,"[0,",0,0,1,3023.2,+20.6dB,17.6us,"[0,",1,483.19,normal,0,valid,-15.0dB,-15.0dB,na,na,,,,
2025-07-30 13:41:41.425613,CSI,0x4601,2,,na,"[0,",,,1,,+32.3dB,14.8us,"[0,",1,484.8,normal,0,valid,-11.9dB,-11.9dB,0.14us,-52.3Hz,,"[6,",1111,1
2025-07-30 13:41:41.426479,PHY,0x4601,1,0,na,"[0,",0,0,1,2155.9,+19.0dB,15.6us,"[0,",1,484.9,normal,0,valid,-15.0dB,-15.1dB,na,na,,,,
2025-07-30 13:41:41.430024,PHY,0x4601,2,,na,"[0,",,,11111,,+33.3dB,14.1us,"[0,",1,484.17,normal,0,valid,-12.0dB,-12.0dB,0.15us,+192.0Hz,,"[6,",,1
2025-07-30 13:41:41.430973,PHY,0x4601,1,0,na,"[0,",0,0,1,2026.8,+18.8dB,16.1us,"[0,",1,484.18,normal,0,valid,-14.9dB,-15.0dB,na,na,,,,
2025-07-30 13:41:41.431450,PHY,0x4601,1,0,na,"[0,",0,0,1,1951.9,+18.7dB,13.6us,"[0,",1,484.19,normal,0,valid,-14.9dB,-15.0dB,na,na,,,,
2025-07-30 13:41:41.436041,PHY,0x4601,1,0,na,"[0,",0,0,1,2158.9,+19.1dB,16.1us,"[0,",1,485.8,normal,0,valid,-15.0dB,-15.1dB,na,na,,,,
2025-07-30 13:41:41.436526,PHY,0x4601,1,0,na,"[0,",0,0,1,1959.2,+18.7dB,18.1us,"[0,",1,485.9,normal,0,valid,-15.0dB,-15.0dB,na,na,,,,
2025-07-30 13:41:41.440063,PHY,0x4601,2,,na,"[0,",,,11111,,+34.4dB,15.7us,"[0,",1,485.17,normal,0,valid,-12.0dB,-12.0dB,0.17us,-1.8Hz,,"[6,",,1
2025-07-30 13:41:41.440998,PHY,0x4601,1,0,na,"[0,",0,0,1,2865.3,+20.3dB,15.7us,"[0,",1,485.18,normal,0,valid,-15.0dB,-15.0dB,na,na,,,,
2025-07-30 13:41:41.441472,PHY,0x4601,1,0,na,"[0,",0,0,1,2921.8,+20.4dB,13.0us,"[0,",1,485.19,normal,0,valid,-15.0dB,-15.0dB,na,na,,,,
2025-07-30 13:41:41.445636,CSI,0x4601,2,,na,"[0,",,,1,,+32.5dB,21.9us,"[0,",1,486.8,normal,0,valid,-12.0dB,-12.0dB,0.16us,-97.5Hz,,"[6,",1111,1
2025-07-30 13:41:41.446543,PHY,0x4601,1,0,na,"[0,",0,0,1,1969.5,+18.7dB,15.1us,"[0,",1,486.9,normal,0,valid,-15.0dB,-15.0dB,na,na,,,,
2025-07-30 13:41:41.450093,PHY,0x4601,2,,na,"[0,",,,11111,,+29.5dB,15.8us,"[0,",1,486.17,normal,0,valid,-12.0dB,-12.0dB,0.14us,+73.1Hz,,"[6,",,1
2025-07-30 13:41:41.451030,PHY,0x4601,1,0,na,"[0,",0,0,1,3139.5,+20.7dB,16.5us,"[0,",1,486.18,normal,0,valid,-14.9dB,-15.0dB,na,na,,,,
2025-07-30 13:41:41.451514,PHY,0x4601,1,0,na,"[0,",0,0,1,2646.0,+20.0dB,15.6us,"[0,",1,486.19,normal,0,valid,-14.9dB,-15.0dB,na,na,,,,
2025-07-30 13:41:41.456011,PHY,0x4601,1,0,na,"[0,",0,0,1,2037.8,+18.8dB,21.0us,"[0,",1,487.8,normal,0,valid,-15.0dB,-15.1dB,na,na,,,,
2025-07-30 13:41:41.456488,PHY,0x4601,1,0,na,"[0,",0,0,1,2068.2,+18.9dB,28.6us,"[0,",1,487.9,normal,0,valid,-15.0dB,-15.1dB,na,na,,,,
2025-07-30 13:41:41.460120,PHY,0x4601,2,,na,"[0,",,,11111,,+30.9dB,18.0us,"[0,",1,487.17,normal,0,valid,-12.1dB,-12.1dB,0.15us,-16.1Hz,,"[6,",,1
2025-07-30 13:41:41.460954,PHY,0x4601,1,0,na,"[0,",0,0,1,3387.4,+21.0dB,15.9us,"[0,",1,487.18,normal,0,valid,-15.0dB,-15.0dB,na,na,,,,
2025-07-30 13:41:41.461536,PHY,0x4601,1,0,na,"[0,",0,0,1,3165.7,+20.8dB,14.0us,"[0,",1,487.19,normal,0,valid,-14.9dB,-14.9dB,na,na,,,,
2025-07-30 13:41:41.465573,CSI,0x4601,2,,na,"[0,",,,1,,+32.0dB,14.2us,"[0,",1,488.8,normal,0,valid,-12.1dB,-12.1dB,0.19us,-13.3Hz,,"[6,",1111,1
2025-07-30 13:41:41.466501,PHY,0x4601,1,0,na,"[0,",0,0,1,2129.2,+19.0dB,19.1us,"[0,",1,488.9,normal,0,valid,-14.9dB,-15.0dB,na,na,,,,
2025-07-30 13:41:41.470038,PHY,0x4601,2,,na,"[0,",,,11111,,+29.7dB,12.5us,"[0,",1,488.17,normal,0,valid,-12.1dB,-12.1dB,0.15us,-39.4Hz,,"[6,",,1
2025-07-30 13:41:41.470988,PHY,0x4601,1,0,na,"[0,",0,0,1,3114.7,+20.7dB,16.7us,"[0,",1,488.18,normal,0,valid,-15.0dB,-15.0dB,na,na,,,,
2025-07-30 13:41:41.471458,PHY,0x4601,1,0,na,"[0,",0,0,1,3122.7,+20.7dB,14.5us,"[0,",1,488.19,normal,0,valid,-14.9dB,-15.0dB,na,na,,,,
2025-07-30 13:41:41.475966,PHY,0x4601,1,0,na,"[0,",0,0,1,1978.7,+18.7dB,15.9us,"[0,",1,489.8,normal,0,valid,-15.0dB,-15.1dB,na,na,,,,
2025-07-30 13:41:41.476542,PHY,0x4601,1,0,na,"[0,",0,0,1,1941.8,+18.6dB,15.6us,"[0,",1,489.9,normal,0,valid,-15.0dB,-15.1dB,na,na,,,,
2025-07-30 13:41:41.480103,PHY,0x4601,2,,na,"[0,",,,11111,,+29.5dB,15.4us,"[0,",1,489.17,normal,0,valid,-12.1dB,-12.1dB,0.15us,+98.6Hz,,"[6,",,1
2025-07-30 13:41:41.481016,PHY,0x4601,1,0,na,"[0,",0,0,1,2903.8,+20.4dB,16.3us,"[0,",1,489.18,normal,0,valid,-15.0dB,-15.0dB,na,na,,,,
2025-07-30 13:41:41.481495,PHY,0x4601,1,0,na,"[0,",0,0,1,2915.3,+20.4dB,14.3us,"[0,",1,489.19,normal,0,valid,-14.9dB,-14.9dB,na,na,,,,
2025-07-30 13:41:41.485630,CSI,0x4601,2,,na,"[0,",,,1,,+32.5dB,24.2us,"[0,",1,490.8,normal,0,valid,-12.1dB,-12.1dB,0.19us,-82.0Hz,,"[6,",1111,1
2025-07-30 13:41:41.486454,PHY,0x4601,1,0,na,"[0,",0,0,1,2134.7,+19.0dB,15.4us,"[0,",1,490.9,normal,0,valid,-14.9dB,-15.0dB,na,na,,,,
2025-07-30 13:41:41.490132,PHY,0x4601,2,,na,"[0,",,,11111,,+31.4dB,14.7us,"[0,",1,490.17,normal,0,valid,-12.0dB,-12.1dB,0.15us,+83.5Hz,,"[6,",,1
2025-07-30 13:41:41.490943,PHY,0x4601,1,0,na,"[0,",0,0,1,1915.1,+18.6dB,17.0us,"[0,",1,490.18,normal,0,valid,-14.9dB,-14.9dB,na,na,,,,
2025-07-30 13:41:41.491528,PHY,0x4601,1,0,na,"[0,",0,0,1,1932.3,+18.6dB,14.3us,"[0,",1,490.19,normal,0,valid,-14.9dB,-15.0dB,na,na,,,,
2025-07-30 13:41:41.496027,PHY,0x4601,1,0,na,"[0,",0,0,1,2101.8,+19.0dB,18.1us,"[0,",1,491.8,normal,0,valid,-15.0dB,-15.0dB,na,na,,,,
2025-07-30 13:41:41.496494,PHY,0x4601,1,0,na,"[0,",0,0,1,1988.2,+18.7dB,24.2us,"[0,",1,491.9,normal,0,valid,-15.0dB,-15.1dB,na,na,,,,
2025-07-30 13:41:41.500030,PHY,0x4601,2,,na,"[0,",,,11111,,+31.3dB,14.4us,"[0,",1,491.17,normal,0,valid,-12.0dB,-12.1dB,0.15us,+29.9Hz,,"[6,",,1
2025-07-30 13:41:41.500973,PHY,0x4601,1,0,na,"[0,",0,0,1,1944.9,+18.6dB,15.5us,"[0,",1,491.18,normal,0,valid,-14.9dB,-15.0dB,na,na,,,,
2025-07-30 13:41:41.501450,PHY,0x4601,1,0,na,"[0,",0,0,1,1982.2,+18.7dB,15.1us,"[0,",1,491.19,normal,0,valid,-15.0dB,-15.0dB,na,na,,,,
2025-07-30 13:41:41.505594,CSI,0x4601,2,,na,"[0,",,,1,,+33.7dB,17.5us,"[0,",1,492.8,normal,0,valid,-12.1dB,-12.2dB,0.16us,-70.1Hz,,"[6,",1111,1
2025-07-30 13:41:41.506516,PHY,0x4601,1,0,na,"[0,",0,0,1,2146.9,+19.0dB,15.8us,"[0,",1,492.9,normal,0,valid,-15.0dB,-15.1dB,na,na,,,,
2025-07-30 13:41:41.510070,PHY,0x4601,2,,na,"[0,",,,11111,,+29.8dB,14.4us,"[0,",1,492.17,normal,0,valid,-12.0dB,-12.1dB,0.16us,+43.1Hz,,"[6,",,1
2025-07-30 13:41:41.511011,PHY,0x4601,1,0,na,"[0,",0,0,1,1903.7,+18.5dB,20.2us,"[0,",1,492.18,normal,0,valid,-15.0dB,-15.0dB,na,na,,,,
2025-07-30 13:41:41.511479,PHY,0x4601,1,0,na,"[0,",0,0,1,2099.7,+19.0dB,13.7us,"[0,",1,492.19,normal,0,valid,-15.0dB,-15.0dB,na,na,,,,
2025-07-30 13:41:41.515968,PHY,0x4601,1,0,na,"[0,",0,0,1,1885.7,+18.5dB,16.6us,"[0,",1,493.8,normal,0,valid,-15.0dB,-15.0dB,na,na,,,,
2025-07-30 13:41:41.516441,PHY,0x4601,1,0,na,"[0,",0,0,1,1986.1,+18.7dB,14.1us,"[0,",1,493.9,normal,0,valid,-15.0dB,-15.0dB,na,na,,,,
2025-07-30 13:41:41.520095,PHY,0x4601,2,,na,"[0,",,,11111,,+31.2dB,14.2us,"[0,",1,493.17,normal,0,valid,-12.1dB,-12.1dB,0.16us,-17.8Hz,,"[6,",,1
2025-07-30 13:41:41.521036,PHY,0x4601,1,0,na,"[0,",0,0,1,2757.1,+20.2dB,15.9us,"[0,",1,493.18,normal,0,valid,-14.9dB,-14.9dB,na,na,,,,
2025-07-30 13:41:41.521514,PHY,0x4601,1,0,na,"[0,",0,0,1,2674.2,+20.0dB,18.5us,"[0,",1,493.19,normal,0,valid,-14.9dB,-15.0dB,na,na,,,,
2025-07-30 13:41:41.525594,CSI,0x4601,2,,na,"[0,",,,1,,+30.3dB,11.2us,"[0,",1,494.8,normal,0,valid,-11.9dB,-11.9dB,0.14us,-53.6Hz,,"[6,",1111,1
2025-07-30 13:41:41.526473,PHY,0x4601,1,0,na,"[0,",0,0,1,1958.6,+18.6dB,16.8us,"[0,",1,494.9,normal,0,valid,-14.9dB,-15.0dB,na,na,,,,
2025-07-30 13:41:41.530014,PHY,0x4601,2,,na,"[0,",,,11111,,+32.5dB,13.5us,"[0,",1,494.17,normal,0,valid,-12.1dB,-12.1dB,0.16us,-13.0Hz,,"[6,",,1
2025-07-30 13:41:41.530961,PHY,0x4601,1,0,na,"[0,",0,0,1,2112.8,+19.0dB,16.2us,"[0,",1,494.18,normal,0,valid,-15.0dB,-15.0dB,na,na,,,,
2025-07-30 13:41:41.531543,PHY,0x4601,1,0,na,"[0,",0,0,1,1800.2,+18.3dB,15.2us,"[0,",1,494.19,normal,0,valid,-15.0dB,-15.0dB,na,na,,,,
2025-07-30 13:41:41.536043,PHY,0x4601,1,0,na,"[0,",0,0,1,2126.8,+19.0dB,16.1us,"[0,",1,495.8,normal,0,valid,-15.0dB,-15.0dB,na,na,,,,
2025-07-30 13:41:41.536527,PHY,0x4601,1,0,na,"[0,",0,0,1,2007.6,+18.8dB,25.9us,"[0,",1,495.9,normal,0,valid,-15.0dB,-15.0dB,na,na,,,,
2025-07-30 13:41:41.540052,PHY,0x4601,2,,na,"[0,",,,11111,,+32.3dB,13.9us,"[0,",1,495.17,normal,0,valid,-12.1dB,-12.1dB,0.16us,+21.5Hz,,"[6,",,1
2025-07-30 13:41:41.540990,PHY,0x4601,1,0,na,"[0,",0,0,1,1868.2,+18.4dB,15.7us,"[0,",1,495.18,normal,0,valid,-15.0dB,-15.1dB,na,na,,,,
2025-07-30 13:41:41.541468,PHY,0x4601,1,0,na,"[0,",0,0,1,2075.5,+18.9dB,15.6us,"[0,",1,495.19,normal,0,valid,-15.0dB,-15.0dB,na,na,,,,
2025-07-30 13:41:41.545613,CSI,0x4601,2,,na,"[0,",,,1,,+30.4dB,14.9us,"[0,",1,496.8,normal,0,valid,-12.0dB,-12.0dB,0.17us,+5.5Hz,,"[6,",1111,1
2025-07-30 13:41:41.546539,PHY,0x4601,1,0,na,"[0,",0,0,1,2182.3,+19.1dB,15.8us,"[0,",1,496.9,normal,0,valid,-14.9dB,-15.0dB,na,na,,,,
2025-07-30 13:41:41.550086,PHY,0x4601,2,,na,"[0,",,,11111,,+31.4dB,15.2us,"[0,",1,496.17,normal,0,valid,-12.0dB,-12.0dB,0.16us,-92.3Hz,,"[6,",,1
2025-07-30 13:41:41.551033,PHY,0x4601,1,0,na,"[0,",0,0,1,1920.6,+18.6dB,18.7us,"[0,",1,496.18,normal,0,valid,-15.0dB,-15.0dB,na,na,,,,
2025-07-30 13:41:41.551500,PHY,0x4601,1,0,na,"[0,",0,0,1,1960.9,+18.7dB,14.7us,"[0,",1,496.19,normal,0,valid,-14.9dB,-15.0dB,na,na,,,,
2025-07-30 13:41:41.555992,PHY,0x4601,1,0,na,"[0,",0,0,1,1937.4,+18.6dB,16.5us,"[0,",1,497.8,normal,0,valid,-15.0dB,-15.1dB,na,na,,,,
2025-07-30 13:41:41.556467,PHY,0x4601,1,0,na,"[0,",0,0,1,2013.9,+18.8dB,19.0us,"[0,",1,497.9,normal,0,valid,-15.0dB,-15.1dB,na,na,,,,
2025-07-30 13:41:41.560119,PHY,0x4601,2,,na,"[0,",,,11111,,+31.4dB,15.5us,"[0,",1,497.17,normal,0,valid,-12.1dB,-12.2dB,0.16us,-24.1Hz,,"[6,",,1
2025-07-30 13:41:41.560946,PHY,0x4601,1,0,na,"[0,",0,0,1,2039.5,+18.8dB,15.0us,"[0,",1,497.18,normal,0,valid,-15.0dB,-15.1dB,na,na,,,,
2025-07-30 13:41:41.561528,PHY,0x4601,1,0,na,"[0,",0,0,1,2032.2,+18.8dB,15.7us,"[0,",1,497.19,normal,0,valid,-15.0dB,-15.0dB,na,na,,,,
2025-07-30 13:41:41.565623,CSI,0x4601,2,,na,"[0,",,,1,,+31.8dB,14.9us,"[0,",1,498.8,normal,0,valid,-12.0dB,-12.1dB,0.15us,-33.7Hz,,"[6,",1111,1
2025-07-30 13:41:41.566500,PHY,0x4601,1,0,na,"[0,",0,0,1,1934.9,+18.6dB,21.2us,"[0,",1,498.9,normal,0,valid,-14.9dB,-15.0dB,na,na,,,,
2025-07-30 13:41:41.570034,PHY,0x4601,2,,na,"[0,",,,11111,,+30.3dB,15.2us,"[0,",1,498.17,normal,0,valid,-12.0dB,-12.1dB,0.17us,-0.0Hz,,"[6,",,1
2025-07-30 13:41:41.570985,PHY,0x4601,1,0,na,"[0,",0,0,1,1910.7,+18.5dB,16.9us,"[0,",1,498.18,normal,0,valid,-14.9dB,-15.0dB,na,na,,,,
2025-07-30 13:41:41.571452,PHY,0x4601,1,0,na,"[0,",0,0,1,2027.4,+18.8dB,14.4us,"[0,",1,498.19,normal,0,valid,-14.9dB,-15.0dB,na,na,,,,
2025-07-30 13:41:41.575945,PHY,0x4601,1,0,na,"[0,",0,0,1,2046.4,+18.9dB,15.9us,"[0,",1,499.8,normal,0,valid,-15.0dB,-15.0dB,na,na,,,,
2025-07-30 13:41:41.576537,PHY,0x4601,1,0,na,"[0,",0,0,1,2201.3,+19.2dB,14.1us,"[0,",1,499.9,normal,0,valid,-15.0dB,-15.0dB,na,na,,,,
2025-07-30 13:41:41.580101,PHY,0x4601,2,,na,"[0,",,,11111,,+29.5dB,19.2us,"[0,",1,499.17,normal,0,valid,-12.1dB,-12.1dB,0.15us,+69.6Hz,,"[6,",,1
2025-07-30 13:41:41.581017,PHY,0x4601,1,0,na,"[0,",0,0,1,1988.0,+18.7dB,15.9us,"[0,",1,499.18,normal,0,valid,-14.9dB,-15.0dB,na,na,,,,
2025-07-30 13:41:41.581492,PHY,0x4601,1,0,na,"[0,",0,0,1,2079.3,+18.9dB,14.3us,"[0,",1,499.19,normal,0,valid,-15.0dB,-15.1dB,na,na,,,,
2025-07-30 13:41:41.585613,CSI,0x4601,2,,na,"[0,",,,1,,+30.3dB,15.8us,"[0,",1,500.8,normal,0,valid,-11.9dB,-11.9dB,0.17us,-71.9Hz,,"[6,",1111,1
2025-07-30 13:41:41.586468,PHY,0x4601,1,0,na,"[0,",0,0,1,2785.2,+20.2dB,16.8us,"[0,",1,500.9,normal,0,valid,-14.9dB,-15.0dB,na,na,,,,
2025-07-30 13:41:41.590107,PHY,0x4601,2,,na,"[0,",,,11111,,+30.3dB,15.4us,"[0,",1,500.17,normal,0,valid,-12.0dB,-12.0dB,0.15us,-31.9Hz,,"[6,",,1
2025-07-30 13:41:41.591047,PHY,0x4601,1,0,na,"[0,",0,0,1,2058.2,+18.9dB,16.6us,"[0,",1,500.18,normal,0,valid,-14.9dB,-15.0dB,na,na,,,,
2025-07-30 13:41:41.591516,PHY,0x4601,1,0,na,"[0,",0,0,1,2089.8,+18.9dB,14.1us,"[0,",1,500.19,normal,0,valid,-14.9dB,-15.0dB,na,na,,,,
2025-07-30 13:41:41.596012,PHY,0x4601,1,0,na,"[0,",0,0,1,1879.6,+18.5dB,15.7us,"[0,",1,501.8,normal,0,valid,-15.0dB,-15.0dB,na,na,,,,
2025-07-30 13:41:41.596488,PHY,0x4601,1,0,na,"[0,",0,0,1,1839.9,+18.4dB,24.2us,"[0,",1,501.9,normal,0,valid,-15.0dB,-15.1dB,na,na,,,,
2025-07-30 13:41:41.600026,PHY,0x4601,2,,na,"[0,",,,11111,,+33.4dB,19.7us,"[0,",1,501.17,normal,0,valid,-12.1dB,-12.2dB,0.15us,-48.9Hz,,"[6,",,1
2025-07-30 13:41:41.600964,PHY,0x4601,1,0,na,"[0,",0,0,1,2065.3,+18.9dB,15.9us,"[0,",1,501.18,normal,0,valid,-14.9dB,-15.0dB,na,na,,,,
2025-07-30 13:41:41.601441,PHY,0x4601,1,0,na,"[0,",0,0,1,1799.2,+18.3dB,13.8us,"[0,",1,501.19,normal,0,valid,-14.9dB,-15.0dB,na,na,,,,
2025-07-30 13:41:41.605583,CSI,0x4601,2,,na,"[0,",,,1,,+33.4dB,12.8us,"[0,",1,502.8,normal,0,valid,-12.0dB,-12.0dB,0.16us,-28.6Hz,,"[6,",1111,1
2025-07-30 13:41:41.606513,PHY,0x4601,1,0,na,"[0,",0,0,1,2659.3,+20.0dB,15.9us,"[0,",1,502.9,normal,0,valid,-15.0dB,-15.0dB,na,na,,,,
2025-07-30 13:41:41.610053,PHY,0x4601,2,,na,"[0,",,,11111,,+31.7dB,13.5us,"[0,",1,502.17,normal,0,valid,-12.0dB,-12.0dB,0.16us,+102.8Hz,,"[6,",,1
2025-07-30 13:41:41.610996,PHY,0x4601,1,0,na,"[0,",0,0,1,2051.9,+18.8dB,15.7us,"[0,",1,502.18,normal,0,valid,-15.0dB,-15.0dB,na,na,,,,
2025-07-30 13:41:41.611479,PHY,0x4601,1,0,na,"[0,",0,0,1,1852.3,+18.4dB,13.4us,"[0,",1,502.19,normal,0,valid,-15.0dB,-15.0dB,na,na,,,,
2025-07-30 13:41:41.615958,PHY,0x4601,1,0,na,"[0,",0,0,1,2123.3,+19.0dB,15.4us,"[0,",1,503.8,normal,0,valid,-15.0dB,-15.0dB,na,na,,,,
2025-07-30 13:41:41.616543,PHY,0x4601,1,0,na,"[0,",0,0,1,1964.3,+18.7dB,14.2us,"[0,",1,503.9,normal,0,valid,-15.0dB,-15.0dB,na,na,,,,
2025-07-30 13:41:41.620088,PHY,0x4601,2,,na,"[0,",,,11111,,+31.7dB,13.9us,"[0,",1,503.17,normal,0,valid,-12.0dB,-12.0dB,0.15us,+75.7Hz,,"[6,",,1
2025-07-30 13:41:41.621035,PHY,0x4601,1,0,na,"[0,",0,0,1,2772.4,+20.2dB,15.2us,"[0,",1,503.18,normal,0,valid,-14.9dB,-14.9dB,na,na,,,,
2025-07-30 13:41:41.621508,PHY,0x4601,1,0,na,"[0,",0,0,1,2923.1,+20.4dB,13.6us,"[0,",1,503.19,normal,0,valid,-14.9dB,-14.9dB,na,na,,,,
2025-07-30 13:41:41.625594,CSI,0x4601,2,,na,"[0,",,,1,,+34.2dB,11.4us,"[0,",1,504.8,normal,0,valid,-12.0dB,-12.0dB,0.16us,+8.4Hz,,"[6,",1111,1
2025-07-30 13:41:41.626464,PHY,0x4601,1,0,na,"[0,",0,0,1,3012.6,+20.5dB,15.5us,"[0,",1,504.9,normal,0,valid,-15.0dB,-15.0dB,na,na,,,,
2025-07-30 13:41:41.630123,PHY,0x4601,2,,na,"[0,",,,11111,,+30.6dB,15.9us,"[0,",1,504.17,normal,0,valid,-12.1dB,-12.1dB,0.17us,-39.7Hz,,"[6,",,1
2025-07-30 13:41:41.630955,PHY,0x4601,1,0,na,"[0,",0,0,1,2896.5,+20.4dB,15.9us,"[0,",1,504.18,normal,0,valid,-14.9dB,-15.0dB,na,na,,,,
2025-07-30 13:41:41.631541,PHY,0x4601,1,0,na,"[0,",0,0,1,3200.2,+20.8dB,13.2us,"[0,",1,504.19,normal,0,valid,-14.9dB,-15.0dB,na,na,,,,
2025-07-30 13:41:41.636038,PHY,0x4601,1,0,na,"[0,",0,0,1,1976.8,+18.7dB,15.5us,"[0,",1,505.8,normal,0,valid,-15.0dB,-15.0dB,na,na,,,,
2025-07-30 13:41:41.636513,PHY,0x4601,1,0,na,"[0,",0,0,1,1949.3,+18.6dB,14.3us,"[0,",1,505.9,normal,0,valid,-15.0dB,-15.1dB,na,na,,,,
2025-07-30 13:41:41.640050,PHY,0x4601,2,,na,"[0,",,,11111,,+29.3dB,13.2us,"[0,",1,505.17,normal,0,valid,-12.0dB,-12.0dB,0.15us,+52.2Hz,,"[6,",,1
2025-07-30 13:41:41.640982,PHY,0x4601,1,0,na,"[0,",0,0,1,1938.6,+18.6dB,15.3us,"[0,",1,505.18,normal,0,valid,-15.0dB,-15.0dB,na,na,,,,
2025-07-30 13:41:41.641458,PHY,0x4601,1,0,na,"[0,",0,0,1,1907.4,+18.6dB,12.9us,"[0,",1,505.19,normal,0,valid,-14.9dB,-15.0dB,na,na,,,,
2025-07-30 13:41:41.645609,CSI,0x4601,2,,na,"[0,",,,1,,+31.0dB,11.8us,"[0,",1,506.8,normal,0,valid,-12.0dB,-12.0dB,0.16us,-125.2Hz,,"[6,",1111,1
2025-07-30 13:41:41.646542,PHY,0x4601,1,0,na,"[0,",0,0,1,2592.8,+19.9dB,24.2us,"[0,",1,506.9,normal,0,valid,-15.0dB,-15.0dB,na,na,,,,
2025-07-30 13:41:41.650084,PHY,0x4601,2,,na,"[0,",,,11111,,+30.6dB,15.3us,"[0,",1,506.17,normal,0,valid,-12.0dB,-12.1dB,0.17us,+70.6Hz,,"[6,",,1
2025-07-30 13:41:41.651014,PHY,0x4601,1,0,na,"[0,",0,0,1,2032.0,+18.8dB,14.8us,"[0,",1,506.18,normal,0,valid,-14.9dB,-15.0dB,na,na,,,,
2025-07-30 13:41:41.651488,PHY,0x4601,1,0,na,"[0,",0,0,1,2017.0,+18.8dB,13.6us,"[0,",1,506.19,normal,0,valid,-14.9dB,-15.0dB,na,na,,,,
2025-07-30 13:41:41.655986,PHY,0x4601,1,0,na,"[0,",0,0,1,2140.2,+19.1dB,19.3us,"[0,",1,507.8,normal,0,valid,-15.0dB,-15.0dB,na,na,,,,
2025-07-30 13:41:41.656453,PHY,0x4601,1,0,na,"[0,",0,0,1,1893.4,+18.5dB,17.6us,"[0,",1,507.9,normal,0,valid,-15.0dB,-15.0dB,na,na,,,,
2025-07-30 13:41:41.660120,PHY,0x4601,2,,na,"[0,",,,11111,,+33.3dB,14.6us,"[0,",1,507.17,normal,0,valid,-12.1dB,-12.1dB,0.15us,+117.0Hz,,"[6,",,1
2025-07-30 13:41:41.660942,PHY,0x4601,1,0,na,"[0,",0,0,1,1893.9,+18.5dB,16.8us,"[0,",1,507.18,normal,0,valid,-14.9dB,-15.0dB,na,na,,,,
2025-07-30 13:41:41.661520,PHY,0x4601,1,0,na,"[0,",0,0,1,1999.9,+18.8dB,15.5us,"[0,",1,507.19,normal,0,valid,-15.0dB,-15.0dB,na,na,,,,
2025-07-30 13:41:41.665614,CSI,0x4601,2,,na,"[0,",,,1,,+31.8dB,11.4us,"[0,",1,508.8,normal,0,valid,-12.0dB,-12.0dB,0.15us,+23.7Hz,,"[6,",1111,1
2025-07-30 13:41:41.666496,PHY,0x4601,1,0,na,"[0,",0,0,1,2017.9,+18.8dB,23.0us,"[0,",1,508.9,normal,0,valid,-14.9dB,-15.0dB,na,na,,,,
2025-07-30 13:41:41.670026,PHY,0x4601,2,,na,"[0,",,,11111,,+26.9dB,14.2us,"[0,",1,508.17,normal,0,valid,-12.1dB,-12.1dB,0.17us,+30.7Hz,,"[6,",,1
2025-07-30 13:41:41.670983,PHY,0x4601,1,0,na,"[0,",0,0,1,1994.5,+18.7dB,17.7us,"[0,",1,508.18,normal,0,valid,-14.9dB,-15.0dB,na,na,,,,
2025-07-30 13:41:41.671453,PHY,0x4601,1,0,na,"[0,",0,0,1,2031.4,+18.8dB,15.1us,"[0,",1,508.19,normal,0,valid,-14.9dB,-15.0dB,na,na,,,,
2025-07-30 13:41:41.676045,PHY,0x4601,1,0,na,"[0,",0,0,1,2101.2,+18.9dB,15.5us,"[0,",1,509.8,normal,0,valid,-15.0dB,-15.1dB,na,na,,,,
2025-07-30 13:41:41.676530,PHY,0x4601,1,0,na,"[0,",0,0,1,1927.8,+18.6dB,16.0us,"[0,",1,509.9,normal,0,valid,-15.0dB,-15.0dB,na,na,,,,
2025-07-30 13:41:41.680078,PHY,0x4601,2,,na,"[0,",,,11111,,+30.9dB,16.7us,"[0,",1,509.17,normal,0,valid,-12.0dB,-12.0dB,0.16us,+77.3Hz,,"[6,",,1
2025-07-30 13:41:41.681005,PHY,0x4601,1,0,na,"[0,",0,0,1,2645.5,+20.0dB,15.7us,"[0,",1,509.18,normal,0,valid,-15.0dB,-15.0dB,na,na,,,,
2025-07-30 13:41:41.681489,PHY,0x4601,1,0,na,"[0,",0,0,1,2787.0,+20.2dB,20.5us,"[0,",1,509.19,normal,0,valid,-15.0dB,-15.0dB,na,na,,,,
2025-07-30 13:41:41.685614,CSI,0x4601,2,,na,"[0,",,,1,,+31.5dB,15.5us,"[0,",1,510.8,normal,0,valid,-12.1dB,-12.1dB,0.16us,+48.0Hz,,"[6,",1111,1
2025-07-30 13:41:41.686442,PHY,0x4601,1,0,na,"[0,",0,0,1,1901.1,+18.5dB,18.0us,"[0,",1,510.9,normal,0,valid,-14.9dB,-15.0dB,na,na,,,,
2025-07-30 13:41:41.690106,PHY,0x4601,2,,na,"[0,",,,11111,,+28.7dB,15.8us,"[0,",1,510.17,normal,0,valid,-12.1dB,-12.1dB,0.17us,+0.9Hz,,"[6,",,1
2025-07-30 13:41:41.691036,PHY,0x4601,1,0,na,"[0,",0,0,1,2771.4,+20.2dB,16.5us,"[0,",1,510.18,normal,0,valid,-14.9dB,-14.9dB,na,na,,,,
2025-07-30 13:41:41.691512,PHY,0x4601,1,0,na,"[0,",0,0,1,2819.2,+20.2dB,13.9us,"[0,",1,510.19,normal,0,valid,-14.9dB,-15.0dB,na,na,,,,
2025-07-30 13:41:41.695998,PHY,0x4601,1,0,na,"[0,",0,0,1,2068.2,+18.9dB,15.8us,"[0,",1,511.8,normal,0,valid,-15.0dB,-15.0dB,na,na,,,,
2025-07-30 13:41:41.696486,PHY,0x4601,1,0,na,"[0,",0,0,1,2029.0,+18.8dB,27.1us,"[0,",1,511.9,normal,0,valid,-15.0dB,-15.0dB,na,na,,,,
2025-07-30 13:41:41.700011,PHY,0x4601,2,,na,"[0,",,,11111,,+31.3dB,13.3us,"[0,",1,511.17,normal,0,valid,-12.1dB,-12.1dB,0.14us,+63.2Hz,,"[6,",,1
2025-07-30 13:41:41.700959,PHY,0x4601,1,0,na,"[0,",0,0,1,2918.8,+20.4dB,15.8us,"[0,",1,511.18,normal,0,valid,-15.0dB,-15.0dB,na,na,,,,
2025-07-30 13:41:41.701538,PHY,0x4601,1,0,na,"[0,",0,0,1,2768.8,+20.2dB,13.5us,"[0,",1,511.19,normal,0,valid,-15.0dB,-15.0dB,na,na,,,,
2025-07-30 13:41:41.705564,CSI,0x4601,2,,na,"[0,",,,1,,+31.9dB,14.1us,"[0,",1,512.8,normal,0,valid,-11.9dB,-11.9dB,0.17us,+6.6Hz,,"[6,",1111,1
2025-07-30 13:41:41.706507,PHY,0x4601,1,0,na,"[0,",0,0,1,2933.0,+20.4dB,16.4us,"[0,",1,512.9,normal,0,valid,-15.0dB,-15.0dB,na,na,,,,
2025-07-30 13:41:41.710047,PHY,0x4601,2,,na,"[0,",,,11111,,+32.9dB,14.9us,"[0,",1,512.17,normal,0,valid,-12.1dB,-12.1dB,0.14us,-29.9Hz,,"[6,",,1
2025-07-30 13:41:41.710993,PHY,0x4601,1,0,na,"[0,",0,0,1,2809.9,+20.2dB,17.3us,"[0,",1,512.18,normal,0,valid,-15.0dB,-15.0dB,na,na,,,,
2025-07-30 13:41:41.711467,PHY,0x4601,1,0,na,"[0,",0,0,1,2830.3,+20.3dB,15.6us,"[0,",1,512.19,normal,0,valid,-14.9dB,-15.0dB,na,na,,,,
2025-07-30 13:41:41.715966,PHY,0x4601,1,0,na,"[0,",0,0,1,1971.3,+18.7dB,19.1us,"[0,",1,513.8,normal,0,valid,-15.0dB,-15.1dB,na,na,,,,
2025-07-30 13:41:41.716552,PHY,0x4601,1,0,na,"[0,",0,0,1,1971.8,+18.7dB,16.0us,"[0,",1,513.9,normal,0,valid,-15.0dB,-15.1dB,na,na,,,,
2025-07-30 13:41:41.720094,PHY,0x4601,2,,na,"[0,",,,11111,,+30.1dB,15.2us,"[0,",1,513.17,normal,0,valid,-12.1dB,-12.1dB,0.15us,+25.7Hz,,"[6,",,1
2025-07-30 13:41:41.721021,PHY,0x4601,1,0,na,"[0,",0,0,1,2846.8,+20.3dB,16.0us,"[0,",1,513.18,normal,0,valid,-15.0dB,-15.0dB,na,na,,,,
2025-07-30 13:41:41.721495,PHY,0x4601,1,0,na,"[0,",0,0,1,2891.6,+20.3dB,13.8us,"[0,",1,513.19,normal,0,valid,-15.0dB,-15.0dB,na,na,,,,
2025-07-30 13:41:41.725587,CSI,0x4601,2,,na,"[0,",,,1,,+29.9dB,11.0us,"[0,",1,514.8,normal,0,valid,-12.0dB,-12.0dB,0.16us,+36.7Hz,,"[6,",1111,1
2025-07-30 13:41:41.726458,PHY,0x4601,1,0,na,"[0,",0,0,1,1864.1,+18.4dB,15.6us,"[0,",1,514.9,normal,0,valid,-14.9dB,-15.0dB,na,na,,,,
2025-07-30 13:41:41.730115,PHY,0x4601,2,,na,"[0,",,,11111,,+32.1dB,13.1us,"[0,",1,514.17,normal,0,valid,-12.0dB,-12.0dB,0.15us,+143.6Hz,,"[6,",,1
2025-07-30 13:41:41.730957,PHY,0x4601,1,0,na,"[0,",0,0,1,3077.4,+20.6dB,15.1us,"[0,",1,514.18,normal,0,valid,-14.9dB,-15.0dB,na,na,,,,
2025-07-30 13:41:41.731527,PHY,0x4601,1,0,na,"[0,",0,0,1,2980.1,+20.5dB,13.3us,"[0,",1,514.19,normal,0,valid,-14.9dB,-15.0dB,na,na,,,,
2025-07-30 13:41:41.736033,PHY,0x4601,1,0,na,"[0,",0,0,1,2291.0,+19.4dB,16.6us,"[0,",1,515.8,normal,0,valid,-15.0dB,-15.0dB,na,na,,,,
2025-07-30 13:41:41.736513,PHY,0x4601,1,0,na,"[0,",0,0,1,2151.8,+19.1dB,15.8us,"[0,",1,515.9,normal,0,valid,-15.0dB,-15.0dB,na,na,,,,
2025-07-30 13:41:41.740032,PHY,0x4601,2,,na,"[0,",,,11111,,+30.9dB,14.4us,"[0,",1,515.17,normal,0,valid,-12.1dB,-12.1dB,0.15us,-55.1Hz,,"[6,",,1
2025-07-30 13:41:41.740984,PHY,0x4601,1,0,na,"[0,",0,0,1,3063.3,+20.6dB,15.7us,"[0,",1,515.18,normal,0,valid,-14.9dB,-15.0dB,na,na,,,,
2025-07-30 13:41:41.741460,PHY,0x4601,1,0,na,"[0,",0,0,1,2847.7,+20.3dB,17.8us,"[0,",1,515.19,normal,0,valid,-14.9dB,-15.0dB,na,na,,,,
2025-07-30 13:41:41.745582,CSI,0x4601,2,,na,"[0,",,,1,,+30.5dB,14.4us,"[0,",1,516.8,normal,0,valid,-12.0dB,-12.0dB,0.15us,+6.2Hz,,"[6,",1111,1
2025-07-30 13:41:41.746528,PHY,0x4601,1,0,na,"[0,",0,0,1,2821.5,+20.3dB,16.6us,"[0,",1,516.9,normal,0,valid,-15.0dB,-15.0dB,na,na,,,,
2025-07-30 13:41:41.750068,PHY,0x4601,2,,na,"[0,",,,11111,,+31.2dB,13.8us,"[0,",1,516.17,normal,0,valid,-12.1dB,-12.1dB,0.18us,+16.7Hz,,"[6,",,1
2025-07-30 13:41:41.751012,PHY,0x4601,1,0,na,"[0,",0,0,1,1993.5,+18.7dB,16.7us,"[0,",1,516.18,normal,0,valid,-15.0dB,-15.0dB,na,na,,,,
2025-07-30 13:41:41.751488,PHY,0x4601,1,0,na,"[0,",0,0,1,1957.3,+18.7dB,14.1us,"[0,",1,516.19,normal,0,valid,-14.9dB,-15.0dB,na,na,,,,
2025-07-30 13:41:41.755981,PHY,0x4601,1,0,na,"[0,",0,0,1,1929.5,+18.6dB,17.6us,"[0,",1,517.8,normal,0,valid,-15.0dB,-15.0dB,na,na,,,,
2025-07-30 13:41:41.756445,PHY,0x4601,1,0,na,"[0,",0,0,1,1930.3,+18.6dB,15.7us,"[0,",1,517.9,normal,0,valid,-15.0dB,-15.0dB,na,na,,,,
2025-07-30 13:41:41.760126,PHY,0x4601,2,,na,"[0,",,,11111,,+33.0dB,14.3us,"[0,",1,517.17,normal,0,valid,-12.1dB,-12.1dB,0.14us,+50.1Hz,,"[6,",,1
2025-07-30 13:41:41.761042,PHY,0x4601,1,0,na,"[0,",0,0,1,2945.2,+20.4dB,15.8us,"[0,",1,517.18,normal,0,valid,-14.9dB,-15.0dB,na,na,,,,
2025-07-30 13:41:41.761515,PHY,0x4601,1,0,na,"[0,",0,0,1,2878.8,+20.3dB,13.6us,"[0,",1,517.19,normal,0,valid,-14.9dB,-15.0dB,na,na,,,,
2025-07-30 13:41:41.765630,CSI,0x4601,2,,na,"[0,",,,1,,+32.8dB,15.2us,"[0,",1,518.8,normal,0,valid,-12.0dB,-12.0dB,0.16us,+24.3Hz,,"[6,",1111,1
2025-07-30 13:41:41.766480,PHY,0x4601,1,0,na,"[0,",0,0,1,2774.1,+20.2dB,16.3us,"[0,",1,518.9,normal,0,valid,-14.9dB,-15.0dB,na,na,,,,
2025-07-30 13:41:41.770018,PHY,0x4601,2,,na,"[0,",,,11111,,+33.3dB,12.7us,"[0,",1,518.17,normal,0,valid,-12.0dB,-12.0dB,0.16us,-115.5Hz,,"[6,",,1
2025-07-30 13:41:41.770976,PHY,0x4601,1,0,na,"[0,",0,0,1,2739.7,+20.1dB,16.0us,"[0,",1,518.18,normal,0,valid,-15.0dB,-15.0dB,na,na,,,,
2025-07-30 13:41:41.771444,PHY,0x4601,1,0,na,"[0,",0,0,1,2930.4,+20.4dB,14.5us,"[0,",1,518.19,normal,0,valid,-14.9dB,-15.0dB,na,na,,,,
2025-07-30 13:41:41.776041,PHY,0x4601,1,0,na,"[0,",0,0,1,2098.2,+19.0dB,15.6us,"[0,",1,519.8,normal,0,valid,-15.0dB,-15.1dB,na,na,,,,
2025-07-30 13:41:41.776528,PHY,0x4601,1,0,na,"[0,",0,0,1,1993.3,+18.7dB,14.4us,"[0,",1,519.9,normal,0,valid,-15.0dB,-15.1dB,na,na,,,,
2025-07-30 13:41:41.780057,PHY,0x4601,2,,na,"[0,",,,11111,,+31.6dB,14.1us,"[0,",1,519.17,normal,0,valid,-12.1dB,-12.1dB,0.15us,+16.3Hz,,"[6,",,1
2025-07-30 13:41:41.780997,PHY,0x4601,1,0,na,"[0,",0,0,1,2714.2,+20.1dB,15.2us,"[0,",1,519.18,normal,0,valid,-15.0dB,-15.0dB,na,na,,,,
2025-07-30 13:41:41.781475,PHY,0x4601,1,0,na,"[0,",0,0,1,2870.9,+20.3dB,14.1us,"[0,",1,519.19,normal,0,valid,-14.9dB,-14.9dB,na,na,,,,
2025-07-30 13:41:41.785603,CSI,0x4601,2,,na,"[0,",,,1,,+30.4dB,13.0us,"[0,",1,520.8,normal,0,valid,-12.0dB,-12.0dB,0.15us,-116.8Hz,,"[6,",1111,1
2025-07-30 13:41:41.786540,PHY,0x4601,1,0,na,"[0,",0,0,1,2047.6,+18.8dB,14.8us,"[0,",1,520.9,normal,0,valid,-15.0dB,-15.0dB,na,na,,,,
2025-07-30 13:41:41.790110,PHY,0x4601,2,,na,"[0,",,,11111,,+32.2dB,14.0us,"[0,",1,520.17,normal,0,valid,-12.2dB,-12.2dB,0.17us,+174.8Hz,,"[6,",,1
2025-07-30 13:41:41.791027,PHY,0x4601,1,0,na,"[0,",0,0,1,1994.7,+18.7dB,16.0us,"[0,",1,520.18,normal,0,valid,-15.0dB,-15.0dB,na,na,,,,
2025-07-30 13:41:41.791504,PHY,0x4601,1,0,na,"[0,",0,0,1,1932.9,+18.6dB,15.6us,"[0,",1,520.19,normal,0,valid,-14.9dB,-15.0dB,na,na,,,,
2025-07-30 13:41:41.796000,PHY,0x4601,1,0,na,"[0,",0,0,1,1985.6,+18.7dB,16.4us,"[0,",1,521.8,normal,0,valid,-15.0dB,-15.1dB,na,na,,,,
2025-07-30 13:41:41.796486,PHY,0x4601,1,0,na,"[0,",0,0,1,2088.2,+18.9dB,24.0us,"[0,",1,521.9,normal,0,valid,-15.0dB,-15.1dB,na,na,,,,
2025-07-30 13:41:41.800125,PHY,0x4601,2,,na,"[0,",,,11111,,+36.2dB,16.8us,"[0,",1,521.17,normal,0,valid,-11.9dB,-12.0dB,0.16us,+79.7Hz,,"[6,",,1
2025-07-30 13:41:41.800958,PHY,0x4601,1,0,na,"[0,",0,0,1,3209.3,+20.8dB,15.9us,"[0,",1,521.18,normal,0,valid,-14.9dB,-15.0dB,na,na,,,,
2025-07-30 13:41:41.801541,PHY,0x4601,1,0,na,"[0,",0,0,1,2691.4,+20.0dB,15.8us,"[0,",1,521.19,normal,0,valid,-15.0dB,-15.0dB,na,na,,,,
2025-07-30 13:41:41.805555,CSI,0x4601,2,,na,"[0,",,,1,,+28.2dB,13.0us,"[0,",1,522.8,normal,0,valid,-12.0dB,-12.0dB,0.17us,-67.3Hz,,"[6,",1111,1
2025-07-30 13:41:41.806496,PHY,0x4601,1,0,na,"[0,",0,0,1,2689.4,+20.0dB,14.9us,"[0,",1,522.9,normal,0,valid,-14.9dB,-15.0dB,na,na,,,,
2025-07-30 13:41:41.810046,PHY,0x4601,2,,na,"[0,",,,11111,,+29.2dB,14.0us,"[0,",1,522.17,normal,0,valid,-12.1dB,-12.1dB,0.15us,+111.5Hz,,"[6,",,1
2025-07-30 13:41:41.810982,PHY,0x4601,1,0,na,"[0,",0,0,1,2736.8,+20.1dB,15.2us,"[0,",1,522.18,normal,0,valid,-14.9dB,-15.0dB,na,na,,,,
2025-07-30 13:41:41.811459,PHY,0x4601,1,0,na,"[0,",0,0,1,3025.0,+20.6dB,15.7us,"[0,",1,522.19,normal,0,valid,-14.9dB,-15.0dB,na,na,,,,
2025-07-30 13:41:41.815956,PHY,0x4601,1,0,na,"[0,",0,0,1,2046.5,+18.8dB,20.8us,"[0,",1,523.8,normal,0,valid,-15.0dB,-15.0dB,na,na,,,,
2025-07-30 13:41:41.816540,PHY,0x4601,1,0,na,"[0,",0,0,1,1897.2,+18.5dB,15.8us,"[0,",1,523.9,normal,0,valid,-15.0dB,-15.0dB,na,na,,,,
2025-07-30 13:41:41.820079,PHY,0x4601,2,,na,"[0,",,,11111,,+33.0dB,13.6us,"[0,",1,523.17,normal,0,valid,-12.0dB,-12.1dB,0.14us,+35.4Hz,,"[6,",,1
2025-07-30 13:41:41.821014,PHY,0x4601,1,0,na,"[0,",0,0,1,2072.3,+18.9dB,15.4us,"[0,",1,523.18,normal,0,valid,-14.9dB,-15.0dB,na,na,,,,
2025-07-30 13:41:41.821500,PHY,0x4601,1,0,na,"[0,",0,0,1,2057.5,+18.9dB,13.3us,"[0,",1,523.19,normal,0,valid,-14.9dB,-15.0dB,na,na,,,,
2025-07-30 13:41:41.825642,CSI,0x4601,2,,na,"[0,",,,1,,+30.5dB,12.8us,"[0,",1,524.8,normal,0,valid,-11.9dB,-11.9dB,0.15us,+20.9Hz,,"[6,",1111,1
2025-07-30 13:41:41.826450,PHY,0x4601,1,0,na,"[0,",0,0,1,1846.4,+18.4dB,15.4us,"[0,",1,524.9,normal,0,valid,-15.0dB,-15.0dB,na,na,,,,
2025-07-30 13:41:41.830117,PHY,0x4601,2,,na,"[0,",,,11111,,+28.0dB,12.9us,"[0,",1,524.17,normal,0,valid,-12.0dB,-12.0dB,0.16us,+2.0Hz,,"[6,",,1
2025-07-30 13:41:41.830944,PHY,0x4601,1,0,na,"[0,",0,0,1,3060.9,+20.6dB,15.2us,"[0,",1,524.18,normal,0,valid,-14.9dB,-14.9dB,na,na,,,,
2025-07-30 13:41:41.831519,PHY,0x4601,1,0,na,"[0,",0,0,1,3020.3,+20.5dB,13.6us,"[0,",1,524.19,normal,0,valid,-14.9dB,-15.0dB,na,na,,,,
2025-07-30 13:41:41.836019,PHY,0x4601,1,0,na,"[0,",0,0,1,1951.3,+18.6dB,16.7us,"[0,",1,525.8,normal,0,valid,-15.0dB,-15.1dB,na,na,,,,
2025-07-30 13:41:41.836505,PHY,0x4601,1,0,na,"[0,",0,0,1,1924.6,+18.6dB,19.3us,"[0,",1,525.9,normal,0,valid,-15.0dB,-15.1dB,na,na,,,,
2025-07-30 13:41:41.840026,PHY,0x4601,2,,na,"[0,",,,11111,,+30.0dB,14.3us,"[0,",1,525.17,normal,0,valid,-12.0dB,-12.0dB,0.17us,+63.4Hz,,"[6,",,1
2025-07-30 13:41:41.840975,PHY,0x4601,1,0,na,"[0,",0,0,1,2893.2,+20.3dB,15.5us,"[0,",1,525.18,normal,0,valid,-14.9dB,-15.0dB,na,na,,,,
2025-07-30 13:41:41.841450,PHY,0x4601,1,0,na,"[0,",0,0,1,2860.0,+20.3dB,16.0us,"[0,",1,525.19,normal,0,valid,-14.9dB,-15.0dB,na,na,,,,
2025-07-30 13:41:41.845584,CSI,0x4601,2,,na,"[0,",,,1,,+29.0dB,13.0us,"[0,",1,526.8,normal,0,valid,-12.0dB,-12.1dB,0.16us,-38.0Hz,,"[6,",1111,1
2025-07-30 13:41:41.846520,PHY,0x4601,1,0,na,"[0,",0,0,1,2040.7,+18.8dB,20.9us,"[0,",1,526.9,normal,0,valid,-15.0dB,-15.1dB,na,na,,,,
2025-07-30 13:41:41.850076,PHY,0x4601,2,,na,"[0,",,,11111,,+33.6dB,18.9us,"[0,",1,526.17,normal,0,valid,-12.1dB,-12.1dB,0.15us,+87.8Hz,,"[6,",,1
2025-07-30 13:41:41.851002,PHY,0x4601,1,0,na,"[0,",0,0,1,2797.3,+20.2dB,15.0us,"[0,",1,526.18,normal,0,valid,-15.0dB,-15.0dB,na,na,,,,
2025-07-30 13:41:41.851477,PHY,0x4601,1,0,na,"[0,",0,0,1,2779.7,+20.2dB,13.2us,"[0,",1,526.19,normal,0,valid,-15.0dB,-15.0dB,na,na,,,,
2025-07-30 13:41:41.855974,PHY,0x4601,1,0,na,"[0,",0,0,1,2262.6,+19.3dB,19.6us,"[0,",1,527.8,normal,0,valid,-14.9dB,-15.0dB,na,na,,,,
2025-07-30 13:41:41.856446,PHY,0x4601,1,0,na,"[0,",0,0,1,1854.0,+18.4dB,14.7us,"[0,",1,527.9,normal,0,valid,-15.0dB,-15.0dB,na,na,,,,
2025-07-30 13:41:41.860115,PHY,0x4601,2,,na,"[0,",,,11111,,+30.6dB,14.0us,"[0,",1,527.17,normal,0,valid,-12.2dB,-12.2dB,0.15us,-65.2Hz,,"[6,",,1
2025-07-30 13:41:41.861040,PHY,0x4601,1,0,na,"[0,",0,0,1,2052.9,+18.9dB,16.3us,"[0,",1,527.18,normal,0,valid,-14.9dB,-15.0dB,na,na,,,,
2025-07-30 13:41:41.861522,PHY,0x4601,1,0,na,"[0,",0,0,1,1892.1,+18.5dB,13.8us,"[0,",1,527.19,normal,0,valid,-15.0dB,-15.0dB,na,na,,,,
2025-07-30 13:41:41.865611,CSI,0x4601,2,,na,"[0,",,,1,,+33.5dB,18.4us,"[0,",1,528.8,normal,0,valid,-11.9dB,-11.9dB,0.17us,-16.4Hz,,"[6,",1111,1
2025-07-30 13:41:41.866483,PHY,0x4601,1,0,na,"[0,",0,0,1,1946.3,+18.6dB,16.1us,"[0,",1,528.9,normal,0,valid,-14.9dB,-15.0dB,na,na,,,,
2025-07-30 13:41:41.870017,PHY,0x4601,2,,na,"[0,",,,11111,,+31.2dB,14.6us,"[0,",1,528.17,normal,0,valid,-12.0dB,-12.0dB,0.15us,-116.1Hz,,"[6,",,1
2025-07-30 13:41:41.870966,PHY,0x4601,1,0,na,"[0,",0,0,1,3382.0,+21.0dB,15.7us,"[0,",1,528.18,normal,0,valid,-15.0dB,-15.0dB,na,na,,,,
2025-07-30 13:41:41.871537,PHY,0x4601,1,0,na,"[0,",0,0,1,2981.1,+20.5dB,15.1us,"[0,",1,528.19,normal,0,valid,-14.9dB,-14.9dB,na,na,,,,
2025-07-30 13:41:41.876029,PHY,0x4601,1,0,na,"[0,",0,0,1,2234.8,+19.2dB,16.5us,"[0,",1,529.8,normal,0,valid,-15.0dB,-15.0dB,na,na,,,,
2025-07-30 13:41:41.876521,PHY,0x4601,1,0,na,"[0,",0,0,1,1888.8,+18.5dB,22.7us,"[0,",1,529.9,normal,0,valid,-15.0dB,-15.0dB,na,na,,,,
2025-07-30 13:41:41.880043,PHY,0x4601,2,,na,"[0,",,,11111,,+31.4dB,13.7us,"[0,",1,529.17,normal,0,valid,-12.0dB,-12.0dB,0.17us,+59.7Hz,,"[6,",,1
2025-07-30 13:41:41.880989,PHY,0x4601,1,0,na,"[0,",0,0,1,2659.9,+20.0dB,15.0us,"[0,",1,529.18,normal,0,valid,-14.9dB,-15.0dB,na,na,,,,
2025-07-30 13:41:41.881469,PHY,0x4601,1,0,na,"[0,",0,0,1,2586.0,+19.9dB,19.1us,"[0,",1,529.19,normal,0,valid,-14.9dB,-14.9dB,na,na,,,,
2025-07-30 13:41:41.885609,CSI,0x4601,2,,na,"[0,",,,1,,+29.8dB,13.2us,"[0,",1,530.8,normal,0,valid,-12.0dB,-12.0dB,0.16us,-83.4Hz,,"[6,",1111,1
2025-07-30 13:41:41.886545,PHY,0x4601,1,0,na,"[0,",0,0,1,2665.4,+20.0dB,18.5us,"[0,",1,530.9,normal,0,valid,-15.0dB,-15.0dB,na,na,,,,
2025-07-30 13:41:41.890088,PHY,0x4601,2,,na,"[0,",,,11111,,+26.6dB,13.2us,"[0,",1,530.17,normal,0,valid,-12.0dB,-12.1dB,0.16us,+16.5Hz,,"[6,",,1
2025-07-30 13:41:41.891025,PHY,0x4601,1,0,na,"[0,",0,0,1,2822.8,+20.3dB,15.5us,"[0,",1,530.18,normal,0,valid,-14.9dB,-14.9dB,na,na,,,,
2025-07-30 13:41:41.891508,PHY,0x4601,1,0,na,"[0,",0,0,1,2672.6,+20.0dB,14.5us,"[0,",1,530.19,normal,0,valid,-14.9dB,-15.0dB,na,na,,,,
2025-07-30 13:41:41.895989,PHY,0x4601,1,0,na,"[0,",0,0,1,2070.6,+18.9dB,16.4us,"[0,",1,531.8,normal,0,valid,-15.0dB,-15.1dB,na,na,,,,
2025-07-30 13:41:41.896459,PHY,0x4601,1,0,na,"[0,",0,0,1,2009.7,+18.8dB,14.6us,"[0,",1,531.9,normal,0,valid,-15.0dB,-15.1dB,na,na,,,,
2025-07-30 13:41:41.900114,PHY,0x4601,2,,na,"[0,",,,11111,,+31.1dB,14.7us,"[0,",1,531.17,normal,0,valid,-12.0dB,-12.1dB,0.16us,+9.8Hz,,"[6,",,1
2025-07-30 13:41:41.900949,PHY,0x4601,1,0,na,"[0,",0,0,1,1634.7,+17.9dB,16.4us,"[0,",1,531.18,normal,0,valid,-15.0dB,-15.0dB,na,na,,,,
2025-07-30 13:41:41.901529,PHY,0x4601,1,0,na,"[0,",0,0,1,1952.7,+18.6dB,13.5us,"[0,",1,531.19,normal,0,valid,-14.9dB,-15.0dB,na,na,,,,
2025-07-30 13:41:41.905620,CSI,0x4601,2,,na,"[0,",,,1,,+31.4dB,14.2us,"[0,",1,532.8,normal,0,valid,-12.0dB,-12.0dB,0.16us,-144.1Hz,,"[6,",1111,1
2025-07-30 13:41:41.906495,PHY,0x4601,1,0,na,"[0,",0,0,1,2588.6,+19.9dB,16.1us,"[0,",1,532.9,normal,0,valid,-15.0dB,-15.0dB,na,na,,,,
2025-07-30 13:41:41.910033,PHY,0x4601,2,,na,"[0,",,,11111,,+29.4dB,13.8us,"[0,",1,532.17,normal,0,valid,-12.0dB,-12.1dB,0.15us,+52.2Hz,,"[6,",,1
2025-07-30 13:41:41.910979,PHY,0x4601,1,0,na,"[0,",0,0,1,1985.8,+18.7dB,15.8us,"[0,",1,532.18,normal,0,valid,-15.0dB,-15.1dB,na,na,,,,
2025-07-30 13:41:41.911450,PHY,0x4601,1,0,na,"[0,",0,0,1,1893.7,+18.5dB,13.3us,"[0,",1,532.19,normal,0,valid,-14.9dB,-15.0dB,na,na,,,,
2025-07-30 13:41:41.915948,PHY,0x4601,1,0,na,"[0,",0,0,1,1974.0,+18.7dB,16.4us,"[0,",1,533.8,normal,0,valid,-15.0dB,-15.0dB,na,na,,,,
2025-07-30 13:41:41.916532,PHY,0x4601,1,0,na,"[0,",0,0,1,1828.9,+18.4dB,15.8us,"[0,",1,533.9,normal,0,valid,-15.0dB,-15.0dB,na,na,,,,
2025-07-30 13:41:41.920079,PHY,0x4601,2,,na,"[0,",,,11111,,+29.4dB,14.7us,"[0,",1,533.17,normal,0,valid,-12.1dB,-12.1dB,0.15us,-160.8Hz,,"[6,",,1
2025-07-30 13:41:41.921016,PHY,0x4601,1,0,na,"[0,",0,0,1,2120.2,+19.0dB,19.2us,"[0,",1,533.18,normal,0,valid,-14.9dB,-14.9dB,na,na,,,,
2025-07-30 13:41:41.921485,PHY,0x4601,1,0,na,"[0,",0,0,1,2012.8,+18.8dB,13.6us,"[0,",1,533.19,normal,0,valid,-15.0dB,-15.0dB,na,na,,,,
2025-07-30 13:41:41.925622,CSI,0x4601,2,,na,"[0,",,,1,,+32.2dB,22.2us,"[0,",1,534.8,normal,0,valid,-11.8dB,-11.8dB,0.15us,+48.5Hz,,"[6,",1111,1
2025-07-30 13:41:41.926479,PHY,0x4601,1,0,na,"[0,",0,0,1,1757.4,+18.2dB,23.7us,"[0,",1,534.9,normal,0,valid,-15.0dB,-15.0dB,na,na,,,,
2025-07-30 13:41:41.930115,PHY,0x4601,2,,na,"[0,",,,11111,,+32.5dB,22.6us,"[0,",1,534.17,normal,0,valid,-12.0dB,-12.1dB,0.14us,+15.0Hz,,"[6,",,1
2025-07-30 13:41:41.931044,PHY,0x4601,1,0,na,"[0,",0,0,1,2816.3,+20.3dB,20.7us,"[0,",1,534.18,normal,0,valid,-15.0dB,-15.0dB,na,na,,,,
2025-07-30 13:41:41.931513,PHY,0x4601,1,0,na,"[0,",0,0,1,2607.9,+19.9dB,14.4us,"[0,",1,534.19,normal,0,valid,-14.9dB,-15.0dB,na,na,,,,
2025-07-30 13:41:41.936010,PHY,0x4601,1,0,na,"[0,",0,0,1,2006.0,+18.8dB,17.2us,"[0,",1,535.8,normal,0,valid,-15.0dB,-15.0dB,na,na,,,,
2025-07-30 13:41:41.936490,PHY,0x4601,1,0,na,"[0,",0,0,1,1936.5,+18.6dB,24.1us,"[0,",1,535.9,normal,0,valid,-15.0dB,-15.0dB,na,na,,,,
2025-07-30 13:41:41.940023,PHY,0x4601,2,,na,"[0,",,,11111,,+34.1dB,14.9us,"[0,",1,535.17,normal,0,valid,-12.1dB,-12.1dB,0.16us,-14.1Hz,,"[6,",,1
2025-07-30 13:41:41.940976,PHY,0x4601,1,0,na,"[0,",0,0,1,3003.5,+20.5dB,17.7us,"[0,",1,535.18,normal,0,valid,-15.0dB,-15.0dB,na,na,,,,
2025-07-30 13:41:41.941442,PHY,0x4601,1,0,na,"[0,",0,0,1,2700.5,+20.0dB,13.7us,"[0,",1,535.19,normal,0,valid,-15.0dB,-15.0dB,na,na,,,,
2025-07-30 13:41:41.945583,CSI,0x4601,2,,na,"[0,",,,1,,+31.6dB,15.6us,"[0,",1,536.8,normal,0,valid,-12.1dB,-12.1dB,0.18us,-67.4Hz,,"[6,",1111,1
2025-07-30 13:41:41.946515,PHY,0x4601,1,0,na,"[0,",0,0,1,2075.3,+18.9dB,16.2us,"[0,",1,536.9,normal,0,valid,-15.0dB,-15.1dB,na,na,,,,
2025-07-30 13:41:41.950071,PHY,0x4601,2,,na,"[0,",,,11111,,+32.4dB,13.8us,"[0,",1,536.17,normal,0,valid,-12.1dB,-12.1dB,0.17us,-8.9Hz,,"[6,",,1
2025-07-30 13:41:41.951000,PHY,0x4601,1,0,na,"[0,",0,0,1,1942.0,+18.6dB,15.3us,"[0,",1,536.18,normal,0,valid,-15.0dB,-15.0dB,na,na,,,,
2025-07-30 13:41:41.951480,PHY,0x4601,1,0,na,"[0,",0,0,1,1894.2,+18.5dB,14.4us,"[0,",1,536.19,normal,0,valid,-15.0dB,-15.0dB,na,na,,,,
2025-07-30 13:41:41.955967,PHY,0x4601,1,0,na,"[0,",0,0,1,2070.5,+18.9dB,16.6us,"[0,",1,537.8,normal,0,valid,-15.0dB,-15.0dB,na,na,,,,
2025-07-30 13:41:41.956538,PHY,0x4601,1,0,na,"[0,",0,0,1,2055.9,+18.9dB,14.3us,"[0,",1,537.9,normal,0,valid,-15.0dB,-15.0dB,na,na,,,,
2025-07-30 13:41:41.960116,PHY,0x4601,2,,na,"[0,",,,11111,,+29.8dB,15.6us,"[0,",1,537.17,normal,0,valid,-12.0dB,-12.1dB,0.16us,-92.4Hz,,"[6,",,1
2025-07-30 13:41:41.961044,PHY,0x4601,1,0,na,"[0,",0,0,1,1973.0,+18.7dB,30.0us,"[0,",1,537.18,normal,0,valid,-14.9dB,-15.0dB,na,na,,,,
2025-07-30 13:41:41.961503,PHY,0x4601,1,0,na,"[0,",0,0,1,1938.0,+18.6dB,14.6us,"[0,",1,537.19,normal,0,valid,-15.0dB,-15.0dB,na,na,,,,
2025-07-30 13:41:41.965588,CSI,0x4601,2,,na,"[0,",,,1,,+28.3dB,11.8us,"[0,",1,538.8,normal,0,valid,-11.9dB,-11.9dB,0.17us,+4.9Hz,,"[6,",1111,1
2025-07-30 13:41:41.966479,PHY,0x4601,1,0,na,"[0,",0,0,1,2769.6,+20.1dB,22.2us,"[0,",1,538.9,normal,0,valid,-14.9dB,-15.0dB,na,na,,,,
2025-07-30 13:41:41.970145,PHY,0x4601,2,,na,"[0,",,,11111,,+31.8dB,16.1us,"[0,",1,538.17,normal,0,valid,-12.1dB,-12.1dB,0.16us,-76.2Hz,,"[6,",,1
2025-07-30 13:41:41.970956,PHY,0x4601,1,0,na,"[0,",0,0,1,1944.3,+18.6dB,16.0us,"[0,",1,538.18,normal,0,valid,-14.9dB,-15.0dB,na,na,,,,
2025-07-30 13:41:41.971536,PHY,0x4601,1,0,na,"[0,",0,0,1,1869.7,+18.4dB,13.8us,"[0,",1,538.19,normal,0,valid,-14.9dB,-15.0dB,na,na,,,,
2025-07-30 13:41:41.976021,PHY,0x4601,1,0,na,"[0,",0,0,1,2018.8,+18.8dB,15.8us,"[0,",1,539.8,normal,0,valid,-15.0dB,-15.0dB,na,na,,,,
2025-07-30 13:41:41.976516,PHY,0x4601,1,0,na,"[0,",0,0,1,1932.9,+18.6dB,16.5us,"[0,",1,539.9,normal,0,valid,-15.0dB,-15.1dB,na,na,,,,
2025-07-30 13:41:41.980041,PHY,0x4601,2,,na,"[0,",,,11111,,+30.8dB,14.4us,"[0,",1,539.17,normal,0,valid,-11.9dB,-12.0dB,0.15us,+43.2Hz,,"[6,",,1
2025-07-30 13:41:41.980991,PHY,0x4601,1,0,na,"[0,",0,0,1,1836.1,+18.4dB,23.7us,"[0,",1,539.18,normal,0,valid,-14.9dB,-15.0dB,na,na,,,,
2025-07-30 13:41:41.981462,PHY,0x4601,1,0,na,"[0,",0,0,1,2013.3,+18.8dB,14.6us,"[0,",1,539.19,normal,0,valid,-14.9dB,-15.0dB,na,na,,,,
2025-07-30 13:41:41.985595,CSI,0x4601,2,,na,"[0,",,,1,,+35.7dB,14.6us,"[0,",1,540.8,normal,0,valid,-11.9dB,-11.9dB,0.16us,-24.6Hz,,"[6,",1111,1
2025-07-30 13:41:41.986531,PHY,0x4601,1,0,na,"[0,",0,0,1,2560.3,+19.8dB,15.9us,"[0,",1,540.9,normal,0,valid,-14.9dB,-15.0dB,na,na,,,,
2025-07-30 13:41:41.990101,PHY,0x4601,2,,na,"[0,",,,11111,,+30.2dB,15.5us,"[0,",1,540.17,normal,0,valid,-12.0dB,-12.0dB,0.18us,-54.5Hz,,"[6,",,1
2025-07-30 13:41:41.991020,PHY,0x4601,1,0,na,"[0,",0,0,1,1946.0,+18.6dB,15.8us,"[0,",1,540.18,normal,0,valid,-15.0dB,-15.0dB,na,na,,,,
2025-07-30 13:41:41.991506,PHY,0x4601,1,0,na,"[0,",0,0,1,1841.3,+18.4dB,21.6us,"[0,",1,540.19,normal,0,valid,-14.9dB,-15.0dB,na,na,,,,
2025-07-30 13:41:41.995977,PHY,0x4601,1,0,na,"[0,",0,0,1,1996.5,+18.8dB,16.8us,"[0,",1,541.8,normal,0,valid,-15.0dB,-15.0dB,na,na,,,,
2025-07-30 13:41:41.996446,PHY,0x4601,1,0,na,"[0,",0,0,1,1850.3,+18.4dB,14.8us,"[0,",1,541.9,normal,0,valid,-15.0dB,-15.0dB,na,na,,,,
2025-07-30 13:41:42.000101,PHY,0x4601,2,,na,"[0,",,,11111,,+29.8dB,15.7us,"[0,",1,541.17,normal,0,valid,-11.9dB,-12.0dB,0.17us,-110.4Hz,,"[6,",,1
2025-07-30 13:41:42.000938,PHY,0x4601,1,0,na,"[0,",0,0,1,1941.5,+18.6dB,18.0us,"[0,",1,541.18,normal,0,valid,-15.0dB,-15.0dB,na,na,,,,
2025-07-30 13:41:42.001523,PHY,0x4601,1,0,na,"[0,",0,0,1,1847.0,+18.5dB,16.3us,"[0,",1,541.19,normal,0,valid,-14.9dB,-14.9dB,na,na,,,,
2025-07-30 13:41:42.005612,CSI,0x4601,2,,na,"[0,",,,1,,+30.7dB,14.8us,"[0,",1,542.8,normal,0,valid,-12.0dB,-12.0dB,0.16us,-10.5Hz,,"[6,",1111,1
2025-07-30 13:41:42.006484,PHY,0x4601,1,0,na,"[0,",0,0,1,1878.5,+18.5dB,18.8us,"[0,",1,542.9,normal,0,valid,-14.9dB,-15.0dB,na,na,,,,
2025-07-30 13:41:42.010025,PHY,0x4601,2,,na,"[0,",,,11111,,+29.4dB,16.1us,"[0,",1,542.17,normal,0,valid,-12.0dB,-12.0dB,0.14us,+9.2Hz,,"[6,",,1
2025-07-30 13:41:42.010970,PHY,0x4601,1,0,na,"[0,",0,0,1,2084.8,+18.9dB,18.1us,"[0,",1,542.18,normal,0,valid,-15.0dB,-15.0dB,na,na,,,,
2025-07-30 13:41:42.011450,PHY,0x4601,1,0,na,"[0,",0,0,1,1911.9,+18.6dB,14.1us,"[0,",1,542.19,normal,0,valid,-14.9dB,-15.0dB,na,na,,,,
2025-07-30 13:41:42.016043,PHY,0x4601,1,0,na,"[0,",0,0,1,2002.7,+18.7dB,17.6us,"[0,",1,543.8,normal,0,valid,-15.0dB,-15.0dB,na,na,,,,
2025-07-30 13:41:42.016525,PHY,0x4601,1,0,na,"[0,",0,0,1,1843.4,+18.4dB,16.2us,"[0,",1,543.9,normal,0,valid,-15.0dB,-15.1dB,na,na,,,,
2025-07-30 13:41:42.020102,PHY,0x4601,2,,na,"[0,",,,11111,,+28.6dB,18.3us,"[0,",1,543.17,normal,0,valid,-12.1dB,-12.1dB,0.15us,-139.4Hz,,"[6,",,1
2025-07-30 13:41:42.021004,PHY,0x4601,1,0,na,"[0,",0,0,1,1934.4,+18.6dB,22.1us,"[0,",1,543.18,normal,0,valid,-14.9dB,-14.9dB,na,na,,,,
2025-07-30 13:41:42.021473,PHY,0x4601,1,0,na,"[0,",0,0,1,2075.4,+18.9dB,14.4us,"[0,",1,543.19,normal,0,valid,-14.9dB,-15.0dB,na,na,,,,
2025-07-30 13:41:42.025609,CSI,0x4601,2,,na,"[0,",,,1,,+31.4dB,16.3us,"[0,",1,544.8,normal,0,valid,-12.0dB,-12.0dB,0.19us,-75.0Hz,,"[6,",1111,1
2025-07-30 13:41:42.026442,PHY,0x4601,1,0,na,"[0,",0,0,1,1803.4,+18.3dB,21.4us,"[0,",1,544.9,normal,0,valid,-14.9dB,-15.0dB,na,na,,,,
2025-07-30 13:41:42.030110,PHY,0x4601,2,,na,"[0,",,,11111,,+30.5dB,15.6us,"[0,",1,544.17,normal,0,valid,-12.1dB,-12.1dB,0.16us,+53.7Hz,,"[6,",,1
2025-07-30 13:41:42.031033,PHY,0x4601,1,0,na,"[0,",0,0,1,2916.8,+20.4dB,16.3us,"[0,",1,544.18,normal,0,valid,-14.9dB,-15.0dB,na,na,,,,
2025-07-30 13:41:42.031512,PHY,0x4601,1,0,na,"[0,",0,0,1,2772.6,+20.2dB,18.1us,"[0,",1,544.19,normal,0,valid,-15.0dB,-15.0dB,na,na,,,,
2025-07-30 13:41:42.036005,PHY,0x4601,1,0,na,"[0,",0,0,1,1890.8,+18.5dB,17.8us,"[0,",1,545.8,normal,0,valid,-15.0dB,-15.0dB,na,na,,,,
2025-07-30 13:41:42.036492,PHY,0x4601,1,0,na,"[0,",0,0,1,1894.8,+18.6dB,33.9us,"[0,",1,545.9,normal,0,valid,-15.0dB,-15.0dB,na,na,,,,
2025-07-30 13:41:42.040016,PHY,0x4601,2,,na,"[0,",,,11111,,+28.6dB,20.0us,"[0,",1,545.17,normal,0,valid,-12.1dB,-12.1dB,0.15us,+21.4Hz,,"[6,",,1
2025-07-30 13:41:42.040963,PHY,0x4601,1,0,na,"[0,",0,0,1,1869.4,+18.5dB,22.0us,"[0,",1,545.18,normal,0,valid,-14.9dB,-15.0dB,na,na,,,,
2025-07-30 13:41:42.041545,PHY,0x4601,1,0,na,"[0,",0,0,1,1922.0,+18.6dB,15.3us,"[0,",1,545.19,normal,0,valid,-14.9dB,-15.0dB,na,na,,,,
2025-07-30 13:41:42.045590,CSI,0x4601,2,,na,"[0,",,,1,,+35.6dB,15.8us,"[0,",1,546.8,normal,0,valid,-12.0dB,-12.0dB,0.17us,-29.7Hz,,"[6,",1111,1
2025-07-30 13:41:42.046508,PHY,0x4601,1,0,na,"[0,",0,0,1,1920.9,+18.6dB,16.4us,"[0,",1,546.9,normal,0,valid,-15.0dB,-15.0dB,na,na,,,,
2025-07-30 13:41:42.050045,PHY,0x4601,2,,na,"[0,",,,11111,,+29.0dB,16.3us,"[0,",1,546.17,normal,0,valid,-12.2dB,-12.2dB,0.19us,-5.5Hz,,"[6,",,1
2025-07-30 13:41:42.050988,PHY,0x4601,1,0,na,"[0,",0,0,1,2027.1,+18.8dB,18.4us,"[0,",1,546.18,normal,0,valid,-14.9dB,-15.0dB,na,na,,,,
2025-07-30 13:41:42.051481,PHY,0x4601,1,0,na,"[0,",0,0,1,1949.5,+18.7dB,20.8us,"[0,",1,546.19,normal,0,valid,-14.9dB,-15.0dB,na,na,,,,
2025-07-30 13:41:42.055959,PHY,0x4601,1,0,na,"[0,",0,0,1,1959.6,+18.7dB,19.3us,"[0,",1,547.8,normal,0,valid,-15.0dB,-15.1dB,na,na,,,,
2025-07-30 13:41:42.056551,PHY,0x4601,1,0,na,"[0,",0,0,1,1902.8,+18.5dB,23.5us,"[0,",1,547.9,normal,0,valid,-15.0dB,-15.1dB,na,na,,,,
2025-07-30 13:41:42.060087,PHY,0x4601,2,,na,"[0,",,,11111,,+30.7dB,20.4us,"[0,",1,547.17,normal,0,valid,-12.0dB,-12.0dB,0.17us,-5.8Hz,,"[6,",,1
2025-07-30 13:41:42.061022,PHY,0x4601,1,0,na,"[0,",0,0,1,1841.8,+18.4dB,16.9us,"[0,",1,547.18,normal,0,valid,-14.9dB,-15.0dB,na,na,,,,
2025-07-30 13:41:42.061748,PHY,0x4601,1,0,na,"[0,",0,0,1,1971.5,+18.7dB,15.2us,"[0,",1,547.19,normal,0,valid,-14.9dB,-15.0dB,na,na,,,,
2025-07-30 13:41:42.065607,CSI,0x4601,2,,na,"[0,",,,1,,+29.0dB,16.6us,"[0,",1,548.8,normal,0,valid,-11.9dB,-12.0dB,0.17us,-59.9Hz,,"[6,",1111,1
2025-07-30 13:41:42.066458,PHY,0x4601,1,0,na,"[0,",0,0,1,2128.7,+19.0dB,17.0us,"[0,",1,548.9,normal,0,valid,-15.0dB,-15.0dB,na,na,,,,
2025-07-30 13:41:42.070137,PHY,0x4601,2,,na,"[0,",,,11111,,+30.6dB,13.7us,"[0,",1,548.17,normal,0,valid,-12.0dB,-12.1dB,0.16us,-27.5Hz,,"[6,",,1
2025-07-30 13:41:42.070942,PHY,0x4601,1,0,na,"[0,",0,0,1,1873.3,+18.5dB,16.5us,"[0,",1,548.18,normal,0,valid,-14.9dB,-15.0dB,na,na,,,,
2025-07-30 13:41:42.071526,PHY,0x4601,1,0,na,"[0,",0,0,1,1940.3,+18.6dB,16.2us,"[0,",1,548.19,normal,0,valid,-14.9dB,-15.0dB,na,na,,,,
2025-07-30 13:41:42.076036,PHY,0x4601,1,0,na,"[0,",0,0,1,2055.8,+18.9dB,20.5us,"[0,",1,549.8,normal,0,valid,-15.0dB,-15.0dB,na,na,,,,
2025-07-30 13:41:42.076512,PHY,0x4601,1,0,na,"[0,",0,0,1,2017.3,+18.8dB,21.6us,"[0,",1,549.9,normal,0,valid,-15.0dB,-15.0dB,na,na,,,,
2025-07-30 13:41:42.080030,PHY,0x4601,2,,na,"[0,",,,11111,,+33.7dB,15.2us,"[0,",1,549.17,normal,0,valid,-12.1dB,-12.2dB,0.14us,+16.0Hz,,"[6,",,1
2025-07-30 13:41:42.080977,PHY,0x4601,1,0,na,"[0,",0,0,1,2687.2,+20.0dB,19.0us,"[0,",1,549.18,normal,0,valid,-15.0dB,-15.0dB,na,na,,,,
2025-07-30 13:41:42.081447,PHY,0x4601,1,0,na,"[0,",0,0,1,2986.2,+20.5dB,15.1us,"[0,",1,549.19,normal,0,valid,-15.0dB,-15.0dB,na,na,,,,
2025-07-30 13:41:42.085584,CSI,0x4601,2,,na,"[0,",,,1,,+28.8dB,13.2us,"[0,",1,550.8,normal,0,valid,-12.0dB,-12.0dB,0.18us,-82.8Hz,,"[6,",1111,1
2025-07-30 13:41:42.086522,PHY,0x4601,1,0,na,"[0,",0,0,1,1855.0,+18.4dB,16.9us,"[0,",1,550.9,normal,0,valid,-14.9dB,-15.0dB,na,na,,,,
2025-07-30 13:41:42.090072,PHY,0x4601,2,,na,"[0,",,,11111,,+28.3dB,16.7us,"[0,",1,550.17,normal,0,valid,-12.1dB,-12.1dB,0.17us,-56.3Hz,,"[6,",,1
2025-07-30 13:41:42.091003,PHY,0x4601,1,0,na,"[0,",0,0,1,1934.4,+18.6dB,15.4us,"[0,",1,550.18,normal,0,valid,-15.0dB,-15.0dB,na,na,,,,
2025-07-30 13:41:42.091472,PHY,0x4601,1,0,na,"[0,",0,0,1,1910.6,+18.6dB,13.2us,"[0,",1,550.19,normal,0,valid,-14.9dB,-15.0dB,na,na,,,,
2025-07-30 13:41:42.095975,PHY,0x4601,1,0,na,"[0,",0,0,1,2002.9,+18.8dB,16.6us,"[0,",1,551.8,normal,0,valid,-15.0dB,-15.0dB,na,na,,,,
2025-07-30 13:41:42.096445,PHY,0x4601,1,0,na,"[0,",0,0,1,1826.5,+18.4dB,14.5us,"[0,",1,551.9,normal,0,valid,-15.0dB,-15.0dB,na,na,,,,
2025-07-30 13:41:42.100121,PHY,0x4601,2,,na,"[0,",,,11111,,+30.2dB,13.9us,"[0,",1,551.17,normal,0,valid,-12.1dB,-12.1dB,0.15us,-40.5Hz,,"[6,",,1
2025-07-30 13:41:42.101034,PHY,0x4601,1,0,na,"[0,",0,0,1,2926.4,+20.4dB,15.9us,"[0,",1,551.18,normal,0,valid,-15.0dB,-15.0dB,na,na,,,,
2025-07-30 13:41:42.101507,PHY,0x4601,1,0,na,"[0,",0,0,1,2542.1,+19.8dB,13.8us,"[0,",1,551.19,normal,0,valid,-14.9dB,-15.0dB,na,na,,,,
2025-07-30 13:41:42.105597,CSI,0x4601,2,,na,"[0,",,,1,,+33.8dB,14.0us,"[0,",1,552.8,normal,0,valid,-12.0dB,-12.0dB,0.16us,-17.2Hz,,"[6,",1111,1
2025-07-30 13:41:42.106472,PHY,0x4601,1,0,na,"[0,",0,0,1,2036.2,+18.8dB,15.7us,"[0,",1,552.9,normal,0,valid,-14.9dB,-15.0dB,na,na,,,,
2025-07-30 13:41:42.110012,PHY,0x4601,2,,na,"[0,",,,11111,,+34.1dB,12.9us,"[0,",1,552.17,normal,0,valid,-12.1dB,-12.1dB,0.18us,+103.5Hz,,"[6,",,1
2025-07-30 13:41:42.110958,PHY,0x4601,1,0,na,"[0,",0,0,1,2842.9,+20.3dB,16.4us,"[0,",1,552.18,normal,0,valid,-14.9dB,-15.0dB,na,na,,,,
2025-07-30 13:41:42.111436,PHY,0x4601,1,0,na,"[0,",0,0,1,2714.5,+20.1dB,13.5us,"[0,",1,552.19,normal,0,valid,-14.9dB,-15.0dB,na,na,,,,
2025-07-30 13:41:42.116039,PHY,0x4601,1,0,na,"[0,",0,0,1,1966.6,+18.7dB,18.1us,"[0,",1,553.8,normal,0,valid,-15.0dB,-15.1dB,na,na,,,,
2025-07-30 13:41:42.116521,PHY,0x4601,1,0,na,"[0,",0,0,1,1981.6,+18.7dB,15.1us,"[0,",1,553.9,normal,0,valid,-15.0dB,-15.0dB,na,na,,,,
2025-07-30 13:41:42.120092,PHY,0x4601,2,,na,"[0,",,,11111,,+31.4dB,14.8us,"[0,",1,553.17,normal,0,valid,-12.0dB,-12.0dB,0.16us,-5.6Hz,,"[6,",,1
2025-07-30 13:41:42.120993,PHY,0x4601,1,0,na,"[0,",0,0,1,1996.0,+18.8dB,18.8us,"[0,",1,553.18,normal,0,valid,-14.9dB,-15.0dB,na,na,,,,
2025-07-30 13:41:42.121465,PHY,0x4601,1,0,na,"[0,",0,0,1,1670.1,+18.0dB,14.1us,"[0,",1,553.19,normal,0,valid,-15.0dB,-15.0dB,na,na,,,,
2025-07-30 13:41:42.125598,CSI,0x4601,2,,na,"[0,",,,1,,+33.5dB,12.8us,"[0,",1,554.8,normal,0,valid,-12.0dB,-12.0dB,0.16us,+49.7Hz,,"[6,",1111,1
2025-07-30 13:41:42.126536,PHY,0x4601,1,0,na,"[0,",0,0,1,1943.7,+18.6dB,15.6us,"[0,",1,554.9,normal,0,valid,-14.9dB,-15.0dB,na,na,,,,
2025-07-30 13:41:42.130087,PHY,0x4601,2,,na,"[0,",,,11111,,+29.5dB,13.8us,"[0,",1,554.17,normal,0,valid,-12.1dB,-12.1dB,0.18us,+19.4Hz,,"[6,",,1
2025-07-30 13:41:42.131019,PHY,0x4601,1,0,na,"[0,",0,0,1,3075.7,+20.6dB,15.0us,"[0,",1,554.18,normal,0,valid,-14.9dB,-15.0dB,na,na,,,,
2025-07-30 13:41:42.131506,PHY,0x4601,1,0,na,"[0,",0,0,1,2795.9,+20.2dB,19.3us,"[0,",1,554.19,normal,0,valid,-15.0dB,-15.0dB,na,na,,,,
2025-07-30 13:41:42.135995,PHY,0x4601,1,0,na,"[0,",0,0,1,1835.4,+18.4dB,18.7us,"[0,",1,555.8,normal,0,valid,-15.0dB,-15.1dB,na,na,,,,
2025-07-30 13:41:42.136463,PHY,0x4601,1,0,na,"[0,",0,0,1,1935.7,+18.6dB,15.2us,"[0,",1,555.9,normal,0,valid,-15.0dB,-15.0dB,na,na,,,,
2025-07-30 13:41:42.140151,PHY,0x4601,2,,na,"[0,",,,11111,,+32.9dB,18.6us,"[0,",1,555.17,normal,0,valid,-12.0dB,-12.0dB,0.18us,+27.9Hz,,"[6,",,1
2025-07-30 13:41:42.140947,PHY,0x4601,1,0,na,"[0,",0,0,1,1826.5,+18.4dB,17.2us,"[0,",1,555.18,normal,0,valid,-15.0dB,-15.0dB,na,na,,,,
2025-07-30 13:41:42.141534,PHY,0x4601,1,0,na,"[0,",0,0,1,2031.3,+18.8dB,13.9us,"[0,",1,555.19,normal,0,valid,-14.9dB,-15.0dB,na,na,,,,
2025-07-30 13:41:42.145567,CSI,0x4601,2,,na,"[0,",,,1,,+31.1dB,15.6us,"[0,",1,556.8,normal,0,valid,-12.0dB,-12.0dB,0.15us,-148.6Hz,,"[6,",1111,1
2025-07-30 13:41:42.146490,PHY,0x4601,1,0,na,"[0,",0,0,1,1998.4,+18.7dB,15.7us,"[0,",1,556.9,normal,0,valid,-15.0dB,-15.0dB,na,na,,,,
2025-07-30 13:41:42.150040,PHY,0x4601,2,,na,"[0,",,,11111,,+33.1dB,14.3us,"[0,",1,556.17,normal,0,valid,-12.0dB,-12.1dB,0.17us,+111.8Hz,,"[6,",,1
2025-07-30 13:41:42.150986,PHY,0x4601,1,0,na,"[0,",0,0,1,2910.6,+20.4dB,22.9us,"[0,",1,556.18,normal,0,valid,-15.0dB,-15.0dB,na,na,,,,
2025-07-30 13:41:42.151456,PHY,0x4601,1,0,na,"[0,",0,0,1,2658.4,+20.0dB,14.2us,"[0,",1,556.19,normal,0,valid,-14.9dB,-15.0dB,na,na,,,,
2025-07-30 13:41:42.155943,PHY,0x4601,1,0,na,"[0,",0,0,1,1929.2,+18.6dB,15.8us,"[0,",1,557.8,normal,0,valid,-15.0dB,-15.0dB,na,na,,,,
2025-07-30 13:41:42.156540,PHY,0x4601,1,0,na,"[0,",0,0,1,1957.2,+18.6dB,19.7us,"[0,",1,557.9,normal,0,valid,-15.0dB,-15.0dB,na,na,,,,
2025-07-30 13:41:42.160083,PHY,0x4601,2,,na,"[0,",,,11111,,+29.8dB,18.2us,"[0,",1,557.17,normal,0,valid,-12.0dB,-12.0dB,0.16us,-76.3Hz,,"[6,",,1
2025-07-30 13:41:42.161009,PHY,0x4601,1,0,na,"[0,",0,0,1,2738.6,+20.1dB,15.6us,"[0,",1,557.18,normal,0,valid,-15.0dB,-15.0dB,na,na,,,,
2025-07-30 13:41:42.161494,PHY,0x4601,1,0,na,"[0,",0,0,1,2821.5,+20.2dB,18.5us,"[0,",1,557.19,normal,0,valid,-15.0dB,-15.0dB,na,na,,,,
2025-07-30 13:41:42.165625,CSI,0x4601,2,,na,"[0,",,,1,,+33.3dB,15.1us,"[0,",1,558.8,normal,0,valid,-12.0dB,-12.1dB,0.19us,-26.6Hz,,"[6,",1111,1
2025-07-30 13:41:42.166454,PHY,0x4601,1,0,na,"[0,",0,0,1,2741.8,+20.1dB,16.1us,"[0,",1,558.9,normal,0,valid,-15.0dB,-15.0dB,na,na,,,,
2025-07-30 13:41:42.170109,PHY,0x4601,2,,na,"[0,",,,11111,,+32.8dB,18.0us,"[0,",1,558.17,normal,0,valid,-12.1dB,-12.1dB,0.16us,+89.4Hz,,"[6,",,1
2025-07-30 13:41:42.170943,PHY,0x4601,1,0,na,"[0,",0,0,1,2976.5,+20.5dB,17.6us,"[0,",1,558.18,normal,0,valid,-14.9dB,-15.0dB,na,na,,,,
2025-07-30 13:41:42.171524,PHY,0x4601,1,0,na,"[0,",0,0,1,2733.1,+20.1dB,15.7us,"[0,",1,558.19,normal,0,valid,-15.0dB,-15.0dB,na,na,,,,
2025-07-30 13:41:42.176020,PHY,0x4601,1,0,na,"[0,",0,0,1,2016.0,+18.8dB,22.0us,"[0,",1,559.8,normal,0,valid,-15.0dB,-15.0dB,na,na,,,,
2025-07-30 13:41:42.176509,PHY,0x4601,1,0,na,"[0,",0,0,1,1925.8,+18.6dB,15.6us,"[0,",1,559.9,normal,0,valid,-15.0dB,-15.0dB,na,na,,,,
2025-07-30 13:41:42.180030,PHY,0x4601,2,,na,"[0,",,,11111,,+30.7dB,15.8us,"[0,",1,559.17,normal,0,valid,-12.2dB,-12.2dB,0.17us,+95.7Hz,,"[6,",,1
2025-07-30 13:41:42.180972,PHY,0x4601,1,0,na,"[0,",0,0,1,2480.1,+19.7dB,15.8us,"[0,",1,559.18,normal,0,valid,-15.0dB,-15.0dB,na,na,,,,
2025-07-30 13:41:42.181448,PHY,0x4601,1,0,na,"[0,",0,0,1,2739.9,+20.1dB,14.0us,"[0,",1,559.19,normal,0,valid,-14.9dB,-14.9dB,na,na,,,,
2025-07-30 13:41:42.185571,CSI,0x4601,2,,na,"[0,",,,1,,+31.6dB,12.4us,"[0,",1,560.8,normal,0,valid,-12.1dB,-12.1dB,0.18us,+97.0Hz,,"[6,",1111,1
2025-07-30 13:41:42.186514,PHY,0x4601,1,0,na,"[0,",0,0,1,1802.2,+18.3dB,15.3us,"[0,",1,560.9,normal,0,valid,-14.9dB,-15.0dB,na,na,,,,
2025-07-30 13:41:42.190060,PHY,0x4601,2,,na,"[0,",,,11111,,+34.6dB,14.6us,"[0,",1,560.17,normal,0,valid,-12.0dB,-12.1dB,0.17us,-85.8Hz,,"[6,",,1
2025-07-30 13:41:42.191004,PHY,0x4601,1,0,na,"[0,",0,0,1,2672.9,+20.0dB,15.2us,"[0,",1,560.18,normal,0,valid,-15.0dB,-15.0dB,na,na,,,,
2025-07-30 13:41:42.191485,PHY,0x4601,1,0,na,"[0,",0,0,1,2590.4,+19.9dB,14.0us,"[0,",1,560.19,normal,0,valid,-15.0dB,-15.0dB,na,na,,,,
2025-07-30 13:41:42.195968,PHY,0x4601,1,0,na,"[0,",0,0,1,1843.9,+18.4dB,16.0us,"[0,",1,561.8,normal,0,valid,-15.0dB,-15.0dB,na,na,,,,
2025-07-30 13:41:42.196447,PHY,0x4601,1,0,na,"[0,",0,0,1,2097.4,+18.9dB,14.1us,"[0,",1,561.9,normal,0,valid,-15.0dB,-15.1dB,na,na,,,,
2025-07-30 13:41:42.200090,PHY,0x4601,2,,na,"[0,",,,11111,,+32.4dB,13.5us,"[0,",1,561.17,normal,0,valid,-12.1dB,-12.1dB,0.15us,+63.0Hz,,"[6,",,1
2025-07-30 13:41:42.201040,PHY,0x4601,1,0,na,"[0,",0,0,1,2681.1,+20.0dB,15.6us,"[0,",1,561.18,normal,0,valid,-15.0dB,-15.0dB,na,na,,,,
2025-07-30 13:41:42.201514,PHY,0x4601,1,0,na,"[0,",0,0,1,2797.2,+20.2dB,13.5us,"[0,",1,561.19,normal,0,valid,-15.0dB,-15.0dB,na,na,,,,
2025-07-30 13:41:42.205601,CSI,0x4601,2,,na,"[0,",,,1,,+27.6dB,11.3us,"[0,",1,562.8,normal,0,valid,-12.0dB,-12.0dB,0.15us,-45.7Hz,,"[6,",1111,1
2025-07-30 13:41:42.206473,PHY,0x4601,1,0,na,"[0,",0,0,1,2869.4,+20.3dB,14.7us,"[0,",1,562.9,normal,0,valid,-15.0dB,-15.0dB,na,na,,,,
2025-07-30 13:41:42.210008,PHY,0x4601,2,,na,"[0,",,,11111,,+33.2dB,16.5us,"[0,",1,562.17,normal,0,valid,-12.1dB,-12.1dB,0.19us,+90.0Hz,,"[6,",,1
2025-07-30 13:41:42.210962,PHY,0x4601,1,0,na,"[0,",0,0,1,2609.6,+19.9dB,15.5us,"[0,",1,562.18,normal,0,valid,-14.9dB,-15.0dB,na,na,,,,
2025-07-30 13:41:42.211535,PHY,0x4601,1,0,na,"[0,",0,0,1,2957.4,+20.5dB,14.2us,"[0,",1,562.19,normal,0,valid,-14.9dB,-14.9dB,na,na,,,,
2025-07-30 13:41:42.216037,PHY,0x4601,1,0,na,"[0,",0,0,1,1862.4,+18.4dB,16.3us,"[0,",1,563.8,normal,0,valid,-15.0dB,-15.0dB,na,na,,,,
2025-07-30 13:41:42.216526,PHY,0x4601,1,0,na,"[0,",0,0,1,2000.5,+18.8dB,14.7us,"[0,",1,563.9,normal,0,valid,-15.0dB,-15.0dB,na,na,,,,
2025-07-30 13:41:42.220043,PHY,0x4601,2,,na,"[0,",,,11111,,+28.8dB,13.7us,"[0,",1,563.17,normal,0,valid,-12.1dB,-12.1dB,0.15us,-36.2Hz,,"[6,",,1
2025-07-30 13:41:42.220991,PHY,0x4601,1,0,na,"[0,",0,0,1,2855.7,+20.3dB,15.4us,"[0,",1,563.18,normal,0,valid,-14.9dB,-15.0dB,na,na,,,,
2025-07-30 13:41:42.221467,PHY,0x4601,1,0,na,"[0,",0,0,1,2701.2,+20.0dB,13.8us,"[0,",1,563.19,normal,0,valid,-15.0dB,-15.0dB,na,na,,,,
2025-07-30 13:41:42.225607,CSI,0x4601,2,,na,"[0,",,,1,,+30.4dB,13.1us,"[0,",1,564.8,normal,0,valid,-12.0dB,-12.1dB,0.19us,-48.5Hz,,"[6,",1111,1
2025-07-30 13:41:42.226546,PHY,0x4601,1,0,na,"[0,",0,0,1,2596.9,+19.9dB,22.9us,"[0,",1,564.9,normal,0,valid,-15.0dB,-15.0dB,na,na,,,,
2025-07-30 13:41:42.230094,PHY,0x4601,2,,na,"[0,",,,11111,,+31.3dB,17.1us,"[0,",1,564.17,normal,0,valid,-12.1dB,-12.1dB,0.16us,-46.1Hz,,"[6,",,1
2025-07-30 13:41:42.231028,PHY,0x4601,1,0,na,"[0,",0,0,1,1898.9,+18.5dB,22.2us,"[0,",1,564.18,normal,0,valid,-15.0dB,-15.0dB,na,na,,,,
2025-07-30 13:41:42.231496,PHY,0x4601,1,0,na,"[0,",0,0,1,1797.5,+18.3dB,14.2us,"[0,",1,564.19,normal,0,valid,-14.9dB,-15.0dB,na,na,,,,
2025-07-30 13:41:42.235986,PHY,0x4601,1,0,na,"[0,",0,0,1,1995.0,+18.7dB,17.3us,"[0,",1,565.8,normal,0,valid,-15.0dB,-15.0dB,na,na,,,,
2025-07-30 13:41:42.236460,PHY,0x4601,1,0,na,"[0,",0,0,1,2009.2,+18.8dB,14.1us,"[0,",1,565.9,normal,0,valid,-15.0dB,-15.1dB,na,na,,,,
2025-07-30 13:41:42.240127,PHY,0x4601,2,,na,"[0,",,,11111,,+32.7dB,15.3us,"[0,",1,565.17,normal,0,valid,-12.0dB,-12.0dB,0.18us,-48.8Hz,,"[6,",,1
2025-07-30 13:41:42.240957,PHY,0x4601,1,0,na,"[0,",0,0,1,2651.6,+20.0dB,21.8us,"[0,",1,565.18,normal,0,valid,-15.0dB,-15.0dB,na,na,,,,
2025-07-30 13:41:42.241548,PHY,0x4601,1,0,na,"[0,",0,0,1,2613.7,+19.9dB,14.0us,"[0,",1,565.19,normal,0,valid,-14.9dB,-15.0dB,na,na,,,,
2025-07-30 13:41:42.245618,CSI,0x4601,2,,na,"[0,",,,1,,+35.2dB,12.7us,"[0,",1,566.8,normal,0,valid,-12.1dB,-12.1dB,0.17us,+31.5Hz,,"[6,",1111,1
2025-07-30 13:41:42.246494,PHY,0x4601,1,0,na,"[0,",0,0,1,2569.0,+19.8dB,17.2us,"[0,",1,566.9,normal,0,valid,-15.0dB,-15.0dB,na,na,,,,
2025-07-30 13:41:42.250039,PHY,0x4601,2,,na,"[0,",,,11111,,+31.6dB,17.5us,"[0,",1,566.17,normal,0,valid,-12.0dB,-12.0dB,0.16us,-24.8Hz,,"[6,",,1
2025-07-30 13:41:42.250979,PHY,0x4601,1,0,na,"[0,",0,0,1,1961.0,+18.7dB,16.1us,"[0,",1,566.18,normal,0,valid,-15.0dB,-15.0dB,na,na,,,,
2025-07-30 13:41:42.251461,PHY,0x4601,1,0,na,"[0,",0,0,1,1918.1,+18.6dB,14.3us,"[0,",1,566.19,normal,0,valid,-15.0dB,-15.0dB,na,na,,,,
2025-07-30 13:41:42.255951,PHY,0x4601,1,0,na,"[0,",0,0,1,1927.7,+18.6dB,15.8us,"[0,",1,567.8,normal,0,valid,-15.0dB,-15.1dB,na,na,,,,
2025-07-30 13:41:42.256535,PHY,0x4601,1,0,na,"[0,",0,0,1,1988.3,+18.7dB,16.3us,"[0,",1,567.9,normal,0,valid,-15.0dB,-15.0dB,na,na,,,,
2025-07-30 13:41:42.260087,PHY,0x4601,2,,na,"[0,",,,11111,,+31.4dB,15.5us,"[0,",1,567.17,normal,0,valid,-12.1dB,-12.1dB,0.15us,-159.0Hz,,"[6,",,1
2025-07-30 13:41:42.261019,PHY,0x4601,1,0,na,"[0,",0,0,1,1917.0,+18.6dB,16.7us,"[0,",1,567.18,normal,0,valid,-14.9dB,-15.0dB,na,na,,,,
2025-07-30 13:41:42.261491,PHY,0x4601,1,0,na,"[0,",0,0,1,1983.9,+18.7dB,14.5us,"[0,",1,567.19,normal,0,valid,-14.9dB,-15.0dB,na,na,,,,
2025-07-30 13:41:42.265617,CSI,0x4601,2,,na,"[0,",,,1,,+31.3dB,18.2us,"[0,",1,568.8,normal,0,valid,-12.0dB,-12.0dB,0.17us,-40.0Hz,,"[6,",1111,1
2025-07-30 13:41:42.266461,PHY,0x4601,1,0,na,"[0,",0,0,1,1827.3,+18.4dB,16.5us,"[0,",1,568.9,normal,0,valid,-15.0dB,-15.0dB,na,na,,,,
2025-07-30 13:41:42.270104,PHY,0x4601,2,,na,"[0,",,,11111,,+33.3dB,14.2us,"[0,",1,568.17,normal,0,valid,-12.1dB,-12.1dB,0.18us,+7.4Hz,,"[6,",,1
2025-07-30 13:41:42.271050,PHY,0x4601,1,0,na,"[0,",0,0,1,1911.7,+18.6dB,20.0us,"[0,",1,568.18,normal,0,valid,-14.9dB,-15.0dB,na,na,,,,
2025-07-30 13:41:42.271521,PHY,0x4601,1,0,na,"[0,",0,0,1,1879.5,+18.5dB,14.9us,"[0,",1,568.19,normal,0,valid,-14.9dB,-15.0dB,na,na,,,,
2025-07-30 13:41:42.276008,PHY,0x4601,1,0,na,"[0,",0,0,1,1975.4,+18.7dB,17.1us,"[0,",1,569.8,normal,0,valid,-15.0dB,-15.0dB,na,na,,,,
2025-07-30 13:41:42.276495,PHY,0x4601,1,0,na,"[0,",0,0,1,1856.8,+18.5dB,26.0us,"[0,",1,569.9,normal,0,valid,-14.9dB,-15.0dB,na,na,,,,
2025-07-30 13:41:42.280019,PHY,0x4601,2,,na,"[0,",,,11111,,+31.8dB,13.6us,"[0,",1,569.17,normal,0,valid,-11.9dB,-12.0dB,0.19us,+71.8Hz,,"[6,",,1
2025-07-30 13:41:42.280970,PHY,0x4601,1,0,na,"[0,",0,0,1,1927.7,+18.6dB,15.6us,"[0,",1,569.18,normal,0,valid,-15.0dB,-15.0dB,na,na,,,,
2025-07-30 13:41:42.281454,PHY,0x4601,1,0,na,"[0,",0,0,1,1942.2,+18.6dB,20.2us,"[0,",1,569.19,normal,0,valid,-15.0dB,-15.0dB,na,na,,,,
2025-07-30 13:41:42.285564,CSI,0x4601,2,,na,"[0,",,,1,,+31.5dB,13.1us,"[0,",1,570.8,normal,0,valid,-12.0dB,-12.0dB,0.18us,+24.7Hz,,"[6,",1111,1
2025-07-30 13:41:42.286519,PHY,0x4601,1,0,na,"[0,",0,0,1,1839.9,+18.4dB,15.5us,"[0,",1,570.9,normal,0,valid,-15.0dB,-15.0dB,na,na,,,,
2025-07-30 13:41:42.290065,PHY,0x4601,2,,na,"[0,",,,11111,,+30.3dB,21.4us,"[0,",1,570.17,normal,0,valid,-12.0dB,-12.1dB,0.17us,+3.3Hz,,"[6,",,1
2025-07-30 13:41:42.291001,PHY,0x4601,1,0,na,"[0,",0,0,1,2702.3,+20.1dB,17.5us,"[0,",1,570.18,normal,0,valid,-15.0dB,-15.0dB,na,na,,,,
2025-07-30 13:41:42.291475,PHY,0x4601,1,0,na,"[0,",0,0,1,2697.9,+20.1dB,15.3us,"[0,",1,570.19,normal,0,valid,-14.9dB,-15.0dB,na,na,,,,
2025-07-30 13:41:42.295966,PHY,0x4601,1,0,na,"[0,",0,0,1,1973.4,+18.7dB,17.0us,"[0,",1,571.8,normal,0,valid,-15.0dB,-15.1dB,na,na,,,,
2025-07-30 13:41:42.296537,PHY,0x4601,1,0,na,"[0,",0,0,1,1920.2,+18.6dB,13.7us,"[0,",1,571.9,normal,0,valid,-15.0dB,-15.0dB,na,na,,,,
2025-07-30 13:41:42.300102,PHY,0x4601,2,,na,"[0,",,,11111,,+31.1dB,13.7us,"[0,",1,571.17,normal,0,valid,-11.9dB,-12.0dB,0.17us,+62.8Hz,,"[6,",,1
2025-07-30 13:41:42.301036,PHY,0x4601,1,0,na,"[0,",0,0,1,2577.8,+19.9dB,15.8us,"[0,",1,571.18,normal,0,valid,-14.9dB,-15.0dB,na,na,,,,
2025-07-30 13:41:42.301503,PHY,0x4601,1,0,na,"[0,",0,0,1,2601.8,+19.9dB,13.4us,"[0,",1,571.19,normal,0,valid,-15.0dB,-15.0dB,na,na,,,,
2025-07-30 13:41:42.305598,CSI,0x4601,2,,na,"[0,",,,1,,+31.6dB,11.7us,"[0,",1,572.8,normal,0,valid,-11.9dB,-11.9dB,0.17us,-20.7Hz,,"[6,",1111,1
2025-07-30 13:41:42.306470,PHY,0x4601,1,0,na,"[0,",0,0,1,1848.5,+18.4dB,15.9us,"[0,",1,572.9,normal,0,valid,-15.0dB,-15.0dB,na,na,,,,
2025-07-30 13:41:42.310127,PHY,0x4601,2,,na,"[0,",,,11111,,+32.1dB,14.8us,"[0,",1,572.17,normal,0,valid,-12.1dB,-12.1dB,0.19us,-30.5Hz,,"[6,",,1
2025-07-30 13:41:42.310950,PHY,0x4601,1,0,na,"[0,",0,0,1,1891.4,+18.5dB,15.4us,"[0,",1,572.18,normal,0,valid,-15.0dB,-15.0dB,na,na,,,,
2025-07-30 13:41:42.311539,PHY,0x4601,1,0,na,"[0,",0,0,1,1877.6,+18.5dB,17.1us,"[0,",1,572.19,normal,0,valid,-15.0dB,-15.0dB,na,na,,,,
2025-07-30 13:41:42.322218,PHY,0x4601,1,0,na,"[0,",0,0,1,1915.8,+18.6dB,18.6us,"[0,",1,573.8,normal,0,valid,-15.0dB,-15.0dB,na,na,,,,
2025-07-30 13:41:42.322239,PHY,0x4601,1,0,na,"[0,",0,0,1,1929.2,+18.6dB,15.7us,"[0,",1,573.9,normal,0,valid,-14.7dB,-14.7dB,na,na,,,,
2025-07-30 13:41:42.322724,PHY,0x4601,2,,na,"[0,",,,22222,,-3.1dB,44.5us,"[0,",1,573.17,normal,0,invalid,-47.5dB,-52.2dB,-0.71us,-6547.6Hz,,"[6,",,1
2025-07-30 13:41:42.322815,PHY,0x4601,1,0,na,"[0,",0,0,1,10.9,-17.5dB,29.0us,"[0,",1,573.18,normal,0,valid,-11.7dB,-44.1dB,na,na,,,,
2025-07-30 13:41:42.322898,PHY,0x4601,1,0,na,"[0,",0,0,2,0.2,-19.7dB,20.4us,"[0,",1,573.19,normal,0,invalid,-1.2dB,-21.6dB,na,na,,,,
2025-07-30 13:41:42.325594,CSI,0x4601,2,,na,"[0,",,,2,,-6.6dB,13.5us,"[0,",1,574.8,normal,0,invalid,-46.0dB,-53.0dB,1.10us,+10985.3Hz,,"[6,",2222,1
2025-07-30 13:41:42.326540,PHY,0x4601,1,0,na,"[0,",0,0,2,0.4,-15.5dB,16.9us,"[0,",1,574.9,normal,0,invalid,-43.7dB,-59.3dB,na,na,,,,
2025-07-30 13:41:42.330081,PHY,0x4601,2,,na,"[0,",,,10000,,+29.7dB,16.4us,"[0,",1,574.17,normal,0,valid,-12.1dB,-12.1dB,0.15us,+34.3Hz,,"[6,",,1
2025-07-30 13:41:42.331012,PHY,0x4601,1,0,na,"[0,",0,0,1,2833.2,+20.3dB,18.6us,"[0,",1,574.18,normal,0,valid,-14.9dB,-14.9dB,na,na,,,,
2025-07-30 13:41:42.331483,PHY,0x4601,1,0,na,"[0,",0,0,1,2573.6,+19.9dB,14.4us,"[0,",1,574.19,normal,0,valid,-15.0dB,-15.0dB,na,na,,,,
2025-07-30 13:41:42.335976,PHY,0x4601,1,0,na,"[0,",0,0,1,1848.0,+18.4dB,16.8us,"[0,",1,575.8,normal,0,valid,-14.9dB,-15.0dB,na,na,,,,
2025-07-30 13:41:42.336450,PHY,0x4601,1,0,na,"[0,",0,0,1,1835.4,+18.4dB,14.5us,"[0,",1,575.9,normal,0,valid,-15.0dB,-15.0dB,na,na,,,,
2025-07-30 13:41:42.340146,PHY,0x4601,2,,na,"[0,",,,11111,,+30.6dB,16.3us,"[0,",1,575.17,normal,0,valid,-12.1dB,-12.2dB,0.16us,+26.0Hz,,"[6,",,1
2025-07-30 13:41:42.340936,PHY,0x4601,1,0,na,"[0,",0,0,1,1991.7,+18.7dB,16.5us,"[0,",1,575.18,normal,0,valid,-14.9dB,-15.0dB,na,na,,,,
2025-07-30 13:41:42.341515,PHY,0x4601,1,0,na,"[0,",0,0,1,1897.6,+18.5dB,14.6us,"[0,",1,575.19,normal,0,valid,-14.9dB,-15.0dB,na,na,,,,
2025-07-30 13:41:42.345637,CSI,0x4601,2,,na,"[0,",,,1,,+31.6dB,12.7us,"[0,",1,576.8,normal,0,valid,-12.0dB,-12.0dB,0.14us,+46.7Hz,,"[6,",1111,1
2025-07-30 13:41:42.346478,PHY,0x4601,1,0,na,"[0,",0,0,1,1718.9,+18.1dB,16.9us,"[0,",1,576.9,normal,0,valid,-15.0dB,-15.0dB,na,na,,,,
2025-07-30 13:41:42.350021,PHY,0x4601,2,,na,"[0,",,,11111,,+31.7dB,14.4us,"[0,",1,576.17,normal,0,valid,-12.1dB,-12.1dB,0.18us,+98.7Hz,,"[6,",,1
2025-07-30 13:41:42.350971,PHY,0x4601,1,0,na,"[0,",0,0,1,2788.8,+20.2dB,15.3us,"[0,",1,576.18,normal,0,valid,-15.0dB,-15.0dB,na,na,,,,
2025-07-30 13:41:42.351441,PHY,0x4601,1,0,na,"[0,",0,0,1,2591.8,+19.9dB,14.3us,"[0,",1,576.19,normal,0,valid,-14.9dB,-15.0dB,na,na,,,,
2025-07-30 13:41:42.356041,PHY,0x4601,1,0,na,"[0,",0,0,1,2043.2,+18.8dB,16.5us,"[0,",1,577.8,normal,0,valid,-15.0dB,-15.1dB,na,na,,,,
2025-07-30 13:41:42.356526,PHY,0x4601,1,0,na,"[0,",0,0,1,1942.6,+18.6dB,14.8us,"[0,",1,577.9,normal,0,valid,-15.0dB,-15.1dB,na,na,,,,
2025-07-30 13:41:42.360063,PHY,0x4601,2,,na,"[0,",,,11111,,+33.5dB,14.1us,"[0,",1,577.17,normal,0,valid,-12.0dB,-12.0dB,0.17us,-59.2Hz,,"[6,",,1
2025-07-30 13:41:42.361000,PHY,0x4601,1,0,na,"[0,",0,0,1,1986.1,+18.7dB,16.8us,"[0,",1,577.18,normal,0,valid,-14.9dB,-15.0dB,na,na,,,,
2025-07-30 13:41:42.361473,PHY,0x4601,1,0,na,"[0,",0,0,1,1845.1,+18.4dB,14.0us,"[0,",1,577.19,normal,0,valid,-15.0dB,-15.0dB,na,na,,,,
2025-07-30 13:41:42.365602,CSI,0x4601,2,,na,"[0,",,,1,,+30.4dB,13.0us,"[0,",1,578.8,normal,0,valid,-11.9dB,-11.9dB,0.19us,-97.0Hz,,"[6,",1111,1
2025-07-30 13:41:42.366435,PHY,0x4601,1,0,na,"[0,",0,0,1,1543.7,+17.6dB,15.7us,"[0,",1,578.9,normal,0,valid,-14.9dB,-15.0dB,na,na,,,,
2025-07-30 13:41:42.370085,PHY,0x4601,2,,na,"[0,",,,11111,,+33.1dB,13.8us,"[0,",1,578.17,normal,0,valid,-12.1dB,-12.1dB,0.25us,+18.9Hz,,"[6,",,1
2025-07-30 13:41:42.371034,PHY,0x4601,1,0,na,"[0,",0,0,1,1049.8,+16.0dB,15.9us,"[0,",1,578.18,normal,0,valid,-15.0dB,-15.1dB,na,na,,,,
2025-07-30 13:41:42.371516,PHY,0x4601,1,0,na,"[0,",0,0,1,1069.1,+16.1dB,18.1us,"[0,",1,578.19,normal,0,valid,-15.0dB,-15.0dB,na,na,,,,
2025-07-30 13:41:42.375998,PHY,0x4601,1,0,na,"[0,",0,0,1,1054.9,+16.0dB,16.1us,"[0,",1,579.8,normal,0,valid,-15.0dB,-15.1dB,na,na,,,,
2025-07-30 13:41:42.376494,PHY,0x4601,1,0,na,"[0,",0,0,1,1025.6,+15.9dB,29.5us,"[0,",1,579.9,normal,0,valid,-15.0dB,-15.1dB,na,na,,,,
2025-07-30 13:41:42.380010,PHY,0x4601,2,,na,"[0,",,,11111,,+32.0dB,15.6us,"[0,",1,579.17,normal,0,valid,-12.2dB,-12.2dB,0.24us,+82.3Hz,,"[6,",,1
2025-07-30 13:41:42.380959,PHY,0x4601,1,0,na,"[0,",0,0,1,1029.1,+15.9dB,16.0us,"[0,",1,579.18,normal,0,valid,-15.0dB,-15.1dB,na,na,,,,
2025-07-30 13:41:42.381554,PHY,0x4601,1,0,na,"[0,",0,0,1,936.9,+15.4dB,27.0us,"[0,",1,579.19,normal,0,valid,-14.9dB,-15.1dB,na,na,,,,
2025-07-30 13:41:42.385578,CSI,0x4601,2,,na,"[0,",,,1,,+32.5dB,14.6us,"[0,",1,580.8,normal,0,valid,-11.9dB,-11.9dB,0.19us,-85.6Hz,,"[6,",1111,1
2025-07-30 13:41:42.386501,PHY,0x4601,1,0,na,"[0,",0,0,1,1547.5,+17.6dB,16.2us,"[0,",1,580.9,normal,0,valid,-15.0dB,-15.0dB,na,na,,,,
2025-07-30 13:41:42.390041,PHY,0x4601,2,,na,"[0,",,,11111,,+30.2dB,13.4us,"[0,",1,580.17,normal,0,valid,-12.1dB,-12.1dB,0.15us,+20.3Hz,,"[6,",,1
2025-07-30 13:41:42.390984,PHY,0x4601,1,0,na,"[0,",0,0,1,2972.4,+20.5dB,15.9us,"[0,",1,580.18,normal,0,valid,-14.9dB,-15.0dB,na,na,,,,
2025-07-30 13:41:42.391462,PHY,0x4601,1,0,na,"[0,",0,0,1,2531.3,+19.8dB,13.3us,"[0,",1,580.19,normal,0,valid,-14.9dB,-15.0dB,na,na,,,,
2025-07-30 13:41:42.395955,PHY,0x4601,1,0,na,"[0,",0,0,1,1852.6,+18.4dB,17.0us,"[0,",1,581.8,normal,0,valid,-15.0dB,-15.0dB,na,na,,,,
2025-07-30 13:41:42.396542,PHY,0x4601,1,0,na,"[0,",0,0,1,1967.0,+18.7dB,15.1us,"[0,",1,581.9,normal,0,valid,-15.0dB,-15.1dB,na,na,,,,
2025-07-30 13:41:42.400095,PHY,0x4601,2,,na,"[0,",,,11111,,+31.2dB,14.4us,"[0,",1,581.17,normal,0,valid,-12.0dB,-12.0dB,0.15us,+121.1Hz,,"[6,",,1
2025-07-30 13:41:42.401019,PHY,0x4601,1,0,na,"[0,",0,0,1,2526.0,+19.8dB,16.6us,"[0,",1,581.18,normal,0,valid,-14.9dB,-15.0dB,na,na,,,,
2025-07-30 13:41:42.401501,PHY,0x4601,1,0,na,"[0,",0,0,1,2568.3,+19.8dB,13.1us,"[0,",1,581.19,normal,0,valid,-14.9dB,-15.0dB,na,na,,,,
2025-07-30 13:41:42.405589,CSI,0x4601,2,,na,"[0,",,,1,,+31.0dB,14.8us,"[0,",1,582.8,normal,0,valid,-12.0dB,-12.0dB,0.17us,+69.7Hz,,"[6,",1111,1
2025-07-30 13:41:42.406461,PHY,0x4601,1,0,na,"[0,",0,0,1,1845.5,+18.4dB,15.9us,"[0,",1,582.9,normal,0,valid,-15.0dB,-15.0dB,na,na,,,,
2025-07-30 13:41:42.410124,PHY,0x4601,2,,na,"[0,",,,11111,,+29.9dB,14.0us,"[0,",1,582.17,normal,0,valid,-11.9dB,-12.0dB,0.17us,+19.3Hz,,"[6,",,1
2025-07-30 13:41:42.410949,PHY,0x4601,1,0,na,"[0,",0,0,1,2819.1,+20.2dB,15.9us,"[0,",1,582.18,normal,0,valid,-15.0dB,-15.0dB,na,na,,,,
2025-07-30 13:41:42.411544,PHY,0x4601,1,0,na,"[0,",0,0,1,2849.9,+20.3dB,13.4us,"[0,",1,582.19,normal,0,valid,-14.9dB,-15.0dB,na,na,,,,
2025-07-30 13:41:42.416026,PHY,0x4601,1,0,na,"[0,",0,0,1,1837.0,+18.4dB,20.5us,"[0,",1,583.8,normal,0,valid,-15.0dB,-15.0dB,na,na,,,,
2025-07-30 13:41:42.416520,PHY,0x4601,1,0,na,"[0,",0,0,1,1824.8,+18.3dB,17.8us,"[0,",1,583.9,normal,0,valid,-15.0dB,-15.0dB,na,na,,,,
2025-07-30 13:41:42.420034,PHY,0x4601,2,,na,"[0,",,,11111,,+31.5dB,14.1us,"[0,",1,583.17,normal,0,valid,-12.1dB,-12.1dB,0.16us,+39.0Hz,,"[6,",,1
2025-07-30 13:41:42.420981,PHY,0x4601,1,0,na,"[0,",0,0,1,1865.3,+18.5dB,16.5us,"[0,",1,583.18,normal,0,valid,-15.0dB,-15.0dB,na,na,,,,
2025-07-30 13:41:42.421457,PHY,0x4601,1,0,na,"[0,",0,0,1,1895.0,+18.5dB,17.3us,"[0,",1,583.19,normal,0,valid,-15.0dB,-15.0dB,na,na,,,,
2025-07-30 13:41:42.425584,CSI,0x4601,2,,na,"[0,",,,1,,+30.3dB,17.1us,"[0,",1,584.8,normal,0,valid,-12.1dB,-12.1dB,0.17us,-153.9Hz,,"[6,",1111,1
2025-07-30 13:41:42.426524,PHY,0x4601,1,0,na,"[0,",0,0,1,1856.3,+18.4dB,15.9us,"[0,",1,584.9,normal,0,valid,-15.0dB,-15.0dB,na,na,,,,
2025-07-30 13:41:42.430077,PHY,0x4601,2,,na,"[0,",,,11111,,+33.5dB,12.6us,"[0,",1,584.17,normal,0,valid,-12.1dB,-12.2dB,0.17us,-129.2Hz,,"[6,",,1
2025-07-30 13:41:42.431014,PHY,0x4601,1,0,na,"[0,",0,0,1,2924.9,+20.4dB,15.9us,"[0,",1,584.18,normal,0,valid,-14.9dB,-15.0dB,na,na,,,,
2025-07-30 13:41:42.431500,PHY,0x4601,1,0,na,"[0,",0,0,1,2441.4,+19.6dB,20.6us,"[0,",1,584.19,normal,0,valid,-15.0dB,-15.0dB,na,na,,,,
2025-07-30 13:41:42.435985,PHY,0x4601,1,0,na,"[0,",0,0,1,1868.1,+18.5dB,23.8us,"[0,",1,585.8,normal,0,valid,-15.0dB,-15.0dB,na,na,,,,
2025-07-30 13:41:42.436459,PHY,0x4601,1,0,na,"[0,",0,0,1,1898.6,+18.5dB,14.7us,"[0,",1,585.9,normal,0,valid,-15.0dB,-15.1dB,na,na,,,,
2025-07-30 13:41:42.440128,PHY,0x4601,2,,na,"[0,",,,11111,,+32.3dB,14.0us,"[0,",1,585.17,normal,0,valid,-12.0dB,-12.0dB,0.16us,-4.7Hz,,"[6,",,1
2025-07-30 13:41:42.441038,PHY,0x4601,1,0,na,"[0,",0,0,1,1831.3,+18.4dB,15.3us,"[0,",1,585.18,normal,0,valid,-15.0dB,-15.0dB,na,na,,,,
2025-07-30 13:41:42.441520,PHY,0x4601,1,0,na,"[0,",0,0,1,1841.5,+18.4dB,17.7us,"[0,",1,585.19,normal,0,valid,-14.9dB,-15.0dB,na,na,,,,
2025-07-30 13:41:42.445616,CSI,0x4601,2,,na,"[0,",,,1,,+31.6dB,11.3us,"[0,",1,586.8,normal,0,valid,-11.9dB,-11.9dB,0.17us,-162.3Hz,,"[6,",1111,1
2025-07-30 13:41:42.446475,PHY,0x4601,1,0,na,"[0,",0,0,1,2566.6,+19.8dB,17.5us,"[0,",1,586.9,normal,0,valid,-14.9dB,-15.0dB,na,na,,,,
2025-07-30 13:41:42.450024,PHY,0x4601,2,,na,"[0,",,,11111,,+26.3dB,14.2us,"[0,",1,586.17,normal,0,valid,-12.2dB,-12.2dB,0.15us,-23.2Hz,,"[6,",,1
2025-07-30 13:41:42.450974,PHY,0x4601,1,0,na,"[0,",0,0,1,1777.9,+18.2dB,22.5us,"[0,",1,586.18,normal,0,valid,-14.9dB,-15.0dB,na,na,,,,
2025-07-30 13:41:42.451448,PHY,0x4601,1,0,na,"[0,",0,0,1,1878.6,+18.5dB,16.1us,"[0,",1,586.19,normal,0,valid,-15.0dB,-15.0dB,na,na,,,,
2025-07-30 13:41:42.456050,PHY,0x4601,1,0,na,"[0,",0,0,1,1835.1,+18.4dB,19.7us,"[0,",1,587.8,normal,0,valid,-15.0dB,-15.0dB,na,na,,,,
2025-07-30 13:41:42.456538,PHY,0x4601,1,0,na,"[0,",0,0,1,1982.7,+18.8dB,16.9us,"[0,",1,587.9,normal,0,valid,-15.0dB,-15.0dB,na,na,,,,
2025-07-30 13:41:42.460057,PHY,0x4601,2,,na,"[0,",,,11111,,+30.8dB,15.5us,"[0,",1,587.17,normal,0,valid,-12.0dB,-12.0dB,0.15us,+29.8Hz,,"[6,",,1
2025-07-30 13:41:42.460999,PHY,0x4601,1,0,na,"[0,",0,0,1,1931.3,+18.6dB,16.6us,"[0,",1,587.18,normal,0,valid,-15.0dB,-15.1dB,na,na,,,,
2025-07-30 13:41:42.461478,PHY,0x4601,1,0,na,"[0,",0,0,1,1759.6,+18.2dB,19.3us,"[0,",1,587.19,normal,0,valid,-14.9dB,-15.0dB,na,na,,,,
2025-07-30 13:41:42.465607,CSI,0x4601,2,,na,"[0,",,,1,,+29.7dB,13.5us,"[0,",1,588.8,normal,0,valid,-12.0dB,-12.0dB,0.18us,-77.6Hz,,"[6,",1111,1
2025-07-30 13:41:42.466540,PHY,0x4601,1,0,na,"[0,",0,0,1,2904.6,+20.4dB,16.0us,"[0,",1,588.9,normal,0,valid,-14.9dB,-15.0dB,na,na,,,,
2025-07-30 13:41:42.470096,PHY,0x4601,2,,na,"[0,",,,11111,,+31.5dB,16.7us,"[0,",1,588.17,normal,0,valid,-11.9dB,-12.0dB,0.17us,-39.6Hz,,"[6,",,1
2025-07-30 13:41:42.471029,PHY,0x4601,1,0,na,"[0,",0,0,1,1911.9,+18.5dB,15.5us,"[0,",1,588.18,normal,0,valid,-14.9dB,-15.0dB,na,na,,,,
2025-07-30 13:41:42.471518,PHY,0x4601,1,0,na,"[0,",0,0,1,1742.0,+18.2dB,15.9us,"[0,",1,588.19,normal,0,valid,-14.9dB,-15.0dB,na,na,,,,
2025-07-30 13:41:42.476002,PHY,0x4601,1,0,na,"[0,",0,0,1,1831.6,+18.4dB,16.2us,"[0,",1,589.8,normal,0,valid,-15.0dB,-15.0dB,na,na,,,,
2025-07-30 13:41:42.476483,PHY,0x4601,1,0,na,"[0,",0,0,1,1842.9,+18.4dB,15.2us,"[0,",1,589.9,normal,0,valid,-15.0dB,-15.1dB,na,na,,,,
2025-07-30 13:41:42.480134,PHY,0x4601,2,,na,"[0,",,,11111,,+30.5dB,14.3us,"[0,",1,589.17,normal,0,valid,-12.2dB,-12.2dB,0.14us,+39.3Hz,,"[6,",,1
2025-07-30 13:41:42.480961,PHY,0x4601,1,0,na,"[0,",0,0,1,2574.2,+19.9dB,16.9us,"[0,",1,589.18,normal,0,valid,-14.9dB,-14.9dB,na,na,,,,
2025-07-30 13:41:42.481543,PHY,0x4601,1,0,na,"[0,",0,0,1,2902.5,+20.3dB,14.9us,"[0,",1,589.19,normal,0,valid,-14.9dB,-15.0dB,na,na,,,,
2025-07-30 13:41:42.485572,CSI,0x4601,2,,na,"[0,",,,1,,+27.7dB,12.5us,"[0,",1,590.8,normal,0,valid,-12.0dB,-12.0dB,0.18us,-10.2Hz,,"[6,",1111,1
2025-07-30 13:41:42.486499,PHY,0x4601,1,0,na,"[0,",0,0,1,1838.2,+18.4dB,16.5us,"[0,",1,590.9,normal,0,valid,-15.0dB,-15.0dB,na,na,,,,
2025-07-30 13:41:42.490051,PHY,0x4601,2,,na,"[0,",,,11111,,+34.1dB,15.3us,"[0,",1,590.17,normal,0,valid,-12.0dB,-12.0dB,0.15us,-10.7Hz,,"[6,",,1
2025-07-30 13:41:42.490984,PHY,0x4601,1,0,na,"[0,",0,0,1,2834.1,+20.3dB,16.0us,"[0,",1,590.18,normal,0,valid,-15.0dB,-15.0dB,na,na,,,,
2025-07-30 13:41:42.491460,PHY,0x4601,1,0,na,"[0,",0,0,1,2648.9,+20.0dB,14.4us,"[0,",1,590.19,normal,0,valid,-15.0dB,-15.0dB,na,na,,,,
2025-07-30 13:41:42.495968,PHY,0x4601,1,0,na,"[0,",0,0,1,1807.1,+18.3dB,16.4us,"[0,",1,591.8,normal,0,valid,-15.0dB,-15.0dB,na,na,,,,
2025-07-30 13:41:42.496542,PHY,0x4601,1,0,na,"[0,",0,0,1,1894.9,+18.5dB,15.9us,"[0,",1,591.9,normal,0,valid,-15.0dB,-15.1dB,na,na,,,,
2025-07-30 13:41:42.500086,PHY,0x4601,2,,na,"[0,",,,11111,,+31.8dB,16.4us,"[0,",1,591.17,normal,0,valid,-12.1dB,-12.1dB,0.15us,-12.4Hz,,"[6,",,1
2025-07-30 13:41:42.501012,PHY,0x4601,1,0,na,"[0,",0,0,1,2718.7,+20.1dB,18.3us,"[0,",1,591.18,normal,0,valid,-15.0dB,-15.0dB,na,na,,,,
2025-07-30 13:41:42.501482,PHY,0x4601,1,0,na,"[0,",0,0,1,2522.4,+19.8dB,14.1us,"[0,",1,591.19,normal,0,valid,-14.9dB,-15.0dB,na,na,,,,
2025-07-30 13:41:42.505615,CSI,0x4601,2,,na,"[0,",,,1,,+32.5dB,12.9us,"[0,",1,592.8,normal,0,valid,-11.8dB,-11.9dB,0.15us,-112.2Hz,,"[6,",1111,1
2025-07-30 13:41:42.506469,PHY,0x4601,1,0,na,"[0,",0,0,1,4011.9,+21.7dB,19.5us,"[0,",1,592.9,normal,0,valid,-15.0dB,-15.0dB,na,na,,,,
2025-07-30 13:41:42.510110,PHY,0x4601,2,,na,"[0,",,,11111,,+29.5dB,19.7us,"[0,",1,592.17,normal,0,valid,-12.0dB,-12.0dB,0.11us,+74.4Hz,,"[6,",,1
2025-07-30 13:41:42.510938,PHY,0x4601,1,0,na,"[0,",0,0,1,2872.6,+20.4dB,15.8us,"[0,",1,592.18,normal,0,valid,-15.0dB,-15.0dB,na,na,,,,
2025-07-30 13:41:42.511521,PHY,0x4601,1,0,na,"[0,",0,0,1,2490.7,+19.7dB,14.1us,"[0,",1,592.19,normal,0,valid,-15.0dB,-15.0dB,na,na,,,,
2025-07-30 13:41:42.516017,PHY,0x4601,1,0,na,"[0,",0,0,1,4029.0,+21.8dB,16.7us,"[0,",1,593.8,normal,0,valid,-15.0dB,-15.0dB,na,na,,,,
2025-07-30 13:41:42.516494,PHY,0x4601,1,0,na,"[0,",0,0,1,4018.0,+21.7dB,27.4us,"[0,",1,593.9,normal,0,valid,-15.0dB,-15.1dB,na,na,,,,
2025-07-30 13:41:42.520021,PHY,0x4601,2,,na,"[0,",,,11111,,+32.8dB,14.9us,"[0,",1,593.17,normal,0,valid,-12.1dB,-12.1dB,0.10us,+1.5Hz,,"[6,",,1
2025-07-30 13:41:42.520974,PHY,0x4601,1,0,na,"[0,",0,0,1,4245.5,+22.0dB,15.9us,"[0,",1,593.18,normal,0,valid,-14.9dB,-15.0dB,na,na,,,,
2025-07-30 13:41:42.521441,PHY,0x4601,1,0,na,"[0,",0,0,1,4318.5,+22.1dB,14.3us,"[0,",1,593.19,normal,0,valid,-14.9dB,-15.0dB,na,na,,,,
2025-07-30 13:41:42.525570,CSI,0x4601,2,,na,"[0,",,,1,,+29.4dB,12.5us,"[0,",1,594.8,normal,0,valid,-12.0dB,-12.0dB,0.09us,-8.2Hz,,"[6,",1111,1
2025-07-30 13:41:42.526509,PHY,0x4601,1,0,na,"[0,",0,0,1,2600.6,+19.9dB,16.2us,"[0,",1,594.9,normal,0,valid,-15.0dB,-15.0dB,na,na,,,,
2025-07-30 13:41:42.530069,PHY,0x4601,2,,na,"[0,",,,11111,,+30.1dB,13.5us,"[0,",1,594.17,normal,0,valid,-12.0dB,-12.1dB,0.10us,-28.0Hz,,"[6,",,1
2025-07-30 13:41:42.531000,PHY,0x4601,1,0,na,"[0,",0,0,1,3626.2,+21.3dB,15.6us,"[0,",1,594.18,normal,0,valid,-14.9dB,-15.0dB,na,na,,,,
2025-07-30 13:41:42.531474,PHY,0x4601,1,0,na,"[0,",0,0,1,4588.6,+22.4dB,13.4us,"[0,",1,594.19,normal,0,valid,-15.0dB,-15.0dB,na,na,,,,
2025-07-30 13:41:42.535970,PHY,0x4601,1,0,na,"[0,",0,0,1,4414.3,+22.2dB,16.6us,"[0,",1,595.8,normal,0,valid,-15.0dB,-15.0dB,na,na,,,,
2025-07-30 13:41:42.536457,PHY,0x4601,1,0,na,"[0,",0,0,1,4819.4,+22.5dB,20.1us,"[0,",1,595.9,normal,0,valid,-15.0dB,-15.0dB,na,na,,,,
2025-07-30 13:41:42.540107,PHY,0x4601,2,,na,"[0,",,,11111,,+32.0dB,14.3us,"[0,",1,595.17,normal,0,valid,-12.1dB,-12.1dB,0.10us,+31.7Hz,,"[6,",,1
2025-07-30 13:41:42.541028,PHY,0x4601,1,0,na,"[0,",0,0,1,2748.3,+20.1dB,15.2us,"[0,",1,595.18,normal,0,valid,-15.0dB,-15.0dB,na,na,,,,
2025-07-30 13:41:42.541506,PHY,0x4601,1,0,na,"[0,",0,0,1,2602.7,+19.9dB,14.2us,"[0,",1,595.19,normal,0,valid,-15.0dB,-15.0dB,na,na,,,,
2025-07-30 13:41:42.545602,CSI,0x4601,2,,na,"[0,",,,1,,+32.6dB,12.3us,"[0,",1,596.8,normal,0,valid,-12.1dB,-12.1dB,0.12us,+110.9Hz,,"[6,",1111,1
2025-07-30 13:41:42.546472,PHY,0x4601,1,0,na,"[0,",0,0,1,3776.9,+21.5dB,16.6us,"[0,",1,596.9,normal,0,valid,-15.0dB,-15.0dB,na,na,,,,
2025-07-30 13:41:42.550009,PHY,0x4601,2,,na,"[0,",,,11111,,+33.0dB,15.0us,"[0,",1,596.17,normal,0,valid,-12.0dB,-12.0dB,0.10us,-62.6Hz,,"[6,",,1
2025-07-30 13:41:42.550953,PHY,0x4601,1,0,na,"[0,",0,0,1,3887.2,+21.6dB,16.0us,"[0,",1,596.18,normal,0,valid,-15.0dB,-15.0dB,na,na,,,,
2025-07-30 13:41:42.551541,PHY,0x4601,1,0,na,"[0,",0,0,1,3911.1,+21.7dB,13.9us,"[0,",1,596.19,normal,0,valid,-14.9dB,-15.0dB,na,na,,,,
2025-07-30 13:41:42.556032,PHY,0x4601,1,0,na,"[0,",0,0,1,4021.1,+21.8dB,23.2us,"[0,",1,597.8,normal,0,valid,-15.0dB,-14.9dB,na,na,,,,
2025-07-30 13:41:42.556506,PHY,0x4601,1,0,na,"[0,",0,0,1,4316.0,+22.1dB,14.2us,"[0,",1,597.9,normal,0,valid,-15.0dB,-15.0dB,na,na,,,,
2025-07-30 13:41:42.560043,PHY,0x4601,2,,na,"[0,",,,11111,,+33.3dB,14.6us,"[0,",1,597.17,normal,0,valid,-12.0dB,-12.1dB,0.36us,-45.8Hz,,"[6,",,1
2025-07-30 13:41:42.560984,PHY,0x4601,1,0,na,"[0,",0,0,1,438.2,+12.2dB,16.0us,"[0,",1,597.18,normal,0,valid,-14.9dB,-15.2dB,na,na,,,,
2025-07-30 13:41:42.561460,PHY,0x4601,1,0,na,"[0,",0,0,1,429.3,+12.1dB,14.2us,"[0,",1,597.19,normal,0,valid,-15.0dB,-15.2dB,na,na,,,,
2025-07-30 13:41:42.565626,CSI,0x4601,2,,na,"[0,",,,1,,+31.3dB,14.2us,"[0,",1,598.8,normal,0,valid,-12.0dB,-12.1dB,0.36us,-63.7Hz,,"[6,",1111,1
2025-07-30 13:41:42.566535,PHY,0x4601,1,0,na,"[0,",0,0,1,381.7,+11.6dB,16.3us,"[0,",1,598.9,normal,0,valid,-14.9dB,-15.2dB,na,na,,,,
2025-07-30 13:41:42.570115,PHY,0x4601,2,,na,"[0,",,,11111,,+30.6dB,16.3us,"[0,",1,598.17,normal,0,valid,-12.1dB,-12.2dB,0.37us,+24.3Hz,,"[6,",,1
2025-07-30 13:41:42.571015,PHY,0x4601,1,0,na,"[0,",0,0,1,356.3,+11.2dB,16.0us,"[0,",1,598.18,normal,0,valid,-15.0dB,-15.3dB,na,na,,,,
2025-07-30 13:41:42.571490,PHY,0x4601,1,0,na,"[0,",0,0,1,360.2,+11.3dB,14.7us,"[0,",1,598.19,normal,0,valid,-14.9dB,-15.3dB,na,na,,,,
2025-07-30 13:41:42.575987,PHY,0x4601,1,0,na,"[0,",0,0,1,435.7,+12.1dB,16.9us,"[0,",1,599.8,normal,0,valid,-15.0dB,-15.2dB,na,na,,,,
2025-07-30 13:41:42.576456,PHY,0x4601,1,0,na,"[0,",0,0,1,432.4,+12.1dB,13.9us,"[0,",1,599.9,normal,0,valid,-15.0dB,-15.3dB,na,na,,,,
2025-07-30 13:41:42.580117,PHY,0x4601,2,,na,"[0,",,,11111,,+31.1dB,14.9us,"[0,",1,599.17,normal,0,valid,-12.1dB,-12.2dB,0.35us,+44.2Hz,,"[6,",,1
2025-07-30 13:41:42.580949,PHY,0x4601,1,0,na,"[0,",0,0,1,433.7,+12.1dB,17.6us,"[0,",1,599.18,normal,0,valid,-15.0dB,-15.2dB,na,na,,,,
2025-07-30 13:41:42.581535,PHY,0x4601,1,0,na,"[0,",0,0,1,427.4,+12.1dB,14.3us,"[0,",1,599.19,normal,0,valid,-15.0dB,-15.2dB,na,na,,,,
2025-07-30 13:41:42.585614,CSI,0x4601,2,,na,"[0,",,,1,,+31.7dB,11.0us,"[0,",1,600.8,normal,0,valid,-12.0dB,-12.1dB,0.36us,-79.8Hz,,"[6,",1111,1
2025-07-30 13:41:42.586494,PHY,0x4601,1,0,na,"[0,",0,0,1,426.8,+12.0dB,18.2us,"[0,",1,600.9,normal,0,valid,-15.0dB,-15.2dB,na,na,,,,
2025-07-30 13:41:42.590039,PHY,0x4601,2,,na,"[0,",,,11111,,+27.8dB,16.0us,"[0,",1,600.17,normal,0,valid,-12.1dB,-12.2dB,0.37us,+67.7Hz,,"[6,",,1
2025-07-30 13:41:42.590984,PHY,0x4601,1,0,na,"[0,",0,0,1,422.5,+12.0dB,16.1us,"[0,",1,600.18,normal,0,valid,-15.0dB,-15.2dB,na,na,,,,
2025-07-30 13:41:42.591453,PHY,0x4601,1,0,na,"[0,",0,0,1,428.7,+12.1dB,14.4us,"[0,",1,600.19,normal,0,valid,-15.0dB,-15.2dB,na,na,,,,
2025-07-30 13:41:42.595945,PHY,0x4601,1,0,na,"[0,",0,0,1,431.8,+12.1dB,17.2us,"[0,",1,601.8,normal,0,valid,-15.0dB,-15.3dB,na,na,,,,
2025-07-30 13:41:42.596529,PHY,0x4601,1,0,na,"[0,",0,0,1,431.3,+12.1dB,13.9us,"[0,",1,601.9,normal,0,valid,-15.0dB,-15.2dB,na,na,,,,
2025-07-30 13:41:42.600076,PHY,0x4601,2,,na,"[0,",,,11111,,+28.6dB,15.4us,"[0,",1,601.17,normal,0,valid,-12.0dB,-12.1dB,0.36us,+59.4Hz,,"[6,",,1
2025-07-30 13:41:42.601015,PHY,0x4601,1,0,na,"[0,",0,0,1,430.4,+12.1dB,18.5us,"[0,",1,601.18,normal,0,valid,-15.0dB,-15.2dB,na,na,,,,
2025-07-30 13:41:42.601483,PHY,0x4601,1,0,na,"[0,",0,0,1,425.8,+12.1dB,14.6us,"[0,",1,601.19,normal,0,valid,-14.9dB,-15.1dB,na,na,,,,
2025-07-30 13:41:42.605626,CSI,0x4601,2,,na,"[0,",,,1,,+31.4dB,11.7us,"[0,",1,602.8,normal,0,valid,-11.9dB,-12.0dB,0.36us,-33.2Hz,,"[6,",1111,1
2025-07-30 13:41:42.606452,PHY,0x4601,1,0,na,"[0,",0,0,1,435.6,+12.2dB,16.2us,"[0,",1,602.9,normal,0,valid,-15.0dB,-15.2dB,na,na,,,,
2025-07-30 13:41:42.610139,PHY,0x4601,2,,na,"[0,",,,11111,,+30.1dB,21.3us,"[0,",1,602.17,normal,0,valid,-12.0dB,-12.1dB,0.35us,-27.7Hz,,"[6,",,1
2025-07-30 13:41:42.611044,PHY,0x4601,1,0,na,"[0,",0,0,1,366.3,+11.4dB,15.7us,"[0,",1,602.18,normal,0,valid,-14.9dB,-15.2dB,na,na,,,,
2025-07-30 13:41:42.611520,PHY,0x4601,1,0,na,"[0,",0,0,1,363.0,+11.3dB,13.9us,"[0,",1,602.19,normal,0,valid,-14.9dB,-15.3dB,na,na,,,,
2025-07-30 13:41:42.616008,PHY,0x4601,1,0,na,"[0,",0,0,1,424.1,+12.0dB,16.0us,"[0,",1,603.8,normal,0,valid,-15.0dB,-15.2dB,na,na,,,,
2025-07-30 13:41:42.616488,PHY,0x4601,1,0,na,"[0,",0,0,1,439.6,+12.2dB,24.9us,"[0,",1,603.9,normal,0,valid,-15.0dB,-15.3dB,na,na,,,,
2025-07-30 13:41:42.620019,PHY,0x4601,2,,na,"[0,",,,11111,,+29.1dB,13.8us,"[0,",1,603.17,normal,0,valid,-12.1dB,-12.2dB,0.36us,+183.1Hz,,"[6,",,1
2025-07-30 13:41:42.620972,PHY,0x4601,1,0,na,"[0,",0,0,1,443.8,+12.2dB,15.4us,"[0,",1,603.18,normal,0,valid,-15.0dB,-15.2dB,na,na,,,,
2025-07-30 13:41:42.621453,PHY,0x4601,1,0,na,"[0,",0,0,1,439.3,+12.2dB,13.5us,"[0,",1,603.19,normal,0,valid,-14.9dB,-15.2dB,na,na,,,,
2025-07-30 13:41:42.625587,CSI,0x4601,2,,na,"[0,",,,1,,+31.2dB,17.3us,"[0,",1,604.8,normal,0,valid,-12.0dB,-12.1dB,0.37us,-108.7Hz,,"[6,",1111,1
2025-07-30 13:41:42.626513,PHY,0x4601,1,0,na,"[0,",0,0,1,429.7,+12.0dB,15.9us,"[0,",1,604.9,normal,0,valid,-15.0dB,-15.3dB,na,na,,,,
2025-07-30 13:41:42.630049,PHY,0x4601,2,,na,"[0,",,,11111,,+27.4dB,13.6us,"[0,",1,604.17,normal,0,valid,-12.0dB,-12.2dB,0.36us,-141.8Hz,,"[6,",,1
2025-07-30 13:41:42.630999,PHY,0x4601,1,0,na,"[0,",0,0,1,356.2,+11.3dB,15.3us,"[0,",1,604.18,normal,0,valid,-14.9dB,-15.2dB,na,na,,,,
2025-07-30 13:41:42.631474,PHY,0x4601,1,0,na,"[0,",0,0,1,366.9,+11.4dB,13.4us,"[0,",1,604.19,normal,0,valid,-14.9dB,-15.2dB,na,na,,,,
2025-07-30 13:41:42.635970,PHY,0x4601,1,0,na,"[0,",0,0,1,428.4,+12.1dB,15.7us,"[0,",1,605.8,normal,0,valid,-15.0dB,-15.3dB,na,na,,,,
2025-07-30 13:41:42.636542,PHY,0x4601,1,0,na,"[0,",0,0,1,433.0,+12.1dB,13.2us,"[0,",1,605.9,normal,0,valid,-15.0dB,-15.2dB,na,na,,,,
2025-07-30 13:41:42.640089,PHY,0x4601,2,,na,"[0,",,,11111,,+29.7dB,14.5us,"[0,",1,605.17,normal,0,valid,-12.0dB,-12.1dB,0.37us,-24.6Hz,,"[6,",,1
2025-07-30 13:41:42.641034,PHY,0x4601,1,0,na,"[0,",0,0,1,430.1,+12.1dB,21.2us,"[0,",1,605.18,normal,0,valid,-15.0dB,-15.2dB,na,na,,,,
2025-07-30 13:41:42.641505,PHY,0x4601,1,0,na,"[0,",0,0,1,435.0,+12.1dB,14.2us,"[0,",1,605.19,normal,0,valid,-15.0dB,-15.2dB,na,na,,,,
2025-07-30 13:41:42.645602,CSI,0x4601,2,,na,"[0,",,,1,,+30.1dB,15.0us,"[0,",1,606.8,normal,0,valid,-12.0dB,-12.1dB,0.35us,-72.3Hz,,"[6,",1111,1
2025-07-30 13:41:42.646472,PHY,0x4601,1,0,na,"[0,",0,0,1,364.8,+11.3dB,15.7us,"[0,",1,606.9,normal,0,valid,-15.0dB,-15.3dB,na,na,,,,
2025-07-30 13:41:42.650123,PHY,0x4601,2,,na,"[0,",,,11111,,+28.8dB,14.0us,"[0,",1,606.17,normal,0,valid,-12.1dB,-12.2dB,0.35us,-98.7Hz,,"[6,",,1
2025-07-30 13:41:42.650954,PHY,0x4601,1,0,na,"[0,",0,0,1,371.5,+11.4dB,15.2us,"[0,",1,606.18,normal,0,valid,-14.9dB,-15.3dB,na,na,,,,
2025-07-30 13:41:42.651541,PHY,0x4601,1,0,na,"[0,",0,0,1,365.4,+11.4dB,14.9us,"[0,",1,606.19,normal,0,valid,-15.0dB,-15.3dB,na,na,,,,
2025-07-30 13:41:42.656028,PHY,0x4601,1,0,na,"[0,",0,0,1,442.1,+12.2dB,15.8us,"[0,",1,607.8,normal,0,valid,-15.0dB,-15.2dB,na,na,,,,
2025-07-30 13:41:42.656504,PHY,0x4601,1,0,na,"[0,",0,0,1,460.3,+12.4dB,14.4us,"[0,",1,607.9,normal,0,valid,-15.0dB,-15.3dB,na,na,,,,
2025-07-30 13:41:42.660043,PHY,0x4601,2,,na,"[0,",,,11111,,+29.0dB,14.4us,"[0,",1,607.17,normal,0,valid,-12.1dB,-12.2dB,0.36us,+98.6Hz,,"[6,",,1
2025-07-30 13:41:42.660991,PHY,0x4601,1,0,na,"[0,",0,0,1,437.4,+12.1dB,15.9us,"[0,",1,607.18,normal,0,valid,-14.9dB,-15.2dB,na,na,,,,
2025-07-30 13:41:42.661465,PHY,0x4601,1,0,na,"[0,",0,0,1,425.7,+12.0dB,14.4us,"[0,",1,607.19,normal,0,valid,-15.0dB,-15.2dB,na,na,,,,
2025-07-30 13:41:42.665589,CSI,0x4601,2,,na,"[0,",,,1,,+27.5dB,12.1us,"[0,",1,608.8,normal,0,valid,-11.9dB,-12.0dB,0.39us,+54.3Hz,,"[6,",1111,1
2025-07-30 13:41:42.666538,PHY,0x4601,1,0,na,"[0,",0,0,1,368.6,+11.4dB,17.1us,"[0,",1,608.9,normal,0,valid,-15.0dB,-15.3dB,na,na,,,,
2025-07-30 13:41:42.670101,PHY,0x4601,2,,na,"[0,",,,11111,,+31.8dB,14.7us,"[0,",1,608.17,normal,0,valid,-12.0dB,-12.1dB,0.35us,-10.1Hz,,"[6,",,1
2025-07-30 13:41:42.671017,PHY,0x4601,1,0,na,"[0,",0,0,1,432.9,+12.1dB,15.7us,"[0,",1,608.18,normal,0,valid,-15.0dB,-15.2dB,na,na,,,,
2025-07-30 13:41:42.671497,PHY,0x4601,1,0,na,"[0,",0,0,1,429.0,+12.1dB,15.4us,"[0,",1,608.19,normal,0,valid,-14.9dB,-15.2dB,na,na,,,,
2025-07-30 13:41:42.675987,PHY,0x4601,1,0,na,"[0,",0,0,1,432.3,+12.1dB,16.6us,"[0,",1,609.8,normal,0,valid,-15.0dB,-15.3dB,na,na,,,,
2025-07-30 13:41:42.676457,PHY,0x4601,1,0,na,"[0,",0,0,1,436.1,+12.1dB,14.2us,"[0,",1,609.9,normal,0,valid,-15.0dB,-15.3dB,na,na,,,,
2025-07-30 13:41:42.680129,PHY,0x4601,2,,na,"[0,",,,11111,,+31.1dB,23.2us,"[0,",1,609.17,normal,0,valid,-12.2dB,-12.3dB,0.34us,-43.4Hz,,"[6,",,1
2025-07-30 13:41:42.680944,PHY,0x4601,1,0,na,"[0,",0,0,1,442.9,+12.2dB,16.4us,"[0,",1,609.18,normal,0,valid,-15.0dB,-15.2dB,na,na,,,,
2025-07-30 13:41:42.681519,PHY,0x4601,1,0,na,"[0,",0,0,1,428.9,+12.1dB,13.8us,"[0,",1,609.19,normal,0,valid,-15.0dB,-15.2dB,na,na,,,,
2025-07-30 13:41:42.685625,CSI,0x4601,2,,na,"[0,",,,1,,+30.5dB,17.8us,"[0,",1,610.8,normal,0,valid,-12.0dB,-12.1dB,0.38us,+0.5Hz,,"[6,",1111,1
2025-07-30 13:41:42.686486,PHY,0x4601,1,0,na,"[0,",0,0,1,363.1,+11.3dB,17.7us,"[0,",1,610.9,normal,0,valid,-15.0dB,-15.3dB,na,na,,,,
2025-07-30 13:41:42.690027,PHY,0x4601,2,,na,"[0,",,,11111,,+32.2dB,13.7us,"[0,",1,610.17,normal,0,valid,-12.0dB,-12.1dB,0.36us,-81.9Hz,,"[6,",,1
2025-07-30 13:41:42.690975,PHY,0x4601,1,0,na,"[0,",0,0,1,436.7,+12.1dB,18.0us,"[0,",1,610.18,normal,0,valid,-15.0dB,-15.3dB,na,na,,,,
2025-07-30 13:41:42.691450,PHY,0x4601,1,0,na,"[0,",0,0,1,440.2,+12.1dB,14.0us,"[0,",1,610.19,normal,0,valid,-14.9dB,-15.2dB,na,na,,,,
2025-07-30 13:41:42.696052,PHY,0x4601,1,0,na,"[0,",0,0,1,438.6,+12.2dB,15.9us,"[0,",1,611.8,normal,0,valid,-15.0dB,-15.2dB,na,na,,,,
2025-07-30 13:41:42.696530,PHY,0x4601,1,0,na,"[0,",0,0,1,450.7,+12.3dB,14.6us,"[0,",1,611.9,normal,0,valid,-15.0dB,-15.3dB,na,na,,,,
2025-07-30 13:41:42.700090,PHY,0x4601,2,,na,"[0,",,,11111,,+30.8dB,14.0us,"[0,",1,611.17,normal,0,valid,-12.0dB,-12.1dB,0.34us,+64.9Hz,,"[6,",,1
2025-07-30 13:41:42.701005,PHY,0x4601,1,0,na,"[0,",0,0,1,426.9,+12.1dB,15.6us,"[0,",1,611.18,normal,0,valid,-15.0dB,-15.2dB,na,na,,,,
2025-07-30 13:41:42.701488,PHY,0x4601,1,0,na,"[0,",0,0,1,437.4,+12.2dB,18.7us,"[0,",1,611.19,normal,0,valid,-14.9dB,-15.2dB,na,na,,,,
2025-07-30 13:41:42.705600,CSI,0x4601,2,,na,"[0,",,,1,,+32.4dB,12.2us,"[0,",1,612.8,normal,0,valid,-12.0dB,-12.1dB,0.36us,-119.4Hz,,"[6,",1111,1
2025-07-30 13:41:42.706447,PHY,0x4601,1,0,na,"[0,",0,0,1,386.1,+11.6dB,16.1us,"[0,",1,612.9,normal,0,valid,-15.0dB,-15.3dB,na,na,,,,
2025-07-30 13:41:42.710122,PHY,0x4601,2,,na,"[0,",,,11111,,+27.9dB,13.9us,"[0,",1,612.17,normal,0,valid,-12.2dB,-12.3dB,0.37us,+44.8Hz,,"[6,",,1
2025-07-30 13:41:42.711043,PHY,0x4601,1,0,na,"[0,",0,0,1,442.7,+12.2dB,16.0us,"[0,",1,612.18,normal,0,valid,-14.9dB,-15.2dB,na,na,,,,
2025-07-30 13:41:42.711513,PHY,0x4601,1,0,na,"[0,",0,0,1,416.7,+11.9dB,16.3us,"[0,",1,612.19,normal,0,valid,-14.9dB,-15.2dB,na,na,,,,
2025-07-30 13:41:42.715998,PHY,0x4601,1,0,na,"[0,",0,0,1,439.4,+12.2dB,17.1us,"[0,",1,613.8,normal,0,valid,-15.0dB,-15.2dB,na,na,,,,
2025-07-30 13:41:42.716470,PHY,0x4601,1,0,na,"[0,",0,0,1,426.8,+12.1dB,15.5us,"[0,",1,613.9,normal,0,valid,-15.0dB,-15.2dB,na,na,,,,
2025-07-30 13:41:42.720015,PHY,0x4601,2,,na,"[0,",,,11111,,+30.8dB,13.5us,"[0,",1,613.17,normal,0,valid,-12.1dB,-12.2dB,0.37us,+60.7Hz,,"[6,",,1
2025-07-30 13:41:42.720965,PHY,0x4601,1,0,na,"[0,",0,0,1,439.9,+12.2dB,20.9us,"[0,",1,613.18,normal,0,valid,-15.0dB,-15.2dB,na,na,,,,
2025-07-30 13:41:42.721543,PHY,0x4601,1,0,na,"[0,",0,0,1,435.1,+12.1dB,14.9us,"[0,",1,613.19,normal,0,valid,-14.9dB,-15.2dB,na,na,,,,
2025-07-30 13:41:42.725561,CSI,0x4601,2,,na,"[0,",,,1,,+30.4dB,14.0us,"[0,",1,614.8,normal,0,valid,-12.0dB,-12.1dB,0.39us,-13.5Hz,,"[6,",1111,1
2025-07-30 13:41:42.726517,PHY,0x4601,1,0,na,"[0,",0,0,1,361.7,+11.3dB,17.7us,"[0,",1,614.9,normal,0,valid,-15.0dB,-15.3dB,na,na,,,,
2025-07-30 13:41:42.730047,PHY,0x4601,2,,na,"[0,",,,11111,,+28.5dB,14.2us,"[0,",1,614.17,normal,0,valid,-12.0dB,-12.2dB,0.36us,+49.9Hz,,"[6,",,1
2025-07-30 13:41:42.731001,PHY,0x4601,1,0,na,"[0,",0,0,1,369.1,+11.4dB,17.2us,"[0,",1,614.18,normal,0,valid,-14.9dB,-15.2dB,na,na,,,,
2025-07-30 13:41:42.731474,PHY,0x4601,1,0,na,"[0,",0,0,1,364.9,+11.4dB,17.5us,"[0,",1,614.19,normal,0,valid,-15.0dB,-15.3dB,na,na,,,,
2025-07-30 13:41:42.735962,PHY,0x4601,1,0,na,"[0,",0,0,1,414.3,+11.9dB,16.8us,"[0,",1,615.8,normal,0,valid,-15.0dB,-15.3dB,na,na,,,,
2025-07-30 13:41:42.736552,PHY,0x4601,1,0,na,"[0,",0,0,1,437.4,+12.2dB,19.1us,"[0,",1,615.9,normal,0,valid,-15.0dB,-15.2dB,na,na,,,,
2025-07-30 13:41:42.740107,PHY,0x4601,2,,na,"[0,",,,11111,,+29.3dB,16.7us,"[0,",1,615.17,normal,0,valid,-12.1dB,-12.2dB,0.35us,+16.2Hz,,"[6,",,1
2025-07-30 13:41:42.741030,PHY,0x4601,1,0,na,"[0,",0,0,1,446.0,+12.2dB,17.6us,"[0,",1,615.18,normal,0,valid,-15.0dB,-15.2dB,na,na,,,,
2025-07-30 13:41:42.741503,PHY,0x4601,1,0,na,"[0,",0,0,1,419.2,+12.0dB,14.4us,"[0,",1,615.19,normal,0,valid,-14.9dB,-15.2dB,na,na,,,,
2025-07-30 13:41:42.745599,CSI,0x4601,2,,na,"[0,",,,1,,+29.4dB,13.0us,"[0,",1,616.8,normal,0,valid,-11.9dB,-12.0dB,0.36us,+113.8Hz,,"[6,",1111,1
2025-07-30 13:41:42.746460,PHY,0x4601,1,0,na,"[0,",0,0,1,441.3,+12.2dB,15.7us,"[0,",1,616.9,normal,0,valid,-15.0dB,-15.2dB,na,na,,,,
2025-07-30 13:41:42.750117,PHY,0x4601,2,,na,"[0,",,,11111,,+29.2dB,14.9us,"[0,",1,616.17,normal,0,valid,-12.0dB,-12.2dB,0.38us,-34.3Hz,,"[6,",,1
2025-07-30 13:41:42.750959,PHY,0x4601,1,0,na,"[0,",0,0,1,350.7,+11.2dB,24.2us,"[0,",1,616.18,normal,0,valid,-14.9dB,-15.2dB,na,na,,,,
2025-07-30 13:41:42.751534,PHY,0x4601,1,0,na,"[0,",0,0,1,359.6,+11.3dB,15.2us,"[0,",1,616.19,normal,0,valid,-14.9dB,-15.3dB,na,na,,,,
2025-07-30 13:41:42.756035,PHY,0x4601,1,0,na,"[0,",0,0,1,432.8,+12.1dB,20.8us,"[0,",1,617.8,normal,0,valid,-15.0dB,-15.3dB,na,na,,,,
2025-07-30 13:41:42.756509,PHY,0x4601,1,0,na,"[0,",0,0,1,424.5,+12.0dB,15.4us,"[0,",1,617.9,normal,0,valid,-15.0dB,-15.3dB,na,na,,,,
2025-07-30 13:41:42.760035,PHY,0x4601,2,,na,"[0,",,,11111,,+29.6dB,15.6us,"[0,",1,617.17,normal,0,valid,-12.0dB,-12.1dB,0.36us,-12.3Hz,,"[6,",,1
2025-07-30 13:41:42.760990,PHY,0x4601,1,0,na,"[0,",0,0,1,429.9,+12.1dB,16.1us,"[0,",1,617.18,normal,0,valid,-14.9dB,-15.2dB,na,na,,,,
2025-07-30 13:41:42.761459,PHY,0x4601,1,0,na,"[0,",0,0,1,429.8,+12.1dB,14.9us,"[0,",1,617.19,normal,0,valid,-14.9dB,-15.2dB,na,na,,,,
2025-07-30 13:41:42.765596,CSI,0x4601,2,,na,"[0,",,,1,,+30.1dB,13.8us,"[0,",1,618.8,normal,0,valid,-12.0dB,-12.1dB,0.40us,-41.0Hz,,"[6,",1111,1
2025-07-30 13:41:42.766524,PHY,0x4601,1,0,na,"[0,",0,0,1,438.9,+12.2dB,15.6us,"[0,",1,618.9,normal,0,valid,-14.9dB,-15.2dB,na,na,,,,
2025-07-30 13:41:42.770079,PHY,0x4601,2,,na,"[0,",,,11111,,+29.2dB,14.4us,"[0,",1,618.17,normal,0,valid,-12.1dB,-12.3dB,0.37us,-158.6Hz,,"[6,",,1
2025-07-30 13:41:42.771011,PHY,0x4601,1,0,na,"[0,",0,0,1,363.8,+11.3dB,15.4us,"[0,",1,618.18,normal,0,valid,-15.0dB,-15.3dB,na,na,,,,
2025-07-30 13:41:42.771489,PHY,0x4601,1,0,na,"[0,",0,0,1,377.7,+11.5dB,14.5us,"[0,",1,618.19,normal,0,valid,-14.9dB,-15.2dB,na,na,,,,
2025-07-30 13:41:42.775984,PHY,0x4601,1,0,na,"[0,",0,0,1,435.5,+12.1dB,19.4us,"[0,",1,619.8,normal,0,valid,-15.0dB,-15.2dB,na,na,,,,
2025-07-30 13:41:42.776464,PHY,0x4601,1,0,na,"[0,",0,0,1,434.0,+12.1dB,15.1us,"[0,",1,619.9,normal,0,valid,-15.0dB,-15.3dB,na,na,,,,
2025-07-30 13:41:42.780098,PHY,0x4601,2,,na,"[0,",,,11111,,+32.5dB,15.0us,"[0,",1,619.17,normal,0,valid,-12.1dB,-12.2dB,0.36us,+41.5Hz,,"[6,",,1
2025-07-30 13:41:42.781048,PHY,0x4601,1,0,na,"[0,",0,0,1,381.5,+11.6dB,15.0us,"[0,",1,619.18,normal,0,valid,-14.9dB,-15.2dB,na,na,,,,
2025-07-30 13:41:42.781516,PHY,0x4601,1,0,na,"[0,",0,0,1,356.5,+11.2dB,13.9us,"[0,",1,619.19,normal,0,valid,-15.0dB,-15.3dB,na,na,,,,
2025-07-30 13:41:42.785620,CSI,0x4601,2,,na,"[0,",,,1,,+33.9dB,13.5us,"[0,",1,620.8,normal,0,valid,-12.0dB,-12.1dB,0.36us,-164.0Hz,,"[6,",1111,1
2025-07-30 13:41:42.786485,PHY,0x4601,1,0,na,"[0,",0,0,1,421.4,+12.0dB,16.4us,"[0,",1,620.9,normal,0,valid,-14.9dB,-15.2dB,na,na,,,,
2025-07-30 13:41:42.790020,PHY,0x4601,2,,na,"[0,",,,11111,,+32.6dB,13.2us,"[0,",1,620.17,normal,0,valid,-12.1dB,-12.2dB,0.37us,+64.3Hz,,"[6,",,1
2025-07-30 13:41:42.790965,PHY,0x4601,1,0,na,"[0,",0,0,1,368.9,+11.4dB,15.5us,"[0,",1,620.18,normal,0,valid,-14.9dB,-15.2dB,na,na,,,,
2025-07-30 13:41:42.791446,PHY,0x4601,1,0,na,"[0,",0,0,1,359.8,+11.3dB,13.8us,"[0,",1,620.19,normal,0,valid,-15.0dB,-15.3dB,na,na,,,,
2025-07-30 13:41:42.796043,PHY,0x4601,1,0,na,"[0,",0,0,1,445.2,+12.2dB,16.0us,"[0,",1,621.8,normal,0,valid,-15.0dB,-15.2dB,na,na,,,,
2025-07-30 13:41:42.796531,PHY,0x4601,1,0,na,"[0,",0,0,1,433.0,+12.1dB,16.2us,"[0,",1,621.9,normal,0,valid,-15.0dB,-15.2dB,na,na,,,,
2025-07-30 13:41:42.800062,PHY,0x4601,2,,na,"[0,",,,11111,,+32.9dB,14.2us,"[0,",1,621.17,normal,0,valid,-12.0dB,-12.1dB,0.36us,-48.8Hz,,"[6,",,1
2025-07-30 13:41:42.801004,PHY,0x4601,1,0,na,"[0,",0,0,1,381.0,+11.6dB,17.0us,"[0,",1,621.18,normal,0,valid,-15.0dB,-15.3dB,na,na,,,,
2025-07-30 13:41:42.801481,PHY,0x4601,1,0,na,"[0,",0,0,1,363.7,+11.4dB,15.5us,"[0,",1,621.19,normal,0,valid,-15.0dB,-15.3dB,na,na,,,,
2025-07-30 13:41:42.805602,CSI,0x4601,2,,na,"[0,",,,1,,+31.4dB,15.4us,"[0,",1,622.8,normal,0,valid,-12.0dB,-12.1dB,0.36us,-93.8Hz,,"[6,",1111,1
2025-07-30 13:41:42.806548,PHY,0x4601,1,0,na,"[0,",0,0,1,442.4,+12.2dB,15.9us,"[0,",1,622.9,normal,0,valid,-15.0dB,-15.2dB,na,na,,,,
2025-07-30 13:41:42.810099,PHY,0x4601,2,,na,"[0,",,,11111,,+30.8dB,13.7us,"[0,",1,622.17,normal,0,valid,-12.1dB,-12.2dB,0.38us,+27.5Hz,,"[6,",,1
2025-07-30 13:41:42.811032,PHY,0x4601,1,0,na,"[0,",0,0,1,443.8,+12.2dB,15.5us,"[0,",1,622.18,normal,0,valid,-14.9dB,-15.2dB,na,na,,,,
2025-07-30 13:41:42.811516,PHY,0x4601,1,0,na,"[0,",0,0,1,433.3,+12.1dB,16.2us,"[0,",1,622.19,normal,0,valid,-15.0dB,-15.2dB,na,na,,,,
2025-07-30 13:41:42.815994,PHY,0x4601,1,0,na,"[0,",0,0,1,435.0,+12.1dB,16.3us,"[0,",1,623.8,normal,0,valid,-15.0dB,-15.3dB,na,na,,,,
2025-07-30 13:41:42.816486,PHY,0x4601,1,0,na,"[0,",0,0,1,417.4,+12.0dB,27.3us,"[0,",1,623.9,normal,0,valid,-15.0dB,-15.2dB,na,na,,,,
2025-07-30 13:41:42.820121,PHY,0x4601,2,,na,"[0,",,,11111,,+30.1dB,14.1us,"[0,",1,623.17,normal,0,valid,-12.1dB,-12.2dB,0.35us,-3.5Hz,,"[6,",,1
2025-07-30 13:41:42.820958,PHY,0x4601,1,0,na,"[0,",0,0,1,362.9,+11.3dB,14.6us,"[0,",1,623.18,normal,0,valid,-15.0dB,-15.3dB,na,na,,,,
2025-07-30 13:41:42.821536,PHY,0x4601,1,0,na,"[0,",0,0,1,350.8,+11.2dB,13.3us,"[0,",1,623.19,normal,0,valid,-15.0dB,-15.3dB,na,na,,,,
2025-07-30 13:41:42.825583,CSI,0x4601,2,,na,"[0,",,,1,,+27.7dB,17.6us,"[0,",1,624.8,normal,0,valid,-12.0dB,-12.1dB,0.38us,-70.1Hz,,"[6,",1111,1
2025-07-30 13:41:42.826500,PHY,0x4601,1,0,na,"[0,",0,0,1,353.7,+11.2dB,17.5us,"[0,",1,624.9,normal,0,valid,-15.0dB,-15.3dB,na,na,,,,
2025-07-30 13:41:42.830040,PHY,0x4601,2,,na,"[0,",,,11111,,+30.3dB,13.0us,"[0,",1,624.17,normal,0,valid,-12.0dB,-12.1dB,0.37us,-46.7Hz,,"[6,",,1
2025-07-30 13:41:42.830983,PHY,0x4601,1,0,na,"[0,",0,0,1,430.2,+12.1dB,15.6us,"[0,",1,624.18,normal,0,valid,-15.0dB,-15.3dB,na,na,,,,
2025-07-30 13:41:42.831457,PHY,0x4601,1,0,na,"[0,",0,0,1,426.8,+12.1dB,13.4us,"[0,",1,624.19,normal,0,valid,-15.0dB,-15.2dB,na,na,,,,
2025-07-30 13:41:42.835952,PHY,0x4601,1,0,na,"[0,",0,0,1,426.5,+12.0dB,16.1us,"[0,",1,625.8,normal,0,valid,-15.0dB,-15.2dB,na,na,,,,
2025-07-30 13:41:42.836534,PHY,0x4601,1,0,na,"[0,",0,0,1,423.4,+12.0dB,15.5us,"[0,",1,625.9,normal,0,valid,-15.0dB,-15.3dB,na,na,,,,
2025-07-30 13:41:42.840083,PHY,0x4601,2,,na,"[0,",,,11111,,+30.1dB,14.1us,"[0,",1,625.17,normal,0,valid,-12.2dB,-12.3dB,0.35us,+34.7Hz,,"[6,",,1
2025-07-30 13:41:42.841024,PHY,0x4601,1,0,na,"[0,",0,0,1,439.3,+12.2dB,23.6us,"[0,",1,625.18,normal,0,valid,-14.9dB,-15.2dB,na,na,,,,
2025-07-30 13:41:42.841500,PHY,0x4601,1,0,na,"[0,",0,0,1,424.2,+12.0dB,13.7us,"[0,",1,625.19,normal,0,valid,-15.0dB,-15.2dB,na,na,,,,
2025-07-30 13:41:42.845658,CSI,0x4601,2,,na,"[0,",,,1,,+27.8dB,15.9us,"[0,",1,626.8,normal,0,valid,-11.8dB,-12.0dB,0.38us,-75.7Hz,,"[6,",1111,1
2025-07-30 13:41:42.846455,PHY,0x4601,1,0,na,"[0,",0,0,1,362.0,+11.3dB,15.7us,"[0,",1,626.9,normal,0,valid,-15.0dB,-15.3dB,na,na,,,,
2025-07-30 13:41:42.850127,PHY,0x4601,2,,na,"[0,",,,11111,,+31.6dB,17.7us,"[0,",1,626.17,normal,0,valid,-11.9dB,-12.0dB,0.34us,+48.1Hz,,"[6,",,1
2025-07-30 13:41:42.850943,PHY,0x4601,1,0,na,"[0,",0,0,1,435.7,+12.1dB,16.6us,"[0,",1,626.18,normal,0,valid,-15.0dB,-15.2dB,na,na,,,,
2025-07-30 13:41:42.851522,PHY,0x4601,1,0,na,"[0,",0,0,1,446.5,+12.2dB,14.4us,"[0,",1,626.19,normal,0,valid,-14.9dB,-15.2dB,na,na,,,,
2025-07-30 13:41:42.856024,PHY,0x4601,1,0,na,"[0,",0,0,1,425.7,+12.0dB,16.2us,"[0,",1,627.8,normal,0,valid,-15.0dB,-15.2dB,na,na,,,,
2025-07-30 13:41:42.856507,PHY,0x4601,1,0,na,"[0,",0,0,1,444.9,+12.2dB,14.7us,"[0,",1,627.9,normal,0,valid,-15.0dB,-15.3dB,na,na,,,,
2025-07-30 13:41:42.860028,PHY,0x4601,2,,na,"[0,",,,11111,,+31.8dB,14.6us,"[0,",1,627.17,normal,0,valid,-12.0dB,-12.2dB,0.36us,+8.9Hz,,"[6,",,1
2025-07-30 13:41:42.860974,PHY,0x4601,1,0,na,"[0,",0,0,1,429.7,+12.1dB,17.6us,"[0,",1,627.18,normal,0,valid,-15.0dB,-15.2dB,na,na,,,,
2025-07-30 13:41:42.861449,PHY,0x4601,1,0,na,"[0,",0,0,1,420.0,+12.0dB,13.9us,"[0,",1,627.19,normal,0,valid,-15.0dB,-15.2dB,na,na,,,,
2025-07-30 13:41:42.865585,CSI,0x4601,2,,na,"[0,",,,1,,+32.0dB,15.9us,"[0,",1,628.8,normal,0,valid,-12.1dB,-12.2dB,0.37us,+17.4Hz,,"[6,",1111,1
2025-07-30 13:41:42.866514,PHY,0x4601,1,0,na,"[0,",0,0,1,445.7,+12.2dB,16.1us,"[0,",1,628.9,normal,0,valid,-15.0dB,-15.2dB,na,na,,,,
2025-07-30 13:41:42.870096,PHY,0x4601,2,,na,"[0,",,,11111,,+31.8dB,14.0us,"[0,",1,628.17,normal,0,valid,-12.1dB,-12.3dB,0.36us,+64.6Hz,,"[6,",,1
2025-07-30 13:41:42.871006,PHY,0x4601,1,0,na,"[0,",0,0,1,365.6,+11.4dB,15.8us,"[0,",1,628.18,normal,0,valid,-15.0dB,-15.3dB,na,na,,,,
2025-07-30 13:41:42.871484,PHY,0x4601,1,0,na,"[0,",0,0,1,370.1,+11.4dB,16.2us,"[0,",1,628.19,normal,0,valid,-15.0dB,-15.3dB,na,na,,,,
2025-07-30 13:41:42.876563,PHY,0x4601,1,0,na,"[0,",0,0,1,421.1,+12.0dB,20.8us,"[0,",1,629.8,normal,0,valid,-15.0dB,-15.3dB,na,na,,,,
2025-07-30 13:41:42.876623,PHY,0x4601,1,0,na,"[0,",0,0,1,424.3,+12.0dB,13.5us,"[0,",1,629.9,normal,0,valid,-15.0dB,-15.3dB,na,na,,,,
2025-07-30 13:41:42.880091,PHY,0x4601,2,,na,"[0,",,,11111,,+31.4dB,15.4us,"[0,",1,629.17,normal,0,valid,-12.1dB,-12.2dB,0.34us,+120.4Hz,,"[6,",,1
2025-07-30 13:41:42.881039,PHY,0x4601,1,0,na,"[0,",0,0,1,369.1,+11.5dB,17.9us,"[0,",1,629.18,normal,0,valid,-15.0dB,-15.2dB,na,na,,,,
2025-07-30 13:41:42.881511,PHY,0x4601,1,0,na,"[0,",0,0,1,373.7,+11.4dB,14.3us,"[0,",1,629.19,normal,0,valid,-15.0dB,-15.3dB,na,na,,,,
2025-07-30 13:41:42.885608,CSI,0x4601,2,,na,"[0,",,,1,,+30.0dB,14.8us,"[0,",1,630.8,normal,0,valid,-12.1dB,-12.3dB,0.39us,-15.1Hz,,"[6,",1111,1
2025-07-30 13:41:42.886480,PHY,0x4601,1,0,na,"[0,",0,0,1,424.8,+12.0dB,18.4us,"[0,",1,630.9,normal,0,valid,-14.9dB,-15.2dB,na,na,,,,
2025-07-30 13:41:42.890015,PHY,0x4601,2,,na,"[0,",,,11111,,+29.9dB,13.1us,"[0,",1,630.17,normal,0,valid,-12.1dB,-12.2dB,0.36us,-51.8Hz,,"[6,",,1
2025-07-30 13:41:42.890962,PHY,0x4601,1,0,na,"[0,",0,0,1,360.8,+11.3dB,15.6us,"[0,",1,630.18,normal,0,valid,-15.0dB,-15.3dB,na,na,,,,
2025-07-30 13:41:42.891541,PHY,0x4601,1,0,na,"[0,",0,0,1,368.8,+11.4dB,13.3us,"[0,",1,630.19,normal,0,valid,-15.0dB,-15.2dB,na,na,,,,
2025-07-30 13:41:42.896035,PHY,0x4601,1,0,na,"[0,",0,0,1,442.4,+12.2dB,18.3us,"[0,",1,631.8,normal,0,valid,-15.0dB,-15.3dB,na,na,,,,
2025-07-30 13:41:42.896519,PHY,0x4601,1,0,na,"[0,",0,0,1,430.3,+12.1dB,17.2us,"[0,",1,631.9,normal,0,valid,-15.0dB,-15.2dB,na,na,,,,
2025-07-30 13:41:42.900048,PHY,0x4601,2,,na,"[0,",,,11111,,+30.3dB,13.3us,"[0,",1,631.17,normal,0,valid,-11.9dB,-12.1dB,0.36us,-11.6Hz,,"[6,",,1
2025-07-30 13:41:42.900993,PHY,0x4601,1,0,na,"[0,",0,0,1,352.2,+11.2dB,15.6us,"[0,",1,631.18,normal,0,valid,-14.9dB,-15.2dB,na,na,,,,
2025-07-30 13:41:42.901474,PHY,0x4601,1,0,na,"[0,",0,0,1,363.4,+11.3dB,14.6us,"[0,",1,631.19,normal,0,valid,-14.9dB,-15.3dB,na,na,,,,
2025-07-30 13:41:42.905610,CSI,0x4601,2,,na,"[0,",,,1,,+30.6dB,14.9us,"[0,",1,632.8,normal,0,valid,-12.1dB,-12.2dB,0.36us,+41.5Hz,,"[6,",1111,1
2025-07-30 13:41:42.906537,PHY,0x4601,1,0,na,"[0,",0,0,1,353.9,+11.2dB,16.1us,"[0,",1,632.9,normal,0,valid,-15.0dB,-15.3dB,na,na,,,,
2025-07-30 13:41:42.910103,PHY,0x4601,2,,na,"[0,",,,11111,,+29.7dB,17.7us,"[0,",1,632.17,normal,0,valid,-12.0dB,-12.1dB,0.34us,-50.3Hz,,"[6,",,1
2025-07-30 13:41:42.911022,PHY,0x4601,1,0,na,"[0,",0,0,1,441.7,+12.2dB,16.6us,"[0,",1,632.18,normal,0,valid,-14.9dB,-15.2dB,na,na,,,,
2025-07-30 13:41:42.911501,PHY,0x4601,1,0,na,"[0,",0,0,1,419.3,+11.9dB,15.8us,"[0,",1,632.19,normal,0,valid,-14.9dB,-15.2dB,na,na,,,,
2025-07-30 13:41:42.915991,PHY,0x4601,1,0,na,"[0,",0,0,1,430.7,+12.1dB,18.4us,"[0,",1,633.8,normal,0,valid,-15.0dB,-15.2dB,na,na,,,,
2025-07-30 13:41:42.916457,PHY,0x4601,1,0,na,"[0,",0,0,1,427.6,+12.0dB,14.4us,"[0,",1,633.9,normal,0,valid,-15.0dB,-15.3dB,na,na,,,,
2025-07-30 13:41:42.920130,PHY,0x4601,2,,na,"[0,",,,11111,,+30.7dB,14.3us,"[0,",1,633.17,normal,0,valid,-12.1dB,-12.2dB,0.34us,-31.9Hz,,"[6,",,1
2025-07-30 13:41:42.920950,PHY,0x4601,1,0,na,"[0,",0,0,1,374.5,+11.5dB,15.5us,"[0,",1,633.18,normal,0,valid,-15.0dB,-15.3dB,na,na,,,,
2025-07-30 13:41:42.921539,PHY,0x4601,1,0,na,"[0,",0,0,1,356.0,+11.3dB,17.7us,"[0,",1,633.19,normal,0,valid,-15.0dB,-15.3dB,na,na,,,,
2025-07-30 13:41:42.925635,CSI,0x4601,2,,na,"[0,",,,1,,+30.8dB,16.2us,"[0,",1,634.8,normal,0,valid,-12.0dB,-12.1dB,0.36us,-8.0Hz,,"[6,",1111,1
2025-07-30 13:41:42.926505,PHY,0x4601,1,0,na,"[0,",0,0,1,368.1,+11.4dB,19.7us,"[0,",1,634.9,normal,0,valid,-15.0dB,-15.3dB,na,na,,,,
2025-07-30 13:41:42.930034,PHY,0x4601,2,,na,"[0,",,,11111,,+30.9dB,13.7us,"[0,",1,634.17,normal,0,valid,-12.1dB,-12.2dB,0.36us,-5.0Hz,,"[6,",,1
2025-07-30 13:41:42.930979,PHY,0x4601,1,0,na,"[0,",0,0,1,424.7,+12.0dB,15.9us,"[0,",1,634.18,normal,0,valid,-14.9dB,-15.2dB,na,na,,,,
2025-07-30 13:41:42.931455,PHY,0x4601,1,0,na,"[0,",0,0,1,434.1,+12.1dB,13.9us,"[0,",1,634.19,normal,0,valid,-15.0dB,-15.2dB,na,na,,,,
2025-07-30 13:41:42.935945,PHY,0x4601,1,0,na,"[0,",0,0,1,414.8,+11.9dB,15.9us,"[0,",1,635.8,normal,0,valid,-15.0dB,-15.2dB,na,na,,,,
2025-07-30 13:41:42.936529,PHY,0x4601,1,0,na,"[0,",0,0,1,435.2,+12.1dB,13.8us,"[0,",1,635.9,normal,0,valid,-15.0dB,-15.2dB,na,na,,,,
2025-07-30 13:41:42.940082,PHY,0x4601,2,,na,"[0,",,,11111,,+31.8dB,14.0us,"[0,",1,635.17,normal,0,valid,-12.2dB,-12.3dB,0.35us,-49.1Hz,,"[6,",,1
2025-07-30 13:41:42.941018,PHY,0x4601,1,0,na,"[0,",0,0,1,413.9,+11.9dB,19.3us,"[0,",1,635.18,normal,0,valid,-15.0dB,-15.3dB,na,na,,,,
2025-07-30 13:41:42.941496,PHY,0x4601,1,0,na,"[0,",0,0,1,414.5,+11.9dB,19.1us,"[0,",1,635.19,normal,0,valid,-15.0dB,-15.3dB,na,na,,,,
2025-07-30 13:41:42.945629,CSI,0x4601,2,,na,"[0,",,,1,,+27.6dB,15.2us,"[0,",1,636.8,normal,0,valid,-12.0dB,-12.2dB,0.36us,+38.4Hz,,"[6,",1111,1
2025-07-30 13:41:42.946450,PHY,0x4601,1,0,na,"[0,",0,0,1,373.3,+11.5dB,16.2us,"[0,",1,636.9,normal,0,valid,-15.0dB,-15.3dB,na,na,,,,
2025-07-30 13:41:42.950112,PHY,0x4601,2,,na,"[0,",,,11111,,+29.1dB,14.8us,"[0,",1,636.17,normal,0,valid,-12.1dB,-12.2dB,0.37us,+9.3Hz,,"[6,",,1
2025-07-30 13:41:42.951054,PHY,0x4601,1,0,na,"[0,",0,0,1,421.4,+12.0dB,26.5us,"[0,",1,636.18,normal,0,valid,-14.9dB,-15.2dB,na,na,,,,
2025-07-30 13:41:42.951524,PHY,0x4601,1,0,na,"[0,",0,0,1,422.1,+12.0dB,14.5us,"[0,",1,636.19,normal,0,valid,-15.0dB,-15.2dB,na,na,,,,
2025-07-30 13:41:42.956007,PHY,0x4601,1,0,na,"[0,",0,0,1,431.7,+12.1dB,17.6us,"[0,",1,637.8,normal,0,valid,-15.0dB,-15.3dB,na,na,,,,
2025-07-30 13:41:42.956490,PHY,0x4601,1,0,na,"[0,",0,0,1,417.0,+12.0dB,27.1us,"[0,",1,637.9,normal,0,valid,-15.0dB,-15.2dB,na,na,,,,
2025-07-30 13:41:42.960021,PHY,0x4601,2,,na,"[0,",,,11111,,+31.6dB,13.9us,"[0,",1,637.17,normal,0,valid,-12.1dB,-12.3dB,0.38us,-161.2Hz,,"[6,",,1
2025-07-30 13:41:42.960967,PHY,0x4601,1,0,na,"[0,",0,0,1,435.2,+12.1dB,15.8us,"[0,",1,637.18,normal,0,valid,-15.0dB,-15.2dB,na,na,,,,
2025-07-30 13:41:42.961446,PHY,0x4601,1,0,na,"[0,",0,0,1,426.7,+12.0dB,14.4us,"[0,",1,637.19,normal,0,valid,-15.0dB,-15.2dB,na,na,,,,
2025-07-30 13:41:42.965586,CSI,0x4601,2,,na,"[0,",,,1,,+32.5dB,17.0us,"[0,",1,638.8,normal,0,valid,-12.1dB,-12.2dB,0.37us,+2.6Hz,,"[6,",1111,1
2025-07-30 13:41:42.966514,PHY,0x4601,1,0,na,"[0,",0,0,1,430.0,+12.1dB,18.1us,"[0,",1,638.9,normal,0,valid,-15.0dB,-15.2dB,na,na,,,,
2025-07-30 13:41:42.970083,PHY,0x4601,2,,na,"[0,",,,11111,,+29.5dB,16.1us,"[0,",1,638.17,normal,0,valid,-12.2dB,-12.3dB,0.36us,+7.4Hz,,"[6,",,1
2025-07-30 13:41:42.970998,PHY,0x4601,1,0,na,"[0,",0,0,1,434.7,+12.1dB,15.4us,"[0,",1,638.18,normal,0,valid,-15.0dB,-15.2dB,na,na,,,,
2025-07-30 13:41:42.971483,PHY,0x4601,1,0,na,"[0,",0,0,1,423.9,+12.0dB,18.1us,"[0,",1,638.19,normal,0,valid,-14.9dB,-15.2dB,na,na,,,,
2025-07-30 13:41:42.975967,PHY,0x4601,1,0,na,"[0,",0,0,1,430.6,+12.1dB,16.2us,"[0,",1,639.8,normal,0,valid,-15.0dB,-15.2dB,na,na,,,,
2025-07-30 13:41:42.976549,PHY,0x4601,1,0,na,"[0,",0,0,1,431.1,+12.1dB,15.4us,"[0,",1,639.9,normal,0,valid,-15.0dB,-15.3dB,na,na,,,,
2025-07-30 13:41:42.980096,PHY,0x4601,2,,na,"[0,",,,11111,,+28.9dB,14.2us,"[0,",1,639.17,normal,0,valid,-12.0dB,-12.1dB,0.35us,+58.6Hz,,"[6,",,1
2025-07-30 13:41:42.981031,PHY,0x4601,1,0,na,"[0,",0,0,1,371.6,+11.4dB,16.3us,"[0,",1,639.18,normal,0,valid,-14.9dB,-15.3dB,na,na,,,,
2025-07-30 13:41:42.981509,PHY,0x4601,1,0,na,"[0,",0,0,1,360.2,+11.3dB,18.4us,"[0,",1,639.19,normal,0,valid,-15.0dB,-15.2dB,na,na,,,,
2025-07-30 13:41:42.985594,CSI,0x4601,2,,na,"[0,",,,1,,+29.0dB,11.7us,"[0,",1,640.8,normal,0,valid,-12.1dB,-12.2dB,0.36us,-19.9Hz,,"[6,",1111,1
2025-07-30 13:41:42.986477,PHY,0x4601,1,0,na,"[0,",0,0,1,429.4,+12.1dB,18.2us,"[0,",1,640.9,normal,0,valid,-15.0dB,-15.2dB,na,na,,,,
2025-07-30 13:41:42.990127,PHY,0x4601,2,,na,"[0,",,,11111,,+30.4dB,16.5us,"[0,",1,640.17,normal,0,valid,-12.1dB,-12.2dB,0.37us,+22.3Hz,,"[6,",,1
2025-07-30 13:41:42.990952,PHY,0x4601,1,0,na,"[0,",0,0,1,420.9,+11.9dB,15.4us,"[0,",1,640.18,normal,0,valid,-15.0dB,-15.3dB,na,na,,,,
2025-07-30 13:41:42.991540,PHY,0x4601,1,0,na,"[0,",0,0,1,415.8,+11.9dB,19.4us,"[0,",1,640.19,normal,0,valid,-14.9dB,-15.2dB,na,na,,,,
2025-07-30 13:41:42.996026,PHY,0x4601,1,0,na,"[0,",0,0,1,427.4,+12.0dB,16.6us,"[0,",1,641.8,normal,0,valid,-15.0dB,-15.3dB,na,na,,,,
2025-07-30 13:41:42.996513,PHY,0x4601,1,0,na,"[0,",0,0,1,416.4,+11.9dB,14.6us,"[0,",1,641.9,normal,0,valid,-15.0dB,-15.3dB,na,na,,,,
2025-07-30 13:41:43.000040,PHY,0x4601,2,,na,"[0,",,,11111,,+32.4dB,13.7us,"[0,",1,641.17,normal,0,valid,-12.1dB,-12.2dB,0.34us,+85.3Hz,,"[6,",,1
2025-07-30 13:41:43.000994,PHY,0x4601,1,0,na,"[0,",0,0,1,371.7,+11.4dB,16.3us,"[0,",1,641.18,normal,0,valid,-14.9dB,-15.3dB,na,na,,,,
2025-07-30 13:41:43.001462,PHY,0x4601,1,0,na,"[0,",0,0,1,363.0,+11.3dB,14.3us,"[0,",1,641.19,normal,0,valid,-15.0dB,-15.3dB,na,na,,,,
2025-07-30 13:41:43.005604,CSI,0x4601,2,,na,"[0,",,,1,,+30.1dB,18.3us,"[0,",1,642.8,normal,0,valid,-12.0dB,-12.1dB,0.36us,-151.9Hz,,"[6,",1111,1
2025-07-30 13:41:43.006532,PHY,0x4601,1,0,na,"[0,",0,0,1,423.8,+12.0dB,16.5us,"[0,",1,642.9,normal,0,valid,-15.0dB,-15.3dB,na,na,,,,
2025-07-30 13:41:43.010099,PHY,0x4601,2,,na,"[0,",,,11111,,+29.1dB,15.6us,"[0,",1,642.17,normal,0,valid,-12.2dB,-12.3dB,0.38us,+9.3Hz,,"[6,",,1
2025-07-30 13:41:43.011017,PHY,0x4601,1,0,na,"[0,",0,0,1,368.9,+11.4dB,17.1us,"[0,",1,642.18,normal,0,valid,-15.0dB,-15.3dB,na,na,,,,
2025-07-30 13:41:43.011496,PHY,0x4601,1,0,na,"[0,",0,0,1,379.6,+11.5dB,14.0us,"[0,",1,642.19,normal,0,valid,-15.0dB,-15.3dB,na,na,,,,
2025-07-30 13:41:43.015989,PHY,0x4601,1,0,na,"[0,",0,0,1,419.0,+12.0dB,18.1us,"[0,",1,643.8,normal,0,valid,-15.0dB,-15.2dB,na,na,,,,
2025-07-30 13:41:43.016452,PHY,0x4601,1,0,na,"[0,",0,0,1,436.9,+12.2dB,14.7us,"[0,",1,643.9,normal,0,valid,-15.0dB,-15.2dB,na,na,,,,
2025-07-30 13:41:43.020122,PHY,0x4601,2,,na,"[0,",,,11111,,+30.9dB,13.7us,"[0,",1,643.17,normal,0,valid,-12.0dB,-12.1dB,0.36us,-47.9Hz,,"[6,",,1
2025-07-30 13:41:43.020949,PHY,0x4601,1,0,na,"[0,",0,0,1,424.8,+12.0dB,16.2us,"[0,",1,643.18,normal,0,valid,-15.0dB,-15.2dB,na,na,,,,
2025-07-30 13:41:43.021522,PHY,0x4601,1,0,na,"[0,",0,0,1,433.5,+12.1dB,14.9us,"[0,",1,643.19,normal,0,valid,-14.9dB,-15.2dB,na,na,,,,
2025-07-30 13:41:43.025626,CSI,0x4601,2,,na,"[0,",,,1,,+32.6dB,14.9us,"[0,",1,644.8,normal,0,valid,-12.0dB,-12.1dB,0.36us,-26.3Hz,,"[6,",1111,1
2025-07-30 13:41:43.026491,PHY,0x4601,1,0,na,"[0,",0,0,1,417.3,+12.0dB,15.9us,"[0,",1,644.9,normal,0,valid,-15.0dB,-15.2dB,na,na,,,,
2025-07-30 13:41:43.030027,PHY,0x4601,2,,na,"[0,",,,11111,,+32.4dB,14.3us,"[0,",1,644.17,normal,0,valid,-11.9dB,-12.1dB,0.39us,-25.2Hz,,"[6,",,1
2025-07-30 13:41:43.030975,PHY,0x4601,1,0,na,"[0,",0,0,1,427.1,+12.0dB,15.8us,"[0,",1,644.18,normal,0,valid,-15.0dB,-15.2dB,na,na,,,,
2025-07-30 13:41:43.031450,PHY,0x4601,1,0,na,"[0,",0,0,1,427.4,+12.1dB,15.1us,"[0,",1,644.19,normal,0,valid,-15.0dB,-15.2dB,na,na,,,,
2025-07-30 13:41:43.036047,PHY,0x4601,1,0,na,"[0,",0,0,1,421.2,+12.0dB,17.1us,"[0,",1,645.8,normal,0,valid,-15.0dB,-15.2dB,na,na,,,,
2025-07-30 13:41:43.036529,PHY,0x4601,1,0,na,"[0,",0,0,1,420.3,+12.0dB,14.1us,"[0,",1,645.9,normal,0,valid,-15.0dB,-15.2dB,na,na,,,,
2025-07-30 13:41:43.040070,PHY,0x4601,2,,na,"[0,",,,11111,,+31.9dB,13.5us,"[0,",1,645.17,normal,0,valid,-12.2dB,-12.3dB,0.36us,-133.1Hz,,"[6,",,1
2025-07-30 13:41:43.041009,PHY,0x4601,1,0,na,"[0,",0,0,1,350.1,+11.2dB,19.1us,"[0,",1,645.18,normal,0,valid,-14.9dB,-15.2dB,na,na,,,,
2025-07-30 13:41:43.041481,PHY,0x4601,1,0,na,"[0,",0,0,1,355.5,+11.3dB,14.6us,"[0,",1,645.19,normal,0,valid,-15.0dB,-15.3dB,na,na,,,,
2025-07-30 13:41:43.045647,CSI,0x4601,2,,na,"[0,",,,1,,+30.8dB,17.9us,"[0,",1,646.8,normal,0,valid,-12.0dB,-12.2dB,0.37us,-82.4Hz,,"[6,",1111,1
2025-07-30 13:41:43.046446,PHY,0x4601,1,0,na,"[0,",0,0,1,367.6,+11.4dB,16.2us,"[0,",1,646.9,normal,0,valid,-15.0dB,-15.3dB,na,na,,,,
2025-07-30 13:41:43.050096,PHY,0x4601,2,,na,"[0,",,,11111,,+30.1dB,14.0us,"[0,",1,646.17,normal,0,valid,-12.1dB,-12.2dB,0.36us,+36.5Hz,,"[6,",,1
2025-07-30 13:41:43.051039,PHY,0x4601,1,0,na,"[0,",0,0,1,450.2,+12.3dB,15.4us,"[0,",1,646.18,normal,0,valid,-14.9dB,-15.2dB,na,na,,,,
2025-07-30 13:41:43.051516,PHY,0x4601,1,0,na,"[0,",0,0,1,437.8,+12.2dB,14.0us,"[0,",1,646.19,normal,0,valid,-15.0dB,-15.2dB,na,na,,,,
2025-07-30 13:41:43.056004,PHY,0x4601,1,0,na,"[0,",0,0,1,420.4,+12.0dB,17.6us,"[0,",1,647.8,normal,0,valid,-15.0dB,-15.2dB,na,na,,,,
2025-07-30 13:41:43.056485,PHY,0x4601,1,0,na,"[0,",0,0,1,436.7,+12.1dB,14.3us,"[0,",1,647.9,normal,0,valid,-15.0dB,-15.3dB,na,na,,,,
2025-07-30 13:41:43.060014,PHY,0x4601,2,,na,"[0,",,,11111,,+31.5dB,13.4us,"[0,",1,647.17,normal,0,valid,-12.1dB,-12.2dB,0.34us,+114.1Hz,,"[6,",,1
2025-07-30 13:41:43.060959,PHY,0x4601,1,0,na,"[0,",0,0,1,434.9,+12.1dB,15.4us,"[0,",1,647.18,normal,0,valid,-15.0dB,-15.2dB,na,na,,,,
2025-07-30 13:41:43.061541,PHY,0x4601,1,0,na,"[0,",0,0,1,427.3,+12.0dB,13.8us,"[0,",1,647.19,normal,0,valid,-15.0dB,-15.2dB,na,na,,,,
2025-07-30 13:41:43.065593,CSI,0x4601,2,,na,"[0,",,,1,,+32.6dB,17.7us,"[0,",1,648.8,normal,0,valid,-12.0dB,-12.1dB,0.35us,+75.0Hz,,"[6,",1111,1
2025-07-30 13:41:43.066513,PHY,0x4601,1,0,na,"[0,",0,0,1,351.6,+11.2dB,16.3us,"[0,",1,648.9,normal,0,valid,-14.9dB,-15.3dB,na,na,,,,
2025-07-30 13:41:43.070049,PHY,0x4601,2,,na,"[0,",,,11111,,+29.6dB,13.3us,"[0,",1,648.17,normal,0,valid,-12.2dB,-12.3dB,0.37us,-70.4Hz,,"[6,",,1
2025-07-30 13:41:43.070992,PHY,0x4601,1,0,na,"[0,",0,0,1,432.1,+12.1dB,16.5us,"[0,",1,648.18,normal,0,valid,-14.9dB,-15.2dB,na,na,,,,
2025-07-30 13:41:43.071475,PHY,0x4601,1,0,na,"[0,",0,0,1,427.3,+12.0dB,13.6us,"[0,",1,648.19,normal,0,valid,-14.9dB,-15.2dB,na,na,,,,
2025-07-30 13:41:43.075966,PHY,0x4601,1,0,na,"[0,",0,0,1,412.0,+11.9dB,16.7us,"[0,",1,649.8,normal,0,valid,-15.0dB,-15.3dB,na,na,,,,
2025-07-30 13:41:43.076557,PHY,0x4601,1,0,na,"[0,",0,0,1,432.3,+12.1dB,17.0us,"[0,",1,649.9,normal,0,valid,-15.0dB,-15.2dB,na,na,,,,
2025-07-30 13:41:43.080100,PHY,0x4601,2,,na,"[0,",,,11111,,+29.7dB,13.7us,"[0,",1,649.17,normal,0,valid,-12.1dB,-12.2dB,0.35us,-70.3Hz,,"[6,",,1
2025-07-30 13:41:43.081029,PHY,0x4601,1,0,na,"[0,",0,0,1,356.7,+11.3dB,16.7us,"[0,",1,649.18,normal,0,valid,-15.0dB,-15.2dB,na,na,,,,
2025-07-30 13:41:43.081504,PHY,0x4601,1,0,na,"[0,",0,0,1,359.3,+11.3dB,16.3us,"[0,",1,649.19,normal,0,valid,-15.0dB,-15.3dB,na,na,,,,
2025-07-30 13:41:43.085609,CSI,0x4601,2,,na,"[0,",,,1,,+31.4dB,25.7us,"[0,",1,650.8,normal,0,valid,-12.1dB,-12.2dB,0.37us,-10.5Hz,,"[6,",1111,1
2025-07-30 13:41:43.086462,PHY,0x4601,1,0,na,"[0,",0,0,1,359.6,+11.3dB,17.4us,"[0,",1,650.9,normal,0,valid,-15.0dB,-15.3dB,na,na,,,,
2025-07-30 13:41:43.090114,PHY,0x4601,2,,na,"[0,",,,11111,,+31.3dB,14.7us,"[0,",1,650.17,normal,0,valid,-12.1dB,-12.2dB,0.37us,-8.9Hz,,"[6,",,1
2025-07-30 13:41:43.090948,PHY,0x4601,1,0,na,"[0,",0,0,1,352.6,+11.2dB,16.0us,"[0,",1,650.18,normal,0,valid,-14.9dB,-15.2dB,na,na,,,,
2025-07-30 13:41:43.091535,PHY,0x4601,1,0,na,"[0,",0,0,1,357.1,+11.3dB,14.2us,"[0,",1,650.19,normal,0,valid,-15.0dB,-15.3dB,na,na,,,,
2025-07-30 13:41:43.096028,PHY,0x4601,1,0,na,"[0,",0,0,1,430.9,+12.1dB,18.5us,"[0,",1,651.8,normal,0,valid,-15.0dB,-15.2dB,na,na,,,,
2025-07-30 13:41:43.096505,PHY,0x4601,1,0,na,"[0,",0,0,1,427.1,+12.0dB,16.1us,"[0,",1,651.9,normal,0,valid,-15.0dB,-15.3dB,na,na,,,,
2025-07-30 13:41:43.100038,PHY,0x4601,2,,na,"[0,",,,11111,,+28.2dB,15.7us,"[0,",1,651.17,normal,0,valid,-12.0dB,-12.1dB,0.36us,+33.4Hz,,"[6,",,1
2025-07-30 13:41:43.100982,PHY,0x4601,1,0,na,"[0,",0,0,1,446.1,+12.2dB,15.7us,"[0,",1,651.18,normal,0,valid,-15.0dB,-15.2dB,na,na,,,,
2025-07-30 13:41:43.101460,PHY,0x4601,1,0,na,"[0,",0,0,1,419.1,+12.0dB,14.5us,"[0,",1,651.19,normal,0,valid,-15.0dB,-15.2dB,na,na,,,,
2025-07-30 13:41:43.105595,CSI,0x4601,2,,na,"[0,",,,1,,+29.7dB,17.8us,"[0,",1,652.8,normal,0,valid,-12.0dB,-12.1dB,0.37us,+41.3Hz,,"[6,",1111,1
2025-07-30 13:41:43.106529,PHY,0x4601,1,0,na,"[0,",0,0,1,412.8,+11.9dB,16.5us,"[0,",1,652.9,normal,0,valid,-15.0dB,-15.2dB,na,na,,,,
2025-07-30 13:41:43.110075,PHY,0x4601,2,,na,"[0,",,,11111,,+27.4dB,15.8us,"[0,",1,652.17,normal,0,valid,-12.1dB,-12.2dB,0.38us,-16.2Hz,,"[6,",,1
2025-07-30 13:41:43.111010,PHY,0x4601,1,0,na,"[0,",0,0,1,409.7,+11.9dB,15.2us,"[0,",1,652.18,normal,0,valid,-14.9dB,-15.2dB,na,na,,,,
2025-07-30 13:41:43.111483,PHY,0x4601,1,0,na,"[0,",0,0,1,425.5,+12.0dB,13.2us,"[0,",1,652.19,normal,0,valid,-14.9dB,-15.2dB,na,na,,,,
2025-07-30 13:41:43.115985,PHY,0x4601,1,0,na,"[0,",0,0,1,424.9,+12.0dB,16.6us,"[0,",1,653.8,normal,0,valid,-15.0dB,-15.3dB,na,na,,,,
2025-07-30 13:41:43.116467,PHY,0x4601,1,0,na,"[0,",0,0,1,415.3,+11.9dB,16.3us,"[0,",1,653.9,normal,0,valid,-15.0dB,-15.3dB,na,na,,,,
2025-07-30 13:41:43.120111,PHY,0x4601,2,,na,"[0,",,,11111,,+30.6dB,16.3us,"[0,",1,653.17,normal,0,valid,-12.0dB,-12.2dB,0.37us,-1.9Hz,,"[6,",,1
2025-07-30 13:41:43.121042,PHY,0x4601,1,0,na,"[0,",0,0,1,358.0,+11.3dB,15.6us,"[0,",1,653.18,normal,0,valid,-15.0dB,-15.3dB,na,na,,,,
2025-07-30 13:41:43.121516,PHY,0x4601,1,0,na,"[0,",0,0,1,352.2,+11.2dB,15.7us,"[0,",1,653.19,normal,0,valid,-15.0dB,-15.3dB,na,na,,,,
2025-07-30 13:41:43.125604,CSI,0x4601,2,,na,"[0,",,,1,,+31.8dB,14.6us,"[0,",1,654.8,normal,0,valid,-12.1dB,-12.2dB,0.37us,-41.3Hz,,"[6,",1111,1
2025-07-30 13:41:43.126488,PHY,0x4601,1,0,na,"[0,",0,0,1,354.1,+11.2dB,15.3us,"[0,",1,654.9,normal,0,valid,-14.9dB,-15.2dB,na,na,,,,
2025-07-30 13:41:43.130019,PHY,0x4601,2,,na,"[0,",,,11111,,+27.5dB,13.2us,"[0,",1,654.17,normal,0,valid,-12.1dB,-12.2dB,0.36us,+7.6Hz,,"[6,",,1
2025-07-30 13:41:43.130966,PHY,0x4601,1,0,na,"[0,",0,0,1,421.4,+12.0dB,15.7us,"[0,",1,654.18,normal,0,valid,-15.0dB,-15.2dB,na,na,,,,
2025-07-30 13:41:43.131444,PHY,0x4601,1,0,na,"[0,",0,0,1,425.5,+12.0dB,14.2us,"[0,",1,654.19,normal,0,valid,-14.9dB,-15.2dB,na,na,,,,
2025-07-30 13:41:43.136046,PHY,0x4601,1,0,na,"[0,",0,0,1,410.3,+11.9dB,16.6us,"[0,",1,655.8,normal,0,valid,-14.9dB,-15.2dB,na,na,,,,
2025-07-30 13:41:43.136542,PHY,0x4601,1,0,na,"[0,",0,0,1,429.6,+12.1dB,15.9us,"[0,",1,655.9,normal,0,valid,-15.0dB,-15.2dB,na,na,,,,
2025-07-30 13:41:43.140077,PHY,0x4601,2,,na,"[0,",,,11111,,+29.5dB,24.2us,"[0,",1,655.17,normal,0,valid,-12.0dB,-12.1dB,0.36us,+80.0Hz,,"[6,",,1
2025-07-30 13:41:43.140996,PHY,0x4601,1,0,na,"[0,",0,0,1,372.1,+11.5dB,15.4us,"[0,",1,655.18,normal,0,valid,-15.0dB,-15.3dB,na,na,,,,
2025-07-30 13:41:43.141478,PHY,0x4601,1,0,na,"[0,",0,0,1,355.9,+11.3dB,14.8us,"[0,",1,655.19,normal,0,valid,-15.0dB,-15.3dB,na,na,,,,
2025-07-30 13:41:43.145601,CSI,0x4601,2,,na,"[0,",,,1,,+30.8dB,15.4us,"[0,",1,656.8,normal,0,valid,-11.9dB,-12.1dB,0.37us,-4.4Hz,,"[6,",1111,1
2025-07-30 13:41:43.146544,PHY,0x4601,1,0,na,"[0,",0,0,1,359.4,+11.3dB,17.7us,"[0,",1,656.9,normal,0,valid,-14.9dB,-15.3dB,na,na,,,,
2025-07-30 13:41:43.150090,PHY,0x4601,2,,na,"[0,",,,11111,,+27.2dB,13.4us,"[0,",1,656.17,normal,0,valid,-12.1dB,-12.2dB,0.36us,-85.8Hz,,"[6,",,1
2025-07-30 13:41:43.151033,PHY,0x4601,1,0,na,"[0,",0,0,1,362.0,+11.3dB,15.8us,"[0,",1,656.18,normal,0,valid,-14.9dB,-15.2dB,na,na,,,,
2025-07-30 13:41:43.151505,PHY,0x4601,1,0,na,"[0,",0,0,1,353.1,+11.2dB,13.8us,"[0,",1,656.19,normal,0,valid,-15.0dB,-15.3dB,na,na,,,,
2025-07-30 13:41:43.155993,PHY,0x4601,1,0,na,"[0,",0,0,1,433.4,+12.1dB,16.0us,"[0,",1,657.8,normal,0,valid,-15.0dB,-15.3dB,na,na,,,,
2025-07-30 13:41:43.156469,PHY,0x4601,1,0,na,"[0,",0,0,1,425.3,+12.0dB,15.4us,"[0,",1,657.9,normal,0,valid,-15.0dB,-15.3dB,na,na,,,,
2025-07-30 13:41:43.160118,PHY,0x4601,2,,na,"[0,",,,11111,,+29.3dB,15.2us,"[0,",1,657.17,normal,0,valid,-12.0dB,-12.2dB,0.37us,+1.9Hz,,"[6,",,1
2025-07-30 13:41:43.160960,PHY,0x4601,1,0,na,"[0,",0,0,1,352.4,+11.2dB,16.0us,"[0,",1,657.18,normal,0,valid,-15.0dB,-15.3dB,na,na,,,,
2025-07-30 13:41:43.161541,PHY,0x4601,1,0,na,"[0,",0,0,1,350.6,+11.2dB,14.2us,"[0,",1,657.19,normal,0,valid,-15.0dB,-15.3dB,na,na,,,,
2025-07-30 13:41:43.165555,CSI,0x4601,2,,na,"[0,",,,1,,+29.6dB,12.3us,"[0,",1,658.8,normal,0,valid,-12.0dB,-12.1dB,0.36us,-38.8Hz,,"[6,",1111,1
2025-07-30 13:41:43.166500,PHY,0x4601,1,0,na,"[0,",0,0,1,347.0,+11.1dB,16.0us,"[0,",1,658.9,normal,0,valid,-15.0dB,-15.3dB,na,na,,,,
2025-07-30 13:41:43.170040,PHY,0x4601,2,,na,"[0,",,,11111,,+30.2dB,13.7us,"[0,",1,658.17,normal,0,valid,-12.1dB,-12.2dB,0.37us,-17.4Hz,,"[6,",,1
2025-07-30 13:41:43.170989,PHY,0x4601,1,0,na,"[0,",0,0,1,365.1,+11.4dB,21.6us,"[0,",1,658.18,normal,0,valid,-14.9dB,-15.2dB,na,na,,,,
2025-07-30 13:41:43.171466,PHY,0x4601,1,0,na,"[0,",0,0,1,357.2,+11.3dB,14.5us,"[0,",1,658.19,normal,0,valid,-15.0dB,-15.3dB,na,na,,,,
2025-07-30 13:41:43.175952,PHY,0x4601,1,0,na,"[0,",0,0,1,414.1,+11.9dB,16.1us,"[0,",1,659.8,normal,0,valid,-15.0dB,-15.2dB,na,na,,,,
2025-07-30 13:41:43.176538,PHY,0x4601,1,0,na,"[0,",0,0,1,411.0,+11.9dB,15.1us,"[0,",1,659.9,normal,0,valid,-15.0dB,-15.3dB,na,na,,,,
2025-07-30 13:41:43.180081,PHY,0x4601,2,,na,"[0,",,,11111,,+30.9dB,16.2us,"[0,",1,659.17,normal,0,valid,-12.2dB,-12.3dB,0.36us,+79.2Hz,,"[6,",,1
2025-07-30 13:41:43.181018,PHY,0x4601,1,0,na,"[0,",0,0,1,413.0,+11.9dB,15.1us,"[0,",1,659.18,normal,0,valid,-15.0dB,-15.3dB,na,na,,,,
2025-07-30 13:41:43.181497,PHY,0x4601,1,0,na,"[0,",0,0,1,427.2,+12.0dB,13.8us,"[0,",1,659.19,normal,0,valid,-15.0dB,-15.3dB,na,na,,,,
2025-07-30 13:41:43.185619,CSI,0x4601,2,,na,"[0,",,,1,,+28.2dB,12.0us,"[0,",1,660.8,normal,0,valid,-12.0dB,-12.1dB,0.36us,-45.3Hz,,"[6,",1111,1
2025-07-30 13:41:43.186457,PHY,0x4601,1,0,na,"[0,",0,0,1,366.3,+11.4dB,17.1us,"[0,",1,660.9,normal,0,valid,-15.0dB,-15.3dB,na,na,,,,
2025-07-30 13:41:43.190118,PHY,0x4601,2,,na,"[0,",,,11111,,+28.7dB,15.2us,"[0,",1,660.17,normal,0,valid,-12.1dB,-12.3dB,0.37us,+51.1Hz,,"[6,",,1
2025-07-30 13:41:43.190940,PHY,0x4601,1,0,na,"[0,",0,0,1,364.2,+11.4dB,15.2us,"[0,",1,660.18,normal,0,valid,-15.0dB,-15.2dB,na,na,,,,
2025-07-30 13:41:43.191524,PHY,0x4601,1,0,na,"[0,",0,0,1,349.2,+11.2dB,15.4us,"[0,",1,660.19,normal,0,valid,-15.0dB,-15.3dB,na,na,,,,
2025-07-30 13:41:43.196020,PHY,0x4601,1,0,na,"[0,",0,0,1,424.0,+12.0dB,16.4us,"[0,",1,661.8,normal,0,valid,-15.0dB,-15.3dB,na,na,,,,
2025-07-30 13:41:43.196498,PHY,0x4601,1,0,na,"[0,",0,0,1,425.9,+12.0dB,26.6us,"[0,",1,661.9,normal,0,valid,-15.0dB,-15.3dB,na,na,,,,
2025-07-30 13:41:43.200028,PHY,0x4601,2,,na,"[0,",,,11111,,+27.6dB,13.9us,"[0,",1,661.17,normal,0,valid,-12.0dB,-12.2dB,0.37us,+35.3Hz,,"[6,",,1
2025-07-30 13:41:43.200973,PHY,0x4601,1,0,na,"[0,",0,0,1,372.9,+11.5dB,14.9us,"[0,",1,661.18,normal,0,valid,-15.0dB,-15.3dB,na,na,,,,
2025-07-30 13:41:43.201459,PHY,0x4601,1,0,na,"[0,",0,0,1,348.1,+11.2dB,14.4us,"[0,",1,661.19,normal,0,valid,-14.9dB,-15.3dB,na,na,,,,
2025-07-30 13:41:43.205582,CSI,0x4601,2,,na,"[0,",,,1,,+30.5dB,15.3us,"[0,",1,662.8,normal,0,valid,-12.0dB,-12.1dB,0.37us,-19.7Hz,,"[6,",1111,1
2025-07-30 13:41:43.206515,PHY,0x4601,1,0,na,"[0,",0,0,1,356.1,+11.3dB,15.2us,"[0,",1,662.9,normal,0,valid,-15.0dB,-15.3dB,na,na,,,,
2025-07-30 13:41:43.210061,PHY,0x4601,2,,na,"[0,",,,11111,,+30.4dB,13.7us,"[0,",1,662.17,normal,0,valid,-12.1dB,-12.2dB,0.38us,+37.6Hz,,"[6,",,1
2025-07-30 13:41:43.211002,PHY,0x4601,1,0,na,"[0,",0,0,1,361.0,+11.3dB,15.0us,"[0,",1,662.18,normal,0,valid,-14.9dB,-15.3dB,na,na,,,,
2025-07-30 13:41:43.211482,PHY,0x4601,1,0,na,"[0,",0,0,1,351.4,+11.2dB,14.8us,"[0,",1,662.19,normal,0,valid,-15.0dB,-15.3dB,na,na,,,,
2025-07-30 13:41:43.215978,PHY,0x4601,1,0,na,"[0,",0,0,1,421.6,+12.0dB,16.2us,"[0,",1,663.8,normal,0,valid,-15.0dB,-15.3dB,na,na,,,,
2025-07-30 13:41:43.216442,PHY,0x4601,1,0,na,"[0,",0,0,1,429.1,+12.1dB,13.8us,"[0,",1,663.9,normal,0,valid,-15.0dB,-15.3dB,na,na,,,,
2025-07-30 13:41:43.220097,PHY,0x4601,2,,na,"[0,",,,11111,,+29.5dB,15.3us,"[0,",1,663.17,normal,0,valid,-11.9dB,-12.1dB,0.35us,+57.8Hz,,"[6,",,1
2025-07-30 13:41:43.221040,PHY,0x4601,1,0,na,"[0,",0,0,1,416.7,+12.0dB,17.6us,"[0,",1,663.18,normal,0,valid,-15.0dB,-15.2dB,na,na,,,,
2025-07-30 13:41:43.221516,PHY,0x4601,1,0,na,"[0,",0,0,1,422.4,+12.0dB,14.6us,"[0,",1,663.19,normal,0,valid,-15.0dB,-15.2dB,na,na,,,,
2025-07-30 13:41:43.225602,CSI,0x4601,2,,na,"[0,",,,1,,+28.7dB,13.7us,"[0,",1,664.8,normal,0,valid,-12.0dB,-12.1dB,0.36us,-107.0Hz,,"[6,",1111,1
2025-07-30 13:41:43.226476,PHY,0x4601,1,0,na,"[0,",0,0,1,345.1,+11.1dB,17.3us,"[0,",1,664.9,normal,0,valid,-15.0dB,-15.3dB,na,na,,,,
2025-07-30 13:41:43.230014,PHY,0x4601,2,,na,"[0,",,,11111,,+29.2dB,12.7us,"[0,",1,664.17,normal,0,valid,-12.0dB,-12.1dB,0.36us,+26.0Hz,,"[6,",,1
2025-07-30 13:41:43.230962,PHY,0x4601,1,0,na,"[0,",0,0,1,368.2,+11.4dB,17.3us,"[0,",1,664.18,normal,0,valid,-15.0dB,-15.3dB,na,na,,,,
2025-07-30 13:41:43.231550,PHY,0x4601,1,0,na,"[0,",0,0,1,355.6,+11.3dB,14.4us,"[0,",1,664.19,normal,0,valid,-15.0dB,-15.3dB,na,na,,,,
2025-07-30 13:41:43.236050,PHY,0x4601,1,0,na,"[0,",0,0,1,431.8,+12.1dB,30.6us,"[0,",1,665.8,normal,0,valid,-15.0dB,-15.2dB,na,na,,,,
2025-07-30 13:41:43.236519,PHY,0x4601,1,0,na,"[0,",0,0,1,414.2,+11.9dB,14.7us,"[0,",1,665.9,normal,0,valid,-15.0dB,-15.3dB,na,na,,,,
2025-07-30 13:41:43.240060,PHY,0x4601,2,,na,"[0,",,,11111,,+29.5dB,21.0us,"[0,",1,665.17,normal,0,valid,-12.0dB,-12.1dB,0.39us,+69.7Hz,,"[6,",,1
2025-07-30 13:41:43.241001,PHY,0x4601,1,0,na,"[0,",0,0,1,416.5,+12.0dB,23.0us,"[0,",1,665.18,normal,0,valid,-15.0dB,-15.2dB,na,na,,,,
2025-07-30 13:41:43.241480,PHY,0x4601,1,0,na,"[0,",0,0,1,421.9,+12.0dB,13.5us,"[0,",1,665.19,normal,0,valid,-15.0dB,-15.2dB,na,na,,,,
2025-07-30 13:41:43.245594,CSI,0x4601,2,,na,"[0,",,,1,,+28.6dB,14.2us,"[0,",1,666.8,normal,0,valid,-12.1dB,-12.2dB,0.37us,+31.2Hz,,"[6,",1111,1
2025-07-30 13:41:43.246547,PHY,0x4601,1,0,na,"[0,",0,0,1,360.4,+11.3dB,17.4us,"[0,",1,666.9,normal,0,valid,-15.0dB,-15.3dB,na,na,,,,
2025-07-30 13:41:43.250099,PHY,0x4601,2,,na,"[0,",,,11111,,+32.7dB,13.2us,"[0,",1,666.17,normal,0,valid,-12.1dB,-12.2dB,0.37us,+41.3Hz,,"[6,",,1
2025-07-30 13:41:43.251020,PHY,0x4601,1,0,na,"[0,",0,0,1,360.2,+11.3dB,15.3us,"[0,",1,666.18,normal,0,valid,-15.0dB,-15.2dB,na,na,,,,
2025-07-30 13:41:43.251502,PHY,0x4601,1,0,na,"[0,",0,0,1,356.9,+11.2dB,15.2us,"[0,",1,666.19,normal,0,valid,-15.0dB,-15.3dB,na,na,,,,
2025-07-30 13:41:43.255983,PHY,0x4601,1,0,na,"[0,",0,0,1,430.6,+12.1dB,15.3us,"[0,",1,667.8,normal,0,valid,-15.0dB,-15.2dB,na,na,,,,
2025-07-30 13:41:43.256456,PHY,0x4601,1,0,na,"[0,",0,0,1,421.4,+12.0dB,13.7us,"[0,",1,667.9,normal,0,valid,-15.0dB,-15.2dB,na,na,,,,
2025-07-30 13:41:43.260110,PHY,0x4601,2,,na,"[0,",,,11111,,+30.0dB,13.4us,"[0,",1,667.17,normal,0,valid,-12.1dB,-12.3dB,0.38us,+42.8Hz,,"[6,",,1
2025-07-30 13:41:43.260949,PHY,0x4601,1,0,na,"[0,",0,0,1,411.1,+11.9dB,15.2us,"[0,",1,667.18,normal,0,valid,-15.0dB,-15.3dB,na,na,,,,
2025-07-30 13:41:43.261534,PHY,0x4601,1,0,na,"[0,",0,0,1,427.8,+12.0dB,13.5us,"[0,",1,667.19,normal,0,valid,-14.9dB,-15.2dB,na,na,,,,
2025-07-30 13:41:43.265626,CSI,0x4601,2,,na,"[0,",,,1,,+32.1dB,12.1us,"[0,",1,668.8,normal,0,valid,-12.0dB,-12.1dB,0.36us,-61.5Hz,,"[6,",1111,1
2025-07-30 13:41:43.266506,PHY,0x4601,1,0,na,"[0,",0,0,1,435.0,+12.1dB,17.2us,"[0,",1,668.9,normal,0,valid,-15.0dB,-15.3dB,na,na,,,,
2025-07-30 13:41:43.270045,PHY,0x4601,2,,na,"[0,",,,11111,,+31.3dB,15.0us,"[0,",1,668.17,normal,0,valid,-12.1dB,-12.2dB,0.36us,+57.9Hz,,"[6,",,1
2025-07-30 13:41:43.270981,PHY,0x4601,1,0,na,"[0,",0,0,1,375.1,+11.5dB,15.9us,"[0,",1,668.18,normal,0,valid,-15.0dB,-15.3dB,na,na,,,,
2025-07-30 13:41:43.271451,PHY,0x4601,1,0,na,"[0,",0,0,1,362.1,+11.3dB,13.7us,"[0,",1,668.19,normal,0,valid,-15.0dB,-15.3dB,na,na,,,,
2025-07-30 13:41:43.275945,PHY,0x4601,1,0,na,"[0,",0,0,1,459.0,+12.4dB,16.9us,"[0,",1,669.8,normal,0,valid,-15.0dB,-15.2dB,na,na,,,,
2025-07-30 13:41:43.276543,PHY,0x4601,1,0,na,"[0,",0,0,1,426.2,+12.0dB,15.4us,"[0,",1,669.9,normal,0,valid,-15.0dB,-15.3dB,na,na,,,,
2025-07-30 13:41:43.280101,PHY,0x4601,2,,na,"[0,",,,11111,,+31.0dB,13.4us,"[0,",1,669.17,normal,0,valid,-12.1dB,-12.2dB,0.35us,+63.0Hz,,"[6,",,1
2025-07-30 13:41:43.281015,PHY,0x4601,1,0,na,"[0,",0,0,1,433.3,+12.1dB,16.4us,"[0,",1,669.18,normal,0,valid,-15.0dB,-15.2dB,na,na,,,,
2025-07-30 13:41:43.281488,PHY,0x4601,1,0,na,"[0,",0,0,1,413.5,+11.9dB,14.4us,"[0,",1,669.19,normal,0,valid,-15.0dB,-15.3dB,na,na,,,,
2025-07-30 13:41:43.285639,CSI,0x4601,2,,na,"[0,",,,1,,+29.6dB,12.8us,"[0,",1,670.8,normal,0,valid,-12.0dB,-12.1dB,0.37us,+95.0Hz,,"[6,",1111,1
2025-07-30 13:41:43.286455,PHY,0x4601,1,0,na,"[0,",0,0,1,415.8,+11.9dB,18.7us,"[0,",1,670.9,normal,0,valid,-15.0dB,-15.2dB,na,na,,,,
2025-07-30 13:41:43.290100,PHY,0x4601,2,,na,"[0,",,,11111,,+31.0dB,14.6us,"[0,",1,670.17,normal,0,valid,-12.1dB,-12.2dB,0.35us,+200.3Hz,,"[6,",,1
2025-07-30 13:41:43.291042,PHY,0x4601,1,0,na,"[0,",0,0,1,360.2,+11.3dB,15.4us,"[0,",1,670.18,normal,0,valid,-14.9dB,-15.3dB,na,na,,,,
2025-07-30 13:41:43.291519,PHY,0x4601,1,0,na,"[0,",0,0,1,359.9,+11.3dB,13.3us,"[0,",1,670.19,normal,0,valid,-15.0dB,-15.3dB,na,na,,,,
2025-07-30 13:41:43.296007,PHY,0x4601,1,0,na,"[0,",0,0,1,428.5,+12.0dB,16.6us,"[0,",1,671.8,normal,0,valid,-15.0dB,-15.3dB,na,na,,,,
2025-07-30 13:41:43.296485,PHY,0x4601,1,0,na,"[0,",0,0,1,424.8,+12.0dB,20.6us,"[0,",1,671.9,normal,0,valid,-15.0dB,-15.3dB,na,na,,,,
2025-07-30 13:41:43.300022,PHY,0x4601,2,,na,"[0,",,,11111,,+29.2dB,14.3us,"[0,",1,671.17,normal,0,valid,-12.1dB,-12.2dB,0.38us,+67.0Hz,,"[6,",,1
2025-07-30 13:41:43.300969,PHY,0x4601,1,0,na,"[0,",0,0,1,422.0,+12.0dB,16.0us,"[0,",1,671.18,normal,0,valid,-14.9dB,-15.2dB,na,na,,,,
2025-07-30 13:41:43.301451,PHY,0x4601,1,0,na,"[0,",0,0,1,425.5,+12.1dB,15.0us,"[0,",1,671.19,normal,0,valid,-14.9dB,-15.2dB,na,na,,,,
2025-07-30 13:41:43.305607,CSI,0x4601,2,,na,"[0,",,,1,,+28.9dB,15.0us,"[0,",1,672.8,normal,0,valid,-12.0dB,-12.1dB,0.36us,-24.5Hz,,"[6,",1111,1
2025-07-30 13:41:43.306513,PHY,0x4601,1,0,na,"[0,",0,0,1,417.4,+11.9dB,15.7us,"[0,",1,672.9,normal,0,valid,-14.9dB,-15.2dB,na,na,,,,
2025-07-30 13:41:43.310048,PHY,0x4601,2,,na,"[0,",,,11111,,+30.2dB,14.1us,"[0,",1,672.17,normal,0,valid,-12.0dB,-12.1dB,0.36us,-22.9Hz,,"[6,",,1
2025-07-30 13:41:43.310999,PHY,0x4601,1,0,na,"[0,",0,0,1,369.9,+11.4dB,17.9us,"[0,",1,672.18,normal,0,valid,-15.0dB,-15.3dB,na,na,,,,
2025-07-30 13:41:43.311504,PHY,0x4601,1,0,na,"[0,",0,0,1,350.2,+11.2dB,21.9us,"[0,",1,672.19,normal,0,valid,-14.9dB,-15.2dB,na,na,,,,
2025-07-30 13:41:43.315962,PHY,0x4601,1,0,na,"[0,",0,0,1,441.0,+12.2dB,16.4us,"[0,",1,673.8,normal,0,valid,-15.0dB,-15.2dB,na,na,,,,
2025-07-30 13:41:43.316542,PHY,0x4601,1,0,na,"[0,",0,0,1,425.3,+12.0dB,14.2us,"[0,",1,673.9,normal,0,valid,-15.0dB,-15.2dB,na,na,,,,
2025-07-30 13:41:43.320098,PHY,0x4601,2,,na,"[0,",,,11111,,+29.4dB,14.7us,"[0,",1,673.17,normal,0,valid,-12.1dB,-12.2dB,0.37us,+65.1Hz,,"[6,",,1
2025-07-30 13:41:43.321038,PHY,0x4601,1,0,na,"[0,",0,0,1,424.8,+12.0dB,22.0us,"[0,",1,673.18,normal,0,valid,-14.9dB,-15.2dB,na,na,,,,
2025-07-30 13:41:43.321503,PHY,0x4601,1,0,na,"[0,",0,0,1,418.8,+12.0dB,13.8us,"[0,",1,673.19,normal,0,valid,-15.0dB,-15.2dB,na,na,,,,
2025-07-30 13:41:43.325594,CSI,0x4601,2,,na,"[0,",,,1,,+28.0dB,11.9us,"[0,",1,674.8,normal,0,valid,-12.0dB,-12.1dB,0.37us,+34.9Hz,,"[6,",1111,1
2025-07-30 13:41:43.326478,PHY,0x4601,1,0,na,"[0,",0,0,1,362.8,+11.3dB,15.8us,"[0,",1,674.9,normal,0,valid,-15.0dB,-15.3dB,na,na,,,,
2025-07-30 13:41:43.330121,PHY,0x4601,2,,na,"[0,",,,11111,,+32.2dB,14.2us,"[0,",1,674.17,normal,0,valid,-12.1dB,-12.2dB,0.35us,-17.2Hz,,"[6,",,1
2025-07-30 13:41:43.330957,PHY,0x4601,1,0,na,"[0,",0,0,1,352.5,+11.2dB,20.4us,"[0,",1,674.18,normal,0,valid,-14.9dB,-15.3dB,na,na,,,,
2025-07-30 13:41:43.331550,PHY,0x4601,1,0,na,"[0,",0,0,1,359.9,+11.3dB,15.4us,"[0,",1,674.19,normal,0,valid,-14.9dB,-15.2dB,na,na,,,,
2025-07-30 13:41:43.336025,PHY,0x4601,1,0,na,"[0,",0,0,1,429.4,+12.1dB,17.2us,"[0,",1,675.8,normal,0,valid,-15.0dB,-15.2dB,na,na,,,,
2025-07-30 13:41:43.336511,PHY,0x4601,1,0,na,"[0,",0,0,1,409.3,+11.9dB,14.4us,"[0,",1,675.9,normal,0,valid,-15.0dB,-15.2dB,na,na,,,,
2025-07-30 13:41:43.340041,PHY,0x4601,2,,na,"[0,",,,11111,,+29.1dB,13.1us,"[0,",1,675.17,normal,0,valid,-12.1dB,-12.2dB,0.36us,+16.7Hz,,"[6,",,1
2025-07-30 13:41:43.340986,PHY,0x4601,1,0,na,"[0,",0,0,1,417.1,+11.9dB,15.9us,"[0,",1,675.18,normal,0,valid,-14.9dB,-15.2dB,na,na,,,,
2025-07-30 13:41:43.341461,PHY,0x4601,1,0,na,"[0,",0,0,1,431.3,+12.1dB,13.7us,"[0,",1,675.19,normal,0,valid,-15.0dB,-15.2dB,na,na,,,,
2025-07-30 13:41:43.345602,CSI,0x4601,2,,na,"[0,",,,1,,+30.2dB,15.5us,"[0,",1,676.8,normal,0,valid,-11.9dB,-12.1dB,0.37us,+43.4Hz,,"[6,",1111,1
2025-07-30 13:41:43.346533,PHY,0x4601,1,0,na,"[0,",0,0,1,365.4,+11.3dB,15.9us,"[0,",1,676.9,normal,0,valid,-15.0dB,-15.3dB,na,na,,,,
2025-07-30 13:41:43.350081,PHY,0x4601,2,,na,"[0,",,,11111,,+28.3dB,14.3us,"[0,",1,676.17,normal,0,valid,-12.1dB,-12.2dB,0.37us,+2.0Hz,,"[6,",,1
2025-07-30 13:41:43.351019,PHY,0x4601,1,0,na,"[0,",0,0,1,362.3,+11.4dB,16.2us,"[0,",1,676.18,normal,0,valid,-15.0dB,-15.3dB,na,na,,,,
2025-07-30 13:41:43.351486,PHY,0x4601,1,0,na,"[0,",0,0,1,358.2,+11.3dB,13.7us,"[0,",1,676.19,normal,0,valid,-15.0dB,-15.3dB,na,na,,,,
2025-07-30 13:41:43.355989,PHY,0x4601,1,0,na,"[0,",0,0,1,417.5,+11.9dB,15.3us,"[0,",1,677.8,normal,0,valid,-14.9dB,-15.2dB,na,na,,,,
2025-07-30 13:41:43.356451,PHY,0x4601,1,0,na,"[0,",0,0,1,431.9,+12.1dB,13.6us,"[0,",1,677.9,normal,0,valid,-15.0dB,-15.3dB,na,na,,,,
2025-07-30 13:41:43.360111,PHY,0x4601,2,,na,"[0,",,,11111,,+31.3dB,13.8us,"[0,",1,677.17,normal,0,valid,-12.2dB,-12.3dB,0.35us,+22.3Hz,,"[6,",,1
2025-07-30 13:41:43.360941,PHY,0x4601,1,0,na,"[0,",0,0,1,370.7,+11.4dB,16.3us,"[0,",1,677.18,normal,0,valid,-15.0dB,-15.3dB,na,na,,,,
2025-07-30 13:41:43.361520,PHY,0x4601,1,0,na,"[0,",0,0,1,356.5,+11.2dB,14.1us,"[0,",1,677.19,normal,0,valid,-15.0dB,-15.3dB,na,na,,,,
2025-07-30 13:41:43.365622,CSI,0x4601,2,,na,"[0,",,,1,,+30.6dB,19.1us,"[0,",1,678.8,normal,0,valid,-12.0dB,-12.1dB,0.36us,-146.0Hz,,"[6,",1111,1
2025-07-30 13:41:43.366491,PHY,0x4601,1,0,na,"[0,",0,0,1,431.0,+12.1dB,15.8us,"[0,",1,678.9,normal,0,valid,-15.0dB,-15.2dB,na,na,,,,
2025-07-30 13:41:43.370025,PHY,0x4601,2,,na,"[0,",,,11111,,+30.5dB,13.1us,"[0,",1,678.17,normal,0,valid,-12.1dB,-12.2dB,0.37us,-65.8Hz,,"[6,",,1
2025-07-30 13:41:43.370978,PHY,0x4601,1,0,na,"[0,",0,0,1,419.3,+12.0dB,15.1us,"[0,",1,678.18,normal,0,valid,-14.9dB,-15.2dB,na,na,,,,
2025-07-30 13:41:43.371449,PHY,0x4601,1,0,na,"[0,",0,0,1,419.8,+12.0dB,13.7us,"[0,",1,678.19,normal,0,valid,-15.0dB,-15.3dB,na,na,,,,
2025-07-30 13:41:43.376043,PHY,0x4601,1,0,na,"[0,",0,0,1,426.3,+12.1dB,16.2us,"[0,",1,679.8,normal,0,valid,-15.0dB,-15.2dB,na,na,,,,
2025-07-30 13:41:43.376523,PHY,0x4601,1,0,na,"[0,",0,0,1,417.8,+12.0dB,14.9us,"[0,",1,679.9,normal,0,valid,-15.0dB,-15.3dB,na,na,,,,
2025-07-30 13:41:43.380076,PHY,0x4601,2,,na,"[0,",,,11111,,+30.5dB,21.9us,"[0,",1,679.17,normal,0,valid,-11.9dB,-12.0dB,0.38us,+62.8Hz,,"[6,",,1
2025-07-30 13:41:43.381005,PHY,0x4601,1,0,na,"[0,",0,0,1,418.1,+11.9dB,15.0us,"[0,",1,679.18,normal,0,valid,-14.9dB,-15.2dB,na,na,,,,
2025-07-30 13:41:43.381484,PHY,0x4601,1,0,na,"[0,",0,0,1,432.1,+12.1dB,16.5us,"[0,",1,679.19,normal,0,valid,-14.9dB,-15.2dB,na,na,,,,
2025-07-30 13:41:43.385618,CSI,0x4601,2,,na,"[0,",,,1,,+32.6dB,13.1us,"[0,",1,680.8,normal,0,valid,-11.9dB,-12.1dB,0.35us,+92.4Hz,,"[6,",1111,1
2025-07-30 13:41:43.386444,PHY,0x4601,1,0,na,"[0,",0,0,1,346.5,+11.1dB,16.3us,"[0,",1,680.9,normal,0,valid,-15.0dB,-15.3dB,na,na,,,,
2025-07-30 13:41:43.390105,PHY,0x4601,2,,na,"[0,",,,11111,,+31.2dB,17.6us,"[0,",1,680.17,normal,0,valid,-12.0dB,-12.1dB,0.36us,-144.4Hz,,"[6,",,1
2025-07-30 13:41:43.391038,PHY,0x4601,1,0,na,"[0,",0,0,1,432.5,+12.1dB,16.0us,"[0,",1,680.18,normal,0,valid,-14.9dB,-15.2dB,na,na,,,,
2025-07-30 13:41:43.391516,PHY,0x4601,1,0,na,"[0,",0,0,1,418.6,+12.0dB,18.1us,"[0,",1,680.19,normal,0,valid,-14.9dB,-15.2dB,na,na,,,,
2025-07-30 13:41:43.396001,PHY,0x4601,1,0,na,"[0,",0,0,1,407.5,+11.9dB,17.1us,"[0,",1,681.8,normal,0,valid,-15.0dB,-15.2dB,na,na,,,,
2025-07-30 13:41:43.396481,PHY,0x4601,1,0,na,"[0,",0,0,1,404.1,+11.8dB,14.5us,"[0,",1,681.9,normal,0,valid,-15.0dB,-15.3dB,na,na,,,,
2025-07-30 13:41:43.400012,PHY,0x4601,2,,na,"[0,",,,11111,,+29.6dB,13.7us,"[0,",1,681.17,normal,0,valid,-12.1dB,-12.2dB,0.35us,+42.9Hz,,"[6,",,1
2025-07-30 13:41:43.400962,PHY,0x4601,1,0,na,"[0,",0,0,1,428.2,+12.1dB,15.6us,"[0,",1,681.18,normal,0,valid,-15.0dB,-15.2dB,na,na,,,,
2025-07-30 13:41:43.401548,PHY,0x4601,1,0,na,"[0,",0,0,1,419.7,+12.0dB,17.9us,"[0,",1,681.19,normal,0,valid,-15.0dB,-15.3dB,na,na,,,,
2025-07-30 13:41:43.405578,CSI,0x4601,2,,na,"[0,",,,1,,+31.0dB,17.0us,"[0,",1,682.8,normal,0,valid,-12.0dB,-12.1dB,0.37us,-57.6Hz,,"[6,",1111,1
2025-07-30 13:41:43.406511,PHY,0x4601,1,0,na,"[0,",0,0,1,346.2,+11.2dB,17.4us,"[0,",1,682.9,normal,0,valid,-15.0dB,-15.3dB,na,na,,,,
2025-07-30 13:41:43.410047,PHY,0x4601,2,,na,"[0,",,,11111,,+28.1dB,13.4us,"[0,",1,682.17,normal,0,valid,-12.0dB,-12.1dB,0.38us,-16.1Hz,,"[6,",,1
2025-07-30 13:41:43.410992,PHY,0x4601,1,0,na,"[0,",0,0,1,431.9,+12.1dB,15.6us,"[0,",1,682.18,normal,0,valid,-14.9dB,-15.2dB,na,na,,,,
2025-07-30 13:41:43.411475,PHY,0x4601,1,0,na,"[0,",0,0,1,415.1,+11.9dB,16.0us,"[0,",1,682.19,normal,0,valid,-15.0dB,-15.2dB,na,na,,,,
2025-07-30 13:41:43.415961,PHY,0x4601,1,0,na,"[0,",0,0,1,427.2,+12.1dB,16.5us,"[0,",1,683.8,normal,0,valid,-15.0dB,-15.2dB,na,na,,,,
2025-07-30 13:41:43.416539,PHY,0x4601,1,0,na,"[0,",0,0,1,418.8,+11.9dB,14.8us,"[0,",1,683.9,normal,0,valid,-15.0dB,-15.3dB,na,na,,,,
2025-07-30 13:41:43.420115,PHY,0x4601,2,,na,"[0,",,,11111,,+31.5dB,19.3us,"[0,",1,683.17,normal,0,valid,-12.1dB,-12.2dB,0.35us,-100.7Hz,,"[6,",,1
2025-07-30 13:41:43.421025,PHY,0x4601,1,0,na,"[0,",0,0,1,346.1,+11.1dB,18.6us,"[0,",1,683.18,normal,0,valid,-15.0dB,-15.3dB,na,na,,,,
2025-07-30 13:41:43.421498,PHY,0x4601,1,0,na,"[0,",0,0,1,357.5,+11.3dB,15.2us,"[0,",1,683.19,normal,0,valid,-15.0dB,-15.3dB,na,na,,,,
2025-07-30 13:41:43.425628,CSI,0x4601,2,,na,"[0,",,,1,,+30.4dB,12.8us,"[0,",1,684.8,normal,0,valid,-12.0dB,-12.1dB,0.37us,-58.3Hz,,"[6,",1111,1
2025-07-30 13:41:43.426471,PHY,0x4601,1,0,na,"[0,",0,0,1,357.6,+11.3dB,17.0us,"[0,",1,684.9,normal,0,valid,-15.0dB,-15.3dB,na,na,,,,
2025-07-30 13:41:43.430128,PHY,0x4601,2,,na,"[0,",,,11111,,+29.3dB,17.7us,"[0,",1,684.17,normal,0,valid,-11.9dB,-12.0dB,0.36us,-72.9Hz,,"[6,",,1
2025-07-30 13:41:43.430950,PHY,0x4601,1,0,na,"[0,",0,0,1,352.8,+11.2dB,15.8us,"[0,",1,684.18,normal,0,valid,-15.0dB,-15.3dB,na,na,,,,
2025-07-30 13:41:43.431530,PHY,0x4601,1,0,na,"[0,",0,0,1,349.1,+11.2dB,15.6us,"[0,",1,684.19,normal,0,valid,-15.0dB,-15.3dB,na,na,,,,
2025-07-30 13:41:43.436027,PHY,0x4601,1,0,na,"[0,",0,0,1,418.0,+11.9dB,16.8us,"[0,",1,685.8,normal,0,valid,-15.0dB,-15.3dB,na,na,,,,
2025-07-30 13:41:43.436508,PHY,0x4601,1,0,na,"[0,",0,0,1,424.8,+12.0dB,14.7us,"[0,",1,685.9,normal,0,valid,-15.0dB,-15.2dB,na,na,,,,
2025-07-30 13:41:43.440034,PHY,0x4601,2,,na,"[0,",,,11111,,+30.8dB,14.0us,"[0,",1,685.17,normal,0,valid,-11.9dB,-12.0dB,0.35us,+84.9Hz,,"[6,",,1
2025-07-30 13:41:43.440982,PHY,0x4601,1,0,na,"[0,",0,0,1,427.3,+12.1dB,15.5us,"[0,",1,685.18,normal,0,valid,-14.9dB,-15.2dB,na,na,,,,
2025-07-30 13:41:43.441451,PHY,0x4601,1,0,na,"[0,",0,0,1,421.9,+12.0dB,13.8us,"[0,",1,685.19,normal,0,valid,-14.9dB,-15.2dB,na,na,,,,
2025-07-30 13:41:43.445590,CSI,0x4601,2,,na,"[0,",,,1,,+30.8dB,15.5us,"[0,",1,686.8,normal,0,valid,-11.9dB,-12.0dB,0.37us,+29.6Hz,,"[6,",1111,1
2025-07-30 13:41:43.446523,PHY,0x4601,1,0,na,"[0,",0,0,1,352.5,+11.2dB,16.5us,"[0,",1,686.9,normal,0,valid,-15.0dB,-15.3dB,na,na,,,,
2025-07-30 13:41:43.450077,PHY,0x4601,2,,na,"[0,",,,11111,,+29.5dB,13.3us,"[0,",1,686.17,normal,0,valid,-12.2dB,-12.3dB,0.36us,-2.6Hz,,"[6,",,1
2025-07-30 13:41:43.451014,PHY,0x4601,1,0,na,"[0,",0,0,1,358.4,+11.3dB,16.1us,"[0,",1,686.18,normal,0,valid,-14.9dB,-15.3dB,na,na,,,,
2025-07-30 13:41:43.451489,PHY,0x4601,1,0,na,"[0,",0,0,1,351.4,+11.2dB,18.1us,"[0,",1,686.19,normal,0,valid,-15.0dB,-15.3dB,na,na,,,,
2025-07-30 13:41:43.455992,PHY,0x4601,1,0,na,"[0,",0,0,1,429.3,+12.1dB,16.1us,"[0,",1,687.8,normal,0,valid,-15.0dB,-15.2dB,na,na,,,,
2025-07-30 13:41:43.456452,PHY,0x4601,1,0,na,"[0,",0,0,1,410.5,+11.8dB,15.6us,"[0,",1,687.9,normal,0,valid,-15.0dB,-15.4dB,na,na,,,,
2025-07-30 13:41:43.460126,PHY,0x4601,2,,na,"[0,",,,11111,,+31.3dB,14.2us,"[0,",1,687.17,normal,0,valid,-12.1dB,-12.2dB,0.37us,+74.8Hz,,"[6,",,1
2025-07-30 13:41:43.461048,PHY,0x4601,1,0,na,"[0,",0,0,1,357.2,+11.2dB,16.2us,"[0,",1,687.18,normal,0,valid,-15.0dB,-15.3dB,na,na,,,,
2025-07-30 13:41:43.461514,PHY,0x4601,1,0,na,"[0,",0,0,1,361.4,+11.3dB,14.0us,"[0,",1,687.19,normal,0,valid,-15.0dB,-15.3dB,na,na,,,,
2025-07-30 13:41:43.465608,CSI,0x4601,2,,na,"[0,",,,1,,+29.3dB,12.2us,"[0,",1,688.8,normal,0,valid,-12.0dB,-12.1dB,0.37us,-22.1Hz,,"[6,",1111,1
2025-07-30 13:41:43.466485,PHY,0x4601,1,0,na,"[0,",0,0,1,358.3,+11.3dB,16.2us,"[0,",1,688.9,normal,0,valid,-15.0dB,-15.3dB,na,na,,,,
2025-07-30 13:41:43.470025,PHY,0x4601,2,,na,"[0,",,,11111,,+31.4dB,14.0us,"[0,",1,688.17,normal,0,valid,-12.0dB,-12.2dB,0.37us,+9.9Hz,,"[6,",,1
2025-07-30 13:41:43.470969,PHY,0x4601,1,0,na,"[0,",0,0,1,346.7,+11.1dB,17.6us,"[0,",1,688.18,normal,0,valid,-15.0dB,-15.3dB,na,na,,,,
2025-07-30 13:41:43.471440,PHY,0x4601,1,0,na,"[0,",0,0,1,344.9,+11.1dB,14.7us,"[0,",1,688.19,normal,0,valid,-15.0dB,-15.3dB,na,na,,,,
2025-07-30 13:41:43.476063,PHY,0x4601,1,0,na,"[0,",0,0,1,418.4,+11.9dB,22.3us,"[0,",1,689.8,normal,0,valid,-15.0dB,-15.2dB,na,na,,,,
2025-07-30 13:41:43.476527,PHY,0x4601,1,0,na,"[0,",0,0,1,428.2,+12.1dB,14.0us,"[0,",1,689.9,normal,0,valid,-15.0dB,-15.3dB,na,na,,,,
2025-07-30 13:41:43.480054,PHY,0x4601,2,,na,"[0,",,,11111,,+31.5dB,14.4us,"[0,",1,689.17,normal,0,valid,-12.0dB,-12.1dB,0.35us,-13.7Hz,,"[6,",,1
2025-07-30 13:41:43.480999,PHY,0x4601,1,0,na,"[0,",0,0,1,413.4,+11.9dB,15.6us,"[0,",1,689.18,normal,0,valid,-14.9dB,-15.2dB,na,na,,,,
2025-07-30 13:41:43.481478,PHY,0x4601,1,0,na,"[0,",0,0,1,416.8,+11.9dB,17.4us,"[0,",1,689.19,normal,0,valid,-15.0dB,-15.2dB,na,na,,,,
2025-07-30 13:41:43.485615,CSI,0x4601,2,,na,"[0,",,,1,,+28.5dB,14.8us,"[0,",1,690.8,normal,0,valid,-12.1dB,-12.2dB,0.38us,-72.1Hz,,"[6,",1111,1
2025-07-30 13:41:43.486545,PHY,0x4601,1,0,na,"[0,",0,0,1,347.8,+11.1dB,15.9us,"[0,",1,690.9,normal,0,valid,-14.9dB,-15.3dB,na,na,,,,
2025-07-30 13:41:43.490093,PHY,0x4601,2,,na,"[0,",,,11111,,+30.3dB,14.3us,"[0,",1,690.17,normal,0,valid,-12.1dB,-12.2dB,0.37us,-90.5Hz,,"[6,",,1
2025-07-30 13:41:43.491033,PHY,0x4601,1,0,na,"[0,",0,0,1,357.6,+11.3dB,20.9us,"[0,",1,690.18,normal,0,valid,-14.9dB,-15.2dB,na,na,,,,
2025-07-30 13:41:43.491510,PHY,0x4601,1,0,na,"[0,",0,0,1,351.1,+11.2dB,14.2us,"[0,",1,690.19,normal,0,valid,-14.9dB,-15.3dB,na,na,,,,
2025-07-30 13:41:43.496008,PHY,0x4601,1,0,na,"[0,",0,0,1,413.7,+11.9dB,18.4us,"[0,",1,691.8,normal,0,valid,-15.0dB,-15.3dB,na,na,,,,
2025-07-30 13:41:43.496468,PHY,0x4601,1,0,na,"[0,",0,0,1,420.1,+12.0dB,15.3us,"[0,",1,691.9,normal,0,valid,-15.0dB,-15.3dB,na,na,,,,
2025-07-30 13:41:43.500144,PHY,0x4601,2,,na,"[0,",,,11111,,+28.0dB,21.3us,"[0,",1,691.17,normal,0,valid,-12.0dB,-12.1dB,0.36us,+6.7Hz,,"[6,",,1
2025-07-30 13:41:43.500954,PHY,0x4601,1,0,na,"[0,",0,0,1,439.8,+12.2dB,17.1us,"[0,",1,691.18,normal,0,valid,-14.9dB,-15.2dB,na,na,,,,
2025-07-30 13:41:43.501544,PHY,0x4601,1,0,na,"[0,",0,0,1,423.9,+12.1dB,15.3us,"[0,",1,691.19,normal,0,valid,-15.0dB,-15.2dB,na,na,,,,
2025-07-30 13:41:43.505548,CSI,0x4601,2,,na,"[0,",,,1,,+28.0dB,12.3us,"[0,",1,692.8,normal,0,valid,-12.0dB,-12.1dB,0.36us,-126.4Hz,,"[6,",1111,1
2025-07-30 13:41:43.506500,PHY,0x4601,1,0,na,"[0,",0,0,1,413.9,+11.9dB,16.5us,"[0,",1,692.9,normal,0,valid,-15.0dB,-15.2dB,na,na,,,,
2025-07-30 13:41:43.510039,PHY,0x4601,2,,na,"[0,",,,11111,,+32.1dB,13.0us,"[0,",1,692.17,normal,0,valid,-12.0dB,-12.2dB,0.37us,-84.7Hz,,"[6,",,1
2025-07-30 13:41:43.510986,PHY,0x4601,1,0,na,"[0,",0,0,1,363.3,+11.3dB,15.3us,"[0,",1,692.18,normal,0,valid,-15.0dB,-15.3dB,na,na,,,,
2025-07-30 13:41:43.511467,PHY,0x4601,1,0,na,"[0,",0,0,1,345.2,+11.1dB,13.9us,"[0,",1,692.19,normal,0,valid,-15.0dB,-15.3dB,na,na,,,,
2025-07-30 13:41:43.515953,PHY,0x4601,1,0,na,"[0,",0,0,1,426.5,+12.0dB,16.7us,"[0,",1,693.8,normal,0,valid,-15.0dB,-15.3dB,na,na,,,,
2025-07-30 13:41:43.516531,PHY,0x4601,1,0,na,"[0,",0,0,1,401.2,+11.8dB,14.5us,"[0,",1,693.9,normal,0,valid,-15.0dB,-15.3dB,na,na,,,,
2025-07-30 13:41:43.520116,PHY,0x4601,2,,na,"[0,",,,11111,,+31.4dB,13.6us,"[0,",1,693.17,normal,0,valid,-12.1dB,-12.2dB,0.36us,-69.3Hz,,"[6,",,1
2025-07-30 13:41:43.521017,PHY,0x4601,1,0,na,"[0,",0,0,1,345.5,+11.1dB,15.6us,"[0,",1,693.18,normal,0,valid,-14.9dB,-15.3dB,na,na,,,,
2025-07-30 13:41:43.521490,PHY,0x4601,1,0,na,"[0,",0,0,1,371.0,+11.4dB,14.1us,"[0,",1,693.19,normal,0,valid,-15.0dB,-15.3dB,na,na,,,,
2025-07-30 13:41:43.525632,CSI,0x4601,2,,na,"[0,",,,1,,+30.2dB,16.0us,"[0,",1,694.8,normal,0,valid,-11.9dB,-12.0dB,0.38us,-38.0Hz,,"[6,",1111,1
2025-07-30 13:41:43.526458,PHY,0x4601,1,0,na,"[0,",0,0,1,422.8,+12.0dB,18.2us,"[0,",1,694.9,normal,0,valid,-15.0dB,-15.2dB,na,na,,,,
2025-07-30 13:41:43.530126,PHY,0x4601,2,,na,"[0,",,,11111,,+31.8dB,15.9us,"[0,",1,694.17,normal,0,valid,-12.1dB,-12.3dB,0.38us,+53.9Hz,,"[6,",,1
2025-07-30 13:41:43.530942,PHY,0x4601,1,0,na,"[0,",0,0,1,361.3,+11.3dB,16.1us,"[0,",1,694.18,normal,0,valid,-14.9dB,-15.3dB,na,na,,,,
2025-07-30 13:41:43.531530,PHY,0x4601,1,0,na,"[0,",0,0,1,343.3,+11.1dB,14.7us,"[0,",1,694.19,normal,0,valid,-14.9dB,-15.3dB,na,na,,,,
2025-07-30 13:41:43.536024,PHY,0x4601,1,0,na,"[0,",0,0,1,420.3,+12.0dB,18.5us,"[0,",1,695.8,normal,0,valid,-15.0dB,-15.3dB,na,na,,,,
2025-07-30 13:41:43.536498,PHY,0x4601,1,0,na,"[0,",0,0,1,406.5,+11.9dB,17.1us,"[0,",1,695.9,normal,0,valid,-15.0dB,-15.3dB,na,na,,,,
2025-07-30 13:41:43.540030,PHY,0x4601,2,,na,"[0,",,,11111,,+28.9dB,16.7us,"[0,",1,695.17,normal,0,valid,-12.1dB,-12.2dB,0.38us,+84.0Hz,,"[6,",,1
2025-07-30 13:41:43.540976,PHY,0x4601,1,0,na,"[0,",0,0,1,356.4,+11.2dB,16.0us,"[0,",1,695.18,normal,0,valid,-15.0dB,-15.3dB,na,na,,,,
2025-07-30 13:41:43.541451,PHY,0x4601,1,0,na,"[0,",0,0,1,343.1,+11.1dB,15.0us,"[0,",1,695.19,normal,0,valid,-14.9dB,-15.3dB,na,na,,,,
2025-07-30 13:41:43.545587,CSI,0x4601,2,,na,"[0,",,,1,,+28.4dB,15.3us,"[0,",1,696.8,normal,0,valid,-12.0dB,-12.1dB,0.37us,-117.9Hz,,"[6,",1111,1
2025-07-30 13:41:43.546515,PHY,0x4601,1,0,na,"[0,",0,0,1,349.9,+11.2dB,15.2us,"[0,",1,696.9,normal,0,valid,-14.9dB,-15.2dB,na,na,,,,
2025-07-30 13:41:43.550078,PHY,0x4601,2,,na,"[0,",,,11111,,+29.9dB,12.9us,"[0,",1,696.17,normal,0,valid,-12.1dB,-12.2dB,0.35us,+96.4Hz,,"[6,",,1
2025-07-30 13:41:43.551009,PHY,0x4601,1,0,na,"[0,",0,0,1,419.1,+12.0dB,14.8us,"[0,",1,696.18,normal,0,valid,-14.9dB,-15.2dB,na,na,,,,
2025-07-30 13:41:43.551492,PHY,0x4601,1,0,na,"[0,",0,0,1,402.6,+11.8dB,13.4us,"[0,",1,696.19,normal,0,valid,-14.9dB,-15.2dB,na,na,,,,
2025-07-30 13:41:43.555973,PHY,0x4601,1,0,na,"[0,",0,0,1,446.7,+12.2dB,16.6us,"[0,",1,697.8,normal,0,valid,-15.0dB,-15.3dB,na,na,,,,
2025-07-30 13:41:43.556443,PHY,0x4601,1,0,na,"[0,",0,0,1,411.9,+11.8dB,14.4us,"[0,",1,697.9,normal,0,valid,-15.0dB,-15.3dB,na,na,,,,
2025-07-30 13:41:43.560108,PHY,0x4601,2,,na,"[0,",,,11111,,+28.3dB,13.9us,"[0,",1,697.17,normal,0,valid,-12.0dB,-12.1dB,0.35us,+75.0Hz,,"[6,",,1
2025-07-30 13:41:43.561035,PHY,0x4601,1,0,na,"[0,",0,0,1,360.9,+11.3dB,16.4us,"[0,",1,697.18,normal,0,valid,-14.9dB,-15.3dB,na,na,,,,
2025-07-30 13:41:43.561515,PHY,0x4601,1,0,na,"[0,",0,0,1,352.9,+11.2dB,14.2us,"[0,",1,697.19,normal,0,valid,-15.0dB,-15.3dB,na,na,,,,
2025-07-30 13:41:43.565598,CSI,0x4601,2,,na,"[0,",,,1,,+30.3dB,11.4us,"[0,",1,698.8,normal,0,valid,-12.0dB,-12.1dB,0.38us,+7.6Hz,,"[6,",1111,1
2025-07-30 13:41:43.566474,PHY,0x4601,1,0,na,"[0,",0,0,1,349.6,+11.2dB,15.7us,"[0,",1,698.9,normal,0,valid,-15.0dB,-15.3dB,na,na,,,,
2025-07-30 13:41:43.570024,PHY,0x4601,2,,na,"[0,",,,11111,,+29.7dB,16.2us,"[0,",1,698.17,normal,0,valid,-12.0dB,-12.2dB,0.35us,+102.7Hz,,"[6,",,1
2025-07-30 13:41:43.570963,PHY,0x4601,1,0,na,"[0,",0,0,1,416.5,+11.9dB,16.2us,"[0,",1,698.18,normal,0,valid,-14.9dB,-15.2dB,na,na,,,,
2025-07-30 13:41:43.571545,PHY,0x4601,1,0,na,"[0,",0,0,1,428.3,+12.1dB,14.2us,"[0,",1,698.19,normal,0,valid,-15.0dB,-15.2dB,na,na,,,,
2025-07-30 13:41:43.576051,PHY,0x4601,1,0,na,"[0,",0,0,1,409.9,+11.9dB,24.9us,"[0,",1,699.8,normal,0,valid,-15.0dB,-15.2dB,na,na,,,,
2025-07-30 13:41:43.576527,PHY,0x4601,1,0,na,"[0,",0,0,1,402.5,+11.7dB,16.8us,"[0,",1,699.9,normal,0,valid,-15.0dB,-15.3dB,na,na,,,,
2025-07-30 13:41:43.580051,PHY,0x4601,2,,na,"[0,",,,11111,,+31.4dB,15.9us,"[0,",1,699.17,normal,0,valid,-12.0dB,-12.1dB,0.37us,+37.3Hz,,"[6,",,1
2025-07-30 13:41:43.580993,PHY,0x4601,1,0,na,"[0,",0,0,1,354.3,+11.2dB,17.2us,"[0,",1,699.18,normal,0,valid,-14.9dB,-15.3dB,na,na,,,,
2025-07-30 13:41:43.581468,PHY,0x4601,1,0,na,"[0,",0,0,1,352.4,+11.2dB,14.1us,"[0,",1,699.19,normal,0,valid,-15.0dB,-15.3dB,na,na,,,,
2025-07-30 13:41:43.585605,CSI,0x4601,2,,na,"[0,",,,1,,+32.5dB,16.1us,"[0,",1,700.8,normal,0,valid,-12.0dB,-12.1dB,0.36us,-41.3Hz,,"[6,",1111,1
2025-07-30 13:41:43.586545,PHY,0x4601,1,0,na,"[0,",0,0,1,411.3,+11.9dB,16.3us,"[0,",1,700.9,normal,0,valid,-15.0dB,-15.2dB,na,na,,,,
2025-07-30 13:41:43.590109,PHY,0x4601,2,,na,"[0,",,,11111,,+27.5dB,14.8us,"[0,",1,700.17,normal,0,valid,-12.0dB,-12.1dB,0.37us,+90.0Hz,,"[6,",,1
2025-07-30 13:41:43.591024,PHY,0x4601,1,0,na,"[0,",0,0,1,428.4,+12.0dB,18.7us,"[0,",1,700.18,normal,0,valid,-15.0dB,-15.3dB,na,na,,,,
2025-07-30 13:41:43.591500,PHY,0x4601,1,0,na,"[0,",0,0,1,398.4,+11.7dB,15.6us,"[0,",1,700.19,normal,0,valid,-15.0dB,-15.3dB,na,na,,,,
2025-07-30 13:41:43.595985,PHY,0x4601,1,0,na,"[0,",0,0,1,414.5,+11.9dB,16.4us,"[0,",1,701.8,normal,0,valid,-15.0dB,-15.3dB,na,na,,,,
2025-07-30 13:41:43.596464,PHY,0x4601,1,0,na,"[0,",0,0,1,419.3,+12.0dB,16.1us,"[0,",1,701.9,normal,0,valid,-15.0dB,-15.3dB,na,na,,,,
2025-07-30 13:41:43.600128,PHY,0x4601,2,,na,"[0,",,,11111,,+30.8dB,14.5us,"[0,",1,701.17,normal,0,valid,-12.0dB,-12.1dB,0.35us,+24.9Hz,,"[6,",,1
2025-07-30 13:41:43.600959,PHY,0x4601,1,0,na,"[0,",0,0,1,359.5,+11.3dB,20.6us,"[0,",1,701.18,normal,0,valid,-14.9dB,-15.2dB,na,na,,,,
2025-07-30 13:41:43.601527,PHY,0x4601,1,0,na,"[0,",0,0,1,354.0,+11.2dB,13.4us,"[0,",1,701.19,normal,0,valid,-15.0dB,-15.3dB,na,na,,,,
2025-07-30 13:41:43.605633,CSI,0x4601,2,,na,"[0,",,,1,,+32.5dB,14.5us,"[0,",1,702.8,normal,0,valid,-12.0dB,-12.1dB,0.37us,+90.2Hz,,"[6,",1111,1
2025-07-30 13:41:43.606501,PHY,0x4601,1,0,na,"[0,",0,0,1,342.8,+11.1dB,20.2us,"[0,",1,702.9,normal,0,valid,-15.0dB,-15.3dB,na,na,,,,
2025-07-30 13:41:43.610039,PHY,0x4601,2,,na,"[0,",,,11111,,+31.0dB,14.5us,"[0,",1,702.17,normal,0,valid,-12.1dB,-12.2dB,0.39us,+26.8Hz,,"[6,",,1
2025-07-30 13:41:43.610979,PHY,0x4601,1,0,na,"[0,",0,0,1,368.9,+11.4dB,16.6us,"[0,",1,702.18,normal,0,valid,-14.9dB,-15.2dB,na,na,,,,
2025-07-30 13:41:43.611452,PHY,0x4601,1,0,na,"[0,",0,0,1,345.0,+11.1dB,14.3us,"[0,",1,702.19,normal,0,valid,-15.0dB,-15.3dB,na,na,,,,
2025-07-30 13:41:43.615945,PHY,0x4601,1,0,na,"[0,",0,0,1,422.5,+12.0dB,18.1us,"[0,",1,703.8,normal,0,valid,-15.0dB,-15.3dB,na,na,,,,
2025-07-30 13:41:43.616529,PHY,0x4601,1,0,na,"[0,",0,0,1,421.4,+12.0dB,14.6us,"[0,",1,703.9,normal,0,valid,-15.0dB,-15.3dB,na,na,,,,
2025-07-30 13:41:43.620075,PHY,0x4601,2,,na,"[0,",,,11111,,+29.5dB,15.5us,"[0,",1,703.17,normal,0,valid,-12.1dB,-12.2dB,0.35us,-96.2Hz,,"[6,",,1
2025-07-30 13:41:43.621013,PHY,0x4601,1,0,na,"[0,",0,0,1,355.3,+11.3dB,17.8us,"[0,",1,703.18,normal,0,valid,-14.9dB,-15.2dB,na,na,,,,
2025-07-30 13:41:43.621482,PHY,0x4601,1,0,na,"[0,",0,0,1,360.6,+11.3dB,15.3us,"[0,",1,703.19,normal,0,valid,-14.9dB,-15.2dB,na,na,,,,
2025-07-30 13:41:43.625623,CSI,0x4601,2,,na,"[0,",,,1,,+28.8dB,14.9us,"[0,",1,704.8,normal,0,valid,-12.0dB,-12.1dB,0.36us,+55.9Hz,,"[6,",1111,1
2025-07-30 13:41:43.626459,PHY,0x4601,1,0,na,"[0,",0,0,1,423.0,+12.0dB,15.2us,"[0,",1,704.9,normal,0,valid,-15.0dB,-15.2dB,na,na,,,,
2025-07-30 13:41:43.630097,PHY,0x4601,2,,na,"[0,",,,11111,,+29.7dB,16.2us,"[0,",1,704.17,normal,0,valid,-12.1dB,-12.2dB,0.37us,+86.5Hz,,"[6,",,1
2025-07-30 13:41:43.631051,PHY,0x4601,1,0,na,"[0,",0,0,1,431.7,+12.1dB,15.2us,"[0,",1,704.18,normal,0,valid,-14.9dB,-15.2dB,na,na,,,,
2025-07-30 13:41:43.631515,PHY,0x4601,1,0,na,"[0,",0,0,1,405.5,+11.8dB,14.7us,"[0,",1,704.19,normal,0,valid,-14.9dB,-15.2dB,na,na,,,,
2025-07-30 13:41:43.636005,PHY,0x4601,1,0,na,"[0,",0,0,1,419.8,+12.0dB,16.9us,"[0,",1,705.8,normal,0,valid,-15.0dB,-15.3dB,na,na,,,,
2025-07-30 13:41:43.636492,PHY,0x4601,1,0,na,"[0,",0,0,1,414.9,+11.9dB,23.6us,"[0,",1,705.9,normal,0,valid,-15.0dB,-15.3dB,na,na,,,,
2025-07-30 13:41:43.640020,PHY,0x4601,2,,na,"[0,",,,11111,,+31.2dB,13.5us,"[0,",1,705.17,normal,0,valid,-12.1dB,-12.2dB,0.37us,-28.6Hz,,"[6,",,1
2025-07-30 13:41:43.640971,PHY,0x4601,1,0,na,"[0,",0,0,1,361.7,+11.4dB,15.9us,"[0,",1,705.18,normal,0,valid,-14.9dB,-15.2dB,na,na,,,,
2025-07-30 13:41:43.641444,PHY,0x4601,1,0,na,"[0,",0,0,1,351.4,+11.2dB,15.1us,"[0,",1,705.19,normal,0,valid,-14.9dB,-15.3dB,na,na,,,,
2025-07-30 13:41:43.645574,CSI,0x4601,2,,na,"[0,",,,1,,+30.6dB,15.9us,"[0,",1,706.8,normal,0,valid,-11.9dB,-12.1dB,0.38us,+16.4Hz,,"[6,",1111,1
2025-07-30 13:41:43.646515,PHY,0x4601,1,0,na,"[0,",0,0,1,419.2,+12.0dB,16.5us,"[0,",1,706.9,normal,0,valid,-15.0dB,-15.2dB,na,na,,,,
2025-07-30 13:41:43.650055,PHY,0x4601,2,,na,"[0,",,,11111,,+27.5dB,17.0us,"[0,",1,706.17,normal,0,valid,-12.0dB,-12.1dB,0.35us,+22.6Hz,,"[6,",,1
2025-07-30 13:41:43.651000,PHY,0x4601,1,0,na,"[0,",0,0,1,408.7,+11.9dB,18.2us,"[0,",1,706.18,normal,0,valid,-14.9dB,-15.2dB,na,na,,,,
2025-07-30 13:41:43.651491,PHY,0x4601,1,0,na,"[0,",0,0,1,422.4,+12.0dB,29.2us,"[0,",1,706.19,normal,0,valid,-15.0dB,-15.2dB,na,na,,,,
2025-07-30 13:41:43.655959,PHY,0x4601,1,0,na,"[0,",0,0,1,416.1,+11.9dB,16.0us,"[0,",1,707.8,normal,0,valid,-15.0dB,-15.2dB,na,na,,,,
2025-07-30 13:41:43.656544,PHY,0x4601,1,0,na,"[0,",0,0,1,410.3,+11.9dB,14.6us,"[0,",1,707.9,normal,0,valid,-15.0dB,-15.2dB,na,na,,,,
2025-07-30 13:41:43.660107,PHY,0x4601,2,,na,"[0,",,,11111,,+31.8dB,13.7us,"[0,",1,707.17,normal,0,valid,-12.1dB,-12.3dB,0.36us,-2.3Hz,,"[6,",,1
2025-07-30 13:41:43.661031,PHY,0x4601,1,0,na,"[0,",0,0,1,359.6,+11.3dB,16.2us,"[0,",1,707.18,normal,0,valid,-15.0dB,-15.2dB,na,na,,,,
2025-07-30 13:41:43.661508,PHY,0x4601,1,0,na,"[0,",0,0,1,358.5,+11.3dB,17.2us,"[0,",1,707.19,normal,0,valid,-15.0dB,-15.3dB,na,na,,,,
2025-07-30 13:41:43.665604,CSI,0x4601,2,,na,"[0,",,,1,,+28.5dB,21.0us,"[0,",1,708.8,normal,0,valid,-11.9dB,-12.1dB,0.36us,+33.2Hz,,"[6,",1111,1
2025-07-30 13:41:43.666468,PHY,0x4601,1,0,na,"[0,",0,0,1,347.3,+11.2dB,16.0us,"[0,",1,708.9,normal,0,valid,-15.0dB,-15.3dB,na,na,,,,
2025-07-30 13:41:43.670139,PHY,0x4601,2,,na,"[0,",,,11111,,+31.2dB,16.5us,"[0,",1,708.17,normal,0,valid,-12.1dB,-12.2dB,0.37us,-122.5Hz,,"[6,",,1
2025-07-30 13:41:43.670959,PHY,0x4601,1,0,na,"[0,",0,0,1,354.0,+11.2dB,15.7us,"[0,",1,708.18,normal,0,valid,-14.9dB,-15.2dB,na,na,,,,
2025-07-30 13:41:43.671537,PHY,0x4601,1,0,na,"[0,",0,0,1,348.1,+11.2dB,14.3us,"[0,",1,708.19,normal,0,valid,-15.0dB,-15.3dB,na,na,,,,
2025-07-30 13:41:43.676024,PHY,0x4601,1,0,na,"[0,",0,0,1,438.6,+12.2dB,16.8us,"[0,",1,709.8,normal,0,valid,-15.0dB,-15.2dB,na,na,,,,
2025-07-30 13:41:43.676505,PHY,0x4601,1,0,na,"[0,",0,0,1,417.6,+12.0dB,14.9us,"[0,",1,709.9,normal,0,valid,-15.0dB,-15.2dB,na,na,,,,
2025-07-30 13:41:43.680039,PHY,0x4601,2,,na,"[0,",,,11111,,+29.4dB,13.2us,"[0,",1,709.17,normal,0,valid,-12.1dB,-12.3dB,0.39us,+85.4Hz,,"[6,",,1
2025-07-30 13:41:43.680984,PHY,0x4601,1,0,na,"[0,",0,0,1,404.3,+11.8dB,15.5us,"[0,",1,709.18,normal,0,valid,-15.0dB,-15.2dB,na,na,,,,
2025-07-30 13:41:43.681463,PHY,0x4601,1,0,na,"[0,",0,0,1,416.8,+11.9dB,17.4us,"[0,",1,709.19,normal,0,valid,-15.0dB,-15.3dB,na,na,,,,
2025-07-30 13:41:43.685594,CSI,0x4601,2,,na,"[0,",,,1,,+29.5dB,14.3us,"[0,",1,710.8,normal,0,valid,-12.0dB,-12.1dB,0.36us,-79.0Hz,,"[6,",1111,1
2025-07-30 13:41:43.686534,PHY,0x4601,1,0,na,"[0,",0,0,1,345.6,+11.1dB,15.5us,"[0,",1,710.9,normal,0,valid,-14.9dB,-15.2dB,na,na,,,,
2025-07-30 13:41:43.690073,PHY,0x4601,2,,na,"[0,",,,11111,,+29.5dB,14.0us,"[0,",1,710.17,normal,0,valid,-12.1dB,-12.2dB,0.37us,+48.0Hz,,"[6,",,1
2025-07-30 13:41:43.691017,PHY,0x4601,1,0,na,"[0,",0,0,1,353.1,+11.2dB,15.2us,"[0,",1,710.18,normal,0,valid,-15.0dB,-15.3dB,na,na,,,,
2025-07-30 13:41:43.691503,PHY,0x4601,1,0,na,"[0,",0,0,1,355.6,+11.2dB,17.8us,"[0,",1,710.19,normal,0,valid,-15.0dB,-15.3dB,na,na,,,,
2025-07-30 13:41:43.695983,PHY,0x4601,1,0,na,"[0,",0,0,1,420.7,+12.0dB,16.2us,"[0,",1,711.8,normal,0,valid,-15.0dB,-15.3dB,na,na,,,,
2025-07-30 13:41:43.696449,PHY,0x4601,1,0,na,"[0,",0,0,1,431.5,+12.1dB,13.7us,"[0,",1,711.9,normal,0,valid,-15.0dB,-15.3dB,na,na,,,,
2025-07-30 13:41:43.700117,PHY,0x4601,2,,na,"[0,",,,11111,,+29.5dB,14.5us,"[0,",1,711.17,normal,0,valid,-12.2dB,-12.3dB,0.35us,+73.5Hz,,"[6,",,1
2025-07-30 13:41:43.700942,PHY,0x4601,1,0,na,"[0,",0,0,1,427.4,+12.1dB,16.3us,"[0,",1,711.18,normal,0,valid,-15.0dB,-15.3dB,na,na,,,,
2025-07-30 13:41:43.701529,PHY,0x4601,1,0,na,"[0,",0,0,1,428.2,+12.0dB,18.3us,"[0,",1,711.19,normal,0,valid,-15.0dB,-15.2dB,na,na,,,,
2025-07-30 13:41:43.705622,CSI,0x4601,2,,na,"[0,",,,1,,+29.0dB,14.7us,"[0,",1,712.8,normal,0,valid,-12.0dB,-12.2dB,0.37us,+2.7Hz,,"[6,",1111,1
2025-07-30 13:41:43.706493,PHY,0x4601,1,0,na,"[0,",0,0,1,410.3,+11.9dB,16.8us,"[0,",1,712.9,normal,0,valid,-15.0dB,-15.3dB,na,na,,,,
2025-07-30 13:41:43.710027,PHY,0x4601,2,,na,"[0,",,,11111,,+28.0dB,13.5us,"[0,",1,712.17,normal,0,valid,-12.0dB,-12.1dB,0.38us,+26.1Hz,,"[6,",,1
2025-07-30 13:41:43.710973,PHY,0x4601,1,0,na,"[0,",0,0,1,405.0,+11.8dB,15.4us,"[0,",1,712.18,normal,0,valid,-15.0dB,-15.2dB,na,na,,,,
2025-07-30 13:41:43.711448,PHY,0x4601,1,0,na,"[0,",0,0,1,418.0,+11.9dB,13.4us,"[0,",1,712.19,normal,0,valid,-15.0dB,-15.2dB,na,na,,,,
2025-07-30 13:41:43.716051,PHY,0x4601,1,0,na,"[0,",0,0,1,417.1,+11.9dB,15.4us,"[0,",1,713.8,normal,0,valid,-15.0dB,-15.3dB,na,na,,,,
2025-07-30 13:41:43.716540,PHY,0x4601,1,0,na,"[0,",0,0,1,419.7,+11.9dB,15.1us,"[0,",1,713.9,normal,0,valid,-15.0dB,-15.3dB,na,na,,,,
2025-07-30 13:41:43.720090,PHY,0x4601,2,,na,"[0,",,,11111,,+29.7dB,15.6us,"[0,",1,713.17,normal,0,valid,-12.1dB,-12.2dB,0.34us,+47.2Hz,,"[6,",,1
2025-07-30 13:41:43.721005,PHY,0x4601,1,0,na,"[0,",0,0,1,326.0,+10.9dB,15.3us,"[0,",1,713.18,normal,0,valid,-15.0dB,-15.3dB,na,na,,,,
2025-07-30 13:41:43.721487,PHY,0x4601,1,0,na,"[0,",0,0,1,345.3,+11.1dB,16.0us,"[0,",1,713.19,normal,0,valid,-15.0dB,-15.3dB,na,na,,,,
2025-07-30 13:41:43.725618,CSI,0x4601,2,,na,"[0,",,,1,,+30.5dB,13.5us,"[0,",1,714.8,normal,0,valid,-12.1dB,-12.2dB,0.37us,-20.4Hz,,"[6,",1111,1
2025-07-30 13:41:43.726457,PHY,0x4601,1,0,na,"[0,",0,0,1,354.2,+11.2dB,15.8us,"[0,",1,714.9,normal,0,valid,-14.9dB,-15.2dB,na,na,,,,
2025-07-30 13:41:43.730095,PHY,0x4601,2,,na,"[0,",,,11111,,+30.9dB,13.9us,"[0,",1,714.17,normal,0,valid,-12.0dB,-12.2dB,0.38us,-67.1Hz,,"[6,",,1
2025-07-30 13:41:43.731038,PHY,0x4601,1,0,na,"[0,",0,0,1,423.1,+12.0dB,17.5us,"[0,",1,714.18,normal,0,valid,-15.0dB,-15.2dB,na,na,,,,
2025-07-30 13:41:43.731513,PHY,0x4601,1,0,na,"[0,",0,0,1,397.2,+11.7dB,14.3us,"[0,",1,714.19,normal,0,valid,-15.0dB,-15.3dB,na,na,,,,
2025-07-30 13:41:43.736000,PHY,0x4601,1,0,na,"[0,",0,0,1,400.6,+11.8dB,15.9us,"[0,",1,715.8,normal,0,valid,-15.0dB,-15.3dB,na,na,,,,
2025-07-30 13:41:43.736484,PHY,0x4601,1,0,na,"[0,",0,0,1,400.8,+11.8dB,24.5us,"[0,",1,715.9,normal,0,valid,-15.0dB,-15.3dB,na,na,,,,
2025-07-30 13:41:43.740028,PHY,0x4601,2,,na,"[0,",,,11111,,+30.5dB,14.1us,"[0,",1,715.17,normal,0,valid,-12.2dB,-12.3dB,0.38us,-24.4Hz,,"[6,",,1
2025-07-30 13:41:43.740964,PHY,0x4601,1,0,na,"[0,",0,0,1,424.8,+12.0dB,15.6us,"[0,",1,715.18,normal,0,valid,-14.9dB,-15.2dB,na,na,,,,
2025-07-30 13:41:43.741546,PHY,0x4601,1,0,na,"[0,",0,0,1,414.2,+11.9dB,14.1us,"[0,",1,715.19,normal,0,valid,-14.9dB,-15.2dB,na,na,,,,
2025-07-30 13:41:43.745567,CSI,0x4601,2,,na,"[0,",,,1,,+29.5dB,14.0us,"[0,",1,716.8,normal,0,valid,-12.0dB,-12.1dB,0.38us,-42.7Hz,,"[6,",1111,1
2025-07-30 13:41:43.746508,PHY,0x4601,1,0,na,"[0,",0,0,1,406.5,+11.8dB,17.0us,"[0,",1,716.9,normal,0,valid,-14.9dB,-15.2dB,na,na,,,,
2025-07-30 13:41:43.750047,PHY,0x4601,2,,na,"[0,",,,11111,,+30.4dB,13.3us,"[0,",1,716.17,normal,0,valid,-12.1dB,-12.3dB,0.36us,+127.3Hz,,"[6,",,1
2025-07-30 13:41:43.750991,PHY,0x4601,1,0,na,"[0,",0,0,1,414.9,+11.9dB,15.7us,"[0,",1,716.18,normal,0,valid,-15.0dB,-15.2dB,na,na,,,,
2025-07-30 13:41:43.751465,PHY,0x4601,1,0,na,"[0,",0,0,1,401.9,+11.8dB,14.0us,"[0,",1,716.19,normal,0,valid,-15.0dB,-15.3dB,na,na,,,,
2025-07-30 13:41:43.755955,PHY,0x4601,1,0,na,"[0,",0,0,1,424.2,+12.0dB,16.4us,"[0,",1,717.8,normal,0,valid,-15.0dB,-15.2dB,na,na,,,,
2025-07-30 13:41:43.756537,PHY,0x4601,1,0,na,"[0,",0,0,1,403.9,+11.8dB,14.7us,"[0,",1,717.9,normal,0,valid,-15.0dB,-15.3dB,na,na,,,,
2025-07-30 13:41:43.760083,PHY,0x4601,2,,na,"[0,",,,11111,,+30.9dB,15.1us,"[0,",1,717.17,normal,0,valid,-12.1dB,-12.3dB,0.36us,+40.7Hz,,"[6,",,1
2025-07-30 13:41:43.761030,PHY,0x4601,1,0,na,"[0,",0,0,1,407.1,+11.8dB,18.2us,"[0,",1,717.18,normal,0,valid,-14.9dB,-15.2dB,na,na,,,,
2025-07-30 13:41:43.761506,PHY,0x4601,1,0,na,"[0,",0,0,1,415.1,+11.9dB,16.5us,"[0,",1,717.19,normal,0,valid,-15.0dB,-15.2dB,na,na,,,,
2025-07-30 13:41:43.765606,CSI,0x4601,2,,na,"[0,",,,1,,+31.8dB,14.2us,"[0,",1,718.8,normal,0,valid,-12.0dB,-12.1dB,0.35us,-6.5Hz,,"[6,",1111,1
2025-07-30 13:41:43.766477,PHY,0x4601,1,0,na,"[0,",0,0,1,361.9,+11.3dB,19.7us,"[0,",1,718.9,normal,0,valid,-15.0dB,-15.3dB,na,na,,,,
2025-07-30 13:41:43.770112,PHY,0x4601,2,,na,"[0,",,,11111,,+30.4dB,13.3us,"[0,",1,718.17,normal,0,valid,-12.1dB,-12.3dB,0.37us,+84.5Hz,,"[6,",,1
2025-07-30 13:41:43.770953,PHY,0x4601,1,0,na,"[0,",0,0,1,425.3,+12.0dB,19.1us,"[0,",1,718.18,normal,0,valid,-14.9dB,-15.2dB,na,na,,,,
2025-07-30 13:41:43.771531,PHY,0x4601,1,0,na,"[0,",0,0,1,406.5,+11.8dB,17.6us,"[0,",1,718.19,normal,0,valid,-14.9dB,-15.3dB,na,na,,,,
2025-07-30 13:41:43.776028,PHY,0x4601,1,0,na,"[0,",0,0,1,424.8,+12.0dB,19.3us,"[0,",1,719.8,normal,0,valid,-15.0dB,-15.2dB,na,na,,,,
2025-07-30 13:41:43.776515,PHY,0x4601,1,0,na,"[0,",0,0,1,404.0,+11.8dB,18.3us,"[0,",1,719.9,normal,0,valid,-15.0dB,-15.3dB,na,na,,,,
2025-07-30 13:41:43.780037,PHY,0x4601,2,,na,"[0,",,,11111,,+28.0dB,14.6us,"[0,",1,719.17,normal,0,valid,-12.2dB,-12.3dB,0.36us,+127.1Hz,,"[6,",,1
2025-07-30 13:41:43.780980,PHY,0x4601,1,0,na,"[0,",0,0,1,347.7,+11.2dB,15.6us,"[0,",1,719.18,normal,0,valid,-15.0dB,-15.3dB,na,na,,,,
2025-07-30 13:41:43.781458,PHY,0x4601,1,0,na,"[0,",0,0,1,345.6,+11.1dB,17.0us,"[0,",1,719.19,normal,0,valid,-15.0dB,-15.3dB,na,na,,,,
2025-07-30 13:41:43.785580,CSI,0x4601,2,,na,"[0,",,,1,,+30.8dB,12.3us,"[0,",1,720.8,normal,0,valid,-12.0dB,-12.1dB,0.36us,-100.8Hz,,"[6,",1111,1
2025-07-30 13:41:43.786521,PHY,0x4601,1,0,na,"[0,",0,0,1,352.7,+11.2dB,15.1us,"[0,",1,720.9,normal,0,valid,-14.9dB,-15.2dB,na,na,,,,
2025-07-30 13:41:43.790067,PHY,0x4601,2,,na,"[0,",,,11111,,+30.7dB,12.4us,"[0,",1,720.17,normal,0,valid,-12.1dB,-12.3dB,0.38us,+47.6Hz,,"[6,",,1
2025-07-30 13:41:43.791011,PHY,0x4601,1,0,na,"[0,",0,0,1,354.2,+11.2dB,15.6us,"[0,",1,720.18,normal,0,valid,-14.9dB,-15.3dB,na,na,,,,
2025-07-30 13:41:43.791487,PHY,0x4601,1,0,na,"[0,",0,0,1,349.9,+11.2dB,17.6us,"[0,",1,720.19,normal,0,valid,-14.9dB,-15.3dB,na,na,,,,
2025-07-30 13:41:43.795986,PHY,0x4601,1,0,na,"[0,",0,0,1,419.4,+11.9dB,19.6us,"[0,",1,721.8,normal,0,valid,-15.0dB,-15.3dB,na,na,,,,
2025-07-30 13:41:43.796455,PHY,0x4601,1,0,na,"[0,",0,0,1,424.9,+12.0dB,16.4us,"[0,",1,721.9,normal,0,valid,-15.0dB,-15.3dB,na,na,,,,
2025-07-30 13:41:43.800100,PHY,0x4601,2,,na,"[0,",,,11111,,+28.3dB,16.9us,"[0,",1,721.17,normal,0,valid,-12.1dB,-12.2dB,0.35us,-57.4Hz,,"[6,",,1
2025-07-30 13:41:43.801051,PHY,0x4601,1,0,na,"[0,",0,0,1,406.1,+11.8dB,24.9us,"[0,",1,721.18,normal,0,valid,-15.0dB,-15.2dB,na,na,,,,
2025-07-30 13:41:43.801515,PHY,0x4601,1,0,na,"[0,",0,0,1,404.5,+11.8dB,14.6us,"[0,",1,721.19,normal,0,valid,-14.9dB,-15.2dB,na,na,,,,
2025-07-30 13:41:43.805619,CSI,0x4601,2,,na,"[0,",,,1,,+29.0dB,11.2us,"[0,",1,722.8,normal,0,valid,-12.0dB,-12.2dB,0.39us,+27.4Hz,,"[6,",1111,1
2025-07-30 13:41:43.806481,PHY,0x4601,1,0,na,"[0,",0,0,1,350.4,+11.2dB,16.0us,"[0,",1,722.9,normal,0,valid,-15.0dB,-15.3dB,na,na,,,,
2025-07-30 13:41:43.810018,PHY,0x4601,2,,na,"[0,",,,11111,,+30.4dB,13.5us,"[0,",1,722.17,normal,0,valid,-12.1dB,-12.2dB,0.36us,-69.7Hz,,"[6,",,1
2025-07-30 13:41:43.810965,PHY,0x4601,1,0,na,"[0,",0,0,1,361.1,+11.3dB,15.2us,"[0,",1,722.18,normal,0,valid,-15.0dB,-15.3dB,na,na,,,,
2025-07-30 13:41:43.811444,PHY,0x4601,1,0,na,"[0,",0,0,1,354.5,+11.2dB,14.4us,"[0,",1,722.19,normal,0,valid,-15.0dB,-15.3dB,na,na,,,,
2025-07-30 13:41:43.816053,PHY,0x4601,1,0,na,"[0,",0,0,1,415.3,+11.9dB,20.0us,"[0,",1,723.8,normal,0,valid,-15.0dB,-15.3dB,na,na,,,,
2025-07-30 13:41:43.816533,PHY,0x4601,1,0,na,"[0,",0,0,1,406.5,+11.8dB,14.7us,"[0,",1,723.9,normal,0,valid,-15.0dB,-15.3dB,na,na,,,,
2025-07-30 13:41:43.820092,PHY,0x4601,2,,na,"[0,",,,11111,,+32.8dB,16.1us,"[0,",1,723.17,normal,0,valid,-12.2dB,-12.3dB,0.38us,-137.0Hz,,"[6,",,1
2025-07-30 13:41:43.821003,PHY,0x4601,1,0,na,"[0,",0,0,1,431.4,+12.1dB,16.8us,"[0,",1,723.18,normal,0,valid,-14.9dB,-15.2dB,na,na,,,,
2025-07-30 13:41:43.821485,PHY,0x4601,1,0,na,"[0,",0,0,1,428.6,+12.0dB,20.6us,"[0,",1,723.19,normal,0,valid,-14.9dB,-15.2dB,na,na,,,,
2025-07-30 13:41:43.825612,CSI,0x4601,2,,na,"[0,",,,1,,+33.8dB,15.9us,"[0,",1,724.8,normal,0,valid,-11.9dB,-12.0dB,0.37us,-13.7Hz,,"[6,",1111,1
2025-07-30 13:41:43.826545,PHY,0x4601,1,0,na,"[0,",0,0,1,404.4,+11.8dB,16.9us,"[0,",1,724.9,normal,0,valid,-15.0dB,-15.3dB,na,na,,,,
2025-07-30 13:41:43.830094,PHY,0x4601,2,,na,"[0,",,,11111,,+29.8dB,14.3us,"[0,",1,724.17,normal,0,valid,-12.0dB,-12.1dB,0.35us,-35.1Hz,,"[6,",,1
2025-07-30 13:41:43.831029,PHY,0x4601,1,0,na,"[0,",0,0,1,345.6,+11.1dB,15.3us,"[0,",1,724.18,normal,0,valid,-15.0dB,-15.3dB,na,na,,,,
2025-07-30 13:41:43.831506,PHY,0x4601,1,0,na,"[0,",0,0,1,340.1,+11.1dB,15.1us,"[0,",1,724.19,normal,0,valid,-14.9dB,-15.2dB,na,na,,,,
2025-07-30 13:41:43.836000,PHY,0x4601,1,0,na,"[0,",0,0,1,419.1,+12.0dB,16.5us,"[0,",1,725.8,normal,0,valid,-15.0dB,-15.2dB,na,na,,,,
2025-07-30 13:41:43.836482,PHY,0x4601,1,0,na,"[0,",0,0,1,421.1,+12.0dB,14.4us,"[0,",1,725.9,normal,0,valid,-15.0dB,-15.3dB,na,na,,,,
2025-07-30 13:41:43.840129,PHY,0x4601,2,,na,"[0,",,,11111,,+31.3dB,14.7us,"[0,",1,725.17,normal,0,valid,-12.0dB,-12.1dB,0.36us,+10.1Hz,,"[6,",,1
2025-07-30 13:41:43.840954,PHY,0x4601,1,0,na,"[0,",0,0,1,346.6,+11.1dB,16.0us,"[0,",1,725.18,normal,0,valid,-15.0dB,-15.3dB,na,na,,,,
2025-07-30 13:41:43.841534,PHY,0x4601,1,0,na,"[0,",0,0,1,336.8,+11.0dB,13.4us,"[0,",1,725.19,normal,0,valid,-15.0dB,-15.3dB,na,na,,,,
2025-07-30 13:41:43.845571,CSI,0x4601,2,,na,"[0,",,,1,,+28.6dB,12.3us,"[0,",1,726.8,normal,0,valid,-11.9dB,-12.0dB,0.37us,-124.4Hz,,"[6,",1111,1
2025-07-30 13:41:43.846505,PHY,0x4601,1,0,na,"[0,",0,0,1,422.5,+12.0dB,16.4us,"[0,",1,726.9,normal,0,valid,-15.0dB,-15.2dB,na,na,,,,
2025-07-30 13:41:43.850040,PHY,0x4601,2,,na,"[0,",,,11111,,+28.1dB,13.9us,"[0,",1,726.17,normal,0,valid,-12.2dB,-12.3dB,0.38us,-27.4Hz,,"[6,",,1
2025-07-30 13:41:43.850985,PHY,0x4601,1,0,na,"[0,",0,0,1,338.8,+11.0dB,15.7us,"[0,",1,726.18,normal,0,valid,-14.9dB,-15.3dB,na,na,,,,
2025-07-30 13:41:43.851458,PHY,0x4601,1,0,na,"[0,",0,0,1,352.7,+11.2dB,14.0us,"[0,",1,726.19,normal,0,valid,-15.0dB,-15.3dB,na,na,,,,
2025-07-30 13:41:43.856029,PHY,0x4601,1,0,na,"[0,",0,0,1,426.0,+12.0dB,16.4us,"[0,",1,727.8,normal,0,valid,-15.0dB,-15.2dB,na,na,,,,
2025-07-30 13:41:43.856534,PHY,0x4601,1,0,na,"[0,",0,0,1,440.6,+12.2dB,15.6us,"[0,",1,727.9,normal,0,valid,-15.0dB,-15.3dB,na,na,,,,
2025-07-30 13:41:43.860079,PHY,0x4601,2,,na,"[0,",,,11111,,+28.3dB,14.9us,"[0,",1,727.17,normal,0,valid,-12.1dB,-12.2dB,0.37us,+185.3Hz,,"[6,",,1
2025-07-30 13:41:43.861021,PHY,0x4601,1,0,na,"[0,",0,0,1,331.4,+11.0dB,22.1us,"[0,",1,727.18,normal,0,valid,-14.9dB,-15.2dB,na,na,,,,
2025-07-30 13:41:43.861497,PHY,0x4601,1,0,na,"[0,",0,0,1,340.1,+11.1dB,16.7us,"[0,",1,727.19,normal,0,valid,-14.9dB,-15.2dB,na,na,,,,
2025-07-30 13:41:43.865634,CSI,0x4601,2,,na,"[0,",,,1,,+30.3dB,15.8us,"[0,",1,728.8,normal,0,valid,-12.0dB,-12.1dB,0.37us,-0.5Hz,,"[6,",1111,1
2025-07-30 13:41:43.866453,PHY,0x4601,1,0,na,"[0,",0,0,1,402.4,+11.8dB,16.1us,"[0,",1,728.9,normal,0,valid,-15.0dB,-15.2dB,na,na,,,,
2025-07-30 13:41:43.870118,PHY,0x4601,2,,na,"[0,",,,11111,,+30.4dB,16.3us,"[0,",1,728.17,normal,0,valid,-12.1dB,-12.2dB,0.37us,-97.7Hz,,"[6,",,1
2025-07-30 13:41:43.870941,PHY,0x4601,1,0,na,"[0,",0,0,1,345.9,+11.1dB,15.4us,"[0,",1,728.18,normal,0,valid,-14.9dB,-15.3dB,na,na,,,,
2025-07-30 13:41:43.871519,PHY,0x4601,1,0,na,"[0,",0,0,1,332.4,+11.0dB,13.8us,"[0,",1,728.19,normal,0,valid,-14.9dB,-15.2dB,na,na,,,,
2025-07-30 13:41:43.876037,PHY,0x4601,1,0,na,"[0,",0,0,1,422.5,+12.0dB,18.6us,"[0,",1,729.8,normal,0,valid,-15.0dB,-15.2dB,na,na,,,,
2025-07-30 13:41:43.876512,PHY,0x4601,1,0,na,"[0,",0,0,1,426.1,+12.1dB,14.6us,"[0,",1,729.9,normal,0,valid,-15.0dB,-15.2dB,na,na,,,,
2025-07-30 13:41:43.880028,PHY,0x4601,2,,na,"[0,",,,11111,,+30.3dB,15.0us,"[0,",1,729.17,normal,0,valid,-12.1dB,-12.2dB,0.35us,-35.2Hz,,"[6,",,1
2025-07-30 13:41:43.880981,PHY,0x4601,1,0,na,"[0,",0,0,1,413.6,+11.9dB,18.1us,"[0,",1,729.18,normal,0,valid,-14.9dB,-15.2dB,na,na,,,,
2025-07-30 13:41:43.881456,PHY,0x4601,1,0,na,"[0,",0,0,1,411.7,+11.9dB,16.2us,"[0,",1,729.19,normal,0,valid,-14.9dB,-15.2dB,na,na,,,,
2025-07-30 13:41:43.885584,CSI,0x4601,2,,na,"[0,",,,1,,+28.7dB,13.7us,"[0,",1,730.8,normal,0,valid,-11.9dB,-12.1dB,0.36us,-17.0Hz,,"[6,",1111,1
2025-07-30 13:41:43.886514,PHY,0x4601,1,0,na,"[0,",0,0,1,351.0,+11.2dB,15.7us,"[0,",1,730.9,normal,0,valid,-15.0dB,-15.3dB,na,na,,,,
2025-07-30 13:41:43.890060,PHY,0x4601,2,,na,"[0,",,,11111,,+31.9dB,13.2us,"[0,",1,730.17,normal,0,valid,-12.1dB,-12.2dB,0.38us,+51.7Hz,,"[6,",,1
2025-07-30 13:41:43.891004,PHY,0x4601,1,0,na,"[0,",0,0,1,346.0,+11.1dB,15.6us,"[0,",1,730.18,normal,0,valid,-14.9dB,-15.3dB,na,na,,,,
2025-07-30 13:41:43.891482,PHY,0x4601,1,0,na,"[0,",0,0,1,350.4,+11.2dB,13.5us,"[0,",1,730.19,normal,0,valid,-14.9dB,-15.2dB,na,na,,,,
2025-07-30 13:41:43.895974,PHY,0x4601,1,0,na,"[0,",0,0,1,413.5,+11.9dB,17.4us,"[0,",1,731.8,normal,0,valid,-15.0dB,-15.3dB,na,na,,,,
2025-07-30 13:41:43.896450,PHY,0x4601,1,0,na,"[0,",0,0,1,408.7,+11.9dB,20.7us,"[0,",1,731.9,normal,0,valid,-15.0dB,-15.3dB,na,na,,,,
2025-07-30 13:41:43.900105,PHY,0x4601,2,,na,"[0,",,,11111,,+27.9dB,14.8us,"[0,",1,731.17,normal,0,valid,-12.1dB,-12.2dB,0.38us,+36.2Hz,,"[6,",,1
2025-07-30 13:41:43.901041,PHY,0x4601,1,0,na,"[0,",0,0,1,415.6,+11.9dB,16.3us,"[0,",1,731.18,normal,0,valid,-15.0dB,-15.3dB,na,na,,,,
2025-07-30 13:41:43.901514,PHY,0x4601,1,0,na,"[0,",0,0,1,411.3,+11.9dB,15.8us,"[0,",1,731.19,normal,0,valid,-15.0dB,-15.2dB,na,na,,,,
2025-07-30 13:41:43.905606,CSI,0x4601,2,,na,"[0,",,,1,,+30.7dB,15.3us,"[0,",1,732.8,normal,0,valid,-12.0dB,-12.1dB,0.38us,-47.6Hz,,"[6,",1111,1
2025-07-30 13:41:43.906475,PHY,0x4601,1,0,na,"[0,",0,0,1,352.4,+11.2dB,15.5us,"[0,",1,732.9,normal,0,valid,-15.0dB,-15.3dB,na,na,,,,
2025-07-30 13:41:43.910011,PHY,0x4601,2,,na,"[0,",,,11111,,+29.3dB,13.2us,"[0,",1,732.17,normal,0,valid,-11.9dB,-12.1dB,0.37us,-52.1Hz,,"[6,",,1
2025-07-30 13:41:43.910960,PHY,0x4601,1,0,na,"[0,",0,0,1,428.9,+12.0dB,15.5us,"[0,",1,732.18,normal,0,valid,-14.9dB,-15.2dB,na,na,,,,
2025-07-30 13:41:43.911546,PHY,0x4601,1,0,na,"[0,",0,0,1,409.3,+11.9dB,13.8us,"[0,",1,732.19,normal,0,valid,-14.9dB,-15.2dB,na,na,,,,
2025-07-30 13:41:43.916034,PHY,0x4601,1,0,na,"[0,",0,0,1,420.0,+12.0dB,16.7us,"[0,",1,733.8,normal,0,valid,-15.0dB,-15.3dB,na,na,,,,
2025-07-30 13:41:43.916521,PHY,0x4601,1,0,na,"[0,",0,0,1,419.1,+12.0dB,14.3us,"[0,",1,733.9,normal,0,valid,-15.0dB,-15.3dB,na,na,,,,
2025-07-30 13:41:43.920051,PHY,0x4601,2,,na,"[0,",,,11111,,+29.2dB,14.5us,"[0,",1,733.17,normal,0,valid,-12.0dB,-12.1dB,0.35us,-6.7Hz,,"[6,",,1
2025-07-30 13:41:43.920992,PHY,0x4601,1,0,na,"[0,",0,0,1,339.1,+11.1dB,15.8us,"[0,",1,733.18,normal,0,valid,-14.9dB,-15.3dB,na,na,,,,
2025-07-30 13:41:43.921482,PHY,0x4601,1,0,na,"[0,",0,0,1,349.6,+11.2dB,17.7us,"[0,",1,733.19,normal,0,valid,-15.0dB,-15.3dB,na,na,,,,
2025-07-30 13:41:43.925593,CSI,0x4601,2,,na,"[0,",,,1,,+30.3dB,12.6us,"[0,",1,734.8,normal,0,valid,-12.0dB,-12.1dB,0.38us,+33.5Hz,,"[6,",1111,1
2025-07-30 13:41:43.926540,PHY,0x4601,1,0,na,"[0,",0,0,1,355.9,+11.3dB,15.3us,"[0,",1,734.9,normal,0,valid,-14.9dB,-15.3dB,na,na,,,,
2025-07-30 13:41:43.930096,PHY,0x4601,2,,na,"[0,",,,11111,,+28.9dB,16.7us,"[0,",1,734.17,normal,0,valid,-12.1dB,-12.2dB,0.39us,-70.9Hz,,"[6,",,1
2025-07-30 13:41:43.931025,PHY,0x4601,1,0,na,"[0,",0,0,1,417.1,+11.9dB,18.9us,"[0,",1,734.18,normal,0,valid,-14.9dB,-15.2dB,na,na,,,,
2025-07-30 13:41:43.931495,PHY,0x4601,1,0,na,"[0,",0,0,1,422.8,+12.0dB,14.6us,"[0,",1,734.19,normal,0,valid,-15.0dB,-15.2dB,na,na,,,,
2025-07-30 13:41:43.935988,PHY,0x4601,1,0,na,"[0,",0,0,1,425.2,+12.0dB,16.1us,"[0,",1,735.8,normal,0,valid,-15.0dB,-15.3dB,na,na,,,,
2025-07-30 13:41:43.936463,PHY,0x4601,1,0,na,"[0,",0,0,1,433.4,+12.1dB,14.0us,"[0,",1,735.9,normal,0,valid,-14.9dB,-15.2dB,na,na,,,,
2025-07-30 13:41:43.940122,PHY,0x4601,2,,na,"[0,",,,11111,,+31.3dB,15.1us,"[0,",1,735.17,normal,0,valid,-12.0dB,-12.1dB,0.35us,-49.2Hz,,"[6,",,1
2025-07-30 13:41:43.940948,PHY,0x4601,1,0,na,"[0,",0,0,1,404.4,+11.8dB,16.2us,"[0,",1,735.18,normal,0,valid,-14.9dB,-15.2dB,na,na,,,,
2025-07-30 13:41:43.941527,PHY,0x4601,1,0,na,"[0,",0,0,1,407.1,+11.8dB,16.0us,"[0,",1,735.19,normal,0,valid,-14.9dB,-15.2dB,na,na,,,,
2025-07-30 13:41:43.945621,CSI,0x4601,2,,na,"[0,",,,1,,+30.6dB,14.7us,"[0,",1,736.8,normal,0,valid,-12.0dB,-12.1dB,0.36us,+104.1Hz,,"[6,",1111,1
2025-07-30 13:41:43.946503,PHY,0x4601,1,0,na,"[0,",0,0,1,412.2,+11.9dB,20.7us,"[0,",1,736.9,normal,0,valid,-14.9dB,-15.2dB,na,na,,,,
2025-07-30 13:41:43.950039,PHY,0x4601,2,,na,"[0,",,,11111,,+28.1dB,13.4us,"[0,",1,736.17,normal,0,valid,-12.1dB,-12.2dB,0.37us,-101.3Hz,,"[6,",,1
2025-07-30 13:41:43.950979,PHY,0x4601,1,0,na,"[0,",0,0,1,396.9,+11.7dB,16.7us,"[0,",1,736.18,normal,0,valid,-15.0dB,-15.2dB,na,na,,,,
2025-07-30 13:41:43.951451,PHY,0x4601,1,0,na,"[0,",0,0,1,420.7,+12.0dB,14.0us,"[0,",1,736.19,normal,0,valid,-15.0dB,-15.2dB,na,na,,,,
2025-07-30 13:41:43.955947,PHY,0x4601,1,0,na,"[0,",0,0,1,421.8,+12.0dB,22.7us,"[0,",1,737.8,normal,0,valid,-15.0dB,-15.2dB,na,na,,,,
2025-07-30 13:41:43.956542,PHY,0x4601,1,0,na,"[0,",0,0,1,396.7,+11.7dB,15.3us,"[0,",1,737.9,normal,0,valid,-15.0dB,-15.3dB,na,na,,,,
2025-07-30 13:41:43.960071,PHY,0x4601,2,,na,"[0,",,,11111,,+31.6dB,14.0us,"[0,",1,737.17,normal,0,valid,-12.1dB,-12.2dB,0.35us,-55.5Hz,,"[6,",,1
2025-07-30 13:41:43.961015,PHY,0x4601,1,0,na,"[0,",0,0,1,418.3,+12.0dB,16.0us,"[0,",1,737.18,normal,0,valid,-15.0dB,-15.2dB,na,na,,,,
2025-07-30 13:41:43.961479,PHY,0x4601,1,0,na,"[0,",0,0,1,415.6,+11.9dB,13.9us,"[0,",1,737.19,normal,0,valid,-14.9dB,-15.2dB,na,na,,,,
2025-07-30 13:41:43.965619,CSI,0x4601,2,,na,"[0,",,,1,,+30.8dB,15.8us,"[0,",1,738.8,normal,0,valid,-12.0dB,-12.1dB,0.37us,-119.0Hz,,"[6,",1111,1
2025-07-30 13:41:43.966455,PHY,0x4601,1,0,na,"[0,",0,0,1,337.0,+11.0dB,15.7us,"[0,",1,738.9,normal,0,valid,-15.0dB,-15.3dB,na,na,,,,
2025-07-30 13:41:43.970104,PHY,0x4601,2,,na,"[0,",,,11111,,+29.0dB,15.8us,"[0,",1,738.17,normal,0,valid,-12.0dB,-12.1dB,0.37us,+140.4Hz,,"[6,",,1
2025-07-30 13:41:43.971042,PHY,0x4601,1,0,na,"[0,",0,0,1,389.7,+11.6dB,15.8us,"[0,",1,738.18,normal,0,valid,-14.9dB,-15.2dB,na,na,,,,
2025-07-30 13:41:43.971518,PHY,0x4601,1,0,na,"[0,",0,0,1,412.0,+11.9dB,13.8us,"[0,",1,738.19,normal,0,valid,-14.9dB,-15.2dB,na,na,,,,
2025-07-30 13:41:43.976016,PHY,0x4601,1,0,na,"[0,",0,0,1,414.2,+11.9dB,22.8us,"[0,",1,739.8,normal,0,valid,-15.0dB,-15.2dB,na,na,,,,
2025-07-30 13:41:43.976488,PHY,0x4601,1,0,na,"[0,",0,0,1,407.2,+11.9dB,23.7us,"[0,",1,739.9,normal,0,valid,-15.0dB,-15.2dB,na,na,,,,
2025-07-30 13:41:43.980019,PHY,0x4601,2,,na,"[0,",,,11111,,+29.7dB,15.3us,"[0,",1,739.17,normal,0,valid,-12.2dB,-12.3dB,0.36us,+76.0Hz,,"[6,",,1
2025-07-30 13:41:43.980968,PHY,0x4601,1,0,na,"[0,",0,0,1,356.5,+11.3dB,16.3us,"[0,",1,739.18,normal,0,valid,-15.0dB,-15.3dB,na,na,,,,
2025-07-30 13:41:43.981437,PHY,0x4601,1,0,na,"[0,",0,0,1,359.6,+11.3dB,14.4us,"[0,",1,739.19,normal,0,valid,-15.0dB,-15.3dB,na,na,,,,
2025-07-30 13:41:43.985579,CSI,0x4601,2,,na,"[0,",,,1,,+29.1dB,12.6us,"[0,",1,740.8,normal,0,valid,-12.1dB,-12.2dB,0.36us,-5.7Hz,,"[6,",1111,1
2025-07-30 13:41:43.986523,PHY,0x4601,1,0,na,"[0,",0,0,1,419.2,+12.0dB,15.6us,"[0,",1,740.9,normal,0,valid,-15.0dB,-15.3dB,na,na,,,,
2025-07-30 13:41:43.990071,PHY,0x4601,2,,na,"[0,",,,11111,,+29.4dB,14.6us,"[0,",1,740.17,normal,0,valid,-12.0dB,-12.1dB,0.36us,-49.1Hz,,"[6,",,1
2025-07-30 13:41:43.990998,PHY,0x4601,1,0,na,"[0,",0,0,1,396.5,+11.7dB,15.4us,"[0,",1,740.18,normal,0,valid,-14.9dB,-15.2dB,na,na,,,,
2025-07-30 13:41:43.991477,PHY,0x4601,1,0,na,"[0,",0,0,1,426.0,+12.0dB,14.0us,"[0,",1,740.19,normal,0,valid,-15.0dB,-15.2dB,na,na,,,,
2025-07-30 13:41:43.995966,PHY,0x4601,1,0,na,"[0,",0,0,1,438.0,+12.2dB,15.9us,"[0,",1,741.8,normal,0,valid,-15.0dB,-15.2dB,na,na,,,,
2025-07-30 13:41:43.996550,PHY,0x4601,1,0,na,"[0,",0,0,1,415.5,+11.9dB,20.2us,"[0,",1,741.9,normal,0,valid,-15.0dB,-15.3dB,na,na,,,,
2025-07-30 13:41:44.000091,PHY,0x4601,2,,na,"[0,",,,11111,,+31.5dB,14.5us,"[0,",1,741.17,normal,0,valid,-12.1dB,-12.2dB,0.36us,+49.1Hz,,"[6,",,1
2025-07-30 13:41:44.001033,PHY,0x4601,1,0,na,"[0,",0,0,1,422.7,+12.0dB,17.8us,"[0,",1,741.18,normal,0,valid,-15.0dB,-15.2dB,na,na,,,,
2025-07-30 13:41:44.001506,PHY,0x4601,1,0,na,"[0,",0,0,1,417.6,+12.0dB,17.3us,"[0,",1,741.19,normal,0,valid,-15.0dB,-15.3dB,na,na,,,,
2025-07-30 13:41:44.005614,CSI,0x4601,2,,na,"[0,",,,1,,+28.9dB,12.9us,"[0,",1,742.8,normal,0,valid,-12.0dB,-12.1dB,0.38us,+18.3Hz,,"[6,",1111,1
2025-07-30 13:41:44.006490,PHY,0x4601,1,0,na,"[0,",0,0,1,433.8,+12.1dB,19.2us,"[0,",1,742.9,normal,0,valid,-14.9dB,-15.2dB,na,na,,,,
2025-07-30 13:41:44.010153,PHY,0x4601,2,,na,"[0,",,,11111,,+29.2dB,17.3us,"[0,",1,742.17,normal,0,valid,-12.1dB,-12.2dB,0.35us,+69.8Hz,,"[6,",,1
2025-07-30 13:41:44.010952,PHY,0x4601,1,0,na,"[0,",0,0,1,346.9,+11.1dB,16.5us,"[0,",1,742.18,normal,0,valid,-14.9dB,-15.2dB,na,na,,,,
2025-07-30 13:41:44.011533,PHY,0x4601,1,0,na,"[0,",0,0,1,346.4,+11.1dB,14.7us,"[0,",1,742.19,normal,0,valid,-14.9dB,-15.3dB,na,na,,,,
2025-07-30 13:41:44.016036,PHY,0x4601,1,0,na,"[0,",0,0,1,431.8,+12.1dB,26.8us,"[0,",1,743.8,normal,0,valid,-14.9dB,-15.2dB,na,na,,,,
2025-07-30 13:41:44.016511,PHY,0x4601,1,0,na,"[0,",0,0,1,416.3,+11.9dB,15.1us,"[0,",1,743.9,normal,0,valid,-15.0dB,-15.3dB,na,na,,,,
2025-07-30 13:41:44.020043,PHY,0x4601,2,,na,"[0,",,,11111,,+29.6dB,14.3us,"[0,",1,743.17,normal,0,valid,-12.1dB,-12.2dB,0.38us,-67.7Hz,,"[6,",,1
2025-07-30 13:41:44.020992,PHY,0x4601,1,0,na,"[0,",0,0,1,346.8,+11.1dB,16.8us,"[0,",1,743.18,normal,0,valid,-14.9dB,-15.3dB,na,na,,,,
2025-07-30 13:41:44.021461,PHY,0x4601,1,0,na,"[0,",0,0,1,352.0,+11.2dB,14.6us,"[0,",1,743.19,normal,0,valid,-15.0dB,-15.3dB,na,na,,,,
2025-07-30 13:41:44.025601,CSI,0x4601,2,,na,"[0,",,,1,,+28.8dB,14.8us,"[0,",1,744.8,normal,0,valid,-12.0dB,-12.1dB,0.39us,-183.8Hz,,"[6,",1111,1
2025-07-30 13:41:44.026531,PHY,0x4601,1,0,na,"[0,",0,0,1,355.0,+11.2dB,15.8us,"[0,",1,744.9,normal,0,valid,-15.0dB,-15.3dB,na,na,,,,
2025-07-30 13:41:44.030109,PHY,0x4601,2,,na,"[0,",,,11111,,+31.6dB,19.9us,"[0,",1,744.17,normal,0,valid,-12.0dB,-12.1dB,0.36us,-58.7Hz,,"[6,",,1
2025-07-30 13:41:44.031016,PHY,0x4601,1,0,na,"[0,",0,0,1,348.8,+11.2dB,15.8us,"[0,",1,744.18,normal,0,valid,-15.0dB,-15.3dB,na,na,,,,
2025-07-30 13:41:44.031492,PHY,0x4601,1,0,na,"[0,",0,0,1,355.9,+11.3dB,15.9us,"[0,",1,744.19,normal,0,valid,-14.9dB,-15.2dB,na,na,,,,
2025-07-30 13:41:44.035982,PHY,0x4601,1,0,na,"[0,",0,0,1,419.8,+12.0dB,16.1us,"[0,",1,745.8,normal,0,valid,-15.0dB,-15.2dB,na,na,,,,
2025-07-30 13:41:44.036451,PHY,0x4601,1,0,na,"[0,",0,0,1,420.6,+12.0dB,14.8us,"[0,",1,745.9,normal,0,valid,-15.0dB,-15.3dB,na,na,,,,
2025-07-30 13:41:44.040118,PHY,0x4601,2,,na,"[0,",,,11111,,+29.4dB,14.2us,"[0,",1,745.17,normal,0,valid,-12.2dB,-12.3dB,0.38us,+40.5Hz,,"[6,",,1
2025-07-30 13:41:44.040933,PHY,0x4601,1,0,na,"[0,",0,0,1,422.2,+12.0dB,16.1us,"[0,",1,745.18,normal,0,valid,-15.0dB,-15.2dB,na,na,,,,
2025-07-30 13:41:44.041518,PHY,0x4601,1,0,na,"[0,",0,0,1,422.2,+12.0dB,15.1us,"[0,",1,745.19,normal,0,valid,-14.9dB,-15.2dB,na,na,,,,
2025-07-30 13:41:44.045613,CSI,0x4601,2,,na,"[0,",,,1,,+31.5dB,13.9us,"[0,",1,746.8,normal,0,valid,-11.9dB,-12.0dB,0.37us,+22.0Hz,,"[6,",1111,1
2025-07-30 13:41:44.046492,PHY,0x4601,1,0,na,"[0,",0,0,1,348.2,+11.2dB,23.0us,"[0,",1,746.9,normal,0,valid,-14.9dB,-15.3dB,na,na,,,,
2025-07-30 13:41:44.050029,PHY,0x4601,2,,na,"[0,",,,11111,,+30.6dB,16.7us,"[0,",1,746.17,normal,0,valid,-12.0dB,-12.2dB,0.37us,-83.1Hz,,"[6,",,1
2025-07-30 13:41:44.050968,PHY,0x4601,1,0,na,"[0,",0,0,1,346.4,+11.1dB,16.7us,"[0,",1,746.18,normal,0,valid,-14.9dB,-15.3dB,na,na,,,,
2025-07-30 13:41:44.051442,PHY,0x4601,1,0,na,"[0,",0,0,1,338.5,+11.0dB,14.4us,"[0,",1,746.19,normal,0,valid,-15.0dB,-15.3dB,na,na,,,,
2025-07-30 13:41:44.056039,PHY,0x4601,1,0,na,"[0,",0,0,1,428.0,+12.0dB,17.7us,"[0,",1,747.8,normal,0,valid,-15.0dB,-15.2dB,na,na,,,,
2025-07-30 13:41:44.056524,PHY,0x4601,1,0,na,"[0,",0,0,1,413.8,+11.9dB,15.4us,"[0,",1,747.9,normal,0,valid,-15.0dB,-15.3dB,na,na,,,,
2025-07-30 13:41:44.060098,PHY,0x4601,2,,na,"[0,",,,11111,,+29.1dB,15.1us,"[0,",1,747.17,normal,0,valid,-12.1dB,-12.3dB,0.36us,+10.2Hz,,"[6,",,1
2025-07-30 13:41:44.060999,PHY,0x4601,1,0,na,"[0,",0,0,1,351.4,+11.2dB,15.5us,"[0,",1,747.18,normal,0,valid,-14.9dB,-15.3dB,na,na,,,,
2025-07-30 13:41:44.061475,PHY,0x4601,1,0,na,"[0,",0,0,1,352.1,+11.2dB,14.5us,"[0,",1,747.19,normal,0,valid,-15.0dB,-15.3dB,na,na,,,,
2025-07-30 13:41:44.065600,CSI,0x4601,2,,na,"[0,",,,1,,+28.3dB,14.6us,"[0,",1,748.8,normal,0,valid,-12.0dB,-12.1dB,0.37us,+15.8Hz,,"[6,",1111,1
2025-07-30 13:41:44.066438,PHY,0x4601,1,0,na,"[0,",0,0,1,414.6,+11.9dB,16.4us,"[0,",1,748.9,normal,0,valid,-15.0dB,-15.3dB,na,na,,,,
2025-07-30 13:41:44.070095,PHY,0x4601,2,,na,"[0,",,,11111,,+31.3dB,17.4us,"[0,",1,748.17,normal,0,valid,-12.0dB,-12.1dB,0.38us,+97.8Hz,,"[6,",,1
2025-07-30 13:41:44.071030,PHY,0x4601,1,0,na,"[0,",0,0,1,412.3,+11.9dB,15.8us,"[0,",1,748.18,normal,0,valid,-14.9dB,-15.2dB,na,na,,,,
2025-07-30 13:41:44.071506,PHY,0x4601,1,0,na,"[0,",0,0,1,404.5,+11.8dB,14.0us,"[0,",1,748.19,normal,0,valid,-14.9dB,-15.2dB,na,na,,,,
2025-07-30 13:41:44.075993,PHY,0x4601,1,0,na,"[0,",0,0,1,418.1,+11.9dB,16.1us,"[0,",1,749.8,normal,0,valid,-15.0dB,-15.3dB,na,na,,,,
2025-07-30 13:41:44.076466,PHY,0x4601,1,0,na,"[0,",0,0,1,419.8,+11.9dB,14.5us,"[0,",1,749.9,normal,0,valid,-15.0dB,-15.3dB,na,na,,,,
2025-07-30 13:41:44.080012,PHY,0x4601,2,,na,"[0,",,,11111,,+30.1dB,13.7us,"[0,",1,749.17,normal,0,valid,-12.1dB,-12.2dB,0.36us,-85.1Hz,,"[6,",,1
2025-07-30 13:41:44.080953,PHY,0x4601,1,0,na,"[0,",0,0,1,343.5,+11.1dB,15.4us,"[0,",1,749.18,normal,0,valid,-14.9dB,-15.3dB,na,na,,,,
2025-07-30 13:41:44.081542,PHY,0x4601,1,0,na,"[0,",0,0,1,338.3,+11.1dB,14.0us,"[0,",1,749.19,normal,0,valid,-15.0dB,-15.3dB,na,na,,,,
2025-07-30 13:41:44.085578,CSI,0x4601,2,,na,"[0,",,,1,,+28.5dB,14.4us,"[0,",1,750.8,normal,0,valid,-12.1dB,-12.2dB,0.37us,-44.6Hz,,"[6,",1111,1
2025-07-30 13:41:44.086500,PHY,0x4601,1,0,na,"[0,",0,0,1,348.5,+11.2dB,16.8us,"[0,",1,750.9,normal,0,valid,-15.0dB,-15.3dB,na,na,,,,
2025-07-30 13:41:44.090044,PHY,0x4601,2,,na,"[0,",,,11111,,+30.7dB,14.4us,"[0,",1,750.17,normal,0,valid,-12.0dB,-12.1dB,0.39us,+12.3Hz,,"[6,",,1
2025-07-30 13:41:44.090985,PHY,0x4601,1,0,na,"[0,",0,0,1,336.6,+11.0dB,16.2us,"[0,",1,750.18,normal,0,valid,-15.0dB,-15.3dB,na,na,,,,
2025-07-30 13:41:44.091459,PHY,0x4601,1,0,na,"[0,",0,0,1,364.9,+11.4dB,13.5us,"[0,",1,750.19,normal,0,valid,-14.9dB,-15.3dB,na,na,,,,
2025-07-30 13:41:44.095948,PHY,0x4601,1,0,na,"[0,",0,0,1,418.5,+11.9dB,16.4us,"[0,",1,751.8,normal,0,valid,-15.0dB,-15.3dB,na,na,,,,
2025-07-30 13:41:44.096544,PHY,0x4601,1,0,na,"[0,",0,0,1,433.7,+12.1dB,15.2us,"[0,",1,751.9,normal,0,valid,-15.0dB,-15.2dB,na,na,,,,
2025-07-30 13:41:44.100116,PHY,0x4601,2,,na,"[0,",,,11111,,+30.2dB,14.2us,"[0,",1,751.17,normal,0,valid,-11.9dB,-12.1dB,0.36us,+61.5Hz,,"[6,",,1
2025-07-30 13:41:44.101017,PHY,0x4601,1,0,na,"[0,",0,0,1,345.0,+11.1dB,16.1us,"[0,",1,751.18,normal,0,valid,-15.0dB,-15.3dB,na,na,,,,
2025-07-30 13:41:44.101494,PHY,0x4601,1,0,na,"[0,",0,0,1,341.9,+11.1dB,18.0us,"[0,",1,751.19,normal,0,valid,-14.9dB,-15.2dB,na,na,,,,
2025-07-30 13:41:44.105582,CSI,0x4601,2,,na,"[0,",,,1,,+30.1dB,11.9us,"[0,",1,752.8,normal,0,valid,-12.0dB,-12.2dB,0.40us,-74.6Hz,,"[6,",1111,1
2025-07-30 13:41:44.106457,PHY,0x4601,1,0,na,"[0,",0,0,1,334.2,+10.9dB,17.4us,"[0,",1,752.9,normal,0,valid,-15.0dB,-15.3dB,na,na,,,,
2025-07-30 13:41:44.110120,PHY,0x4601,2,,na,"[0,",,,11111,,+30.2dB,13.6us,"[0,",1,752.17,normal,0,valid,-12.1dB,-12.3dB,0.36us,-94.2Hz,,"[6,",,1
2025-07-30 13:41:44.110955,PHY,0x4601,1,0,na,"[0,",0,0,1,411.2,+11.9dB,16.0us,"[0,",1,752.18,normal,0,valid,-15.0dB,-15.2dB,na,na,,,,
2025-07-30 13:41:44.111527,PHY,0x4601,1,0,na,"[0,",0,0,1,405.8,+11.8dB,14.7us,"[0,",1,752.19,normal,0,valid,-14.9dB,-15.2dB,na,na,,,,
2025-07-30 13:41:44.116035,PHY,0x4601,1,0,na,"[0,",0,0,1,402.0,+11.8dB,16.1us,"[0,",1,753.8,normal,0,valid,-14.9dB,-15.2dB,na,na,,,,
2025-07-30 13:41:44.116505,PHY,0x4601,1,0,na,"[0,",0,0,1,405.9,+11.8dB,18.2us,"[0,",1,753.9,normal,0,valid,-15.0dB,-15.3dB,na,na,,,,
2025-07-30 13:41:44.120044,PHY,0x4601,2,,na,"[0,",,,11111,,+30.5dB,14.6us,"[0,",1,753.17,normal,0,valid,-12.1dB,-12.3dB,0.38us,+85.8Hz,,"[6,",,1
2025-07-30 13:41:44.120980,PHY,0x4601,1,0,na,"[0,",0,0,1,415.5,+11.9dB,17.3us,"[0,",1,753.18,normal,0,valid,-14.9dB,-15.2dB,na,na,,,,
2025-07-30 13:41:44.121457,PHY,0x4601,1,0,na,"[0,",0,0,1,426.5,+12.1dB,17.9us,"[0,",1,753.19,normal,0,valid,-15.0dB,-15.2dB,na,na,,,,
2025-07-30 13:41:44.125590,CSI,0x4601,2,,na,"[0,",,,1,,+31.4dB,15.7us,"[0,",1,754.8,normal,0,valid,-12.0dB,-12.1dB,0.38us,+12.8Hz,,"[6,",1111,1
2025-07-30 13:41:44.126522,PHY,0x4601,1,0,na,"[0,",0,0,1,353.6,+11.2dB,15.9us,"[0,",1,754.9,normal,0,valid,-14.9dB,-15.3dB,na,na,,,,
2025-07-30 13:41:44.130071,PHY,0x4601,2,,na,"[0,",,,11111,,+31.3dB,13.7us,"[0,",1,754.17,normal,0,valid,-12.1dB,-12.2dB,0.39us,+11.1Hz,,"[6,",,1
2025-07-30 13:41:44.131017,PHY,0x4601,1,0,na,"[0,",0,0,1,431.6,+12.1dB,18.6us,"[0,",1,754.18,normal,0,valid,-14.9dB,-15.2dB,na,na,,,,
2025-07-30 13:41:44.131488,PHY,0x4601,1,0,na,"[0,",0,0,1,407.4,+11.8dB,15.2us,"[0,",1,754.19,normal,0,valid,-15.0dB,-15.2dB,na,na,,,,
2025-07-30 13:41:44.135984,PHY,0x4601,1,0,na,"[0,",0,0,1,417.7,+11.9dB,17.6us,"[0,",1,755.8,normal,0,valid,-15.0dB,-15.3dB,na,na,,,,
2025-07-30 13:41:44.136452,PHY,0x4601,1,0,na,"[0,",0,0,1,406.9,+11.8dB,18.0us,"[0,",1,755.9,normal,0,valid,-15.0dB,-15.3dB,na,na,,,,
2025-07-30 13:41:44.140120,PHY,0x4601,2,,na,"[0,",,,11111,,+29.2dB,15.9us,"[0,",1,755.17,normal,0,valid,-12.1dB,-12.2dB,0.36us,+53.8Hz,,"[6,",,1
2025-07-30 13:41:44.141049,PHY,0x4601,1,0,na,"[0,",0,0,1,403.8,+11.8dB,17.2us,"[0,",1,755.18,normal,0,valid,-15.0dB,-15.2dB,na,na,,,,
2025-07-30 13:41:44.141514,PHY,0x4601,1,0,na,"[0,",0,0,1,389.3,+11.7dB,13.9us,"[0,",1,755.19,normal,0,valid,-15.0dB,-15.2dB,na,na,,,,
2025-07-30 13:41:44.145617,CSI,0x4601,2,,na,"[0,",,,1,,+28.2dB,14.0us,"[0,",1,756.8,normal,0,valid,-11.9dB,-12.0dB,0.38us,-19.3Hz,,"[6,",1111,1
2025-07-30 13:41:44.146489,PHY,0x4601,1,0,na,"[0,",0,0,1,416.0,+11.9dB,16.9us,"[0,",1,756.9,normal,0,valid,-14.9dB,-15.2dB,na,na,,,,
2025-07-30 13:41:44.150018,PHY,0x4601,2,,na,"[0,",,,11111,,+30.1dB,13.2us,"[0,",1,756.17,normal,0,valid,-12.0dB,-12.2dB,0.37us,+8.7Hz,,"[6,",,1
2025-07-30 13:41:44.150966,PHY,0x4601,1,0,na,"[0,",0,0,1,432.0,+12.1dB,16.3us,"[0,",1,756.18,normal,0,valid,-15.0dB,-15.2dB,na,na,,,,
2025-07-30 13:41:44.151437,PHY,0x4601,1,0,na,"[0,",0,0,1,406.3,+11.8dB,13.7us,"[0,",1,756.19,normal,0,valid,-14.9dB,-15.2dB,na,na,,,,
2025-07-30 13:41:44.156035,PHY,0x4601,1,0,na,"[0,",0,0,1,413.4,+11.9dB,19.5us,"[0,",1,757.8,normal,0,valid,-15.0dB,-15.3dB,na,na,,,,
2025-07-30 13:41:44.156521,PHY,0x4601,1,0,na,"[0,",0,0,1,417.7,+11.9dB,19.5us,"[0,",1,757.9,normal,0,valid,-15.0dB,-15.3dB,na,na,,,,
2025-07-30 13:41:44.160060,PHY,0x4601,2,,na,"[0,",,,11111,,+29.6dB,17.3us,"[0,",1,757.17,normal,0,valid,-11.9dB,-12.0dB,0.36us,+89.2Hz,,"[6,",,1
2025-07-30 13:41:44.161001,PHY,0x4601,1,0,na,"[0,",0,0,1,399.6,+11.8dB,17.6us,"[0,",1,757.18,normal,0,valid,-14.9dB,-15.2dB,na,na,,,,
2025-07-30 13:41:44.161476,PHY,0x4601,1,0,na,"[0,",0,0,1,420.3,+12.0dB,13.9us,"[0,",1,757.19,normal,0,valid,-14.9dB,-15.2dB,na,na,,,,
2025-07-30 13:41:44.165609,CSI,0x4601,2,,na,"[0,",,,1,,+32.2dB,14.6us,"[0,",1,758.8,normal,0,valid,-11.9dB,-12.0dB,0.36us,-21.1Hz,,"[6,",1111,1
2025-07-30 13:41:44.166542,PHY,0x4601,1,0,na,"[0,",0,0,1,349.0,+11.1dB,15.6us,"[0,",1,758.9,normal,0,valid,-15.0dB,-15.4dB,na,na,,,,
2025-07-30 13:41:44.170119,PHY,0x4601,2,,na,"[0,",,,11111,,+28.9dB,12.9us,"[0,",1,758.17,normal,0,valid,-12.0dB,-12.1dB,0.39us,+108.8Hz,,"[6,",,1
2025-07-30 13:41:44.171029,PHY,0x4601,1,0,na,"[0,",0,0,1,413.2,+11.9dB,15.8us,"[0,",1,758.18,normal,0,valid,-14.9dB,-15.2dB,na,na,,,,
2025-07-30 13:41:44.171511,PHY,0x4601,1,0,na,"[0,",0,0,1,421.1,+12.0dB,16.0us,"[0,",1,758.19,normal,0,valid,-15.0dB,-15.2dB,na,na,,,,
2025-07-30 13:41:44.175994,PHY,0x4601,1,0,na,"[0,",0,0,1,403.6,+11.8dB,16.3us,"[0,",1,759.8,normal,0,valid,-15.0dB,-15.3dB,na,na,,,,
2025-07-30 13:41:44.176465,PHY,0x4601,1,0,na,"[0,",0,0,1,401.2,+11.8dB,14.6us,"[0,",1,759.9,normal,0,valid,-15.0dB,-15.2dB,na,na,,,,
2025-07-30 13:41:44.180118,PHY,0x4601,2,,na,"[0,",,,11111,,+32.1dB,17.6us,"[0,",1,759.17,normal,0,valid,-12.1dB,-12.2dB,0.37us,+53.2Hz,,"[6,",,1
2025-07-30 13:41:44.180953,PHY,0x4601,1,0,na,"[0,",0,0,1,388.7,+11.6dB,16.2us,"[0,",1,759.18,normal,0,valid,-15.0dB,-15.2dB,na,na,,,,
2025-07-30 13:41:44.181532,PHY,0x4601,1,0,na,"[0,",0,0,1,412.9,+11.9dB,14.3us,"[0,",1,759.19,normal,0,valid,-15.0dB,-15.2dB,na,na,,,,
2025-07-30 13:41:44.185562,CSI,0x4601,2,,na,"[0,",,,1,,+30.0dB,16.4us,"[0,",1,760.8,normal,0,valid,-12.0dB,-12.1dB,0.36us,-23.2Hz,,"[6,",1111,1
2025-07-30 13:41:44.186497,PHY,0x4601,1,0,na,"[0,",0,0,1,392.1,+11.7dB,16.5us,"[0,",1,760.9,normal,0,valid,-15.0dB,-15.3dB,na,na,,,,
2025-07-30 13:41:44.190041,PHY,0x4601,2,,na,"[0,",,,11111,,+29.5dB,13.5us,"[0,",1,760.17,normal,0,valid,-12.1dB,-12.3dB,0.38us,+42.1Hz,,"[6,",,1
2025-07-30 13:41:44.191000,PHY,0x4601,1,0,na,"[0,",0,0,1,340.5,+11.0dB,22.5us,"[0,",1,760.18,normal,0,valid,-14.9dB,-15.3dB,na,na,,,,
2025-07-30 13:41:44.191464,PHY,0x4601,1,0,na,"[0,",0,0,1,350.2,+11.2dB,15.8us,"[0,",1,760.19,normal,0,valid,-14.9dB,-15.3dB,na,na,,,,
2025-07-30 13:41:44.195968,PHY,0x4601,1,0,na,"[0,",0,0,1,406.8,+11.8dB,16.6us,"[0,",1,761.8,normal,0,valid,-15.0dB,-15.3dB,na,na,,,,
2025-07-30 13:41:44.196546,PHY,0x4601,1,0,na,"[0,",0,0,1,386.5,+11.6dB,19.7us,"[0,",1,761.9,normal,0,valid,-15.0dB,-15.3dB,na,na,,,,
2025-07-30 13:41:44.200085,PHY,0x4601,2,,na,"[0,",,,11111,,+29.7dB,17.5us,"[0,",1,761.17,normal,0,valid,-12.2dB,-12.2dB,0.33us,-95.0Hz,,"[6,",,1
2025-07-30 13:41:44.201018,PHY,0x4601,1,0,na,"[0,",0,0,1,355.3,+11.2dB,16.1us,"[0,",1,761.18,normal,0,valid,-15.0dB,-15.3dB,na,na,,,,
2025-07-30 13:41:44.201490,PHY,0x4601,1,0,na,"[0,",0,0,1,348.3,+11.2dB,14.2us,"[0,",1,761.19,normal,0,valid,-14.9dB,-15.2dB,na,na,,,,
2025-07-30 13:41:44.205629,CSI,0x4601,2,,na,"[0,",,,1,,+29.2dB,13.4us,"[0,",1,762.8,normal,0,valid,-11.9dB,-12.0dB,0.36us,+1.7Hz,,"[6,",1111,1
2025-07-30 13:41:44.206454,PHY,0x4601,1,0,na,"[0,",0,0,1,336.9,+11.0dB,16.7us,"[0,",1,762.9,normal,0,valid,-15.0dB,-15.3dB,na,na,,,,
2025-07-30 13:41:44.210135,PHY,0x4601,2,,na,"[0,",,,11111,,+28.8dB,13.9us,"[0,",1,762.17,normal,0,valid,-12.0dB,-12.1dB,0.34us,-108.4Hz,,"[6,",,1
2025-07-30 13:41:44.210940,PHY,0x4601,1,0,na,"[0,",0,0,1,357.2,+11.3dB,16.6us,"[0,",1,762.18,normal,0,valid,-14.9dB,-15.2dB,na,na,,,,
2025-07-30 13:41:44.211527,PHY,0x4601,1,0,na,"[0,",0,0,1,344.2,+11.1dB,14.9us,"[0,",1,762.19,normal,0,valid,-15.0dB,-15.3dB,na,na,,,,
2025-07-30 13:41:44.216022,PHY,0x4601,1,0,na,"[0,",0,0,1,413.5,+11.9dB,16.4us,"[0,",1,763.8,normal,0,valid,-14.9dB,-15.2dB,na,na,,,,
2025-07-30 13:41:44.216503,PHY,0x4601,1,0,na,"[0,",0,0,1,416.8,+11.9dB,14.8us,"[0,",1,763.9,normal,0,valid,-15.0dB,-15.3dB,na,na,,,,
2025-07-30 13:41:44.220026,PHY,0x4601,2,,na,"[0,",,,11111,,+28.7dB,13.9us,"[0,",1,763.17,normal,0,valid,-12.0dB,-12.1dB,0.36us,+75.9Hz,,"[6,",,1
2025-07-30 13:41:44.220975,PHY,0x4601,1,0,na,"[0,",0,0,1,351.4,+11.2dB,15.5us,"[0,",1,763.18,normal,0,valid,-15.0dB,-15.3dB,na,na,,,,
2025-07-30 13:41:44.221462,PHY,0x4601,1,0,na,"[0,",0,0,1,342.1,+11.1dB,21.5us,"[0,",1,763.19,normal,0,valid,-15.0dB,-15.3dB,na,na,,,,
2025-07-30 13:41:44.225579,CSI,0x4601,2,,na,"[0,",,,1,,+29.3dB,13.2us,"[0,",1,764.8,normal,0,valid,-12.0dB,-12.1dB,0.36us,-29.5Hz,,"[6,",1111,1
2025-07-30 13:41:44.226516,PHY,0x4601,1,0,na,"[0,",0,0,1,342.8,+11.1dB,15.5us,"[0,",1,764.9,normal,0,valid,-15.0dB,-15.3dB,na,na,,,,
2025-07-30 13:41:44.230088,PHY,0x4601,2,,na,"[0,",,,11111,,+30.8dB,13.8us,"[0,",1,764.17,normal,0,valid,-12.1dB,-12.2dB,0.36us,+65.0Hz,,"[6,",,1
2025-07-30 13:41:44.231007,PHY,0x4601,1,0,na,"[0,",0,0,1,404.4,+11.8dB,15.5us,"[0,",1,764.18,normal,0,valid,-15.0dB,-15.3dB,na,na,,,,
2025-07-30 13:41:44.231484,PHY,0x4601,1,0,na,"[0,",0,0,1,405.2,+11.8dB,15.9us,"[0,",1,764.19,normal,0,valid,-15.0dB,-15.2dB,na,na,,,,
2025-07-30 13:41:44.235982,PHY,0x4601,1,0,na,"[0,",0,0,1,406.2,+11.8dB,17.8us,"[0,",1,765.8,normal,0,valid,-15.0dB,-15.3dB,na,na,,,,
2025-07-30 13:41:44.236439,PHY,0x4601,1,0,na,"[0,",0,0,1,421.1,+12.0dB,15.0us,"[0,",1,765.9,normal,0,valid,-15.0dB,-15.3dB,na,na,,,,
2025-07-30 13:41:44.240094,PHY,0x4601,2,,na,"[0,",,,11111,,+30.0dB,14.7us,"[0,",1,765.17,normal,0,valid,-11.9dB,-12.1dB,0.38us,+12.7Hz,,"[6,",,1
2025-07-30 13:41:44.241039,PHY,0x4601,1,0,na,"[0,",0,0,1,354.7,+11.2dB,17.9us,"[0,",1,765.18,normal,0,valid,-15.0dB,-15.3dB,na,na,,,,
2025-07-30 13:41:44.241526,PHY,0x4601,1,0,na,"[0,",0,0,1,344.7,+11.1dB,16.4us,"[0,",1,765.19,normal,0,valid,-15.0dB,-15.3dB,na,na,,,,
2025-07-30 13:41:44.245630,CSI,0x4601,2,,na,"[0,",,,1,,+29.1dB,27.7us,"[0,",1,766.8,normal,0,valid,-12.1dB,-12.2dB,0.37us,+25.7Hz,,"[6,",1111,1
2025-07-30 13:41:44.246479,PHY,0x4601,1,0,na,"[0,",0,0,1,338.6,+11.0dB,16.6us,"[0,",1,766.9,normal,0,valid,-15.0dB,-15.3dB,na,na,,,,
2025-07-30 13:41:44.250016,PHY,0x4601,2,,na,"[0,",,,11111,,+29.6dB,13.1us,"[0,",1,766.17,normal,0,valid,-11.9dB,-12.1dB,0.39us,+123.8Hz,,"[6,",,1
2025-07-30 13:41:44.250970,PHY,0x4601,1,0,na,"[0,",0,0,1,408.6,+11.8dB,17.3us,"[0,",1,766.18,normal,0,valid,-15.0dB,-15.3dB,na,na,,,,
2025-07-30 13:41:44.251553,PHY,0x4601,1,0,na,"[0,",0,0,1,400.7,+11.8dB,14.9us,"[0,",1,766.19,normal,0,valid,-14.9dB,-15.2dB,na,na,,,,
2025-07-30 13:41:44.256045,PHY,0x4601,1,0,na,"[0,",0,0,1,413.3,+11.9dB,24.3us,"[0,",1,767.8,normal,0,valid,-15.0dB,-15.3dB,na,na,,,,
2025-07-30 13:41:44.256529,PHY,0x4601,1,0,na,"[0,",0,0,1,413.4,+11.9dB,17.7us,"[0,",1,767.9,normal,0,valid,-15.0dB,-15.2dB,na,na,,,,
2025-07-30 13:41:44.260058,PHY,0x4601,2,,na,"[0,",,,11111,,+29.3dB,23.4us,"[0,",1,767.17,normal,0,valid,-12.1dB,-12.3dB,0.39us,-6.8Hz,,"[6,",,1
2025-07-30 13:41:44.260994,PHY,0x4601,1,0,na,"[0,",0,0,1,410.7,+11.9dB,16.6us,"[0,",1,767.18,normal,0,valid,-15.0dB,-15.3dB,na,na,,,,
2025-07-30 13:41:44.261466,PHY,0x4601,1,0,na,"[0,",0,0,1,395.7,+11.7dB,15.2us,"[0,",1,767.19,normal,0,valid,-14.9dB,-15.2dB,na,na,,,,
2025-07-30 13:41:44.265602,CSI,0x4601,2,,na,"[0,",,,1,,+29.5dB,16.4us,"[0,",1,768.8,normal,0,valid,-12.0dB,-12.1dB,0.39us,-37.0Hz,,"[6,",1111,1
2025-07-30 13:41:44.266549,PHY,0x4601,1,0,na,"[0,",0,0,1,402.8,+11.8dB,18.2us,"[0,",1,768.9,normal,0,valid,-15.0dB,-15.2dB,na,na,,,,
2025-07-30 13:41:44.270102,PHY,0x4601,2,,na,"[0,",,,11111,,+31.7dB,16.9us,"[0,",1,768.17,normal,0,valid,-12.0dB,-12.2dB,0.38us,+32.1Hz,,"[6,",,1
2025-07-30 13:41:44.271033,PHY,0x4601,1,0,na,"[0,",0,0,1,341.1,+11.1dB,16.9us,"[0,",1,768.18,normal,0,valid,-14.9dB,-15.3dB,na,na,,,,
2025-07-30 13:41:44.271505,PHY,0x4601,1,0,na,"[0,",0,0,1,331.3,+11.0dB,19.0us,"[0,",1,768.19,normal,0,valid,-14.9dB,-15.2dB,na,na,,,,
2025-07-30 13:41:44.275986,PHY,0x4601,1,0,na,"[0,",0,0,1,406.8,+11.8dB,16.6us,"[0,",1,769.8,normal,0,valid,-15.0dB,-15.2dB,na,na,,,,
2025-07-30 13:41:44.276459,PHY,0x4601,1,0,na,"[0,",0,0,1,398.5,+11.7dB,15.0us,"[0,",1,769.9,normal,0,valid,-15.0dB,-15.3dB,na,na,,,,
2025-07-30 13:41:44.280139,PHY,0x4601,2,,na,"[0,",,,11111,,+26.7dB,23.6us,"[0,",1,769.17,normal,0,valid,-12.1dB,-12.2dB,0.35us,-18.0Hz,,"[6,",,1
2025-07-30 13:41:44.280949,PHY,0x4601,1,0,na,"[0,",0,0,1,416.6,+12.0dB,15.8us,"[0,",1,769.18,normal,0,valid,-14.9dB,-15.2dB,na,na,,,,
2025-07-30 13:41:44.281534,PHY,0x4601,1,0,na,"[0,",0,0,1,403.1,+11.8dB,19.1us,"[0,",1,769.19,normal,0,valid,-14.9dB,-15.2dB,na,na,,,,
2025-07-30 13:41:44.285640,CSI,0x4601,2,,na,"[0,",,,1,,+28.9dB,12.7us,"[0,",1,770.8,normal,0,valid,-12.0dB,-12.1dB,0.38us,-2.5Hz,,"[6,",1111,1
2025-07-30 13:41:44.286498,PHY,0x4601,1,0,na,"[0,",0,0,1,337.4,+11.0dB,19.7us,"[0,",1,770.9,normal,0,valid,-14.9dB,-15.3dB,na,na,,,,
2025-07-30 13:41:44.290036,PHY,0x4601,2,,na,"[0,",,,11111,,+29.4dB,14.6us,"[0,",1,770.17,normal,0,valid,-12.0dB,-12.2dB,0.37us,-19.1Hz,,"[6,",,1
2025-07-30 13:41:44.290979,PHY,0x4601,1,0,na,"[0,",0,0,1,414.2,+11.9dB,15.4us,"[0,",1,770.18,normal,0,valid,-15.0dB,-15.3dB,na,na,,,,
2025-07-30 13:41:44.291457,PHY,0x4601,1,0,na,"[0,",0,0,1,398.0,+11.7dB,17.9us,"[0,",1,770.19,normal,0,valid,-14.9dB,-15.2dB,na,na,,,,
2025-07-30 13:41:44.295948,PHY,0x4601,1,0,na,"[0,",0,0,1,409.4,+11.9dB,16.5us,"[0,",1,771.8,normal,0,valid,-15.0dB,-15.2dB,na,na,,,,
2025-07-30 13:41:44.296544,PHY,0x4601,1,0,na,"[0,",0,0,1,398.4,+11.7dB,15.4us,"[0,",1,771.9,normal,0,valid,-15.0dB,-15.3dB,na,na,,,,
2025-07-30 13:41:44.300106,PHY,0x4601,2,,na,"[0,",,,11111,,+28.8dB,15.4us,"[0,",1,771.17,normal,0,valid,-12.1dB,-12.2dB,0.37us,+40.5Hz,,"[6,",,1
2025-07-30 13:41:44.301014,PHY,0x4601,1,0,na,"[0,",0,0,1,418.8,+12.0dB,17.9us,"[0,",1,771.18,normal,0,valid,-15.0dB,-15.2dB,na,na,,,,
2025-07-30 13:41:44.301481,PHY,0x4601,1,0,na,"[0,",0,0,1,404.4,+11.8dB,14.3us,"[0,",1,771.19,normal,0,valid,-14.9dB,-15.2dB,na,na,,,,
2025-07-30 13:41:44.305616,CSI,0x4601,2,,na,"[0,",,,1,,+32.9dB,12.8us,"[0,",1,772.8,normal,0,valid,-12.0dB,-12.1dB,0.37us,-100.1Hz,,"[6,",1111,1
2025-07-30 13:41:44.306456,PHY,0x4601,1,0,na,"[0,",0,0,1,411.7,+11.9dB,16.2us,"[0,",1,772.9,normal,0,valid,-15.0dB,-15.2dB,na,na,,,,
2025-07-30 13:41:44.310122,PHY,0x4601,2,,na,"[0,",,,11111,,+31.9dB,25.4us,"[0,",1,772.17,normal,0,valid,-12.2dB,-12.3dB,0.35us,-44.0Hz,,"[6,",,1
2025-07-30 13:41:44.311042,PHY,0x4601,1,0,na,"[0,",0,0,1,402.7,+11.8dB,15.1us,"[0,",1,772.18,normal,0,valid,-15.0dB,-15.3dB,na,na,,,,
2025-07-30 13:41:44.311521,PHY,0x4601,1,0,na,"[0,",0,0,1,391.1,+11.7dB,14.4us,"[0,",1,772.19,normal,0,valid,-15.0dB,-15.2dB,na,na,,,,
2025-07-30 13:41:44.316007,PHY,0x4601,1,0,na,"[0,",0,0,1,408.0,+11.8dB,16.1us,"[0,",1,773.8,normal,0,valid,-15.0dB,-15.2dB,na,na,,,,
2025-07-30 13:41:44.316503,PHY,0x4601,1,0,na,"[0,",0,0,1,412.6,+11.9dB,14.5us,"[0,",1,773.9,normal,0,valid,-15.0dB,-15.3dB,na,na,,,,
2025-07-30 13:41:44.320019,PHY,0x4601,2,,na,"[0,",,,11111,,+29.0dB,12.8us,"[0,",1,773.17,normal,0,valid,-12.2dB,-12.3dB,0.35us,-0.4Hz,,"[6,",,1
2025-07-30 13:41:44.320974,PHY,0x4601,1,0,na,"[0,",0,0,1,353.1,+11.2dB,23.4us,"[0,",1,773.18,normal,0,valid,-14.9dB,-15.3dB,na,na,,,,
2025-07-30 13:41:44.321435,PHY,0x4601,1,0,na,"[0,",0,0,1,335.7,+11.0dB,13.2us,"[0,",1,773.19,normal,0,valid,-14.9dB,-15.2dB,na,na,,,,
2025-07-30 13:41:44.325572,CSI,0x4601,2,,na,"[0,",,,1,,+29.7dB,13.8us,"[0,",1,774.8,normal,0,valid,-12.0dB,-12.1dB,0.37us,-60.0Hz,,"[6,",1111,1
2025-07-30 13:41:44.326514,PHY,0x4601,1,0,na,"[0,",0,0,1,346.2,+11.1dB,15.8us,"[0,",1,774.9,normal,0,valid,-15.0dB,-15.3dB,na,na,,,,
2025-07-30 13:41:44.330059,PHY,0x4601,2,,na,"[0,",,,11111,,+31.0dB,16.5us,"[0,",1,774.17,normal,0,valid,-12.0dB,-12.2dB,0.38us,+4.0Hz,,"[6,",,1
2025-07-30 13:41:44.331002,PHY,0x4601,1,0,na,"[0,",0,0,1,415.6,+11.9dB,21.1us,"[0,",1,774.18,normal,0,valid,-14.9dB,-15.2dB,na,na,,,,
2025-07-30 13:41:44.331479,PHY,0x4601,1,0,na,"[0,",0,0,1,401.4,+11.8dB,14.5us,"[0,",1,774.19,normal,0,valid,-14.9dB,-15.2dB,na,na,,,,
2025-07-30 13:41:44.335962,PHY,0x4601,1,0,na,"[0,",0,0,1,401.2,+11.8dB,16.9us,"[0,",1,775.8,normal,0,valid,-15.0dB,-15.3dB,na,na,,,,
2025-07-30 13:41:44.336553,PHY,0x4601,1,0,na,"[0,",0,0,1,396.7,+11.7dB,21.5us,"[0,",1,775.9,normal,0,valid,-15.0dB,-15.3dB,na,na,,,,
2025-07-30 13:41:44.340094,PHY,0x4601,2,,na,"[0,",,,11111,,+28.7dB,15.4us,"[0,",1,775.17,normal,0,valid,-12.0dB,-12.2dB,0.39us,+13.7Hz,,"[6,",,1
2025-07-30 13:41:44.341032,PHY,0x4601,1,0,na,"[0,",0,0,1,394.2,+11.7dB,18.2us,"[0,",1,775.18,normal,0,valid,-15.0dB,-15.2dB,na,na,,,,
2025-07-30 13:41:44.341512,PHY,0x4601,1,0,na,"[0,",0,0,1,401.0,+11.8dB,13.9us,"[0,",1,775.19,normal,0,valid,-15.0dB,-15.2dB,na,na,,,,
2025-07-30 13:41:44.345590,CSI,0x4601,2,,na,"[0,",,,1,,+28.9dB,11.5us,"[0,",1,776.8,normal,0,valid,-12.1dB,-12.2dB,0.38us,-106.5Hz,,"[6,",1111,1
2025-07-30 13:41:44.346471,PHY,0x4601,1,0,na,"[0,",0,0,1,417.5,+12.0dB,16.6us,"[0,",1,776.9,normal,0,valid,-14.9dB,-15.2dB,na,na,,,,
2025-07-30 13:41:44.350134,PHY,0x4601,2,,na,"[0,",,,11111,,+29.2dB,14.3us,"[0,",1,776.17,normal,0,valid,-12.1dB,-12.2dB,0.37us,-9.5Hz,,"[6,",,1
2025-07-30 13:41:44.350954,PHY,0x4601,1,0,na,"[0,",0,0,1,388.9,+11.6dB,16.3us,"[0,",1,776.18,normal,0,valid,-14.9dB,-15.2dB,na,na,,,,
2025-07-30 13:41:44.351534,PHY,0x4601,1,0,na,"[0,",0,0,1,412.3,+11.9dB,14.1us,"[0,",1,776.19,normal,0,valid,-14.9dB,-15.3dB,na,na,,,,
2025-07-30 13:41:44.356026,PHY,0x4601,1,0,na,"[0,",0,0,1,403.6,+11.8dB,16.1us,"[0,",1,777.8,normal,0,valid,-15.0dB,-15.2dB,na,na,,,,
2025-07-30 13:41:44.356557,PHY,0x4601,1,0,na,"[0,",0,0,1,417.3,+12.0dB,13.8us,"[0,",1,777.9,normal,0,valid,-15.0dB,-15.2dB,na,na,,,,
2025-07-30 13:41:44.360043,PHY,0x4601,2,,na,"[0,",,,11111,,+31.0dB,13.1us,"[0,",1,777.17,normal,0,valid,-12.2dB,-12.4dB,0.38us,-81.0Hz,,"[6,",,1
2025-07-30 13:41:44.360987,PHY,0x4601,1,0,na,"[0,",0,0,1,413.3,+11.9dB,15.2us,"[0,",1,777.18,normal,0,valid,-15.0dB,-15.3dB,na,na,,,,
2025-07-30 13:41:44.361463,PHY,0x4601,1,0,na,"[0,",0,0,1,420.9,+12.0dB,16.6us,"[0,",1,777.19,normal,0,valid,-14.9dB,-15.2dB,na,na,,,,
2025-07-30 13:41:44.365605,CSI,0x4601,2,,na,"[0,",,,1,,+29.3dB,16.7us,"[0,",1,778.8,normal,0,valid,-12.0dB,-12.1dB,0.37us,-119.0Hz,,"[6,",1111,1
2025-07-30 13:41:44.366530,PHY,0x4601,1,0,na,"[0,",0,0,1,342.1,+11.1dB,16.4us,"[0,",1,778.9,normal,0,valid,-14.9dB,-15.3dB,na,na,,,,
2025-07-30 13:41:44.370107,PHY,0x4601,2,,na,"[0,",,,11111,,+28.9dB,16.8us,"[0,",1,778.17,normal,0,valid,-12.0dB,-12.1dB,0.36us,-105.7Hz,,"[6,",,1
2025-07-30 13:41:44.371018,PHY,0x4601,1,0,na,"[0,",0,0,1,334.5,+11.0dB,18.6us,"[0,",1,778.18,normal,0,valid,-14.9dB,-15.2dB,na,na,,,,
2025-07-30 13:41:44.371486,PHY,0x4601,1,0,na,"[0,",0,0,1,340.4,+11.1dB,14.0us,"[0,",1,778.19,normal,0,valid,-14.9dB,-15.2dB,na,na,,,,
2025-07-30 13:41:44.375980,PHY,0x4601,1,0,na,"[0,",0,0,1,419.8,+12.0dB,16.3us,"[0,",1,779.8,normal,0,valid,-15.0dB,-15.2dB,na,na,,,,
2025-07-30 13:41:44.376451,PHY,0x4601,1,0,na,"[0,",0,0,1,415.7,+11.9dB,14.9us,"[0,",1,779.9,normal,0,valid,-15.0dB,-15.2dB,na,na,,,,
2025-07-30 13:41:44.380110,PHY,0x4601,2,,na,"[0,",,,11111,,+27.2dB,13.7us,"[0,",1,779.17,normal,0,valid,-12.1dB,-12.2dB,0.36us,+23.4Hz,,"[6,",,1
2025-07-30 13:41:44.380937,PHY,0x4601,1,0,na,"[0,",0,0,1,410.6,+11.9dB,15.5us,"[0,",1,779.18,normal,0,valid,-15.0dB,-15.2dB,na,na,,,,
2025-07-30 13:41:44.381522,PHY,0x4601,1,0,na,"[0,",0,0,1,382.7,+11.5dB,14.6us,"[0,",1,779.19,normal,0,valid,-14.9dB,-15.2dB,na,na,,,,
2025-07-30 13:41:44.385616,CSI,0x4601,2,,na,"[0,",,,1,,+31.1dB,12.1us,"[0,",1,780.8,normal,0,valid,-12.0dB,-12.1dB,0.38us,-129.3Hz,,"[6,",1111,1
2025-07-30 13:41:44.386505,PHY,0x4601,1,0,na,"[0,",0,0,1,339.9,+11.1dB,19.3us,"[0,",1,780.9,normal,0,valid,-15.0dB,-15.3dB,na,na,,,,
2025-07-30 13:41:44.390028,PHY,0x4601,2,,na,"[0,",,,11111,,+28.3dB,13.2us,"[0,",1,780.17,normal,0,valid,-12.1dB,-12.3dB,0.40us,-102.1Hz,,"[6,",,1
2025-07-30 13:41:44.390983,PHY,0x4601,1,0,na,"[0,",0,0,1,392.3,+11.7dB,17.2us,"[0,",1,780.18,normal,0,valid,-14.9dB,-15.2dB,na,na,,,,
2025-07-30 13:41:44.391452,PHY,0x4601,1,0,na,"[0,",0,0,1,404.5,+11.8dB,13.6us,"[0,",1,780.19,normal,0,valid,-14.9dB,-15.2dB,na,na,,,,
2025-07-30 13:41:44.396046,PHY,0x4601,1,0,na,"[0,",0,0,1,414.0,+11.9dB,16.8us,"[0,",1,781.8,normal,0,valid,-15.0dB,-15.2dB,na,na,,,,
2025-07-30 13:41:44.396533,PHY,0x4601,1,0,na,"[0,",0,0,1,399.4,+11.8dB,14.3us,"[0,",1,781.9,normal,0,valid,-15.0dB,-15.3dB,na,na,,,,
2025-07-30 13:41:44.400084,PHY,0x4601,2,,na,"[0,",,,11111,,+29.3dB,13.9us,"[0,",1,781.17,normal,0,valid,-12.1dB,-12.3dB,0.37us,+44.4Hz,,"[6,",,1
2025-07-30 13:41:44.401004,PHY,0x4601,1,0,na,"[0,",0,0,1,396.1,+11.7dB,15.5us,"[0,",1,781.18,normal,0,valid,-14.9dB,-15.2dB,na,na,,,,
2025-07-30 13:41:44.401486,PHY,0x4601,1,0,na,"[0,",0,0,1,401.7,+11.8dB,13.8us,"[0,",1,781.19,normal,0,valid,-14.9dB,-15.2dB,na,na,,,,
2025-07-30 13:41:44.405617,CSI,0x4601,2,,na,"[0,",,,1,,+33.4dB,14.5us,"[0,",1,782.8,normal,0,valid,-12.0dB,-12.2dB,0.36us,-77.9Hz,,"[6,",1111,1
2025-07-30 13:41:44.406452,PHY,0x4601,1,0,na,"[0,",0,0,1,411.0,+11.9dB,16.9us,"[0,",1,782.9,normal,0,valid,-15.0dB,-15.2dB,na,na,,,,
2025-07-30 13:41:44.410099,PHY,0x4601,2,,na,"[0,",,,11111,,+30.3dB,13.8us,"[0,",1,782.17,normal,0,valid,-12.0dB,-12.2dB,0.39us,+88.6Hz,,"[6,",,1
2025-07-30 13:41:44.411042,PHY,0x4601,1,0,na,"[0,",0,0,1,407.5,+11.8dB,15.5us,"[0,",1,782.18,normal,0,valid,-15.0dB,-15.2dB,na,na,,,,
2025-07-30 13:41:44.411517,PHY,0x4601,1,0,na,"[0,",0,0,1,405.4,+11.8dB,14.6us,"[0,",1,782.19,normal,0,valid,-14.9dB,-15.2dB,na,na,,,,
2025-07-30 13:41:44.416004,PHY,0x4601,1,0,na,"[0,",0,0,1,406.2,+11.8dB,16.1us,"[0,",1,783.8,normal,0,valid,-15.0dB,-15.2dB,na,na,,,,
2025-07-30 13:41:44.416487,PHY,0x4601,1,0,na,"[0,",0,0,1,399.0,+11.7dB,23.4us,"[0,",1,783.9,normal,0,valid,-15.0dB,-15.3dB,na,na,,,,
2025-07-30 13:41:44.420014,PHY,0x4601,2,,na,"[0,",,,11111,,+28.7dB,13.6us,"[0,",1,783.17,normal,0,valid,-12.0dB,-12.2dB,0.34us,+49.4Hz,,"[6,",,1
2025-07-30 13:41:44.420961,PHY,0x4601,1,0,na,"[0,",0,0,1,388.7,+11.6dB,17.2us,"[0,",1,783.18,normal,0,valid,-14.9dB,-15.2dB,na,na,,,,
2025-07-30 13:41:44.421545,PHY,0x4601,1,0,na,"[0,",0,0,1,418.7,+12.0dB,15.1us,"[0,",1,783.19,normal,0,valid,-15.0dB,-15.2dB,na,na,,,,
2025-07-30 13:41:44.425560,CSI,0x4601,2,,na,"[0,",,,1,,+31.6dB,12.8us,"[0,",1,784.8,normal,0,valid,-11.9dB,-12.0dB,0.38us,-26.5Hz,,"[6,",1111,1
2025-07-30 13:41:44.426518,PHY,0x4601,1,0,na,"[0,",0,0,1,409.4,+11.9dB,16.0us,"[0,",1,784.9,normal,0,valid,-15.0dB,-15.2dB,na,na,,,,
2025-07-30 13:41:44.430054,PHY,0x4601,2,,na,"[0,",,,11111,,+27.0dB,19.4us,"[0,",1,784.17,normal,0,valid,-12.1dB,-12.2dB,0.39us,+78.9Hz,,"[6,",,1
2025-07-30 13:41:44.430993,PHY,0x4601,1,0,na,"[0,",0,0,1,410.2,+11.9dB,17.1us,"[0,",1,784.18,normal,0,valid,-14.9dB,-15.2dB,na,na,,,,
2025-07-30 13:41:44.431477,PHY,0x4601,1,0,na,"[0,",0,0,1,416.1,+11.9dB,18.1us,"[0,",1,784.19,normal,0,valid,-14.9dB,-15.2dB,na,na,,,,
2025-07-30 13:41:44.435955,PHY,0x4601,1,0,na,"[0,",0,0,1,418.1,+12.0dB,16.4us,"[0,",1,785.8,normal,0,valid,-15.0dB,-15.3dB,na,na,,,,
2025-07-30 13:41:44.436538,PHY,0x4601,1,0,na,"[0,",0,0,1,387.8,+11.6dB,16.4us,"[0,",1,785.9,normal,0,valid,-15.0dB,-15.3dB,na,na,,,,
2025-07-30 13:41:44.440109,PHY,0x4601,2,,na,"[0,",,,11111,,+29.1dB,13.9us,"[0,",1,785.17,normal,0,valid,-12.0dB,-12.1dB,0.36us,+54.3Hz,,"[6,",,1
2025-07-30 13:41:44.441023,PHY,0x4601,1,0,na,"[0,",0,0,1,406.2,+11.8dB,16.3us,"[0,",1,785.18,normal,0,valid,-15.0dB,-15.2dB,na,na,,,,
2025-07-30 13:41:44.441503,PHY,0x4601,1,0,na,"[0,",0,0,1,385.6,+11.6dB,13.9us,"[0,",1,785.19,normal,0,valid,-14.9dB,-15.3dB,na,na,,,,
2025-07-30 13:41:44.445598,CSI,0x4601,2,,na,"[0,",,,1,,+27.8dB,22.1us,"[0,",1,786.8,normal,0,valid,-11.9dB,-12.0dB,0.38us,+24.9Hz,,"[6,",1111,1
2025-07-30 13:41:44.446472,PHY,0x4601,1,0,na,"[0,",0,0,1,410.8,+11.8dB,19.6us,"[0,",1,786.9,normal,0,valid,-14.9dB,-15.3dB,na,na,,,,
2025-07-30 13:41:44.450122,PHY,0x4601,2,,na,"[0,",,,11111,,+30.4dB,16.8us,"[0,",1,786.17,normal,0,valid,-12.0dB,-12.2dB,0.38us,-19.8Hz,,"[6,",,1
2025-07-30 13:41:44.450951,PHY,0x4601,1,0,na,"[0,",0,0,1,415.5,+11.9dB,17.6us,"[0,",1,786.18,normal,0,valid,-15.0dB,-15.3dB,na,na,,,,
2025-07-30 13:41:44.451534,PHY,0x4601,1,0,na,"[0,",0,0,1,409.7,+11.9dB,18.4us,"[0,",1,786.19,normal,0,valid,-15.0dB,-15.2dB,na,na,,,,
2025-07-30 13:41:44.456027,PHY,0x4601,1,0,na,"[0,",0,0,1,400.1,+11.8dB,24.8us,"[0,",1,787.8,normal,0,valid,-15.0dB,-15.3dB,na,na,,,,
2025-07-30 13:41:44.456510,PHY,0x4601,1,0,na,"[0,",0,0,1,413.8,+11.9dB,23.8us,"[0,",1,787.9,normal,0,valid,-15.0dB,-15.3dB,na,na,,,,
2025-07-30 13:41:44.460043,PHY,0x4601,2,,na,"[0,",,,11111,,+29.0dB,15.4us,"[0,",1,787.17,normal,0,valid,-12.0dB,-12.1dB,0.37us,-48.2Hz,,"[6,",,1
2025-07-30 13:41:44.460981,PHY,0x4601,1,0,na,"[0,",0,0,1,406.2,+11.8dB,16.9us,"[0,",1,787.18,normal,0,valid,-14.9dB,-15.2dB,na,na,,,,
2025-07-30 13:41:44.461459,PHY,0x4601,1,0,na,"[0,",0,0,1,408.2,+11.8dB,20.2us,"[0,",1,787.19,normal,0,valid,-14.9dB,-15.2dB,na,na,,,,
2025-07-30 13:41:44.465589,CSI,0x4601,2,,na,"[0,",,,1,,+32.6dB,18.4us,"[0,",1,788.8,normal,0,valid,-12.0dB,-12.1dB,0.36us,-57.9Hz,,"[6,",1111,1
2025-07-30 13:41:44.466533,PHY,0x4601,1,0,na,"[0,",0,0,1,400.3,+11.8dB,16.5us,"[0,",1,788.9,normal,0,valid,-15.0dB,-15.2dB,na,na,,,,
2025-07-30 13:41:44.470105,PHY,0x4601,2,,na,"[0,",,,11111,,+30.1dB,15.5us,"[0,",1,788.17,normal,0,valid,-12.0dB,-12.2dB,0.37us,+53.3Hz,,"[6,",,1
2025-07-30 13:41:44.471018,PHY,0x4601,1,0,na,"[0,",0,0,1,345.3,+11.1dB,22.7us,"[0,",1,788.18,normal,0,valid,-14.9dB,-15.3dB,na,na,,,,
2025-07-30 13:41:44.471484,PHY,0x4601,1,0,na,"[0,",0,0,1,329.7,+10.9dB,14.5us,"[0,",1,788.19,normal,0,valid,-14.9dB,-15.3dB,na,na,,,,
2025-07-30 13:41:44.476009,PHY,0x4601,1,0,na,"[0,",0,0,1,408.6,+11.9dB,18.3us,"[0,",1,789.8,normal,0,valid,-15.0dB,-15.3dB,na,na,,,,
2025-07-30 13:41:44.476466,PHY,0x4601,1,0,na,"[0,",0,0,1,418.9,+11.9dB,16.8us,"[0,",1,789.9,normal,0,valid,-15.0dB,-15.3dB,na,na,,,,
2025-07-30 13:41:44.480121,PHY,0x4601,2,,na,"[0,",,,11111,,+30.8dB,25.1us,"[0,",1,789.17,normal,0,valid,-12.0dB,-12.1dB,0.36us,-45.5Hz,,"[6,",,1
2025-07-30 13:41:44.481046,PHY,0x4601,1,0,na,"[0,",0,0,1,351.6,+11.2dB,18.9us,"[0,",1,789.18,normal,0,valid,-14.9dB,-15.3dB,na,na,,,,
2025-07-30 13:41:44.481514,PHY,0x4601,1,0,na,"[0,",0,0,1,334.8,+11.0dB,15.3us,"[0,",1,789.19,normal,0,valid,-15.0dB,-15.3dB,na,na,,,,
2025-07-30 13:41:44.485651,CSI,0x4601,2,,na,"[0,",,,1,,+30.1dB,19.9us,"[0,",1,790.8,normal,0,valid,-12.0dB,-12.1dB,0.36us,+13.5Hz,,"[6,",1111,1
2025-07-30 13:41:44.486488,PHY,0x4601,1,0,na,"[0,",0,0,1,349.5,+11.2dB,17.6us,"[0,",1,790.9,normal,0,valid,-15.0dB,-15.3dB,na,na,,,,
2025-07-30 13:41:44.490023,PHY,0x4601,2,,na,"[0,",,,11111,,+32.3dB,16.1us,"[0,",1,790.17,normal,0,valid,-12.1dB,-12.2dB,0.38us,+51.0Hz,,"[6,",,1
2025-07-30 13:41:44.490974,PHY,0x4601,1,0,na,"[0,",0,0,1,415.9,+11.9dB,21.7us,"[0,",1,790.18,normal,0,valid,-15.0dB,-15.2dB,na,na,,,,
2025-07-30 13:41:44.491442,PHY,0x4601,1,0,na,"[0,",0,0,1,403.2,+11.8dB,14.9us,"[0,",1,790.19,normal,0,valid,-15.0dB,-15.3dB,na,na,,,,
2025-07-30 13:41:44.496046,PHY,0x4601,1,0,na,"[0,",0,0,1,402.1,+11.8dB,16.4us,"[0,",1,791.8,normal,0,valid,-15.0dB,-15.2dB,na,na,,,,
2025-07-30 13:41:44.496526,PHY,0x4601,1,0,na,"[0,",0,0,1,409.8,+11.9dB,14.9us,"[0,",1,791.9,normal,0,valid,-15.0dB,-15.3dB,na,na,,,,
2025-07-30 13:41:44.500057,PHY,0x4601,2,,na,"[0,",,,11111,,+31.3dB,14.5us,"[0,",1,791.17,normal,0,valid,-12.1dB,-12.2dB,0.37us,-7.5Hz,,"[6,",,1
2025-07-30 13:41:44.501000,PHY,0x4601,1,0,na,"[0,",0,0,1,342.5,+11.1dB,15.6us,"[0,",1,791.18,normal,0,valid,-14.9dB,-15.3dB,na,na,,,,
2025-07-30 13:41:44.501478,PHY,0x4601,1,0,na,"[0,",0,0,1,332.5,+11.0dB,18.2us,"[0,",1,791.19,normal,0,valid,-15.0dB,-15.3dB,na,na,,,,
2025-07-30 13:41:44.505611,CSI,0x4601,2,,na,"[0,",,,1,,+28.5dB,15.8us,"[0,",1,792.8,normal,0,valid,-11.9dB,-12.0dB,0.39us,-5.9Hz,,"[6,",1111,1
2025-07-30 13:41:44.506544,PHY,0x4601,1,0,na,"[0,",0,0,1,343.8,+11.1dB,18.4us,"[0,",1,792.9,normal,0,valid,-14.9dB,-15.3dB,na,na,,,,
2025-07-30 13:41:44.510087,PHY,0x4601,2,,na,"[0,",,,11111,,+31.2dB,13.7us,"[0,",1,792.17,normal,0,valid,-12.2dB,-12.3dB,0.39us,-18.3Hz,,"[6,",,1
2025-07-30 13:41:44.511027,PHY,0x4601,1,0,na,"[0,",0,0,1,403.0,+11.8dB,14.9us,"[0,",1,792.18,normal,0,valid,-14.9dB,-15.2dB,na,na,,,,
2025-07-30 13:41:44.511502,PHY,0x4601,1,0,na,"[0,",0,0,1,389.8,+11.7dB,13.4us,"[0,",1,792.19,normal,0,valid,-15.0dB,-15.2dB,na,na,,,,
2025-07-30 13:41:44.515997,PHY,0x4601,1,0,na,"[0,",0,0,1,406.4,+11.8dB,16.4us,"[0,",1,793.8,normal,0,valid,-15.0dB,-15.3dB,na,na,,,,
2025-07-30 13:41:44.516464,PHY,0x4601,1,0,na,"[0,",0,0,1,409.2,+11.9dB,13.8us,"[0,",1,793.9,normal,0,valid,-15.0dB,-15.3dB,na,na,,,,
2025-07-30 13:41:44.520161,PHY,0x4601,2,,na,"[0,",,,11111,,+29.4dB,12.8us,"[0,",1,793.17,normal,0,valid,-12.2dB,-12.4dB,0.39us,+75.9Hz,,"[6,",,1
2025-07-30 13:41:44.520953,PHY,0x4601,1,0,na,"[0,",0,0,1,397.6,+11.7dB,14.8us,"[0,",1,793.18,normal,0,valid,-14.9dB,-15.2dB,na,na,,,,
2025-07-30 13:41:44.521534,PHY,0x4601,1,0,na,"[0,",0,0,1,407.0,+11.9dB,13.0us,"[0,",1,793.19,normal,0,valid,-14.9dB,-15.2dB,na,na,,,,
2025-07-30 13:41:44.525559,CSI,0x4601,2,,na,"[0,",,,1,,+29.8dB,12.9us,"[0,",1,794.8,normal,0,valid,-12.0dB,-12.1dB,0.37us,+34.0Hz,,"[6,",1111,1
2025-07-30 13:41:44.526502,PHY,0x4601,1,0,na,"[0,",0,0,1,393.5,+11.7dB,15.2us,"[0,",1,794.9,normal,0,valid,-15.0dB,-15.2dB,na,na,,,,
2025-07-30 13:41:44.530054,PHY,0x4601,2,,na,"[0,",,,11111,,+30.5dB,27.1us,"[0,",1,794.17,normal,0,valid,-11.9dB,-12.1dB,0.37us,+19.7Hz,,"[6,",,1
2025-07-30 13:41:44.530988,PHY,0x4601,1,0,na,"[0,",0,0,1,330.5,+10.9dB,16.5us,"[0,",1,794.18,normal,0,valid,-14.9dB,-15.3dB,na,na,,,,
2025-07-30 13:41:44.531461,PHY,0x4601,1,0,na,"[0,",0,0,1,333.7,+11.0dB,13.5us,"[0,",1,794.19,normal,0,valid,-15.0dB,-15.3dB,na,na,,,,
2025-07-30 13:41:44.535952,PHY,0x4601,1,0,na,"[0,",0,0,1,402.4,+11.8dB,16.1us,"[0,",1,795.8,normal,0,valid,-15.0dB,-15.3dB,na,na,,,,
2025-07-30 13:41:44.536538,PHY,0x4601,1,0,na,"[0,",0,0,1,395.8,+11.7dB,16.1us,"[0,",1,795.9,normal,0,valid,-15.0dB,-15.3dB,na,na,,,,
2025-07-30 13:41:44.540090,PHY,0x4601,2,,na,"[0,",,,11111,,+31.4dB,15.5us,"[0,",1,795.17,normal,0,valid,-12.0dB,-12.1dB,0.36us,+15.8Hz,,"[6,",,1
2025-07-30 13:41:44.541014,PHY,0x4601,1,0,na,"[0,",0,0,1,348.1,+11.1dB,14.9us,"[0,",1,795.18,normal,0,valid,-15.0dB,-15.3dB,na,na,,,,
2025-07-30 13:41:44.541491,PHY,0x4601,1,0,na,"[0,",0,0,1,340.1,+11.1dB,13.9us,"[0,",1,795.19,normal,0,valid,-14.9dB,-15.3dB,na,na,,,,
2025-07-30 13:41:44.545622,CSI,0x4601,2,,na,"[0,",,,1,,+30.0dB,14.9us,"[0,",1,796.8,normal,0,valid,-12.0dB,-12.1dB,0.40us,-46.2Hz,,"[6,",1111,1
2025-07-30 13:41:44.546455,PHY,0x4601,1,0,na,"[0,",0,0,1,412.4,+11.9dB,16.1us,"[0,",1,796.9,normal,0,valid,-14.9dB,-15.2dB,na,na,,,,
2025-07-30 13:41:44.550102,PHY,0x4601,2,,na,"[0,",,,11111,,+32.0dB,15.1us,"[0,",1,796.17,normal,0,valid,-12.1dB,-12.2dB,0.37us,-90.3Hz,,"[6,",,1
2025-07-30 13:41:44.550937,PHY,0x4601,1,0,na,"[0,",0,0,1,411.5,+11.9dB,15.4us,"[0,",1,796.18,normal,0,valid,-15.0dB,-15.2dB,na,na,,,,
2025-07-30 13:41:44.551521,PHY,0x4601,1,0,na,"[0,",0,0,1,398.6,+11.7dB,14.4us,"[0,",1,796.19,normal,0,valid,-15.0dB,-15.3dB,na,na,,,,
2025-07-30 13:41:44.556011,PHY,0x4601,1,0,na,"[0,",0,0,1,391.8,+11.7dB,15.6us,"[0,",1,797.8,normal,0,valid,-15.0dB,-15.3dB,na,na,,,,
2025-07-30 13:41:44.556491,PHY,0x4601,1,0,na,"[0,",0,0,1,398.6,+11.7dB,24.4us,"[0,",1,797.9,normal,0,valid,-15.0dB,-15.3dB,na,na,,,,
2025-07-30 13:41:44.560031,PHY,0x4601,2,,na,"[0,",,,11111,,+30.3dB,12.9us,"[0,",1,797.17,normal,0,valid,-12.1dB,-12.2dB,0.36us,+23.4Hz,,"[6,",,1
2025-07-30 13:41:44.560973,PHY,0x4601,1,0,na,"[0,",0,0,1,336.2,+11.0dB,15.4us,"[0,",1,797.18,normal,0,valid,-14.9dB,-15.3dB,na,na,,,,
2025-07-30 13:41:44.561448,PHY,0x4601,1,0,na,"[0,",0,0,1,330.3,+10.9dB,13.3us,"[0,",1,797.19,normal,0,valid,-14.9dB,-15.2dB,na,na,,,,
2025-07-30 13:41:44.565588,CSI,0x4601,2,,na,"[0,",,,1,,+30.9dB,12.2us,"[0,",1,798.8,normal,0,valid,-12.2dB,-12.3dB,0.38us,+98.1Hz,,"[6,",1111,1
2025-07-30 13:41:44.566514,PHY,0x4601,1,0,na,"[0,",0,0,1,410.2,+11.9dB,15.4us,"[0,",1,798.9,normal,0,valid,-15.0dB,-15.3dB,na,na,,,,
2025-07-30 13:41:44.570063,PHY,0x4601,2,,na,"[0,",,,11111,,+29.6dB,13.3us,"[0,",1,798.17,normal,0,valid,-12.1dB,-12.2dB,0.39us,-119.9Hz,,"[6,",,1
2025-07-30 13:41:44.571005,PHY,0x4601,1,0,na,"[0,",0,0,1,335.0,+11.0dB,15.2us,"[0,",1,798.18,normal,0,valid,-15.0dB,-15.3dB,na,na,,,,
2025-07-30 13:41:44.571496,PHY,0x4601,1,0,na,"[0,",0,0,1,348.9,+11.1dB,13.9us,"[0,",1,798.19,normal,0,valid,-14.9dB,-15.3dB,na,na,,,,
2025-07-30 13:41:44.575974,PHY,0x4601,1,0,na,"[0,",0,0,1,395.3,+11.7dB,16.9us,"[0,",1,799.8,normal,0,valid,-15.0dB,-15.3dB,na,na,,,,
2025-07-30 13:41:44.576439,PHY,0x4601,1,0,na,"[0,",0,0,1,405.9,+11.8dB,13.5us,"[0,",1,799.9,normal,0,valid,-15.0dB,-15.3dB,na,na,,,,
2025-07-30 13:41:44.580127,PHY,0x4601,2,,na,"[0,",,,11111,,+31.4dB,13.7us,"[0,",1,799.17,normal,0,valid,-12.2dB,-12.3dB,0.36us,-86.3Hz,,"[6,",,1
2025-07-30 13:41:44.581043,PHY,0x4601,1,0,na,"[0,",0,0,1,406.0,+11.8dB,21.9us,"[0,",1,799.18,normal,0,valid,-14.9dB,-15.2dB,na,na,,,,
2025-07-30 13:41:44.581525,PHY,0x4601,1,0,na,"[0,",0,0,1,401.9,+11.8dB,23.0us,"[0,",1,799.19,normal,0,valid,-14.9dB,-15.2dB,na,na,,,,
2025-07-30 13:41:44.585596,CSI,0x4601,2,,na,"[0,",,,1,,+30.4dB,11.6us,"[0,",1,800.8,normal,0,valid,-12.1dB,-12.2dB,0.38us,-0.7Hz,,"[6,",1111,1
2025-07-30 13:41:44.586476,PHY,0x4601,1,0,na,"[0,",0,0,1,336.1,+11.0dB,15.5us,"[0,",1,800.9,normal,0,valid,-15.0dB,-15.3dB,na,na,,,,
2025-07-30 13:41:44.590011,PHY,0x4601,2,,na,"[0,",,,11111,,+31.1dB,12.8us,"[0,",1,800.17,normal,0,valid,-12.0dB,-12.2dB,0.36us,-5.1Hz,,"[6,",,1
2025-07-30 13:41:44.590957,PHY,0x4601,1,0,na,"[0,",0,0,1,394.2,+11.7dB,15.2us,"[0,",1,800.18,normal,0,valid,-15.0dB,-15.3dB,na,na,,,,
2025-07-30 13:41:44.591539,PHY,0x4601,1,0,na,"[0,",0,0,1,412.5,+11.9dB,13.5us,"[0,",1,800.19,normal,0,valid,-14.9dB,-15.2dB,na,na,,,,
2025-07-30 13:41:44.596030,PHY,0x4601,1,0,na,"[0,",0,0,1,391.3,+11.7dB,16.0us,"[0,",1,801.8,normal,0,valid,-15.0dB,-15.3dB,na,na,,,,
2025-07-30 13:41:44.596517,PHY,0x4601,1,0,na,"[0,",0,0,1,404.3,+11.8dB,14.2us,"[0,",1,801.9,normal,0,valid,-15.0dB,-15.3dB,na,na,,,,
2025-07-30 13:41:44.600054,PHY,0x4601,2,,na,"[0,",,,11111,,+28.9dB,11.9us,"[0,",1,801.17,normal,0,valid,-12.2dB,-12.3dB,0.36us,-20.0Hz,,"[6,",,1
2025-07-30 13:41:44.600994,PHY,0x4601,1,0,na,"[0,",0,0,1,412.1,+11.9dB,14.7us,"[0,",1,801.18,normal,0,valid,-15.0dB,-15.3dB,na,na,,,,
2025-07-30 13:41:44.601468,PHY,0x4601,1,0,na,"[0,",0,0,1,394.5,+11.7dB,14.7us,"[0,",1,801.19,normal,0,valid,-15.0dB,-15.3dB,na,na,,,,
2025-07-30 13:41:44.605619,CSI,0x4601,2,,na,"[0,",,,1,,+30.4dB,11.1us,"[0,",1,802.8,normal,0,valid,-12.0dB,-12.2dB,0.36us,-30.3Hz,,"[6,",1111,1
2025-07-30 13:41:44.606538,PHY,0x4601,1,0,na,"[0,",0,0,1,341.1,+11.0dB,16.2us,"[0,",1,802.9,normal,0,valid,-15.0dB,-15.3dB,na,na,,,,
2025-07-30 13:41:44.610092,PHY,0x4601,2,,na,"[0,",,,11111,,+28.8dB,12.8us,"[0,",1,802.17,normal,0,valid,-12.1dB,-12.3dB,0.39us,+21.1Hz,,"[6,",,1
2025-07-30 13:41:44.611025,PHY,0x4601,1,0,na,"[0,",0,0,1,336.9,+11.0dB,15.0us,"[0,",1,802.18,normal,0,valid,-15.0dB,-15.3dB,na,na,,,,
2025-07-30 13:41:44.611502,PHY,0x4601,1,0,na,"[0,",0,0,1,333.4,+11.0dB,13.1us,"[0,",1,802.19,normal,0,valid,-15.0dB,-15.3dB,na,na,,,,
2025-07-30 13:41:44.615987,PHY,0x4601,1,0,na,"[0,",0,0,1,395.4,+11.7dB,15.6us,"[0,",1,803.8,normal,0,valid,-15.0dB,-15.3dB,na,na,,,,
2025-07-30 13:41:44.616462,PHY,0x4601,1,0,na,"[0,",0,0,1,403.2,+11.8dB,19.1us,"[0,",1,803.9,normal,0,valid,-15.0dB,-15.3dB,na,na,,,,
2025-07-30 13:41:44.620122,PHY,0x4601,2,,na,"[0,",,,11111,,+29.6dB,15.5us,"[0,",1,803.17,normal,0,valid,-12.0dB,-12.1dB,0.38us,-17.0Hz,,"[6,",,1
2025-07-30 13:41:44.620947,PHY,0x4601,1,0,na,"[0,",0,0,1,392.9,+11.7dB,15.1us,"[0,",1,803.18,normal,0,valid,-14.9dB,-15.2dB,na,na,,,,
2025-07-30 13:41:44.621534,PHY,0x4601,1,0,na,"[0,",0,0,1,401.8,+11.8dB,13.4us,"[0,",1,803.19,normal,0,valid,-14.9dB,-15.2dB,na,na,,,,
2025-07-30 13:41:44.625646,CSI,0x4601,2,,na,"[0,",,,1,,+31.1dB,14.8us,"[0,",1,804.8,normal,0,valid,-12.0dB,-12.1dB,0.36us,-109.0Hz,,"[6,",1111,1
2025-07-30 13:41:44.626497,PHY,0x4601,1,0,na,"[0,",0,0,1,337.9,+11.0dB,15.0us,"[0,",1,804.9,normal,0,valid,-15.0dB,-15.3dB,na,na,,,,
2025-07-30 13:41:44.630033,PHY,0x4601,2,,na,"[0,",,,11111,,+27.7dB,12.4us,"[0,",1,804.17,normal,0,valid,-12.1dB,-12.2dB,0.39us,+86.4Hz,,"[6,",,1
2025-07-30 13:41:44.630985,PHY,0x4601,1,0,na,"[0,",0,0,1,323.7,+10.9dB,17.2us,"[0,",1,804.18,normal,0,valid,-15.0dB,-15.2dB,na,na,,,,
2025-07-30 13:41:44.631456,PHY,0x4601,1,0,na,"[0,",0,0,1,342.8,+11.1dB,14.2us,"[0,",1,804.19,normal,0,valid,-15.0dB,-15.3dB,na,na,,,,
2025-07-30 13:41:44.635946,PHY,0x4601,1,0,na,"[0,",0,0,1,423.1,+12.0dB,15.5us,"[0,",1,805.8,normal,0,valid,-15.0dB,-15.3dB,na,na,,,,
2025-07-30 13:41:44.636533,PHY,0x4601,1,0,na,"[0,",0,0,1,397.9,+11.7dB,15.0us,"[0,",1,805.9,normal,0,valid,-15.0dB,-15.3dB,na,na,,,,
2025-07-30 13:41:44.640080,PHY,0x4601,2,,na,"[0,",,,11111,,+30.9dB,13.1us,"[0,",1,805.17,normal,0,valid,-12.2dB,-12.3dB,0.37us,-11.7Hz,,"[6,",,1
2025-07-30 13:41:44.641011,PHY,0x4601,1,0,na,"[0,",0,0,1,405.9,+11.8dB,15.0us,"[0,",1,805.18,normal,0,valid,-15.0dB,-15.2dB,na,na,,,,
2025-07-30 13:41:44.641494,PHY,0x4601,1,0,na,"[0,",0,0,1,410.4,+11.9dB,18.2us,"[0,",1,805.19,normal,0,valid,-14.9dB,-15.2dB,na,na,,,,
2025-07-30 13:41:44.645615,CSI,0x4601,2,,na,"[0,",,,1,,+29.8dB,17.5us,"[0,",1,806.8,normal,0,valid,-12.0dB,-12.1dB,0.39us,+127.9Hz,,"[6,",1111,1
2025-07-30 13:41:44.646450,PHY,0x4601,1,0,na,"[0,",0,0,1,348.1,+11.2dB,16.1us,"[0,",1,806.9,normal,0,valid,-15.0dB,-15.3dB,na,na,,,,
2025-07-30 13:41:44.650130,PHY,0x4601,2,,na,"[0,",,,11111,,+27.4dB,21.4us,"[0,",1,806.17,normal,0,valid,-12.2dB,-12.3dB,0.38us,+19.9Hz,,"[6,",,1
2025-07-30 13:41:44.651055,PHY,0x4601,1,0,na,"[0,",0,0,1,409.1,+11.9dB,25.3us,"[0,",1,806.18,normal,0,valid,-15.0dB,-15.2dB,na,na,,,,
2025-07-30 13:41:44.651521,PHY,0x4601,1,0,na,"[0,",0,0,1,390.4,+11.7dB,14.0us,"[0,",1,806.19,normal,0,valid,-15.0dB,-15.2dB,na,na,,,,
2025-07-30 13:41:44.656015,PHY,0x4601,1,0,na,"[0,",0,0,1,413.0,+11.9dB,15.2us,"[0,",1,807.8,normal,0,valid,-15.0dB,-15.2dB,na,na,,,,
2025-07-30 13:41:44.656485,PHY,0x4601,1,0,na,"[0,",0,0,1,393.0,+11.7dB,22.6us,"[0,",1,807.9,normal,0,valid,-15.0dB,-15.3dB,na,na,,,,
2025-07-30 13:41:44.660028,PHY,0x4601,2,,na,"[0,",,,11111,,+29.2dB,12.7us,"[0,",1,807.17,normal,0,valid,-12.0dB,-12.1dB,0.41us,+5.9Hz,,"[6,",,1
2025-07-30 13:41:44.660966,PHY,0x4601,1,0,na,"[0,",0,0,1,386.4,+11.6dB,14.7us,"[0,",1,807.18,normal,0,valid,-15.0dB,-15.3dB,na,na,,,,
2025-07-30 13:41:44.661442,PHY,0x4601,1,0,na,"[0,",0,0,1,375.2,+11.5dB,13.7us,"[0,",1,807.19,normal,0,valid,-15.0dB,-15.3dB,na,na,,,,
2025-07-30 13:41:44.665571,CSI,0x4601,2,,na,"[0,",,,1,,+31.4dB,11.8us,"[0,",1,808.8,normal,0,valid,-11.9dB,-12.1dB,0.37us,+8.8Hz,,"[6,",1111,1
2025-07-30 13:41:44.666520,PHY,0x4601,1,0,na,"[0,",0,0,1,389.0,+11.7dB,21.1us,"[0,",1,808.9,normal,0,valid,-15.0dB,-15.2dB,na,na,,,,
2025-07-30 13:41:44.670069,PHY,0x4601,2,,na,"[0,",,,11111,,+28.2dB,14.0us,"[0,",1,808.17,normal,0,valid,-12.1dB,-12.3dB,0.39us,+5.9Hz,,"[6,",,1
2025-07-30 13:41:44.670996,PHY,0x4601,1,0,na,"[0,",0,0,1,394.3,+11.7dB,15.1us,"[0,",1,808.18,normal,0,valid,-14.9dB,-15.2dB,na,na,,,,
2025-07-30 13:41:44.671473,PHY,0x4601,1,0,na,"[0,",0,0,1,402.3,+11.8dB,15.0us,"[0,",1,808.19,normal,0,valid,-14.9dB,-15.2dB,na,na,,,,
2025-07-30 13:41:44.675963,PHY,0x4601,1,0,na,"[0,",0,0,1,427.2,+12.1dB,15.0us,"[0,",1,809.8,normal,0,valid,-15.0dB,-15.3dB,na,na,,,,
2025-07-30 13:41:44.676543,PHY,0x4601,1,0,na,"[0,",0,0,1,395.9,+11.7dB,14.5us,"[0,",1,809.9,normal,0,valid,-15.0dB,-15.3dB,na,na,,,,
2025-07-30 13:41:44.680107,PHY,0x4601,2,,na,"[0,",,,11111,,+31.0dB,12.3us,"[0,",1,809.17,normal,0,valid,-12.1dB,-12.2dB,0.37us,+38.4Hz,,"[6,",,1
2025-07-30 13:41:44.681032,PHY,0x4601,1,0,na,"[0,",0,0,1,391.6,+11.7dB,16.2us,"[0,",1,809.18,normal,0,valid,-15.0dB,-15.3dB,na,na,,,,
2025-07-30 13:41:44.681513,PHY,0x4601,1,0,na,"[0,",0,0,1,397.9,+11.7dB,13.6us,"[0,",1,809.19,normal,0,valid,-14.9dB,-15.2dB,na,na,,,,
2025-07-30 13:41:44.685585,CSI,0x4601,2,,na,"[0,",,,1,,+32.4dB,9.9us,"[0,",1,810.8,normal,0,valid,-11.9dB,-12.0dB,0.38us,+19.9Hz,,"[6,",1111,1
2025-07-30 13:41:44.686467,PHY,0x4601,1,0,na,"[0,",0,0,1,396.5,+11.7dB,15.2us,"[0,",1,810.9,normal,0,valid,-15.0dB,-15.3dB,na,na,,,,
2025-07-30 13:41:44.690119,PHY,0x4601,2,,na,"[0,",,,11111,,+28.0dB,16.2us,"[0,",1,810.17,normal,0,valid,-12.1dB,-12.2dB,0.36us,-72.6Hz,,"[6,",,1
2025-07-30 13:41:44.690957,PHY,0x4601,1,0,na,"[0,",0,0,1,338.2,+11.0dB,21.7us,"[0,",1,810.18,normal,0,valid,-15.0dB,-15.3dB,na,na,,,,
2025-07-30 13:41:44.691542,PHY,0x4601,1,0,na,"[0,",0,0,1,323.4,+10.8dB,13.0us,"[0,",1,810.19,normal,0,valid,-15.0dB,-15.3dB,na,na,,,,
2025-07-30 13:41:44.696023,PHY,0x4601,1,0,na,"[0,",0,0,1,393.4,+11.7dB,15.6us,"[0,",1,811.8,normal,0,valid,-15.0dB,-15.2dB,na,na,,,,
2025-07-30 13:41:44.696513,PHY,0x4601,1,0,na,"[0,",0,0,1,405.3,+11.8dB,14.8us,"[0,",1,811.9,normal,0,valid,-15.0dB,-15.3dB,na,na,,,,
2025-07-30 13:41:44.700042,PHY,0x4601,2,,na,"[0,",,,11111,,+30.2dB,12.8us,"[0,",1,811.17,normal,0,valid,-12.2dB,-12.3dB,0.36us,+23.3Hz,,"[6,",,1
2025-07-30 13:41:44.700987,PHY,0x4601,1,0,na,"[0,",0,0,1,392.1,+11.7dB,16.8us,"[0,",1,811.18,normal,0,valid,-15.0dB,-15.2dB,na,na,,,,
2025-07-30 13:41:44.701461,PHY,0x4601,1,0,na,"[0,",0,0,1,376.3,+11.5dB,14.0us,"[0,",1,811.19,normal,0,valid,-15.0dB,-15.2dB,na,na,,,,
2025-07-30 13:41:44.705601,CSI,0x4601,2,,na,"[0,",,,1,,+30.5dB,17.6us,"[0,",1,812.8,normal,0,valid,-11.9dB,-12.0dB,0.38us,-85.3Hz,,"[6,",1111,1
2025-07-30 13:41:44.706542,PHY,0x4601,1,0,na,"[0,",0,0,1,394.3,+11.7dB,21.1us,"[0,",1,812.9,normal,0,valid,-15.0dB,-15.3dB,na,na,,,,
2025-07-30 13:41:44.710104,PHY,0x4601,2,,na,"[0,",,,11111,,+31.7dB,21.6us,"[0,",1,812.17,normal,0,valid,-12.0dB,-12.1dB,0.39us,-15.9Hz,,"[6,",,1
2025-07-30 13:41:44.711014,PHY,0x4601,1,0,na,"[0,",0,0,1,341.6,+11.1dB,15.3us,"[0,",1,812.18,normal,0,valid,-14.9dB,-15.3dB,na,na,,,,
2025-07-30 13:41:44.711496,PHY,0x4601,1,0,na,"[0,",0,0,1,338.1,+11.0dB,13.9us,"[0,",1,812.19,normal,0,valid,-14.9dB,-15.3dB,na,na,,,,
2025-07-30 13:41:44.715981,PHY,0x4601,1,0,na,"[0,",0,0,1,384.3,+11.6dB,15.8us,"[0,",1,813.8,normal,0,valid,-15.0dB,-15.3dB,na,na,,,,
2025-07-30 13:41:44.716451,PHY,0x4601,1,0,na,"[0,",0,0,1,405.3,+11.8dB,13.8us,"[0,",1,813.9,normal,0,valid,-15.0dB,-15.3dB,na,na,,,,
2025-07-30 13:41:44.720115,PHY,0x4601,2,,na,"[0,",,,11111,,+27.6dB,16.4us,"[0,",1,813.17,normal,0,valid,-12.0dB,-12.2dB,0.39us,+73.6Hz,,"[6,",,1
2025-07-30 13:41:44.720943,PHY,0x4601,1,0,na,"[0,",0,0,1,346.4,+11.2dB,16.4us,"[0,",1,813.18,normal,0,valid,-15.0dB,-15.3dB,na,na,,,,
2025-07-30 13:41:44.721527,PHY,0x4601,1,0,na,"[0,",0,0,1,316.8,+10.8dB,13.3us,"[0,",1,813.19,normal,0,valid,-15.0dB,-15.3dB,na,na,,,,
2025-07-30 13:41:44.725617,CSI,0x4601,2,,na,"[0,",,,1,,+30.8dB,12.5us,"[0,",1,814.8,normal,0,valid,-12.0dB,-12.1dB,0.36us,-75.4Hz,,"[6,",1111,1
2025-07-30 13:41:44.726491,PHY,0x4601,1,0,na,"[0,",0,0,1,342.9,+11.1dB,15.1us,"[0,",1,814.9,normal,0,valid,-15.0dB,-15.3dB,na,na,,,,
2025-07-30 13:41:44.730026,PHY,0x4601,2,,na,"[0,",,,11111,,+27.3dB,11.9us,"[0,",1,814.17,normal,0,valid,-12.2dB,-12.3dB,0.39us,+1.5Hz,,"[6,",,1
2025-07-30 13:41:44.730972,PHY,0x4601,1,0,na,"[0,",0,0,1,406.7,+11.8dB,15.0us,"[0,",1,814.18,normal,0,valid,-14.9dB,-15.2dB,na,na,,,,
2025-07-30 13:41:44.731450,PHY,0x4601,1,0,na,"[0,",0,0,1,395.8,+11.7dB,13.3us,"[0,",1,814.19,normal,0,valid,-14.9dB,-15.2dB,na,na,,,,
2025-07-30 13:41:44.736046,PHY,0x4601,1,0,na,"[0,",0,0,1,397.7,+11.7dB,15.6us,"[0,",1,815.8,normal,0,valid,-15.0dB,-15.3dB,na,na,,,,
2025-07-30 13:41:44.736527,PHY,0x4601,1,0,na,"[0,",0,0,1,399.5,+11.8dB,14.0us,"[0,",1,815.9,normal,0,valid,-15.0dB,-15.3dB,na,na,,,,
2025-07-30 13:41:44.740068,PHY,0x4601,2,,na,"[0,",,,11111,,+27.0dB,13.5us,"[0,",1,815.17,normal,0,valid,-12.2dB,-12.3dB,0.40us,+61.1Hz,,"[6,",,1
2025-07-30 13:41:44.741006,PHY,0x4601,1,0,na,"[0,",0,0,1,391.5,+11.7dB,18.1us,"[0,",1,815.18,normal,0,valid,-15.0dB,-15.3dB,na,na,,,,
2025-07-30 13:41:44.741481,PHY,0x4601,1,0,na,"[0,",0,0,1,401.9,+11.8dB,13.7us,"[0,",1,815.19,normal,0,valid,-14.9dB,-15.2dB,na,na,,,,
2025-07-30 13:41:44.745626,CSI,0x4601,2,,na,"[0,",,,1,,+30.4dB,13.9us,"[0,",1,816.8,normal,0,valid,-12.0dB,-12.2dB,0.40us,+6.1Hz,,"[6,",1111,1
2025-07-30 13:41:44.746444,PHY,0x4601,1,0,na,"[0,",0,0,1,327.3,+10.9dB,15.8us,"[0,",1,816.9,normal,0,valid,-14.9dB,-15.3dB,na,na,,,,
2025-07-30 13:41:44.750090,PHY,0x4601,2,,na,"[0,",,,11111,,+28.4dB,12.6us,"[0,",1,816.17,normal,0,valid,-12.1dB,-12.2dB,0.36us,-69.8Hz,,"[6,",,1
2025-07-30 13:41:44.751040,PHY,0x4601,1,0,na,"[0,",0,0,1,344.7,+11.1dB,15.3us,"[0,",1,816.18,normal,0,valid,-15.0dB,-15.3dB,na,na,,,,
2025-07-30 13:41:44.751515,PHY,0x4601,1,0,na,"[0,",0,0,1,343.1,+11.1dB,14.0us,"[0,",1,816.19,normal,0,valid,-14.9dB,-15.3dB,na,na,,,,
2025-07-30 13:41:44.756000,PHY,0x4601,1,0,na,"[0,",0,0,1,411.8,+11.9dB,15.2us,"[0,",1,817.8,normal,0,valid,-15.0dB,-15.3dB,na,na,,,,
2025-07-30 13:41:44.756486,PHY,0x4601,1,0,na,"[0,",0,0,1,401.7,+11.8dB,24.2us,"[0,",1,817.9,normal,0,valid,-15.0dB,-15.3dB,na,na,,,,
2025-07-30 13:41:44.760011,PHY,0x4601,2,,na,"[0,",,,11111,,+27.2dB,13.0us,"[0,",1,817.17,normal,0,valid,-12.2dB,-12.3dB,0.37us,-91.4Hz,,"[6,",,1
2025-07-30 13:41:44.760960,PHY,0x4601,1,0,na,"[0,",0,0,1,422.0,+12.0dB,14.8us,"[0,",1,817.18,normal,0,valid,-15.0dB,-15.2dB,na,na,,,,
2025-07-30 13:41:44.761541,PHY,0x4601,1,0,na,"[0,",0,0,1,393.6,+11.7dB,13.2us,"[0,",1,817.19,normal,0,valid,-14.9dB,-15.2dB,na,na,,,,
2025-07-30 13:41:44.765565,CSI,0x4601,2,,na,"[0,",,,1,,+27.8dB,14.4us,"[0,",1,818.8,normal,0,valid,-11.9dB,-12.1dB,0.40us,-64.1Hz,,"[6,",1111,1
2025-07-30 13:41:44.766510,PHY,0x4601,1,0,na,"[0,",0,0,1,398.0,+11.7dB,16.3us,"[0,",1,818.9,normal,0,valid,-14.9dB,-15.2dB,na,na,,,,
2025-07-30 13:41:44.770048,PHY,0x4601,2,,na,"[0,",,,11111,,+28.0dB,13.0us,"[0,",1,818.17,normal,0,valid,-12.1dB,-12.2dB,0.39us,+27.1Hz,,"[6,",,1
2025-07-30 13:41:44.770992,PHY,0x4601,1,0,na,"[0,",0,0,1,402.4,+11.8dB,15.4us,"[0,",1,818.18,normal,0,valid,-15.0dB,-15.2dB,na,na,,,,
2025-07-30 13:41:44.771468,PHY,0x4601,1,0,na,"[0,",0,0,1,398.6,+11.7dB,15.4us,"[0,",1,818.19,normal,0,valid,-14.9dB,-15.2dB,na,na,,,,
2025-07-30 13:41:44.775954,PHY,0x4601,1,0,na,"[0,",0,0,1,400.7,+11.7dB,16.3us,"[0,",1,819.8,normal,0,valid,-15.0dB,-15.3dB,na,na,,,,
2025-07-30 13:41:44.776544,PHY,0x4601,1,0,na,"[0,",0,0,1,410.9,+11.9dB,13.6us,"[0,",1,819.9,normal,0,valid,-15.0dB,-15.3dB,na,na,,,,
2025-07-30 13:41:44.780087,PHY,0x4601,2,,na,"[0,",,,11111,,+32.4dB,21.5us,"[0,",1,819.17,normal,0,valid,-12.1dB,-12.2dB,0.38us,+83.1Hz,,"[6,",,1
2025-07-30 13:41:44.781025,PHY,0x4601,1,0,na,"[0,",0,0,1,344.8,+11.1dB,15.3us,"[0,",1,819.18,normal,0,valid,-15.0dB,-15.3dB,na,na,,,,
2025-07-30 13:41:44.781496,PHY,0x4601,1,0,na,"[0,",0,0,1,332.8,+10.9dB,12.9us,"[0,",1,819.19,normal,0,valid,-15.0dB,-15.3dB,na,na,,,,
2025-07-30 13:41:44.785588,CSI,0x4601,2,,na,"[0,",,,1,,+30.5dB,11.3us,"[0,",1,820.8,normal,0,valid,-12.1dB,-12.2dB,0.40us,+9.5Hz,,"[6,",1111,1
2025-07-30 13:41:44.786460,PHY,0x4601,1,0,na,"[0,",0,0,1,343.7,+11.1dB,16.2us,"[0,",1,820.9,normal,0,valid,-15.0dB,-15.3dB,na,na,,,,
2025-07-30 13:41:44.790112,PHY,0x4601,2,,na,"[0,",,,11111,,+30.9dB,13.6us,"[0,",1,820.17,normal,0,valid,-12.0dB,-12.1dB,0.37us,-6.1Hz,,"[6,",,1
2025-07-30 13:41:44.790949,PHY,0x4601,1,0,na,"[0,",0,0,1,407.9,+11.9dB,15.2us,"[0,",1,820.18,normal,0,valid,-15.0dB,-15.2dB,na,na,,,,
2025-07-30 13:41:44.791531,PHY,0x4601,1,0,na,"[0,",0,0,1,401.8,+11.8dB,19.9us,"[0,",1,820.19,normal,0,valid,-14.9dB,-15.2dB,na,na,,,,
2025-07-30 13:41:44.796016,PHY,0x4601,1,0,na,"[0,",0,0,1,412.5,+11.9dB,15.2us,"[0,",1,821.8,normal,0,valid,-15.0dB,-15.3dB,na,na,,,,
2025-07-30 13:41:44.796499,PHY,0x4601,1,0,na,"[0,",0,0,1,392.3,+11.7dB,13.8us,"[0,",1,821.9,normal,0,valid,-15.0dB,-15.3dB,na,na,,,,
2025-07-30 13:41:44.800031,PHY,0x4601,2,,na,"[0,",,,11111,,+31.1dB,12.6us,"[0,",1,821.17,normal,0,valid,-12.0dB,-12.2dB,0.37us,+1.4Hz,,"[6,",,1
2025-07-30 13:41:44.800985,PHY,0x4601,1,0,na,"[0,",0,0,1,346.2,+11.2dB,15.1us,"[0,",1,821.18,normal,0,valid,-15.0dB,-15.3dB,na,na,,,,
2025-07-30 13:41:44.801460,PHY,0x4601,1,0,na,"[0,",0,0,1,329.4,+10.9dB,15.6us,"[0,",1,821.19,normal,0,valid,-14.9dB,-15.3dB,na,na,,,,
2025-07-30 13:41:44.805588,CSI,0x4601,2,,na,"[0,",,,1,,+32.2dB,11.7us,"[0,",1,822.8,normal,0,valid,-11.9dB,-12.0dB,0.38us,-54.5Hz,,"[6,",1111,1
2025-07-30 13:41:44.806521,PHY,0x4601,1,0,na,"[0,",0,0,1,342.4,+11.1dB,14.7us,"[0,",1,822.9,normal,0,valid,-14.9dB,-15.3dB,na,na,,,,
2025-07-30 13:41:44.810079,PHY,0x4601,2,,na,"[0,",,,11111,,+29.7dB,23.3us,"[0,",1,822.17,normal,0,valid,-12.0dB,-12.1dB,0.39us,-19.1Hz,,"[6,",,1
2025-07-30 13:41:44.811009,PHY,0x4601,1,0,na,"[0,",0,0,1,422.1,+12.0dB,14.8us,"[0,",1,822.18,normal,0,valid,-15.0dB,-15.2dB,na,na,,,,
2025-07-30 13:41:44.811488,PHY,0x4601,1,0,na,"[0,",0,0,1,387.5,+11.6dB,14.0us,"[0,",1,822.19,normal,0,valid,-14.9dB,-15.2dB,na,na,,,,
2025-07-30 13:41:44.815971,PHY,0x4601,1,0,na,"[0,",0,0,1,400.4,+11.8dB,14.5us,"[0,",1,823.8,normal,0,valid,-15.0dB,-15.2dB,na,na,,,,
2025-07-30 13:41:44.816451,PHY,0x4601,1,0,na,"[0,",0,0,1,401.9,+11.8dB,14.3us,"[0,",1,823.9,normal,0,valid,-15.0dB,-15.3dB,na,na,,,,
2025-07-30 13:41:44.825665,CSI,0x4601,2,,na,"[4,",,,,,+29.4dB,16.2us,"[0,",1,824.8,normal,0,valid,-13.2dB,-13.4dB,0.36us,-118.6Hz,,"[7,",1111,1
2025-07-30 13:41:44.845770,CSI,0x4601,2,,na,"[4,",,,,,+29.6dB,12.7us,"[0,",1,826.8,normal,0,valid,-13.0dB,-13.1dB,0.38us,-91.5Hz,,"[7,",1111,1
2025-07-30 13:41:44.865726,CSI,0x4601,2,,na,"[4,",,,,,+30.0dB,19.6us,"[0,",1,828.8,normal,0,valid,-13.2dB,-13.3dB,0.38us,-174.8Hz,,"[7,",1111,1
2025-07-30 13:41:44.885738,CSI,0x4601,2,,na,"[4,",,,,,+27.7dB,11.0us,"[0,",1,830.8,normal,0,valid,-13.1dB,-13.2dB,0.39us,-33.2Hz,,"[7,",1111,1
2025-07-30 13:41:44.905739,CSI,0x4601,2,,na,"[4,",,,,,+29.6dB,12.8us,"[0,",1,832.8,normal,0,valid,-13.1dB,-13.2dB,0.39us,-157.3Hz,,"[7,",1111,1
2025-07-30 13:41:44.925756,CSI,0x4601,2,,na,"[4,",,,,,+29.1dB,13.7us,"[0,",1,834.8,normal,0,valid,-13.2dB,-13.3dB,0.40us,-199.3Hz,,"[7,",1111,1
2025-07-30 13:41:44.945720,CSI,0x4601,2,,na,"[4,",,,,,+29.1dB,11.5us,"[0,",1,836.8,normal,0,valid,-13.0dB,-13.2dB,0.39us,-31.6Hz,,"[7,",1111,1
2025-07-30 13:41:44.965685,CSI,0x4601,2,,na,"[4,",,,,,+29.6dB,13.8us,"[0,",1,838.8,normal,0,valid,-13.0dB,-13.1dB,0.36us,-6.4Hz,,"[7,",1111,1
2025-07-30 13:41:44.985733,CSI,0x4601,2,,na,"[4,",,,,,+30.8dB,14.2us,"[0,",1,840.8,normal,0,valid,-13.1dB,-13.2dB,0.37us,-114.3Hz,,"[7,",1111,1
2025-07-30 13:41:45.005693,CSI,0x4601,2,,na,"[4,",,,,,+26.9dB,14.7us,"[0,",1,842.8,normal,0,valid,-13.1dB,-13.3dB,0.39us,-117.7Hz,,"[7,",1111,1
2025-07-30 13:41:45.025798,CSI,0x4601,2,,na,"[4,",,,,,+31.3dB,13.4us,"[0,",1,844.8,normal,0,valid,-13.1dB,-13.2dB,0.39us,-83.1Hz,,"[7,",1111,1
2025-07-30 13:41:45.045727,CSI,0x4601,2,,na,"[4,",,,,,+29.6dB,13.6us,"[0,",1,846.8,normal,0,valid,-12.9dB,-13.0dB,0.39us,-126.2Hz,,"[7,",1111,1
2025-07-30 13:41:45.065683,CSI,0x4601,2,,na,"[4,",,,,,+27.5dB,11.5us,"[0,",1,848.8,normal,0,valid,-13.1dB,-13.3dB,0.37us,-192.0Hz,,"[7,",1111,1
2025-07-30 13:41:45.085768,CSI,0x4601,2,,na,"[4,",,,,,+32.2dB,12.4us,"[0,",1,850.8,normal,0,valid,-13.1dB,-13.2dB,0.37us,-28.3Hz,,"[7,",1111,1
2025-07-30 13:41:45.105712,CSI,0x4601,2,,na,"[4,",,,,,+31.0dB,11.8us,"[0,",1,852.8,normal,0,valid,-13.2dB,-13.3dB,0.40us,-118.6Hz,,"[7,",1111,1
2025-07-30 13:41:45.125743,CSI,0x4601,2,,na,"[4,",,,,,+30.4dB,12.4us,"[0,",1,854.8,normal,0,valid,-13.1dB,-13.3dB,0.40us,-157.1Hz,,"[7,",1111,1
2025-07-30 13:41:45.145731,CSI,0x4601,2,,na,"[4,",,,,,+29.3dB,13.1us,"[0,",1,856.8,normal,0,valid,-13.0dB,-13.2dB,0.38us,-97.0Hz,,"[7,",1111,1
2025-07-30 13:41:45.165663,CSI,0x4601,2,,na,"[4,",,,,,+27.3dB,14.0us,"[0,",1,858.8,normal,0,valid,-13.2dB,-13.4dB,0.41us,-192.9Hz,,"[7,",1111,1
2025-07-30 13:41:45.185763,CSI,0x4601,2,,na,"[4,",,,,,+31.9dB,11.6us,"[0,",1,860.8,normal,0,valid,-13.0dB,-13.1dB,0.38us,-163.0Hz,,"[7,",1111,1
2025-07-30 13:41:45.205718,CSI,0x4601,2,,na,"[4,",,,,,+25.4dB,12.0us,"[0,",1,862.8,normal,0,valid,-13.1dB,-13.3dB,0.38us,-37.9Hz,,"[7,",1111,1
2025-07-30 13:41:45.225766,CSI,0x4601,2,,na,"[4,",,,,,+28.3dB,11.8us,"[0,",1,864.8,normal,0,valid,-13.2dB,-13.3dB,0.37us,+57.8Hz,,"[7,",1111,1
2025-07-30 13:41:45.230944,PHY,0x4601,1,0,na,"[0,",0,0,1,403.9,+11.8dB,17.8us,"[0,",1,864.18,normal,0,valid,-14.9dB,-15.2dB,na,na,,,,
2025-07-30 13:41:45.245730,CSI,0x4601,2,,na,"[4,",,,,,+27.0dB,12.1us,"[0,",1,866.8,normal,0,valid,-12.9dB,-13.1dB,0.38us,-40.2Hz,,"[7,",1111,1
2025-07-30 13:41:45.265798,CSI,0x4601,2,,na,"[4,",,,,,+28.2dB,12.3us,"[0,",1,868.8,normal,0,valid,-13.0dB,-13.2dB,0.37us,-127.1Hz,,"[7,",1111,1
2025-07-30 13:41:45.285732,CSI,0x4601,2,,na,"[4,",,,,,+29.6dB,11.4us,"[0,",1,870.8,normal,0,valid,-13.0dB,-13.2dB,0.41us,-44.1Hz,,"[7,",1111,1
2025-07-30 13:41:45.305669,CSI,0x4601,2,,na,"[4,",,,,,+32.0dB,13.0us,"[0,",1,872.8,normal,0,valid,-13.0dB,-13.1dB,0.39us,-4.5Hz,,"[7,",1111,1
2025-07-30 13:41:45.325755,CSI,0x4601,2,,na,"[4,",,,,,+29.6dB,11.7us,"[0,",1,874.8,normal,0,valid,-13.0dB,-13.2dB,0.39us,-110.6Hz,,"[7,",1111,1
2025-07-30 13:41:45.345726,CSI,0x4601,2,,na,"[4,",,,,,+27.9dB,11.2us,"[0,",1,876.8,normal,0,valid,-13.0dB,-13.2dB,0.38us,-178.6Hz,,"[7,",1111,1
2025-07-30 13:41:45.365747,CSI,0x4601,2,,na,"[4,",,,,,+30.3dB,11.8us,"[0,",1,878.8,normal,0,valid,-13.0dB,-13.2dB,0.37us,+2.8Hz,,"[7,",1111,1
2025-07-30 13:41:45.385745,CSI,0x4601,2,,na,"[4,",,,,,+28.9dB,11.7us,"[0,",1,880.8,normal,0,valid,-13.2dB,-13.4dB,0.38us,-71.8Hz,,"[7,",1111,1
2025-07-30 13:41:45.405665,CSI,0x4601,2,,na,"[4,",,,,,+29.1dB,10.7us,"[0,",1,882.8,normal,0,valid,-13.2dB,-13.3dB,0.39us,-167.6Hz,,"[7,",1111,1
2025-07-30 13:41:45.425771,CSI,0x4601,2,,na,"[4,",,,,,+28.2dB,12.3us,"[0,",1,884.8,normal,0,valid,-13.2dB,-13.3dB,0.37us,-94.0Hz,,"[7,",1111,1
2025-07-30 13:41:45.445678,CSI,0x4601,2,,na,"[4,",,,,,+30.8dB,10.9us,"[0,",1,886.8,normal,0,valid,-13.2dB,-13.4dB,0.40us,-158.0Hz,,"[7,",1111,1
2025-07-30 13:41:45.465761,CSI,0x4601,2,,na,"[4,",,,,,+27.5dB,11.0us,"[0,",1,888.8,normal,0,valid,-13.1dB,-13.2dB,0.39us,-60.4Hz,,"[7,",1111,1
2025-07-30 13:41:45.485728,CSI,0x4601,2,,na,"[4,",,,,,+31.9dB,14.3us,"[0,",1,890.8,normal,0,valid,-13.0dB,-13.2dB,0.39us,-124.0Hz,,"[7,",1111,1
2025-07-30 13:41:45.505675,CSI,0x4601,2,,na,"[4,",,,,,+29.4dB,11.6us,"[0,",1,892.8,normal,0,valid,-13.1dB,-13.3dB,0.38us,-97.3Hz,,"[7,",1111,1
2025-07-30 13:41:45.525719,CSI,0x4601,2,,na,"[4,",,,,,+30.3dB,11.9us,"[0,",1,894.8,normal,0,valid,-13.1dB,-13.3dB,0.38us,-29.4Hz,,"[7,",1111,1
2025-07-30 13:41:45.545726,CSI,0x4601,2,,na,"[4,",,,,,+30.1dB,13.4us,"[0,",1,896.8,normal,0,valid,-13.0dB,-13.2dB,0.38us,-15.3Hz,,"[7,",1111,1
2025-07-30 13:41:45.565768,CSI,0x4601,2,,na,"[4,",,,,,+29.8dB,13.9us,"[0,",1,898.8,normal,0,valid,-13.0dB,-13.1dB,0.38us,+62.4Hz,,"[7,",1111,1
2025-07-30 13:41:45.585722,CSI,0x4601,2,,na,"[4,",,,,,+31.1dB,19.2us,"[0,",1,900.8,normal,0,valid,-13.1dB,-13.2dB,0.37us,-31.0Hz,,"[7,",1111,1
2025-07-30 13:41:45.601045,PHY,0x4601,1,0,na,"[0,",0,0,1,377.9,+11.5dB,18.1us,"[0,",1,901.18,normal,0,valid,-14.9dB,-15.2dB,na,na,,,,
2025-07-30 13:41:45.605530,PHY,0x4601,1,4,na,"[0,",0,0,,393.6,+11.7dB,16.2us,"[0,",1,902.7,normal,0,valid,-14.7dB,-15.0dB,na,na,yes,,,
2025-07-30 13:41:45.605803,CSI,0x4601,2,,na,"[4,",,,,,+31.1dB,16.4us,"[0,",1,902.8,normal,0,valid,-13.0dB,-13.2dB,0.40us,-57.2Hz,,"[7,",1111,1
2025-07-30 13:41:45.625485,PHY,0x4601,1,4,na,"[0,",0,0,2,0.1,-35.1dB,18.7us,"[0,",1,904.7,normal,0,invalid,-43.3dB,-78.9dB,na,na,,,,
2025-07-30 13:41:45.625501,PHY,0x4601,1,0,na,"[0,",0,0,1,408.4,+11.9dB,11.8us,"[0,",1,904.7,normal,0,valid,-14.9dB,-15.1dB,na,na,,,,
2025-07-30 13:41:45.625723,CSI,0x4601,2,,na,"[4,",,,,,+29.7dB,17.6us,"[0,",1,904.8,normal,0,valid,-13.1dB,-13.2dB,0.40us,+18.1Hz,,"[7,",1111,1
2025-07-30 13:41:45.640490,PHY,0x4601,1,0,na,"[0,",0,0,1,3201.9,+20.8dB,30.9us,"[0,",1,905.17,normal,0,valid,-14.9dB,-14.9dB,na,na,,,,
2025-07-30 13:41:45.645542,PHY,0x4601,1,4,na,"[0,",0,0,,0.1,-31.5dB,15.1us,"[0,",1,906.7,normal,0,invalid,-42.7dB,-74.3dB,na,na,no,,,
2025-07-30 13:41:45.645677,CSI,0x4601,2,,na,"[4,",,,,,+28.2dB,13.8us,"[0,",1,906.8,normal,0,valid,-13.1dB,-13.2dB,0.13us,-145.0Hz,,"[7,",1111,1
2025-07-30 13:41:45.665495,PHY,0x4601,1,4,na,"[0,",0,0,,1.0,-16.1dB,14.6us,"[0,",1,908.7,normal,0,invalid,-43.5dB,-61.1dB,na,na,no,,,
2025-07-30 13:41:45.665745,CSI,0x4601,2,,na,"[4,",,,,,+28.0dB,11.9us,"[0,",1,908.8,normal,0,valid,-13.1dB,-13.2dB,0.13us,+39.9Hz,,"[7,",1111,1
2025-07-30 13:41:45.685451,PHY,0x4601,1,4,na,"[0,",0,0,,0.2,-25.7dB,15.1us,"[0,",1,910.7,normal,0,invalid,-43.6dB,-70.4dB,na,na,no,,,
2025-07-30 13:41:45.685688,CSI,0x4601,2,,na,"[4,",,,,,+31.9dB,18.0us,"[0,",1,910.8,normal,0,valid,-12.9dB,-12.9dB,0.11us,+18.7Hz,,"[7,",1111,1
2025-07-30 13:41:45.705513,PHY,0x4601,1,4,na,"[0,",0,0,,0.9,-12.8dB,14.7us,"[0,",1,912.7,normal,0,invalid,-43.6dB,-57.4dB,na,na,no,,,
2025-07-30 13:41:45.705761,CSI,0x4601,2,,na,"[4,",,,,,+31.4dB,13.9us,"[0,",1,912.8,normal,0,valid,-13.1dB,-13.1dB,0.11us,+32.0Hz,,"[7,",1111,1
2025-07-30 13:41:45.720527,PHY,0x4601,1,0,na,"[0,",0,0,1,375.5,+11.5dB,16.4us,"[0,",1,913.17,normal,0,valid,-14.9dB,-15.1dB,na,na,,,,
2025-07-30 13:41:45.725478,PHY,0x4601,1,4,na,"[0,",0,0,,0.4,-13.4dB,21.2us,"[0,",1,914.7,normal,0,invalid,-43.2dB,-57.5dB,na,na,no,,,
2025-07-30 13:41:45.725758,CSI,0x4601,2,,na,"[4,",,,,,+28.3dB,18.2us,"[0,",1,914.8,normal,0,valid,-13.0dB,-13.1dB,0.40us,+12.9Hz,,"[7,",1111,1
2025-07-30 13:41:45.745537,PHY,0x4601,1,4,na,"[0,",0,0,,396.6,+11.7dB,16.4us,"[0,",1,916.7,normal,0,valid,-14.8dB,-15.1dB,na,na,yes,,,
2025-07-30 13:41:45.745664,CSI,0x4601,2,,na,"[4,",,,,,+32.9dB,19.2us,"[0,",1,916.8,normal,0,valid,-13.2dB,-13.3dB,0.38us,-47.9Hz,,"[7,",1111,1
2025-07-30 13:41:45.765493,PHY,0x4601,1,4,na,"[0,",0,0,2,0.0,-26.2dB,16.1us,"[0,",1,918.7,normal,0,invalid,-43.2dB,-70.1dB,na,na,,,,
2025-07-30 13:41:45.765509,PHY,0x4601,1,0,na,"[0,",0,0,1,389.1,+11.6dB,11.6us,"[0,",1,918.7,normal,0,valid,-15.0dB,-15.3dB,na,na,,,,
2025-07-30 13:41:45.765743,CSI,0x4601,2,,na,"[4,",,,,,+27.2dB,20.8us,"[0,",1,918.8,normal,0,valid,-13.2dB,-13.3dB,0.37us,+21.3Hz,,"[7,",1111,1
2025-07-30 13:41:45.785456,PHY,0x4601,1,4,na,"[0,",0,0,,0.4,-14.0dB,16.9us,"[0,",1,920.7,normal,0,invalid,-43.5dB,-57.4dB,na,na,no,,,
2025-07-30 13:41:45.785697,CSI,0x4601,2,,na,"[4,",,,,,+28.2dB,19.0us,"[0,",1,920.8,normal,0,valid,-13.1dB,-13.3dB,0.39us,-51.3Hz,,"[7,",1111,1
2025-07-30 13:41:45.805513,PHY,0x4601,1,4,na,"[0,",0,0,,0.3,-16.6dB,16.6us,"[0,",1,922.7,normal,0,invalid,-43.0dB,-59.9dB,na,na,no,,,
2025-07-30 13:41:45.805792,CSI,0x4601,2,,na,"[4,",,,,,+29.8dB,18.0us,"[0,",1,922.8,normal,0,valid,-13.2dB,-13.3dB,0.37us,-50.7Hz,,"[7,",1111,1
2025-07-30 13:41:45.825768,PHY,0x4601,1,4,na,"[0,",0,0,,0.7,-12.2dB,18.0us,"[0,",1,924.7,normal,0,invalid,-43.4dB,-56.2dB,na,na,no,,,
2025-07-30 13:41:45.825803,CSI,0x4601,2,,na,"[4,",,,,,+30.6dB,15.6us,"[0,",1,924.8,normal,0,valid,-13.2dB,-13.3dB,0.39us,-64.6Hz,,"[7,",1111,1
2025-07-30 13:41:45.845530,PHY,0x4601,1,4,na,"[0,",0,0,,0.2,-27.0dB,15.9us,"[0,",1,926.7,normal,0,invalid,-43.3dB,-71.3dB,na,na,no,,,
2025-07-30 13:41:45.845659,CSI,0x4601,2,,na,"[4,",,,,,+28.0dB,12.9us,"[0,",1,926.8,normal,0,valid,-13.2dB,-13.3dB,0.39us,-6.0Hz,,"[7,",1111,1
2025-07-30 13:41:45.865490,PHY,0x4601,1,4,na,"[0,",0,0,,390.1,+11.7dB,17.3us,"[0,",1,928.7,normal,0,valid,-14.8dB,-15.1dB,na,na,yes,,,
2025-07-30 13:41:45.865724,CSI,0x4601,2,,na,"[4,",,,,,+31.9dB,14.8us,"[0,",1,928.8,normal,0,valid,-13.1dB,-13.2dB,0.39us,-94.6Hz,,"[7,",1111,1
2025-07-30 13:41:45.885447,PHY,0x4601,1,4,na,"[0,",0,0,1,402.8,+11.8dB,16.7us,"[0,",1,930.7,normal,0,valid,-14.8dB,-15.1dB,na,na,,,,
2025-07-30 13:41:45.885463,PHY,0x4601,1,0,na,"[0,",0,0,2,0.4,-20.6dB,11.7us,"[0,",1,930.7,normal,0,invalid,-43.5dB,-64.3dB,na,na,,,,
2025-07-30 13:41:45.885725,CSI,0x4601,2,,na,"[4,",,,,,+27.2dB,17.2us,"[0,",1,930.8,normal,0,valid,-13.1dB,-13.2dB,0.39us,-109.8Hz,,"[7,",1111,1
2025-07-30 13:41:45.905505,PHY,0x4601,1,4,na,"[0,",0,0,,0.2,-24.3dB,15.5us,"[0,",1,932.7,normal,0,invalid,-42.9dB,-67.9dB,na,na,no,,,
2025-07-30 13:41:45.905780,CSI,0x4601,2,,na,"[4,",,,,,-0.7dB,12.4us,"[0,",1,932.8,normal,0,invalid,-42.3dB,-45.4dB,-0.42us,-13287.3Hz,,"[7,",2222,1
2025-07-30 13:41:45.925468,PHY,0x4601,1,4,na,"[0,",0,0,,0.1,-33.6dB,20.8us,"[0,",1,934.7,normal,0,invalid,-42.8dB,-76.7dB,na,na,no,,,
2025-07-30 13:41:45.925741,CSI,0x4601,2,,na,"[4,",,,,,-7.1dB,13.8us,"[0,",1,934.8,normal,0,invalid,-45.0dB,-52.0dB,-1.13us,+13806.6Hz,,"[7,",2222,1
2025-07-30 13:41:45.930537,PHY,0x4601,1,0,na,"[0,",0,0,2,0.6,-13.1dB,18.6us,"[0,",1,934.17,normal,0,invalid,-43.6dB,-57.6dB,na,na,,,,
2025-07-30 13:41:45.940456,PHY,0x4601,1,0,na,"[0,",0,0,2,0.2,-24.3dB,16.7us,"[0,",1,935.17,normal,0,invalid,-43.7dB,-68.8dB,na,na,,,,
2025-07-30 13:41:45.945523,PHY,0x4601,1,4,na,"[0,",0,0,,0.0,-26.5dB,15.6us,"[0,",1,936.7,normal,0,invalid,-43.7dB,-70.9dB,na,na,no,,,
2025-07-30 13:41:45.945759,CSI,0x4601,2,,na,"[4,",,,,,-4.0dB,13.9us,"[0,",1,936.8,normal,0,invalid,-44.7dB,-50.8dB,-1.13us,+6082.3Hz,,"[7,",2222,1
2025-07-30 13:41:45.950485,PHY,0x4601,1,0,na,"[0,",0,0,2,0.1,-32.6dB,16.5us,"[0,",1,936.17,normal,0,invalid,-43.3dB,-76.7dB,na,na,,,,
2025-07-30 13:41:45.960531,PHY,0x4601,1,0,na,"[0,",0,0,2,0.3,-18.2dB,15.9us,"[0,",1,937.17,normal,0,invalid,-43.6dB,-62.9dB,na,na,,,,
2025-07-30 13:41:45.965480,PHY,0x4601,1,4,na,"[0,",0,0,,0.7,-18.0dB,16.1us,"[0,",1,938.7,normal,0,invalid,-43.7dB,-63.3dB,na,na,no,,,
2025-07-30 13:41:45.965760,CSI,0x4601,2,,na,"[4,",,,,,-5.5dB,15.3us,"[0,",1,938.8,normal,0,invalid,-42.9dB,-50.9dB,1.04us,-9534.4Hz,,"[7,",2222,1
2025-07-30 13:41:45.970447,PHY,0x4601,1,0,na,"[0,",0,0,2,0.3,-18.5dB,14.6us,"[0,",1,938.17,normal,0,invalid,-43.7dB,-63.0dB,na,na,,,,
2025-07-30 13:41:45.975513,PHY,0x4601,1,0,na,"[0,",0,0,2,0.2,-17.7dB,14.0us,"[0,",1,939.7,normal,0,invalid,-44.2dB,-62.8dB,na,na,,,,
2025-07-30 13:41:45.985543,PHY,0x4601,1,4,na,"[0,",0,0,2,0.4,-23.7dB,14.3us,"[0,",1,940.7,normal,0,invalid,-43.2dB,-67.8dB,na,na,,,,
2025-07-30 13:41:45.985558,PHY,0x4601,1,0,na,"[0,",0,0,2,0.7,-16.9dB,11.6us,"[0,",1,940.7,normal,0,invalid,-43.9dB,-61.3dB,na,na,,,,
2025-07-30 13:41:45.985697,CSI,0x4601,2,,na,"[4,",,,,,-3.2dB,13.0us,"[0,",1,940.8,normal,0,invalid,-43.5dB,-48.4dB,0.90us,-13793.9Hz,,"[7,",2222,1
2025-07-30 13:41:45.995466,PHY,0x4601,1,0,na,"[0,",0,0,2,0.1,-40.2dB,14.9us,"[0,",1,941.7,normal,0,invalid,-44.1dB,-85.0dB,na,na,,,,
2025-07-30 13:41:46.005498,PHY,0x4601,1,4,na,"[0,",0,0,,0.1,-21.1dB,14.4us,"[0,",1,942.7,normal,0,invalid,-43.4dB,-65.0dB,na,na,no,,,
2025-07-30 13:41:46.005756,CSI,0x4601,2,,na,"[4,",,,,,+3.7dB,13.7us,"[0,",1,942.8,normal,0,invalid,-40.7dB,-42.8dB,1.04us,+5293.4Hz,,"[7,",2222,1
